2201,'5456',554,,88749,14,,,0,68,,88752,14,,,0,88,,88756,6,,,0,24,,88750,20,,,0,68,,88751,20,,,0,33,,88753,20,,,0,105,,88755,20,,,0,69,,88754,20,,,0,30,,88757,20,,,0,98,,88758,20,,,0,69,,88759,6,,,0,29,,88760,6,,,0,99,,88761,6,,,0,71,,88762,6,,,0,98,,88763,6,,,0,33,,88764,6,,,0,71,,88765,6,,,0,100,,88766,6,,,0,37,,88767,6,,,0,101,,88768,6,,,0,71,,88769,6,,,0,103,,88771,6,,,0,31,,88770,6,,,0,89,,88772,6,0,5 49,0
2201,'5458',554,,88773,14,,,0,68,,88776,14,,,0,88,,88780,6,,,0,24,,88774,20,,,0,68,,88775,20,,,0,33,,88777,20,,,0,105,,88779,20,,,0,69,,88778,20,,,0,30,,88781,20,,,0,98,,88782,20,,,0,69,,88783,6,,,0,29,,88784,6,,,0,99,,88785,6,,,0,71,,88786,6,,,0,98,,88787,6,,,0,33,,88788,6,,,0,71,,88789,6,,,0,100,,88790,6,,,0,37,,88791,6,,,0,101,,88792,6,,,0,71,,88793,6,,,0,103,,88795,6,,,0,31,,88794,6,,,0,89,,88796,6,0,5 49,0
2201,'5459',712,,88807,6,,,0,38,,88818,6,,,0,68,,88803,6,,,0,29,,88797,6,,,0,70,,88806,6,,,0,30,,88819,6,,,0,67,,88802,6,,,0,29,,88801,6,,,0,71,,88804,6,,,0,28,,88799,6,,,0,68,,88823,6,,,0,30,,88800,6,,,0,67,,88805,6,,,0,30,,88798,6,,,0,70,,88811,6,,,0,32,,88822,6,,,0,69,,88813,6,,,0,32,,88809,6,,,0,71,,88812,6,,,0,34,,88814,6,,,0,71,,88810,6,,,0,31,,88808,6,,,0,70,,88816,6,,,0,33,,88815,6,,,0,68,,88821,6,,,0,28,,88817,6,,,0,73,,88824,6,,,0,31,,88820,6,,,0,88,,88825,6,0,5 49,0
2201,'5460',740,,88834,6,,,0,80,,88835,6,,,0,29,,88827,6,,,0,67,,88828,6,,,0,30,,88837,6,,,0,69,,88836,6,,,0,29,,88826,6,,,0,69,,88830,6,,,0,30,,88831,6,,,0,70,,88829,6,,,0,28,,88833,6,,,0,69,,88832,6,,,0,30,,88839,6,,,0,70,,88840,6,,,0,31,,88838,6,,,0,70,,88842,6,,,0,35,,88841,6,,,0,70,,88844,6,,,0,30,,88843,6,,,0,70,,88845,6,,,0,33,,88846,6,,,0,70,,88847,6,,,0,91,,88848,6,0,5,0,102,,88849,6,0,5,0,111,,88850,6,0,5,0
2201,'5461',740,,88859,6,,,0,80,,88860,6,,,0,29,,88852,6,,,0,67,,88853,6,,,0,30,,88862,6,,,0,69,,88861,6,,,0,29,,88851,6,,,0,69,,88855,6,,,0,30,,88856,6,,,0,70,,88854,6,,,0,28,,88858,6,,,0,69,,88857,6,,,0,30,,88864,6,,,0,70,,88865,6,,,0,31,,88863,6,,,0,70,,88867,6,,,0,35,,88866,6,,,0,70,,88869,6,,,0,30,,88868,6,,,0,70,,88870,6,,,0,33,,88871,6,,,0,70,,88872,6,,,0,91,,88873,6,0,5,0,102,,88874,6,0,5,0,111,,88875,6,0,5,0
2201,'5462',740,,88884,6,,,0,80,,88885,6,,,0,29,,88877,6,,,0,67,,88878,6,,,0,30,,88887,6,,,0,69,,88886,6,,,0,29,,88876,6,,,0,69,,88880,6,,,0,30,,88881,6,,,0,70,,88879,6,,,0,28,,88883,6,,,0,69,,88882,6,,,0,30,,88889,6,,,0,70,,88890,6,,,0,31,,88888,6,,,0,70,,88892,6,,,0,35,,88891,6,,,0,70,,88894,6,,,0,30,,88893,6,,,0,70,,88895,6,,,0,33,,88896,6,,,0,70,,88897,6,,,0,91,,88898,6,0,5,0,102,,88899,6,0,5,0,111,,88900,6,0,5,0
2201,'5463',740,,88909,6,,,0,80,,88910,6,,,0,29,,88902,6,,,0,67,,88903,6,,,0,30,,88912,6,,,0,69,,88911,6,,,0,29,,88901,6,,,0,69,,88905,6,,,0,30,,88906,6,,,0,70,,88904,6,,,0,28,,88908,6,,,0,69,,88907,6,,,0,30,,88914,6,,,0,70,,88915,6,,,0,31,,88913,6,,,0,70,,88917,6,,,0,35,,88916,6,,,0,70,,88919,6,,,0,30,,88918,6,,,0,70,,88920,6,,,0,33,,88921,6,,,0,70,,88922,6,,,0,91,,88923,6,0,5,0,102,,88924,6,0,5,0,111,,88925,6,0,5,0
14002100,'5456',2128,,98507,28,,,0,30,,98504,28,,,0,70,,98506,28,,,0,99,,98508,28,,,0,98,,98505,28,,,0
14002100,'5458',2128,,98512,28,,,0,30,,98509,28,,,0,70,,98511,28,,,0,99,,98513,28,,,0,98,,98510,28,,,0
14002100,'5459',2129,,98514,28,,,0,30,,98515,28,,,0,70,,98516,28,,,0,102,,98517,28,,,0,97,,98518,28,,,0
14002100,'5460',2130,,98519,28,,,0,100,,98520,28,,,0,99,,98521,28,,,0
14002100,'5461',2130,,98522,28,,,0,100,,98523,28,,,0,99,,98524,28,,,0
14002100,'5462',2130,,98525,28,,,0,100,,98526,28,,,0,99,,98527,28,,,0
14002100,'5463',2130,,98528,28,,,0,100,,98529,28,,,0,99,,98530,28,,,0
