2601,'5456',558,,89748,10,,,0,62,,89749,10,,,0,17,,101124,10,,,0,16,,89751,10,,,0,54,,89752,10,,,0,15,,101125,10,,,0,15,,101126,10,,,0,16,,89755,10,,,0,56,,89756,10,,,0,12,,101127,10,,,0,11,,89758,10,,,0,15,,89759,10,,,0,55,,101128,10,,,0,14,,101129,10,,,0,15,,101130,10,,,0,15,,89763,10,,,0,55,,89764,10,,,0,15,,89765,10,,,0,15,,101131,10,,,0,15,,101132,10,,,0,55,,101133,10,,,0,15,,89769,10,,,0,14,,101134,10,,,0,14,,89771,10,,,0,15,,89772,10,,,0,56,,89773,10,,,0,14,,89774,10,,,0,15,,89775,10,,,0,56,,101135,10,,,0,15,,89777,10,,,0,14,,89778,10,,,0,12,,89779,10,,,0,13,,89780,10,,,0,52,,101136,10,,,0,14,,89782,10,,,0,14,,89783,10,,,0,9,,89784,10,,,0,15,,89785,10,,,0,55,,101137,10,,,0,16,,89787,10,,,0,15,,101138,10,,,0,57,,101139,10,,,0,17,,89790,10,,,0,17,,101140,10,,,0,18,,89792,10,,,0,57,,89793,10,,,0,17,,89794,10,,,0,14,,89795,10,,,0,17,,101141,10,,,0,57,,101142,10,,,0,13,,101143,10,,,0,15,,89799,10,,,0,15,,89800,10,,,0,56,,101144,10,,,0,15,,89802,10,,,0,20,,101145,10,,,0,60,,101146,10,,,0,20,,89805,10,,,0,19,,89806,10,,,0,60,,89807,10,,,0,20,,89808,10,,,0,30,,101147,10,,,0,71,,89810,10,,,0,72,,89811,10,,,0,30,,101148,10,,,0,69,,89813,10,,,0,31,,89814,10,,,0
2601,'5458',558,,89815,10,,,0,62,,89816,10,,,0,17,,101149,10,,,0,16,,89818,10,,,0,54,,89819,10,,,0,15,,101150,10,,,0,15,,101151,10,,,0,16,,89822,10,,,0,56,,89823,10,,,0,12,,101152,10,,,0,11,,89825,10,,,0,15,,89826,10,,,0,55,,101153,10,,,0,14,,101154,10,,,0,15,,101155,10,,,0,15,,89830,10,,,0,55,,89831,10,,,0,15,,89832,10,,,0,15,,101156,10,,,0,15,,101157,10,,,0,55,,101158,10,,,0,15,,89836,10,,,0,14,,101159,10,,,0,14,,89838,10,,,0,15,,89839,10,,,0,56,,89840,10,,,0,14,,89841,10,,,0,15,,89842,10,,,0,56,,101160,10,,,0,15,,89844,10,,,0,14,,89845,10,,,0,12,,89846,10,,,0,13,,89847,10,,,0,52,,101161,10,,,0,14,,89849,10,,,0,14,,89850,10,,,0,9,,89851,10,,,0,15,,89852,10,,,0,55,,101162,10,,,0,16,,89854,10,,,0,15,,101163,10,,,0,57,,101164,10,,,0,17,,89857,10,,,0,17,,101165,10,,,0,18,,89859,10,,,0,57,,89860,10,,,0,17,,89861,10,,,0,14,,89862,10,,,0,17,,101166,10,,,0,57,,101167,10,,,0,13,,101168,10,,,0,15,,89866,10,,,0,15,,89867,10,,,0,56,,101169,10,,,0,15,,89869,10,,,0,20,,101170,10,,,0,60,,101171,10,,,0,20,,89872,10,,,0,19,,89873,10,,,0,60,,89874,10,,,0,20,,89875,10,,,0,30,,101172,10,,,0,71,,89877,10,,,0,72,,89878,10,,,0,30,,101173,10,,,0,69,,89880,10,,,0,31,,89881,10,,,0,70,,101174,10,,,0
2601,'5459',625,,89884,10,,,0,30,,89885,10,,,0,65,,101176,10,,,0,17,,89887,10,,,0,17,,89888,10,,,0,57,,89889,10,,,0,17,,89890,10,,,0,17,,101177,10,,,0,57,,89892,10,,,0,17,,101178,10,,,0,17,,89894,10,,,0,17,,89895,10,,,0,57,,89896,10,,,0,17,,89897,10,,,0,17,,89898,10,,,0,57,,101179,10,,,0,17,,89900,10,,,0,18,,101175,10,,,0,17,,101180,10,,,0,57,,89902,10,,,0,17,,89903,10,,,0,17,,89904,10,,,0,56,,101181,10,,,0,17,,89906,10,,,0,17,,89907,10,,,0,17,,101182,10,,,0,56,,101183,10,,,0,17,,89910,10,,,0,17,,89911,10,,,0,16,,101184,10,,,0,56,,89913,10,,,0,16,,89914,10,,,0,16,,89915,10,,,0,57,,101185,10,,,0,17,,89917,10,,,0,17,,89918,10,,,0,17,,101186,10,,,0,57,,101187,10,,,0,18,,89921,10,,,0,20,,101188,10,,,0,60,,89923,10,,,0,20,,89924,10,,,0,21,,101189,10,,,0,60,,89926,10,,,0,20,,101190,10,,,0,18,,89928,10,,,0,60,,89929,10,,,0,20,,101191,10,,,0,20,,89931,10,,,0,60,,101192,10,,,0,20,,89933,10,,,0,20,,89934,10,,,0,60,,101193,10,,,0,22,,89936,10,,,0,71,,101194,10,,,0,30,,89938,10,,,0,70,,89939,10,,,0,30,,101195,10,,,0,71,,89941,10,,,0
2601,'5460',645,,101199,10,,,0,62,,101197,10,,,0,22,,89942,10,,,0,22,,89961,10,,,0,60,,101200,10,,,0,26,,101196,10,,,0,20,,89944,10,,,0,60,,89962,10,,,0,22,,101198,10,,,0,18,,89945,10,,,0,58,,89949,10,,,0,18,,89943,10,,,0,18,,89963,10,,,0,58,,89947,10,,,0,19,,101202,10,,,0,18,,89946,10,,,0,58,,89950,10,,,0,18,,89948,10,,,0,18,,89959,10,,,0,18,,89956,10,,,0,58,,101203,10,,,0,18,,89953,10,,,0,18,,89964,10,,,0,58,,89957,10,,,0,18,,89960,10,,,0,18,,89958,10,,,0,58,,101201,10,,,0,18,,89954,10,,,0,18,,89978,10,,,0,18,,89973,10,,,0,58,,89977,10,,,0,17,,89971,10,,,0,17,,101204,10,,,0,57,,89970,10,,,0,20,,89976,10,,,0,20,,89974,10,,,0,60,,89975,10,,,0,20,,89979,10,,,0,20,,89972,10,,,0,60,,89982,10,,,0,20,,89988,10,,,0,20,,89984,10,,,0,60,,89987,10,,,0,20,,89983,10,,,0,20,,89981,10,,,0,60,,89985,10,,,0,22,,101205,10,,,0,30,,89989,10,,,0,70,,89990,10,,,0,71,,101206,10,,,0,30,,89992,10,,,0
2601,'5461',645,,90016,10,,,0,62,,90003,10,,,0,22,,89993,10,,,0,22,,90012,10,,,0,60,,90017,10,,,0,26,,90002,10,,,0,20,,89995,10,,,0,60,,90013,10,,,0,22,,90006,10,,,0,18,,101207,10,,,0,58,,90000,10,,,0,18,,89994,10,,,0,18,,90014,10,,,0,58,,89998,10,,,0,19,,90019,10,,,0,18,,101208,10,,,0,58,,101209,10,,,0,18,,89999,10,,,0,18,,90010,10,,,0,18,,90007,10,,,0,58,,90020,10,,,0,18,,101210,10,,,0,18,,101213,10,,,0,58,,101212,10,,,0,18,,90011,10,,,0,18,,90009,10,,,0,58,,90018,10,,,0,18,,101211,10,,,0,18,,90029,10,,,0,18,,101216,10,,,0,58,,90028,10,,,0,17,,90022,10,,,0,17,,90031,10,,,0,57,,101214,10,,,0,20,,90027,10,,,0,20,,101217,10,,,0,60,,101218,10,,,0,20,,101219,10,,,0,20,,101215,10,,,0,60,,101221,10,,,0,20,,90039,10,,,0,20,,101223,10,,,0,60,,101224,10,,,0,20,,101222,10,,,0,20,,101220,10,,,0,60,,90036,10,,,0,22,,90037,10,,,0,30,,101225,10,,,0,70,,101226,10,,,0,71,,101227,10,,,0,30,,101228,10,,,0
2601,'5462',645,,90067,10,,,0,62,,90054,10,,,0,22,,90044,10,,,0,22,,90063,10,,,0,60,,90068,10,,,0,26,,90053,10,,,0,20,,90046,10,,,0,60,,90064,10,,,0,22,,90057,10,,,0,18,,101229,10,,,0,58,,90051,10,,,0,18,,90045,10,,,0,18,,90065,10,,,0,58,,90049,10,,,0,19,,90070,10,,,0,18,,101230,10,,,0,58,,101231,10,,,0,18,,90050,10,,,0,18,,90061,10,,,0,18,,90058,10,,,0,58,,90071,10,,,0,18,,101232,10,,,0,18,,101235,10,,,0,58,,101234,10,,,0,18,,90062,10,,,0,18,,90060,10,,,0,58,,90069,10,,,0,18,,101233,10,,,0,18,,90080,10,,,0,18,,101238,10,,,0,58,,90079,10,,,0,17,,90073,10,,,0,17,,90082,10,,,0,57,,101236,10,,,0,20,,90078,10,,,0,20,,101239,10,,,0,60,,101240,10,,,0,20,,101241,10,,,0,20,,101237,10,,,0,60,,101243,10,,,0,20,,90090,10,,,0,20,,101245,10,,,0,60,,101246,10,,,0,20,,101244,10,,,0,20,,101242,10,,,0,60,,90087,10,,,0,22,,90088,10,,,0,30,,101247,10,,,0,70,,101248,10,,,0,71,,101249,10,,,0,30,,101250,10,,,0
2601,'5463',645,,90118,10,,,0,62,,90105,10,,,0,22,,90095,10,,,0,22,,90114,10,,,0,60,,90119,10,,,0,26,,90104,10,,,0,20,,90097,10,,,0,60,,90115,10,,,0,22,,90108,10,,,0,18,,101251,10,,,0,58,,90102,10,,,0,18,,90096,10,,,0,18,,90116,10,,,0,58,,90100,10,,,0,19,,90121,10,,,0,18,,101252,10,,,0,58,,101253,10,,,0,18,,90101,10,,,0,18,,90112,10,,,0,18,,90109,10,,,0,58,,90122,10,,,0,18,,101254,10,,,0,18,,101257,10,,,0,58,,101256,10,,,0,18,,90113,10,,,0,18,,90111,10,,,0,58,,90120,10,,,0,18,,101255,10,,,0,18,,90131,10,,,0,18,,101260,10,,,0,58,,90130,10,,,0,17,,90124,10,,,0,17,,90133,10,,,0,57,,101258,10,,,0,20,,90129,10,,,0,20,,101261,10,,,0,60,,101262,10,,,0,20,,101263,10,,,0,20,,101259,10,,,0,60,,101265,10,,,0,20,,90141,10,,,0,20,,101267,10,,,0,60,,101268,10,,,0,20,,101266,10,,,0,20,,101264,10,,,0,60,,90138,10,,,0,22,,90139,10,,,0,30,,101269,10,,,0,70,,101270,10,,,0,71,,101271,10,,,0,30,,101272,10,,,0
4001,'5456',558,,102606,10,,,0,96,,92940,10,,,0,67,,102605,10,,,0,92,,92939,10,,,0,99,,92935,10,,,0,98,,92933,10,,,0,100,,102604,10,,,0,102,,102598,10,,,0,100,,102601,10,,,0,100,,92927,10,,,0,107,,102603,10,,,0,36,,102597,10,,,0,75,,92926,10,,,0,74,,102596,10,,,0,34,,102602,10,,,0,85,,102599,10,,,0,95,,102600,10,,,0,100,,92929,10,,,0,124,,92931,10,,,0
4001,'5458',558,,102617,10,,,0,96,,92959,10,,,0,67,,102616,10,,,0,92,,92958,10,,,0,99,,92954,10,,,0,98,,92952,10,,,0,100,,102615,10,,,0,102,,102609,10,,,0,100,,102612,10,,,0,100,,92946,10,,,0,107,,102614,10,,,0,36,,102608,10,,,0,75,,92945,10,,,0,74,,102607,10,,,0,34,,102613,10,,,0,85,,102610,10,,,0,95,,102611,10,,,0,100,,92948,10,,,0,124,,92950,10,,,0
4001,'5459',632,,92971,10,,,0,125,,92974,10,,,0,100,,92962,10,,,0,100,,92964,10,,,0,101,,92970,10,,,0,100,,92972,10,,,0,100,,102618,10,,,0,100,,102619,10,,,0,100,,102621,10,,,0,100,,102622,10,,,0,100,,102620,10,,,0,100,,92967,10,,,0,99,,92969,10,,,0,100,,102623,10,,,0,170,,102624,10,,,0
4001,'5460',726,,92978,10,,,0,131,,92977,10,,,0,100,,92979,10,,,0,100,,92980,10,,,0,101,,92982,10,,,0,100,,92981,10,,,0,100,,102628,10,,,0,100,,102626,10,,,0,100,,102627,10,,,0,99,,102625,10,,,0,100,,92988,10,,,0,100,,92987,10,,,0,100,,92989,10,,,0
4001,'5461',726,,102629,10,,,0,131,,92990,10,,,0,100,,102630,10,,,0,100,,92993,10,,,0,101,,92995,10,,,0,100,,92994,10,,,0,100,,102634,10,,,0,100,,102632,10,,,0,100,,102633,10,,,0,99,,102631,10,,,0,100,,93001,10,,,0,100,,93000,10,,,0,100,,102635,10,,,0
4001,'5462',726,,102636,10,,,0,131,,93003,10,,,0,100,,102637,10,,,0,100,,93006,10,,,0,101,,93008,10,,,0,100,,93007,10,,,0,100,,102641,10,,,0,100,,102639,10,,,0,100,,102640,10,,,0,99,,102638,10,,,0,100,,93014,10,,,0,100,,93013,10,,,0,100,,102642,10,,,0
4001,'5463',726,,102643,10,,,0,131,,93016,10,,,0,100,,102644,10,,,0,100,,93019,10,,,0,101,,93021,10,,,0,100,,93020,10,,,0,100,,102648,10,,,0,100,,102646,10,,,0,100,,102647,10,,,0,99,,102645,10,,,0,100,,93027,10,,,0,100,,93026,10,,,0,100,,102649,10,,,0
1002601,'5456',1429,,98226,10,,,0,11,,98227,10,,,0,14,,98228,10,,,0,52,,98229,10,,,0,14,,98230,8,,,0,4,,98231,10,,,0,12,,98232,10,,,0,14,,98233,10,,,0,58,,98234,10,,,0,18,,98235,10,,,0,18,,98225,10,,,0,56,,98236,10,,,0,19,,98237,10,,,0,15,,98238,10,,,0,16,,98239,10,,,0,54,,105683,10,,,0
1002601,'5458',1403,,98242,8,,,0,26,,98243,10,,,0,11,,98244,10,,,0,14,,98245,10,,,0,52,,98246,10,,,0,18,,98247,10,,,0,12,,98248,10,,,0,14,,98249,10,,,0,58,,98250,10,,,0,18,,98251,10,,,0,18,,98241,10,,,0,56,,98252,10,,,0,19,,98253,10,,,0,15,,98254,10,,,0,16,,98255,10,,,0,54,,105684,10,,,0
