2201,'5456',555,,88749,16,,,0,68,,88752,16,,,0,88,,88756,8,,,0,24,,88750,22,,,0,68,,88751,22,,,0,33,,88753,22,,,0,105,,88755,22,,,0,69,,88754,22,,,0,30,,88757,22,,,0,98,,88758,22,,,0,69,,88759,8,,,0,29,,88760,8,,,0,99,,88761,8,,,0,71,,88762,8,,,0,98,,88763,8,,,0,33,,88764,8,,,0,71,,88765,8,,,0,100,,88766,8,,,0,37,,88767,8,,,0,101,,88768,8,,,0,71,,88769,8,,,0,103,,88771,8,,,0,31,,88770,8,,,0,89,,88772,8,0,5 49,0
2201,'5458',555,,88773,16,,,0,68,,88776,16,,,0,88,,88780,8,,,0,24,,88774,22,,,0,68,,88775,22,,,0,33,,88777,22,,,0,105,,88779,22,,,0,69,,88778,22,,,0,30,,88781,22,,,0,98,,88782,22,,,0,69,,88783,8,,,0,29,,88784,8,,,0,99,,88785,8,,,0,71,,88786,8,,,0,98,,88787,8,,,0,33,,88788,8,,,0,71,,88789,8,,,0,100,,88790,8,,,0,37,,88791,8,,,0,101,,88792,8,,,0,71,,88793,8,,,0,103,,88795,8,,,0,31,,88794,8,,,0,89,,88796,8,0,5 49,0
2201,'5459',713,,88807,8,,,0,38,,88818,8,,,0,68,,88803,8,,,0,29,,88797,8,,,0,70,,88806,8,,,0,30,,88819,8,,,0,67,,88802,8,,,0,29,,88801,8,,,0,71,,88804,8,,,0,28,,88799,8,,,0,68,,88823,8,,,0,30,,88800,8,,,0,67,,88805,8,,,0,30,,88798,8,,,0,70,,88811,8,,,0,32,,88822,8,,,0,69,,88813,8,,,0,32,,88809,8,,,0,71,,88812,8,,,0,34,,88814,8,,,0,71,,88810,8,,,0,31,,88808,8,,,0,70,,88816,8,,,0,33,,88815,8,,,0,68,,88821,8,,,0,28,,88817,8,,,0,73,,88824,8,,,0,31,,88820,8,,,0,88,,88825,8,0,5 49,0
2201,'5460',741,,88834,8,,,0,80,,88835,8,,,0,29,,88827,8,,,0,67,,88828,8,,,0,30,,88837,8,,,0,69,,88836,8,,,0,29,,88826,8,,,0,69,,88830,8,,,0,30,,88831,8,,,0,70,,88829,8,,,0,28,,88833,8,,,0,69,,88832,8,,,0,30,,88839,8,,,0,70,,88840,8,,,0,31,,88838,8,,,0,70,,88842,8,,,0,35,,88841,8,,,0,70,,88844,8,,,0,30,,88843,8,,,0,70,,88845,8,,,0,33,,88846,8,,,0,70,,88847,8,,,0,91,,88848,8,0,5,0,102,,88849,8,0,5,0,111,,88850,8,0,5,0
2201,'5461',741,,88859,8,,,0,80,,88860,8,,,0,29,,88852,8,,,0,67,,88853,8,,,0,30,,88862,8,,,0,69,,88861,8,,,0,29,,88851,8,,,0,69,,88855,8,,,0,30,,88856,8,,,0,70,,88854,8,,,0,28,,88858,8,,,0,69,,88857,8,,,0,30,,88864,8,,,0,70,,88865,8,,,0,31,,88863,8,,,0,70,,88867,8,,,0,35,,88866,8,,,0,70,,88869,8,,,0,30,,88868,8,,,0,70,,88870,8,,,0,33,,88871,8,,,0,70,,88872,8,,,0,91,,88873,8,0,5,0,102,,88874,8,0,5,0,111,,88875,8,0,5,0
2201,'5462',741,,88884,8,,,0,80,,88885,8,,,0,29,,88877,8,,,0,67,,88878,8,,,0,30,,88887,8,,,0,69,,88886,8,,,0,29,,88876,8,,,0,69,,88880,8,,,0,30,,88881,8,,,0,70,,88879,8,,,0,28,,88883,8,,,0,69,,88882,8,,,0,30,,88889,8,,,0,70,,88890,8,,,0,31,,88888,8,,,0,70,,88892,8,,,0,35,,88891,8,,,0,70,,88894,8,,,0,30,,88893,8,,,0,70,,88895,8,,,0,33,,88896,8,,,0,70,,88897,8,,,0,91,,88898,8,0,5,0,102,,88899,8,0,5,0,111,,88900,8,0,5,0
2201,'5463',741,,88909,8,,,0,80,,88910,8,,,0,29,,88902,8,,,0,67,,88903,8,,,0,30,,88912,8,,,0,69,,88911,8,,,0,29,,88901,8,,,0,69,,88905,8,,,0,30,,88906,8,,,0,70,,88904,8,,,0,28,,88908,8,,,0,69,,88907,8,,,0,30,,88914,8,,,0,70,,88915,8,,,0,31,,88913,8,,,0,70,,88917,8,,,0,35,,88916,8,,,0,70,,88919,8,,,0,30,,88918,8,,,0,70,,88920,8,,,0,33,,88921,8,,,0,70,,88922,8,,,0,91,,88923,8,0,5,0,102,,88924,8,0,5,0,111,,88925,8,0,5,0
14002100,'5456',2129,,98507,30,,,0,30,,98504,30,,,0,70,,98506,30,,,0,99,,98508,30,,,0,98,,98505,30,,,0
14002100,'5458',2129,,98512,30,,,0,30,,98509,30,,,0,70,,98511,30,,,0,99,,98513,30,,,0,98,,98510,30,,,0
14002100,'5459',2130,,98514,30,,,0,70,,98515,30,,,0,30,,98516,30,,,0,102,,98517,30,,,0,97,,98518,30,,,0
14002100,'5460',2131,,98519,30,,,0,100,,98520,30,,,0,99,,98521,30,,,0
14002100,'5461',2131,,98522,30,,,0,100,,98523,30,,,0,99,,98524,30,,,0
14002100,'5462',2131,,98525,30,,,0,100,,98526,30,,,0,99,,98527,30,,,0
14002100,'5463',2131,,98528,30,,,0,100,,98529,30,,,0,99,,98530,30,,,0
