600,'5456',533,,83824,7,,,0,20,,83825,18,,,0,71,,83826,18,,,0,31,,83827,18,,,0,65,,83828,18,,,0,24,,83829,18,,,0,65,,83845,18,,,0,19,,83847,18,,,0,20,,83836,18,,,0,59,,83830,18,,,0,19,,98935,18,,,0,25,,83832,18,,,0,64,,83833,18,,,0,23,,83840,18,,,0,65,,83834,18,,,0,23,,83835,18,,,0,24,,83837,18,,,0,64,,98936,18,,,0,25,,83839,18,,,0,64,,83841,18,,,0,25,,83842,18,,,0,26,,83843,18,,,0,63,,83844,18,,,0,21,,83846,18,,,0,20,,83848,18,,,0,60,,98937,18,,,0,16,,83855,18,,,0,14,,83850,18,,,0,57,,83851,18,,,0,14,,83858,18,,,0,16,,83852,18,,,0,15,,98938,18,,,0,54,,83854,18,,,0,14,,83856,18,,,0,16,,83857,18,,,0,14,,83859,18,,,0,54,,83860,18,,,0,17,,98939,18,,,0,17,,83862,18,,,0,23,,83863,18,,,0,64,,83865,18,,,0,29,,83864,18,,,0,73,,98940,18,,,0,18,,83866,18,,,0,75,,83868,18,,,0,18,,98941,18,,,0,78,,83871,18,,,0,19,,83870,18,,,0,99,,83872,18,,,0,98,,83873,18,,,0
600,'5458',533,,83874,7,,,0,20,,83875,18,,,0,71,,83876,18,,,0,31,,83877,18,,,0,65,,83878,18,,,0,24,,83879,18,,,0,65,,98946,18,,,0,19,,83897,18,,,0,20,,83886,18,,,0,59,,83880,18,,,0,19,,98942,18,,,0,25,,83882,18,,,0,64,,83883,18,,,0,23,,83890,18,,,0,65,,98943,18,,,0,23,,83885,18,,,0,24,,83887,18,,,0,64,,98944,18,,,0,25,,83889,18,,,0,64,,83891,18,,,0,25,,83892,18,,,0,26,,98945,18,,,0,63,,83894,18,,,0,21,,83896,18,,,0,20,,83898,18,,,0,60,,98947,18,,,0,16,,83905,18,,,0,14,,83900,18,,,0,57,,83901,18,,,0,14,,83908,18,,,0,16,,83902,18,,,0,15,,98948,18,,,0,54,,83904,18,,,0,14,,83906,18,,,0,16,,83907,18,,,0,14,,83909,18,,,0,54,,83910,18,,,0,17,,98949,18,,,0,17,,83912,18,,,0,23,,83913,18,,,0,64,,83915,18,,,0,29,,83914,18,,,0,73,,98950,18,,,0,18,,83916,18,,,0,75,,83918,18,,,0,18,,98951,18,,,0,78,,83921,18,,,0,19,,83920,18,,,0,99,,83922,18,,,0,98,,83923,18,,,0,70,,98953,18,,,0,30,,83925,18,,,0,70,,98954,18,,,0,30,,83924,18,,,0,70,,98952,18,,,0
600,'5459',558,,98955,18,,,0,70,,83931,18,,,0,84,,83932,18,,,0,20,,83933,18,,,0,76,,98956,18,,,0,20,,98957,18,,,0,18,,98958,18,,,0,71,,98959,18,,,0,15,,83929,18,,,0,15,,98960,18,,,0,66,,98961,18,,,0,13,,98962,18,,,0,13,,98963,18,,,0,12,,83942,18,,,0,64,,98964,18,,,0,12,,83944,18,,,0,12,,98965,18,,,0,65,,98966,18,,,0,12,,83947,18,,,0,12,,83948,18,,,0,24,,83949,18,,,0,52,,98967,18,,,0,13,,98968,18,,,0,24,,83952,18,,,0,12,,83953,18,,,0,52,,98969,18,,,0,20,,98970,18,,,0,10,,98971,18,,,0,10,,83957,18,,,0,62,,83958,18,,,0,11,,83967,18,,,0,10,,98972,18,,,0,20,,98973,18,,,0,11,,98978,18,,,0,50,,83961,18,,,0,20,,83962,18,,,0,11,,83969,18,,,0,10,,98974,18,,,0,60,,98975,18,,,0,11,,98976,18,,,0,12,,83970,18,,,0,12,,98977,18,,,0,64,,98979,18,,,0,12,,98980,18,,,0,12,,83973,18,,,0,11,,98981,18,,,0,65,,98983,18,,,0,15,,98984,18,,,0,14,,98985,18,,,0,70,,98986,18,,,0,15,,98987,18,,,0,17,,98982,18,,,0,76,,83981,18,,,0,18,,98988,18,,,0,74,,98989,18,,,0,21,,83984,18,,,0,20,,83985,18,,,0,90,,83986,18,,,0,93,,98990,18,,,0,70,,83988,18,,,0,29,,98991,18,,,0,70,,98992,18,,,0,29,,98993,18,,,0,29,,98994,18,,,0
600,'5460',635,,99014,18,,,0,78,,84032,18,,,0,95,,99004,18,,,0,25,,84030,18,,,0,81,,99005,18,,,0,21,,98996,18,,,0,78,,99009,18,,,0,15,,99024,18,,,0,16,,84003,18,,,0,72,,84034,18,,,0,15,,99013,18,,,0,15,,98995,18,,,0,70,,98997,18,,,0,12,,98999,18,,,0,12,,84037,18,,,0,12,,99016,18,,,0,64,,98998,18,,,0,12,,84007,18,,,0,12,,99000,18,,,0,12,,99003,18,,,0,64,,99015,18,,,0,12,,99001,18,,,0,12,,99002,18,,,0,12,,84008,18,,,0,64,,99008,18,,,0,12,,84038,18,,,0,12,,84022,18,,,0,12,,84012,18,,,0,65,,84010,18,,,0,12,,99007,18,,,0,11,,99006,18,,,0,12,,84036,18,,,0,65,,84005,18,,,0,12,,99011,18,,,0,11,,99010,18,,,0,12,,99025,18,,,0,65,,84027,18,,,0,15,,84013,18,,,0,15,,99012,18,,,0,72,,99017,18,,,0,17,,84029,18,,,0,18,,99018,18,,,0,74,,99019,18,,,0,17,,84028,18,,,0,74,,99021,18,,,0,17,,99022,18,,,0,18,,84026,18,,,0,88,,99020,18,,,0,95,,99023,18,,,0,88,,84039,18,,,0
600,'5461',635,,99043,18,,,0,78,,84082,18,,,0,95,,99033,18,,,0,25,,84080,18,,,0,81,,99035,18,,,0,21,,99027,18,,,0,78,,99039,18,,,0,15,,99052,18,,,0,16,,99034,18,,,0,72,,84084,18,,,0,15,,99042,18,,,0,15,,99026,18,,,0,70,,84045,18,,,0,12,,99029,18,,,0,12,,84087,18,,,0,12,,99045,18,,,0,64,,99028,18,,,0,12,,99037,18,,,0,12,,84048,18,,,0,12,,99032,18,,,0,64,,99044,18,,,0,12,,99030,18,,,0,12,,99031,18,,,0,12,,84058,18,,,0,64,,99038,18,,,0,12,,84088,18,,,0,12,,84072,18,,,0,12,,84062,18,,,0,65,,84060,18,,,0,12,,84059,18,,,0,11,,99036,18,,,0,12,,84086,18,,,0,65,,84055,18,,,0,12,,99040,18,,,0,11,,84065,18,,,0,12,,99053,18,,,0,65,,84077,18,,,0,15,,84063,18,,,0,15,,99041,18,,,0,72,,99046,18,,,0,17,,84079,18,,,0,18,,99047,18,,,0,74,,99048,18,,,0,17,,84078,18,,,0,74,,84083,18,,,0,17,,99050,18,,,0,18,,84076,18,,,0,88,,99049,18,,,0,95,,99051,18,,,0,88,,84089,18,,,0
600,'5462',635,,99071,18,,,0,78,,84132,18,,,0,95,,99061,18,,,0,25,,84130,18,,,0,81,,99063,18,,,0,21,,99055,18,,,0,78,,99067,18,,,0,15,,99080,18,,,0,16,,99062,18,,,0,72,,84134,18,,,0,15,,99070,18,,,0,15,,99054,18,,,0,70,,84095,18,,,0,12,,99057,18,,,0,12,,84137,18,,,0,12,,99073,18,,,0,64,,99056,18,,,0,12,,99065,18,,,0,12,,84098,18,,,0,12,,99060,18,,,0,64,,99072,18,,,0,12,,99058,18,,,0,12,,99059,18,,,0,12,,84108,18,,,0,64,,99066,18,,,0,12,,84138,18,,,0,12,,84122,18,,,0,12,,84112,18,,,0,65,,84110,18,,,0,12,,84109,18,,,0,11,,99064,18,,,0,12,,84136,18,,,0,65,,84105,18,,,0,12,,99068,18,,,0,11,,84115,18,,,0,12,,99081,18,,,0,65,,84127,18,,,0,15,,84113,18,,,0,15,,99069,18,,,0,72,,99074,18,,,0,17,,84129,18,,,0,18,,99075,18,,,0,74,,99076,18,,,0,17,,84128,18,,,0,74,,84133,18,,,0,17,,99078,18,,,0,18,,84126,18,,,0,88,,99077,18,,,0,95,,99079,18,,,0,88,,84139,18,,,0
600,'5463',635,,99099,18,,,0,78,,84182,18,,,0,95,,99089,18,,,0,25,,84180,18,,,0,81,,99091,18,,,0,21,,99083,18,,,0,78,,99095,18,,,0,15,,99108,18,,,0,16,,99090,18,,,0,72,,84184,18,,,0,15,,99098,18,,,0,15,,99082,18,,,0,70,,84145,18,,,0,12,,99085,18,,,0,12,,84187,18,,,0,12,,99101,18,,,0,64,,99084,18,,,0,12,,99093,18,,,0,12,,84148,18,,,0,12,,99088,18,,,0,64,,99100,18,,,0,12,,99086,18,,,0,12,,99087,18,,,0,12,,84158,18,,,0,64,,99094,18,,,0,12,,84188,18,,,0,12,,84172,18,,,0,12,,84162,18,,,0,65,,84160,18,,,0,12,,84159,18,,,0,11,,99092,18,,,0,12,,84186,18,,,0,65,,84155,18,,,0,12,,99096,18,,,0,11,,84165,18,,,0,12,,99109,18,,,0,65,,84177,18,,,0,15,,84163,18,,,0,15,,99097,18,,,0,72,,99102,18,,,0,17,,84179,18,,,0,18,,99103,18,,,0,74,,99104,18,,,0,17,,84178,18,,,0,74,,84183,18,,,0,17,,99106,18,,,0,18,,84176,18,,,0,88,,99105,18,,,0,95,,99107,18,,,0,88,,84189,18,,,0
1700,'5456',752,,88090,4,,,0
1700,'5458',752,,88091,4,,,0
1000600,'5456',608,,105535,18,,,0,99,,97934,18,,,0,49,,105536,18,,,0,82,,97935,18,,,0,77,,97940,18,,,0,88,,97936,18,,,0,47,,105537,18,,,0,88,,97938,18,,,0,89,,97939,18,,,0,89,,97941,18,,,0,90,,97942,18,,,0,42,,97943,18,,,0,80,,97944,18,,,0,28,,97945,18,,,0,71,,97946,18,,,0,30,,105538,18,,,0,69,,97948,18,,,0,29,,97949,18,,,0,71,,105539,18,,,0,85,,105540,18,,,0,96,,97952,18,,,0,93,,97953,18,,,0,54,,97954,18,,,0,148,,97955,18,,,0,98,,105541,18,,,0
1000600,'5458',608,,105542,18,,,0,99,,97959,18,,,0,49,,105543,18,,,0,82,,97960,18,,,0,77,,97965,18,,,0,88,,97961,18,,,0,47,,105544,18,,,0,88,,97963,18,,,0,89,,105545,18,,,0,89,,97966,18,,,0,90,,97967,18,,,0,42,,97968,18,,,0,80,,97969,18,,,0,28,,97970,18,,,0,71,,97971,18,,,0,30,,105546,18,,,0,69,,97973,18,,,0,29,,97974,18,,,0,71,,105547,18,,,0,85,,105548,18,,,0,96,,97977,18,,,0,93,,97978,18,,,0,54,,97979,18,,,0,148,,97980,18,,,0,98,,105549,18,,,0
1000600,'5459',651,,105550,18,,,0,99,,105551,18,,,0,151,,105552,18,,,0,99,,105553,18,,,0,103,,97986,18,,,0,49,,105554,18,,,0,89,,105555,18,,,0,88,,105556,18,,,0,86,,97990,18,,,0,41,,105557,18,,,0,82,,97992,18,,,0,81,,105558,18,,,0,40,,97995,18,,,0,97,,97994,18,,,0,100,,97996,18,,,0,97,,97997,18,,,0,105,,105559,18,,,0,92,,105560,18,,,0,164,,105561,18,,,0,95,,98001,18,,,0
1000600,'5460',743,,105568,18,,,0,110,,105569,18,,,0,102,,98016,18,,,0,145,,105562,18,,,0,101,,98005,18,,,0,103,,105563,18,,,0,100,,98017,18,,,0,100,,105564,18,,,0,101,,105565,18,,,0,99,,98007,18,,,0,100,,105567,18,,,0,98,,105566,18,,,0,110,,105570,18,,,0,90,,105571,18,,,0,112,,105572,18,,,0,93,,98014,18,,,0
1000600,'5461',743,,105578,18,,,0,110,,105579,18,,,0,102,,98032,18,,,0,145,,105573,18,,,0,101,,105575,18,,,0,103,,105574,18,,,0,100,,98033,18,,,0,100,,98020,18,,,0,101,,105576,18,,,0,99,,98023,18,,,0,100,,105577,18,,,0,98,,98024,18,,,0,110,,98028,18,,,0,90,,105580,18,,,0,112,,105581,18,,,0,93,,98030,18,,,0
1000600,'5462',743,,105587,18,,,0,110,,105588,18,,,0,102,,98048,18,,,0,145,,105582,18,,,0,101,,105584,18,,,0,103,,105583,18,,,0,100,,98049,18,,,0,100,,98036,18,,,0,101,,105585,18,,,0,99,,98039,18,,,0,100,,105586,18,,,0,98,,98040,18,,,0,110,,98044,18,,,0,90,,105589,18,,,0,112,,105590,18,,,0,93,,98046,18,,,0
1000600,'5463',743,,105596,18,,,0,110,,105597,18,,,0,102,,98064,18,,,0,145,,105591,18,,,0,101,,105593,18,,,0,103,,105592,18,,,0,100,,98065,18,,,0,100,,98052,18,,,0,101,,105594,18,,,0,99,,98055,18,,,0,100,,105595,18,,,0,98,,98056,18,,,0,110,,98060,18,,,0,90,,105598,18,,,0,112,,105599,18,,,0,93,,98062,18,,,0
2000600,'5456',640,,98346,18,,,0,92,,105726,18,,,0,86,,98347,18,,,0,39,,98350,18,,,0,82,,98348,18,,,0,88,,98351,18,,,0,88,,98352,18,,,0,87,,98354,18,,,0,49,,98353,18,,,0,90,,105727,18,,,0,87,,98356,18,,,0,80,,105729,18,,,0,33,,105728,18,,,0,72,,98359,18,,,0,30,,98360,18,,,0,68,,98361,18,,,0,30,,98362,18,,,0,71,,98363,18,,,0,36,,98364,18,,,0,89,,105730,18,,,0
2000600,'5458',640,,98366,18,,,0,92,,105732,18,,,0,86,,98367,18,,,0,39,,98370,18,,,0,82,,105731,18,,,0,88,,98371,18,,,0,88,,98372,18,,,0,87,,98374,18,,,0,49,,98373,18,,,0,90,,105733,18,,,0,87,,98376,18,,,0,80,,105735,18,,,0,33,,105734,18,,,0,72,,98379,18,,,0,30,,98380,18,,,0,68,,98381,18,,,0,30,,98382,18,,,0,71,,98383,18,,,0,36,,98384,18,,,0,89,,105736,18,,,0
