800,'5456',621,,85019,3,,,0,85,,85020,3,,,0,29,,85021,3,,,0,18,,99378,3,,,0,60,,85023,3,,,0,92,,85022,3,,,0,35,,85025,3,,,0,83,,85024,3,,,0,83,,85026,3,,,0,34,,85029,3,,,0,83,,85027,3,,,0,86,,85028,3,,,0,41,,85031,3,,,0,86,,85044,3,0,16,0,14,,85030,3,,,0,81,,85033,3,,,0,84,,85032,3,,,0,34,,85035,3,,,0,75,,85034,3,,,0,34,,85037,3,,,0,73,,85036,3,,,0,71,,85038,3,,,0,55,,85039,3,,,0,84,,85040,3,,,0,97,,85041,3,,,0,83,,85042,3,,,0
800,'5458',621,,85045,3,,,0,85,,85046,3,,,0,29,,85047,3,,,0,18,,99379,3,,,0,60,,85049,3,,,0,92,,85048,3,,,0,35,,85051,3,,,0,83,,85050,3,,,0,83,,85052,3,,,0,34,,85055,3,,,0,83,,85053,3,,,0,86,,85054,3,,,0,41,,85057,3,,,0,86,,85070,3,0,16,0,14,,85056,3,,,0,81,,85059,3,,,0,84,,85058,3,,,0,34,,85061,3,,,0,75,,85060,3,,,0,34,,85063,3,,,0,73,,85062,3,,,0,71,,85064,3,,,0,55,,85065,3,,,0,84,,85066,3,,,0,97,,85067,3,,,0,83,,85068,3,,,0
900,'5456',718,,85244,10,,,0,41,,99399,10,,,0
900,'5458',718,,85249,10,,,0,41,,99401,10,,,0
2101,'5456',547,,88315,3,,,0,68,,88331,3,,,0,22,,88317,3,,,0,14,,88346,3,,,0,56,,88316,7,,,0,14,,88356,7,,,0,15,,88339,7,,,0,16,,88319,7,,,0,55,,88343,7,,,0,17,,88330,7,,,0,17,,88353,7,,,0,62,,88320,7,,,0,21,,88321,3,,,0,20,,88357,7,,,0,59,,88338,3,,,0,20,,88318,7,,,0,20,,88344,3,,,0,61,,88351,7,,,0,20,,88322,3,,,0,19,,88323,7,,,0,63,,88360,3,,,0,20,,88337,7,,,0,20,,88324,3,,,0,61,,100442,7,,,0,20,,88352,3,,,0,21,,88325,7,,,0,61,,88326,3,,,0,19,,88363,7,,,0,18,,88355,7,,,0,58,,88333,7,,,0,14,,100441,3,,,0,24,,88364,7,,,0,59,,88341,7,,,0,17,,88347,7,,,0,20,,88327,7,,,0,16,,88328,7,,,0,59,,88362,3,,,0,19,,88361,7,,,0,21,,88340,7,,,0,59,,88332,7,,,0,31,,88348,3,,,0,71,,88334,3,,,0,32,,88358,3,,,0,70,,88335,3,,,0,30,,88349,3,,,0,70,,88336,3,,,0,32,,88359,3,,,0,70,,88342,3,,,0,30,,88350,3,,,0,106,,88354,3,,,0
2101,'5458',547,,88365,3,,,0,68,,88381,3,,,0,22,,88367,3,,,0,14,,88396,3,,,0,56,,88366,7,,,0,14,,88406,7,,,0,15,,88389,7,,,0,16,,88369,7,,,0,55,,88393,7,,,0,17,,88380,7,,,0,17,,88403,7,,,0,62,,88370,7,,,0,21,,88371,3,,,0,20,,88407,7,,,0,59,,88388,3,,,0,20,,88368,7,,,0,20,,88394,3,,,0,61,,88401,7,,,0,20,,88372,3,,,0,19,,88373,7,,,0,63,,88410,3,,,0,20,,88387,7,,,0,20,,88374,3,,,0,61,,100444,7,,,0,20,,88402,3,,,0,21,,88375,7,,,0,61,,88376,3,,,0,19,,88413,7,,,0,18,,88405,7,,,0,58,,88383,7,,,0,14,,100443,3,,,0,24,,88414,7,,,0,59,,88391,7,,,0,17,,88397,7,,,0,20,,88377,7,,,0,16,,88378,7,,,0,59,,88412,3,,,0,19,,88411,7,,,0,21,,88390,7,,,0,59,,88382,7,,,0,31,,88398,3,,,0,71,,88384,3,,,0,32,,88408,3,,,0,70,,88385,3,,,0,30,,88399,3,,,0,70,,88386,3,,,0,32,,88409,3,,,0,70,,88392,3,,,0,30,,88400,3,,,0,106,,88404,3,,,0
2101,'5459',637,,88445,3,,,0,70,,88427,3,,,0,31,,100453,3,,,0,70,,88419,3,,,0,30,,88446,3,,,0,69,,88428,3,,,0,29,,100454,3,,,0,67,,88415,3,,,0,28,,100445,3,,,0,28,,100455,3,,,0,70,,100448,3,,,0,29,,100452,3,,,0,68,,88416,3,,,0,30,,100446,3,,,0,68,,88439,3,,,0,30,,100449,3,,,0,72,,88431,3,,,0,31,,100447,3,,,0,70,,88421,3,,,0,74,,88440,3,,,0,30,,100450,3,,,0,70,,88433,3,,,0,31,,88426,3,,,0,71,,100451,3,,,0,31,,88441,3,,,0,71,,88429,3,,,0,36,,88432,3,,,0,76,,88434,3,,,0,29,,88443,3,,,0,70,,88435,3,,,0,33,,88444,3,,,0,70,,88442,3,,,0,30,,88447,3,,,0,105,,88448,3,,,0
2101,'5460',646,,100460,3,,,0,79,,88452,3,,,0,80,,88463,3,,,0,36,,88461,3,,,0,64,,88449,3,,,0,27,,88451,3,,,0,70,,100461,3,,,0,29,,88450,3,,,0,70,,88465,3,,,0,29,,100457,3,,,0,70,,100456,3,,,0,30,,100462,3,,,0,28,,100458,3,,,0,69,,88467,3,,,0,30,,100463,3,,,0,70,,88469,3,,,0,31,,100459,3,,,0,72,,88458,3,,,0,73,,88459,3,,,0,30,,88460,3,,,0,71,,88456,3,,,0,30,,88470,3,,,0,72,,88471,3,,,0,35,,100464,3,,,0,105,,88473,3,,,0,101,,88474,3,,,0,104,,88475,3,,,0,100,,88476,3,,,0,103,,88477,3,,,0
2101,'5461',646,,88491,3,,,0,79,,100466,3,,,0,80,,88492,3,,,0,36,,88490,3,,,0,64,,100465,3,,,0,27,,88480,3,,,0,70,,88493,3,,,0,29,,88479,3,,,0,70,,88494,3,,,0,29,,88483,3,,,0,70,,100467,3,,,0,30,,100470,3,,,0,28,,100468,3,,,0,69,,88496,3,,,0,30,,100471,3,,,0,70,,88498,3,,,0,31,,100469,3,,,0,72,,88487,3,,,0,73,,88488,3,,,0,30,,88489,3,,,0,71,,88485,3,,,0,30,,88499,3,,,0,72,,88500,3,,,0,35,,100472,3,,,0,105,,88502,3,,,0,101,,88503,3,,,0,104,,88504,3,,,0,100,,88505,3,,,0,103,,88506,3,,,0
2101,'5462',646,,88520,3,,,0,79,,100474,3,,,0,80,,88521,3,,,0,36,,88519,3,,,0,64,,100473,3,,,0,27,,88509,3,,,0,70,,88522,3,,,0,29,,88508,3,,,0,70,,88523,3,,,0,29,,88512,3,,,0,70,,100475,3,,,0,30,,100478,3,,,0,28,,100476,3,,,0,69,,88525,3,,,0,30,,100479,3,,,0,70,,88527,3,,,0,31,,100477,3,,,0,72,,88516,3,,,0,73,,88517,3,,,0,30,,88518,3,,,0,71,,88514,3,,,0,30,,88528,3,,,0,72,,88529,3,,,0,35,,100480,3,,,0,105,,88531,3,,,0,101,,88532,3,,,0,104,,88533,3,,,0,100,,88534,3,,,0,103,,88535,3,,,0
2101,'5463',646,,88549,3,,,0,79,,100482,3,,,0,80,,88550,3,,,0,36,,88548,3,,,0,64,,100481,3,,,0,27,,88538,3,,,0,70,,88551,3,,,0,29,,88537,3,,,0,70,,88552,3,,,0,29,,88541,3,,,0,70,,100483,3,,,0,30,,100486,3,,,0,28,,100484,3,,,0,69,,88554,3,,,0,30,,100487,3,,,0,70,,88556,3,,,0,31,,100485,3,,,0,72,,88545,3,,,0,73,,88546,3,,,0,30,,88547,3,,,0,71,,88543,3,,,0,30,,88557,3,,,0,72,,88558,3,,,0,35,,100488,3,,,0,105,,88560,3,,,0,101,,88561,3,,,0,104,,88562,3,,,0,100,,88563,3,,,0,103,,88564,3,,,0
3801,'5456',641,,92483,10,,,0,67,,92482,10,,,0,27,,92484,10,,,0,66,,92485,10,,,0,35,,92488,10,,,0,88,,92486,10,,,0,88,,102452,10,,,0,100,,92490,10,,,0,101,,102453,10,,,0,101,,92491,10,,,0,103,,92492,10,,,0,101,,92493,10,,,0,86,,92494,10,,,0,32,,92499,10,,,0,69,,92495,10,,,0,30,,92502,10,,,0,68,,92496,10,,,0,30,,92497,10,,,0,76,,92500,10,,,0,100,,92498,10,,,0,105,,92501,10,,,0
3801,'5458',641,,92507,10,,,0,67,,92506,10,,,0,27,,92508,10,,,0,66,,92509,10,,,0,35,,92512,10,,,0,88,,92510,10,,,0,88,,102454,10,,,0,100,,92514,10,,,0,101,,102455,10,,,0,101,,92515,10,,,0,103,,92516,10,,,0,101,,92517,10,,,0,86,,92518,10,,,0,32,,92523,10,,,0,69,,92519,10,,,0,30,,92526,10,,,0,68,,92520,10,,,0,30,,92521,10,,,0,76,,92524,10,,,0,100,,92522,10,,,0,105,,92525,10,,,0
