3001,'5456',613,,91594,18,,,0,31,,91595,18,,,0,73,,91596,18,,,0,27,,91597,18,,,0,70,,91598,18,,,0,33,,91599,18,,,0,68,,91600,18,,,0,29,,91601,18,,,0,69,,91602,18,,,0,31,,91603,18,,,0,70,,91604,18,,,0,30,,91605,18,,,0,72,,91606,18,,,0,30,,91607,18,,,0,70,,91608,18,,,0,32,,91609,18,,,0,70,,91610,18,,,0,30,,91611,18,,,0,73,,91612,18,,,0,32,,91613,18,,,0,72,,91614,18,,,0,33,,91615,18,,,0,74,,91616,18,,,0,68,,91617,18,,,0,28,,91618,18,,,0,77,,91619,18,,,0,39,,91620,18,,,0,79,,91621,18,,,0,94,,91622,18,,,0,99,,91623,18,,,0,108,,91624,18,,,0,92,,91625,18,,,0
3001,'5458',613,,91626,18,,,0,31,,91627,18,,,0,73,,91628,18,,,0,27,,91629,18,,,0,70,,91630,18,,,0,33,,91631,18,,,0,68,,91632,18,,,0,29,,91633,18,,,0,69,,91634,18,,,0,31,,91635,18,,,0,70,,91636,18,,,0,30,,91637,18,,,0,72,,91638,18,,,0,30,,91639,18,,,0,70,,91640,18,,,0,32,,91641,18,,,0,70,,91642,18,,,0,30,,91643,18,,,0,73,,91644,18,,,0,32,,91645,18,,,0,72,,91646,18,,,0,33,,91647,18,,,0,74,,91648,18,,,0,68,,91649,18,,,0,28,,91650,18,,,0,77,,91651,18,,,0,39,,91652,18,,,0,79,,91653,18,,,0,94,,91654,18,,,0,99,,91655,18,,,0,108,,91656,18,,,0,92,,91657,18,,,0
3001,'5459',641,,91659,18,,,0,87,,91660,18,,,0,80,,91661,18,,,0,32,,91658,18,,,0,71,,91662,18,,,0,32,,91663,18,,,0,71,,91664,18,,,0,29,,91665,18,,,0,70,,91666,18,,,0,29,,91667,18,,,0,70,,91668,18,,,0,29,,91669,18,,,0,68,,91670,18,,,0,30,,91671,18,,,0,70,,91672,18,,,0,30,,91673,18,,,0,70,,91674,18,,,0,30,,91675,18,,,0,71,,91676,18,,,0,30,,91677,18,,,0,70,,91678,18,,,0,31,,91679,18,,,0,75,,91680,18,,,0,40,,91681,18,,,0,82,,91682,18,,,0,82,,91683,18,,,0,95,,91684,18,,,0,100,,91685,18,,,0,111,,91686,18,,,0,93,,91687,18,,,0
3001,'5460',742,,91688,18,,,0,102,,91689,18,,,0,80,,91690,18,,,0,80,,91691,18,,,0,38,,91692,18,,,0,70,,91693,18,,,0,30,,91694,18,,,0,70,,91695,18,,,0,28,,91696,18,,,0,70,,91697,18,,,0,30,,91698,18,,,0,70,,91699,18,,,0,30,,91700,18,,,0,70,,91701,18,,,0,31,,91702,18,,,0,69,,91703,18,,,0,31,,91704,18,,,0,70,,91705,18,,,0,32,,91706,18,,,0,76,,91707,18,,,0,81,,91708,18,,,0,40,,91709,18,,,0,81,,91710,18,,,0,95,,91711,18,,,0,100,,91712,18,,,0,107,,91713,18,,,0,106,,91714,18,,,0
3001,'5461',742,,91715,18,,,0,102,,91716,18,,,0,80,,91717,18,,,0,80,,91718,18,,,0,38,,91719,18,,,0,70,,91720,18,,,0,30,,91721,18,,,0,70,,91722,18,,,0,28,,91723,18,,,0,70,,91724,18,,,0,30,,91725,18,,,0,70,,91726,18,,,0,30,,91727,18,,,0,70,,91728,18,,,0,31,,91729,18,,,0,69,,91730,18,,,0,31,,91731,18,,,0,70,,91732,18,,,0,32,,91733,18,,,0,76,,91734,18,,,0,81,,91735,18,,,0,40,,91736,18,,,0,81,,91737,18,,,0,95,,91738,18,,,0,100,,91739,18,,,0,107,,91740,18,,,0,106,,91741,18,,,0
3001,'5462',742,,91742,18,,,0,102,,91743,18,,,0,80,,91744,18,,,0,80,,91745,18,,,0,38,,91746,18,,,0,70,,91747,18,,,0,30,,91748,18,,,0,70,,91749,18,,,0,28,,91750,18,,,0,70,,91751,18,,,0,30,,91752,18,,,0,70,,91753,18,,,0,30,,91754,18,,,0,70,,91755,18,,,0,31,,91756,18,,,0,69,,91757,18,,,0,31,,91758,18,,,0,70,,91759,18,,,0,32,,91760,18,,,0,76,,91761,18,,,0,81,,91762,18,,,0,40,,91763,18,,,0,81,,91764,18,,,0,95,,91765,18,,,0,100,,91766,18,,,0,107,,91767,18,,,0,106,,91768,18,,,0
3001,'5463',742,,91769,18,,,0,102,,91770,18,,,0,80,,91771,18,,,0,80,,91772,18,,,0,38,,91773,18,,,0,70,,91774,18,,,0,30,,91775,18,,,0,70,,91776,18,,,0,28,,91777,18,,,0,70,,91778,18,,,0,30,,91779,18,,,0,70,,91780,18,,,0,30,,91781,18,,,0,70,,91782,18,,,0,31,,91783,18,,,0,69,,91784,18,,,0,31,,91785,18,,,0,70,,91786,18,,,0,32,,91787,18,,,0,76,,91788,18,,,0,81,,91789,18,,,0,40,,91790,18,,,0,81,,91791,18,,,0,95,,91792,18,,,0,100,,91793,18,,,0,107,,91794,18,,,0,106,,91795,18,,,0
3101,'5456',554,,92000,14,,,0,76,,92001,14,,,0,72,,92002,14,,,0,28,,92003,14,,,0,70,,92004,14,,,0,29,,92005,14,,,0,71,,92006,14,,,0,29,,92007,14,,,0,29,,92008,14,,,0,70,,92009,14,,,0,29,,92010,14,,,0,72,,92011,14,,,0,71,,92012,14,,,0,31,,92013,14,,,0,70,,92014,14,,,0,31,,92015,14,,,0,71,,92016,14,,,0,29,,92017,14,,,0,72,,92019,14,,,0,33,,92018,14,,,0,71,,92020,14,,,0,35,,92021,14,,,0,72,,92022,14,,,0,30,,92023,14,,,0,70,,92024,14,,,0,30,,92025,14,,,0,82,,92026,14,,,0,74,,92027,14,,,0,47,,92028,14,,,0,100,,92029,14,,,0,99,,92030,14,,,0,101,,92031,14,,,0,106,,92032,14,0,27 49,0
3101,'5458',554,,92033,14,,,0,76,,92034,14,,,0,72,,92035,14,,,0,28,,92036,14,,,0,70,,92037,14,,,0,29,,92038,14,,,0,71,,92039,14,,,0,29,,92040,14,,,0,29,,92041,14,,,0,70,,92042,14,,,0,29,,92043,14,,,0,72,,92044,14,,,0,71,,92045,14,,,0,31,,92046,14,,,0,70,,92047,14,,,0,31,,92048,14,,,0,71,,92049,14,,,0,29,,92050,14,,,0,72,,92052,14,,,0,33,,92051,14,,,0,71,,92053,14,,,0,35,,92054,14,,,0,72,,92055,14,,,0,30,,92056,14,,,0,70,,92057,14,,,0,30,,92058,14,,,0,82,,92059,14,,,0,74,,92060,14,,,0,47,,92061,14,,,0,100,,92062,14,,,0,99,,92063,14,,,0,101,,92064,14,,,0,106,,92065,14,0,27 49,0
3101,'5459',703,,92066,14,,,0,46,,92067,14,,,0,76,,92068,14,,,0,31,,92069,14,,,0,71,,92070,14,,,0,32,,92071,14,,,0,69,,92072,14,,,0,30,,92073,14,,,0,69,,92074,14,,,0,30,,92075,14,,,0,69,,92076,14,,,0,28,,92077,14,,,0,70,,92078,14,,,0,30,,92079,14,,,0,70,,92080,14,,,0,30,,92081,14,,,0,70,,92082,14,,,0,31,,92083,14,,,0,70,,92084,14,,,0,30,,92085,14,,,0,71,,92086,14,,,0,30,,92087,14,,,0,80,,92088,14,,,0,83,,92089,14,,,0,40,,92090,14,,,0,87,,92091,14,,,0,100,,92092,14,,,0,101,,92093,14,,,0,110,,92094,14,,,0,97,,92095,14,0,27 49,0
3101,'5460',713,,92097,14,,,0,101,,92098,14,,,0,91,,92099,14,,,0,39,,92100,14,,,0,78,,92096,14,,,0,35,,92101,14,,,0,70,,92102,14,,,0,30,,92103,14,,,0,68,,92104,14,,,0,30,,92105,14,,,0,70,,92106,14,,,0,30,,92107,14,,,0,70,,92108,14,,,0,30,,92109,14,,,0,70,,92110,14,,,0,30,,92111,14,,,0,70,,92112,14,,,0,31,,92113,14,,,0,71,,92114,14,,,0,73,,92115,14,,,0,40,,92116,14,,,0,81,,92117,14,,,0,81,,92118,14,,,0,47,,92119,14,,,0,98,,92120,14,,,0,100,,92121,14,,,0,154,,92122,14,,,0
3101,'5461',713,,92124,14,,,0,101,,92125,14,,,0,91,,92126,14,,,0,39,,92127,14,,,0,78,,92123,14,,,0,35,,92128,14,,,0,70,,92129,14,,,0,30,,92130,14,,,0,68,,92131,14,,,0,30,,92132,14,,,0,70,,92133,14,,,0,30,,92134,14,,,0,70,,92135,14,,,0,30,,92136,14,,,0,70,,92137,14,,,0,30,,92138,14,,,0,70,,92139,14,,,0,31,,92140,14,,,0,71,,92141,14,,,0,73,,92142,14,,,0,40,,92143,14,,,0,81,,92144,14,,,0,81,,92145,14,,,0,47,,92146,14,,,0,98,,92147,14,,,0,100,,92148,14,,,0,154,,92149,14,,,0
3101,'5462',713,,92151,14,,,0,101,,92152,14,,,0,91,,92153,14,,,0,39,,92154,14,,,0,78,,92150,14,,,0,35,,92155,14,,,0,70,,92156,14,,,0,30,,92157,14,,,0,68,,92158,14,,,0,30,,92159,14,,,0,70,,92160,14,,,0,30,,92161,14,,,0,70,,92162,14,,,0,30,,92163,14,,,0,70,,92164,14,,,0,30,,92165,14,,,0,70,,92166,14,,,0,31,,92167,14,,,0,71,,92168,14,,,0,73,,92169,14,,,0,40,,92170,14,,,0,81,,92171,14,,,0,81,,92172,14,,,0,47,,92173,14,,,0,98,,92174,14,,,0,100,,92175,14,,,0,154,,92176,14,,,0
3101,'5463',713,,92178,14,,,0,101,,92179,14,,,0,91,,92180,14,,,0,39,,92181,14,,,0,78,,92177,14,,,0,35,,92182,14,,,0,70,,92183,14,,,0,30,,92184,14,,,0,68,,92185,14,,,0,30,,92186,14,,,0,70,,92187,14,,,0,30,,92188,14,,,0,70,,92189,14,,,0,30,,92190,14,,,0,70,,92191,14,,,0,30,,92192,14,,,0,70,,92193,14,,,0,31,,92194,14,,,0,71,,92195,14,,,0,73,,92196,14,,,0,40,,92197,14,,,0,81,,92198,14,,,0,81,,92199,14,,,0,47,,92200,14,,,0,98,,92201,14,,,0,100,,92202,14,,,0,154,,92203,14,,,0
