3800,'5456',601,,92431,3,,,0,20,,102444,23,,,0,24,,92432,23,,,0,57,,92434,23,,,0,13,,92437,23,,,0,16,,92438,23,,,0,18,,92440,23,,,0,71,,92433,23,,,0,80,,92435,23,,,0,29,,102445,23,,,0,98,,92442,23,,,0,100,,102446,23,,,0,102,,92443,23,,,0,103,,102447,23,,,0,95,,92444,23,,,0,80,,92445,23,,,0,31,,92450,23,,,0,71,,92446,23,,,0,33,,92453,23,,,0,71,,92447,23,,,0,32,,92448,23,,,0,81,,92451,23,,,0,102,,92449,23,,,0,104,,92452,23,,,0
3800,'5458',601,,92457,3,,,0,20,,102448,23,,,0,24,,92458,23,,,0,57,,92460,23,,,0,13,,92463,23,,,0,16,,92464,23,,,0,18,,92466,23,,,0,71,,92459,23,,,0,80,,92461,23,,,0,29,,102449,23,,,0,98,,92468,23,,,0,100,,102450,23,,,0,102,,92469,23,,,0,103,,102451,23,,,0,95,,92470,23,,,0,80,,92471,23,,,0,31,,92476,23,,,0,71,,92472,23,,,0,33,,92479,23,,,0,71,,92473,23,,,0,32,,92474,23,,,0,81,,92477,23,,,0,102,,92475,23,,,0,104,,92478,23,,,0
4600,'5456',610,,102654,18,,,0,17,,93037,18,,,0,26,,93046,18,,,0,67,,93048,18,,,0,39,,93038,18,,,0,100,,93035,18,,,0,97,,93047,18,,,0,378,,102656,18,,,0,110,,93039,18,,,0,74,,102657,18,,,0,37,,93040,18,,,0,95,,93041,18,,,0,70,,102655,18,,,0,87,,93043,18,,,0
4600,'5458',610,,102658,18,,,0,17,,93051,18,,,0,26,,93060,18,,,0,67,,93062,18,,,0,39,,93052,18,,,0,100,,93049,18,,,0,97,,93061,18,,,0,378,,102660,18,,,0,110,,93053,18,,,0,74,,102661,18,,,0,37,,93054,18,,,0,95,,93055,18,,,0,70,,102659,18,,,0,87,,93057,18,,,0
4800,'5456',644,,102672,42,,,0,67,,102673,42,,,0,29,,102674,42,,,0
4800,'5458',644,,102675,42,,,0,67,,102676,42,,,0,29,,102677,42,,,0
5300,'5456',639,,93666,28,0,25 40,0,75,,93664,28,,,0,143,,103123,28,0,25 40,0,184,,93665,28,0,25 40,0,170,,93671,28,0,25 40,0,133,,93670,37,0,25 40,0,190,,103125,37,0,25 40,0,104,,103124,37,0,25 40,0,168,,103122,37,0,25 40,0,126,,103126,37,0,25 40,0,170,,103127,37,0,25 40,0
5300,'5458',639,,93677,28,0,25 40,0,75,,93675,28,,,0,143,,103129,28,0,25 40,0,184,,93676,28,0,25 40,0,170,,93682,28,0,25 40,0,133,,93681,37,0,25 40,0,190,,103131,37,0,25 40,0,104,,103130,37,0,25 40,0,168,,103128,37,0,25 40,0,126,,103132,37,0,25 40,0,170,,103133,37,0,25 40,0
5300,'5459',719,,93686,28,0,25 40,0,201,,93690,28,0,25 40,0,211,,93691,28,0,25 40,0,218,,93692,37,0,25 40,0,210,,93689,37,0,25 40,0,249,,93687,37,0,25 40,0,204,,93688,37,0,25 40,0
5300,'5460',719,,93696,28,0,25 40,0,202,,93693,28,0,25 40,0,209,,93694,28,0,25 40,0,217,,93697,37,0,25 40,0,210,,93695,37,0,25 40,0,250,,93699,37,0,25 40,0,205,,93698,37,0,25 40,0
5300,'5461',719,,103134,28,0,25 40,0,202,,93700,28,0,25 40,0,209,,93701,28,0,25 40,0,217,,93704,37,0,25 40,0,210,,93702,37,0,25 40,0,250,,93706,37,0,25 40,0,205,,93705,37,0,25 40,0
5300,'5462',719,,103135,28,0,25 40,0,202,,93707,28,0,25 40,0,209,,93708,28,0,25 40,0,217,,93711,37,0,25 40,0,210,,93709,37,0,25 40,0,250,,93713,37,0,25 40,0,205,,93712,37,0,25 40,0
5300,'5463',719,,103136,28,0,25 40,0,202,,93714,28,0,25 40,0,209,,93715,28,0,25 40,0,217,,93718,37,0,25 40,0,210,,93716,37,0,25 40,0,250,,93720,37,0,25 40,0,205,,93719,37,0,25 40,0
6100,'5456',552,,94909,62,,,0,80,,94907,62,,,0,14,,94908,62,,,0,61,,103334,62,,,0,24,,94900,62,,,0,19,,94895,62,,,0,59,,94894,62,,,0,26,,94893,62,,,0
6100,'5458',552,,94948,62,,,0,80,,94946,62,,,0,14,,94947,62,,,0,61,,103342,62,,,0,24,,94939,62,,,0,19,,94934,62,,,0,59,,94933,62,,,0,26,,94932,62,,,0
9500,'5456',453,,104484,12,0,15,0,65,,104485,12,0,15,0,17,,104487,12,0,15,0,15,,104488,12,0,15,0,55,,104486,12,0,15,0,10,,104489,12,0,15,0,11,,104498,12,0,15,0,11,,104508,12,0,15,0,7,,104493,12,0,15,0,8,,104492,12,0,15,0,3,,96936,12,0,15,0,4,,104497,12,0,15,0,47,,104491,12,0,15,0,6,,104494,12,0,15,0,8,,104495,12,0,15,0,9,,104490,12,0,15,0,7,,96867,12,0,15,0,8,,104504,12,0,15,0,7,,104499,12,0,15,0,49,,96868,12,0,15,0,8,,104506,12,0,15,0,9,,104503,12,0,15,0,10,,104509,12,0,15,0,10,,104507,12,0,15,0,11,,104501,12,0,15,0,10,,104496,12,0,15,0,51,,104502,12,0,15,0,11,,104500,12,0,15,0,10,,104505,12,0,15,0,10,,96870,12,0,15,0,10,,104524,12,0,15,0,50,,104520,12,0,15,0,10,,104521,12,0,15,0,11,,104522,12,0,15,0,12,,104525,12,0,15,0,12,,104515,12,0,15,0,12,,104511,12,0,15,0,52,,104516,12,0,15,0,12,,104513,12,0,15,0,13,,104510,12,0,15,0,12,,104523,12,0,15,0,12,,104517,12,0,15,0,52,,104519,12,0,15,0,12,,104518,12,0,15,0,13,,104526,12,0,15,0,12,,104514,12,0,15,0,12,,104512,12,0,15,0,52,,104535,12,0,15,0,12,,104528,12,0,15,0,12,,96925,12,0,15,0,11,,104540,12,0,15,0,10,,104532,12,0,15,0,50,,104534,12,0,15,0,10,,104537,12,0,15,0,10,,96923,12,0,15,0,10,,104536,12,0,15,0,10,,104541,12,0,15,0,11,,104533,12,0,15,0,50,,104527,12,0,15,0,11,,104563,12,0,15,0,10,,104531,12,0,15,0,10,,104542,12,0,15,0,10,,96924,12,0,15,0,10,,104539,12,0,15,0,50,,104529,12,0,15,0,12,,104530,12,0,15,0,11,,104538,12,0,15,0,10,,96935,12,0,15,0,11,,104550,12,0,15,0,49,,104552,12,0,15,0,12,,104546,12,0,15,0,13,,104567,12,0,15,0,12,,104564,12,0,15,0,13,,104571,12,0,15,0,53,,104543,12,0,15,0,13,,104547,12,0,15,0,14,,104545,12,0,15,0,12,,104551,12,0,15,0,12,,104549,12,0,15,0,52,,104553,12,0,15,0,15,,104544,12,0,15,0,15,,104565,12,0,15,0,16,,104569,12,0,15,0,55,,104548,12,0,15,0,15,,104557,12,0,15,0,15,,104559,12,0,15,0,15,,104560,12,0,15,0,55,,104555,12,0,15,0,20,,104566,12,0,15,0,20,,104570,12,0,15,0,61,,104556,12,0,15,0,20,,104558,12,0,15,0,30,,104554,12,0,15,0,72,,104568,12,0,15,0,71,,104562,12,0,15,0,30,,104561,12,0,15,0
9500,'5458',453,,104572,12,0,15,0,65,,104573,12,0,15,0,17,,104575,12,0,15,0,15,,104576,12,0,15,0,55,,104574,12,0,15,0,10,,104577,12,0,15,0,11,,104586,12,0,15,0,11,,104596,12,0,15,0,7,,104581,12,0,15,0,8,,104580,12,0,15,0,3,,97035,12,0,15,0,4,,104585,12,0,15,0,47,,104579,12,0,15,0,6,,104582,12,0,15,0,8,,104583,12,0,15,0,9,,104578,12,0,15,0,7,,96963,12,0,15,0,8,,104592,12,0,15,0,7,,104587,12,0,15,0,49,,96964,12,0,15,0,8,,104594,12,0,15,0,9,,104591,12,0,15,0,10,,104597,12,0,15,0,10,,104595,12,0,15,0,11,,104589,12,0,15,0,10,,104584,12,0,15,0,51,,104590,12,0,15,0,11,,104588,12,0,15,0,10,,104593,12,0,15,0,10,,96966,12,0,15,0,10,,104612,12,0,15,0,50,,104608,12,0,15,0,10,,104609,12,0,15,0,11,,104610,12,0,15,0,12,,104613,12,0,15,0,12,,104603,12,0,15,0,12,,104599,12,0,15,0,52,,104604,12,0,15,0,12,,104601,12,0,15,0,13,,104598,12,0,15,0,12,,104611,12,0,15,0,12,,104605,12,0,15,0,52,,104607,12,0,15,0,12,,104606,12,0,15,0,13,,104614,12,0,15,0,12,,104602,12,0,15,0,12,,104600,12,0,15,0,52,,104623,12,0,15,0,12,,104616,12,0,15,0,12,,97021,12,0,15,0,11,,104628,12,0,15,0,10,,104620,12,0,15,0,50,,104622,12,0,15,0,10,,104625,12,0,15,0,10,,97019,12,0,15,0,10,,104624,12,0,15,0,10,,104629,12,0,15,0,11,,104621,12,0,15,0,50,,104615,12,0,15,0,11,,104651,12,0,15,0,10,,104619,12,0,15,0,10,,104630,12,0,15,0,10,,97020,12,0,15,0,10,,104627,12,0,15,0,50,,104617,12,0,15,0,12,,104618,12,0,15,0,11,,104626,12,0,15,0,10,,97031,12,0,15,0,11,,104638,12,0,15,0,49,,104640,12,0,15,0,12,,104634,12,0,15,0,13,,104655,12,0,15,0,12,,104652,12,0,15,0,13,,104659,12,0,15,0,53,,104631,12,0,15,0,13,,104635,12,0,15,0,14,,104633,12,0,15,0,12,,104639,12,0,15,0,12,,104637,12,0,15,0,52,,104641,12,0,15,0,15,,104632,12,0,15,0,15,,104653,12,0,15,0,16,,104657,12,0,15,0,55,,104636,12,0,15,0,15,,104645,12,0,15,0,15,,104647,12,0,15,0,15,,104648,12,0,15,0,55,,104643,12,0,15,0,20,,104654,12,0,15,0,20,,104658,12,0,15,0,61,,104644,12,0,15,0,20,,104646,12,0,15,0,30,,104642,12,0,15,0,72,,104656,12,0,15,0,71,,104650,12,0,15,0,30,,104649,12,0,15,0,70,,104660,12,0,15,0,31,,104661,12,0,15,0,70,,97034,12,0,15,0
9500,'5459',608,,104662,12,0,15,0,32,,104663,12,0,15,0,62,,104664,12,0,15,0,15,,104665,12,0,15,0,15,,104666,12,0,15,0,15,,104667,12,0,15,0,55,,104668,12,0,15,0,15,,104669,12,0,15,0,15,,104670,12,0,15,0,14,,104671,12,0,15,0,54,,104672,12,0,15,0,15,,104673,12,0,15,0,15,,104674,12,0,15,0,15,,104675,12,0,15,0,14,,104676,12,0,15,0,55,,104677,12,0,15,0,14,,104678,12,0,15,0,15,,104679,12,0,15,0,14,,104680,12,0,15,0,55,,104681,12,0,15,0,14,,104682,12,0,15,0,13,,104683,12,0,15,0,12,,104684,12,0,15,0,51,,104685,12,0,15,0,12,,104686,12,0,15,0,12,,104687,12,0,15,0,12,,97062,12,0,15,0,12,,104688,12,0,15,0,51,,104689,12,0,15,0,12,,104690,12,0,15,0,12,,104691,12,0,15,0,13,,104692,12,0,15,0,12,,104693,12,0,15,0,51,,104694,12,0,15,0,12,,104695,12,0,15,0,11,,104696,12,0,15,0,11,,104697,12,0,15,0,12,,97073,12,0,15,0,53,,104698,12,0,15,0,12,,104699,12,0,15,0,12,,104700,12,0,15,0,13,,104701,12,0,15,0,12,,104702,12,0,15,0,52,,104703,12,0,15,0,13,,104704,12,0,15,0,12,,104705,12,0,15,0,12,,104706,12,0,15,0,13,,104707,12,0,15,0,52,,104708,12,0,15,0,13,,104709,12,0,15,0,12,,104710,12,0,15,0,13,,104711,12,0,15,0,12,,104712,12,0,15,0,53,,104713,12,0,15,0,16,,104714,12,0,15,0,15,,104715,12,0,15,0,16,,104716,12,0,15,0,55,,104717,12,0,15,0,15,,104718,12,0,15,0,15,,104719,12,0,15,0,15,,104720,12,0,15,0,55,,104721,12,0,15,0,16,,104722,12,0,15,0,15,,104723,12,0,15,0,15,,104724,12,0,15,0,55,,104725,12,0,15,0,20,,104726,12,0,15,0,20,,104727,12,0,15,0,60,,104728,12,0,15,0,20,,104729,12,0,15,0,71,,104730,12,0,15,0,31,,104731,12,0,15,0,71,,104732,12,0,15,0,30,,104733,12,0,15,0,70,,104734,12,0,15,0,30,,104735,12,0,15,0,70,,97112,12,0,15,0
9500,'5460',610,,104736,12,0,15,0,30,,104738,12,0,15,0,60,,104739,12,0,15,0,20,,104740,12,0,15,0,20,,104741,12,0,15,0,15,,104742,12,0,15,0,54,,104737,12,0,15,0,15,,104743,12,0,15,0,14,,104744,12,0,15,0,14,,104745,12,0,15,0,55,,104746,12,0,15,0,15,,104747,12,0,15,0,14,,104748,12,0,15,0,15,,104749,12,0,15,0,55,,104751,12,0,15,0,15,,104752,12,0,15,0,15,,104750,12,0,15,0,15,,104753,12,0,15,0,54,,104754,12,0,15,0,15,,104755,12,0,15,0,15,,104756,12,0,15,0,15,,104803,12,0,15,0,55,,104757,12,0,15,0,15,,104802,12,0,15,0,14,,104758,12,0,15,0,14,,104801,12,0,15,0,55,,104759,12,0,15,0,15,,104760,12,0,15,0,15,,104761,12,0,15,0,15,,104762,12,0,15,0,54,,104763,12,0,15,0,15,,104764,12,0,15,0,15,,104765,12,0,15,0,15,,104766,12,0,15,0,53,,104767,12,0,15,0,12,,104768,12,0,15,0,13,,104769,12,0,15,0,13,,104770,12,0,15,0,11,,104771,12,0,15,0,52,,104772,12,0,15,0,13,,104773,12,0,15,0,12,,104774,12,0,15,0,13,,104775,12,0,15,0,12,,104776,12,0,15,0,54,,104777,12,0,15,0,15,,104778,12,0,15,0,18,,104779,12,0,15,0,15,,104780,12,0,15,0,55,,104781,12,0,15,0,16,,104782,12,0,15,0,15,,104783,12,0,15,0,15,,104784,12,0,15,0,55,,104785,12,0,15,0,15,,104786,12,0,15,0,16,,104787,12,0,15,0,15,,104788,12,0,15,0,55,,104789,12,0,15,0,15,,104790,12,0,15,0,15,,104791,12,0,15,0,15,,104793,12,0,15,0,55,,104794,12,0,15,0,21,,104792,12,0,15,0,20,,104795,12,0,15,0,60,,104796,12,0,15,0,20,,104797,12,0,15,0,72,,104798,12,0,15,0,30,,104799,12,0,15,0,70,,104800,12,0,15,0
9500,'5461',610,,104804,12,0,15,0,30,,104806,12,0,15,0,60,,104807,12,0,15,0,20,,104808,12,0,15,0,20,,104809,12,0,15,0,15,,104810,12,0,15,0,54,,104805,12,0,15,0,15,,104811,12,0,15,0,14,,104812,12,0,15,0,14,,104813,12,0,15,0,55,,104814,12,0,15,0,15,,104815,12,0,15,0,14,,104816,12,0,15,0,15,,104817,12,0,15,0,55,,104819,12,0,15,0,15,,104820,12,0,15,0,15,,104818,12,0,15,0,15,,104821,12,0,15,0,54,,104822,12,0,15,0,15,,104823,12,0,15,0,15,,104824,12,0,15,0,15,,104871,12,0,15,0,55,,104825,12,0,15,0,15,,104870,12,0,15,0,14,,104826,12,0,15,0,14,,104869,12,0,15,0,55,,104827,12,0,15,0,15,,104828,12,0,15,0,15,,104829,12,0,15,0,15,,104830,12,0,15,0,54,,104831,12,0,15,0,15,,104832,12,0,15,0,15,,104833,12,0,15,0,15,,104834,12,0,15,0,53,,104835,12,0,15,0,12,,104836,12,0,15,0,13,,104837,12,0,15,0,13,,104838,12,0,15,0,11,,104839,12,0,15,0,52,,104840,12,0,15,0,13,,104841,12,0,15,0,12,,104842,12,0,15,0,13,,104843,12,0,15,0,12,,104844,12,0,15,0,54,,104845,12,0,15,0,15,,104846,12,0,15,0,18,,104847,12,0,15,0,15,,104848,12,0,15,0,55,,104849,12,0,15,0,16,,104850,12,0,15,0,15,,104851,12,0,15,0,15,,104852,12,0,15,0,55,,104853,12,0,15,0,15,,104854,12,0,15,0,16,,104855,12,0,15,0,15,,104856,12,0,15,0,55,,104857,12,0,15,0,15,,104858,12,0,15,0,15,,104859,12,0,15,0,15,,104861,12,0,15,0,55,,104862,12,0,15,0,21,,104860,12,0,15,0,20,,104863,12,0,15,0,60,,104864,12,0,15,0,20,,104865,12,0,15,0,72,,104866,12,0,15,0,30,,104867,12,0,15,0,70,,104868,12,0,15,0
9500,'5462',610,,104872,12,0,15,0,30,,104874,12,0,15,0,60,,104875,12,0,15,0,20,,104876,12,0,15,0,20,,104877,12,0,15,0,15,,104878,12,0,15,0,54,,104873,12,0,15,0,15,,104879,12,0,15,0,14,,104880,12,0,15,0,14,,104881,12,0,15,0,55,,104882,12,0,15,0,15,,104883,12,0,15,0,14,,104884,12,0,15,0,15,,104885,12,0,15,0,55,,104887,12,0,15,0,15,,104888,12,0,15,0,15,,104886,12,0,15,0,15,,104889,12,0,15,0,54,,104890,12,0,15,0,15,,104891,12,0,15,0,15,,104892,12,0,15,0,15,,104939,12,0,15,0,55,,104893,12,0,15,0,15,,104938,12,0,15,0,14,,104894,12,0,15,0,14,,104937,12,0,15,0,55,,104895,12,0,15,0,15,,104896,12,0,15,0,15,,104897,12,0,15,0,15,,104898,12,0,15,0,54,,104899,12,0,15,0,15,,104900,12,0,15,0,15,,104901,12,0,15,0,15,,104902,12,0,15,0,53,,104903,12,0,15,0,12,,104904,12,0,15,0,13,,104905,12,0,15,0,13,,104906,12,0,15,0,11,,104907,12,0,15,0,52,,104908,12,0,15,0,13,,104909,12,0,15,0,12,,104910,12,0,15,0,13,,104911,12,0,15,0,12,,104912,12,0,15,0,54,,104913,12,0,15,0,15,,104914,12,0,15,0,18,,104915,12,0,15,0,15,,104916,12,0,15,0,55,,104917,12,0,15,0,16,,104918,12,0,15,0,15,,104919,12,0,15,0,15,,104920,12,0,15,0,55,,104921,12,0,15,0,15,,104922,12,0,15,0,16,,104923,12,0,15,0,15,,104924,12,0,15,0,55,,104925,12,0,15,0,15,,104926,12,0,15,0,15,,104927,12,0,15,0,15,,104929,12,0,15,0,55,,104930,12,0,15,0,21,,104928,12,0,15,0,20,,104931,12,0,15,0,60,,104932,12,0,15,0,20,,104933,12,0,15,0,72,,104934,12,0,15,0,30,,104935,12,0,15,0,70,,104936,12,0,15,0
9500,'5463',610,,104940,12,0,15,0,30,,104942,12,0,15,0,60,,104943,12,0,15,0,20,,104944,12,0,15,0,20,,104945,12,0,15,0,15,,104946,12,0,15,0,54,,104941,12,0,15,0,15,,104947,12,0,15,0,14,,104948,12,0,15,0,14,,104949,12,0,15,0,55,,104950,12,0,15,0,15,,104951,12,0,15,0,14,,104952,12,0,15,0,15,,104953,12,0,15,0,55,,104955,12,0,15,0,15,,104956,12,0,15,0,15,,104954,12,0,15,0,15,,104957,12,0,15,0,54,,104958,12,0,15,0,15,,104959,12,0,15,0,15,,104960,12,0,15,0,15,,105007,12,0,15,0,55,,104961,12,0,15,0,15,,105006,12,0,15,0,14,,104962,12,0,15,0,14,,105005,12,0,15,0,55,,104963,12,0,15,0,15,,104964,12,0,15,0,15,,104965,12,0,15,0,15,,104966,12,0,15,0,54,,104967,12,0,15,0,15,,104968,12,0,15,0,15,,104969,12,0,15,0,15,,104970,12,0,15,0,53,,104971,12,0,15,0,12,,104972,12,0,15,0,13,,104973,12,0,15,0,13,,104974,12,0,15,0,11,,104975,12,0,15,0,52,,104976,12,0,15,0,13,,104977,12,0,15,0,12,,104978,12,0,15,0,13,,104979,12,0,15,0,12,,104980,12,0,15,0,54,,104981,12,0,15,0,15,,104982,12,0,15,0,18,,104983,12,0,15,0,15,,104984,12,0,15,0,55,,104985,12,0,15,0,16,,104986,12,0,15,0,15,,104987,12,0,15,0,15,,104988,12,0,15,0,55,,104989,12,0,15,0,15,,104990,12,0,15,0,16,,104991,12,0,15,0,15,,104992,12,0,15,0,55,,104993,12,0,15,0,15,,104994,12,0,15,0,15,,104995,12,0,15,0,15,,104997,12,0,15,0,55,,104998,12,0,15,0,21,,104996,12,0,15,0,20,,104999,12,0,15,0,60,,105000,12,0,15,0,20,,105001,12,0,15,0,72,,105002,12,0,15,0,30,,105003,12,0,15,0,70,,105004,12,0,15,0
24005100,'5456',621,,98574,11,,,0,27,,105757,16,,,0,57,,98569,16,,,0,12,,98559,16,,,0,15,,98568,16,,,0,24,,98566,16,,,0,52,,98567,16,,,0,35,,105758,16,,,0,108,,98565,16,,,0,100,,105759,16,,,0,100,,98564,16,,,0,100,,98573,16,,,0,100,,105756,16,,,0,101,,98561,16,,,0,106,,98575,16,,,0,67,,98562,16,,,0,31,,98560,16,,,0
24005100,'5458',621,,98591,11,,,0,27,,105761,16,,,0,57,,98586,16,,,0,12,,98576,16,,,0,15,,98585,16,,,0,24,,98583,16,,,0,52,,98584,16,,,0,35,,105762,16,,,0,108,,98582,16,,,0,100,,105763,16,,,0,100,,98581,16,,,0,100,,98590,16,,,0,100,,105760,16,,,0,101,,98578,16,,,0,106,,98592,16,,,0,67,,98579,16,,,0,31,,98577,16,,,0
