601,'5456',550,,84193,26,,,0,55,,84194,26,,,0,29,,84195,26,,,0,24,,84196,26,,,0,56,,84207,26,,,0,15,,84197,26,,,0,7,,84214,26,,,0,15,,84198,26,,,0,56,,84201,26,,,0,14,,84208,26,,,0,19,,84199,26,,,0,17,,84200,26,,,0,56,,84202,26,,,0,16,,84221,26,,,0,20,,84203,26,,,0,62,,84212,26,,,0,24,,84204,26,,,0,23,,84205,26,,,0,63,,84206,26,,,0,24,,84209,26,,,0,64,,84210,26,,,0,24,,84211,26,,,0,25,,84213,26,,,0,66,,84215,26,,,0,23,,84216,26,,,0,61,,84217,26,,,0,20,,84218,26,,,0,20,,84219,26,,,0,60,,84220,26,,,0,19,,84222,26,,,0,11,,84244,16,,,0,5,,84223,26,,,0,10,,84224,26,,,0,60,,84225,26,,,0,19,,84226,26,,,0,20,,84227,26,,,0,62,,84228,26,,,0,21,,84229,26,,,0,24,,84230,26,,,0,63,,84231,26,,,0,12,,84232,26,,,0,24,,84233,26,,,0,70,,84234,26,,,0,73,,84235,26,,,0,36,,84237,26,,,0,18,,84236,26,,,0,76,,84239,26,,,0,21,,84238,26,,,0,90,,84240,26,,,0,100,,84241,26,,,0,70,,84243,26,,,0,31,,84242,26,,,0
601,'5458',550,,84245,26,,,0,55,,84246,26,,,0,29,,84247,26,,,0,24,,84248,26,,,0,56,,84259,26,,,0,15,,84249,26,,,0,7,,84266,26,,,0,15,,84250,26,,,0,56,,84253,26,,,0,14,,84260,26,,,0,19,,84251,26,,,0,17,,84252,26,,,0,56,,84254,26,,,0,16,,84273,26,,,0,20,,84255,26,,,0,62,,84264,26,,,0,24,,84256,26,,,0,23,,84257,26,,,0,63,,84258,26,,,0,24,,84261,26,,,0,64,,84262,26,,,0,24,,84263,26,,,0,25,,84265,26,,,0,66,,84267,26,,,0,23,,84268,26,,,0,61,,84269,26,,,0,20,,84270,26,,,0,20,,84271,26,,,0,60,,84272,26,,,0,19,,84274,26,,,0,11,,84300,16,,,0,5,,84275,26,,,0,10,,84276,26,,,0,60,,84277,26,,,0,19,,84278,26,,,0,20,,84279,26,,,0,62,,84280,26,,,0,21,,84281,26,,,0,24,,84282,26,,,0,63,,84283,26,,,0,12,,84284,26,,,0,24,,84285,26,,,0,70,,84286,26,,,0,73,,84287,26,,,0,36,,84289,26,,,0,18,,84288,26,,,0,76,,84291,26,,,0,21,,84290,26,,,0,90,,84292,26,,,0,100,,84293,26,,,0,70,,84295,26,,,0,31,,84294,26,,,0,70,,84297,26,,,0,30,,84299,26,,,0,71,,84296,26,,,0,30,,84298,26,,,0
601,'5459',610,,84303,26,,,0,23,,84304,26,,,0,20,,84301,26,,,0,78,,84305,26,,,0,16,,84306,26,,,0,60,,84307,26,,,0,33,,84308,26,,,0,14,,84309,26,,,0,55,,84310,26,,,0,28,,84311,26,,,0,13,,84312,26,,,0,53,,84302,26,,,0,23,,84313,26,,,0,12,,84314,26,,,0,12,,84315,26,,,0,64,,84317,26,,,0,12,,84318,26,,,0,12,,84316,26,,,0,64,,84319,26,,,0,12,,84320,26,,,0,12,,84321,26,,,0,23,,84328,26,,,0,52,,84322,26,,,0,12,,84323,26,,,0,24,,84324,26,,,0,10,,84325,26,,,0,11,,84326,26,,,0,60,,84329,26,,,0,10,,84330,26,,,0,11,,84331,26,,,0,61,,84327,26,,,0,11,,84332,26,,,0,10,,84337,26,,,0,21,,84333,26,,,0,10,,84334,26,,,0,50,,84335,26,,,0,21,,84336,26,,,0,10,,84338,26,,,0,10,,84339,26,,,0,11,,84340,26,,,0,64,,84341,26,,,0,12,,84342,26,,,0,12,,84343,26,,,0,12,,84344,26,,,0,64,,84345,26,,,0,12,,84346,26,,,0,13,,84347,26,,,0,15,,84348,26,,,0,70,,84349,26,,,0,15,,84350,26,,,0,15,,84351,26,,,0,76,,84352,26,,,0,18,,84353,26,,,0,76,,84354,26,,,0,18,,84355,26,,,0,82,,84356,26,,,0,25,,84357,26,,,0,95,,84358,26,,,0,65,,84359,26,,,0,30,,84360,26,,,0,70,,84361,26,,,0,30,,84362,26,,,0,70,,84363,26,,,0,29,,84364,26,,,0
601,'5460',652,,84402,26,,,0,95,,84376,26,,,0,85,,84385,26,,,0,19,,84375,26,,,0,80,,84401,26,,,0,17,,84390,26,,,0,55,,84412,26,,,0,31,,84365,26,,,0,16,,84404,26,,,0,55,,84392,26,,,0,30,,84374,26,,,0,15,,84367,26,,,0,52,,84366,26,,,0,24,,84394,26,,,0,12,,84369,26,,,0,12,,84370,26,,,0,52,,84384,26,,,0,24,,84368,26,,,0,12,,84409,26,,,0,12,,84393,26,,,0,52,,84373,26,,,0,24,,84383,26,,,0,12,,84372,26,,,0,12,,84371,26,,,0,52,,84407,26,,,0,24,,84379,26,,,0,12,,84380,26,,,0,12,,84382,26,,,0,52,,84381,26,,,0,24,,84408,26,,,0,12,,84387,26,,,0,12,,84377,26,,,0,52,,84378,26,,,0,24,,84413,26,,,0,12,,84389,26,,,0,13,,84405,26,,,0,56,,84386,26,,,0,30,,84391,26,,,0,19,,84388,26,,,0,57,,84399,26,,,0,36,,84396,26,,,0,58,,84395,26,,,0,34,,84397,26,,,0,17,,84398,26,,,0,75,,84403,26,,,0,20,,84406,26,,,0,95,,84400,26,,,0,70,,84411,26,,,0,90,,84410,26,,,0
601,'5461',652,,84451,26,,,0,95,,84425,26,,,0,85,,84434,26,,,0,19,,84424,26,,,0,80,,84450,26,,,0,17,,84439,26,,,0,55,,84461,26,,,0,31,,84414,26,,,0,16,,84453,26,,,0,55,,84441,26,,,0,30,,84423,26,,,0,15,,84416,26,,,0,52,,84415,26,,,0,24,,84443,26,,,0,12,,84418,26,,,0,12,,84419,26,,,0,52,,84433,26,,,0,24,,84417,26,,,0,12,,84458,26,,,0,12,,84442,26,,,0,52,,84422,26,,,0,24,,84432,26,,,0,12,,84421,26,,,0,12,,84420,26,,,0,52,,84456,26,,,0,24,,84428,26,,,0,12,,84429,26,,,0,12,,84431,26,,,0,52,,84430,26,,,0,24,,84457,26,,,0,12,,84436,26,,,0,12,,84426,26,,,0,52,,84427,26,,,0,24,,84462,26,,,0,12,,84438,26,,,0,13,,84454,26,,,0,56,,84435,26,,,0,30,,84440,26,,,0,19,,84437,26,,,0,57,,84448,26,,,0,36,,84445,26,,,0,58,,84444,26,,,0,34,,84446,26,,,0,17,,84447,26,,,0,75,,84452,26,,,0,20,,84455,26,,,0,95,,84449,26,,,0,70,,84460,26,,,0,90,,84459,26,,,0
601,'5462',652,,84500,26,,,0,95,,84474,26,,,0,85,,84483,26,,,0,19,,84473,26,,,0,80,,84499,26,,,0,17,,84488,26,,,0,55,,84510,26,,,0,31,,84463,26,,,0,16,,84502,26,,,0,55,,84490,26,,,0,30,,84472,26,,,0,15,,84465,26,,,0,52,,84464,26,,,0,24,,84492,26,,,0,12,,84467,26,,,0,12,,84468,26,,,0,52,,84482,26,,,0,24,,84466,26,,,0,12,,84507,26,,,0,12,,84491,26,,,0,52,,84471,26,,,0,24,,84481,26,,,0,12,,84470,26,,,0,12,,84469,26,,,0,52,,84505,26,,,0,24,,84477,26,,,0,12,,84478,26,,,0,12,,84480,26,,,0,52,,84479,26,,,0,24,,84506,26,,,0,12,,84485,26,,,0,12,,84475,26,,,0,52,,84476,26,,,0,24,,84511,26,,,0,12,,84487,26,,,0,13,,84503,26,,,0,56,,84484,26,,,0,30,,84489,26,,,0,19,,84486,26,,,0,57,,84497,26,,,0,36,,84494,26,,,0,58,,84493,26,,,0,34,,84495,26,,,0,17,,84496,26,,,0,75,,84501,26,,,0,20,,84504,26,,,0,95,,84498,26,,,0,70,,84509,26,,,0,90,,84508,26,,,0
601,'5463',652,,84549,26,,,0,95,,84523,26,,,0,85,,84532,26,,,0,19,,84522,26,,,0,80,,84548,26,,,0,17,,84537,26,,,0,55,,84559,26,,,0,31,,84512,26,,,0,16,,84551,26,,,0,55,,84539,26,,,0,30,,84521,26,,,0,15,,84514,26,,,0,52,,84513,26,,,0,24,,84541,26,,,0,12,,84516,26,,,0,12,,84517,26,,,0,52,,84531,26,,,0,24,,84515,26,,,0,12,,84556,26,,,0,12,,84540,26,,,0,52,,84520,26,,,0,24,,84530,26,,,0,12,,84519,26,,,0,12,,84518,26,,,0,52,,84554,26,,,0,24,,84526,26,,,0,12,,84527,26,,,0,12,,84529,26,,,0,52,,84528,26,,,0,24,,84555,26,,,0,12,,84534,26,,,0,12,,84524,26,,,0,52,,84525,26,,,0,24,,84560,26,,,0,12,,84536,26,,,0,13,,84552,26,,,0,56,,84533,26,,,0,30,,84538,26,,,0,19,,84535,26,,,0,57,,84546,26,,,0,36,,84543,26,,,0,58,,84542,26,,,0,34,,84544,26,,,0,17,,84545,26,,,0,75,,84550,26,,,0,20,,84553,26,,,0,95,,84547,26,,,0,70,,84558,26,,,0,90,,84557,26,,,0
1000601,'5456',620,,98066,34,,,0,87,,98070,34,,,0,36,,98076,34,,,0,71,,98067,34,,,0,35,,98073,34,,,0,72,,98068,34,,,0,79,,98069,34,,,0,47,,98071,34,,,0,86,,98074,34,,,0,88,,98072,34,,,0,90,,98075,34,,,0,47,,98078,34,,,0,80,,98080,34,,,0,80,,98077,34,,,0,85,,98079,34,,,0,37,,98081,34,,,0,84,,98082,34,,,0,86,,98083,34,,,0,103,,98084,34,,,0,106,,98085,34,,,0,94,,98086,34,,,0,99,,98087,34,,,0,100,,98088,34,,,0
1000601,'5458',620,,98089,34,,,0,87,,98093,34,,,0,36,,98099,34,,,0,71,,98090,34,,,0,35,,98096,34,,,0,72,,98091,34,,,0,79,,98092,34,,,0,47,,98094,34,,,0,86,,98097,34,,,0,88,,98095,34,,,0,90,,98098,34,,,0,47,,98101,34,,,0,80,,98103,34,,,0,80,,98100,34,,,0,85,,98102,34,,,0,37,,98104,34,,,0,84,,98105,34,,,0,86,,98106,34,,,0,103,,98107,34,,,0,106,,98108,34,,,0,94,,98109,34,,,0,99,,98110,34,,,0,100,,98111,34,,,0
1000601,'5459',713,,98112,34,,,0,111,,98113,34,,,0,100,,98114,34,,,0,90,,98115,34,,,0,88,,98116,34,,,0,48,,98117,34,,,0,88,,98118,34,,,0,88,,98119,34,,,0,82,,98121,34,,,0,42,,98120,34,,,0,82,,98122,34,,,0,81,,98123,34,,,0,93,,98124,34,,,0,100,,98125,34,,,0,107,,98126,34,,,0,103,,98127,34,,,0,94,,98128,34,,,0,98,,98129,34,,,0,110,,98130,34,,,0
1000601,'5460',722,,98138,34,,,0,90,,98144,34,,,0,99,,98132,34,,,0,107,,98136,34,,,0,102,,98131,34,,,0,94,,98146,34,,,0,100,,98133,34,,,0,100,,98134,34,,,0,100,,98140,34,,,0,100,,98137,34,,,0,100,,98135,34,,,0,108,,98139,34,,,0,109,,98141,34,,,0,93,,98143,34,,,0,91,,98142,34,,,0,106,,98145,34,,,0
1000601,'5461',722,,98154,34,,,0,90,,98160,34,,,0,99,,98148,34,,,0,107,,98152,34,,,0,102,,98147,34,,,0,94,,98162,34,,,0,100,,98149,34,,,0,100,,98150,34,,,0,100,,98156,34,,,0,100,,98153,34,,,0,100,,98151,34,,,0,108,,98155,34,,,0,109,,98157,34,,,0,93,,98159,34,,,0,91,,98158,34,,,0,106,,98161,34,,,0
1000601,'5462',722,,98170,34,,,0,90,,98176,34,,,0,99,,98164,34,,,0,107,,98168,34,,,0,102,,98163,34,,,0,94,,98178,34,,,0,100,,98165,34,,,0,100,,98166,34,,,0,100,,98172,34,,,0,100,,98169,34,,,0,100,,98167,34,,,0,108,,98171,34,,,0,109,,98173,34,,,0,93,,98175,34,,,0,91,,98174,34,,,0,106,,98177,34,,,0
1000601,'5463',722,,98186,34,,,0,90,,98192,34,,,0,99,,98180,34,,,0,107,,98184,34,,,0,102,,98179,34,,,0,94,,98194,34,,,0,100,,98181,34,,,0,100,,98182,34,,,0,100,,98188,34,,,0,100,,98185,34,,,0,100,,98183,34,,,0,108,,98187,34,,,0,109,,98189,34,,,0,93,,98191,34,,,0,91,,98190,34,,,0,106,,98193,34,,,0
2000601,'5456',646,,98387,29,,,0,75,,98386,29,,,0,38,,98398,29,,,0,71,,98389,29,,,0,75,,98396,29,,,0,32,,98388,29,,,0,86,,98390,29,,,0,87,,98391,29,,,0,47,,98392,29,,,0,89,,98393,29,,,0,90,,98394,29,,,0,82,,98395,29,,,0,40,,98397,29,,,0,78,,98400,29,,,0,86,,98399,29,,,0,81,,98401,29,,,0,44,,98402,29,,,0,99,,98403,29,,,0,97,,98404,29,,,0
2000601,'5458',646,,98406,29,,,0,75,,98405,29,,,0,38,,98417,29,,,0,71,,98408,29,,,0,75,,98415,29,,,0,32,,98407,29,,,0,86,,98409,29,,,0,87,,98410,29,,,0,47,,98411,29,,,0,89,,98412,29,,,0,90,,98413,29,,,0,82,,98414,29,,,0,40,,98416,29,,,0,78,,98419,29,,,0,86,,98418,29,,,0,81,,98420,29,,,0,44,,98421,29,,,0,99,,98422,29,,,0,97,,98423,29,,,0
