7101,'5456',612,,103604,20,,,0,30,,103605,20,,,0,86,,103606,20,,,0
7101,'5458',612,,103607,20,,,0,30,,103608,20,,,0,86,,103609,20,,,0
8701,'5456',630,,104398,9,,,0,197,,104399,9,,,0,201,,104400,9,,,0,199,,104401,9,,,0,199,,96667,9,,,0,203,,96668,9,,,0
8701,'5458',630,,104402,9,,,0,197,,104403,9,,,0,201,,104404,9,,,0,199,,104405,9,,,0,199,,96673,9,,,0,203,,96674,9,,,0
8801,'5456',720,,96757,9,,,0,200,,104445,9,,,0,200,,96759,9,,,0,199,,104446,9,,,0,200,,104447,9,,,0,206,,96762,9,,,0,103,,96763,9,,,0
8801,'5458',720,,96764,9,,,0,200,,104448,9,,,0,200,,96766,9,,,0,199,,104449,9,,,0,200,,104450,9,,,0,206,,96769,9,,,0,103,,96770,9,,,0
8801,'5459',755,,104451,9,,,0,99,,96782,9,,,0,99,,96783,9,,,0,100,,96784,9,,,0,98,,96775,9,,,0,100,,96776,9,,,0,100,,96778,9,,,0,100,,96779,9,,,0,102,,96777,9,,,0,100,,96780,9,,,0,98,,96772,9,,,0,100,,96773,9,,,0,102,,96774,9,,,0,100,,96771,9,,,0
8801,'5460',756,,104459,9,,,0,94,,96794,9,,,0,100,,96795,9,,,0,100,,96796,9,,,0,100,,96797,9,,,0,100,,96798,9,,,0,99,,96788,9,,,0,100,,104455,9,,,0,101,,104456,9,,,0,101,,104457,9,,,0,102,,104458,9,,,0,99,,104453,9,,,0,100,,104454,9,,,0,98,,104452,9,,,0
8801,'5461',756,,104467,9,,,0,94,,96808,9,,,0,100,,96809,9,,,0,100,,96810,9,,,0,100,,96811,9,,,0,100,,96812,9,,,0,99,,96802,9,,,0,100,,104463,9,,,0,101,,104464,9,,,0,101,,104465,9,,,0,102,,104466,9,,,0,99,,104461,9,,,0,100,,104462,9,,,0,98,,104460,9,,,0
8801,'5462',756,,104475,9,,,0,94,,96822,9,,,0,100,,96823,9,,,0,100,,96824,9,,,0,100,,96825,9,,,0,100,,96826,9,,,0,99,,96816,9,,,0,100,,104471,9,,,0,101,,104472,9,,,0,101,,104473,9,,,0,102,,104474,9,,,0,99,,104469,9,,,0,100,,104470,9,,,0,98,,104468,9,,,0
8801,'5463',756,,104483,9,,,0,94,,96836,9,,,0,100,,96837,9,,,0,100,,96838,9,,,0,100,,96839,9,,,0,100,,96840,9,,,0,99,,96830,9,,,0,100,,104479,9,,,0,101,,104480,9,,,0,101,,104481,9,,,0,102,,104482,9,,,0,99,,104477,9,,,0,100,,104478,9,,,0,98,,104476,9,,,0
1008801,'5456',648,,98316,5,,,0,106,,98320,5,,,0,96,,98319,5,,,0,100,,105716,5,,,0,100,,105717,5,,,0,99,,98321,5,,,0,100,,98322,5,,,0,100,,105718,5,,,0,100,,98324,5,,,0,100,,105719,5,,,0,100,,105720,5,,,0,108,,98327,5,,,0,99,,98328,5,,,0,71,,98329,5,,,0,101,,98330,5,,,0
1008801,'5458',648,,98331,5,,,0,106,,98335,5,,,0,96,,98334,5,,,0,100,,105721,5,,,0,100,,105722,5,,,0,99,,98336,5,,,0,100,,98337,5,,,0,100,,105723,5,,,0,100,,98339,5,,,0,100,,105724,5,,,0,100,,105725,5,,,0,108,,98342,5,,,0,99,,98343,5,,,0,71,,98344,5,,,0,101,,98345,5,,,0
