801,'5456',711,,85130,40,,,0,18,,99388,30,,,0,18,,85131,40,,,0,65,,99387,40,,,0,27,,85132,40,,,0,75,,85135,40,,,0,44,,85133,40,,,0,84,,85136,40,,,0,73,,85138,40,,,0,42,,85137,40,,,0,86,,85140,40,,,0,79,,85139,40,,,0,85,,85143,40,,,0,51,,85141,40,,,0,69,,85155,40,0,8 9,0,17,,85142,40,,,0,74,,85145,40,,,0,33,,85144,40,,,0,73,,85147,40,,,0,78,,85146,40,,,0,29,,85149,40,,,0,70,,85148,40,,,0,33,,85150,40,,,0,85,,85151,40,,,0,97,,85152,40,,,0,43,,85153,40,,,0
801,'5458',711,,85156,40,,,0,18,,99390,30,,,0,18,,85157,40,,,0,65,,99389,40,,,0,27,,85158,40,,,0,75,,85161,40,,,0,44,,85159,40,,,0,84,,85162,40,,,0,73,,85164,40,,,0,42,,85163,40,,,0,86,,85166,40,,,0,79,,85165,40,,,0,85,,85169,40,,,0,51,,85167,40,,,0,69,,85181,40,0,8 9,0,17,,85168,40,,,0,74,,85171,40,,,0,33,,85170,40,,,0,73,,85173,40,,,0,78,,85172,40,,,0,29,,85175,40,,,0,70,,85174,40,,,0,33,,85176,40,,,0,85,,85177,40,,,0,97,,85178,40,,,0,43,,85179,40,,,0
801,'5459',742,,85183,40,0,8 9,0,85,,85184,40,0,8 9,0,86,,85185,40,0,8 9,0,87,,85186,40,0,8 9,0,45,,85187,40,0,8 9,0,93,,85188,40,0,8 9,0,89,,85189,40,0,8 9,0,91,,85190,40,0,8 9,0,93,,85182,40,0,8 9,0,90,,85191,40,0,8 9,0,52,,85192,40,0,8 9,0,90,,85193,40,0,8 9,0,88,,85194,40,0,8 9,0,85,,85195,40,0,8 9,0,42,,85196,40,0,8 9,0
801,'5460',959,,85198,40,0,8 9,0,86,,85199,40,0,8 9,0,91,,99392,40,0,8 9,0,89,,85201,40,0,8 9,0,91,,99391,40,0,8 9,0,93,,85202,40,0,8 9,0,50,,99393,40,0,8 9,0,92,,85204,40,0,8 9,0,89,,99394,40,0,8 9,0,89,,85206,40,0,8 9,0,86,,99395,40,0,8 9,0
801,'5461',959,,99396,40,0,8 9,0,86,,85210,40,0,8 9,0,91,,85211,40,0,8 9,0,89,,85212,40,0,8 9,0,91,,85208,40,0,8 9,0,93,,85213,40,0,8 9,0,50,,85214,40,0,8 9,0,92,,85215,40,0,8 9,0,89,,85216,40,0,8 9,0,89,,85217,40,0,8 9,0,86,,85218,40,0,8 9,0
801,'5462',959,,99397,40,0,8 9,0,86,,85221,40,0,8 9,0,91,,85222,40,0,8 9,0,89,,85223,40,0,8 9,0,91,,85219,40,0,8 9,0,93,,85224,40,0,8 9,0,50,,85225,40,0,8 9,0,92,,85226,40,0,8 9,0,89,,85227,40,0,8 9,0,89,,85228,40,0,8 9,0,86,,85229,40,0,8 9,0
801,'5463',959,,99398,40,0,8 9,0,86,,85232,40,0,8 9,0,91,,85233,40,0,8 9,0,89,,85234,40,0,8 9,0,91,,85230,40,0,8 9,0,93,,85235,40,0,8 9,0,50,,85236,40,0,8 9,0,92,,85237,40,0,8 9,0,89,,85238,40,0,8 9,0,89,,85239,40,0,8 9,0,86,,85240,40,0,8 9,0
901,'5456',1715,,85256,29,,,0,40,,85257,29,,,0
901,'5458',1715,,85264,29,,,0,40,,85265,29,,,0
2501,'5456',658,,100880,66,,,0,81,,100881,66,,,0,120,,89233,66,,,0,150,,100882,66,,,0,101,,100883,66,,,0,101,,100884,66,,,0,100,,100885,66,,,0,101,,100886,66,,,0,119,,100887,66,,,0,94,,100888,66,,,0,91,,89239,66,,,0,36,,89240,66,,,0,83,,100889,66,,,0,82,,100890,66,,,0,92,,100891,66,,,0,103,,100892,66,,,0,130,,100893,66,,,0,168,,100894,66,,,0
2501,'5458',658,,100895,66,,,0,81,,100896,66,,,0,120,,89252,66,,,0,150,,100897,66,,,0,101,,100898,66,,,0,101,,100899,66,,,0,100,,100900,66,,,0,101,,100901,66,,,0,119,,100902,66,,,0,94,,100903,66,,,0,91,,89258,66,,,0,36,,89259,66,,,0,83,,100904,66,,,0,82,,100905,66,,,0,92,,100906,66,,,0,103,,100907,66,,,0,130,,100908,66,,,0,168,,100909,66,,,0
2501,'5459',759,,100912,66,,,0,142,,100910,66,,,0,107,,89268,66,,,0,103,,100911,66,,,0,99,,100913,66,,,0,95,,89272,66,,,0,100,,89271,66,,,0,99,,89270,66,,,0,100,,89273,66,,,0,101,,89274,66,,,0,117,,89276,66,,,0,127,,100914,66,,,0,165,,100915,66,,,0,129,,100916,66,,,0,169,,100917,66,,,0
2501,'5460',917,,100919,66,,,0,132,,100918,66,,,0,170,,100920,66,,,0,131,,100921,66,,,0,172,,100922,66,,,0,131,,100923,66,,,0,166,,100924,66,,,0,129,,100925,66,,,0,169,,100926,66,,,0,123,,100927,66,,,0,169,,100928,66,,,0
2501,'5461',917,,100930,66,,,0,132,,100929,66,,,0,170,,100931,66,,,0,131,,100932,66,,,0,172,,100933,66,,,0,131,,100934,66,,,0,166,,100935,66,,,0,129,,100936,66,,,0,169,,100937,66,,,0,123,,100938,66,,,0,169,,100939,66,,,0
2501,'5462',917,,100941,66,,,0,132,,100940,66,,,0,170,,100942,66,,,0,131,,100943,66,,,0,172,,100944,66,,,0,131,,100945,66,,,0,166,,100946,66,,,0,129,,100947,66,,,0,169,,100948,66,,,0,123,,100949,66,,,0,169,,100950,66,,,0
2501,'5463',917,,100952,66,,,0,132,,100951,66,,,0,170,,100953,66,,,0,131,,100954,66,,,0,172,,100955,66,,,0,131,,100956,66,,,0,166,,100957,66,,,0,129,,100958,66,,,0,169,,100959,66,,,0,123,,100960,66,,,0,169,,100961,66,,,0
2600,'5456',555,,100962,14,,,0,68,,89326,14,,,0,22,,89327,14,,,0,58,,89328,14,,,0,11,,89329,14,,,0,15,,100963,14,,,0,6,,89332,14,,,0,7,,89333,14,,,0,7,,89334,14,,,0,8,,100964,14,,,0,56,,89337,14,,,0,16,,89339,14,,,0,16,,89341,14,,,0,56,,89343,14,,,0,16,,89345,14,,,0,16,,100966,14,,,0,16,,100968,14,,,0,56,,100969,14,,,0,16,,100970,14,,,0,14,,89352,14,,,0,15,,89353,14,,,0,55,,89354,14,,,0,17,,89355,14,,,0,14,,89356,14,,,0,16,,89357,14,,,0,56,,100971,14,,,0,15,,89359,14,,,0,14,,89360,14,,,0,15,,89361,14,,,0,55,,100972,14,,,0,16,,100973,14,,,0,14,,100974,14,,,0,15,,100976,14,,,0,55,,100977,14,,,0,13,,89368,14,,,0,13,,89369,14,,,0,12,,100978,14,,,0,10,,100980,14,,,0,53,,100981,14,,,0,14,,100982,14,,,0,12,,100983,14,,,0,12,,89376,14,,,0,12,,100984,14,,,0,53,,100985,14,,,0,12,,89379,14,,,0,11,,89380,14,,,0,11,,89381,14,,,0,14,,89382,14,,,0,51,,100986,14,,,0,13,,100987,14,,,0,13,,100988,14,,,0,16,,89386,14,,,0,54,,100989,14,,,0,15,,89388,14,,,0,17,,89389,14,,,0,13,,89390,14,,,0,55,,100990,14,,,0,15,,100991,14,,,0,20,,89393,14,,,0,60,,89394,14,,,0,20,,89395,14,,,0,20,,89396,14,,,0,60,,100992,14,,,0,19,,89398,14,,,0,23,,89399,14,,,0,73,,89400,14,,,0,30,,100993,14,,,0,70,,89402,14,,,0,29,,89403,14,,,0,71,,100994,14,,,0,30,,89405,14,,,0
2600,'5458',555,,100995,14,,,0,68,,89408,14,,,0,22,,89409,14,,,0,58,,89410,14,,,0,11,,89411,14,,,0,15,,100996,14,,,0,6,,89414,14,,,0,7,,89415,14,,,0,7,,89416,14,,,0,8,,100997,14,,,0,56,,89419,14,,,0,16,,89421,14,,,0,16,,89423,14,,,0,56,,89425,14,,,0,16,,89427,14,,,0,16,,100999,14,,,0,16,,101001,14,,,0,56,,101002,14,,,0,16,,101003,14,,,0,14,,89434,14,,,0,15,,89435,14,,,0,55,,89436,14,,,0,17,,89437,14,,,0,14,,89438,14,,,0,16,,89439,14,,,0,56,,101004,14,,,0,15,,89441,14,,,0,14,,89442,14,,,0,15,,89443,14,,,0,55,,101005,14,,,0,16,,101006,14,,,0,14,,101007,14,,,0,15,,101009,14,,,0,55,,101010,14,,,0,13,,89450,14,,,0,13,,89451,14,,,0,12,,101011,14,,,0,10,,101013,14,,,0,53,,101014,14,,,0,14,,101015,14,,,0,12,,101016,14,,,0,12,,89458,14,,,0,12,,101017,14,,,0,53,,101018,14,,,0,12,,89461,14,,,0,11,,89462,14,,,0,11,,89463,14,,,0,14,,89464,14,,,0,51,,101019,14,,,0,13,,101020,14,,,0,13,,101021,14,,,0,16,,89468,14,,,0,54,,101022,14,,,0,15,,89470,14,,,0,17,,89471,14,,,0,13,,89472,14,,,0,55,,101023,14,,,0,15,,101024,14,,,0,20,,89475,14,,,0,60,,89476,14,,,0,20,,89477,14,,,0,20,,89478,14,,,0,60,,101025,14,,,0,19,,89480,14,,,0,23,,89481,14,,,0,73,,89482,14,,,0,30,,101026,14,,,0,70,,89484,14,,,0,29,,89485,14,,,0,71,,101027,14,,,0,30,,89487,14,,,0,100,,101028,14,,,0
2600,'5459',639,,101029,14,,,0,71,,89492,14,,,0,30,,89493,14,,,0,18,,101030,14,,,0,57,,101031,14,,,0,17,,89496,14,,,0,17,,89497,14,,,0,57,,89498,14,,,0,17,,89499,14,,,0,17,,101032,14,,,0,17,,89501,14,,,0,57,,101033,14,,,0,17,,89503,14,,,0,18,,89504,14,,,0,58,,89505,14,,,0,17,,89490,14,,,0,18,,89506,14,,,0,59,,101034,14,,,0,17,,89508,14,,,0,17,,101035,14,,,0,17,,101036,14,,,0,57,,89511,14,,,0,17,,89512,14,,,0,17,,89513,14,,,0,58,,101037,14,,,0,16,,89515,14,,,0,16,,89516,14,,,0,17,,101038,14,,,0,57,,101039,14,,,0,17,,89519,14,,,0,17,,89520,14,,,0,17,,101040,14,,,0,56,,89522,14,,,0,15,,89523,14,,,0,15,,89524,14,,,0,56,,101041,14,,,0,16,,89526,14,,,0,16,,89527,14,,,0,16,,101042,14,,,0,57,,101043,14,,,0,17,,89530,14,,,0,20,,101044,14,,,0,59,,89532,14,,,0,20,,89533,14,,,0,20,,101045,14,,,0,60,,89535,14,,,0,20,,101046,14,,,0,20,,89537,14,,,0,60,,89538,14,,,0,20,,101047,14,,,0,25,,89540,14,,,0,70,,101048,14,,,0,30,,89542,14,,,0,71,,89543,14,,,0,30,,101049,14,,,0,70,,89545,14,,,0,30,,89546,14,,,0,101,,89547,14,,,0
2600,'5460',703,,89564,14,,,0,27,,101055,14,,,0,21,,101050,14,,,0,63,,89548,14,,,0,23,,89566,14,,,0,20,,101056,14,,,0,67,,101051,14,,,0,22,,89549,14,,,0,60,,89567,14,,,0,24,,101052,14,,,0,20,,89550,14,,,0,58,,89556,14,,,0,18,,89552,14,,,0,19,,89565,14,,,0,59,,89553,14,,,0,20,,101053,14,,,0,18,,89551,14,,,0,58,,89568,14,,,0,18,,89560,14,,,0,18,,89563,14,,,0,20,,89561,14,,,0,58,,101054,14,,,0,17,,89557,14,,,0,18,,89569,14,,,0,58,,89559,14,,,0,17,,89562,14,,,0,18,,89578,14,,,0,58,,101057,14,,,0,17,,89575,14,,,0,18,,89584,14,,,0,18,,89577,14,,,0,58,,89580,14,,,0,17,,89576,14,,,0,17,,101058,14,,,0,56,,89574,14,,,0,20,,89583,14,,,0,19,,89579,14,,,0,60,,89581,14,,,0,19,,89589,14,,,0,20,,89587,14,,,0,19,,89591,14,,,0,60,,89588,14,,,0,20,,89590,14,,,0,20,,89592,14,,,0,60,,89586,14,,,0,30,,89594,14,,,0,69,,101059,14,,,0,30,,89595,14,,,0,70,,89596,14,,,0,38,,101060,14,,,0
2600,'5461',703,,101065,14,,,0,27,,89622,14,,,0,21,,89604,14,,,0,63,,89598,14,,,0,23,,89616,14,,,0,20,,89623,14,,,0,67,,89605,14,,,0,22,,89599,14,,,0,60,,89617,14,,,0,24,,89608,14,,,0,20,,101061,14,,,0,58,,89606,14,,,0,18,,89602,14,,,0,19,,89615,14,,,0,59,,89603,14,,,0,20,,89620,14,,,0,18,,101062,14,,,0,58,,101066,14,,,0,18,,89610,14,,,0,18,,89613,14,,,0,20,,89611,14,,,0,58,,89621,14,,,0,17,,101063,14,,,0,18,,101067,14,,,0,58,,101064,14,,,0,17,,89612,14,,,0,18,,89628,14,,,0,58,,89632,14,,,0,17,,101069,14,,,0,18,,89634,14,,,0,18,,101070,14,,,0,58,,89630,14,,,0,17,,89626,14,,,0,17,,89635,14,,,0,56,,101068,14,,,0,20,,89633,14,,,0,19,,89629,14,,,0,60,,101071,14,,,0,19,,101074,14,,,0,20,,101073,14,,,0,19,,101076,14,,,0,60,,89638,14,,,0,20,,101075,14,,,0,20,,101077,14,,,0,60,,101072,14,,,0,30,,101078,14,,,0,69,,89643,14,,,0,30,,101079,14,,,0,70,,101080,14,,,0,38,,101081,14,,,0
2600,'5462',703,,101086,14,,,0,27,,89672,14,,,0,21,,89654,14,,,0,63,,89648,14,,,0,23,,89666,14,,,0,20,,89673,14,,,0,67,,89655,14,,,0,22,,89649,14,,,0,60,,89667,14,,,0,24,,89658,14,,,0,20,,101082,14,,,0,58,,89656,14,,,0,18,,89652,14,,,0,19,,89665,14,,,0,59,,89653,14,,,0,20,,89670,14,,,0,18,,101083,14,,,0,58,,101087,14,,,0,18,,89660,14,,,0,18,,89663,14,,,0,20,,89661,14,,,0,58,,89671,14,,,0,17,,101084,14,,,0,18,,101088,14,,,0,58,,101085,14,,,0,17,,89662,14,,,0,18,,89678,14,,,0,58,,89682,14,,,0,17,,101090,14,,,0,18,,89684,14,,,0,18,,101091,14,,,0,58,,89680,14,,,0,17,,89676,14,,,0,17,,89685,14,,,0,56,,101089,14,,,0,20,,89683,14,,,0,19,,89679,14,,,0,60,,101092,14,,,0,19,,101095,14,,,0,20,,101094,14,,,0,19,,101097,14,,,0,60,,89688,14,,,0,20,,101096,14,,,0,20,,101098,14,,,0,60,,101093,14,,,0,30,,101099,14,,,0,69,,89693,14,,,0,30,,101100,14,,,0,70,,101101,14,,,0,38,,101102,14,,,0
2600,'5463',703,,101107,14,,,0,27,,89722,14,,,0,21,,89704,14,,,0,63,,89698,14,,,0,23,,89716,14,,,0,20,,89723,14,,,0,67,,89705,14,,,0,22,,89699,14,,,0,60,,89717,14,,,0,24,,89708,14,,,0,20,,101103,14,,,0,58,,89706,14,,,0,18,,89702,14,,,0,19,,89715,14,,,0,59,,89703,14,,,0,20,,89720,14,,,0,18,,101104,14,,,0,58,,101108,14,,,0,18,,89710,14,,,0,18,,89713,14,,,0,20,,89711,14,,,0,58,,89721,14,,,0,17,,101105,14,,,0,18,,101109,14,,,0,58,,101106,14,,,0,17,,89712,14,,,0,18,,89728,14,,,0,58,,89732,14,,,0,17,,101111,14,,,0,18,,89734,14,,,0,18,,101112,14,,,0,58,,89730,14,,,0,17,,89726,14,,,0,17,,89735,14,,,0,56,,101110,14,,,0,20,,89733,14,,,0,19,,89729,14,,,0,60,,101113,14,,,0,19,,101116,14,,,0,20,,101115,14,,,0,19,,101118,14,,,0,60,,89738,14,,,0,20,,101117,14,,,0,20,,101119,14,,,0,60,,101114,14,,,0,30,,101120,14,,,0,69,,89743,14,,,0,30,,101121,14,,,0,70,,101122,14,,,0,38,,101123,14,,,0
