701,'5456',619,,84790,21,,,0,30,,84805,21,,,0,65,,84792,21,,,0,15,,84819,21,,,0,18,,84791,21,,,0,11,,84832,21,,,0,46,,84827,21,,,0,10,,84833,21,,,0,7,,84813,21,,,0,10,,84834,21,,,0,8,,84794,21,,,0,16,,84816,21,,,0,57,,84806,21,,,0,14,,84825,21,,,0,19,,84795,21,,,0,60,,84796,21,,,0,20,,84829,21,,,0,19,,84812,21,,,0,61,,84793,21,,,0,20,,84817,21,,,0,21,,84823,21,,,0,60,,84797,21,,,0,20,,84798,21,,,0,25,,84831,21,,,0,60,,84814,21,,,0,20,,84800,21,,,0,21,,84818,21,,,0,59,,84824,21,,,0,22,,84799,21,,,0,23,,84801,21,,,0,62,,84835,21,,,0,20,,84828,21,,,0,18,,84807,21,,,0,54,,84802,21,,,0,24,,84837,21,,,0,19,,84815,21,,,0,56,,84820,21,,,0,19,,84803,21,,,0,14,,84804,21,,,0,16,,84836,21,,,0,58,,84826,21,,,0,19,,84809,21,,,0,17,,84810,21,,,0,70,,84821,21,,,0,29,,84808,21,,,0,70,,84830,21,,,0,29,,84811,21,,,0,70,,84822,21,,,0
701,'5458',619,,84838,21,,,0,30,,84853,21,,,0,65,,84840,21,,,0,15,,84867,21,,,0,18,,84839,21,,,0,11,,84880,21,,,0,46,,84875,21,,,0,10,,84881,21,,,0,7,,84861,21,,,0,10,,84882,21,,,0,8,,84842,21,,,0,16,,84864,21,,,0,57,,84854,21,,,0,14,,84873,21,,,0,19,,84843,21,,,0,60,,84844,21,,,0,20,,84877,21,,,0,19,,84860,21,,,0,61,,84841,21,,,0,20,,84865,21,,,0,21,,84871,21,,,0,60,,84845,21,,,0,20,,84846,21,,,0,25,,84879,21,,,0,60,,84862,21,,,0,20,,84848,21,,,0,21,,84866,21,,,0,59,,84872,21,,,0,22,,84847,21,,,0,23,,84849,21,,,0,62,,84883,21,,,0,20,,84876,21,,,0,18,,84855,21,,,0,54,,84850,21,,,0,24,,84885,21,,,0,19,,84863,21,,,0,56,,84868,21,,,0,19,,84851,21,,,0,14,,84852,21,,,0,16,,84884,21,,,0,58,,84874,21,,,0,19,,84857,21,,,0,17,,84858,21,,,0,70,,84869,21,,,0,29,,84856,21,,,0,70,,84878,21,,,0,29,,84859,21,,,0,70,,84870,21,,,0
701,'5459',709,,84913,21,,,0,30,,84897,21,,,0,73,,84906,21,,,0,31,,84890,21,,,0,70,,84914,21,,,0,29,,84898,21,,,0,73,,84907,21,,,0,27,,84886,21,,,0,70,,84888,21,,,0,29,,84908,21,,,0,71,,84894,21,,,0,29,,84901,21,,,0,68,,84887,21,,,0,31,,84889,21,,,0,70,,84909,21,,,0,30,,84893,21,,,0,69,,84902,21,,,0,31,,84891,21,,,0,70,,84892,21,,,0,33,,84910,21,,,0,70,,84895,21,,,0,29,,84904,21,,,0,71,,84896,21,,,0,29,,84899,21,,,0,69,,84911,21,,,0,30,,84900,21,,,0,75,,84905,21,,,0,36,,84903,21,,,0,68,,84912,21,,,0
701,'5460',718,,84927,21,,,0,40,,84916,21,,,0,80,,84928,21,,,0,76,,84929,21,,,0,25,,84915,21,,,0,69,,84917,21,,,0,31,,84930,21,,,0,69,,84918,21,,,0,31,,84933,21,,,0,69,,84919,21,,,0,31,,84920,21,,,0,70,,84932,21,,,0,28,,84931,21,,,0,70,,84934,21,,,0,30,,84935,21,,,0,69,,84922,21,,,0,31,,84923,21,,,0,73,,84925,21,,,0,32,,84924,21,,,0,69,,84921,21,,,0,30,,84926,21,,,0,69,,84936,21,,,0,32,,84937,21,,,0,74,,84938,21,,,0,34,,84940,21,,,0,69,,84939,21,,,0
701,'5461',718,,84953,21,,,0,40,,84942,21,,,0,80,,84954,21,,,0,76,,84955,21,,,0,25,,84941,21,,,0,69,,84943,21,,,0,31,,84956,21,,,0,69,,84944,21,,,0,31,,84959,21,,,0,69,,84945,21,,,0,31,,84946,21,,,0,70,,84958,21,,,0,28,,84957,21,,,0,70,,84960,21,,,0,30,,84961,21,,,0,69,,84948,21,,,0,31,,84949,21,,,0,73,,84951,21,,,0,32,,84950,21,,,0,69,,84947,21,,,0,30,,84952,21,,,0,69,,84962,21,,,0,32,,84963,21,,,0,74,,84964,21,,,0,34,,84966,21,,,0,69,,84965,21,,,0
701,'5462',718,,84979,21,,,0,40,,84968,21,,,0,80,,84980,21,,,0,76,,84981,21,,,0,25,,84967,21,,,0,69,,84969,21,,,0,31,,84982,21,,,0,69,,84970,21,,,0,31,,84985,21,,,0,69,,84971,21,,,0,31,,84972,21,,,0,70,,84984,21,,,0,28,,84983,21,,,0,70,,84986,21,,,0,30,,84987,21,,,0,69,,84974,21,,,0,31,,84975,21,,,0,73,,84977,21,,,0,32,,84976,21,,,0,69,,84973,21,,,0,30,,84978,21,,,0,69,,84988,21,,,0,32,,84989,21,,,0,74,,84990,21,,,0,34,,84992,21,,,0,69,,84991,21,,,0
701,'5463',718,,85005,21,,,0,40,,84994,21,,,0,80,,85006,21,,,0,76,,85007,21,,,0,25,,84993,21,,,0,69,,84995,21,,,0,31,,85008,21,,,0,69,,84996,21,,,0,31,,85011,21,,,0,69,,84997,21,,,0,31,,84998,21,,,0,70,,85010,21,,,0,28,,85009,21,,,0,70,,85012,21,,,0,30,,85013,21,,,0,69,,85000,21,,,0,31,,85001,21,,,0,73,,85003,21,,,0,32,,85002,21,,,0,69,,84999,21,,,0,30,,85004,21,,,0,69,,85014,21,,,0,32,,85015,21,,,0,74,,85016,21,,,0,34,,85018,21,,,0,69,,85017,21,,,0
14000701,'5456',2151,,98463,26,,,0,72,,98467,26,,,0,28,,98462,26,,,0,70,,98465,26,,,0,36,,98464,26,,,0,68,,98466,26,,,0
14000701,'5458',2151,,98469,26,,,0,72,,98473,26,,,0,28,,98468,26,,,0,70,,98471,26,,,0,36,,98470,26,,,0,68,,98472,26,,,0
14000701,'5459',2152,,98474,26,,,0,72,,98475,26,,,0,30,,98477,26,,,0,69,,98476,26,,,0,35,,98478,26,,,0,67,,98479,26,,,0
14000701,'5460',2051,,98480,26,,,0,70,,98482,26,,,0,80,,98481,26,,,0,22,,98483,26,,,0,99,,98484,26,,,0,103,,98485,26,,,0
14000701,'5461',2051,,98486,26,,,0,70,,98488,26,,,0,80,,98487,26,,,0,22,,98489,26,,,0,99,,98490,26,,,0,103,,98491,26,,,0
14000701,'5462',2051,,98492,26,,,0,70,,98494,26,,,0,80,,98493,26,,,0,22,,98495,26,,,0,99,,98496,26,,,0,103,,98497,26,,,0
14000701,'5463',2051,,98498,26,,,0,70,,98500,26,,,0,80,,98499,26,,,0,22,,98501,26,,,0,99,,98502,26,,,0,103,,98503,26,,,0
