600,'5456',534,,83824,8,,,0,20,,83825,19,,,0,71,,83826,19,,,0,31,,83827,19,,,0,65,,83828,19,,,0,24,,83829,19,,,0,65,,83845,19,,,0,19,,83847,19,,,0,20,,83836,19,,,0,59,,83830,19,,,0,19,,83831,19,,,0,25,,83832,19,,,0,64,,83833,19,,,0,23,,83840,19,,,0,65,,83834,19,,,0,23,,83835,19,,,0,24,,83837,19,,,0,64,,83838,19,,,0,25,,83839,19,,,0,64,,83841,19,,,0,25,,83842,19,,,0,26,,83843,19,,,0,63,,83844,19,,,0,21,,83846,19,,,0,20,,83848,19,,,0,61,,83849,19,,,0,16,,83855,19,,,0,14,,83850,19,,,0,57,,83851,19,,,0,14,,83858,19,,,0,16,,83852,19,,,0,15,,83853,19,,,0,53,,83854,19,,,0,14,,83856,19,,,0,16,,83857,19,,,0,14,,83859,19,,,0,54,,83860,19,,,0,17,,83861,19,,,0,17,,83862,19,,,0,63,,83863,19,,,0,24,,83865,19,,,0,29,,83864,19,,,0,73,,83867,19,,,0,18,,83866,19,,,0,75,,83868,19,,,0,18,,83869,19,,,0,78,,83871,19,,,0,19,,83870,19,,,0,99,,83872,19,,,0,98,,83873,19,,,0
600,'5458',534,,83874,8,,,0,20,,83875,19,,,0,71,,83876,19,,,0,31,,83877,19,,,0,65,,83878,19,,,0,24,,83879,19,,,0,65,,83895,19,,,0,19,,83897,19,,,0,20,,83886,19,,,0,59,,83880,19,,,0,19,,83881,19,,,0,25,,83882,19,,,0,64,,83883,19,,,0,23,,83890,19,,,0,65,,83884,19,,,0,23,,83885,19,,,0,24,,83887,19,,,0,64,,83888,19,,,0,25,,83889,19,,,0,64,,83891,19,,,0,25,,83892,19,,,0,26,,83893,19,,,0,63,,83894,19,,,0,21,,83896,19,,,0,20,,83898,19,,,0,61,,83899,19,,,0,16,,83905,19,,,0,14,,83900,19,,,0,57,,83901,19,,,0,14,,83908,19,,,0,16,,83902,19,,,0,15,,83903,19,,,0,53,,83904,19,,,0,14,,83906,19,,,0,16,,83907,19,,,0,14,,83909,19,,,0,54,,83910,19,,,0,17,,83911,19,,,0,17,,83912,19,,,0,63,,83913,19,,,0,24,,83915,19,,,0,29,,83914,19,,,0,73,,83917,19,,,0,18,,83916,19,,,0,75,,83918,19,,,0,18,,83919,19,,,0,78,,83921,19,,,0,19,,83920,19,,,0,99,,83922,19,,,0,98,,83923,19,,,0,70,,83927,19,,,0,30,,83925,19,,,0,70,,83928,19,,,0,30,,83924,19,,,0,69,,83926,19,,,0
600,'5459',559,,83930,19,,,0,70,,83931,19,,,0,84,,83932,19,,,0,20,,83933,19,,,0,76,,83934,19,,,0,20,,83935,19,,,0,18,,83936,19,,,0,71,,83937,19,,,0,15,,83929,19,,,0,15,,83938,19,,,0,66,,83939,19,,,0,13,,83940,19,,,0,13,,83941,19,,,0,12,,83942,19,,,0,64,,83943,19,,,0,12,,83944,19,,,0,12,,83945,19,,,0,65,,83946,19,,,0,12,,83947,19,,,0,12,,83948,19,,,0,24,,83949,19,,,0,52,,83950,19,,,0,13,,83951,19,,,0,24,,83952,19,,,0,12,,83953,19,,,0,52,,83954,19,,,0,20,,83955,19,,,0,10,,83956,19,,,0,10,,83957,19,,,0,62,,83958,19,,,0,11,,83967,19,,,0,10,,83959,19,,,0,20,,83960,19,,,0,51,,83968,19,,,0,10,,83961,19,,,0,20,,83962,19,,,0,11,,83969,19,,,0,10,,83963,19,,,0,60,,83964,19,,,0,11,,83965,19,,,0,12,,83970,19,,,0,12,,83966,19,,,0,64,,83971,19,,,0,12,,83972,19,,,0,12,,83973,19,,,0,11,,83974,19,,,0,65,,83976,19,,,0,15,,83977,19,,,0,14,,83978,19,,,0,70,,83979,19,,,0,15,,83980,19,,,0,17,,83975,19,,,0,76,,83981,19,,,0,18,,83982,19,,,0,74,,83983,19,,,0,21,,83984,19,,,0,20,,83985,19,,,0,90,,83986,19,,,0,93,,83987,19,,,0,70,,83988,19,,,0,29,,83989,19,,,0,70,,83990,19,,,0,29,,83991,19,,,0,69,,83992,19,,,0
600,'5460',636,,84019,19,,,0,78,,84032,19,,,0,95,,84002,19,,,0,25,,84030,19,,,0,81,,84004,19,,,0,21,,83994,19,,,0,78,,84014,19,,,0,15,,84041,19,,,0,16,,84003,19,,,0,72,,84034,19,,,0,15,,84018,19,,,0,15,,83993,19,,,0,70,,83995,19,,,0,12,,83997,19,,,0,12,,84037,19,,,0,12,,84021,19,,,0,64,,83996,19,,,0,12,,84007,19,,,0,12,,83998,19,,,0,12,,84001,19,,,0,64,,84020,19,,,0,12,,83999,19,,,0,12,,84000,19,,,0,12,,84008,19,,,0,64,,84011,19,,,0,12,,84038,19,,,0,12,,84022,19,,,0,12,,84012,19,,,0,65,,84010,19,,,0,12,,84009,19,,,0,11,,84006,19,,,0,12,,84036,19,,,0,65,,84005,19,,,0,12,,84016,19,,,0,11,,84015,19,,,0,12,,84042,19,,,0,65,,84027,19,,,0,15,,84013,19,,,0,15,,84017,19,,,0,72,,84023,19,,,0,17,,84029,19,,,0,18,,84024,19,,,0,74,,84025,19,,,0,17,,84028,19,,,0,74,,84033,19,,,0,17,,84035,19,,,0,18,,84026,19,,,0,88,,84031,19,,,0,95,,84040,19,,,0,88,,84039,19,,,0
600,'5461',636,,84069,19,,,0,78,,84082,19,,,0,95,,84052,19,,,0,25,,84080,19,,,0,81,,84054,19,,,0,21,,84044,19,,,0,78,,84064,19,,,0,15,,84091,19,,,0,16,,84053,19,,,0,72,,84084,19,,,0,15,,84068,19,,,0,15,,84043,19,,,0,70,,84045,19,,,0,12,,84047,19,,,0,12,,84087,19,,,0,12,,84071,19,,,0,64,,84046,19,,,0,12,,84057,19,,,0,12,,84048,19,,,0,12,,84051,19,,,0,64,,84070,19,,,0,12,,84049,19,,,0,12,,84050,19,,,0,12,,84058,19,,,0,64,,84061,19,,,0,12,,84088,19,,,0,12,,84072,19,,,0,12,,84062,19,,,0,65,,84060,19,,,0,12,,84059,19,,,0,11,,84056,19,,,0,12,,84086,19,,,0,65,,84055,19,,,0,12,,84066,19,,,0,11,,84065,19,,,0,12,,84092,19,,,0,65,,84077,19,,,0,15,,84063,19,,,0,15,,84067,19,,,0,72,,84073,19,,,0,17,,84079,19,,,0,18,,84074,19,,,0,74,,84075,19,,,0,17,,84078,19,,,0,74,,84083,19,,,0,17,,84085,19,,,0,18,,84076,19,,,0,88,,84081,19,,,0,95,,84090,19,,,0,88,,84089,19,,,0
600,'5462',636,,84119,19,,,0,78,,84132,19,,,0,95,,84102,19,,,0,25,,84130,19,,,0,81,,84104,19,,,0,21,,84094,19,,,0,78,,84114,19,,,0,15,,84141,19,,,0,16,,84103,19,,,0,72,,84134,19,,,0,15,,84118,19,,,0,15,,84093,19,,,0,70,,84095,19,,,0,12,,84097,19,,,0,12,,84137,19,,,0,12,,84121,19,,,0,64,,84096,19,,,0,12,,84107,19,,,0,12,,84098,19,,,0,12,,84101,19,,,0,64,,84120,19,,,0,12,,84099,19,,,0,12,,84100,19,,,0,12,,84108,19,,,0,64,,84111,19,,,0,12,,84138,19,,,0,12,,84122,19,,,0,12,,84112,19,,,0,65,,84110,19,,,0,12,,84109,19,,,0,11,,84106,19,,,0,12,,84136,19,,,0,65,,84105,19,,,0,12,,84116,19,,,0,11,,84115,19,,,0,12,,84142,19,,,0,65,,84127,19,,,0,15,,84113,19,,,0,15,,84117,19,,,0,72,,84123,19,,,0,17,,84129,19,,,0,18,,84124,19,,,0,74,,84125,19,,,0,17,,84128,19,,,0,74,,84133,19,,,0,17,,84135,19,,,0,18,,84126,19,,,0,88,,84131,19,,,0,95,,84140,19,,,0,88,,84139,19,,,0
600,'5463',636,,84169,19,,,0,78,,84182,19,,,0,95,,84152,19,,,0,25,,84180,19,,,0,81,,84154,19,,,0,21,,84144,19,,,0,78,,84164,19,,,0,15,,84191,19,,,0,16,,84153,19,,,0,72,,84184,19,,,0,15,,84168,19,,,0,15,,84143,19,,,0,70,,84145,19,,,0,12,,84147,19,,,0,12,,84187,19,,,0,12,,84171,19,,,0,64,,84146,19,,,0,12,,84157,19,,,0,12,,84148,19,,,0,12,,84151,19,,,0,64,,84170,19,,,0,12,,84149,19,,,0,12,,84150,19,,,0,12,,84158,19,,,0,64,,84161,19,,,0,12,,84188,19,,,0,12,,84172,19,,,0,12,,84162,19,,,0,65,,84160,19,,,0,12,,84159,19,,,0,11,,84156,19,,,0,12,,84186,19,,,0,65,,84155,19,,,0,12,,84166,19,,,0,11,,84165,19,,,0,12,,84192,19,,,0,65,,84177,19,,,0,15,,84163,19,,,0,15,,84167,19,,,0,72,,84173,19,,,0,17,,84179,19,,,0,18,,84174,19,,,0,74,,84175,19,,,0,17,,84178,19,,,0,74,,84183,19,,,0,17,,84185,19,,,0,18,,84176,19,,,0,88,,84181,19,,,0,95,,84190,19,,,0,88,,84189,19,,,0
1700,'5456',754,,88090,5,,,0
1700,'5458',754,,88091,5,,,0
1000600,'5456',609,,97932,19,,,0,99,,97934,19,,,0,49,,97933,19,,,0,82,,97935,19,,,0,77,,97940,19,,,0,88,,97936,19,,,0,47,,97937,19,,,0,88,,97938,19,,,0,89,,97939,19,,,0,89,,97941,19,,,0,90,,97942,19,,,0,43,,97943,19,,,0,80,,97944,19,,,0,28,,97945,19,,,0,71,,97946,19,,,0,30,,97947,19,,,0,68,,97948,19,,,0,29,,97949,19,,,0,71,,97950,19,,,0,85,,97951,19,,,0,96,,97952,19,,,0,93,,97953,19,,,0,54,,97954,19,,,0,148,,97955,19,,,0,98,,97956,19,,,0
1000600,'5458',609,,97957,19,,,0,99,,97959,19,,,0,49,,97958,19,,,0,82,,97960,19,,,0,77,,97965,19,,,0,88,,97961,19,,,0,47,,97962,19,,,0,88,,97963,19,,,0,89,,97964,19,,,0,89,,97966,19,,,0,90,,97967,19,,,0,43,,97968,19,,,0,80,,97969,19,,,0,28,,97970,19,,,0,71,,97971,19,,,0,30,,97972,19,,,0,68,,97973,19,,,0,29,,97974,19,,,0,71,,97975,19,,,0,85,,97976,19,,,0,96,,97977,19,,,0,93,,97978,19,,,0,54,,97979,19,,,0,148,,97980,19,,,0,98,,97981,19,,,0
1000600,'5459',652,,97982,19,,,0,99,,97983,19,,,0,151,,97984,19,,,0,99,,97985,19,,,0,103,,97986,19,,,0,49,,97987,19,,,0,89,,97988,19,,,0,88,,97989,19,,,0,86,,97990,19,,,0,41,,97991,19,,,0,82,,97992,19,,,0,81,,97993,19,,,0,80,,97995,19,,,0,57,,97994,19,,,0,100,,97996,19,,,0,97,,97997,19,,,0,105,,97998,19,,,0,92,,97999,19,,,0,164,,98000,19,,,0,95,,98001,19,,,0
1000600,'5460',744,,98010,19,,,0,110,,98011,19,,,0,102,,98016,19,,,0,145,,98002,19,,,0,101,,98005,19,,,0,103,,98003,19,,,0,100,,98017,19,,,0,100,,98004,19,,,0,101,,98006,19,,,0,99,,98007,19,,,0,100,,98009,19,,,0,98,,98008,19,,,0,110,,98012,19,,,0,90,,98013,19,,,0,112,,98015,19,,,0,93,,98014,19,,,0
1000600,'5461',744,,98026,19,,,0,110,,98027,19,,,0,102,,98032,19,,,0,145,,98018,19,,,0,101,,98021,19,,,0,103,,98019,19,,,0,100,,98033,19,,,0,100,,98020,19,,,0,101,,98022,19,,,0,99,,98023,19,,,0,100,,98025,19,,,0,98,,98024,19,,,0,110,,98028,19,,,0,90,,98029,19,,,0,112,,98031,19,,,0,93,,98030,19,,,0
1000600,'5462',744,,98042,19,,,0,110,,98043,19,,,0,102,,98048,19,,,0,145,,98034,19,,,0,101,,98037,19,,,0,103,,98035,19,,,0,100,,98049,19,,,0,100,,98036,19,,,0,101,,98038,19,,,0,99,,98039,19,,,0,100,,98041,19,,,0,98,,98040,19,,,0,110,,98044,19,,,0,90,,98045,19,,,0,112,,98047,19,,,0,93,,98046,19,,,0
1000600,'5463',744,,98058,19,,,0,110,,98059,19,,,0,102,,98064,19,,,0,145,,98050,19,,,0,101,,98053,19,,,0,103,,98051,19,,,0,100,,98065,19,,,0,100,,98052,19,,,0,101,,98054,19,,,0,99,,98055,19,,,0,100,,98057,19,,,0,98,,98056,19,,,0,110,,98060,19,,,0,90,,98061,19,,,0,112,,98063,19,,,0,93,,98062,19,,,0
2000600,'5456',641,,98346,19,,,0,92,,98349,19,,,0,86,,98347,19,,,0,39,,98350,19,,,0,82,,98348,19,,,0,88,,98351,19,,,0,88,,98352,19,,,0,87,,98354,19,,,0,49,,98353,19,,,0,90,,98355,19,,,0,87,,98356,19,,,0,80,,98358,19,,,0,34,,98357,19,,,0,72,,98359,19,,,0,30,,98360,19,,,0,67,,98361,19,,,0,30,,98362,19,,,0,71,,98363,19,,,0,36,,98364,19,,,0,89,,98365,19,,,0
2000600,'5458',641,,98366,19,,,0,92,,98369,19,,,0,86,,98367,19,,,0,39,,98370,19,,,0,82,,98368,19,,,0,88,,98371,19,,,0,88,,98372,19,,,0,87,,98374,19,,,0,49,,98373,19,,,0,90,,98375,19,,,0,87,,98376,19,,,0,80,,98378,19,,,0,34,,98377,19,,,0,72,,98379,19,,,0,30,,98380,19,,,0,67,,98381,19,,,0,30,,98382,19,,,0,71,,98383,19,,,0,36,,98384,19,,,0,89,,98385,19,,,0
