2801,'5456',551,,91090,12,,,0,67,,91091,12,,,0,24,,91092,12,,,0,62,,91093,12,,,0,13,,91094,12,,,0,11,,91095,12,,,0,11,,91096,12,,,0,12,,91097,12,,,0,52,,91098,12,,,0,12,,91099,12,,,0,13,,91100,12,,,0,20,,91101,12,,,0,62,,91102,12,,,0,25,,91103,12,,,0,24,,91104,12,,,0,64,,91105,12,,,0,26,,91106,12,,,0,67,,91107,12,,,0,27,,91108,12,,,0,66,,91109,12,,,0,26,,91110,12,,,0,66,,91111,12,,,0,26,,91112,12,,,0,26,,91113,12,,,0,65,,91114,12,,,0,24,,91115,12,,,0,64,,91116,12,,,0,23,,91117,12,,,0,74,,91118,12,,,0,32,,91119,12,,,0,20,,91137,12,,,0,55,,91120,12,,,0,31,,91121,12,,,0,73,,91135,12,0,31 49,0,28,,91136,12,0,31 49,0,14,,91134,12,0,31 49,0,57,,91122,12,,,0,21,,91123,12,,,0,66,,91124,12,,,0,29,,91125,12,,,0,27,,91126,12,,,0,67,,91127,12,,,0,29,,91128,12,,,0,70,,91129,12,,,0,31,,91130,12,,,0,78,,91131,12,,,0,78,,91132,12,,,0,40,,91133,12,,,0
2801,'5458',551,,91138,12,,,0,67,,91139,12,,,0,24,,91140,12,,,0,62,,91141,12,,,0,13,,91142,12,,,0,11,,91143,12,,,0,11,,91144,12,,,0,12,,91145,12,,,0,52,,91146,12,,,0,12,,91147,12,,,0,13,,91148,12,,,0,20,,91149,12,,,0,62,,91150,12,,,0,25,,91151,12,,,0,24,,91152,12,,,0,64,,91153,12,,,0,26,,91154,12,,,0,67,,91155,12,,,0,27,,91156,12,,,0,66,,91157,12,,,0,26,,91158,12,,,0,66,,91159,12,,,0,26,,91160,12,,,0,26,,91161,12,,,0,65,,91162,12,,,0,24,,91163,12,,,0,64,,91164,12,,,0,23,,91165,12,,,0,74,,91166,12,,,0,32,,91167,12,,,0,20,,91188,12,,,0,55,,91168,12,,,0,31,,91169,12,,,0,73,,91186,12,0,31 49,0,28,,91187,12,0,31 49,0,14,,91185,12,0,31 49,0,57,,91170,12,,,0,21,,91171,12,,,0,66,,91172,12,,,0,29,,91173,12,,,0,27,,91174,12,,,0,67,,91175,12,,,0,29,,91176,12,,,0,70,,91177,12,,,0,31,,91178,12,,,0,78,,91179,12,,,0,78,,91180,12,,,0,40,,91181,12,,,0,80,,91182,12,,,0,79,,91183,12,0,16 49,0,40,,91184,12,0,16 49,0
2801,'5459',647,,91190,12,,,0,74,,91191,12,,,0,30,,91192,12,,,0,69,,91189,12,,,0,28,,91193,12,,,0,66,,91194,12,,,0,26,,91195,12,,,0,67,,91196,12,,,0,26,,91197,12,,,0,23,,91198,12,,,0,63,,91199,12,,,0,22,,91200,12,,,0,61,,91201,12,,,0,21,,91202,12,,,0,22,,91203,12,,,0,64,,91204,12,,,0,22,,91205,12,,,0,24,,91206,12,,,0,61,,91207,12,,,0,24,,91208,12,,,0,61,,91209,12,,,0,21,,91210,12,,,0,23,,91211,12,,,0,60,,91212,12,,,0,21,,91213,12,,,0,20,,91214,12,,,0,60,,91215,12,,,0,22,,91216,12,,,0,20,,91217,12,,,0,60,,91218,12,,,0,18,,91219,12,,,0,21,,91220,12,,,0,60,,91221,12,,,0,23,,91222,12,,,0,26,,91223,12,,,0,67,,91224,12,,,0,29,,91225,12,,,0,70,,91226,12,,,0,29,,91227,12,,,0,70,,91228,12,,,0,30,,91229,12,,,0,73,,91230,12,,,0,30,,91231,12,,,0,70,,91232,12,,,0,31,,91233,12,,,0,68,,91234,12,,,0,30,,91235,12,,,0,70,,91236,12,0,16 49,0,30,,91237,12,0,16 49,0
2801,'5460',625,,91238,12,,,0,98,,91239,12,,,0,30,,91240,12,,,0,71,,91241,12,,,0,28,,91242,12,,,0,71,,91243,12,,,0,30,,91244,12,,,0,67,,91245,12,,,0,27,,91246,12,,,0,66,,91247,12,,,0,27,,91248,12,,,0,65,,91249,12,,,0,24,,91250,12,,,0,24,,91251,12,,,0,62,,91252,12,,,0,22,,91253,12,,,0,64,,91254,12,,,0,24,,91255,12,,,0,23,,91256,12,,,0,62,,91257,12,,,0,23,,91258,12,,,0,23,,91259,12,,,0,64,,91260,12,,,0,23,,91261,12,,,0,63,,91262,12,,,0,22,,91263,12,,,0,24,,91264,12,,,0,62,,91265,12,,,0,24,,91266,12,,,0,64,,91267,12,,,0,27,,91268,12,,,0,26,,91269,12,,,0,69,,91270,12,,,0,29,,91271,12,,,0,70,,91272,12,,,0,30,,91273,12,,,0,80,,91274,12,,,0,80,,91275,12,,,0,46,,91276,12,,,0
2801,'5461',625,,91277,12,,,0,98,,91278,12,,,0,30,,91279,12,,,0,71,,91280,12,,,0,28,,91281,12,,,0,71,,91282,12,,,0,30,,91283,12,,,0,67,,91284,12,,,0,27,,91285,12,,,0,66,,91286,12,,,0,27,,91287,12,,,0,65,,91288,12,,,0,24,,91289,12,,,0,24,,91290,12,,,0,62,,91291,12,,,0,22,,91292,12,,,0,64,,91293,12,,,0,24,,91294,12,,,0,23,,91295,12,,,0,62,,91296,12,,,0,23,,91297,12,,,0,23,,91298,12,,,0,64,,91299,12,,,0,23,,91300,12,,,0,63,,91301,12,,,0,22,,91302,12,,,0,24,,91303,12,,,0,62,,91304,12,,,0,24,,91305,12,,,0,64,,91306,12,,,0,27,,91307,12,,,0,26,,91308,12,,,0,69,,91309,12,,,0,29,,91310,12,,,0,70,,91311,12,,,0,30,,91312,12,,,0,80,,91313,12,,,0,80,,91314,12,,,0,46,,91315,12,,,0
2801,'5462',625,,91316,12,,,0,98,,91317,12,,,0,30,,91318,12,,,0,71,,91319,12,,,0,28,,91320,12,,,0,71,,91321,12,,,0,30,,91322,12,,,0,67,,91323,12,,,0,27,,91324,12,,,0,66,,91325,12,,,0,27,,91326,12,,,0,65,,91327,12,,,0,24,,91328,12,,,0,24,,91329,12,,,0,62,,91330,12,,,0,22,,91331,12,,,0,64,,91332,12,,,0,24,,91333,12,,,0,23,,91334,12,,,0,62,,91335,12,,,0,23,,91336,12,,,0,23,,91337,12,,,0,64,,91338,12,,,0,23,,91339,12,,,0,63,,91340,12,,,0,22,,91341,12,,,0,24,,91342,12,,,0,62,,91343,12,,,0,24,,91344,12,,,0,64,,91345,12,,,0,27,,91346,12,,,0,26,,91347,12,,,0,69,,91348,12,,,0,29,,91349,12,,,0,70,,91350,12,,,0,30,,91351,12,,,0,80,,91352,12,,,0,80,,91353,12,,,0,46,,91354,12,,,0
2801,'5463',625,,91355,12,,,0,98,,91356,12,,,0,30,,91357,12,,,0,71,,91358,12,,,0,28,,91359,12,,,0,71,,91360,12,,,0,30,,91361,12,,,0,67,,91362,12,,,0,27,,91363,12,,,0,66,,91364,12,,,0,27,,91365,12,,,0,65,,91366,12,,,0,24,,91367,12,,,0,24,,91368,12,,,0,62,,91369,12,,,0,22,,91370,12,,,0,64,,91371,12,,,0,24,,91372,12,,,0,23,,91373,12,,,0,62,,91374,12,,,0,23,,91375,12,,,0,23,,91376,12,,,0,64,,91377,12,,,0,23,,91378,12,,,0,63,,91379,12,,,0,22,,91380,12,,,0,24,,91381,12,,,0,62,,91382,12,,,0,24,,91383,12,,,0,64,,91384,12,,,0,27,,91385,12,,,0,26,,91386,12,,,0,69,,91387,12,,,0,29,,91388,12,,,0,70,,91389,12,,,0,30,,91390,12,,,0,80,,91391,12,,,0,80,,91392,12,,,0,46,,91393,12,,,0
3900,'5456',656,,92569,23,,,0,60,,92550,17,,,0,14,,92559,23,,,0,13,,92552,17,,,0,11,,92558,17,,,0,51,,92563,23,,,0,4,,92570,17,,,0,9,,92560,23,,,0,15,,92551,23,,,0,12,,92571,17,,,0,3,,92541,23,,,0,10,,92572,17,,,0,46,,92553,23,,,0,14,,92562,23,,,0,22,,92561,23,,,0,66,,92537,23,,,0,30,,92542,23,,,0,69,,92564,23,,,0,30,,92543,23,,,0,71,,92538,23,,,0,31,,92544,23,,,0,70,,92565,23,,,0,31,,92545,23,,,0,71,,92539,23,,,0,33,,92546,23,,,0,72,,92566,23,,,0,22,,92534,23,,,0,15,,92531,23,,,0,57,,92547,23,,,0,14,,92540,23,,,0,17,,92567,23,,,0,14,,92530,23,,,0,53,,92535,23,,,0,16,,92532,23,,,0,15,,92548,23,,,0,12,,92549,23,,,0,56,,92568,23,,,0,18,,92536,23,,,0,20,,92533,23,,,0,58,,92557,23,,,0,38,,92555,23,,,0,82,,92554,23,,,0,107,,92556,23,,,0
3900,'5458',656,,92612,23,,,0,60,,92593,17,,,0,14,,92602,23,,,0,13,,92595,17,,,0,11,,92601,17,,,0,51,,92606,23,,,0,4,,92613,17,,,0,9,,92603,23,,,0,15,,92594,23,,,0,12,,92614,17,,,0,3,,92584,23,,,0,10,,92615,17,,,0,46,,92596,23,,,0,14,,92605,23,,,0,22,,92604,23,,,0,66,,92580,23,,,0,30,,92585,23,,,0,69,,92607,23,,,0,30,,92586,23,,,0,71,,92581,23,,,0,31,,92587,23,,,0,70,,92608,23,,,0,31,,92588,23,,,0,71,,92582,23,,,0,33,,92589,23,,,0,72,,92609,23,,,0,22,,92577,23,,,0,15,,92574,23,,,0,57,,92590,23,,,0,14,,92583,23,,,0,17,,92610,23,,,0,14,,92573,23,,,0,53,,92578,23,,,0,16,,92575,23,,,0,15,,92591,23,,,0,12,,92592,23,,,0,56,,92611,23,,,0,18,,92579,23,,,0,20,,92576,23,,,0,58,,92600,23,,,0,38,,92598,23,,,0,82,,92597,23,,,0,107,,92599,23,,,0
3900,'5459',719,,92617,17,,,0,127,,92618,17,,,0,101,,92622,17,,,0,101,,92626,17,,,0,100,,92616,17,,,0,100,,92620,17,,,0,100,,92623,17,,,0,100,,92627,17,,,0,100,,92619,17,,,0,100,,92621,17,,,0,100,,92624,17,,,0,99,,92628,17,,,0,99,,92625,17,,,0
3900,'5460',845,,92630,17,,,0,102,,92629,17,,,0,100,,92631,17,,,0,100,,92633,17,,,0,100,,92632,17,,,0,100,,92637,17,,,0,100,,92634,17,,,0,100,,92635,17,,,0,100,,92636,17,,,0,100,,92638,17,,,0,100,,92639,17,,,0,100,,92640,17,,,0
3900,'5461',845,,92642,17,,,0,102,,92641,17,,,0,100,,92643,17,,,0,100,,92645,17,,,0,100,,92644,17,,,0,100,,92649,17,,,0,100,,92646,17,,,0,100,,92647,17,,,0,100,,92648,17,,,0,100,,92650,17,,,0,100,,92651,17,,,0,100,,92652,17,,,0
3900,'5462',845,,92654,17,,,0,102,,92653,17,,,0,100,,92655,17,,,0,100,,92657,17,,,0,100,,92656,17,,,0,100,,92661,17,,,0,100,,92658,17,,,0,100,,92659,17,,,0,100,,92660,17,,,0,100,,92662,17,,,0,100,,92663,17,,,0,100,,92664,17,,,0
3900,'5463',845,,92666,17,,,0,102,,92665,17,,,0,100,,92667,17,,,0,100,,92669,17,,,0,100,,92668,17,,,0,100,,92673,17,,,0,100,,92670,17,,,0,100,,92671,17,,,0,100,,92672,17,,,0,100,,92674,17,,,0,100,,92675,17,,,0,100,,92676,17,,,0
