3801,'5456',707,,92483,37,,,0,30,,92482,37,,,0,72,,92484,37,,,0,27,,92485,37,,,0,75,,92488,37,,,0,43,,92486,37,,,0,88,,92487,37,,,0,100,,92490,37,,,0,103,,92489,37,,,0,72,,92503,16,,,0,30,,92491,37,,,0,79,,92504,16,,,0,26,,92492,37,,,0,77,,92505,16,,,0,76,,92493,37,,,0,45,,92494,37,,,0,71,,92499,37,,,0,23,,92495,37,,,0,64,,92502,37,,,0,24,,92496,37,,,0,70,,92497,37,,,0,35,,92500,37,,,0,98,,92498,37,,,0,104,,92501,37,,,0
3801,'5458',707,,92507,37,,,0,30,,92506,37,,,0,72,,92508,37,,,0,27,,92509,37,,,0,75,,92512,37,,,0,43,,92510,37,,,0,88,,92511,37,,,0,100,,92514,37,,,0,103,,92513,37,,,0,72,,92527,16,,,0,30,,92515,37,,,0,79,,92528,16,,,0,26,,92516,37,,,0,77,,92529,16,,,0,76,,92517,37,,,0,45,,92518,37,,,0,71,,92523,37,,,0,23,,92519,37,,,0,64,,92526,37,,,0,24,,92520,37,,,0,70,,92521,37,,,0,35,,92524,37,,,0,98,,92522,37,,,0,104,,92525,37,,,0
4601,'5456',719,,93064,30,,,0,113,,93073,30,,,0,7,,93074,10,,,0,115,,93063,30,,,0,93,,93072,30,,,0,385,,93069,30,,,0,171,,93065,30,,,0,30,,93070,30,,,0,80,,93066,30,,,0,35,,93067,30,,,0,65,,93068,30,,,0,89,,93071,30,,,0
4601,'5458',719,,93076,30,,,0,113,,93085,30,,,0,7,,93086,10,,,0,115,,93075,30,,,0,93,,93084,30,,,0,385,,93081,30,,,0,171,,93077,30,,,0,30,,93082,30,,,0,80,,93078,30,,,0,35,,93079,30,,,0,65,,93080,30,,,0,89,,93083,30,,,0
5200,'5456',501,,93221,16,,,0,31,,93225,16,,,0,70,,93223,16,,,0,20,,93234,16,,,0,19,,93222,16,,,0,63,,93251,16,,,0,28,,93224,16,,,0,23,,93252,16,,,0,50,,93226,16,,,0,17,,93253,16,,,0,10,,93233,16,,,0,70,,93227,16,,,0,32,,93247,16,,,0,25,,93228,16,,,0,70,,93229,16,,,0,75,,93230,16,,,0,31,,93248,16,,,0,71,,93231,16,,,0,30,,93232,16,,,0,76,,93235,16,,,0,34,,93249,16,,,0,73,,93236,16,,,0,31,,93237,16,,,0,73,,93254,16,,,0,30,,93238,16,,,0,71,,93250,16,,,0,29,,93239,16,,,0,70,,93240,16,,,0,32,,93255,16,,,0,70,,93241,16,,,0,34,,93242,16,,,0,70,,93243,16,,,0,29,,93256,16,,,0,67,,93244,16,,,0,32,,93245,16,,,0,96,,93258,16,,,0,99,,93246,16,,,0,103,,93257,16,,,0
5200,'5458',501,,93260,16,,,0,31,,93264,16,,,0,70,,93262,16,,,0,20,,93273,16,,,0,19,,93261,16,,,0,63,,93290,16,,,0,28,,93263,16,,,0,23,,93291,16,,,0,50,,93265,16,,,0,17,,93292,16,,,0,10,,93272,16,,,0,70,,93266,16,,,0,32,,93286,16,,,0,25,,93267,16,,,0,70,,93268,16,,,0,75,,93269,16,,,0,31,,93287,16,,,0,71,,93270,16,,,0,30,,93271,16,,,0,76,,93274,16,,,0,34,,93288,16,,,0,73,,93275,16,,,0,31,,93276,16,,,0,73,,93293,16,,,0,30,,93277,16,,,0,71,,93289,16,,,0,29,,93278,16,,,0,70,,93279,16,,,0,32,,93294,16,,,0,70,,93280,16,,,0,34,,93281,16,,,0,70,,93282,16,,,0,29,,93295,16,,,0,67,,93283,16,,,0,32,,93284,16,,,0,96,,93297,16,,,0,99,,93285,16,,,0,103,,93296,16,,,0
5200,'5459',634,,93316,16,,,0,70,,93315,16,,,0,41,,93310,16,,,0,74,,93318,16,,,0,30,,93313,16,,,0,73,,93299,16,,,0,30,,93306,16,,,0,70,,93325,16,,,0,31,,93304,16,,,0,74,,93301,16,,,0,32,,93307,16,,,0,72,,93327,16,,,0,75,,93302,16,,,0,33,,93300,16,,,0,76,,93309,16,,,0,26,,93326,16,,,0,74,,93305,16,,,0,32,,93312,16,,,0,75,,93308,16,,,0,29,,93323,16,,,0,70,,93303,16,,,0,30,,93314,16,,,0,62,,93320,16,,,0,25,,93311,16,,,0,64,,93319,16,,,0,24,,93322,16,,,0,29,,93321,16,,,0,68,,93317,16,,,0,30,,93324,16,,,0,100,,93328,16,,,0,94,,93329,16,,,0,109,,93330,16,,,0
5200,'5460',704,,93352,16,,,0,32,,93334,16,,,0,80,,93337,16,,,0,31,,93351,16,,,0,72,,93345,16,,,0,31,,93333,16,,,0,71,,93336,16,,,0,31,,93347,16,,,0,71,,93341,16,,,0,31,,93332,16,,,0,73,,93335,16,,,0,30,,93350,16,,,0,71,,93343,16,,,0,78,,93331,16,,,0,29,,93339,16,,,0,74,,93349,16,,,0,35,,93342,16,,,0,73,,93358,16,,,0,29,,93338,16,,,0,70,,93348,16,,,0,28,,93344,16,,,0,70,,93346,16,,,0,29,,93340,16,,,0,69,,93354,16,,,0,39,,93353,16,,,0,100,,93355,16,,,0,98,,93357,16,,,0,108,,93356,16,,,0
5200,'5461',704,,93380,16,,,0,32,,93362,16,,,0,80,,93365,16,,,0,31,,93379,16,,,0,72,,93373,16,,,0,31,,93361,16,,,0,71,,93364,16,,,0,31,,93375,16,,,0,71,,93369,16,,,0,31,,93360,16,,,0,73,,93363,16,,,0,30,,93378,16,,,0,71,,93371,16,,,0,78,,93359,16,,,0,29,,93367,16,,,0,74,,93377,16,,,0,35,,93370,16,,,0,73,,93386,16,,,0,29,,93366,16,,,0,70,,93376,16,,,0,28,,93372,16,,,0,70,,93374,16,,,0,29,,93368,16,,,0,69,,93382,16,,,0,39,,93381,16,,,0,100,,93383,16,,,0,98,,93385,16,,,0,108,,93384,16,,,0
5200,'5462',704,,93408,16,,,0,32,,93390,16,,,0,80,,93393,16,,,0,31,,93407,16,,,0,72,,93401,16,,,0,31,,93389,16,,,0,71,,93392,16,,,0,31,,93403,16,,,0,71,,93397,16,,,0,31,,93388,16,,,0,73,,93391,16,,,0,30,,93406,16,,,0,71,,93399,16,,,0,78,,93387,16,,,0,29,,93395,16,,,0,74,,93405,16,,,0,35,,93398,16,,,0,73,,93414,16,,,0,29,,93394,16,,,0,70,,93404,16,,,0,28,,93400,16,,,0,70,,93402,16,,,0,29,,93396,16,,,0,69,,93410,16,,,0,39,,93409,16,,,0,100,,93411,16,,,0,98,,93413,16,,,0,108,,93412,16,,,0
5200,'5463',704,,93436,16,,,0,32,,93418,16,,,0,80,,93421,16,,,0,31,,93435,16,,,0,72,,93429,16,,,0,31,,93417,16,,,0,71,,93420,16,,,0,31,,93431,16,,,0,71,,93425,16,,,0,31,,93416,16,,,0,73,,93419,16,,,0,30,,93434,16,,,0,71,,93427,16,,,0,78,,93415,16,,,0,29,,93423,16,,,0,74,,93433,16,,,0,35,,93426,16,,,0,73,,93442,16,,,0,29,,93422,16,,,0,70,,93432,16,,,0,28,,93428,16,,,0,70,,93430,16,,,0,29,,93424,16,,,0,69,,93438,16,,,0,39,,93437,16,,,0,100,,93439,16,,,0,98,,93441,16,,,0,108,,93440,16,,,0
5701,'5456',613,,94106,25,,,0,90,,94109,25,,,0,46,,94119,25,,,0,81,,94125,25,,,0,10,,94111,25,,,0,80,,94108,25,,,0,87,,94107,25,,,0,45,,94110,25,,,0,85,,94112,25,,,0,85,,94113,25,,,0,86,,94114,25,,,0,45,,94115,25,,,0,91,,94116,25,,,0,101,,94126,25,,,0,73,,94127,25,,,0,41,,94117,25,,,0,85,,94118,25,,,0,85,,94120,25,,,0,88,,94121,25,,,0,99,,94122,25,,,0,114,,94123,25,,,0,110,,94124,25,,,0
5701,'5458',613,,94128,25,,,0,90,,94131,25,,,0,46,,94141,25,,,0,81,,94147,25,,,0,10,,94133,25,,,0,80,,94130,25,,,0,87,,94129,25,,,0,45,,94132,25,,,0,85,,94134,25,,,0,85,,94135,25,,,0,86,,94136,25,,,0,45,,94137,25,,,0,91,,94138,25,,,0,101,,94148,25,,,0,73,,94149,25,,,0,41,,94139,25,,,0,85,,94140,25,,,0,85,,94142,25,,,0,88,,94143,25,,,0,99,,94144,25,,,0,114,,94145,25,,,0,110,,94146,25,,,0
5701,'5459',639,,94161,25,,,0,108,,94151,25,,,0,97,,94162,25,,,0,105,,94165,25,,,0,104,,94163,25,,,0,147,,94164,25,,,0,110,,94150,25,,,0,100,,94156,25,,,0,110,,94160,25,,,0,101,,94157,25,,,0,108,,94152,25,,,0,90,,94154,25,,,0,112,,94158,25,,,0,99,,94159,25,,,0,99,,94155,25,,,0,113,,94153,25,,,0
5701,'5460',747,,94169,25,,,0,99,,94166,25,,,0,105,,94168,25,,,0,101,,94167,25,,,0,107,,94170,25,,,0,150,,94173,25,,,0,100,,94171,25,,,0,110,,94174,25,,,0,100,,94172,25,,,0,109,,94178,25,,,0,90,,94180,25,,,0,112,,94179,25,,,0,100,,94177,25,,,0,99,,94176,25,,,0,85,,94175,25,,,0
5701,'5461',747,,94184,25,,,0,99,,94181,25,,,0,105,,94183,25,,,0,101,,94182,25,,,0,107,,94185,25,,,0,150,,94188,25,,,0,100,,94186,25,,,0,110,,94189,25,,,0,100,,94187,25,,,0,109,,94193,25,,,0,90,,94195,25,,,0,112,,94194,25,,,0,100,,94192,25,,,0,99,,94191,25,,,0,85,,94190,25,,,0
5701,'5462',747,,94199,25,,,0,99,,94196,25,,,0,105,,94198,25,,,0,101,,94197,25,,,0,107,,94200,25,,,0,150,,94203,25,,,0,100,,94201,25,,,0,110,,94204,25,,,0,100,,94202,25,,,0,109,,94208,25,,,0,90,,94210,25,,,0,112,,94209,25,,,0,100,,94207,25,,,0,99,,94206,25,,,0,85,,94205,25,,,0
5701,'5463',747,,94214,25,,,0,99,,94211,25,,,0,105,,94213,25,,,0,101,,94212,25,,,0,107,,94215,25,,,0,150,,94218,25,,,0,100,,94216,25,,,0,110,,94219,25,,,0,100,,94217,25,,,0,109,,94223,25,,,0,90,,94225,25,,,0,112,,94224,25,,,0,100,,94222,25,,,0,99,,94221,25,,,0,85,,94220,25,,,0
