200,'5456',553,,81973,16,,,0,80,,81974,16,,,0,21,,81975,16,,,0,71,,81976,16,,,0,31,,81977,16,,,0,70,,81978,16,,,0,31,,81979,16,,,0,71,,81980,16,,,0,15,,81981,16,0,5,0,70,,81982,16,,,0,38,,81983,16,,,0,81,,81984,16,,,0,80,,81985,16,,,0,40,,81986,16,,,0,80,,81987,16,,,0,80,,81988,16,,,0,37,,81989,16,,,0,76,,82007,16,,,0,77,,82003,16,,,0,36,,82005,16,,,0,72,,82006,16,0,5,0,17,,81997,16,,,0,73,,81995,16,,,0,40,,82002,16,,,0,90,,81994,16,,,0,79,,82001,16,,,0,20,,81996,16,0,5,0,22,,81993,16,,,0,60,,82004,16,0,5,0,20,,82000,16,,,0,78,,81992,16,,,0,40,,81999,16,,,0,79,,81991,16,,,0,79,,81998,16,,,0,30,,81990,16,0,5,0
200,'5458',553,,82008,16,,,0,80,,82009,16,,,0,21,,82010,16,,,0,71,,82011,16,,,0,31,,82012,16,,,0,70,,82013,16,,,0,31,,82014,16,,,0,71,,82015,16,,,0,15,,82016,16,0,5,0,70,,82017,16,,,0,38,,82018,16,,,0,81,,82019,16,,,0,80,,82020,16,,,0,40,,82021,16,,,0,80,,82022,16,,,0,80,,82023,16,,,0,37,,82024,16,,,0,76,,82043,16,,,0,77,,82039,16,,,0,36,,82041,16,,,0,72,,82042,16,0,5,0,17,,82033,16,,,0,73,,82031,16,,,0,40,,82038,16,,,0,90,,82030,16,,,0,79,,82037,16,,,0,20,,82032,16,0,5,0,22,,82029,16,,,0,60,,82040,16,0,5,0,20,,82036,16,,,0,78,,82028,16,,,0,40,,82035,16,,,0,79,,82027,16,,,0,79,,82034,16,,,0,30,,82026,16,0,5,0,68,,82025,16,0,5,0
200,'5459',604,,82063,16,,,0,112,,82066,16,,,0,120,,82064,16,,,0,80,,82052,16,,,0,85,,82065,16,,,0,40,,82050,16,,,0,80,,82044,16,,,0,81,,82051,16,,,0,40,,82045,16,,,0,80,,82058,16,,,0,81,,82046,16,,,0,40,,82049,16,,,0,80,,82048,16,,,0,80,,82047,16,,,0,40,,82061,16,,,0,79,,82062,16,,,0,35,,82060,16,,,0,80,,82054,16,,,0,75,,82055,16,,,0,19,,82053,16,0,5,0,75,,82057,16,,,0,20,,82059,16,0,5,0,20,,82056,16,,,0,65,,82071,16,0,5,0,20,,82072,16,,,0,80,,82069,16,,,0,40,,82068,16,,,0,79,,82070,16,,,0,79,,82067,16,,,0,35,,82073,16,0,5,0
200,'5460',659,,82096,16,,,0,160,,82095,16,,,0,122,,82094,16,,,0,100,,82075,16,,,0,80,,82093,16,,,0,81,,82081,16,,,0,40,,82079,16,,,0,80,,82074,16,,,0,80,,82076,16,,,0,40,,82087,16,,,0,80,,82082,16,,,0,80,,82077,16,,,0,40,,82080,16,,,0,80,,82078,16,,,0,34,,82088,16,,,0,80,,82084,16,,,0,75,,82083,16,0,5,0,20,,82089,16,,,0,20,,82086,16,0,5,0,60,,82085,16,,,0,40,,82091,16,,,0,79,,82092,16,,,0,80,,82090,16,,,0,39,,82097,16,,,0,80,,82098,16,,,0
200,'5461',659,,82121,16,,,0,160,,82120,16,,,0,122,,82119,16,,,0,100,,82100,16,,,0,80,,82118,16,,,0,81,,82106,16,,,0,40,,82104,16,,,0,80,,82099,16,,,0,80,,82101,16,,,0,40,,82112,16,,,0,80,,82107,16,,,0,80,,82102,16,,,0,40,,82105,16,,,0,80,,82103,16,,,0,34,,82113,16,,,0,80,,82109,16,,,0,75,,82108,16,0,5,0,20,,82114,16,,,0,20,,82111,16,0,5,0,60,,82110,16,,,0,40,,82116,16,,,0,79,,82117,16,,,0,80,,82115,16,,,0,39,,82122,16,,,0,80,,82123,16,,,0
200,'5462',659,,82146,16,,,0,160,,82145,16,,,0,122,,82144,16,,,0,100,,82125,16,,,0,80,,82143,16,,,0,81,,82131,16,,,0,40,,82129,16,,,0,80,,82124,16,,,0,80,,82126,16,,,0,40,,82137,16,,,0,80,,82132,16,,,0,80,,82127,16,,,0,40,,82130,16,,,0,80,,82128,16,,,0,34,,82138,16,,,0,80,,82134,16,,,0,75,,82133,16,0,5,0,20,,82139,16,,,0,20,,82136,16,0,5,0,60,,82135,16,,,0,40,,82141,16,,,0,79,,82142,16,,,0,80,,82140,16,,,0,39,,82147,16,,,0,80,,82148,16,,,0
200,'5463',659,,82171,16,,,0,160,,82170,16,,,0,122,,82169,16,,,0,100,,82150,16,,,0,80,,82168,16,,,0,81,,82156,16,,,0,40,,82154,16,,,0,80,,82149,16,,,0,80,,82151,16,,,0,40,,82162,16,,,0,80,,82157,16,,,0,80,,82152,16,,,0,40,,82155,16,,,0,80,,82153,16,,,0,34,,82163,16,,,0,80,,82159,16,,,0,75,,82158,16,0,5,0,20,,82164,16,,,0,20,,82161,16,0,5,0,60,,82160,16,,,0,40,,82166,16,,,0,79,,82167,16,,,0,80,,82165,16,,,0,39,,82172,16,,,0,80,,82173,16,,,0
301,'5456',635,,82556,8,,,0,75,,82557,8,,,0,37,,82559,8,,,0,82,,82566,8,,,0,76,,82560,8,,,0,35,,82561,8,,,0,71,,82565,8,,,0,30,,82562,8,,,0,70,,82563,8,,,0,30,,82564,8,,,0,70,,82567,8,,,0,35,,82568,8,,,0,70,,82569,8,,,0,30,,82571,8,,,0,72,,82570,8,,,0,33,,82582,8,,,0,75,,82572,8,,,0,74,,82573,8,,,0,35,,82581,8,,,0,73,,82574,8,,,0,33,,82575,8,,,0,74,,82580,8,,,0,24,,82576,8,,,0,70,,82577,8,,,0,30,,82584,8,,,0,65,,82578,8,,,0,25,,82579,8,,,0,30,,82583,8,,,0
301,'5458',635,,82585,8,,,0,75,,82586,8,,,0,37,,82588,8,,,0,82,,82595,8,,,0,76,,82589,8,,,0,35,,82590,8,,,0,71,,82594,8,,,0,30,,82591,8,,,0,70,,82592,8,,,0,30,,82593,8,,,0,70,,82596,8,,,0,35,,82597,8,,,0,70,,82598,8,,,0,30,,82600,8,,,0,72,,82599,8,,,0,33,,82611,8,,,0,75,,82601,8,,,0,74,,82602,8,,,0,35,,82610,8,,,0,73,,82603,8,,,0,33,,82604,8,,,0,74,,82609,8,,,0,24,,82605,8,,,0,70,,82606,8,,,0,30,,82613,8,,,0,65,,82607,8,,,0,25,,82608,8,,,0,30,,82612,8,,,0
301,'5459',714,,82635,8,,,0,30,,82621,8,,,0,70,,82614,8,,,0,30,,82627,8,,,0,70,,82622,8,,,0,30,,82638,8,,,0,71,,82626,8,,,0,31,,82615,8,,,0,69,,82637,8,,,0,30,,82629,8,,,0,70,,82617,8,,,0,30,,82639,8,,,0,70,,82628,8,,,0,31,,82616,8,,,0,70,,82623,8,,,0,34,,82620,8,,,0,72,,82618,8,,,0,79,,82619,8,,,0,29,,82624,8,,,0,76,,82630,8,,,0,24,,82625,8,,,0,75,,82632,8,,,0,28,,82631,8,,,0,71,,82633,8,,,0,25,,82634,8,,,0,30,,82640,8,,,0,70,,82636,8,,,0,30,,82641,8,,,0
301,'5460',729,,82655,8,,,0,85,,82643,8,,,0,40,,82656,8,,,0,85,,82649,8,,,0,76,,82654,8,,,0,40,,82642,8,,,0,60,,82650,8,,,0,31,,82645,8,,,0,69,,82644,8,,,0,30,,82651,8,,,0,70,,82648,8,,,0,30,,82647,8,,,0,70,,82646,8,,,0,37,,82652,8,,,0,68,,82653,8,,,0,81,,82659,8,,,0,24,,82657,8,,,0,33,,82658,8,,,0,67,,82663,8,,,0,30,,82661,8,,,0,69,,82660,8,,,0,30,,82662,8,,,0,70,,82664,8,,,0,35,,82665,8,,,0
301,'5461',729,,82679,8,,,0,85,,82667,8,,,0,40,,82680,8,,,0,85,,82673,8,,,0,76,,82678,8,,,0,40,,82666,8,,,0,60,,82674,8,,,0,31,,82669,8,,,0,69,,82668,8,,,0,30,,82675,8,,,0,70,,82672,8,,,0,30,,82671,8,,,0,70,,82670,8,,,0,37,,82676,8,,,0,68,,82677,8,,,0,81,,82683,8,,,0,24,,82681,8,,,0,33,,82682,8,,,0,67,,82687,8,,,0,30,,82685,8,,,0,69,,82684,8,,,0,30,,82686,8,,,0,70,,82688,8,,,0,35,,82689,8,,,0
301,'5462',729,,82703,8,,,0,85,,82691,8,,,0,40,,82704,8,,,0,85,,82697,8,,,0,76,,82702,8,,,0,40,,82690,8,,,0,60,,82698,8,,,0,31,,82693,8,,,0,69,,82692,8,,,0,30,,82699,8,,,0,70,,82696,8,,,0,30,,82695,8,,,0,70,,82694,8,,,0,37,,82700,8,,,0,68,,82701,8,,,0,81,,82707,8,,,0,24,,82705,8,,,0,33,,82706,8,,,0,67,,82711,8,,,0,30,,82709,8,,,0,69,,82708,8,,,0,30,,82710,8,,,0,70,,82712,8,,,0,35,,82713,8,,,0
301,'5463',729,,82727,8,,,0,85,,82715,8,,,0,40,,82728,8,,,0,85,,82721,8,,,0,76,,82726,8,,,0,40,,82714,8,,,0,60,,82722,8,,,0,31,,82717,8,,,0,69,,82716,8,,,0,30,,82723,8,,,0,70,,82720,8,,,0,30,,82719,8,,,0,70,,82718,8,,,0,37,,82724,8,,,0,68,,82725,8,,,0,81,,82731,8,,,0,24,,82729,8,,,0,33,,82730,8,,,0,67,,82735,8,,,0,30,,82733,8,,,0,69,,82732,8,,,0,30,,82734,8,,,0,70,,82736,8,,,0,35,,82737,8,,,0
500,'5456',613,,83563,16,,,0,96,,83564,16,,,0,32,,83565,16,,,0,70,,83566,16,,,0,31,,83567,16,,,0,70,,83568,16,,,0,46,,83569,16,,,0,73,,83570,16,,,0,80,,83571,16,,,0,41,,83572,16,,,0,80,,83573,16,,,0,81,,83574,16,,,0,39,,83575,16,,,0,80,,83576,16,,,0,75,,83581,16,,,0,36,,83579,16,,,0,77,,83577,16,,,0,34,,83580,16,,,0,90,,83582,16,,,0,76,,83584,16,,,0,85,,83578,16,,,0,45,,83583,16,,,0
500,'5458',613,,83585,16,,,0,96,,83586,16,,,0,32,,83587,16,,,0,70,,83588,16,,,0,31,,83589,16,,,0,70,,83590,16,,,0,46,,83591,16,,,0,73,,83592,16,,,0,80,,83593,16,,,0,41,,83594,16,,,0,80,,83595,16,,,0,81,,83596,16,,,0,39,,83597,16,,,0,80,,83598,16,,,0,75,,83603,16,,,0,36,,83601,16,,,0,77,,83599,16,,,0,34,,83602,16,,,0,90,,83604,16,,,0,76,,83606,16,,,0,85,,83600,16,,,0,45,,83605,16,,,0
500,'5459',639,,83618,16,,,0,116,,83614,16,,,0,101,,83617,16,,,0,80,,83608,16,,,0,85,,83615,16,,,0,80,,83609,16,,,0,41,,83624,16,,,0,80,,83616,16,,,0,80,,83607,16,,,0,41,,83613,16,,,0,80,,83610,16,,,0,80,,83620,16,,,0,40,,83611,16,,,0,80,,83612,16,,,0,79,,83621,16,,,0,35,,83622,16,,,0,80,,83623,16,,,0,40,,83619,16,,,0,89,,83625,16,,,0
500,'5460',739,,83639,16,,,0,161,,83638,16,,,0,121,,83637,16,,,0,80,,83632,16,,,0,40,,83626,16,,,0,81,,83627,16,,,0,80,,83640,16,,,0,40,,83633,16,,,0,80,,83630,16,,,0,80,,83628,16,,,0,40,,83629,16,,,0,80,,83641,16,,,0,80,,83634,16,,,0,35,,83631,16,,,0,79,,83635,16,,,0,40,,83636,16,,,0
500,'5461',739,,83655,16,,,0,161,,83652,16,,,0,121,,83654,16,,,0,80,,83648,16,,,0,40,,83642,16,,,0,81,,83643,16,,,0,80,,83656,16,,,0,40,,83649,16,,,0,80,,83646,16,,,0,80,,83644,16,,,0,40,,83645,16,,,0,80,,83657,16,,,0,80,,83650,16,,,0,35,,83647,16,,,0,79,,83651,16,,,0,40,,83653,16,,,0
500,'5462',739,,83671,16,,,0,161,,83670,16,,,0,121,,83669,16,,,0,80,,83664,16,,,0,40,,83658,16,,,0,81,,83659,16,,,0,80,,83672,16,,,0,40,,83665,16,,,0,80,,83662,16,,,0,80,,83660,16,,,0,40,,83661,16,,,0,80,,83673,16,,,0,80,,83666,16,,,0,35,,83663,16,,,0,79,,83667,16,,,0,40,,83668,16,,,0
500,'5463',739,,83687,16,,,0,161,,83686,16,,,0,121,,83685,16,,,0,80,,83680,16,,,0,40,,83674,16,,,0,81,,83675,16,,,0,80,,83688,16,,,0,40,,83681,16,,,0,80,,83678,16,,,0,80,,83676,16,,,0,40,,83677,16,,,0,80,,83689,16,,,0,80,,83682,16,,,0,35,,83679,16,,,0,79,,83683,16,,,0,40,,83684,16,,,0
