3801,'5456',655,,92483,24,,,0,68,,92482,24,,,0,29,,92484,24,,,0,67,,92485,24,,,0,35,,92488,24,,,0,85,,92486,24,,,0,88,,102452,24,,,0,100,,92490,24,,,0,102,,102453,24,,,0,72,,92503,3,,,0,30,,92491,24,,,0,78,,92504,3,,,0,25,,92492,24,,,0,75,,92505,3,,,0,35,,92493,24,,,0,86,,92494,24,,,0,72,,92499,24,,,0,26,,92495,24,,,0,25,,92502,24,,,0,65,,92496,24,,,0,30,,92497,24,,,0,76,,92500,24,,,0,99,,92498,24,,,0,104,,92501,24,,,0
3801,'5458',655,,92507,24,,,0,68,,92506,24,,,0,29,,92508,24,,,0,67,,92509,24,,,0,35,,92512,24,,,0,85,,92510,24,,,0,88,,102454,24,,,0,100,,92514,24,,,0,102,,102455,24,,,0,72,,92527,3,,,0,30,,92515,24,,,0,78,,92528,3,,,0,25,,92516,24,,,0,75,,92529,3,,,0,35,,92517,24,,,0,86,,92518,24,,,0,72,,92523,24,,,0,26,,92519,24,,,0,25,,92526,24,,,0,65,,92520,24,,,0,30,,92521,24,,,0,76,,92524,24,,,0,99,,92522,24,,,0,104,,92525,24,,,0
4801,'5456',1654,,93107,21,,,0,67,,93106,21,,,0,28,,93105,21,,,0
4801,'5458',1654,,93110,21,,,0,67,,93109,21,,,0,28,,93108,21,,,0
5201,'5456',501,,102909,3,,,0,35,,102908,3,,,0,76,,102911,3,,,0,37,,102910,3,,,0,65,,102919,3,,,0,24,,102912,3,,,0,71,,102936,3,,,0,20,,102939,3,0,28 37 14 49,0,8,,102913,3,,,0,74,,102914,3,,,0,38,,102915,3,,,0,69,,102937,3,,,0,30,,102917,3,,,0,68,,102916,3,,,0,35,,102918,3,,,0,74,,102935,3,,,0,30,,102921,3,,,0,70,,102920,3,,,0,30,,102941,3,,,0,65,,102922,3,,,0,23,,93480,3,0,38 3 39 49,0,6,,102934,3,,,0,66,,102923,3,,,0,35,,102924,3,,,0,78,,102942,3,,,0,25,,102925,3,,,0,65,,102933,3,,,0,25,,102926,3,,,0,70,,102927,3,,,0,29,,102943,3,,,0,70,,102928,3,,,0,33,,102929,3,,,0,69,,102931,3,,,0,28,,102944,3,,,0,67,,102930,3,0,38 3 39 49,0,35,,102932,3,,,0,98,,102940,3,,,0,100,,102938,3,,,0
5201,'5458',501,,102947,3,,,0,35,,102946,3,,,0,76,,102949,3,,,0,37,,102948,3,,,0,65,,102957,3,,,0,24,,102950,3,,,0,71,,102974,3,,,0,20,,102977,3,0,28 37 14 49,0,8,,102951,3,,,0,74,,102952,3,,,0,38,,102953,3,,,0,69,,102975,3,,,0,30,,102955,3,,,0,68,,102954,3,,,0,35,,102956,3,,,0,74,,102973,3,,,0,30,,102959,3,,,0,70,,102958,3,,,0,30,,102979,3,,,0,65,,102960,3,,,0,23,,93521,3,0,38 3 39 49,0,6,,102972,3,,,0,66,,102961,3,,,0,35,,102962,3,,,0,78,,102980,3,,,0,25,,102963,3,,,0,65,,102971,3,,,0,25,,102964,3,,,0,70,,102965,3,,,0,29,,102981,3,,,0,70,,102966,3,,,0,33,,102967,3,,,0,69,,102969,3,,,0,28,,102982,3,,,0,67,,102968,3,0,38 3 39 49,0,35,,102970,3,,,0,98,,102978,3,,,0,100,,102976,3,,,0
5201,'5459',642,,102993,3,,,0,70,,103003,3,,,0,30,,103001,3,,,0,70,,102984,3,,,0,30,,102991,3,,,0,70,,103010,3,,,0,30,,102988,3,,,0,70,,102985,3,,,0,30,,102992,3,,,0,70,,103011,3,,,0,30,,102989,3,,,0,71,,102986,3,,,0,35,,102995,3,,,0,70,,103013,3,,,0,35,,102990,3,,,0,75,,103000,3,,,0,75,,102994,3,,,0,30,,103012,3,,,0,70,,102987,3,,,0,30,,102998,3,,,0,25,,103006,3,,,0,65,,102997,3,,,0,24,,103002,3,,,0,65,,102999,3,,,0,30,,102996,3,,,0,70,,103009,3,,,0,32,,103004,3,,,0,70,,103008,3,,,0,30,,103005,3,,,0,65,,103007,3,0,38 3 39 49,0,30,,103014,3,,,0,103,,103015,3,,,0,100,,103016,3,,,0
5201,'5460',712,,103022,3,,,0,30,,103038,3,,,0,70,,103030,3,,,0,30,,103018,3,,,0,70,,103025,3,,,0,30,,103032,3,,,0,70,,103027,3,,,0,30,,103019,3,,,0,70,,103024,3,,,0,30,,103033,3,,,0,70,,103029,3,,,0,35,,103017,3,,,0,70,,103023,3,,,0,35,,103036,3,,,0,75,,103028,3,,,0,75,,103043,3,,,0,30,,103021,3,,,0,70,,103035,3,,,0,30,,103026,3,,,0,70,,103031,3,,,0,30,,103020,3,,,0,70,,103034,3,,,0,40,,103037,3,,,0,100,,103039,3,,,0,100,,103040,3,,,0,100,,103041,3,,,0,100,,103042,3,,,0
5201,'5461',712,,103049,3,,,0,30,,103065,3,,,0,70,,103057,3,,,0,30,,103045,3,,,0,70,,103052,3,,,0,30,,103059,3,,,0,70,,103054,3,,,0,30,,103046,3,,,0,70,,103051,3,,,0,30,,103060,3,,,0,70,,103056,3,,,0,35,,103044,3,,,0,70,,103050,3,,,0,35,,103063,3,,,0,75,,103055,3,,,0,75,,103069,3,,,0,30,,103048,3,,,0,70,,103062,3,,,0,30,,103053,3,,,0,70,,103058,3,,,0,30,,103047,3,,,0,70,,103061,3,,,0,40,,103064,3,,,0,100,,103066,3,,,0,100,,103067,3,,,0,100,,103068,3,,,0,100,,93608,3,,,0
5201,'5462',712,,103075,3,,,0,30,,103091,3,,,0,70,,103083,3,,,0,30,,103071,3,,,0,70,,103078,3,,,0,30,,103085,3,,,0,70,,103080,3,,,0,30,,103072,3,,,0,70,,103077,3,,,0,30,,103086,3,,,0,70,,103082,3,,,0,35,,103070,3,,,0,70,,103076,3,,,0,35,,103089,3,,,0,75,,103081,3,,,0,75,,103095,3,,,0,30,,103074,3,,,0,70,,103088,3,,,0,30,,103079,3,,,0,70,,103084,3,,,0,30,,103073,3,,,0,70,,103087,3,,,0,40,,103090,3,,,0,100,,103092,3,,,0,100,,103093,3,,,0,100,,103094,3,,,0,100,,93635,3,,,0
5201,'5463',712,,103101,3,,,0,30,,103117,3,,,0,70,,103109,3,,,0,30,,103097,3,,,0,70,,103104,3,,,0,30,,103111,3,,,0,70,,103106,3,,,0,30,,103098,3,,,0,70,,103103,3,,,0,30,,103112,3,,,0,70,,103108,3,,,0,35,,103096,3,,,0,70,,103102,3,,,0,35,,103115,3,,,0,75,,103107,3,,,0,75,,103121,3,,,0,30,,103100,3,,,0,70,,103114,3,,,0,30,,103105,3,,,0,70,,103110,3,,,0,30,,103099,3,,,0,70,,103113,3,,,0,40,,103116,3,,,0,100,,103118,3,,,0,100,,103119,3,,,0,100,,103120,3,,,0,100,,93662,3,,,0
6101,'5456',1545,,95101,21,,,0,70,,103354,21,,,0,34,,95076,21,,,0,64,,95074,21,,,0,16,,95083,21,,,0,20,,95069,21,,,0,78,,103353,21,,,0
6101,'5458',1545,,95138,21,,,0,70,,103361,21,,,0,34,,95113,21,,,0,64,,95111,21,,,0,16,,95119,21,,,0,20,,95106,21,,,0,78,,103360,21,,,0
