601,'5456',533,,99110,1,,,0,15,,84194,1,,,0,67,,84195,1,,,0,24,,84196,1,,,0,15,,99113,1,,,0,54,,99111,1,,,0,6,,84214,1,,,0,15,,84198,1,,,0,15,,84201,1,,,0,12,,84208,1,,,0,58,,84199,1,,,0,19,,99112,1,,,0,17,,84202,1,,,0,57,,84221,1,,,0,20,,84203,1,,,0,22,,84212,1,,,0,63,,84204,1,,,0,23,,84205,1,,,0,23,,84206,1,,,0,64,,99114,1,,,0,24,,84210,1,,,0,64,,84211,1,,,0,25,,84213,1,,,0,65,,84215,1,,,0,23,,84216,1,,,0,21,,84217,1,,,0,59,,84218,1,,,0,19,,99115,1,,,0,20,,99116,1,,,0,58,,84222,1,,,0,14,,84223,1,,,0,11,,84224,1,,,0,21,,84225,1,,,0,59,,84226,1,,,0,19,,84227,1,,,0,22,,84228,1,,,0,62,,84229,1,,,0,27,,99117,1,,,0,65,,84231,1,,,0,12,,84232,1,,,0,25,,84233,1,,,0,71,,84234,1,,,0,33,,99118,1,,,0,77,,84237,1,,,0,18,,84236,1,,,0,76,,84239,1,,,0,22,,84238,1,,,0,90,,84240,1,,,0,101,,99119,1,,,0,33,,84243,1,,,0,71,,99120,1,,,0
601,'5458',533,,99121,1,,,0,15,,84246,1,,,0,67,,84247,1,,,0,24,,84248,1,,,0,15,,99126,1,,,0,54,,99122,1,,,0,6,,84266,1,,,0,15,,84250,1,,,0,15,,84253,1,,,0,12,,84260,1,,,0,58,,84251,1,,,0,19,,99123,1,,,0,17,,99124,1,,,0,57,,84273,1,,,0,20,,84255,1,,,0,22,,84264,1,,,0,63,,99125,1,,,0,23,,84257,1,,,0,23,,84258,1,,,0,64,,99127,1,,,0,24,,84262,1,,,0,64,,84263,1,,,0,25,,84265,1,,,0,65,,99128,1,,,0,23,,84268,1,,,0,21,,84269,1,,,0,59,,84270,1,,,0,19,,99129,1,,,0,20,,99130,1,,,0,58,,84274,1,,,0,14,,84275,1,,,0,11,,84276,1,,,0,21,,84277,1,,,0,59,,84278,1,,,0,19,,84279,1,,,0,22,,84280,1,,,0,62,,84281,1,,,0,27,,99131,1,,,0,65,,84283,1,,,0,12,,84284,1,,,0,25,,84285,1,,,0,71,,84286,1,,,0,33,,99132,1,,,0,77,,84289,1,,,0,18,,84288,1,,,0,76,,84291,1,,,0,22,,84290,1,,,0,90,,84292,1,,,0,101,,99133,1,,,0,33,,84295,1,,,0,71,,99134,1,,,0,30,,84297,1,,,0,71,,99136,1,,,0,71,,84296,1,,,0,30,,99135,1,,,0
601,'5459',553,,84303,1,,,0,62,,99138,1,,,0,20,,84301,1,,,0,77,,99139,1,,,0,16,,99140,1,,,0,19,,99141,1,,,0,73,,99142,1,,,0,14,,99143,1,,,0,15,,84310,1,,,0,67,,99144,1,,,0,13,,99145,1,,,0,13,,99137,1,,,0,62,,84313,1,,,0,12,,84314,1,,,0,12,,99146,1,,,0,24,,99148,1,,,0,51,,99149,1,,,0,12,,99147,1,,,0,24,,84319,1,,,0,11,,99150,1,,,0,52,,84321,1,,,0,23,,99155,1,,,0,12,,99151,1,,,0,12,,84323,1,,,0,64,,99152,1,,,0,10,,84325,1,,,0,11,,99153,1,,,0,20,,84329,1,,,0,50,,99156,1,,,0,11,,84331,1,,,0,21,,99154,1,,,0,11,,84332,1,,,0,10,,99159,1,,,0,61,,84333,1,,,0,10,,99157,1,,,0,10,,84335,1,,,0,21,,99158,1,,,0,50,,84338,1,,,0,10,,99160,1,,,0,11,,99161,1,,,0,24,,99162,1,,,0,53,,84342,1,,,0,12,,99163,1,,,0,13,,99164,1,,,0,25,,99165,1,,,0,52,,84346,1,,,0,13,,99166,1,,,0,15,,99167,1,,,0,70,,84349,1,,,0,16,,99168,1,,,0,15,,99169,1,,,0,77,,99170,1,,,0,18,,84353,1,,,0,76,,99171,1,,,0,18,,99172,1,,,0,82,,84356,1,,,0,25,,99173,1,,,0,96,,84358,1,,,0,27,,99174,1,,,0,71,,84360,1,,,0,31,,99175,1,,,0,70,,99176,1,,,0,71,,99177,1,,,0,29,,99178,1,,,0
601,'5460',633,,84402,1,,,0,95,,99189,1,,,0,84,,99193,1,,,0,19,,99188,1,,,0,79,,84401,1,,,0,16,,99196,1,,,0,15,,99207,1,,,0,70,,99179,1,,,0,16,,84404,1,,,0,15,,99198,1,,,0,70,,84374,1,,,0,15,,99181,1,,,0,12,,99180,1,,,0,64,,99200,1,,,0,12,,99183,1,,,0,12,,99184,1,,,0,12,,84384,1,,,0,64,,99182,1,,,0,12,,84409,1,,,0,12,,99199,1,,,0,12,,99187,1,,,0,64,,84383,1,,,0,12,,99186,1,,,0,12,,99185,1,,,0,12,,84407,1,,,0,64,,84379,1,,,0,13,,99191,1,,,0,12,,84382,1,,,0,12,,99192,1,,,0,65,,84408,1,,,0,12,,84387,1,,,0,12,,84377,1,,,0,12,,99190,1,,,0,64,,99208,1,,,0,12,,99195,1,,,0,13,,84405,1,,,0,16,,84386,1,,,0,70,,99197,1,,,0,19,,99194,1,,,0,18,,84399,1,,,0,77,,99202,1,,,0,18,,99201,1,,,0,74,,99203,1,,,0,17,,99204,1,,,0,75,,84403,1,,,0,20,,99205,1,,,0,97,,84400,1,,,0,71,,99206,1,,,0,50,,84410,1,,,0
601,'5461',633,,84451,1,,,0,95,,99218,1,,,0,84,,99222,1,,,0,19,,99217,1,,,0,79,,84450,1,,,0,16,,99225,1,,,0,15,,99233,1,,,0,70,,99209,1,,,0,16,,84453,1,,,0,15,,99226,1,,,0,70,,99216,1,,,0,15,,84416,1,,,0,12,,99210,1,,,0,64,,99228,1,,,0,12,,99212,1,,,0,12,,99213,1,,,0,12,,99221,1,,,0,64,,99211,1,,,0,12,,84458,1,,,0,12,,99227,1,,,0,12,,99215,1,,,0,64,,84432,1,,,0,12,,84421,1,,,0,12,,99214,1,,,0,12,,84456,1,,,0,64,,84428,1,,,0,13,,99220,1,,,0,12,,84431,1,,,0,12,,84430,1,,,0,65,,84457,1,,,0,12,,84436,1,,,0,12,,84426,1,,,0,12,,99219,1,,,0,64,,99234,1,,,0,12,,99224,1,,,0,13,,84454,1,,,0,16,,84435,1,,,0,70,,84440,1,,,0,19,,99223,1,,,0,18,,84448,1,,,0,77,,84445,1,,,0,18,,99229,1,,,0,74,,99230,1,,,0,17,,84447,1,,,0,75,,84452,1,,,0,20,,99231,1,,,0,97,,84449,1,,,0,71,,99232,1,,,0,50,,84459,1,,,0
601,'5462',633,,84500,1,,,0,95,,99244,1,,,0,84,,99248,1,,,0,19,,99243,1,,,0,79,,84499,1,,,0,16,,99251,1,,,0,15,,99259,1,,,0,70,,99235,1,,,0,16,,84502,1,,,0,15,,99252,1,,,0,70,,99242,1,,,0,15,,84465,1,,,0,12,,99236,1,,,0,64,,99254,1,,,0,12,,99238,1,,,0,12,,99239,1,,,0,12,,99247,1,,,0,64,,99237,1,,,0,12,,84507,1,,,0,12,,99253,1,,,0,12,,99241,1,,,0,64,,84481,1,,,0,12,,84470,1,,,0,12,,99240,1,,,0,12,,84505,1,,,0,64,,84477,1,,,0,13,,99246,1,,,0,12,,84480,1,,,0,12,,84479,1,,,0,65,,84506,1,,,0,12,,84485,1,,,0,12,,84475,1,,,0,12,,99245,1,,,0,64,,99260,1,,,0,12,,99250,1,,,0,13,,84503,1,,,0,16,,84484,1,,,0,70,,84489,1,,,0,19,,99249,1,,,0,18,,84497,1,,,0,77,,84494,1,,,0,18,,99255,1,,,0,74,,99256,1,,,0,17,,84496,1,,,0,75,,84501,1,,,0,20,,99257,1,,,0,97,,84498,1,,,0,71,,99258,1,,,0,50,,84508,1,,,0
601,'5463',633,,84549,1,,,0,95,,99270,1,,,0,84,,99274,1,,,0,19,,99269,1,,,0,79,,84548,1,,,0,16,,99277,1,,,0,15,,99285,1,,,0,70,,99261,1,,,0,16,,84551,1,,,0,15,,99278,1,,,0,70,,99268,1,,,0,15,,84514,1,,,0,12,,99262,1,,,0,64,,99280,1,,,0,12,,99264,1,,,0,12,,99265,1,,,0,12,,99273,1,,,0,64,,99263,1,,,0,12,,84556,1,,,0,12,,99279,1,,,0,12,,99267,1,,,0,64,,84530,1,,,0,12,,84519,1,,,0,12,,99266,1,,,0,12,,84554,1,,,0,64,,84526,1,,,0,13,,99272,1,,,0,12,,84529,1,,,0,12,,84528,1,,,0,65,,84555,1,,,0,12,,84534,1,,,0,12,,84524,1,,,0,12,,99271,1,,,0,64,,99286,1,,,0,12,,99276,1,,,0,13,,84552,1,,,0,16,,84533,1,,,0,70,,84538,1,,,0,19,,99275,1,,,0,18,,84546,1,,,0,77,,84543,1,,,0,18,,99281,1,,,0,74,,99282,1,,,0,17,,84545,1,,,0,75,,84550,1,,,0,20,,99283,1,,,0,97,,84547,1,,,0,71,,99284,1,,,0,50,,84557,1,,,0
3001,'5456',603,,101846,1,,,0,29,,101847,1,,,0,72,,101848,1,,,0,27,,101849,1,,,0,69,,101850,1,,,0,34,,101851,1,,,0,68,,101852,1,,,0,29,,101853,1,,,0,70,,101854,1,,,0,31,,101855,1,,,0,70,,101856,1,,,0,30,,101857,1,,,0,72,,101858,1,,,0,30,,101859,1,,,0,70,,101860,1,,,0,31,,101861,1,,,0,70,,101862,1,,,0,30,,91611,1,,,0,72,,91612,1,,,0,32,,101863,1,,,0,73,,101864,1,,,0,33,,101865,1,,,0,74,,101866,1,,,0,29,,101867,1,,,0,69,,101868,1,,,0,37,,91619,1,,,0,79,,101869,1,,,0,79,,91621,1,,,0,94,,101870,1,,,0,99,,101871,1,,,0,109,,91624,1,,,0,93,,101872,1,,,0
3001,'5458',603,,101873,1,,,0,29,,101874,1,,,0,72,,101875,1,,,0,27,,101876,1,,,0,69,,101877,1,,,0,34,,101878,1,,,0,68,,101879,1,,,0,29,,101880,1,,,0,70,,101881,1,,,0,31,,101882,1,,,0,70,,101883,1,,,0,30,,101884,1,,,0,72,,101885,1,,,0,30,,101886,1,,,0,70,,101887,1,,,0,31,,101888,1,,,0,70,,101889,1,,,0,30,,91643,1,,,0,72,,91644,1,,,0,32,,101890,1,,,0,73,,101891,1,,,0,33,,101892,1,,,0,74,,101893,1,,,0,29,,101894,1,,,0,69,,101895,1,,,0,37,,91651,1,,,0,79,,101896,1,,,0,79,,91653,1,,,0,94,,101897,1,,,0,99,,101898,1,,,0,109,,91656,1,,,0,93,,101899,1,,,0
3001,'5459',629,,101901,1,,,0,88,,101902,1,,,0,40,,91661,1,,,0,72,,101900,1,,,0,30,,101903,1,,,0,72,,101904,1,,,0,70,,101905,1,,,0,29,,101906,1,,,0,70,,101907,1,,,0,29,,101908,1,,,0,30,,101909,1,,,0,69,,101910,1,,,0,28,,101911,1,,,0,70,,101912,1,,,0,30,,101913,1,,,0,70,,101914,1,,,0,30,,101915,1,,,0,70,,101916,1,,,0,31,,101917,1,,,0,71,,101918,1,,,0,30,,101919,1,,,0,71,,91679,1,,,0,75,,101920,1,,,0,40,,101921,1,,,0,83,,101922,1,,,0,82,,101923,1,,,0,95,,91684,1,,,0,100,,101924,1,,,0,112,,91686,1,,,0,93,,91687,1,,,0
3001,'5460',731,,101925,1,,,0,102,,101926,1,,,0,79,,101927,1,,,0,39,,101928,1,,,0,78,,101929,1,,,0,30,,101930,1,,,0,70,,101931,1,,,0,30,,101932,1,,,0,69,,91696,1,,,0,30,,91697,1,,,0,70,,101933,1,,,0,30,,101934,1,,,0,70,,91700,1,,,0,29,,101935,1,,,0,71,,101936,1,,,0,30,,91703,1,,,0,71,,101937,1,,,0,71,,101938,1,,,0,32,,101939,1,,,0,76,,101940,1,,,0,41,,101941,1,,,0,81,,101942,1,,,0,81,,101943,1,,,0,95,,101944,1,,,0,100,,101945,1,,,0,107,,91713,1,,,0,106,,101946,1,,,0
3001,'5461',731,,101947,1,,,0,102,,101948,1,,,0,79,,101949,1,,,0,39,,101950,1,,,0,78,,101951,1,,,0,30,,101952,1,,,0,70,,101953,1,,,0,30,,101954,1,,,0,69,,101955,1,,,0,30,,101956,1,,,0,70,,101957,1,,,0,30,,101958,1,,,0,70,,101959,1,,,0,29,,101960,1,,,0,71,,101961,1,,,0,30,,101962,1,,,0,71,,101963,1,,,0,71,,91732,1,,,0,32,,101964,1,,,0,76,,101965,1,,,0,41,,101966,1,,,0,81,,101967,1,,,0,81,,101968,1,,,0,95,,91738,1,,,0,100,,101969,1,,,0,107,,101970,1,,,0,106,,91741,1,,,0
3001,'5462',731,,101971,1,,,0,102,,101972,1,,,0,79,,101973,1,,,0,39,,101974,1,,,0,78,,101975,1,,,0,30,,101976,1,,,0,70,,101977,1,,,0,30,,101978,1,,,0,69,,101979,1,,,0,30,,101980,1,,,0,70,,101981,1,,,0,30,,101982,1,,,0,70,,101983,1,,,0,29,,101984,1,,,0,71,,101985,1,,,0,30,,101986,1,,,0,71,,101987,1,,,0,71,,91759,1,,,0,32,,101988,1,,,0,76,,101989,1,,,0,41,,101990,1,,,0,81,,101991,1,,,0,81,,101992,1,,,0,95,,91765,1,,,0,100,,101993,1,,,0,107,,101994,1,,,0,106,,91768,1,,,0
3001,'5463',731,,101995,1,,,0,102,,101996,1,,,0,79,,101997,1,,,0,39,,101998,1,,,0,78,,101999,1,,,0,30,,102000,1,,,0,70,,102001,1,,,0,30,,102002,1,,,0,69,,102003,1,,,0,30,,102004,1,,,0,70,,102005,1,,,0,30,,102006,1,,,0,70,,102007,1,,,0,29,,102008,1,,,0,71,,102009,1,,,0,30,,102010,1,,,0,71,,102011,1,,,0,71,,91786,1,,,0,32,,102012,1,,,0,76,,102013,1,,,0,41,,102014,1,,,0,81,,102015,1,,,0,81,,102016,1,,,0,95,,91792,1,,,0,100,,102017,1,,,0,107,,102018,1,,,0,106,,91795,1,,,0
3101,'5456',545,,92000,1,,,0,76,,102195,1,,,0,32,,92002,1,,,0,67,,102196,1,,,0,28,,102197,1,,,0,69,,92005,1,,,0,31,,102198,1,,,0,70,,102199,1,,,0,30,,92008,1,,,0,70,,102200,1,,,0,29,,92010,1,,,0,72,,92011,1,,,0,31,,102201,1,,,0,71,,92013,1,,,0,30,,92014,1,,,0,71,,92015,1,,,0,31,,92016,1,,,0,68,,102202,1,,,0,30,,92019,1,,,0,72,,102203,1,,,0,32,,102204,1,,,0,75,,102205,1,,,0,74,,102206,1,,,0,31,,102207,1,,,0,70,,102208,1,,,0,31,,102209,1,,,0,82,,102210,1,,,0,34,,102211,1,,,0,87,,92028,1,,,0,100,,92029,1,,,0,100,,102212,1,,,0,102,,102213,1,,,0,107,,102214,1,0,27 49,0
3101,'5458',545,,92033,1,,,0,76,,102215,1,,,0,32,,92035,1,,,0,67,,102216,1,,,0,28,,102217,1,,,0,69,,92038,1,,,0,31,,102218,1,,,0,70,,102219,1,,,0,30,,92041,1,,,0,70,,102220,1,,,0,29,,92043,1,,,0,72,,92044,1,,,0,31,,102221,1,,,0,71,,92046,1,,,0,30,,92047,1,,,0,71,,92048,1,,,0,31,,92049,1,,,0,68,,102222,1,,,0,30,,92052,1,,,0,72,,102223,1,,,0,32,,102224,1,,,0,75,,102225,1,,,0,74,,102226,1,,,0,31,,102227,1,,,0,70,,102228,1,,,0,31,,102229,1,,,0,82,,102230,1,,,0,34,,102231,1,,,0,87,,92061,1,,,0,100,,92062,1,,,0,100,,102232,1,,,0,102,,102233,1,,,0,107,,102234,1,0,27 49,0
3101,'5459',654,,102235,1,,,0,86,,92067,1,,,0,76,,102236,1,,,0,31,,102237,1,,,0,71,,92070,1,,,0,31,,102238,1,,,0,69,,102239,1,,,0,30,,102240,1,,,0,69,,102241,1,,,0,29,,102242,1,,,0,69,,102243,1,,,0,28,,102244,1,,,0,70,,102245,1,,,0,30,,102246,1,,,0,70,,102247,1,,,0,30,,102248,1,,,0,70,,102249,1,,,0,32,,102250,1,,,0,70,,92084,1,,,0,31,,102251,1,,,0,71,,102252,1,,,0,30,,92087,1,,,0,80,,92088,1,,,0,83,,92089,1,,,0,40,,92090,1,,,0,87,,102253,1,,,0,100,,102254,1,,,0,101,,102255,1,,,0,111,,102256,1,,,0,98,,102257,1,0,27 49,0
3101,'5460',704,,102259,1,,,0,101,,102260,1,,,0,51,,102261,1,,,0,79,,102262,1,,,0,78,,102258,1,,,0,35,,102263,1,,,0,70,,102264,1,,,0,30,,92103,1,,,0,68,,102265,1,,,0,30,,102266,1,,,0,70,,92106,1,,,0,29,,102267,1,,,0,70,,102268,1,,,0,30,,102269,1,,,0,70,,102270,1,,,0,31,,102271,1,,,0,70,,102272,1,,,0,31,,92113,1,,,0,71,,102273,1,,,0,33,,102274,1,,,0,80,,92116,1,,,0,81,,92117,1,,,0,41,,102275,1,,,0,88,,102276,1,,,0,98,,102277,1,,,0,101,,102278,1,,,0,114,,102279,1,,,0
3101,'5461',704,,102281,1,,,0,101,,102282,1,,,0,51,,102283,1,,,0,79,,102284,1,,,0,78,,102280,1,,,0,35,,102285,1,,,0,70,,102286,1,,,0,30,,92130,1,,,0,68,,102287,1,,,0,30,,102288,1,,,0,70,,92133,1,,,0,29,,102289,1,,,0,70,,102290,1,,,0,30,,102291,1,,,0,70,,102292,1,,,0,31,,102293,1,,,0,70,,102294,1,,,0,31,,102295,1,,,0,71,,102296,1,,,0,33,,102297,1,,,0,80,,92143,1,,,0,81,,92144,1,,,0,41,,92145,1,,,0,88,,102298,1,,,0,98,,102299,1,,,0,101,,102300,1,,,0,114,,102301,1,,,0
3101,'5462',704,,102303,1,,,0,101,,102304,1,,,0,51,,102305,1,,,0,79,,102306,1,,,0,78,,102302,1,,,0,35,,102307,1,,,0,70,,102308,1,,,0,30,,92157,1,,,0,68,,102309,1,,,0,30,,102310,1,,,0,70,,92160,1,,,0,29,,102311,1,,,0,70,,102312,1,,,0,30,,102313,1,,,0,70,,102314,1,,,0,31,,102315,1,,,0,70,,102316,1,,,0,31,,102317,1,,,0,71,,102318,1,,,0,33,,102319,1,,,0,80,,92170,1,,,0,81,,92171,1,,,0,41,,92172,1,,,0,88,,102320,1,,,0,98,,102321,1,,,0,101,,102322,1,,,0,114,,102323,1,,,0
3101,'5463',704,,102325,1,,,0,101,,102326,1,,,0,51,,102327,1,,,0,79,,102328,1,,,0,78,,102324,1,,,0,35,,102329,1,,,0,70,,102330,1,,,0,30,,92184,1,,,0,68,,102331,1,,,0,30,,102332,1,,,0,70,,92187,1,,,0,29,,102333,1,,,0,70,,102334,1,,,0,30,,102335,1,,,0,70,,102336,1,,,0,31,,102337,1,,,0,70,,102338,1,,,0,31,,102339,1,,,0,71,,102340,1,,,0,33,,102341,1,,,0,80,,92197,1,,,0,81,,92198,1,,,0,41,,92199,1,,,0,88,,102342,1,,,0,98,,102343,1,,,0,101,,102344,1,,,0,114,,102345,1,,,0
3201,'5456',627,,102386,20,4,,0,208,,92308,20,4,,0,107,,102388,20,4,,0,100,,102389,20,4,,0,105,,102390,20,4,,0,105,,102391,20,4,,0,105,,102392,20,4,,0,149,,102393,20,4,,0,111,,102394,20,4,,0,101,,92313,20,4,,0,32,,102395,20,4,,0,70,,92312,20,4,,0,109,,92315,20,4,,0,99,,92316,20,4,,0,100,,92317,20,4,,0,98,,92318,20,4,,0
3201,'5458',627,,102396,20,4,,0,208,,92326,20,4,,0,107,,102398,20,4,,0,100,,102399,20,4,,0,105,,102400,20,4,,0,105,,102401,20,4,,0,105,,102402,20,4,,0,149,,102403,20,4,,0,111,,102404,20,4,,0,101,,92331,20,4,,0,32,,102405,20,4,,0,70,,92330,20,4,,0,109,,92333,20,4,,0,99,,92334,20,4,,0,100,,92335,20,4,,0,98,,92336,20,4,,0
3201,'5459',827,,92341,20,4,,0,101,,102408,20,4,,0,101,,92348,20,4,,0,100,,92339,20,4,,0,100,,92342,20,4,,0,101,,92345,20,4,,0,100,,102410,20,4,,0,100,,92340,20,4,,0,100,,102407,20,4,,0,99,,92347,20,4,,0,99,,92350,20,4,,0,99,,102409,20,4,,0,99,,92351,20,4,,0,100,,102406,20,4,,0,99,,92337,20,4,,0
3201,'5460',827,,102411,20,4,,0,101,,102412,20,4,,0,100,,92354,20,4,,0,101,,92357,20,4,,0,100,,92355,20,4,,0,101,,92356,20,4,,0,100,,92361,20,4,,0,100,,92358,20,4,,0,100,,102413,20,4,,0,99,,92360,20,4,,0,99,,102415,20,4,,0,100,,102414,20,4,,0
3201,'5461',827,,92364,20,4,,0,101,,92365,20,4,,0,100,,92366,20,4,,0,101,,102416,20,4,,0,100,,92367,20,4,,0,101,,92368,20,4,,0,100,,92373,20,4,,0,100,,92370,20,4,,0,100,,92371,20,4,,0,99,,102417,20,4,,0,99,,102419,20,4,,0,100,,102418,20,4,,0
3201,'5462',827,,92376,20,4,,0,101,,92377,20,4,,0,100,,92378,20,4,,0,101,,102420,20,4,,0,100,,92379,20,4,,0,101,,92380,20,4,,0,100,,92385,20,4,,0,100,,92382,20,4,,0,100,,92383,20,4,,0,99,,102421,20,4,,0,99,,102423,20,4,,0,100,,102422,20,4,,0
3201,'5463',827,,92388,20,4,,0,101,,92389,20,4,,0,100,,92390,20,4,,0,101,,102424,20,4,,0,100,,92391,20,4,,0,101,,92392,20,4,,0,100,,92397,20,4,,0,100,,92394,20,4,,0,100,,92395,20,4,,0,99,,102425,20,4,,0,99,,102427,20,4,,0,100,,102426,20,4,,0
7501,'5456',2311,,96184,44,4,,0,93,,104104,42,4,,0
7501,'5458',2311,,96221,44,4,,0,93,,104124,42,4,,0
7501,'5459',2313,,96246,44,4,,0,93,,96247,42,4,,0
7501,'5460',2310,,96268,44,4,,0,106,,104155,42,4,,0
7501,'5461',2310,,104169,44,4,,0,106,,96291,42,4,,0
7501,'5462',2310,,104183,44,4,,0,106,,96313,42,4,,0
7501,'5463',2310,,104197,44,4,,0,106,,96335,42,4,,0
