700,'5456',608,,84561,23,0,5,0,28,,84582,23,0,5,0,17,,84562,23,0,5,0,54,,84587,23,0,5,0,16,,84572,23,0,5,0,13,,84594,23,0,5,0,17,,84566,23,0,5,0,55,,84591,23,0,5,0,20,,84565,23,0,5,0,18,,84602,23,0,5,0,58,,84580,23,0,5,0,21,,84563,23,0,5,0,21,,84586,23,0,5,0,60,,84596,23,0,5,0,20,,84564,23,0,5,0,20,,84567,23,0,5,0,60,,84600,23,0,5,0,20,,84581,23,0,5,0,20,,84568,23,0,5,0,60,,84588,23,0,5,0,20,,84593,23,0,5,0,20,,84570,23,0,5,0,60,,84571,23,0,5,0,17,,84605,23,0,5,0,19,,84601,23,0,5,0,16,,84583,23,0,5,0,55,,84569,23,0,5,0,18,,84607,23,0,5,0,18,,84589,23,0,5,0,57,,84595,23,0,5,0,15,,84608,23,0,5,0,5,,84575,23,0,5,0,18,,84576,23,0,5,0,58,,84604,23,0,5,0,18,,84603,23,0,5,0,18,,84584,23,0,5,0,19,,84573,23,0,5,0,59,,84606,23,0,5,0,18,,84590,23,0,5,0,16,,84597,23,0,5,0,58,,84574,23,0,5,0,16,,84585,23,0,5,0,31,,84598,23,0,5,0,70,,84577,23,0,5,0,33,,84592,23,0,5,0,69,,84578,23,0,5,0,30,,84599,23,0,5,0,70,,84579,23,0,5,0
700,'5458',608,,84609,23,0,5,0,28,,84630,23,0,5,0,17,,84610,23,0,5,0,54,,84635,23,0,5,0,16,,84620,23,0,5,0,13,,84642,23,0,5,0,17,,84614,23,0,5,0,55,,84639,23,0,5,0,20,,84613,23,0,5,0,18,,84650,23,0,5,0,58,,84628,23,0,5,0,21,,84611,23,0,5,0,21,,84634,23,0,5,0,60,,84644,23,0,5,0,20,,84612,23,0,5,0,20,,84615,23,0,5,0,60,,84648,23,0,5,0,20,,84629,23,0,5,0,20,,84616,23,0,5,0,60,,84636,23,0,5,0,20,,84641,23,0,5,0,20,,84618,23,0,5,0,60,,84619,23,0,5,0,17,,84653,23,0,5,0,19,,84649,23,0,5,0,16,,84631,23,0,5,0,55,,84617,23,0,5,0,18,,84655,23,0,5,0,18,,84637,23,0,5,0,57,,84643,23,0,5,0,15,,84656,23,0,5,0,5,,84623,23,0,5,0,18,,84624,23,0,5,0,58,,84652,23,0,5,0,18,,84651,23,0,5,0,18,,84632,23,0,5,0,19,,84621,23,0,5,0,59,,84654,23,0,5,0,18,,84638,23,0,5,0,16,,84645,23,0,5,0,58,,84622,23,0,5,0,16,,84633,23,0,5,0,31,,84646,23,0,5,0,70,,84625,23,0,5,0,33,,84640,23,0,5,0,69,,84626,23,0,5,0,30,,84647,23,0,5,0,70,,84627,23,0,5,0
700,'5459',656,,84678,23,0,5,0,85,,84685,23,0,5,0,80,,84668,23,0,5,0,29,,84679,23,0,5,0,79,,84660,23,0,5,0,30,,84680,23,0,5,0,70,,84663,23,0,5,0,71,,84671,23,0,5,0,30,,84657,23,0,5,0,71,,84658,23,0,5,0,30,,84681,23,0,5,0,70,,84664,23,0,5,0,30,,84672,23,0,5,0,28,,84659,23,0,5,0,72,,84661,23,0,5,0,70,,84682,23,0,5,0,30,,84665,23,0,5,0,71,,84673,23,0,5,0,30,,84662,23,0,5,0,70,,84667,23,0,5,0,31,,84683,23,0,5,0,70,,84666,23,0,5,0,28,,84675,23,0,5,0,69,,84670,23,0,5,0,28,,84669,23,0,5,0,30,,84684,23,0,5,0,70,,84674,23,0,5,0,28,,84676,23,0,5,0,70,,84677,23,0,5,0
700,'5460',722,,84702,23,0,5,0,35,,84704,23,0,5,0,84,,84690,23,0,5,0,77,,84703,23,0,5,0,82,,84705,23,0,5,0,30,,84686,23,0,5,0,70,,84691,23,0,5,0,30,,84693,23,0,5,0,29,,84688,23,0,5,0,71,,84692,23,0,5,0,70,,84689,23,0,5,0,30,,84687,23,0,5,0,70,,84694,23,0,5,0,30,,84695,23,0,5,0,70,,84696,23,0,5,0,30,,84697,23,0,5,0,70,,84699,23,0,5,0,30,,84698,23,0,5,0,70,,84701,23,0,5,0,30,,84700,23,0,5,0,70,,84706,23,0,5,0,28,,84709,23,0,5,0,30,,84708,23,0,5,0,70,,84707,23,0,5,0,30,,84711,23,0,5,0,71,,84710,23,0,5,0
700,'5461',722,,84728,23,0,5,0,35,,84730,23,0,5,0,84,,84716,23,0,5,0,77,,84729,23,0,5,0,82,,84731,23,0,5,0,30,,84712,23,0,5,0,70,,84717,23,0,5,0,30,,84719,23,0,5,0,29,,84714,23,0,5,0,71,,84718,23,0,5,0,70,,84715,23,0,5,0,30,,84713,23,0,5,0,70,,84720,23,0,5,0,30,,84721,23,0,5,0,70,,84722,23,0,5,0,30,,84723,23,0,5,0,70,,84725,23,0,5,0,30,,84724,23,0,5,0,70,,84727,23,0,5,0,30,,84726,23,0,5,0,70,,84732,23,0,5,0,28,,84735,23,0,5,0,30,,84734,23,0,5,0,70,,84733,23,0,5,0,30,,84737,23,0,5,0,71,,84736,23,0,5,0
700,'5462',722,,84754,23,0,5,0,35,,84756,23,0,5,0,84,,84742,23,0,5,0,77,,84755,23,0,5,0,82,,84757,23,0,5,0,30,,84738,23,0,5,0,70,,84743,23,0,5,0,30,,84745,23,0,5,0,29,,84740,23,0,5,0,71,,84744,23,0,5,0,70,,84741,23,0,5,0,30,,84739,23,0,5,0,70,,84746,23,0,5,0,30,,84747,23,0,5,0,70,,84748,23,0,5,0,30,,84749,23,0,5,0,70,,84751,23,0,5,0,30,,84750,23,0,5,0,70,,84753,23,0,5,0,30,,84752,23,0,5,0,70,,84758,23,0,5,0,28,,84761,23,0,5,0,30,,84760,23,0,5,0,70,,84759,23,0,5,0,30,,84763,23,0,5,0,71,,84762,23,0,5,0
700,'5463',722,,84780,23,0,5,0,35,,84782,23,0,5,0,84,,84768,23,0,5,0,77,,84781,23,0,5,0,82,,84783,23,0,5,0,30,,84764,23,0,5,0,70,,84769,23,0,5,0,30,,84771,23,0,5,0,29,,84766,23,0,5,0,71,,84770,23,0,5,0,70,,84767,23,0,5,0,30,,84765,23,0,5,0,70,,84772,23,0,5,0,30,,84773,23,0,5,0,70,,84774,23,0,5,0,30,,84775,23,0,5,0,70,,84777,23,0,5,0,30,,84776,23,0,5,0,70,,84779,23,0,5,0,30,,84778,23,0,5,0,70,,84784,23,0,5,0,28,,84787,23,0,5,0,30,,84786,23,0,5,0,70,,84785,23,0,5,0,30,,84789,23,0,5,0,71,,84788,23,0,5,0
14000700,'5456',2155,,98428,23,0,5,0,70,,98424,23,0,5,0,32,,98429,23,0,5,0,69,,98425,23,0,5,0,31,,98427,23,0,5,0,69,,98426,23,0,5,0
14000700,'5458',2155,,98434,23,0,5,0,70,,98430,23,0,5,0,32,,98435,23,0,5,0,69,,98431,23,0,5,0,31,,98433,23,0,5,0,69,,98432,23,0,5,0
14000700,'5459',2154,,98436,23,0,5,0,74,,98437,23,0,5,0,30,,98438,23,0,5,0,69,,98439,23,0,5,0,30,,98440,23,0,5,0,71,,98441,23,0,5,0
14000700,'5460',2057,,98442,23,0,5,0,71,,98443,23,0,5,0,30,,98444,23,0,5,0,100,,98445,23,0,5,0,98,,98446,23,0,5,0
14000700,'5461',2057,,98447,23,0,5,0,71,,98448,23,0,5,0,30,,98449,23,0,5,0,100,,98450,23,0,5,0,98,,98451,23,0,5,0
14000700,'5462',2057,,98452,23,0,5,0,71,,98453,23,0,5,0,30,,98454,23,0,5,0,100,,98455,23,0,5,0,98,,98456,23,0,5,0
14000700,'5463',2057,,98457,23,0,5,0,71,,98458,23,0,5,0,30,,98459,23,0,5,0,100,,98460,23,0,5,0,98,,98461,23,0,5,0
