200,'5456',604,,81973,30,,,0,41,,81974,30,,,0,61,,81975,30,,,0,32,,81976,30,,,0,72,,81977,30,,,0,31,,81978,30,,,0,71,,81979,30,,,0,29,,81980,30,,,0,86,,81982,30,,,0,78,,81983,30,,,0,41,,81984,30,,,0,81,,81985,30,,,0,80,,81986,30,,,0,41,,81987,30,,,0,79,,81988,30,,,0,79,,81989,30,,,0,36,,82007,30,,,0,77,,82003,30,,,0,36,,82005,30,,,0,88,,81997,30,,,0,72,,81995,30,,,0,39,,82002,30,,,0,89,,81994,30,,,0,78,,82001,30,,,0,82,,81993,30,,,0,40,,82000,30,,,0,78,,81992,30,,,0,79,,81999,30,,,0,39,,81991,30,,,0,78,,81998,30,,,0
200,'5458',604,,82008,30,,,0,41,,82009,30,,,0,61,,82010,30,,,0,32,,82011,30,,,0,72,,82012,30,,,0,31,,82013,30,,,0,71,,82014,30,,,0,29,,82015,30,,,0,86,,82017,30,,,0,78,,82018,30,,,0,41,,82019,30,,,0,81,,82020,30,,,0,80,,82021,30,,,0,41,,82022,30,,,0,79,,82023,30,,,0,79,,82024,30,,,0,36,,82043,30,,,0,77,,82039,30,,,0,36,,82041,30,,,0,88,,82033,30,,,0,72,,82031,30,,,0,39,,82038,30,,,0,89,,82030,30,,,0,78,,82037,30,,,0,82,,82029,30,,,0,40,,82036,30,,,0,78,,82028,30,,,0,79,,82035,30,,,0,39,,82027,30,,,0,78,,82034,30,,,0
200,'5459',614,,98692,30,,,0,113,,98695,30,,,0,121,,98693,30,,,0,80,,98685,30,,,0,87,,98694,30,,,0,40,,98684,30,,,0,80,,82044,30,,,0,81,,82051,30,,,0,40,,98681,30,,,0,81,,98688,30,,,0,81,,98682,30,,,0,41,,82049,30,,,0,80,,82048,30,,,0,79,,98683,30,,,0,40,,98690,30,,,0,79,,98691,30,,,0,74,,82060,30,,,0,40,,82054,30,,,0,75,,98686,30,,,0,94,,82057,30,,,0,80,,98687,30,,,0,45,,82072,30,,,0,80,,98696,30,,,0,80,,82068,30,,,0,37,,98697,30,,,0,79,,82067,30,,,0
200,'5460',710,,82096,30,,,0,121,,82095,30,,,0,122,,82094,30,,,0,101,,82075,30,,,0,81,,82093,30,,,0,81,,82081,30,,,0,40,,82079,30,,,0,80,,82074,30,,,0,82,,82076,30,,,0,40,,82087,30,,,0,80,,82082,30,,,0,80,,82077,30,,,0,39,,82080,30,,,0,79,,82078,30,,,0,74,,82088,30,,,0,39,,82084,30,,,0,94,,82089,30,,,0,80,,82085,30,,,0,80,,82091,30,,,0,39,,82092,30,,,0,80,,82090,30,,,0,79,,82097,30,,,0,39,,82098,30,,,0
200,'5461',710,,82121,30,,,0,121,,82120,30,,,0,122,,82119,30,,,0,101,,82100,30,,,0,81,,82118,30,,,0,81,,82106,30,,,0,40,,82104,30,,,0,80,,82099,30,,,0,82,,82101,30,,,0,40,,82112,30,,,0,80,,82107,30,,,0,80,,82102,30,,,0,39,,82105,30,,,0,79,,82103,30,,,0,74,,82113,30,,,0,39,,82109,30,,,0,94,,82114,30,,,0,80,,82110,30,,,0,80,,82116,30,,,0,39,,82117,30,,,0,80,,82115,30,,,0,79,,82122,30,,,0,39,,82123,30,,,0
200,'5462',710,,82146,30,,,0,121,,82145,30,,,0,122,,82144,30,,,0,101,,82125,30,,,0,81,,82143,30,,,0,81,,82131,30,,,0,40,,82129,30,,,0,80,,82124,30,,,0,82,,82126,30,,,0,40,,82137,30,,,0,80,,82132,30,,,0,80,,82127,30,,,0,39,,82130,30,,,0,79,,82128,30,,,0,74,,82138,30,,,0,39,,82134,30,,,0,94,,82139,30,,,0,80,,82135,30,,,0,80,,82141,30,,,0,39,,82142,30,,,0,80,,82140,30,,,0,79,,82147,30,,,0,39,,82148,30,,,0
200,'5463',710,,82171,30,,,0,121,,82170,30,,,0,122,,82169,30,,,0,101,,82150,30,,,0,81,,82168,30,,,0,81,,82156,30,,,0,40,,82154,30,,,0,80,,82149,30,,,0,82,,82151,30,,,0,40,,82162,30,,,0,80,,82157,30,,,0,80,,82152,30,,,0,39,,82155,30,,,0,79,,82153,30,,,0,74,,82163,30,,,0,39,,82159,30,,,0,94,,82164,30,,,0,80,,82160,30,,,0,80,,82166,30,,,0,39,,82167,30,,,0,80,,82165,30,,,0,79,,82172,30,,,0,39,,82173,30,,,0
500,'5456',624,,83563,30,,,0,97,,83564,30,,,0,34,,83565,30,,,0,71,,83566,30,,,0,31,,83567,30,,,0,68,,83568,30,,,0,87,,83569,30,,,0,33,,83570,30,,,0,80,,83571,30,,,0,81,,83572,30,,,0,41,,83573,30,,,0,82,,83574,30,,,0,78,,83575,30,,,0,40,,83576,30,,,0,77,,83581,30,,,0,76,,83579,30,,,0,37,,83577,30,,,0,74,,83580,30,,,0,48,,83582,30,,,0,76,,83584,30,,,0,83,,83578,30,,,0,85,,83583,30,,,0
500,'5458',624,,83585,30,,,0,97,,83586,30,,,0,34,,83587,30,,,0,71,,83588,30,,,0,31,,83589,30,,,0,68,,83590,30,,,0,87,,83591,30,,,0,33,,83592,30,,,0,80,,83593,30,,,0,81,,83594,30,,,0,41,,83595,30,,,0,82,,83596,30,,,0,78,,83597,30,,,0,40,,83598,30,,,0,77,,83603,30,,,0,76,,83601,30,,,0,37,,83599,30,,,0,74,,83602,30,,,0,48,,83604,30,,,0,76,,83606,30,,,0,83,,83600,30,,,0,85,,83605,30,,,0
500,'5459',650,,98908,30,,,0,157,,98906,30,,,0,101,,83617,30,,,0,42,,98902,30,,,0,85,,83615,30,,,0,80,,98903,30,,,0,41,,98913,30,,,0,80,,98907,30,,,0,81,,83607,30,,,0,41,,83613,30,,,0,80,,98904,30,,,0,81,,98910,30,,,0,40,,98905,30,,,0,79,,83612,30,,,0,79,,83621,30,,,0,35,,98911,30,,,0,79,,98912,30,,,0,80,,98909,30,,,0,89,,98914,30,,,0
500,'5460',751,,98917,30,,,0,161,,98916,30,,,0,122,,98915,30,,,0,81,,83632,30,,,0,40,,83626,30,,,0,81,,83627,30,,,0,80,,83640,30,,,0,41,,83633,30,,,0,81,,83630,30,,,0,80,,83628,30,,,0,40,,83629,30,,,0,80,,83641,30,,,0,78,,83634,30,,,0,35,,83631,30,,,0,78,,83635,30,,,0,80,,83636,30,,,0
500,'5461',751,,83655,30,,,0,161,,83652,30,,,0,122,,83654,30,,,0,81,,83648,30,,,0,40,,83642,30,,,0,81,,83643,30,,,0,80,,83656,30,,,0,41,,83649,30,,,0,81,,83646,30,,,0,80,,83644,30,,,0,40,,83645,30,,,0,80,,83657,30,,,0,78,,83650,30,,,0,35,,83647,30,,,0,78,,83651,30,,,0,80,,83653,30,,,0
500,'5462',751,,83671,30,,,0,161,,83670,30,,,0,122,,83669,30,,,0,81,,83664,30,,,0,40,,83658,30,,,0,81,,83659,30,,,0,80,,83672,30,,,0,41,,83665,30,,,0,81,,83662,30,,,0,80,,83660,30,,,0,40,,83661,30,,,0,80,,83673,30,,,0,78,,83666,30,,,0,35,,83663,30,,,0,78,,83667,30,,,0,80,,83668,30,,,0
500,'5463',751,,83687,30,,,0,161,,83686,30,,,0,122,,83685,30,,,0,81,,83680,30,,,0,40,,83674,30,,,0,81,,83675,30,,,0,80,,83688,30,,,0,41,,83681,30,,,0,81,,83678,30,,,0,80,,83676,30,,,0,40,,83677,30,,,0,80,,83689,30,,,0,78,,83682,30,,,0,35,,83679,30,,,0,78,,83683,30,,,0,80,,83684,30,,,0
