2101,'5456',556,,88315,18,,,0,69,,88331,18,,,0,22,,88317,18,,,0,55,,88346,18,,,0,16,,88316,22,,,0,14,,88356,22,,,0,16,,88339,22,,,0,58,,88319,22,,,0,16,,88343,22,,,0,17,,88330,22,,,0,15,,88353,22,,,0,61,,88320,22,,,0,20,,88321,18,,,0,20,,88357,22,,,0,59,,88338,18,,,0,20,,88318,22,,,0,20,,88344,18,,,0,61,,88351,22,,,0,20,,88322,18,,,0,20,,88323,22,,,0,64,,88360,18,,,0,20,,88337,22,,,0,20,,88324,18,,,0,61,,88345,22,,,0,19,,88352,18,,,0,61,,88325,22,,,0,22,,88326,18,,,0,21,,88363,22,,,0,59,,88355,22,,,0,18,,88333,22,,,0,14,,88329,18,,,0,24,,88364,22,,,0,59,,88341,22,,,0,17,,88347,22,,,0,20,,88327,22,,,0,55,,88328,22,,,0,17,,88362,18,,,0,19,,88361,22,,,0,60,,88340,22,,,0,18,,88332,22,,,0,31,,88348,18,,,0,70,,88334,18,,,0,31,,88358,18,,,0,70,,88335,18,,,0,30,,88349,18,,,0,70,,88336,18,,,0,32,,88359,18,,,0,69,,88342,18,,,0,30,,88350,18,,,0,146,,88354,18,,,0
2101,'5458',556,,88365,18,,,0,69,,88381,18,,,0,22,,88367,18,,,0,55,,88396,18,,,0,16,,88366,22,,,0,14,,88406,22,,,0,16,,88389,22,,,0,58,,88369,22,,,0,16,,88393,22,,,0,17,,88380,22,,,0,15,,88403,22,,,0,61,,88370,22,,,0,20,,88371,18,,,0,20,,88407,22,,,0,59,,88388,18,,,0,20,,88368,22,,,0,20,,88394,18,,,0,61,,88401,22,,,0,20,,88372,18,,,0,20,,88373,22,,,0,64,,88410,18,,,0,20,,88387,22,,,0,20,,88374,18,,,0,61,,88395,22,,,0,19,,88402,18,,,0,61,,88375,22,,,0,22,,88376,18,,,0,21,,88413,22,,,0,59,,88405,22,,,0,18,,88383,22,,,0,14,,88379,18,,,0,24,,88414,22,,,0,59,,88391,22,,,0,17,,88397,22,,,0,20,,88377,22,,,0,55,,88378,22,,,0,17,,88412,18,,,0,19,,88411,22,,,0,60,,88390,22,,,0,18,,88382,22,,,0,31,,88398,18,,,0,70,,88384,18,,,0,31,,88408,18,,,0,70,,88385,18,,,0,30,,88399,18,,,0,70,,88386,18,,,0,32,,88409,18,,,0,69,,88392,18,,,0,30,,88400,18,,,0,146,,88404,18,,,0
2101,'5459',646,,88445,18,,,0,70,,88427,18,,,0,31,,88436,18,,,0,71,,88419,18,,,0,30,,88446,18,,,0,69,,88428,18,,,0,30,,88437,18,,,0,67,,88415,18,,,0,28,,88417,18,,,0,69,,88438,18,,,0,30,,88422,18,,,0,69,,88430,18,,,0,28,,88416,18,,,0,70,,88418,18,,,0,29,,88439,18,,,0,70,,88423,18,,,0,31,,88431,18,,,0,71,,88420,18,,,0,30,,88421,18,,,0,74,,88440,18,,,0,30,,88424,18,,,0,69,,88433,18,,,0,31,,88426,18,,,0,70,,88425,18,,,0,31,,88441,18,,,0,70,,88429,18,,,0,36,,88432,18,,,0,76,,88434,18,,,0,29,,88443,18,,,0,70,,88435,18,,,0,32,,88444,18,,,0,70,,88442,18,,,0,30,,88447,18,,,0,145,,88448,18,,,0
2101,'5460',654,,88462,18,,,0,80,,88452,18,,,0,80,,88463,18,,,0,36,,88461,18,,,0,65,,88449,18,,,0,28,,88451,18,,,0,70,,88464,18,,,0,29,,88450,18,,,0,70,,88465,18,,,0,29,,88454,18,,,0,70,,88453,18,,,0,30,,88466,18,,,0,68,,88455,18,,,0,29,,88467,18,,,0,70,,88468,18,,,0,30,,88469,18,,,0,71,,88457,18,,,0,32,,88458,18,,,0,73,,88459,18,,,0,29,,88460,18,,,0,71,,88456,18,,,0,30,,88470,18,,,0,72,,88471,18,,,0,35,,88472,18,,,0,104,,88473,18,,,0,101,,88474,18,,,0,103,,88475,18,,,0,100,,88476,18,,,0,143,,88477,18,,,0
2101,'5461',654,,88491,18,,,0,80,,88481,18,,,0,80,,88492,18,,,0,36,,88490,18,,,0,65,,88478,18,,,0,28,,88480,18,,,0,70,,88493,18,,,0,29,,88479,18,,,0,70,,88494,18,,,0,29,,88483,18,,,0,70,,88482,18,,,0,30,,88495,18,,,0,68,,88484,18,,,0,29,,88496,18,,,0,70,,88497,18,,,0,30,,88498,18,,,0,71,,88486,18,,,0,32,,88487,18,,,0,73,,88488,18,,,0,29,,88489,18,,,0,71,,88485,18,,,0,30,,88499,18,,,0,72,,88500,18,,,0,35,,88501,18,,,0,104,,88502,18,,,0,101,,88503,18,,,0,103,,88504,18,,,0,100,,88505,18,,,0,143,,88506,18,,,0
2101,'5462',654,,88520,18,,,0,80,,88510,18,,,0,80,,88521,18,,,0,36,,88519,18,,,0,65,,88507,18,,,0,28,,88509,18,,,0,70,,88522,18,,,0,29,,88508,18,,,0,70,,88523,18,,,0,29,,88512,18,,,0,70,,88511,18,,,0,30,,88524,18,,,0,68,,88513,18,,,0,29,,88525,18,,,0,70,,88526,18,,,0,30,,88527,18,,,0,71,,88515,18,,,0,32,,88516,18,,,0,73,,88517,18,,,0,29,,88518,18,,,0,71,,88514,18,,,0,30,,88528,18,,,0,72,,88529,18,,,0,35,,88530,18,,,0,104,,88531,18,,,0,101,,88532,18,,,0,103,,88533,18,,,0,100,,88534,18,,,0,143,,88535,18,,,0
2101,'5463',654,,88549,18,,,0,80,,88539,18,,,0,80,,88550,18,,,0,36,,88548,18,,,0,65,,88536,18,,,0,28,,88538,18,,,0,70,,88551,18,,,0,29,,88537,18,,,0,70,,88552,18,,,0,29,,88541,18,,,0,70,,88540,18,,,0,30,,88553,18,,,0,68,,88542,18,,,0,29,,88554,18,,,0,70,,88555,18,,,0,30,,88556,18,,,0,71,,88544,18,,,0,32,,88545,18,,,0,73,,88546,18,,,0,29,,88547,18,,,0,71,,88543,18,,,0,30,,88557,18,,,0,72,,88558,18,,,0,35,,88559,18,,,0,104,,88560,18,,,0,101,,88561,18,,,0,103,,88562,18,,,0,100,,88563,18,,,0,143,,88564,18,,,0
2201,'5456',608,,88749,38,,,0,29,,88752,38,,,0,90,,88756,30,,,0,26,,88750,44,,,0,72,,88751,44,,,0,31,,88753,44,,,0,100,,88755,44,,,0,69,,88754,44,,,0,30,,88757,44,,,0,98,,88758,44,,,0,69,,88759,30,,,0,29,,88760,30,,,0,100,,88761,30,,,0,72,,88762,30,,,0,101,,88763,30,,,0,31,,88764,30,,,0,70,,88765,30,,,0,99,,88766,30,,,0,77,,88767,30,,,0,58,,88768,30,,,0,71,,88769,30,,,0,103,,88771,30,,,0,71,,88770,30,,,0,48,,88772,30,0,5 49,0
2201,'5458',608,,88773,38,,,0,29,,88776,38,,,0,90,,88780,30,,,0,26,,88774,44,,,0,72,,88775,44,,,0,31,,88777,44,,,0,100,,88779,44,,,0,69,,88778,44,,,0,30,,88781,44,,,0,98,,88782,44,,,0,69,,88783,30,,,0,29,,88784,30,,,0,100,,88785,30,,,0,72,,88786,30,,,0,101,,88787,30,,,0,31,,88788,30,,,0,70,,88789,30,,,0,99,,88790,30,,,0,77,,88791,30,,,0,58,,88792,30,,,0,71,,88793,30,,,0,103,,88795,30,,,0,71,,88794,30,,,0,48,,88796,30,0,5 49,0
2201,'5459',725,,88807,30,,,0,79,,88818,30,,,0,29,,88803,30,,,0,69,,88797,30,,,0,30,,88806,30,,,0,70,,88819,30,,,0,28,,88802,30,,,0,29,,88801,30,,,0,71,,88804,30,,,0,28,,88799,30,,,0,68,,88823,30,,,0,30,,88800,30,,,0,68,,88805,30,,,0,30,,88798,30,,,0,70,,88811,30,,,0,31,,88822,30,,,0,69,,88813,30,,,0,32,,88809,30,,,0,71,,88812,30,,,0,74,,88814,30,,,0,31,,88810,30,,,0,71,,88808,30,,,0,30,,88816,30,,,0,72,,88815,30,,,0,27,,88821,30,,,0,68,,88817,30,,,0,32,,88824,30,,,0,71,,88820,30,,,0,48,,88825,30,0,5 49,0
2201,'5460',754,,88834,30,,,0,80,,88835,30,,,0,69,,88827,30,,,0,28,,88828,30,,,0,70,,88837,30,,,0,29,,88836,30,,,0,29,,88826,30,,,0,70,,88830,30,,,0,30,,88831,30,,,0,70,,88829,30,,,0,28,,88833,30,,,0,69,,88832,30,,,0,30,,88839,30,,,0,70,,88840,30,,,0,31,,88838,30,,,0,70,,88842,30,,,0,75,,88841,30,,,0,30,,88844,30,,,0,70,,88843,30,,,0,30,,88845,30,,,0,72,,88846,30,,,0,30,,88847,30,,,0,91,,88848,30,0,5,0,101,,88849,30,0,5,0,110,,88850,30,0,5,0
2201,'5461',754,,88859,30,,,0,80,,88860,30,,,0,69,,88852,30,,,0,28,,88853,30,,,0,70,,88862,30,,,0,29,,88861,30,,,0,29,,88851,30,,,0,70,,88855,30,,,0,30,,88856,30,,,0,70,,88854,30,,,0,28,,88858,30,,,0,69,,88857,30,,,0,30,,88864,30,,,0,70,,88865,30,,,0,31,,88863,30,,,0,70,,88867,30,,,0,75,,88866,30,,,0,30,,88869,30,,,0,70,,88868,30,,,0,30,,88870,30,,,0,72,,88871,30,,,0,30,,88872,30,,,0,91,,88873,30,0,5,0,101,,88874,30,0,5,0,110,,88875,30,0,5,0
2201,'5462',754,,88884,30,,,0,80,,88885,30,,,0,69,,88877,30,,,0,28,,88878,30,,,0,70,,88887,30,,,0,29,,88886,30,,,0,29,,88876,30,,,0,70,,88880,30,,,0,30,,88881,30,,,0,70,,88879,30,,,0,28,,88883,30,,,0,69,,88882,30,,,0,30,,88889,30,,,0,70,,88890,30,,,0,31,,88888,30,,,0,70,,88892,30,,,0,75,,88891,30,,,0,30,,88894,30,,,0,70,,88893,30,,,0,30,,88895,30,,,0,72,,88896,30,,,0,30,,88897,30,,,0,91,,88898,30,0,5,0,101,,88899,30,0,5,0,110,,88900,30,0,5,0
2201,'5463',754,,88909,30,,,0,80,,88910,30,,,0,69,,88902,30,,,0,28,,88903,30,,,0,70,,88912,30,,,0,29,,88911,30,,,0,29,,88901,30,,,0,70,,88905,30,,,0,30,,88906,30,,,0,70,,88904,30,,,0,28,,88908,30,,,0,69,,88907,30,,,0,30,,88914,30,,,0,70,,88915,30,,,0,31,,88913,30,,,0,70,,88917,30,,,0,75,,88916,30,,,0,30,,88919,30,,,0,70,,88918,30,,,0,30,,88920,30,,,0,72,,88921,30,,,0,30,,88922,30,,,0,91,,88923,30,0,5,0,101,,88924,30,0,5,0,110,,88925,30,0,5,0
1002201,'5456',708,,98207,32,,,0,217,,98208,32,,,0,199,,98209,32,,,0,197,,98210,18,,,0,134,,98211,18,,,0,66,,98213,18,0,5 49,0,135,,98212,18,,,0,173,,98214,18,,,0,173,,98215,18,,,0
1002201,'5458',708,,98216,32,,,0,217,,98217,32,,,0,199,,98218,32,,,0,197,,98219,18,,,0,99,,98220,18,0,5 49,0,35,,98221,18,,,0,201,,98222,18,,,0,173,,98223,18,,,0,173,,98224,18,,,0
