2200,'5456',618,,88565,33,,,0,30,,88567,33,,,0,69,,88566,33,,,0,31,,88569,33,,,0,70,,88576,16,0,20 7,0,4,,88568,33,,,0,23,,88572,33,,,0,69,,88570,33,,,0,102,,88571,33,,,0,26,,88573,33,,,0,70,,88574,33,,,0,103,,88577,33,0,21 22,0,30,,88575,33,0,21 22,0,70,,88578,33,0,21 22,0,30,,88579,33,0,21 22,0,101,,88580,33,0,21 22,0,62,,88593,3,,,0,8,,88581,33,0,21 22,0,37,,88582,33,0,21 22,0,102,,88583,33,0,21 22,0,96,,88584,33,0,21 22,0,69,,88585,33,,,0,24,,88586,33,,,0,98,,88587,33,,,0,70,,88588,33,,,0,29,,88589,33,,,0,68,,88590,33,,,0
2200,'5458',618,,88594,33,,,0,30,,88596,33,,,0,69,,88595,33,,,0,31,,88598,33,,,0,70,,88605,16,0,20 7,0,4,,88597,33,,,0,23,,88601,33,,,0,69,,88599,33,,,0,102,,88600,33,,,0,26,,88602,33,,,0,70,,88603,33,,,0,103,,88606,33,0,21 22,0,30,,88604,33,0,21 22,0,70,,88607,33,0,21 22,0,30,,88608,33,0,21 22,0,63,,88611,3,,,0,38,,88609,33,0,21 22,0,70,,88610,33,0,21 22,0,37,,88612,33,0,21 22,0,102,,88613,33,0,21 22,0,96,,88614,33,0,21 22,0,69,,88615,33,,,0,24,,88616,33,,,0,98,,88617,33,,,0,70,,88618,33,,,0,29,,88619,33,,,0,68,,88620,33,,,0
2200,'5459',707,,88642,33,,,0,40,,88628,33,,,0,80,,88632,33,,,0,80,,88645,33,,,0,32,,88629,33,,,0,70,,88623,33,,,0,31,,88630,33,,,0,72,,88644,33,,,0,31,,88627,33,,,0,71,,88626,33,,,0,31,,88631,33,,,0,70,,88624,33,,,0,31,,88649,33,,,0,70,,88625,33,,,0,30,,88638,33,,,0,70,,88634,33,,,0,30,,88637,33,,,0,69,,88648,33,,,0,29,,88639,33,,,0,71,,88633,33,,,0,30,,88641,33,,,0,72,,88640,33,,,0,30,,88636,33,,,0,68,,88635,33,,,0,29,,88650,33,,,0,69,,88651,33,,,0,27,,88647,33,,,0,68,,88643,33,,,0
2200,'5460',755,,88656,33,,,0,102,,88657,33,,,0,80,,88658,33,,,0,71,,88653,33,,,0,32,,88654,33,,,0,70,,88655,33,,,0,30,,88660,33,,,0,69,,88661,33,,,0,32,,88659,33,,,0,70,,88662,33,,,0,30,,88663,33,,,0,70,,88671,33,,,0,31,,88670,33,,,0,70,,88664,33,,,0,30,,88665,33,,,0,70,,88666,33,,,0,30,,88667,33,,,0,72,,88668,33,,,0,30,,88669,33,,,0,69,,88672,33,,,0,29,,88673,33,,,0,68,,88674,33,,,0,30,,88675,33,,,0,115,,88676,16,,,0
2200,'5461',755,,88680,33,,,0,102,,88681,33,,,0,80,,88682,33,,,0,71,,88677,33,,,0,32,,88678,33,,,0,70,,88679,33,,,0,30,,88684,33,,,0,69,,88685,33,,,0,32,,88683,33,,,0,70,,88686,33,,,0,30,,88687,33,,,0,70,,88695,33,,,0,31,,88694,33,,,0,70,,88688,33,,,0,30,,88689,33,,,0,70,,88690,33,,,0,30,,88691,33,,,0,72,,88692,33,,,0,30,,88693,33,,,0,69,,88696,33,,,0,29,,88697,33,,,0,68,,88698,33,,,0,30,,88699,33,,,0,115,,88700,16,,,0
2200,'5462',755,,88704,33,,,0,102,,88705,33,,,0,80,,88706,33,,,0,71,,88701,33,,,0,32,,88702,33,,,0,70,,88703,33,,,0,30,,88708,33,,,0,69,,88709,33,,,0,32,,88707,33,,,0,70,,88710,33,,,0,30,,88711,33,,,0,70,,88719,33,,,0,31,,88718,33,,,0,70,,88712,33,,,0,30,,88713,33,,,0,70,,88714,33,,,0,30,,88715,33,,,0,72,,88716,33,,,0,30,,88717,33,,,0,69,,88720,33,,,0,29,,88721,33,,,0,68,,88722,33,,,0,30,,88723,33,,,0,115,,88724,16,,,0
2200,'5463',755,,88728,33,,,0,102,,88729,33,,,0,80,,88730,33,,,0,71,,88725,33,,,0,32,,88726,33,,,0,70,,88727,33,,,0,30,,88732,33,,,0,69,,88733,33,,,0,32,,88731,33,,,0,70,,88734,33,,,0,30,,88735,33,,,0,70,,88743,33,,,0,31,,88742,33,,,0,70,,88736,33,,,0,30,,88737,33,,,0,70,,88738,33,,,0,30,,88739,33,,,0,72,,88740,33,,,0,30,,88741,33,,,0,69,,88744,33,,,0,29,,88745,33,,,0,68,,88746,33,,,0,30,,88747,33,,,0,115,,88748,16,,,0
1002200,'5456',947,,98195,33,,,0,196,,98196,33,0,21 22,0,272,,98197,33,0,21 22,0,209,,98198,33,0,21 22,0,98,,98199,33,0,21 22,0,194,,98200,33,0,21 22,0
1002200,'5458',947,,98201,33,,,0,196,,98202,33,0,21 22,0,272,,98203,33,0,21 22,0,209,,98204,33,0,21 22,0,98,,98205,33,0,21 22,0,194,,98206,33,0,21 22,0
14002100,'5456',2123,,98507,18,,,0,30,,98504,18,,,0,70,,98506,18,,,0,99,,98508,18,,,0,99,,98505,18,,,0
14002100,'5458',2123,,98512,18,,,0,30,,98509,18,,,0,70,,98511,18,,,0,99,,98513,18,,,0,99,,98510,18,,,0
14002100,'5459',2123,,98514,18,,,0,30,,98515,18,,,0,70,,98516,18,,,0,102,,98517,18,,,0,98,,98518,18,,,0
14002100,'5460',2125,,98519,18,,,0,100,,98520,18,,,0,99,,98521,18,,,0
14002100,'5461',2125,,98522,18,,,0,100,,98523,18,,,0,99,,98524,18,,,0
14002100,'5462',2125,,98525,18,,,0,100,,98526,18,,,0,99,,98527,18,,,0
14002100,'5463',2125,,98528,18,,,0,100,,98529,18,,,0,99,,98530,18,,,0
