6101,'5456',536,,95096,28,,,0,68,,95094,28,,,0,28,,95089,28,,,0,27,,95088,28,,,0,78,,95099,28,,,0,79,,95095,28,,,0,37,,95090,28,,,0,65,,95100,28,,,0,34,,95085,28,,,0,88,,95092,28,,,0,77,,95098,28,,,0,37,,95086,28,,,0,77,,95091,28,,,0,77,,95097,28,,,0,26,,95084,28,,,0,78,,95093,28,,,0,32,,95082,28,,,0,72,,95080,28,,,0,31,,95079,28,,,0,70,,95101,51,,,0,16,,95075,28,,,0,16,,95087,51,,,0,71,,95076,51,,,0,23,,95074,51,,,0,15,,95083,51,,,0,59,,95069,51,,,0,36,,95078,51,,,0,54,,95077,28,,,0,30,,95070,28,,,0,86,,95068,28,,,0,89,,95071,28,,,0,97,,95066,28,,,0,44,,95073,28,,,0,97,,95067,28,,,0,85,,95072,28,,,0
6101,'5458',536,,95133,28,,,0,68,,95131,28,,,0,28,,95126,28,,,0,27,,95125,28,,,0,78,,95136,28,,,0,79,,95132,28,,,0,37,,95127,28,,,0,65,,95137,28,,,0,34,,95122,28,,,0,88,,95129,28,,,0,77,,95135,28,,,0,37,,95123,28,,,0,77,,95128,28,,,0,77,,95134,28,,,0,26,,95121,28,,,0,78,,95130,28,,,0,32,,95118,28,,,0,72,,95117,28,,,0,31,,95116,28,,,0,70,,95138,51,,,0,16,,95112,28,,,0,16,,95124,51,,,0,71,,95113,51,,,0,23,,95111,51,,,0,15,,95119,51,,,0,59,,95106,51,,,0,36,,95115,51,,,0,54,,95114,28,,,0,30,,95107,28,,,0,86,,95105,28,,,0,89,,95108,28,,,0,97,,95103,28,,,0,44,,95110,28,,,0,97,,95104,28,,,0,85,,95109,28,,,0,99,,95102,28,,,0
6101,'5459',608,,95139,27,,,0,96,,95140,28,,,0,38,,95141,28,,,0,101,,95142,28,,,0,83,,95143,28,,,0,90,,95144,28,,,0,31,,95145,28,,,0,88,,95146,28,,,0,72,,95147,28,,,0,32,,95148,28,,,0,84,,95149,28,,,0,77,,95150,28,,,0,36,,95151,28,,,0,76,,95152,28,,,0,26,,95153,28,,,0,76,,95154,28,,,0,38,,95155,28,,,0,73,,95156,28,,,0,34,,95157,28,,,0,76,,95158,28,,,0,76,,95159,28,,,0,36,,95160,28,,,0,81,,95161,28,,,0,83,,95162,28,,,0,97,,95163,28,,,0,46,,95164,28,,,0,99,,95165,28,,,0,83,,95166,28,,,0,100,,95167,28,,,0
6101,'5460',613,,95170,27,,,0,102,,95168,27,,,0,34,,95171,28,,,0,89,,95169,28,,,0,94,,95172,28,,,0,86,,95173,28,,,0,88,,95174,28,,,0,47,,95175,28,,,0,103,,95176,28,,,0,86,,95177,28,,,0,101,,95178,28,,,0,85,,95179,28,,,0,101,,95180,28,,,0,80,,95181,28,,,0,100,,95182,28,,,0,49,,95183,28,,,0,97,,95184,28,,,0,100,,95185,28,,,0,81,,95186,28,,,0,100,,95187,28,,,0,96,,95188,28,,,0
6101,'5461',613,,95191,27,,,0,102,,95189,27,,,0,34,,95192,28,,,0,89,,95190,28,,,0,94,,95193,28,,,0,86,,95194,28,,,0,88,,95195,28,,,0,47,,95196,28,,,0,103,,95197,28,,,0,86,,95198,28,,,0,101,,95199,28,,,0,85,,95200,28,,,0,101,,95201,28,,,0,80,,95202,28,,,0,100,,95203,28,,,0,49,,95204,28,,,0,97,,95205,28,,,0,100,,95206,28,,,0,81,,95207,28,,,0,100,,95208,28,,,0,96,,95209,28,,,0
6101,'5462',613,,95212,27,,,0,102,,95210,27,,,0,34,,95213,28,,,0,89,,95211,28,,,0,94,,95214,28,,,0,86,,95215,28,,,0,88,,95216,28,,,0,47,,95217,28,,,0,103,,95218,28,,,0,86,,95219,28,,,0,101,,95220,28,,,0,85,,95221,28,,,0,101,,95222,28,,,0,80,,95223,28,,,0,100,,95224,28,,,0,49,,95225,28,,,0,97,,95226,28,,,0,100,,95227,28,,,0,81,,95228,28,,,0,100,,95229,28,,,0,96,,95230,28,,,0
6101,'5463',613,,95233,27,,,0,102,,95231,27,,,0,34,,95234,28,,,0,89,,95232,28,,,0,94,,95235,28,,,0,86,,95236,28,,,0,88,,95237,28,,,0,47,,95238,28,,,0,103,,95239,28,,,0,86,,95240,28,,,0,101,,95241,28,,,0,85,,95242,28,,,0,101,,95243,28,,,0,80,,95244,28,,,0,100,,95245,28,,,0,49,,95246,28,,,0,97,,95247,28,,,0,100,,95248,28,,,0,81,,95249,28,,,0,100,,95250,28,,,0,96,,95251,28,,,0
6401,'5456',733,,95278,66,,,0,203,,95277,21,,,0,377,,95275,66,,,0,294,,95276,21,,,0
6401,'5458',733,,95285,66,,,0,203,,95284,21,,,0,377,,95282,66,,,0,294,,95283,21,,,0
6501,'5456',1706,,95297,46,,,0,27,,95299,46,,,0,71,,95296,46,,,0,24,,95298,46,,,0
6501,'5458',1706,,95301,46,,,0,27,,95303,46,,,0,71,,95300,46,,,0,24,,95302,46,,,0
