800,'5456',626,,85019,12,,,0,87,,85020,12,,,0,29,,85021,12,,,0,59,,99378,12,,,0,22,,85023,12,,,0,89,,85022,12,,,0,35,,85025,12,,,0,82,,85024,12,,,0,83,,85026,12,,,0,35,,85029,12,,,0,84,,85027,12,,,0,85,,85028,12,,,0,43,,85031,12,,,0,87,,85044,12,0,16,0,54,,85030,12,,,0,42,,85033,12,,,0,84,,85032,12,,,0,32,,85035,12,,,0,74,,85034,12,,,0,72,,85037,12,,,0,33,,85036,12,,,0,71,,85038,12,,,0,95,,85039,12,,,0,43,,85040,12,,,0,97,,85041,12,,,0,83,,85042,12,,,0
800,'5458',626,,85045,12,,,0,87,,85046,12,,,0,29,,85047,12,,,0,59,,99379,12,,,0,22,,85049,12,,,0,89,,85048,12,,,0,35,,85051,12,,,0,82,,85050,12,,,0,83,,85052,12,,,0,35,,85055,12,,,0,84,,85053,12,,,0,85,,85054,12,,,0,43,,85057,12,,,0,87,,85070,12,0,16,0,54,,85056,12,,,0,42,,85059,12,,,0,84,,85058,12,,,0,32,,85061,12,,,0,74,,85060,12,,,0,72,,85063,12,,,0,33,,85062,12,,,0,71,,85064,12,,,0,95,,85065,12,,,0,43,,85066,12,,,0,97,,85067,12,,,0,83,,85068,12,,,0
900,'5456',725,,85244,19,,,0,82,,99399,19,,,0
900,'5458',725,,85249,19,,,0,82,,99401,19,,,0
2101,'5456',553,,88315,12,,,0,68,,88331,12,,,0,22,,88317,12,,,0,15,,88346,12,,,0,56,,88316,16,,,0,14,,88356,16,,,0,16,,88339,16,,,0,57,,88319,16,,,0,16,,88343,16,,,0,17,,88330,16,,,0,16,,88353,16,,,0,61,,88320,16,,,0,20,,88321,12,,,0,20,,88357,16,,,0,59,,88338,12,,,0,20,,88318,16,,,0,20,,88344,12,,,0,61,,88351,16,,,0,20,,88322,12,,,0,20,,88323,16,,,0,63,,88360,12,,,0,20,,88337,16,,,0,20,,88324,12,,,0,61,,100442,16,,,0,20,,88352,12,,,0,21,,88325,16,,,0,62,,88326,12,,,0,20,,88363,16,,,0,19,,88355,16,,,0,58,,88333,16,,,0,14,,100441,12,,,0,24,,88364,16,,,0,59,,88341,16,,,0,17,,88347,16,,,0,20,,88327,16,,,0,55,,88328,16,,,0,18,,88362,12,,,0,19,,88361,16,,,0,60,,88340,16,,,0,18,,88332,16,,,0,31,,88348,12,,,0,70,,88334,12,,,0,32,,88358,12,,,0,70,,88335,12,,,0,30,,88349,12,,,0,70,,88336,12,,,0,32,,88359,12,,,0,69,,88342,12,,,0,30,,88350,12,,,0,106,,88354,12,,,0
2101,'5458',553,,88365,12,,,0,68,,88381,12,,,0,22,,88367,12,,,0,15,,88396,12,,,0,56,,88366,16,,,0,14,,88406,16,,,0,16,,88389,16,,,0,57,,88369,16,,,0,16,,88393,16,,,0,17,,88380,16,,,0,16,,88403,16,,,0,61,,88370,16,,,0,20,,88371,12,,,0,20,,88407,16,,,0,59,,88388,12,,,0,20,,88368,16,,,0,20,,88394,12,,,0,61,,88401,16,,,0,20,,88372,12,,,0,20,,88373,16,,,0,63,,88410,12,,,0,20,,88387,16,,,0,20,,88374,12,,,0,61,,100444,16,,,0,20,,88402,12,,,0,21,,88375,16,,,0,62,,88376,12,,,0,20,,88413,16,,,0,19,,88405,16,,,0,58,,88383,16,,,0,14,,100443,12,,,0,24,,88414,16,,,0,59,,88391,16,,,0,17,,88397,16,,,0,20,,88377,16,,,0,55,,88378,16,,,0,18,,88412,12,,,0,19,,88411,16,,,0,60,,88390,16,,,0,18,,88382,16,,,0,31,,88398,12,,,0,70,,88384,12,,,0,32,,88408,12,,,0,70,,88385,12,,,0,30,,88399,12,,,0,70,,88386,12,,,0,32,,88409,12,,,0,69,,88392,12,,,0,30,,88400,12,,,0,106,,88404,12,,,0
2101,'5459',643,,88445,12,,,0,70,,88427,12,,,0,31,,100453,12,,,0,70,,88419,12,,,0,30,,88446,12,,,0,69,,88428,12,,,0,30,,100454,12,,,0,67,,88415,12,,,0,28,,100445,12,,,0,69,,100455,12,,,0,30,,100448,12,,,0,69,,100452,12,,,0,28,,88416,12,,,0,70,,100446,12,,,0,28,,88439,12,,,0,70,,100449,12,,,0,32,,88431,12,,,0,71,,100447,12,,,0,30,,88421,12,,,0,74,,88440,12,,,0,30,,100450,12,,,0,69,,88433,12,,,0,31,,88426,12,,,0,70,,100451,12,,,0,31,,88441,12,,,0,71,,88429,12,,,0,36,,88432,12,,,0,76,,88434,12,,,0,29,,88443,12,,,0,70,,88435,12,,,0,32,,88444,12,,,0,70,,88442,12,,,0,30,,88447,12,,,0,105,,88448,12,,,0
2101,'5460',651,,100460,12,,,0,80,,88452,12,,,0,80,,88463,12,,,0,36,,88461,12,,,0,65,,88449,12,,,0,27,,88451,12,,,0,70,,100461,12,,,0,29,,88450,12,,,0,70,,88465,12,,,0,29,,100457,12,,,0,70,,100456,12,,,0,30,,100462,12,,,0,68,,100458,12,,,0,29,,88467,12,,,0,70,,100463,12,,,0,30,,88469,12,,,0,71,,100459,12,,,0,32,,88458,12,,,0,73,,88459,12,,,0,29,,88460,12,,,0,71,,88456,12,,,0,30,,88470,12,,,0,72,,88471,12,,,0,35,,100464,12,,,0,105,,88473,12,,,0,101,,88474,12,,,0,103,,88475,12,,,0,100,,88476,12,,,0,103,,88477,12,,,0
2101,'5461',651,,88491,12,,,0,80,,100466,12,,,0,80,,88492,12,,,0,36,,88490,12,,,0,65,,100465,12,,,0,27,,88480,12,,,0,70,,88493,12,,,0,29,,88479,12,,,0,70,,88494,12,,,0,29,,88483,12,,,0,70,,100467,12,,,0,30,,100470,12,,,0,68,,100468,12,,,0,29,,88496,12,,,0,70,,100471,12,,,0,30,,88498,12,,,0,71,,100469,12,,,0,32,,88487,12,,,0,73,,88488,12,,,0,29,,88489,12,,,0,71,,88485,12,,,0,30,,88499,12,,,0,72,,88500,12,,,0,35,,100472,12,,,0,105,,88502,12,,,0,101,,88503,12,,,0,103,,88504,12,,,0,100,,88505,12,,,0,103,,88506,12,,,0
2101,'5462',651,,88520,12,,,0,80,,100474,12,,,0,80,,88521,12,,,0,36,,88519,12,,,0,65,,100473,12,,,0,27,,88509,12,,,0,70,,88522,12,,,0,29,,88508,12,,,0,70,,88523,12,,,0,29,,88512,12,,,0,70,,100475,12,,,0,30,,100478,12,,,0,68,,100476,12,,,0,29,,88525,12,,,0,70,,100479,12,,,0,30,,88527,12,,,0,71,,100477,12,,,0,32,,88516,12,,,0,73,,88517,12,,,0,29,,88518,12,,,0,71,,88514,12,,,0,30,,88528,12,,,0,72,,88529,12,,,0,35,,100480,12,,,0,105,,88531,12,,,0,101,,88532,12,,,0,103,,88533,12,,,0,100,,88534,12,,,0,103,,88535,12,,,0
2101,'5463',651,,88549,12,,,0,80,,100482,12,,,0,80,,88550,12,,,0,36,,88548,12,,,0,65,,100481,12,,,0,27,,88538,12,,,0,70,,88551,12,,,0,29,,88537,12,,,0,70,,88552,12,,,0,29,,88541,12,,,0,70,,100483,12,,,0,30,,100486,12,,,0,68,,100484,12,,,0,29,,88554,12,,,0,70,,100487,12,,,0,30,,88556,12,,,0,71,,100485,12,,,0,32,,88545,12,,,0,73,,88546,12,,,0,29,,88547,12,,,0,71,,88543,12,,,0,30,,88557,12,,,0,72,,88558,12,,,0,35,,100488,12,,,0,105,,88560,12,,,0,101,,88561,12,,,0,103,,88562,12,,,0,100,,88563,12,,,0,103,,88564,12,,,0
2201,'5456',604,,100564,32,,,0,28,,100567,32,,,0,90,,100569,24,,,0,26,,100565,38,,,0,70,,100566,38,,,0,32,,100568,38,,,0,101,,88755,38,,,0,69,,88754,38,,,0,30,,100570,38,,,0,98,,100571,38,,,0,69,,100572,24,,,0,29,,100573,24,,,0,100,,100574,24,,,0,71,,100575,24,,,0,101,,88763,24,,,0,32,,100576,24,,,0,70,,100577,24,,,0,99,,100578,24,,,0,37,,88767,24,,,0,99,,88768,24,,,0,71,,100579,24,,,0,103,,88771,24,,,0,71,,88770,24,,,0,49,,88772,24,0,5 49,0
2201,'5458',604,,100580,32,,,0,28,,100583,32,,,0,90,,100585,24,,,0,26,,100581,38,,,0,70,,100582,38,,,0,32,,100584,38,,,0,101,,88779,38,,,0,69,,88778,38,,,0,30,,100586,38,,,0,98,,100587,38,,,0,69,,100588,24,,,0,29,,100589,24,,,0,100,,100590,24,,,0,71,,100591,24,,,0,101,,88787,24,,,0,32,,100592,24,,,0,70,,100593,24,,,0,99,,100594,24,,,0,37,,88791,24,,,0,99,,88792,24,,,0,71,,100595,24,,,0,103,,88795,24,,,0,71,,88794,24,,,0,49,,88796,24,0,5 49,0
2201,'5459',722,,88807,24,,,0,78,,100609,24,,,0,28,,88803,24,,,0,29,,88797,24,,,0,70,,88806,24,,,0,30,,100610,24,,,0,68,,88802,24,,,0,29,,88801,24,,,0,71,,88804,24,,,0,28,,88799,24,,,0,68,,100614,24,,,0,30,,100597,24,,,0,67,,100598,24,,,0,30,,100596,24,,,0,70,,100602,24,,,0,32,,100613,24,,,0,69,,100604,24,,,0,32,,100600,24,,,0,71,,100603,24,,,0,34,,100605,24,,,0,71,,100601,24,,,0,31,,100599,24,,,0,70,,100607,24,,,0,72,,100606,24,,,0,28,,100612,24,,,0,28,,100608,24,,,0,73,,100615,24,,,0,71,,100611,24,,,0,48,,100616,24,0,5 49,0
2201,'5460',750,,100622,24,,,0,80,,88835,24,,,0,29,,100618,24,,,0,67,,100619,24,,,0,30,,100623,24,,,0,69,,88836,24,,,0,29,,100617,24,,,0,70,,100620,24,,,0,30,,88831,24,,,0,70,,88829,24,,,0,28,,100621,24,,,0,69,,88832,24,,,0,30,,88839,24,,,0,70,,88840,24,,,0,31,,105822,24,,,0,70,,88842,24,,,0,35,,88841,24,,,0,70,,88844,24,,,0,30,,105823,24,,,0,70,,88845,24,,,0,32,,88846,24,,,0,70,,88847,24,,,0,91,,105824,24,0,5,0,102,,100624,24,0,5,0,111,,105825,24,0,5,0
2201,'5461',750,,88859,24,,,0,80,,88860,24,,,0,29,,88852,24,,,0,67,,88853,24,,,0,30,,88862,24,,,0,69,,88861,24,,,0,29,,88851,24,,,0,70,,88855,24,,,0,30,,88856,24,,,0,70,,88854,24,,,0,28,,88858,24,,,0,69,,88857,24,,,0,30,,88864,24,,,0,70,,88865,24,,,0,31,,88863,24,,,0,70,,100625,24,,,0,35,,88866,24,,,0,70,,88869,24,,,0,30,,88868,24,,,0,70,,100626,24,,,0,32,,88871,24,,,0,70,,88872,24,,,0,91,,105826,24,0,5,0,102,,88874,24,0,5,0,111,,105827,24,0,5,0
2201,'5462',750,,88884,24,,,0,80,,88885,24,,,0,29,,88877,24,,,0,67,,88878,24,,,0,30,,88887,24,,,0,69,,88886,24,,,0,29,,88876,24,,,0,70,,88880,24,,,0,30,,88881,24,,,0,70,,88879,24,,,0,28,,88883,24,,,0,69,,88882,24,,,0,30,,88889,24,,,0,70,,88890,24,,,0,31,,88888,24,,,0,70,,100629,24,,,0,35,,88891,24,,,0,70,,88894,24,,,0,30,,88893,24,,,0,70,,100630,24,,,0,32,,88896,24,,,0,70,,88897,24,,,0,91,,105828,24,0,5,0,102,,88899,24,0,5,0,111,,105829,24,0,5,0
2201,'5463',750,,88909,24,,,0,80,,88910,24,,,0,29,,88902,24,,,0,67,,88903,24,,,0,30,,88912,24,,,0,69,,88911,24,,,0,29,,88901,24,,,0,70,,88905,24,,,0,30,,88906,24,,,0,70,,88904,24,,,0,28,,88908,24,,,0,69,,88907,24,,,0,30,,88914,24,,,0,70,,88915,24,,,0,31,,88913,24,,,0,70,,100633,24,,,0,35,,88916,24,,,0,70,,88919,24,,,0,30,,88918,24,,,0,70,,100634,24,,,0,32,,88921,24,,,0,70,,88922,24,,,0,91,,105830,24,0,5,0,102,,88924,24,0,5,0,111,,105831,24,0,5,0
1002201,'5456',704,,105669,26,,,0,216,,105670,26,,,0,200,,105671,26,,,0,197,,105672,12,,,0,132,,105673,12,,,0,66,,105675,12,0,5 49,0,137,,105674,12,,,0,173,,98214,12,,,0,134,,98215,12,,,0
1002201,'5458',704,,105676,26,,,0,216,,105677,26,,,0,200,,105678,26,,,0,197,,105679,12,,,0,98,,105680,12,0,5 49,0,34,,105681,12,,,0,203,,105682,12,,,0,173,,98223,12,,,0,134,,98224,12,,,0
