4801,'5456',1724,,93107,57,,,0,28,,93106,57,,,0,65,,93105,57,,,0
4801,'5458',1724,,93110,57,,,0,28,,93109,57,,,0,65,,93108,57,,,0
5201,'5456',520,,93444,35,,,0,37,,93443,35,,,0,78,,93446,35,,,0,78,,93445,35,,,0,27,,93454,35,,,0,69,,93447,36,,,0,34,,93471,36,,,0,63,,93448,35,,,0,34,,93449,36,,,0,75,,93450,35,,,0,29,,93472,35,,,0,70,,93452,35,,,0,28,,93451,35,,,0,75,,93453,35,,,0,34,,93470,35,,,0,71,,93456,35,,,0,30,,93455,35,,,0,70,,93476,35,,,0,32,,93457,36,,,0,60,,93480,35,0,38 3 39 49,0,8,,93469,36,,,0,25,,93481,20,0,30 14,0,3,,93482,20,0,30 14,0,73,,93459,36,,,0,35,,93477,36,,,0,63,,93460,36,,,0,25,,93468,36,,,0,62,,93461,35,,,0,30,,93462,35,,,0,69,,93478,35,,,0,30,,93463,35,,,0,73,,93464,35,,,0,28,,93466,35,,,0,68,,93479,35,,,0,26,,93465,35,0,38 3 39 49,0,74,,93467,35,,,0,97,,93475,35,,,0,99,,93473,35,,,0
5201,'5458',520,,93484,35,,,0,37,,93483,35,,,0,78,,93486,35,,,0,78,,93485,35,,,0,27,,93494,35,,,0,69,,93487,36,,,0,34,,93511,36,,,0,63,,93488,35,,,0,34,,93489,36,,,0,75,,93490,35,,,0,29,,93512,35,,,0,70,,93492,35,,,0,28,,93491,35,,,0,75,,93493,35,,,0,34,,93510,35,,,0,71,,93496,35,,,0,30,,93495,35,,,0,70,,93516,35,,,0,27,,93520,20,0,30 14,0,5,,93497,36,,,0,60,,93521,35,0,38 3 39 49,0,8,,93509,36,,,0,28,,93522,20,0,30 14,0,73,,93499,36,,,0,35,,93517,36,,,0,63,,93500,36,,,0,25,,93508,36,,,0,62,,93501,35,,,0,30,,93502,35,,,0,69,,93518,35,,,0,30,,93503,35,,,0,73,,93504,35,,,0,28,,93506,35,,,0,68,,93519,35,,,0,26,,93505,35,0,38 3 39 49,0,74,,93507,35,,,0,97,,93515,35,,,0,99,,93513,35,,,0
5201,'5459',702,,93532,35,,,0,32,,93542,35,,,0,70,,93540,35,,,0,32,,93523,35,,,0,70,,93530,35,,,0,30,,93549,35,,,0,70,,93527,35,,,0,31,,93524,35,,,0,70,,93531,35,,,0,30,,93550,35,,,0,71,,93528,35,,,0,32,,93525,35,,,0,75,,93534,35,,,0,29,,93552,35,,,0,75,,93529,35,,,0,35,,93539,35,,,0,75,,93533,35,,,0,30,,93551,35,,,0,70,,93526,35,,,0,30,,93537,35,,,0,64,,93545,35,,,0,25,,93536,35,,,0,64,,93541,35,,,0,25,,93538,35,,,0,70,,93535,35,,,0,28,,93548,35,,,0,72,,93543,35,,,0,30,,93547,35,,,0,70,,93544,35,,,0,24,,93546,35,0,38 3 39 49,0,70,,93553,35,,,0,103,,93554,35,,,0,99,,93555,35,,,0
5201,'5460',733,,93561,35,,,0,70,,93577,35,,,0,31,,93569,35,,,0,71,,93557,35,,,0,30,,93564,35,,,0,71,,93571,35,,,0,31,,93566,35,,,0,70,,93558,35,,,0,30,,93563,35,,,0,70,,93572,35,,,0,30,,93568,35,,,0,75,,93556,35,,,0,30,,93562,35,,,0,75,,93575,35,,,0,35,,93567,35,,,0,75,,93582,35,,,0,30,,93560,35,,,0,70,,93574,35,,,0,30,,93565,35,,,0,70,,93570,35,,,0,29,,93559,35,,,0,70,,93573,35,,,0,79,,93576,35,,,0,100,,93578,35,,,0,99,,93579,35,,,0,100,,93580,35,,,0,99,,93581,35,,,0
5201,'5461',733,,93588,35,,,0,70,,93604,35,,,0,31,,93596,35,,,0,71,,93584,35,,,0,30,,93591,35,,,0,71,,93598,35,,,0,31,,93593,35,,,0,70,,93585,35,,,0,30,,93590,35,,,0,70,,93599,35,,,0,30,,93595,35,,,0,75,,93583,35,,,0,30,,93589,35,,,0,75,,93602,35,,,0,35,,93594,35,,,0,75,,93609,35,,,0,30,,93587,35,,,0,70,,93601,35,,,0,30,,93592,35,,,0,70,,93597,35,,,0,29,,93586,35,,,0,70,,93600,35,,,0,79,,93603,35,,,0,100,,93605,35,,,0,99,,93606,35,,,0,100,,93607,35,,,0,99,,93608,35,,,0
5201,'5462',733,,93615,35,,,0,70,,93631,35,,,0,31,,93623,35,,,0,71,,93611,35,,,0,30,,93618,35,,,0,71,,93625,35,,,0,31,,93620,35,,,0,70,,93612,35,,,0,30,,93617,35,,,0,70,,93626,35,,,0,30,,93622,35,,,0,75,,93610,35,,,0,30,,93616,35,,,0,75,,93629,35,,,0,35,,93621,35,,,0,75,,93636,35,,,0,30,,93614,35,,,0,70,,93628,35,,,0,30,,93619,35,,,0,70,,93624,35,,,0,29,,93613,35,,,0,70,,93627,35,,,0,79,,93630,35,,,0,100,,93632,35,,,0,99,,93633,35,,,0,100,,93634,35,,,0,99,,93635,35,,,0
5201,'5463',733,,93642,35,,,0,70,,93658,35,,,0,31,,93650,35,,,0,71,,93638,35,,,0,30,,93645,35,,,0,71,,93652,35,,,0,31,,93647,35,,,0,70,,93639,35,,,0,30,,93644,35,,,0,70,,93653,35,,,0,30,,93649,35,,,0,75,,93637,35,,,0,30,,93643,35,,,0,75,,93656,35,,,0,35,,93648,35,,,0,75,,93663,35,,,0,30,,93641,35,,,0,70,,93655,35,,,0,30,,93646,35,,,0,70,,93651,35,,,0,29,,93640,35,,,0,70,,93654,35,,,0,79,,93657,35,,,0,100,,93659,35,,,0,99,,93660,35,,,0,100,,93661,35,,,0,99,,93662,35,,,0
6100,'5456',841,,94913,34,0,30 14,0,80,,94906,34,0,30 14,0,36,,94902,34,0,30 14,0,64,,94911,34,0,30 14,0,36,,94896,34,0,30 14,0,88,,94903,34,0,30 14,0,76,,94910,34,0,30 14,0,35,,94897,34,0,30 14,0,74,,94904,34,0,30 14,0,79,,94912,34,0,30 14,0,30,,94898,34,0,30 14,0,80,,94905,34,0,30 14,0,33,,94892,34,0,30 14,0,67,,94914,34,0,30 14,0,15,,94891,34,0,30 14,0,66,,94890,34,0,30 14,0,39,,94887,34,0,30 14,0,68,,94899,34,0,30 14,0,25,,94889,34,0,30 14,0,68,,94882,34,0,30 14,0,32,,94881,34,0,30 14,0,70,,94888,34,0,30 14,0,30,,94883,34,0,30 14,0,95,,94878,34,0,30 14,0,81,,94884,34,0,30 14,0,103,,94879,34,0,30 14,0,33,,94885,34,0,30 14,0,100,,94880,34,0,30 14,0,73,,94886,34,0,30 14,0
6100,'5458',841,,94952,34,0,30 14,0,80,,94945,34,0,30 14,0,36,,94941,34,0,30 14,0,64,,94950,34,0,30 14,0,36,,94935,34,0,30 14,0,88,,94942,34,0,30 14,0,76,,94949,34,0,30 14,0,35,,94936,34,0,30 14,0,74,,94943,34,0,30 14,0,79,,94951,34,0,30 14,0,30,,94937,34,0,30 14,0,68,,94931,34,0,30 14,0,12,,94944,34,0,30 14,0,33,,94930,34,0,30 14,0,82,,94929,34,0,30 14,0,66,,94928,34,0,30 14,0,39,,94925,34,0,30 14,0,68,,94938,34,0,30 14,0,25,,94927,34,0,30 14,0,68,,94920,34,0,30 14,0,32,,94919,34,0,30 14,0,70,,94926,34,0,30 14,0,30,,94921,34,0,30 14,0,95,,94916,34,0,30 14,0,81,,94922,34,0,30 14,0,103,,94917,34,0,30 14,0,33,,94923,34,0,30 14,0,100,,94918,34,0,30 14,0,73,,94924,34,0,30 14,0,100,,94915,34,0,30,0
6100,'5459',656,,94954,34,0,30 14,0,100,,94955,34,0,30 14,0,82,,94953,34,0,30 14,0,98,,94956,34,0,30 14,0,96,,94957,34,0,30 14,0,82,,94958,34,0,30 14,0,35,,94959,34,0,30 14,0,88,,94960,34,0,30 14,0,75,,94961,34,0,30 14,0,35,,94962,34,0,30 14,0,76,,94963,34,0,30 14,0,36,,94964,34,0,30 14,0,77,,94965,34,0,30 14,0,77,,94966,34,0,30 14,0,25,,94967,34,0,30 14,0,78,,94968,34,0,30 14,0,41,,94969,34,0,30 14,0,72,,94970,34,0,30 14,0,71,,94971,34,0,30 14,0,31,,94972,34,0,30 14,0,73,,94973,34,0,30 14,0,43,,94974,34,0,30 14,0,81,,94975,34,0,30 14,0,80,,94976,34,0,30 14,0,103,,94977,34,0,30 14,0,32,,94978,34,0,30 14,0,100,,94979,34,0,30 14,0,78,,94980,34,0,30,0,99,,94981,34,0,30,0
6100,'5460',659,,94982,34,0,30 14,0,144,,94983,34,0,30 14,0,43,,94984,34,0,30 14,0,97,,94985,34,0,30 14,0,83,,94986,34,0,30 14,0,86,,94987,34,0,30 14,0,97,,94988,34,0,30 14,0,44,,94989,34,0,30 14,0,101,,94990,34,0,30 14,0,93,,94991,34,0,30 14,0,103,,94992,34,0,30 14,0,77,,94993,34,0,30 14,0,102,,94994,34,0,30 14,0,86,,94995,34,0,30 14,0,103,,94996,34,0,30 14,0,86,,94997,34,0,30 14,0,45,,94998,34,0,30 14,0,101,,94999,34,0,30 14,0,93,,95000,34,0,30 14,0,101,,95001,34,0,30 14,0,74,,95002,34,0,30,0
6100,'5461',659,,95003,34,0,30 14,0,144,,95004,34,0,30 14,0,43,,95005,34,0,30 14,0,97,,95006,34,0,30 14,0,83,,95007,34,0,30 14,0,86,,95008,34,0,30 14,0,97,,95009,34,0,30 14,0,44,,95010,34,0,30 14,0,101,,95011,34,0,30 14,0,93,,95012,34,0,30 14,0,103,,95013,34,0,30 14,0,77,,95014,34,0,30 14,0,102,,95015,34,0,30 14,0,86,,95016,34,0,30 14,0,103,,95017,34,0,30 14,0,86,,95018,34,0,30 14,0,45,,95019,34,0,30 14,0,101,,95020,34,0,30 14,0,93,,95021,34,0,30 14,0,101,,95022,34,0,30 14,0,74,,95023,34,0,30,0
6100,'5462',659,,95024,34,0,30 14,0,144,,95025,34,0,30 14,0,43,,95026,34,0,30 14,0,97,,95027,34,0,30 14,0,83,,95028,34,0,30 14,0,86,,95029,34,0,30 14,0,97,,95030,34,0,30 14,0,44,,95031,34,0,30 14,0,101,,95032,34,0,30 14,0,93,,95033,34,0,30 14,0,103,,95034,34,0,30 14,0,77,,95035,34,0,30 14,0,102,,95036,34,0,30 14,0,86,,95037,34,0,30 14,0,103,,95038,34,0,30 14,0,86,,95039,34,0,30 14,0,45,,95040,34,0,30 14,0,101,,95041,34,0,30 14,0,93,,95042,34,0,30 14,0,101,,95043,34,0,30 14,0,74,,95044,34,0,30,0
6100,'5463',659,,95045,34,0,30 14,0,144,,95046,34,0,30 14,0,43,,95047,34,0,30 14,0,97,,95048,34,0,30 14,0,83,,95049,34,0,30 14,0,86,,95050,34,0,30 14,0,97,,95051,34,0,30 14,0,44,,95052,34,0,30 14,0,101,,95053,34,0,30 14,0,93,,95054,34,0,30 14,0,103,,95055,34,0,30 14,0,77,,95056,34,0,30 14,0,102,,95057,34,0,30 14,0,86,,95058,34,0,30 14,0,103,,95059,34,0,30 14,0,86,,95060,34,0,30 14,0,45,,95061,34,0,30 14,0,101,,95062,34,0,30 14,0,93,,95063,34,0,30 14,0,101,,95064,34,0,30 14,0,74,,95065,34,0,30,0
6400,'5456',743,,95261,59,,,0,507,,95264,90,,,0,580,,95263,75,,,0
6400,'5458',743,,95268,59,,,0,507,,95271,90,,,0,580,,95270,75,,,0
