1200,'5456',632,,86010,10,,,0,79,,86011,10,,,0,27,,86020,10,,,0,17,,86012,10,,,0,55,,86019,10,,,0,15,,86007,10,,,0,16,,86014,10,,,0,10,,86017,10,,,0,6,,86018,10,,,0,53,,86013,10,,,0,15,,86003,10,,,0,15,,86004,10,,,0,16,,86015,10,,,0,54,,86021,10,,,0,16,,86005,10,,,0,15,,86022,10,,,0,15,,85993,10,,,0,69,,85998,10,,,0,31,,86008,10,,,0,70,,85999,10,,,0,30,,85994,10,,,0,70,,86000,10,,,0,30,,86009,10,,,0,72,,86001,10,,,0,73,,85995,10,,,0,29,,85992,10,,,0,100,,86002,10,,,0,84,,85996,10,,,0,45,,85997,10,,,0,70,,86006,10,,,0,105,,86016,10,,,0
1200,'5458',632,,86041,10,,,0,79,,86042,10,,,0,27,,86051,10,,,0,17,,86043,10,,,0,55,,86050,10,,,0,15,,86038,10,,,0,16,,86045,10,,,0,10,,86048,10,,,0,6,,86049,10,,,0,53,,86044,10,,,0,15,,86034,10,,,0,15,,86035,10,,,0,16,,86046,10,,,0,54,,86052,10,,,0,16,,86036,10,,,0,15,,86053,10,,,0,15,,86024,10,,,0,69,,86029,10,,,0,31,,86039,10,,,0,70,,86030,10,,,0,30,,86025,10,,,0,70,,86031,10,,,0,30,,86040,10,,,0,72,,86032,10,,,0,73,,86026,10,,,0,29,,86023,10,,,0,100,,86033,10,,,0,84,,86027,10,,,0,45,,86028,10,,,0,70,,86037,10,,,0,105,,86047,10,,,0
1200,'5459',925,,86055,10,,,0,101,,86060,10,,,0,102,,86062,10,,,0,100,,86054,10,,,0,100,,86056,10,,,0,100,,86059,10,,,0,100,,86063,10,,,0,100,,86057,10,,,0,103,,86058,10,,,0,99,,86061,10,,,0,99,,86064,10,,,0
1200,'5460',925,,86066,10,,,0,101,,86065,10,,,0,101,,86068,10,,,0,100,,86067,10,,,0,100,,86069,10,,,0,100,,86071,10,,,0,100,,86072,10,,,0,100,,86070,10,,,0,103,,86073,10,,,0,99,,86074,10,,,0,100,,86075,10,,,0
1200,'5461',925,,86077,10,,,0,101,,86076,10,,,0,101,,86079,10,,,0,100,,86078,10,,,0,100,,86080,10,,,0,100,,86082,10,,,0,100,,86083,10,,,0,100,,86081,10,,,0,103,,86084,10,,,0,99,,86085,10,,,0,100,,86086,10,,,0
1200,'5462',925,,86088,10,,,0,101,,86087,10,,,0,101,,86090,10,,,0,100,,86089,10,,,0,100,,86091,10,,,0,100,,86093,10,,,0,100,,86094,10,,,0,100,,86092,10,,,0,103,,86095,10,,,0,99,,86096,10,,,0,100,,86097,10,,,0
1200,'5463',925,,86099,10,,,0,101,,86098,10,,,0,101,,86101,10,,,0,100,,86100,10,,,0,100,,86102,10,,,0,100,,86104,10,,,0,100,,86105,10,,,0,100,,86103,10,,,0,103,,86106,10,,,0,99,,86107,10,,,0,100,,86108,10,,,0
2800,'5456',543,,90827,8,,,0,66,,90782,34,,,0,24,,90783,34,,,0,22,,90784,34,,,0,53,,90785,34,,,0,11,,90786,34,,,0,11,,90787,34,,,0,11,,90828,8,,,0,12,,90788,34,,,0,52,,90789,34,,,0,13,,90790,34,,,0,20,,90791,34,,,0,62,,90792,34,,,0,25,,90793,34,,,0,24,,90794,34,,,0,64,,90795,34,,,0,26,,90796,34,,,0,67,,90797,34,,,0,27,,90798,34,,,0,26,,90799,34,,,0,66,,90800,34,,,0,26,,90801,34,,,0,66,,90802,34,,,0,26,,90803,34,,,0,65,,90804,34,,,0,24,,90805,34,,,0,24,,90806,34,,,0,63,,90807,34,,,0,34,,90808,34,,,0,72,,90809,34,,,0,20,,90829,34,,,0,55,,90810,34,,,0,31,,90811,34,,,0,72,,90812,34,,,0,29,,90813,34,,,0,14,,90814,34,,,0,58,,90815,34,,,0,21,,90816,34,,,0,26,,90817,34,,,0,69,,90818,34,,,0,27,,90819,34,,,0,67,,90820,34,,,0,29,,90821,34,,,0,70,,90822,34,,,0,31,,90823,34,,,0,79,,90824,34,,,0,78,,90825,34,,,0,40,,90826,34,,,0
2800,'5458',543,,90878,8,,,0,66,,90830,34,,,0,24,,90831,34,,,0,22,,90832,34,,,0,53,,90833,34,,,0,11,,90834,34,,,0,11,,90835,34,,,0,11,,90879,8,,,0,12,,90836,34,,,0,52,,90837,34,,,0,13,,90838,34,,,0,20,,90839,34,,,0,62,,90840,34,,,0,25,,90841,34,,,0,24,,90842,34,,,0,64,,90843,34,,,0,26,,90844,34,,,0,67,,90845,34,,,0,27,,90846,34,,,0,26,,90847,34,,,0,66,,90848,34,,,0,26,,90849,34,,,0,66,,90850,34,,,0,26,,90851,34,,,0,65,,90852,34,,,0,24,,90853,34,,,0,24,,90854,34,,,0,63,,90855,34,,,0,34,,90856,34,,,0,72,,90857,34,,,0,20,,90880,34,,,0,55,,90858,34,,,0,31,,90859,34,,,0,72,,90860,34,,,0,29,,90861,34,,,0,14,,90862,34,,,0,58,,90863,34,,,0,21,,90864,34,,,0,26,,90865,34,,,0,69,,90866,34,,,0,27,,90867,34,,,0,67,,90868,34,,,0,29,,90869,34,,,0,70,,90870,34,,,0,31,,90871,34,,,0,79,,90872,34,,,0,78,,90873,34,,,0,40,,90874,34,,,0,80,,90875,34,,,0,79,,90876,34,,,0,40,,90877,34,,,0
2800,'5459',639,,90882,8,,,0,73,,90883,8,,,0,30,,90884,8,,,0,69,,90885,34,,,0,28,,90886,34,,,0,66,,90887,34,,,0,26,,90881,34,,,0,27,,90888,34,,,0,66,,90889,34,,,0,23,,90890,34,,,0,63,,90891,34,,,0,22,,90892,34,,,0,21,,90893,34,,,0,61,,90894,34,,,0,22,,90895,34,,,0,64,,90896,34,,,0,22,,90897,34,,,0,24,,90898,34,,,0,61,,90899,34,,,0,24,,90900,34,,,0,21,,90901,34,,,0,61,,90902,34,,,0,23,,90903,34,,,0,20,,90904,34,,,0,61,,90905,34,,,0,20,,90906,34,,,0,20,,90907,34,,,0,62,,90908,34,,,0,20,,90909,34,,,0,20,,90910,34,,,0,58,,90911,34,,,0,21,,90912,34,,,0,20,,90913,34,,,0,63,,90914,34,,,0,26,,90915,34,,,0,67,,90916,34,,,0,29,,90917,34,,,0,70,,90918,34,,,0,29,,90919,34,,,0,70,,90920,34,,,0,30,,90921,34,,,0,73,,90922,34,,,0,31,,90923,34,,,0,70,,90924,34,,,0,31,,90925,34,,,0,69,,90926,34,,,0,30,,90927,34,,,0,70,,90928,34,,,0,30,,90929,34,,,0
2800,'5460',617,,90930,8,,,0,98,,90931,8,,,0,30,,90932,8,,,0,71,,90933,8,,,0,27,,90934,34,,,0,71,,90935,34,,,0,30,,90936,34,,,0,67,,90937,34,,,0,27,,90938,34,,,0,66,,90939,34,,,0,27,,90940,34,,,0,25,,90941,34,,,0,64,,90942,34,,,0,24,,90943,34,,,0,62,,90944,34,,,0,22,,90945,34,,,0,24,,90946,34,,,0,64,,90947,34,,,0,23,,90948,34,,,0,62,,90949,34,,,0,23,,90950,34,,,0,23,,90951,34,,,0,64,,90952,34,,,0,23,,90953,34,,,0,23,,90954,34,,,0,62,,90955,34,,,0,24,,90956,34,,,0,62,,90957,34,,,0,24,,90958,34,,,0,24,,90959,34,,,0,67,,90960,34,,,0,26,,90961,34,,,0,69,,90962,34,,,0,29,,90963,34,,,0,70,,90964,34,,,0,30,,90965,34,,,0,80,,90966,34,,,0,81,,90967,34,,,0,46,,90968,34,,,0
2800,'5461',617,,90970,8,,,0,98,,90971,8,,,0,30,,90972,8,,,0,71,,90973,8,,,0,27,,90974,34,,,0,71,,90975,34,,,0,30,,90976,34,,,0,67,,90977,34,,,0,27,,90978,34,,,0,66,,90979,34,,,0,27,,90980,34,,,0,25,,90981,34,,,0,64,,90982,34,,,0,24,,90983,34,,,0,62,,90984,34,,,0,22,,90985,34,,,0,24,,90986,34,,,0,64,,90987,34,,,0,23,,90988,34,,,0,62,,90989,34,,,0,23,,90990,34,,,0,23,,90991,34,,,0,64,,90992,34,,,0,23,,90993,34,,,0,23,,90994,34,,,0,62,,90995,34,,,0,24,,90996,34,,,0,62,,90997,34,,,0,24,,90998,34,,,0,24,,90999,34,,,0,67,,91000,34,,,0,26,,91001,34,,,0,69,,91002,34,,,0,29,,91003,34,,,0,70,,91004,34,,,0,30,,91005,34,,,0,80,,91006,34,,,0,81,,91007,34,,,0,46,,91008,34,,,0
2800,'5462',617,,91010,8,,,0,98,,91011,8,,,0,30,,91012,8,,,0,71,,91013,8,,,0,27,,91014,34,,,0,71,,91015,34,,,0,30,,91016,34,,,0,67,,91017,34,,,0,27,,91018,34,,,0,66,,91019,34,,,0,27,,91020,34,,,0,25,,91021,34,,,0,64,,91022,34,,,0,24,,91023,34,,,0,62,,91024,34,,,0,22,,91025,34,,,0,24,,91026,34,,,0,64,,91027,34,,,0,23,,91028,34,,,0,62,,91029,34,,,0,23,,91030,34,,,0,23,,91031,34,,,0,64,,91032,34,,,0,23,,91033,34,,,0,23,,91034,34,,,0,62,,91035,34,,,0,24,,91036,34,,,0,62,,91037,34,,,0,24,,91038,34,,,0,24,,91039,34,,,0,67,,91040,34,,,0,26,,91041,34,,,0,69,,91042,34,,,0,29,,91043,34,,,0,70,,91044,34,,,0,30,,91045,34,,,0,80,,91046,34,,,0,81,,91047,34,,,0,46,,91048,34,,,0
2800,'5463',617,,91050,8,,,0,98,,91051,8,,,0,30,,91052,8,,,0,71,,91053,8,,,0,27,,91054,34,,,0,71,,91055,34,,,0,30,,91056,34,,,0,67,,91057,34,,,0,27,,91058,34,,,0,66,,91059,34,,,0,27,,91060,34,,,0,25,,91061,34,,,0,64,,91062,34,,,0,24,,91063,34,,,0,62,,91064,34,,,0,22,,91065,34,,,0,24,,91066,34,,,0,64,,91067,34,,,0,23,,91068,34,,,0,62,,91069,34,,,0,23,,91070,34,,,0,23,,91071,34,,,0,64,,91072,34,,,0,23,,91073,34,,,0,23,,91074,34,,,0,62,,91075,34,,,0,24,,91076,34,,,0,62,,91077,34,,,0,24,,91078,34,,,0,24,,91079,34,,,0,67,,91080,34,,,0,26,,91081,34,,,0,69,,91082,34,,,0,29,,91083,34,,,0,70,,91084,34,,,0,30,,91085,34,,,0,80,,91086,34,,,0,81,,91087,34,,,0,46,,91088,34,,,0
24002700,'5456',702,,98531,8,0,5,0,22,,98532,8,0,5,0,23,,98533,8,0,5,0,63,,98534,8,0,5,0
24002700,'5458',702,,98535,8,0,5,0,22,,98536,8,0,5,0,23,,98537,8,0,5,0,63,,98538,8,0,5,0
