2100,'5456',628,,88095,11,,,0,29,,88115,11,,,0,58,,88094,11,,,0,15,,88120,11,,,0,9,,88135,11,0,17,0,7,,88108,11,,,0,9,,88140,11,,,0,4,,88128,11,,,0,57,,88099,11,,,0,16,,88123,11,,,0,20,,88098,11,0,17,0,58,,88130,11,,,0,18,,88114,11,0,17,0,20,,88100,11,,,0,61,,88119,11,0,17,0,20,,88127,11,,,0,20,,88097,11,0,17,0,60,,88101,11,,,0,20,,88132,11,0,18 19,0,21,,88113,11,,,0,61,,88102,11,0,17,0,20,,88121,11,,,0,20,,88126,11,0,17,0,60,,88103,11,,,0,21,,88105,11,0,17,0,17,,88136,11,,,0,59,,88133,11,,,0,16,,88116,11,,,0,15,,88104,11,0,17,0,19,,88139,11,,,0,58,,88118,11,,,0,17,,88124,11,,,0,20,,88107,11,,,0,58,,88106,11,,,0,19,,88137,11,0,18 19,0,18,,88134,11,,,0,58,,88117,11,,,0,18,,100406,11,,,0,18,,88138,11,0,17,0,17,,88122,11,0,17,0,56,,88129,11,0,17,0,32,,88110,11,0,17,0,69,,88131,11,0,17,0,30,,88111,11,0,17,0,73,,88125,11,0,17,0,29,,88112,11,0,17,0
2100,'5458',628,,88142,11,,,0,29,,88162,11,,,0,58,,88141,11,,,0,15,,88167,11,,,0,9,,88182,11,0,17,0,7,,88155,11,,,0,9,,88187,11,,,0,4,,88175,11,,,0,57,,88146,11,,,0,16,,88170,11,,,0,20,,88145,11,0,17,0,58,,88177,11,,,0,18,,88161,11,0,17,0,20,,88147,11,,,0,61,,88166,11,0,17,0,20,,88174,11,,,0,20,,88144,11,0,17,0,60,,88148,11,,,0,20,,88179,11,0,18 19,0,21,,88160,11,,,0,61,,88149,11,0,17,0,20,,88168,11,,,0,20,,88173,11,0,17,0,60,,88150,11,,,0,21,,88152,11,0,17,0,17,,88183,11,,,0,59,,88180,11,,,0,16,,88163,11,,,0,15,,88151,11,0,17,0,19,,88186,11,,,0,58,,88165,11,,,0,17,,88171,11,,,0,20,,88154,11,,,0,58,,88153,11,,,0,19,,88184,11,0,18 19,0,18,,88181,11,,,0,58,,88164,11,,,0,18,,100407,11,,,0,18,,88185,11,0,17,0,17,,88169,11,0,17,0,56,,88176,11,0,17,0,32,,88157,11,0,17,0,69,,88178,11,0,17,0,30,,88158,11,0,17,0,73,,88172,11,0,17,0,29,,88159,11,0,17,0
2100,'5459',717,,100416,11,0,17,0,85,,88214,11,0,17,0,40,,88198,11,0,18 19,0,71,,100417,11,0,17,0,39,,88191,11,0,17,0,70,,88209,11,0,17,0,32,,100410,11,0,17,0,71,,100415,11,0,17,0,30,,88188,11,0,17,0,72,,100408,11,0,18 19,0,30,,88210,11,0,17,0,71,,100411,11,0,17,0,30,,88202,11,0,17,0,68,,100409,11,0,18 19,0,32,,88192,11,0,17,0,70,,88211,11,0,17,0,29,,100412,11,0,17,0,70,,88204,11,0,18 19,0,30,,88196,11,0,17,0,70,,100413,11,0,17,0,29,,88213,11,0,17,0,70,,100414,11,0,18 19,0,28,,88205,11,0,17,0,69,,88200,11,0,17,0,28,,88201,11,0,17,0,68,,88212,11,0,17,0,30,,88206,11,0,17,0
2100,'5460',742,,88232,11,0,17,0,75,,88231,11,0,17,0,85,,88219,11,0,18 19,0,37,,100423,11,0,17,0,83,,88233,11,0,17,0,30,,100418,11,0,17,0,70,,100421,11,0,17,0,30,,88221,11,0,17,0,70,,100420,11,0,18 19,0,31,,88220,11,0,17,0,70,,100419,11,0,17,0,30,,88222,11,0,17,0,71,,100422,11,0,18 19,0,30,,88225,11,0,17,0,70,,88226,11,0,17,0,30,,88224,11,0,17,0,70,,88229,11,0,18 19,0,30,,88227,11,0,17,0,70,,88228,11,0,17,0,29,,100424,11,0,17,0,69,,88235,11,0,18 19,0,28,,88237,11,0,17,0,69,,88236,11,0,17,0,30,,100425,11,0,17,0,70,,88238,11,0,17,0
2100,'5461',742,,88257,11,0,17,0,75,,88256,11,0,17,0,85,,88244,11,0,18 19,0,37,,88255,11,0,17,0,83,,88258,11,0,17,0,30,,88240,11,0,17,0,70,,100426,11,0,17,0,30,,88246,11,0,17,0,70,,88242,11,0,18 19,0,31,,88245,11,0,17,0,70,,88241,11,0,17,0,30,,88247,11,0,17,0,71,,100427,11,0,18 19,0,30,,88250,11,0,17,0,70,,88251,11,0,17,0,30,,88249,11,0,17,0,70,,100428,11,0,18 19,0,30,,88252,11,0,17,0,70,,88253,11,0,17,0,29,,88259,11,0,17,0,69,,88260,11,0,18 19,0,28,,100429,11,0,17,0,69,,88261,11,0,17,0,30,,100430,11,0,17,0,70,,88263,11,0,17,0
2100,'5462',742,,88282,11,0,17,0,75,,88281,11,0,17,0,85,,88269,11,0,18 19,0,37,,88280,11,0,17,0,83,,88283,11,0,17,0,30,,88265,11,0,17,0,70,,100431,11,0,17,0,30,,88271,11,0,17,0,70,,88267,11,0,18 19,0,31,,88270,11,0,17,0,70,,88266,11,0,17,0,30,,88272,11,0,17,0,71,,100432,11,0,18 19,0,30,,88275,11,0,17,0,70,,88276,11,0,17,0,30,,88274,11,0,17,0,70,,100433,11,0,18 19,0,30,,88277,11,0,17,0,70,,88278,11,0,17,0,29,,88284,11,0,17,0,69,,88285,11,0,18 19,0,28,,100434,11,0,17,0,69,,88286,11,0,17,0,30,,100435,11,0,17,0,70,,88288,11,0,17,0
2100,'5463',742,,88307,11,0,17,0,75,,88306,11,0,17,0,85,,88294,11,0,18 19,0,37,,88305,11,0,17,0,83,,88308,11,0,17,0,30,,88290,11,0,17,0,70,,100436,11,0,17,0,30,,88296,11,0,17,0,70,,88292,11,0,18 19,0,31,,88295,11,0,17,0,70,,88291,11,0,17,0,30,,88297,11,0,17,0,71,,100437,11,0,18 19,0,30,,88300,11,0,17,0,70,,88301,11,0,17,0,30,,88299,11,0,17,0,70,,100438,11,0,18 19,0,30,,88302,11,0,17,0,70,,88303,11,0,17,0,29,,88309,11,0,17,0,69,,88310,11,0,18 19,0,28,,100439,11,0,17,0,69,,88311,11,0,17,0,30,,100440,11,0,17,0,70,,88313,11,0,17,0
2200,'5456',613,,100489,26,,,0,30,,88567,26,,,0,68,,100490,26,,,0,31,,100492,26,,,0,68,,88576,9,0,20 7,0,6,,100491,26,,,0,23,,100495,26,,,0,69,,100493,26,,,0,102,,100494,26,,,0,26,,100496,26,,,0,70,,88574,26,,,0,103,,100498,26,0,21 22,0,30,,100497,26,0,21 22,0,70,,100499,26,0,21 22,0,30,,100500,26,0,21 22,0,101,,100501,26,0,21 22,0,69,,100502,26,0,21 22,0,36,,100503,26,0,21 22,0,102,,88583,26,0,21 22,0,97,,100504,26,0,21 22,0,70,,100505,26,,,0,24,,100506,26,,,0,98,,88587,26,,,0,70,,88588,26,,,0,29,,100507,26,,,0,69,,88590,26,,,0
2200,'5458',613,,100508,26,,,0,30,,88596,26,,,0,68,,100509,26,,,0,31,,100511,26,,,0,68,,88605,9,0,20 7,0,6,,100510,26,,,0,23,,100514,26,,,0,69,,100512,26,,,0,102,,100513,26,,,0,26,,100515,26,,,0,70,,88603,26,,,0,103,,100517,26,0,21 22,0,30,,100516,26,0,21 22,0,70,,100518,26,0,21 22,0,30,,100519,26,0,21 22,0,101,,100520,26,0,21 22,0,69,,100521,26,0,21 22,0,36,,100522,26,0,21 22,0,102,,88613,26,0,21 22,0,97,,100523,26,0,21 22,0,70,,100524,26,,,0,24,,100525,26,,,0,98,,88617,26,,,0,70,,88618,26,,,0,29,,100526,26,,,0,69,,88620,26,,,0
2200,'5459',702,,100537,26,,,0,40,,88628,26,,,0,80,,88632,26,,,0,80,,100540,26,,,0,32,,88629,26,,,0,70,,88623,26,,,0,31,,88630,26,,,0,71,,100539,26,,,0,31,,88627,26,,,0,71,,88626,26,,,0,31,,88631,26,,,0,70,,88624,26,,,0,31,,100544,26,,,0,70,,100527,26,,,0,30,,100533,26,,,0,70,,100529,26,,,0,30,,100532,26,,,0,69,,100543,26,,,0,29,,100534,26,,,0,71,,100528,26,,,0,30,,100536,26,,,0,72,,100535,26,,,0,30,,100531,26,,,0,68,,100530,26,,,0,29,,100545,26,,,0,69,,100546,26,,,0,27,,100542,26,,,0,68,,100538,26,,,0
2200,'5460',751,,88656,26,,,0,101,,100551,26,,,0,80,,88658,26,,,0,70,,100548,26,,,0,32,,100549,26,,,0,70,,100550,26,,,0,30,,88660,26,,,0,69,,100553,26,,,0,32,,100552,26,,,0,70,,88662,26,,,0,30,,88663,26,,,0,70,,100554,26,,,0,31,,88670,26,,,0,70,,88664,26,,,0,30,,88665,26,,,0,70,,88666,26,,,0,30,,88667,26,,,0,72,,88668,26,,,0,30,,88669,26,,,0,69,,88672,26,,,0,29,,88673,26,,,0,68,,88674,26,,,0,30,,88675,26,,,0,115,,88676,9,,,0
2200,'5461',751,,88680,26,,,0,101,,88681,26,,,0,80,,88682,26,,,0,70,,88677,26,,,0,32,,88678,26,,,0,70,,88679,26,,,0,30,,88684,26,,,0,69,,88685,26,,,0,32,,88683,26,,,0,70,,88686,26,,,0,30,,88687,26,,,0,70,,88695,26,,,0,31,,88694,26,,,0,70,,88688,26,,,0,30,,88689,26,,,0,70,,88690,26,,,0,30,,100555,26,,,0,72,,88692,26,,,0,30,,88693,26,,,0,69,,88696,26,,,0,29,,100556,26,,,0,68,,88698,26,,,0,30,,88699,26,,,0,115,,100557,9,,,0
2200,'5462',751,,88704,26,,,0,101,,88705,26,,,0,80,,88706,26,,,0,70,,88701,26,,,0,32,,88702,26,,,0,70,,88703,26,,,0,30,,88708,26,,,0,69,,88709,26,,,0,32,,88707,26,,,0,70,,88710,26,,,0,30,,88711,26,,,0,70,,88719,26,,,0,31,,88718,26,,,0,70,,88712,26,,,0,30,,88713,26,,,0,70,,88714,26,,,0,30,,100558,26,,,0,72,,88716,26,,,0,30,,88717,26,,,0,69,,88720,26,,,0,29,,100559,26,,,0,68,,88722,26,,,0,30,,88723,26,,,0,115,,100560,9,,,0
2200,'5463',751,,88728,26,,,0,101,,88729,26,,,0,80,,88730,26,,,0,70,,88725,26,,,0,32,,88726,26,,,0,70,,88727,26,,,0,30,,88732,26,,,0,69,,88733,26,,,0,32,,88731,26,,,0,70,,88734,26,,,0,30,,88735,26,,,0,70,,88743,26,,,0,31,,88742,26,,,0,70,,88736,26,,,0,30,,88737,26,,,0,70,,88738,26,,,0,30,,100561,26,,,0,72,,88740,26,,,0,30,,88741,26,,,0,69,,88744,26,,,0,29,,100562,26,,,0,68,,88746,26,,,0,30,,88747,26,,,0,115,,100563,9,,,0
1002200,'5456',941,,105661,26,,,0,196,,98196,26,0,21 22,0,272,,105662,26,0,21 22,0,208,,105663,26,0,21 22,0,98,,105664,26,0,21 22,0,195,,98200,26,0,21 22,0
1002200,'5458',941,,105665,26,,,0,196,,98202,26,0,21 22,0,272,,105666,26,0,21 22,0,208,,105667,26,0,21 22,0,98,,105668,26,0,21 22,0,195,,98206,26,0,21 22,0
14002100,'5456',2118,,98507,11,,,0,30,,98504,11,,,0,70,,98506,11,,,0,99,,98508,11,,,0,99,,98505,11,,,0
14002100,'5458',2118,,98512,11,,,0,30,,98509,11,,,0,70,,98511,11,,,0,99,,98513,11,,,0,99,,98510,11,,,0
14002100,'5459',2117,,98514,11,,,0,30,,98515,11,,,0,70,,98516,11,,,0,102,,98517,11,,,0,99,,98518,11,,,0
14002100,'5460',2119,,98519,11,,,0,100,,98520,11,,,0,100,,98521,11,,,0
14002100,'5461',2119,,98522,11,,,0,100,,98523,11,,,0,100,,98524,11,,,0
14002100,'5462',2119,,98525,11,,,0,100,,98526,11,,,0,100,,98527,11,,,0
14002100,'5463',2119,,98528,11,,,0,100,,98529,11,,,0,100,,98530,11,,,0
