7100,'5456',1607,,95557,32,,,0,104,,95558,32,,,0,103,,95556,32,,,0
7100,'5458',1607,,95560,32,,,0,104,,95561,32,,,0,103,,95559,32,,,0
7200,'5456',650,,95572,51,,,0,79,,95578,51,,,0,29,,95568,51,,,0,70,,95569,51,,,0,30,,95576,51,,,0,71,,95570,51,,,0,29,,95571,51,,,0,70,,95580,51,,,0,31,,95573,51,,,0,69,,95574,51,,,0,72,,95575,51,,,0,28,,95584,51,,,0,30,,95588,51,,,0,69,,95577,51,,,0,30,,95590,51,,,0,70,,95595,51,,,0,30,,95579,51,,,0,70,,95582,51,,,0,30,,95585,51,,,0,70,,95598,51,,,0,29,,95581,51,,,0,71,,95591,51,,,0,30,,95593,51,,,0,73,,95583,51,,,0,28,,95586,51,,,0,71,,95596,51,,,0,29,,95599,51,,,0,70,,95587,51,,,0,72,,95594,51,,,0,30,,95589,51,,,0,100,,95597,51,,,0,99,,95592,51,,,0,116,,95600,51,0,10 11 12,0
7200,'5458',650,,95605,51,,,0,79,,95611,51,,,0,29,,95601,51,,,0,70,,95602,51,,,0,30,,95609,51,,,0,71,,95603,51,,,0,29,,95604,51,,,0,70,,95613,51,,,0,31,,95606,51,,,0,69,,95607,51,,,0,72,,95608,51,,,0,28,,95617,51,,,0,30,,95621,51,,,0,69,,95610,51,,,0,30,,95623,51,,,0,70,,95628,51,,,0,30,,95612,51,,,0,70,,95615,51,,,0,30,,95618,51,,,0,70,,95631,51,,,0,29,,95614,51,,,0,71,,95624,51,,,0,30,,95626,51,,,0,73,,95616,51,,,0,28,,95619,51,,,0,71,,95629,51,,,0,29,,95632,51,,,0,70,,95620,51,,,0,72,,95627,51,,,0,30,,95622,51,,,0,100,,95630,51,,,0,99,,95625,51,,,0,116,,95633,51,0,10 11 12,0
7200,'5459',801,,95634,51,,,0,30,,95635,51,,,0,69,,95636,51,,,0,30,,95637,51,,,0,70,,95638,51,,,0,30,,95639,51,,,0,70,,95640,51,,,0,29,,95641,51,,,0,30,,95642,51,,,0,70,,95643,51,,,0,30,,95644,51,,,0,70,,95645,51,,,0,29,,95646,51,,,0,70,,95647,51,,,0,30,,95648,51,,,0,70,,95649,51,,,0,30,,95650,51,,,0,70,,95651,51,,,0,30,,95652,51,,,0,70,,95653,51,,,0,30,,95654,51,,,0,70,,95655,51,,,0,30,,95656,51,,,0,70,,95657,51,,,0,31,,95658,51,,,0,70,,95659,51,,,0,30,,95660,51,,,0,70,,95661,51,,,0,100,,95662,51,,,0,100,,95663,51,,,0,118,,95664,51,0,10 11 12,0
7200,'5460',830,,95665,51,,,0,100,,95668,51,,,0,100,,95666,51,,,0,99,,95667,51,,,0,30,,95669,51,,,0,70,,95670,51,,,0,30,,95671,51,,,0,69,,95672,51,,,0,30,,95673,51,,,0,70,,95674,51,,,0,30,,95675,51,,,0,70,,95676,51,,,0,30,,95677,51,,,0,70,,95678,51,,,0,30,,95679,51,,,0,70,,95680,51,,,0,30,,95681,51,,,0,70,,95682,51,,,0,31,,95683,51,,,0,70,,95684,51,,,0,30,,95685,51,,,0,71,,95686,51,,,0,99,,95687,51,,,0,100,,95688,51,,,0,102,,95689,51,,,0,75,,95690,51,0,10 11 12,0
7200,'5461',830,,95691,51,,,0,100,,95694,51,,,0,100,,95692,51,,,0,99,,95693,51,,,0,30,,95695,51,,,0,70,,95696,51,,,0,30,,95697,51,,,0,69,,95698,51,,,0,30,,95699,51,,,0,70,,95700,51,,,0,30,,95701,51,,,0,70,,95702,51,,,0,30,,95703,51,,,0,70,,95704,51,,,0,30,,95705,51,,,0,70,,95706,51,,,0,30,,95707,51,,,0,70,,95708,51,,,0,31,,95709,51,,,0,70,,95710,51,,,0,30,,95711,51,,,0,71,,95712,51,,,0,99,,95713,51,,,0,100,,95714,51,,,0,102,,95715,51,,,0,75,,95716,51,0,10 11 12,0
7200,'5462',830,,95717,51,,,0,100,,95720,51,,,0,100,,95718,51,,,0,99,,95719,51,,,0,30,,95721,51,,,0,70,,95722,51,,,0,30,,95723,51,,,0,69,,95724,51,,,0,30,,95725,51,,,0,70,,95726,51,,,0,30,,95727,51,,,0,70,,95728,51,,,0,30,,95729,51,,,0,70,,95730,51,,,0,30,,95731,51,,,0,70,,95732,51,,,0,30,,95733,51,,,0,70,,95734,51,,,0,31,,95735,51,,,0,70,,95736,51,,,0,30,,95737,51,,,0,71,,95738,51,,,0,99,,95739,51,,,0,100,,95740,51,,,0,102,,95741,51,,,0,75,,95742,51,0,10 11 12,0
7200,'5463',830,,95743,51,,,0,100,,95746,51,,,0,100,,95744,51,,,0,99,,95745,51,,,0,30,,95747,51,,,0,70,,95748,51,,,0,30,,95749,51,,,0,69,,95750,51,,,0,30,,95751,51,,,0,70,,95752,51,,,0,30,,95753,51,,,0,70,,95754,51,,,0,30,,95755,51,,,0,70,,95756,51,,,0,30,,95757,51,,,0,70,,95758,51,,,0,30,,95759,51,,,0,70,,95760,51,,,0,31,,95761,51,,,0,70,,95762,51,,,0,30,,95763,51,,,0,71,,95764,51,,,0,99,,95765,51,,,0,100,,95766,51,,,0,102,,95767,51,,,0,75,,95768,51,0,10 11 12,0
1007200,'5456',621,,98257,54,,,0
1007200,'5458',621,,98258,54,,,0
1007200,'5459',630,,98259,54,,,0,100,,98260,54,,,0
1007200,'5460',730,,98261,54,,,0
1007200,'5461',730,,98262,54,,,0
1007200,'5462',730,,98263,54,,,0
1007200,'5463',730,,98264,54,,,0
