200,'5456',546,,81973,4,,,0,80,,81974,4,,,0,20,,81975,4,,,0,70,,81976,4,,,0,31,,81977,4,,,0,70,,81978,4,,,0,31,,81979,4,,,0,71,,81980,4,,,0,15,,81981,4,0,5,0,70,,81982,4,,,0,38,,81983,4,,,0,80,,81984,4,,,0,80,,81985,4,,,0,40,,81986,4,,,0,80,,81987,4,,,0,80,,81988,4,,,0,37,,81989,4,,,0,76,,82007,4,,,0,37,,82003,4,,,0,76,,82005,4,,,0,73,,82006,4,0,5,0,17,,81997,4,,,0,34,,81995,4,,,0,80,,82002,4,,,0,90,,81994,4,,,0,80,,82001,4,,,0,20,,81996,4,0,5,0,22,,81993,4,,,0,60,,82004,4,0,5,0,20,,82000,4,,,0,78,,81992,4,,,0,40,,81999,4,,,0,80,,81991,4,,,0,80,,81998,4,,,0,30,,81990,4,0,5,0
200,'5458',546,,82008,4,,,0,80,,82009,4,,,0,20,,82010,4,,,0,70,,82011,4,,,0,31,,82012,4,,,0,70,,82013,4,,,0,31,,82014,4,,,0,71,,82015,4,,,0,15,,82016,4,0,5,0,70,,82017,4,,,0,38,,82018,4,,,0,80,,82019,4,,,0,80,,82020,4,,,0,40,,82021,4,,,0,80,,82022,4,,,0,80,,82023,4,,,0,37,,82024,4,,,0,76,,82043,4,,,0,37,,82039,4,,,0,76,,82041,4,,,0,73,,82042,4,0,5,0,17,,82033,4,,,0,34,,82031,4,,,0,80,,82038,4,,,0,90,,82030,4,,,0,80,,82037,4,,,0,20,,82032,4,0,5,0,22,,82029,4,,,0,60,,82040,4,0,5,0,20,,82036,4,,,0,78,,82028,4,,,0,40,,82035,4,,,0,80,,82027,4,,,0,80,,82034,4,,,0,30,,82026,4,0,5,0,68,,82025,4,0,5,0
200,'5459',557,,98692,4,,,0,152,,98695,4,,,0,118,,98693,4,,,0,80,,98685,4,,,0,45,,98694,4,,,0,80,,98684,4,,,0,80,,82044,4,,,0,40,,82051,4,,,0,80,,98681,4,,,0,80,,98688,4,,,0,41,,98682,4,,,0,80,,82049,4,,,0,80,,82048,4,,,0,40,,98683,4,,,0,80,,98690,4,,,0,79,,98691,4,,,0,35,,82060,4,,,0,80,,82054,4,,,0,75,,98686,4,,,0,20,,82053,4,0,5,0,35,,82057,4,,,0,60,,98689,4,0,5,0,20,,98687,4,,,0,65,,98698,4,0,5,0,20,,82072,4,,,0,80,,98696,4,,,0,40,,82068,4,,,0,80,,98697,4,,,0,80,,82067,4,,,0,35,,98699,4,0,5,0
200,'5460',652,,82096,4,,,0,160,,82095,4,,,0,120,,82094,4,,,0,100,,82075,4,,,0,80,,82093,4,,,0,40,,82081,4,,,0,80,,82079,4,,,0,80,,82074,4,,,0,40,,82076,4,,,0,80,,82087,4,,,0,80,,82082,4,,,0,40,,82077,4,,,0,80,,82080,4,,,0,80,,82078,4,,,0,35,,82088,4,,,0,80,,82084,4,,,0,75,,82083,4,0,5,0,20,,82089,4,,,0,20,,82086,4,0,5,0,60,,82085,4,,,0,40,,82091,4,,,0,80,,82092,4,,,0,80,,82090,4,,,0,40,,82097,4,,,0,80,,82098,4,,,0
200,'5461',652,,82121,4,,,0,160,,82120,4,,,0,120,,82119,4,,,0,100,,82100,4,,,0,80,,82118,4,,,0,40,,82106,4,,,0,80,,82104,4,,,0,80,,82099,4,,,0,40,,82101,4,,,0,80,,82112,4,,,0,80,,82107,4,,,0,40,,82102,4,,,0,80,,82105,4,,,0,80,,82103,4,,,0,35,,82113,4,,,0,80,,82109,4,,,0,75,,82108,4,0,5,0,20,,82114,4,,,0,20,,82111,4,0,5,0,60,,82110,4,,,0,40,,82116,4,,,0,80,,82117,4,,,0,80,,82115,4,,,0,40,,82122,4,,,0,80,,82123,4,,,0
200,'5462',652,,82146,4,,,0,160,,82145,4,,,0,120,,82144,4,,,0,100,,82125,4,,,0,80,,82143,4,,,0,40,,82131,4,,,0,80,,82129,4,,,0,80,,82124,4,,,0,40,,82126,4,,,0,80,,82137,4,,,0,80,,82132,4,,,0,40,,82127,4,,,0,80,,82130,4,,,0,80,,82128,4,,,0,35,,82138,4,,,0,80,,82134,4,,,0,75,,82133,4,0,5,0,20,,82139,4,,,0,20,,82136,4,0,5,0,60,,82135,4,,,0,40,,82141,4,,,0,80,,82142,4,,,0,80,,82140,4,,,0,40,,82147,4,,,0,80,,82148,4,,,0
200,'5463',652,,82171,4,,,0,160,,82170,4,,,0,120,,82169,4,,,0,100,,82150,4,,,0,80,,82168,4,,,0,40,,82156,4,,,0,80,,82154,4,,,0,80,,82149,4,,,0,40,,82151,4,,,0,80,,82162,4,,,0,80,,82157,4,,,0,40,,82152,4,,,0,80,,82155,4,,,0,80,,82153,4,,,0,35,,82163,4,,,0,80,,82159,4,,,0,75,,82158,4,0,5,0,20,,82164,4,,,0,20,,82161,4,0,5,0,60,,82160,4,,,0,40,,82166,4,,,0,80,,82167,4,,,0,80,,82165,4,,,0,40,,82172,4,,,0,80,,82173,4,,,0
201,'5456',1527,,98700,25,4,,0
201,'5458',1527,,98701,25,4,,0
201,'5459',2505,,98718,18,4,,0
201,'5460',2400,,82293,44,4,,0
201,'5461',2400,,82318,44,4,,0
201,'5462',2400,,82343,44,4,,0
201,'5463',2400,,82368,44,4,,0
500,'5456',606,,83563,4,,,0,95,,83564,4,,,0,31,,83565,4,,,0,70,,83566,4,,,0,31,,83567,4,,,0,70,,83568,4,,,0,46,,83569,4,,,0,73,,83570,4,,,0,80,,83571,4,,,0,40,,83572,4,,,0,80,,83573,4,,,0,80,,83574,4,,,0,40,,83575,4,,,0,80,,83576,4,,,0,35,,83581,4,,,0,76,,83579,4,,,0,77,,83577,4,,,0,34,,83580,4,,,0,91,,83582,4,,,0,77,,83584,4,,,0,45,,83578,4,,,0,85,,83583,4,,,0
500,'5458',606,,83585,4,,,0,95,,83586,4,,,0,31,,83587,4,,,0,70,,83588,4,,,0,31,,83589,4,,,0,70,,83590,4,,,0,46,,83591,4,,,0,73,,83592,4,,,0,80,,83593,4,,,0,40,,83594,4,,,0,80,,83595,4,,,0,80,,83596,4,,,0,40,,83597,4,,,0,80,,83598,4,,,0,35,,83603,4,,,0,76,,83601,4,,,0,77,,83599,4,,,0,34,,83602,4,,,0,91,,83604,4,,,0,77,,83606,4,,,0,45,,83600,4,,,0,85,,83605,4,,,0
500,'5459',632,,98908,4,,,0,116,,98906,4,,,0,99,,83617,4,,,0,80,,98902,4,,,0,85,,83615,4,,,0,40,,98903,4,,,0,80,,98913,4,,,0,80,,98907,4,,,0,40,,83607,4,,,0,81,,83613,4,,,0,80,,98904,4,,,0,40,,98910,4,,,0,80,,98905,4,,,0,80,,83612,4,,,0,39,,83621,4,,,0,75,,98911,4,,,0,80,,98912,4,,,0,40,,98909,4,,,0,90,,98914,4,,,0
500,'5460',732,,98917,4,,,0,120,,98916,4,,,0,160,,98915,4,,,0,40,,83632,4,,,0,80,,83626,4,,,0,80,,83627,4,,,0,40,,83640,4,,,0,80,,83633,4,,,0,80,,83630,4,,,0,40,,83628,4,,,0,80,,83629,4,,,0,80,,83641,4,,,0,40,,83634,4,,,0,75,,83631,4,,,0,80,,83635,4,,,0,40,,83636,4,,,0
500,'5461',732,,83655,4,,,0,120,,83652,4,,,0,160,,83654,4,,,0,40,,83648,4,,,0,80,,83642,4,,,0,80,,83643,4,,,0,40,,83656,4,,,0,80,,83649,4,,,0,80,,83646,4,,,0,40,,83644,4,,,0,80,,83645,4,,,0,80,,83657,4,,,0,40,,83650,4,,,0,75,,83647,4,,,0,80,,83651,4,,,0,40,,83653,4,,,0
500,'5462',732,,83671,4,,,0,120,,83670,4,,,0,160,,83669,4,,,0,40,,83664,4,,,0,80,,83658,4,,,0,80,,83659,4,,,0,40,,83672,4,,,0,80,,83665,4,,,0,80,,83662,4,,,0,40,,83660,4,,,0,80,,83661,4,,,0,80,,83673,4,,,0,40,,83666,4,,,0,75,,83663,4,,,0,80,,83667,4,,,0,40,,83668,4,,,0
500,'5463',732,,83687,4,,,0,120,,83686,4,,,0,160,,83685,4,,,0,40,,83680,4,,,0,80,,83674,4,,,0,80,,83675,4,,,0,40,,83688,4,,,0,80,,83681,4,,,0,80,,83678,4,,,0,40,,83676,4,,,0,80,,83677,4,,,0,80,,83689,4,,,0,40,,83682,4,,,0,75,,83679,4,,,0,80,,83683,4,,,0,40,,83684,4,,,0
