700,'5456',602,,84561,11,0,5,0,27,,84582,11,0,5,0,17,,84562,11,0,5,0,54,,84587,11,0,5,0,15,,84572,11,0,5,0,13,,84594,11,0,5,0,16,,84566,11,0,5,0,15,,84591,11,0,5,0,60,,84565,11,0,5,0,18,,84602,11,0,5,0,18,,84580,11,0,5,0,61,,84563,11,0,5,0,21,,84586,11,0,5,0,20,,84596,11,0,5,0,60,,84564,11,0,5,0,20,,84567,11,0,5,0,20,,84600,11,0,5,0,60,,84581,11,0,5,0,20,,84568,11,0,5,0,20,,84588,11,0,5,0,60,,84593,11,0,5,0,20,,84570,11,0,5,0,20,,84571,11,0,5,0,57,,84605,11,0,5,0,19,,84601,11,0,5,0,16,,84583,11,0,5,0,55,,84569,11,0,5,0,17,,84607,11,0,5,0,18,,84589,11,0,5,0,17,,84595,11,0,5,0,53,,84608,11,0,5,0,7,,84575,11,0,5,0,18,,84576,11,0,5,0,19,,84604,11,0,5,0,58,,84603,11,0,5,0,18,,84584,11,0,5,0,19,,84573,11,0,5,0,59,,84606,11,0,5,0,18,,84590,11,0,5,0,16,,84597,11,0,5,0,18,,84574,11,0,5,0,57,,84585,11,0,5,0,31,,84598,11,0,5,0,70,,84577,11,0,5,0,33,,84592,11,0,5,0,69,,84578,11,0,5,0,30,,84599,11,0,5,0,71,,84579,11,0,5,0
700,'5458',602,,84609,11,0,5,0,27,,84630,11,0,5,0,17,,84610,11,0,5,0,54,,84635,11,0,5,0,15,,84620,11,0,5,0,13,,84642,11,0,5,0,16,,84614,11,0,5,0,15,,84639,11,0,5,0,60,,84613,11,0,5,0,18,,84650,11,0,5,0,18,,84628,11,0,5,0,61,,84611,11,0,5,0,21,,84634,11,0,5,0,20,,84644,11,0,5,0,60,,84612,11,0,5,0,20,,84615,11,0,5,0,20,,84648,11,0,5,0,60,,84629,11,0,5,0,20,,84616,11,0,5,0,20,,84636,11,0,5,0,60,,84641,11,0,5,0,20,,84618,11,0,5,0,20,,84619,11,0,5,0,57,,84653,11,0,5,0,19,,84649,11,0,5,0,16,,84631,11,0,5,0,55,,84617,11,0,5,0,17,,84655,11,0,5,0,18,,84637,11,0,5,0,17,,84643,11,0,5,0,53,,84656,11,0,5,0,7,,84623,11,0,5,0,18,,84624,11,0,5,0,19,,84652,11,0,5,0,58,,84651,11,0,5,0,18,,84632,11,0,5,0,19,,84621,11,0,5,0,59,,84654,11,0,5,0,18,,84638,11,0,5,0,16,,84645,11,0,5,0,18,,84622,11,0,5,0,57,,84633,11,0,5,0,31,,84646,11,0,5,0,70,,84625,11,0,5,0,33,,84640,11,0,5,0,69,,84626,11,0,5,0,30,,84647,11,0,5,0,71,,84627,11,0,5,0
700,'5459',649,,84678,11,0,5,0,85,,84685,11,0,5,0,80,,84668,11,0,5,0,29,,84679,11,0,5,0,79,,84660,11,0,5,0,29,,84680,11,0,5,0,70,,84663,11,0,5,0,31,,84671,11,0,5,0,70,,84657,11,0,5,0,31,,84658,11,0,5,0,70,,84681,11,0,5,0,30,,84664,11,0,5,0,70,,84672,11,0,5,0,28,,84659,11,0,5,0,72,,84661,11,0,5,0,30,,84682,11,0,5,0,70,,84665,11,0,5,0,31,,84673,11,0,5,0,70,,84662,11,0,5,0,30,,84667,11,0,5,0,71,,84683,11,0,5,0,30,,84666,11,0,5,0,68,,84675,11,0,5,0,29,,84670,11,0,5,0,68,,84669,11,0,5,0,31,,84684,11,0,5,0,70,,84674,11,0,5,0,28,,84676,11,0,5,0,70,,84677,11,0,5,0
700,'5460',715,,84702,11,0,5,0,35,,84704,11,0,5,0,84,,84690,11,0,5,0,77,,84703,11,0,5,0,41,,84705,11,0,5,0,70,,84686,11,0,5,0,30,,84691,11,0,5,0,70,,84693,11,0,5,0,29,,84688,11,0,5,0,71,,84692,11,0,5,0,30,,84689,11,0,5,0,70,,84687,11,0,5,0,30,,84694,11,0,5,0,70,,84695,11,0,5,0,30,,84696,11,0,5,0,70,,84697,11,0,5,0,30,,84699,11,0,5,0,70,,84698,11,0,5,0,30,,84701,11,0,5,0,70,,84700,11,0,5,0,30,,84706,11,0,5,0,69,,84709,11,0,5,0,30,,84708,11,0,5,0,70,,84707,11,0,5,0,30,,84711,11,0,5,0,71,,84710,11,0,5,0
700,'5461',715,,84728,11,0,5,0,35,,84730,11,0,5,0,84,,84716,11,0,5,0,77,,84729,11,0,5,0,41,,84731,11,0,5,0,70,,84712,11,0,5,0,30,,84717,11,0,5,0,70,,84719,11,0,5,0,29,,84714,11,0,5,0,71,,84718,11,0,5,0,30,,84715,11,0,5,0,70,,84713,11,0,5,0,30,,84720,11,0,5,0,70,,84721,11,0,5,0,30,,84722,11,0,5,0,70,,84723,11,0,5,0,30,,84725,11,0,5,0,70,,84724,11,0,5,0,30,,84727,11,0,5,0,70,,84726,11,0,5,0,30,,84732,11,0,5,0,69,,84735,11,0,5,0,30,,84734,11,0,5,0,70,,84733,11,0,5,0,30,,84737,11,0,5,0,71,,84736,11,0,5,0
700,'5462',715,,84754,11,0,5,0,35,,84756,11,0,5,0,84,,84742,11,0,5,0,77,,84755,11,0,5,0,41,,84757,11,0,5,0,70,,84738,11,0,5,0,30,,84743,11,0,5,0,70,,84745,11,0,5,0,29,,84740,11,0,5,0,71,,84744,11,0,5,0,30,,84741,11,0,5,0,70,,84739,11,0,5,0,30,,84746,11,0,5,0,70,,84747,11,0,5,0,30,,84748,11,0,5,0,70,,84749,11,0,5,0,30,,84751,11,0,5,0,70,,84750,11,0,5,0,30,,84753,11,0,5,0,70,,84752,11,0,5,0,30,,84758,11,0,5,0,69,,84761,11,0,5,0,30,,84760,11,0,5,0,70,,84759,11,0,5,0,30,,84763,11,0,5,0,71,,84762,11,0,5,0
700,'5463',715,,84780,11,0,5,0,35,,84782,11,0,5,0,84,,84768,11,0,5,0,77,,84781,11,0,5,0,41,,84783,11,0,5,0,70,,84764,11,0,5,0,30,,84769,11,0,5,0,70,,84771,11,0,5,0,29,,84766,11,0,5,0,71,,84770,11,0,5,0,30,,84767,11,0,5,0,70,,84765,11,0,5,0,30,,84772,11,0,5,0,70,,84773,11,0,5,0,30,,84774,11,0,5,0,70,,84775,11,0,5,0,30,,84777,11,0,5,0,70,,84776,11,0,5,0,30,,84779,11,0,5,0,70,,84778,11,0,5,0,30,,84784,11,0,5,0,69,,84787,11,0,5,0,30,,84786,11,0,5,0,70,,84785,11,0,5,0,30,,84789,11,0,5,0,71,,84788,11,0,5,0
1501,'5456',545,,87634,5,,,0,67,,87635,5,,,0,17,,87636,5,,,0,20,,87637,5,,,0,56,,87638,5,,,0,13,,87639,5,,,0,15,,87640,5,,,0,14,,87641,5,,,0,57,,87632,5,,,0,17,,87642,5,,,0,16,,87643,5,,,0,16,,87644,5,,,0,55,,87645,5,,,0,15,,87646,5,,,0,15,,87647,5,,,0,15,,87648,5,,,0,55,,87649,5,,,0,16,,87650,5,,,0,15,,87651,5,,,0,15,,87652,5,,,0,54,,87653,5,,,0,15,,87654,5,,,0,15,,87655,5,,,0,15,,87656,5,,,0,55,,87657,5,,,0,15,,87658,5,,,0,15,,87659,5,,,0,15,,87660,5,,,0,54,,87661,5,,,0,13,,87662,5,,,0,15,,87663,5,,,0,15,,87664,5,,,0,54,,87665,5,,,0,13,,87666,5,,,0,12,,87667,5,,,0,11,,87668,5,,,0,11,,87669,5,,,0,49,,87670,5,,,0,15,,87671,5,,,0,13,,87672,5,,,0,12,,87673,5,,,0,12,,87674,5,,,0,52,,87675,5,,,0,11,,87676,5,,,0,11,,87677,5,,,0,12,,87678,5,,,0,10,,87679,5,,,0,10,,87680,5,,,0,52,,87681,5,,,0,11,,87682,5,,,0,12,,87683,5,,,0,12,,87684,5,,,0,12,,87685,5,,,0,50,,87686,5,,,0,15,,87687,5,,,0,15,,87688,5,,,0,17,,87689,5,,,0,55,,87690,5,,,0,16,,87691,5,,,0,15,,87692,5,,,0,15,,87693,5,,,0,54,,87694,5,,,0,20,,87695,5,,,0,20,,87696,5,,,0,61,,87697,5,,,0,20,,87698,5,,,0,24,,87699,5,,,0,71,,87700,5,,,0,34,,87701,5,,,0,72,,87702,5,,,0,70,,87703,5,,,0,32,,87704,5,,,0
1501,'5458',545,,87707,5,,,0,67,,87708,5,,,0,17,,87709,5,,,0,20,,87710,5,,,0,56,,87711,5,,,0,13,,87712,5,,,0,15,,87713,5,,,0,14,,87714,5,,,0,57,,87705,5,,,0,17,,87715,5,,,0,16,,87716,5,,,0,16,,87717,5,,,0,55,,87718,5,,,0,15,,87719,5,,,0,15,,87720,5,,,0,15,,87721,5,,,0,55,,87722,5,,,0,16,,87723,5,,,0,15,,87724,5,,,0,15,,87725,5,,,0,54,,87726,5,,,0,15,,87727,5,,,0,15,,87728,5,,,0,15,,87729,5,,,0,55,,87730,5,,,0,15,,87731,5,,,0,15,,87732,5,,,0,15,,87733,5,,,0,54,,87734,5,,,0,13,,87735,5,,,0,15,,87736,5,,,0,15,,87737,5,,,0,54,,87738,5,,,0,13,,87739,5,,,0,12,,87740,5,,,0,11,,87741,5,,,0,11,,87742,5,,,0,49,,87743,5,,,0,15,,87744,5,,,0,13,,87745,5,,,0,12,,87746,5,,,0,12,,87747,5,,,0,52,,87748,5,,,0,11,,87749,5,,,0,11,,87750,5,,,0,12,,87751,5,,,0,10,,87752,5,,,0,10,,87753,5,,,0,52,,87754,5,,,0,11,,87755,5,,,0,12,,87756,5,,,0,12,,87757,5,,,0,12,,87758,5,,,0,50,,87759,5,,,0,15,,87760,5,,,0,15,,87761,5,,,0,17,,87762,5,,,0,55,,87763,5,,,0,16,,87764,5,,,0,15,,87765,5,,,0,15,,87766,5,,,0,54,,87767,5,,,0,20,,87768,5,,,0,20,,87769,5,,,0,61,,87770,5,,,0,20,,87771,5,,,0,24,,87772,5,,,0,71,,87773,5,,,0,34,,87774,5,,,0,72,,87775,5,,,0,70,,87776,5,,,0,32,,87777,5,,,0,70,,87778,5,,,0,30,,87779,5,,,0,70,,87780,5,,,0,30,,87781,5,,,0
1501,'5459',645,,87822,5,,,0,63,,87836,5,,,0,20,,87821,5,,,0,15,,87797,5,,,0,14,,87817,5,,,0,55,,87818,5,,,0,14,,87796,5,,,0,15,,87835,5,,,0,15,,87819,5,,,0,55,,87795,5,,,0,15,,87820,5,,,0,15,,87812,5,,,0,13,,87793,5,,,0,54,,87794,5,,,0,14,,87834,5,,,0,13,,87813,5,,,0,15,,87792,5,,,0,55,,87815,5,,,0,15,,87816,5,,,0,15,,87789,5,,,0,15,,87791,5,,,0,55,,87833,5,,,0,14,,87814,5,,,0,15,,87790,5,,,0,15,,87811,5,,,0,55,,87810,5,,,0,15,,87788,5,,,0,15,,87785,5,,,0,15,,87832,5,,,0,56,,87809,5,,,0,14,,87787,5,,,0,16,,87807,5,,,0,15,,87808,5,,,0,55,,87786,5,,,0,15,,87801,5,,,0,15,,87837,5,,,0,15,,87830,5,,,0,55,,87802,5,,,0,15,,87803,5,,,0,15,,87805,5,,,0,15,,87782,5,,,0,55,,87784,5,,,0,15,,87831,5,,,0,15,,87804,5,,,0,15,,87783,5,,,0,55,,87806,5,,,0,15,,87829,5,,,0,15,,87800,5,,,0,15,,87798,5,,,0,55,,87838,5,,,0,17,,87826,5,,,0,20,,87799,5,,,0,61,,87824,5,,,0,20,,87825,5,,,0,20,,87823,5,,,0,60,,87827,5,,,0,20,,87828,5,,,0,20,,87841,5,,,0,60,,87840,5,,,0,23,,87839,5,,,0,31,,87842,5,,,0,71,,87843,5,,,0,72,,87844,5,,,0,30,,87845,5,,,0,70,,87846,5,,,0,30,,87847,5,,,0,72,,87848,5,,,0,30,,87849,5,,,0
1501,'5460',643,,87867,5,,,0,68,,87854,5,,,0,20,,87868,5,,,0,16,,87855,5,,,0,55,,87909,5,,,0,15,,87869,5,,,0,15,,87856,5,,,0,15,,87908,5,,,0,53,,87870,5,,,0,15,,87857,5,,,0,15,,87871,5,,,0,15,,87851,5,,,0,55,,87865,5,,,0,14,,87850,5,,,0,15,,87874,5,,,0,16,,87861,5,,,0,55,,87875,5,,,0,15,,87853,5,,,0,14,,87863,5,,,0,15,,87852,5,,,0,15,,87862,5,,,0,55,,87876,5,,,0,15,,87858,5,,,0,15,,87877,5,,,0,15,,87859,5,,,0,55,,87866,5,,,0,15,,87864,5,,,0,15,,87860,5,,,0,15,,87878,5,,,0,55,,87880,5,,,0,15,,87879,5,,,0,15,,87881,5,,,0,15,,87873,5,,,0,55,,87883,5,,,0,16,,87872,5,,,0,15,,87884,5,,,0,55,,87890,5,,,0,15,,87889,5,,,0,15,,87885,5,,,0,15,,87882,5,,,0,55,,87887,5,,,0,16,,87886,5,,,0,15,,87888,5,,,0,15,,87904,5,,,0,55,,87901,5,,,0,15,,87898,5,,,0,15,,87902,5,,,0,15,,87891,5,,,0,58,,87903,5,,,0,20,,87892,5,,,0,19,,87893,5,,,0,59,,87895,5,,,0,20,,87897,5,,,0,20,,87896,5,,,0,60,,87894,5,,,0,26,,87900,5,,,0,30,,87899,5,,,0,71,,87905,5,,,0,71,,87906,5,,,0,31,,87907,5,,,0
1501,'5461',643,,87927,5,,,0,68,,87914,5,,,0,20,,87928,5,,,0,16,,87915,5,,,0,55,,87969,5,,,0,15,,87929,5,,,0,15,,87916,5,,,0,15,,87968,5,,,0,53,,87930,5,,,0,15,,87917,5,,,0,15,,87931,5,,,0,15,,87911,5,,,0,55,,87925,5,,,0,14,,87910,5,,,0,15,,87934,5,,,0,16,,87921,5,,,0,55,,87935,5,,,0,15,,87913,5,,,0,14,,87923,5,,,0,15,,87912,5,,,0,15,,87922,5,,,0,55,,87936,5,,,0,15,,87918,5,,,0,15,,87937,5,,,0,15,,87919,5,,,0,55,,87926,5,,,0,15,,87924,5,,,0,15,,87920,5,,,0,15,,87938,5,,,0,55,,87940,5,,,0,15,,87939,5,,,0,15,,87941,5,,,0,15,,87933,5,,,0,55,,87943,5,,,0,16,,87932,5,,,0,15,,87944,5,,,0,55,,87950,5,,,0,15,,87949,5,,,0,15,,87945,5,,,0,15,,87942,5,,,0,55,,87947,5,,,0,16,,87946,5,,,0,15,,87948,5,,,0,15,,87964,5,,,0,55,,87961,5,,,0,15,,87958,5,,,0,15,,87962,5,,,0,15,,87951,5,,,0,58,,87963,5,,,0,20,,87952,5,,,0,19,,87953,5,,,0,59,,87955,5,,,0,20,,87957,5,,,0,20,,87956,5,,,0,60,,87954,5,,,0,26,,87960,5,,,0,30,,87959,5,,,0,71,,87965,5,,,0,71,,87966,5,,,0,31,,87967,5,,,0
1501,'5462',643,,87987,5,,,0,68,,87974,5,,,0,20,,87988,5,,,0,16,,87975,5,,,0,55,,88029,5,,,0,15,,87989,5,,,0,15,,87976,5,,,0,15,,88028,5,,,0,53,,87990,5,,,0,15,,87977,5,,,0,15,,87991,5,,,0,15,,87971,5,,,0,55,,87985,5,,,0,14,,87970,5,,,0,15,,87994,5,,,0,16,,87981,5,,,0,55,,87995,5,,,0,15,,87973,5,,,0,14,,87983,5,,,0,15,,87972,5,,,0,15,,87982,5,,,0,55,,87996,5,,,0,15,,87978,5,,,0,15,,87997,5,,,0,15,,87979,5,,,0,55,,87986,5,,,0,15,,87984,5,,,0,15,,87980,5,,,0,15,,87998,5,,,0,55,,88000,5,,,0,15,,87999,5,,,0,15,,88001,5,,,0,15,,87993,5,,,0,55,,88003,5,,,0,16,,87992,5,,,0,15,,88004,5,,,0,55,,88010,5,,,0,15,,88009,5,,,0,15,,88005,5,,,0,15,,88002,5,,,0,55,,88007,5,,,0,16,,88006,5,,,0,15,,88008,5,,,0,15,,88024,5,,,0,55,,88021,5,,,0,15,,88018,5,,,0,15,,88022,5,,,0,15,,88011,5,,,0,58,,88023,5,,,0,20,,88012,5,,,0,19,,88013,5,,,0,59,,88015,5,,,0,20,,88017,5,,,0,20,,88016,5,,,0,60,,88014,5,,,0,26,,88020,5,,,0,30,,88019,5,,,0,71,,88025,5,,,0,71,,88026,5,,,0,31,,88027,5,,,0
1501,'5463',643,,88047,5,,,0,68,,88034,5,,,0,20,,88048,5,,,0,16,,88035,5,,,0,55,,88089,5,,,0,15,,88049,5,,,0,15,,88036,5,,,0,15,,88088,5,,,0,53,,88050,5,,,0,15,,88037,5,,,0,15,,88051,5,,,0,15,,88031,5,,,0,55,,88045,5,,,0,14,,88030,5,,,0,15,,88054,5,,,0,16,,88041,5,,,0,55,,88055,5,,,0,15,,88033,5,,,0,14,,88043,5,,,0,15,,88032,5,,,0,15,,88042,5,,,0,55,,88056,5,,,0,15,,88038,5,,,0,15,,88057,5,,,0,15,,88039,5,,,0,55,,88046,5,,,0,15,,88044,5,,,0,15,,88040,5,,,0,15,,88058,5,,,0,55,,88060,5,,,0,15,,88059,5,,,0,15,,88061,5,,,0,15,,88053,5,,,0,55,,88063,5,,,0,16,,88052,5,,,0,15,,88064,5,,,0,55,,88070,5,,,0,15,,88069,5,,,0,15,,88065,5,,,0,15,,88062,5,,,0,55,,88067,5,,,0,16,,88066,5,,,0,15,,88068,5,,,0,15,,88084,5,,,0,55,,88081,5,,,0,15,,88078,5,,,0,15,,88082,5,,,0,15,,88071,5,,,0,58,,88083,5,,,0,20,,88072,5,,,0,19,,88073,5,,,0,59,,88075,5,,,0,20,,88077,5,,,0,20,,88076,5,,,0,60,,88074,5,,,0,26,,88080,5,,,0,30,,88079,5,,,0,71,,88085,5,,,0,71,,88086,5,,,0,31,,88087,5,,,0
14000700,'5456',2148,,98428,11,0,5,0,70,,98424,11,0,5,0,32,,98429,11,0,5,0,69,,98425,11,0,5,0,31,,98427,11,0,5,0,70,,98426,11,0,5,0
14000700,'5458',2148,,98434,11,0,5,0,70,,98430,11,0,5,0,32,,98435,11,0,5,0,69,,98431,11,0,5,0,31,,98433,11,0,5,0,70,,98432,11,0,5,0
14000700,'5459',2147,,98436,11,0,5,0,74,,98437,11,0,5,0,30,,98438,11,0,5,0,69,,98439,11,0,5,0,30,,98440,11,0,5,0,72,,98441,11,0,5,0
14000700,'5460',2050,,98442,11,0,5,0,71,,98443,11,0,5,0,30,,98444,11,0,5,0,100,,98445,11,0,5,0,99,,98446,11,0,5,0
14000700,'5461',2050,,98447,11,0,5,0,71,,98448,11,0,5,0,30,,98449,11,0,5,0,100,,98450,11,0,5,0,99,,98451,11,0,5,0
14000700,'5462',2050,,98452,11,0,5,0,71,,98453,11,0,5,0,30,,98454,11,0,5,0,100,,98455,11,0,5,0,99,,98456,11,0,5,0
14000700,'5463',2050,,98457,11,0,5,0,71,,98458,11,0,5,0,30,,98459,11,0,5,0,100,,98460,11,0,5,0,99,,98461,11,0,5,0
