1001,'5456',619,,85373,20,0,46 37,0,82,,85378,20,0,46 37,0,36,,85374,20,0,46 37,0,76,,85375,20,0,46 37,0,44,,85376,20,0,46 37,0,80,,85377,20,0,46 37,0,95,,85381,20,0,46 37,0,115,,85379,20,0,46 37,0,90,,85382,20,0,46 37,0,75,,85380,20,0,46 37,0,46,,85385,20,0,46 37,0,81,,85383,20,0,46 37,0,94,,85386,20,0,46 37,0,81,,85384,20,0,46 37,0,88,,85387,20,0,46 37,0,42,,85388,20,0,46 37,0,61,,85392,20,0,46 37,0,31,,85389,20,0,46 37,0,96,,85391,20,0,46 37,0,101,,85390,20,0,46 37,0
1001,'5458',619,,85393,20,0,46 37,0,82,,85398,20,0,46 37,0,36,,85394,20,0,46 37,0,76,,85395,20,0,46 37,0,44,,85396,20,0,46 37,0,80,,85397,20,0,46 37,0,95,,85401,20,0,46 37,0,115,,85399,20,0,46 37,0,90,,85402,20,0,46 37,0,75,,85400,20,0,46 37,0,46,,85405,20,0,46 37,0,81,,85403,20,0,46 37,0,94,,85406,20,0,46 37,0,81,,85404,20,0,46 37,0,88,,85407,20,0,46 37,0,42,,85408,20,0,46 37,0,61,,85412,20,0,46 37,0,31,,85409,20,0,46 37,0,96,,85411,20,0,46 37,0,101,,85410,20,0,46 37,0
1001,'5459',716,,85422,20,0,46 37,0,101,,85425,20,0,46 37,0,101,,85413,20,0,46 37,0,96,,85417,20,0,46 37,0,108,,85419,20,0,46 37,0,110,,85418,20,0,46 37,0,96,,85415,20,0,46 37,0,100,,85414,20,0,46 37,0,100,,85416,20,0,46 37,0,103,,85420,20,0,46 37,0,103,,85421,20,0,46 37,0,100,,85423,20,0,46 37,0,99,,85424,20,0,46 37,0,99,,85426,20,0,46 37,0
1001,'5460',717,,85432,20,0,46 37,0,100,,85431,20,0,46 37,0,99,,85428,20,0,46 37,0,104,,85429,20,0,46 37,0,100,,85435,20,0,46 37,0,110,,85434,20,0,46 37,0,90,,85427,20,0,46 37,0,107,,85430,20,0,46 37,0,100,,85433,20,0,46 37,0,99,,85437,20,0,46 37,0,103,,85436,20,0,46 37,0,105,,85438,20,0,46 37,0,99,,85439,20,0,46 37,0
1001,'5461',717,,85446,20,0,46 37,0,100,,85445,20,0,46 37,0,99,,85442,20,0,46 37,0,104,,85443,20,0,46 37,0,100,,85449,20,0,46 37,0,110,,85448,20,0,46 37,0,90,,85441,20,0,46 37,0,107,,85444,20,0,46 37,0,100,,85447,20,0,46 37,0,99,,85451,20,0,46 37,0,103,,85450,20,0,46 37,0,105,,85452,20,0,46 37,0,99,,85453,20,0,46 37,0
1001,'5462',717,,85460,20,0,46 37,0,100,,85459,20,0,46 37,0,99,,85456,20,0,46 37,0,104,,85457,20,0,46 37,0,100,,85463,20,0,46 37,0,110,,85462,20,0,46 37,0,90,,85455,20,0,46 37,0,107,,85458,20,0,46 37,0,100,,85461,20,0,46 37,0,99,,85465,20,0,46 37,0,103,,85464,20,0,46 37,0,105,,85466,20,0,46 37,0,99,,85467,20,0,46 37,0
1001,'5463',717,,85474,20,0,46 37,0,100,,85473,20,0,46 37,0,99,,85470,20,0,46 37,0,104,,85471,20,0,46 37,0,100,,85477,20,0,46 37,0,110,,85476,20,0,46 37,0,90,,85469,20,0,46 37,0,107,,85472,20,0,46 37,0,100,,85475,20,0,46 37,0,99,,85479,20,0,46 37,0,103,,85478,20,0,46 37,0,105,,85480,20,0,46 37,0,99,,85481,20,0,46 37,0
2400,'5456',636,,88926,35,,,0,75,,100637,35,,,0,39,,100638,35,,,0,102,,88929,35,,,0,149,,100640,35,,,0,100,,100639,35,,,0,101,,100641,35,,,0,100,,100642,35,,,0,100,,100643,35,,,0,100,,100644,35,,,0,49,,100645,35,,,0,80,,100646,35,,,0,92,,100647,35,,,0,97,,100648,35,,,0,100,,100649,35,,,0,110,,100650,35,,,0,122,,100651,35,,,0,170,,100652,35,,,0,130,,100653,35,,,0
2400,'5458',636,,88945,35,,,0,75,,100654,35,,,0,39,,100655,35,,,0,102,,88948,35,,,0,149,,100657,35,,,0,100,,100656,35,,,0,101,,100658,35,,,0,100,,100659,35,,,0,100,,100660,35,,,0,100,,100661,35,,,0,49,,100662,35,,,0,80,,100663,35,,,0,92,,100664,35,,,0,97,,100665,35,,,0,100,,100666,35,,,0,110,,100667,35,,,0,122,,100668,35,,,0,170,,100669,35,,,0,130,,100670,35,,,0
2400,'5459',717,,100673,35,,,0,123,,100672,35,,,0,105,,100671,35,,,0,112,,88965,35,,,0,100,,88967,35,,,0,100,,100674,35,,,0,98,,88970,35,,,0,100,,88969,35,,,0,100,,88972,35,,,0,97,,88971,35,,,0,103,,88974,35,,,0,152,,88975,35,,,0,123,,100675,35,,,0,125,,100676,35,,,0,167,,100677,35,,,0
2400,'5460',729,,88980,1,,,0,107,,88979,35,,,0,170,,100679,35,,,0,130,,100678,35,,,0,173,,100680,35,,,0,130,,100681,35,,,0,170,,100682,35,,,0,130,,100683,35,,,0,167,,100684,35,,,0,125,,100685,35,,,0,124,,100686,35,,,0,167,,100687,35,,,0
2400,'5461',729,,100689,1,,,0,107,,100688,35,,,0,170,,100691,35,,,0,130,,100690,35,,,0,173,,100692,35,,,0,130,,100693,35,,,0,170,,100694,35,,,0,130,,100695,35,,,0,167,,100696,35,,,0,125,,100697,35,,,0,124,,100698,35,,,0,167,,100699,35,,,0
2400,'5462',729,,100701,1,,,0,107,,100700,35,,,0,170,,100703,35,,,0,130,,100702,35,,,0,173,,100704,35,,,0,130,,100705,35,,,0,170,,100706,35,,,0,130,,100707,35,,,0,167,,100708,35,,,0,125,,100709,35,,,0,124,,100710,35,,,0,167,,100711,35,,,0
2400,'5463',729,,100713,1,,,0,107,,100712,35,,,0,170,,100715,35,,,0,130,,100714,35,,,0,173,,100716,35,,,0,130,,100717,35,,,0,170,,100718,35,,,0,130,,100719,35,,,0,167,,100720,35,,,0,125,,100721,35,,,0,124,,100722,35,,,0,167,,100723,35,,,0
2500,'5456',616,,100808,42,,,0,37,,89131,42,,,0,73,,89135,42,,,0,79,,100809,42,,,0,28,,100810,42,,,0,94,,100811,42,,,0,104,,100812,42,,,0,100,,100813,42,,,0,101,,100814,42,,,0,100,,100815,42,,,0,100,,100816,42,,,0,99,,89140,34,,,0,80,,89141,42,,,0,47,,100817,42,,,0,92,,100818,42,,,0,100,,100819,42,,,0,100,,100820,42,,,0,160,,100821,42,,,0,127,,100822,42,,,0,170,,100823,42,4,,0
2500,'5458',616,,100824,42,,,0,37,,89151,42,,,0,73,,89155,42,,,0,79,,100825,42,,,0,28,,100826,42,,,0,94,,100827,42,,,0,104,,100828,42,,,0,100,,100829,42,,,0,101,,100830,42,,,0,100,,100831,42,,,0,100,,100832,42,,,0,99,,89160,34,,,0,80,,89161,42,,,0,47,,100833,42,,,0,92,,100834,42,,,0,100,,100835,42,,,0,100,,100836,42,,,0,160,,100837,42,,,0,127,,100838,42,,,0,170,,100839,42,4,,0
2500,'5459',800,,100841,42,,,0,110,,100840,42,,,0,115,,100842,42,,,0,102,,89171,42,,,0,100,,89169,42,,,0,98,,89170,42,,,0,100,,89172,42,,,0,100,,89176,42,,,0,100,,89174,42,,,0,100,,100843,42,,,0,102,,100844,42,,,0,123,,100845,42,,,0,161,,89181,42,,,0,127,,100846,42,,,0,169,,89183,42,4,,0
2500,'5460',751,,100847,42,,,0,170,,89184,42,,,0,130,,89185,42,,,0,170,,100848,42,,,0,133,,100849,42,,,0,170,,100850,42,,,0,130,,100851,42,,,0,167,,100852,42,,,0,130,,100853,42,,,0,160,,100854,42,,,0,127,,100855,42,,,0
2500,'5461',751,,89197,42,,,0,170,,100856,42,,,0,130,,100857,42,,,0,170,,100858,42,,,0,133,,100859,42,,,0,170,,100860,42,,,0,130,,100861,42,,,0,167,,100862,42,,,0,130,,100863,42,,,0,160,,89204,42,,,0,127,,89205,42,,,0
2500,'5462',751,,89208,42,,,0,170,,100864,42,,,0,130,,100865,42,,,0,170,,100866,42,,,0,133,,100867,42,,,0,170,,100868,42,,,0,130,,100869,42,,,0,167,,100870,42,,,0,130,,100871,42,,,0,160,,89215,42,,,0,127,,89216,42,,,0
2500,'5463',751,,89219,42,,,0,170,,100872,42,,,0,130,,100873,42,,,0,170,,100874,42,,,0,133,,100875,42,,,0,170,,100876,42,,,0,130,,100877,42,,,0,167,,100878,42,,,0,130,,100879,42,,,0,160,,89226,42,,,0,127,,89227,42,,,0
