301,'5456',608,,82558,10,,,0,37,,82556,20,,,0,76,,82557,20,,,0,38,,82559,20,,,0,82,,82566,20,,,0,75,,82560,20,,,0,36,,82561,20,,,0,71,,82565,20,,,0,30,,82562,20,,,0,70,,82563,20,,,0,31,,82564,20,,,0,71,,82567,20,,,0,75,,82568,20,,,0,30,,82569,20,,,0,70,,82571,20,,,0,32,,82570,20,,,0,73,,82582,20,,,0,35,,82572,20,,,0,74,,82573,20,,,0,35,,82581,20,,,0,73,,82574,20,,,0,31,,82575,20,,,0,74,,82580,20,,,0,24,,82576,20,,,0,69,,82577,20,,,0,30,,82584,20,,,0,65,,82578,20,,,0,24,,82579,20,,,0,70,,82583,20,,,0
301,'5458',608,,82587,10,,,0,37,,82585,20,,,0,76,,82586,20,,,0,38,,82588,20,,,0,82,,82595,20,,,0,75,,82589,20,,,0,36,,82590,20,,,0,71,,82594,20,,,0,30,,82591,20,,,0,70,,82592,20,,,0,31,,82593,20,,,0,71,,82596,20,,,0,75,,82597,20,,,0,30,,82598,20,,,0,70,,82600,20,,,0,32,,82599,20,,,0,73,,82611,20,,,0,35,,82601,20,,,0,74,,82602,20,,,0,35,,82610,20,,,0,73,,82603,20,,,0,31,,82604,20,,,0,74,,82609,20,,,0,24,,82605,20,,,0,69,,82606,20,,,0,30,,82613,20,,,0,65,,82607,20,,,0,24,,82608,20,,,0,70,,82612,20,,,0
301,'5459',724,,82635,20,,,0,30,,82621,20,,,0,70,,82614,20,,,0,30,,82627,20,,,0,71,,82622,20,,,0,31,,82638,20,,,0,71,,82626,20,,,0,31,,82615,20,,,0,69,,82637,20,,,0,30,,82629,20,,,0,72,,82617,20,,,0,30,,82639,20,,,0,70,,82628,20,,,0,71,,82616,20,,,0,30,,82623,20,,,0,74,,82620,20,,,0,33,,82618,20,,,0,78,,82619,20,,,0,28,,82624,20,,,0,76,,82630,20,,,0,24,,82625,20,,,0,74,,82632,20,,,0,28,,82631,20,,,0,71,,82633,20,,,0,24,,82634,20,,,0,70,,82640,20,,,0,30,,82636,20,,,0,70,,82641,20,,,0
301,'5460',739,,82655,20,,,0,86,,82643,20,,,0,80,,82656,20,,,0,45,,82649,20,,,0,76,,82654,20,,,0,80,,82642,20,,,0,20,,82650,20,,,0,31,,82645,20,,,0,69,,82644,20,,,0,30,,82651,20,,,0,72,,82648,20,,,0,30,,82647,20,,,0,70,,82646,20,,,0,77,,82652,20,,,0,28,,82653,20,,,0,81,,82659,20,,,0,23,,82657,20,,,0,73,,82658,20,,,0,26,,82663,20,,,0,70,,82661,20,,,0,29,,82660,20,,,0,70,,82662,20,,,0,30,,82664,20,,,0,75,,82665,20,,,0
301,'5461',739,,82679,20,,,0,86,,82667,20,,,0,80,,82680,20,,,0,45,,82673,20,,,0,76,,82678,20,,,0,80,,82666,20,,,0,20,,82674,20,,,0,31,,82669,20,,,0,69,,82668,20,,,0,30,,82675,20,,,0,72,,82672,20,,,0,30,,82671,20,,,0,70,,82670,20,,,0,77,,82676,20,,,0,28,,82677,20,,,0,81,,82683,20,,,0,23,,82681,20,,,0,73,,82682,20,,,0,26,,82687,20,,,0,70,,82685,20,,,0,29,,82684,20,,,0,70,,82686,20,,,0,30,,82688,20,,,0,75,,82689,20,,,0
301,'5462',739,,82703,20,,,0,86,,82691,20,,,0,80,,82704,20,,,0,45,,82697,20,,,0,76,,82702,20,,,0,80,,82690,20,,,0,20,,82698,20,,,0,31,,82693,20,,,0,69,,82692,20,,,0,30,,82699,20,,,0,72,,82696,20,,,0,30,,82695,20,,,0,70,,82694,20,,,0,77,,82700,20,,,0,28,,82701,20,,,0,81,,82707,20,,,0,23,,82705,20,,,0,73,,82706,20,,,0,26,,82711,20,,,0,70,,82709,20,,,0,29,,82708,20,,,0,70,,82710,20,,,0,30,,82712,20,,,0,75,,82713,20,,,0
301,'5463',739,,82727,20,,,0,86,,82715,20,,,0,80,,82728,20,,,0,45,,82721,20,,,0,76,,82726,20,,,0,80,,82714,20,,,0,20,,82722,20,,,0,31,,82717,20,,,0,69,,82716,20,,,0,30,,82723,20,,,0,72,,82720,20,,,0,30,,82719,20,,,0,70,,82718,20,,,0,77,,82724,20,,,0,28,,82725,20,,,0,81,,82731,20,,,0,23,,82729,20,,,0,73,,82730,20,,,0,26,,82735,20,,,0,70,,82733,20,,,0,29,,82732,20,,,0,70,,82734,20,,,0,30,,82736,20,,,0,75,,82737,20,,,0
14000701,'5456',2140,,98463,8,,,0,72,,98467,8,,,0,29,,98462,8,,,0,70,,98465,8,,,0,36,,98464,8,,,0,68,,98466,8,,,0
14000701,'5458',2140,,98469,8,,,0,72,,98473,8,,,0,29,,98468,8,,,0,70,,98471,8,,,0,36,,98470,8,,,0,68,,98472,8,,,0
14000701,'5459',2141,,98474,8,,,0,72,,98475,8,,,0,30,,98477,8,,,0,69,,98476,8,,,0,36,,98478,8,,,0,67,,98479,8,,,0
14000701,'5460',2040,,98480,8,,,0,70,,98482,8,,,0,40,,98481,8,,,0,62,,98483,8,,,0,100,,98484,8,,,0,103,,98485,8,,,0
14000701,'5461',2040,,98486,8,,,0,70,,98488,8,,,0,40,,98487,8,,,0,62,,98489,8,,,0,100,,98490,8,,,0,103,,98491,8,,,0
14000701,'5462',2040,,98492,8,,,0,70,,98494,8,,,0,40,,98493,8,,,0,62,,98495,8,,,0,100,,98496,8,,,0,103,,98497,8,,,0
14000701,'5463',2040,,98498,8,,,0,70,,98500,8,,,0,40,,98499,8,,,0,62,,98501,8,,,0,100,,98502,8,,,0,103,,98503,8,,,0
