4801,'5456',1725,,93107,59,,,0,28,,93106,59,,,0,66,,93105,59,,,0
4801,'5458',1725,,93110,59,,,0,28,,93109,59,,,0,66,,93108,59,,,0
5301,'5456',818,,93725,41,,,0,115,,93722,41,,,0,199,,93721,41,,,0,122,,93726,32,,,0,173,,93727,32,,,0,193,,93728,32,,,0,101,,93723,51,,,0,129,,93724,32,,,0,167,,93729,32,,,0,130,,93730,32,,,0
5301,'5458',818,,93735,41,,,0,115,,93732,41,,,0,199,,93731,41,,,0,122,,93736,32,,,0,173,,93737,32,,,0,193,,93738,32,,,0,101,,93733,51,,,0,129,,93734,32,,,0,167,,93739,32,,,0,130,,93740,32,,,0
5301,'5459',805,,93746,41,,,0,202,,93747,41,,,0,214,,93745,41,,,0,209,,93742,32,,,0,211,,93743,32,,,0,209,,93744,32,,,0,200,,93741,32,,,0
5301,'5460',805,,93751,41,,,0,201,,93748,41,,,0,213,,93749,41,,,0,211,,93752,32,,,0,209,,93750,32,,,0,210,,93753,32,,,0,202,,93754,32,,,0
5301,'5461',805,,93758,41,,,0,201,,93755,41,,,0,213,,93756,41,,,0,211,,93759,32,,,0,209,,93757,32,,,0,210,,93760,32,,,0,202,,93761,32,,,0
5301,'5462',805,,93765,41,,,0,201,,93762,41,,,0,213,,93763,41,,,0,211,,93766,32,,,0,209,,93764,32,,,0,210,,93767,32,,,0,202,,93768,32,,,0
5301,'5463',805,,93772,41,,,0,201,,93769,41,,,0,213,,93770,41,,,0,211,,93773,32,,,0,209,,93771,32,,,0,210,,93774,32,,,0,202,,93775,32,,,0
5401,'5456',531,,93831,3,,,0,127,,93835,3,,,0,171,,93834,3,,,0,218,,93833,3,,,0,198,,93832,3,,,0,170,,93836,3,,,0,102,,93840,3,,,0,187,,93838,3,,,0,153,,93837,3,,,0,199,,93839,3,,,0
5401,'5458',531,,93841,3,,,0,127,,93845,3,,,0,171,,93844,3,,,0,218,,93843,3,,,0,198,,93842,3,,,0,170,,93846,3,,,0,102,,93850,3,,,0,187,,93848,3,,,0,153,,93847,3,,,0,199,,93849,3,,,0
5401,'5459',726,,93857,3,,,0,200,,93854,3,,,0,211,,93855,3,,,0,205,,93856,3,,,0,210,,93853,3,,,0,250,,93852,3,,,0,224,,93851,3,,,0
5401,'5460',726,,93860,3,,,0,200,,93861,3,,,0,211,,93858,3,,,0,205,,93859,3,,,0,210,,93862,3,,,0,250,,93864,3,,,0,224,,93863,3,,,0
5401,'5461',726,,93867,3,,,0,200,,93868,3,,,0,211,,93865,3,,,0,205,,93866,3,,,0,210,,93869,3,,,0,250,,93871,3,,,0,224,,93870,3,,,0
5401,'5462',726,,93874,3,,,0,200,,93875,3,,,0,211,,93872,3,,,0,205,,93873,3,,,0,210,,93876,3,,,0,250,,93878,3,,,0,224,,93877,3,,,0
5401,'5463',726,,93881,3,,,0,200,,93882,3,,,0,211,,93879,3,,,0,205,,93880,3,,,0,210,,93883,3,,,0,250,,93885,3,,,0,224,,93884,3,,,0
5501,'5456',629,,93943,3,,,0,128,,93942,3,,,0,245,,93941,3,,,0,135,,93944,3,,,0,200,,93947,3,,,0,105,,93946,3,,,0,195,,93948,3,,,0,195,,93949,3,,,0,195,,93945,3,,,0
5501,'5458',629,,93952,3,,,0,128,,93951,3,,,0,245,,93950,3,,,0,135,,93953,3,,,0,200,,93956,3,,,0,105,,93955,3,,,0,195,,93957,3,,,0,195,,93958,3,,,0,195,,93954,3,,,0
5501,'5459',832,,93964,3,,,0,210,,93961,3,,,0,205,,93962,3,,,0,205,,93963,3,,,0,250,,93959,3,,,0,205,,93960,3,,,0
5501,'5460',832,,93965,3,,,0,210,,93967,3,,,0,205,,93968,3,,,0,205,,93966,3,,,0,250,,93970,3,,,0,205,,93969,3,,,0
5501,'5461',832,,93971,3,,,0,210,,93973,3,,,0,205,,93974,3,,,0,205,,93972,3,,,0,250,,93976,3,,,0,205,,93975,3,,,0
5501,'5462',832,,93977,3,,,0,210,,93979,3,,,0,205,,93980,3,,,0,205,,93978,3,,,0,250,,93982,3,,,0,205,,93981,3,,,0
5501,'5463',832,,93983,3,,,0,210,,93985,3,,,0,205,,93986,3,,,0,205,,93984,3,,,0,250,,93988,3,,,0,205,,93987,3,,,0
5701,'5456',615,,94106,27,,,0,90,,94109,27,,,0,45,,94119,27,,,0,81,,94125,27,,,0,10,,94111,27,,,0,81,,94108,27,,,0,87,,94107,27,,,0,45,,94110,27,,,0,85,,94112,27,,,0,85,,94113,27,,,0,86,,94114,27,,,0,45,,94115,27,,,0,90,,94116,27,,,0,101,,94126,27,,,0,73,,94127,27,,,0,82,,94117,27,,,0,44,,94118,27,,,0,86,,94120,27,,,0,88,,94121,27,,,0,99,,94122,27,,,0,114,,94123,27,,,0,109,,94124,27,,,0
5701,'5458',615,,94128,27,,,0,90,,94131,27,,,0,45,,94141,27,,,0,81,,94147,27,,,0,10,,94133,27,,,0,81,,94130,27,,,0,87,,94129,27,,,0,45,,94132,27,,,0,85,,94134,27,,,0,85,,94135,27,,,0,86,,94136,27,,,0,45,,94137,27,,,0,90,,94138,27,,,0,101,,94148,27,,,0,73,,94149,27,,,0,82,,94139,27,,,0,44,,94140,27,,,0,86,,94142,27,,,0,88,,94143,27,,,0,99,,94144,27,,,0,114,,94145,27,,,0,109,,94146,27,,,0
5701,'5459',640,,94161,27,,,0,108,,94151,27,,,0,98,,94162,27,,,0,105,,94165,27,,,0,103,,94163,27,,,0,147,,94164,27,,,0,111,,94150,27,,,0,99,,94156,27,,,0,110,,94160,27,,,0,101,,94157,27,,,0,108,,94152,27,,,0,90,,94154,27,,,0,112,,94158,27,,,0,99,,94159,27,,,0,99,,94155,27,,,0,113,,94153,27,,,0
5701,'5460',748,,94169,27,,,0,100,,94166,27,,,0,105,,94168,27,,,0,100,,94167,27,,,0,147,,94170,27,,,0,110,,94173,27,,,0,100,,94171,27,,,0,110,,94174,27,,,0,100,,94172,27,,,0,109,,94178,27,,,0,90,,94180,27,,,0,112,,94179,27,,,0,100,,94177,27,,,0,99,,94176,27,,,0,85,,94175,27,,,0
5701,'5461',748,,94184,27,,,0,100,,94181,27,,,0,105,,94183,27,,,0,100,,94182,27,,,0,147,,94185,27,,,0,110,,94188,27,,,0,100,,94186,27,,,0,110,,94189,27,,,0,100,,94187,27,,,0,109,,94193,27,,,0,90,,94195,27,,,0,112,,94194,27,,,0,100,,94192,27,,,0,99,,94191,27,,,0,85,,94190,27,,,0
5701,'5462',748,,94199,27,,,0,100,,94196,27,,,0,105,,94198,27,,,0,100,,94197,27,,,0,147,,94200,27,,,0,110,,94203,27,,,0,100,,94201,27,,,0,110,,94204,27,,,0,100,,94202,27,,,0,109,,94208,27,,,0,90,,94210,27,,,0,112,,94209,27,,,0,100,,94207,27,,,0,99,,94206,27,,,0,85,,94205,27,,,0
5701,'5463',748,,94214,27,,,0,100,,94211,27,,,0,105,,94213,27,,,0,100,,94212,27,,,0,147,,94215,27,,,0,110,,94218,27,,,0,100,,94216,27,,,0,110,,94219,27,,,0,100,,94217,27,,,0,109,,94223,27,,,0,90,,94225,27,,,0,112,,94224,27,,,0,100,,94222,27,,,0,99,,94221,27,,,0,85,,94220,27,,,0
5800,'5456',632,,94235,14,,,0,71,,94234,14,,,0,41,,94229,14,,,0,80,,94228,14,,,0,26,,94236,14,,,0,69,,94226,14,,,0,83,,94227,14,,,0,46,,94230,14,,,0,85,,94231,14,,,0,85,,94232,14,,,0,85,,94233,14,,,0,47,,94237,14,,,0,89,,94238,14,,,0,64,,94247,15,,,0,18,,94239,14,,,0,19,,94248,14,,,0,64,,94240,14,,,0,50,,94241,14,,,0,88,,94242,14,,,0,85,,94243,14,,,0,85,,94249,14,,,0,144,,94244,14,,,0,150,,94245,14,,,0,108,,94246,14,,,0
5800,'5458',632,,94259,14,,,0,71,,94258,14,,,0,41,,94253,14,,,0,80,,94252,14,,,0,26,,94260,14,,,0,69,,94250,14,,,0,83,,94251,14,,,0,46,,94254,14,,,0,85,,94255,14,,,0,85,,94256,14,,,0,85,,94257,14,,,0,47,,94261,14,,,0,89,,94262,14,,,0,64,,94271,15,,,0,18,,94263,14,,,0,19,,94272,14,,,0,64,,94264,14,,,0,50,,94265,14,,,0,88,,94266,14,,,0,85,,94267,14,,,0,85,,94273,14,,,0,144,,94268,14,,,0,150,,94269,14,,,0,108,,94270,14,,,0
5800,'5459',705,,94286,14,,,0,100,,94287,14,,,0,101,,94288,14,,,0,106,,94289,14,,,0,106,,94284,14,,,0,105,,94285,14,,,0,100,,94283,14,,,0,112,,94281,14,,,0,100,,94282,14,,,0,109,,94280,14,,,0,99,,94275,14,,,0,104,,94276,14,,,0,99,,94277,14,,,0,105,,94278,14,,,0,154,,94279,14,,,0,110,,94274,14,,,0
5800,'5460',804,,94290,14,,,0,102,,94294,14,,,0,105,,94291,14,,,0,107,,94295,14,,,0,105,,94293,14,,,0,100,,94296,14,,,0,111,,94292,14,,,0,100,,94297,14,,,0,109,,94298,14,,,0,99,,94300,14,,,0,103,,94299,14,,,0,100,,94301,14,,,0,105,,94302,14,,,0,199,,94303,14,,,0
5800,'5461',804,,94304,14,,,0,102,,94308,14,,,0,105,,94305,14,,,0,107,,94309,14,,,0,105,,94307,14,,,0,100,,94310,14,,,0,111,,94306,14,,,0,100,,94311,14,,,0,109,,94312,14,,,0,99,,94314,14,,,0,103,,94313,14,,,0,100,,94315,14,,,0,105,,94316,14,,,0,199,,94317,14,,,0
5800,'5462',804,,94318,14,,,0,102,,94322,14,,,0,105,,94319,14,,,0,107,,94323,14,,,0,105,,94321,14,,,0,100,,94324,14,,,0,111,,94320,14,,,0,100,,94325,14,,,0,109,,94326,14,,,0,99,,94328,14,,,0,103,,94327,14,,,0,100,,94329,14,,,0,105,,94330,14,,,0,199,,94331,14,,,0
5800,'5463',804,,94332,14,,,0,102,,94336,14,,,0,105,,94333,14,,,0,107,,94337,14,,,0,105,,94335,14,,,0,100,,94338,14,,,0,111,,94334,14,,,0,100,,94339,14,,,0,109,,94340,14,,,0,99,,94342,14,,,0,103,,94341,14,,,0,100,,94343,14,,,0,105,,94344,14,,,0,199,,94345,14,,,0
5900,'5456',653,,94470,35,,,0,102,,94471,35,,,0,83,,94468,35,,,0,12,,94485,35,,,0,96,,94469,35,,,0,92,,94475,35,,,0,101,,94476,35,,,0,102,,94477,35,,,0,104,,94472,35,,,0,112,,94473,35,,,0,143,,94474,35,,,0,43,,94478,35,,,0,83,,94484,35,,,0,81,,94483,35,,,0,44,,94479,35,,,0,97,,94480,35,,,0,99,,94481,35,,,0,110,,94482,35,,,0
5900,'5458',653,,94488,35,,,0,102,,94489,35,,,0,83,,94486,35,,,0,12,,94503,35,,,0,96,,94487,35,,,0,92,,94493,35,,,0,101,,94494,35,,,0,102,,94495,35,,,0,104,,94490,35,,,0,112,,94491,35,,,0,143,,94492,35,,,0,43,,94496,35,,,0,83,,94502,35,,,0,81,,94501,35,,,0,44,,94497,35,,,0,97,,94498,35,,,0,99,,94499,35,,,0,110,,94500,35,,,0
5900,'5459',800,,94517,35,,,0,102,,94516,35,,,0,103,,94515,35,,,0,101,,94514,35,,,0,105,,94513,35,,,0,106,,94512,35,,,0,106,,94511,35,,,0,105,,94510,35,,,0,104,,94509,35,,,0,105,,94505,35,,,0,104,,94506,35,,,0,104,,94507,35,,,0,102,,94508,35,,,0,107,,94504,35,,,0
5900,'5460',800,,94518,35,,,0,101,,94519,35,,,0,102,,94520,35,,,0,102,,94522,35,,,0,106,,94521,35,,,0,105,,94526,35,,,0,105,,94524,35,,,0,107,,94525,35,,,0,105,,94523,35,,,0,105,,94528,35,,,0,102,,94529,35,,,0,105,,94527,35,,,0,102,,94530,35,,,0
5900,'5461',800,,94531,35,,,0,101,,94532,35,,,0,102,,94533,35,,,0,102,,94535,35,,,0,106,,94534,35,,,0,105,,94539,35,,,0,105,,94537,35,,,0,107,,94538,35,,,0,105,,94536,35,,,0,105,,94541,35,,,0,102,,94542,35,,,0,105,,94540,35,,,0,102,,94543,35,,,0
5900,'5462',800,,94544,35,,,0,101,,94545,35,,,0,102,,94546,35,,,0,102,,94548,35,,,0,106,,94547,35,,,0,105,,94552,35,,,0,105,,94550,35,,,0,107,,94551,35,,,0,105,,94549,35,,,0,105,,94554,35,,,0,102,,94555,35,,,0,105,,94553,35,,,0,102,,94556,35,,,0
5900,'5463',800,,94557,35,,,0,101,,94558,35,,,0,102,,94559,35,,,0,102,,94561,35,,,0,106,,94560,35,,,0,105,,94565,35,,,0,105,,94563,35,,,0,107,,94564,35,,,0,105,,94562,35,,,0,105,,94567,35,,,0,102,,94568,35,,,0,105,,94566,35,,,0,102,,94569,35,,,0
6001,'5456',710,,94779,3,0,28 37 14,0,37,,94776,3,0,28 37 14,0,72,,94778,3,0,28 37 14,0,40,,94777,3,0,28 37 14,0,93,,94783,3,0,28 37 14,0,101,,94784,3,0,28 37 14,0,101,,94785,3,0,28 37 14,0,102,,94786,3,0,28 37 14,0,151,,94782,3,0,28 37 14,0,97,,94780,3,0,28 37 14,0,50,,94781,3,0,28 37 14,0,85,,94793,3,0,28 37 14,0,81,,94792,3,0,28 37 14,0,85,,94787,3,0,28 37 14,0,100,,94788,3,0,28 37 14,0,100,,94789,3,0,28 37 14,0,110,,94790,3,0,28 37 14,0,107,,94791,3,0,28 37 14,0
6001,'5458',710,,94797,3,0,28 37 14,0,37,,94794,3,0,28 37 14,0,72,,94796,3,0,28 37 14,0,40,,94795,3,0,28 37 14,0,93,,94801,3,0,28 37 14,0,101,,94802,3,0,28 37 14,0,101,,94803,3,0,28 37 14,0,102,,94804,3,0,28 37 14,0,151,,94800,3,0,28 37 14,0,97,,94798,3,0,28 37 14,0,50,,94799,3,0,28 37 14,0,85,,94811,3,0,28 37 14,0,81,,94810,3,0,28 37 14,0,85,,94805,3,0,28 37 14,0,100,,94806,3,0,28 37 14,0,100,,94807,3,0,28 37 14,0,110,,94808,3,0,28 37 14,0,107,,94809,3,0,28 37 14,0
6001,'5459',721,,94823,3,0,28 37 14,0,100,,94824,3,0,28 37 14,0,100,,94825,3,0,28 37 14,0,100,,94822,3,0,28 37 14,0,105,,94821,3,0,28 37 14,0,105,,94820,3,0,28 37 14,0,106,,94819,3,0,28 37 14,0,105,,94818,3,0,28 37 14,0,104,,94817,3,0,28 37 14,0,105,,94816,3,0,28 37 14,0,105,,94815,3,0,28 37 14,0,145,,94814,3,0,28 37 14,0,105,,94813,3,0,28 37 14,0,107,,94812,3,0,28 37 14,0
6001,'5460',821,,94827,3,0,28 37 14,0,100,,94828,3,0,28 37 14,0,100,,94829,3,0,28 37 14,0,105,,94826,3,0,28 37 14,0,105,,94832,3,0,28 37 14,0,105,,94833,3,0,28 37 14,0,106,,94831,3,0,28 37 14,0,105,,94830,3,0,28 37 14,0,105,,94835,3,0,28 37 14,0,104,,94836,3,0,28 37 14,0,145,,94834,3,0,28 37 14,0,105,,94838,3,0,28 37 14,0,107,,94837,3,0,28 37 14,0
6001,'5461',821,,94840,3,0,28 37 14,0,100,,94841,3,0,28 37 14,0,100,,94842,3,0,28 37 14,0,105,,94839,3,0,28 37 14,0,105,,94845,3,0,28 37 14,0,105,,94846,3,0,28 37 14,0,106,,94844,3,0,28 37 14,0,105,,94843,3,0,28 37 14,0,105,,94848,3,0,28 37 14,0,104,,94849,3,0,28 37 14,0,145,,94847,3,0,28 37 14,0,105,,94851,3,0,28 37 14,0,107,,94850,3,0,28 37 14,0
6001,'5462',821,,94853,3,0,28 37 14,0,100,,94854,3,0,28 37 14,0,100,,94855,3,0,28 37 14,0,105,,94852,3,0,28 37 14,0,105,,94858,3,0,28 37 14,0,105,,94859,3,0,28 37 14,0,106,,94857,3,0,28 37 14,0,105,,94856,3,0,28 37 14,0,105,,94861,3,0,28 37 14,0,104,,94862,3,0,28 37 14,0,145,,94860,3,0,28 37 14,0,105,,94864,3,0,28 37 14,0,107,,94863,3,0,28 37 14,0
6001,'5463',821,,94866,3,0,28 37 14,0,100,,94867,3,0,28 37 14,0,100,,94868,3,0,28 37 14,0,105,,94865,3,0,28 37 14,0,105,,94871,3,0,28 37 14,0,105,,94872,3,0,28 37 14,0,106,,94870,3,0,28 37 14,0,105,,94869,3,0,28 37 14,0,105,,94874,3,0,28 37 14,0,104,,94875,3,0,28 37 14,0,145,,94873,3,0,28 37 14,0,105,,94877,3,0,28 37 14,0,107,,94876,3,0,28 37 14,0
6100,'5456',842,,94913,36,0,30 14,0,80,,94906,36,0,30 14,0,36,,94902,36,0,30 14,0,64,,94911,36,0,30 14,0,36,,94896,36,0,30 14,0,88,,94903,36,0,30 14,0,76,,94910,36,0,30 14,0,35,,94897,36,0,30 14,0,74,,94904,36,0,30 14,0,80,,94912,36,0,30 14,0,30,,94898,36,0,30 14,0,80,,94905,36,0,30 14,0,33,,94892,36,0,30 14,0,67,,94914,36,0,30 14,0,15,,94891,36,0,30 14,0,65,,94890,36,0,30 14,0,39,,94887,36,0,30 14,0,69,,94899,36,0,30 14,0,25,,94889,36,0,30 14,0,67,,94882,36,0,30 14,0,32,,94881,36,0,30 14,0,70,,94888,36,0,30 14,0,30,,94883,36,0,30 14,0,95,,94878,36,0,30 14,0,81,,94884,36,0,30 14,0,103,,94879,36,0,30 14,0,33,,94885,36,0,30 14,0,100,,94880,36,0,30 14,0,73,,94886,36,0,30 14,0
6100,'5458',842,,94952,36,0,30 14,0,80,,94945,36,0,30 14,0,36,,94941,36,0,30 14,0,64,,94950,36,0,30 14,0,36,,94935,36,0,30 14,0,88,,94942,36,0,30 14,0,76,,94949,36,0,30 14,0,35,,94936,36,0,30 14,0,74,,94943,36,0,30 14,0,80,,94951,36,0,30 14,0,30,,94937,36,0,30 14,0,68,,94931,36,0,30 14,0,12,,94944,36,0,30 14,0,33,,94930,36,0,30 14,0,82,,94929,36,0,30 14,0,65,,94928,36,0,30 14,0,39,,94925,36,0,30 14,0,69,,94938,36,0,30 14,0,25,,94927,36,0,30 14,0,67,,94920,36,0,30 14,0,32,,94919,36,0,30 14,0,70,,94926,36,0,30 14,0,30,,94921,36,0,30 14,0,95,,94916,36,0,30 14,0,81,,94922,36,0,30 14,0,103,,94917,36,0,30 14,0,33,,94923,36,0,30 14,0,100,,94918,36,0,30 14,0,73,,94924,36,0,30 14,0
6100,'5459',657,,94954,36,0,30 14,0,100,,94955,36,0,30 14,0,82,,94953,36,0,30 14,0,99,,94956,36,0,30 14,0,95,,94957,36,0,30 14,0,82,,94958,36,0,30 14,0,35,,94959,36,0,30 14,0,88,,94960,36,0,30 14,0,75,,94961,36,0,30 14,0,35,,94962,36,0,30 14,0,76,,94963,36,0,30 14,0,76,,94964,36,0,30 14,0,37,,94965,36,0,30 14,0,77,,94966,36,0,30 14,0,26,,94967,36,0,30 14,0,78,,94968,36,0,30 14,0,41,,94969,36,0,30 14,0,72,,94970,36,0,30 14,0,71,,94971,36,0,30 14,0,30,,94972,36,0,30 14,0,73,,94973,36,0,30 14,0,43,,94974,36,0,30 14,0,81,,94975,36,0,30 14,0,80,,94976,36,0,30 14,0,103,,94977,36,0,30 14,0,32,,94978,36,0,30 14,0,100,,94979,36,0,30 14,0
6100,'5460',700,,94982,36,0,30 14,0,104,,94983,36,0,30 14,0,43,,94984,36,0,30 14,0,98,,94985,36,0,30 14,0,83,,94986,36,0,30 14,0,86,,94987,36,0,30 14,0,97,,94988,36,0,30 14,0,43,,94989,36,0,30 14,0,101,,94990,36,0,30 14,0,93,,94991,36,0,30 14,0,103,,94992,36,0,30 14,0,78,,94993,36,0,30 14,0,102,,94994,36,0,30 14,0,86,,94995,36,0,30 14,0,102,,94996,36,0,30 14,0,86,,94997,36,0,30 14,0,45,,94998,36,0,30 14,0,101,,94999,36,0,30 14,0,93,,95000,36,0,30 14,0,101,,95001,36,0,30 14,0
6100,'5461',700,,95003,36,0,30 14,0,104,,95004,36,0,30 14,0,43,,95005,36,0,30 14,0,98,,95006,36,0,30 14,0,83,,95007,36,0,30 14,0,86,,95008,36,0,30 14,0,97,,95009,36,0,30 14,0,43,,95010,36,0,30 14,0,101,,95011,36,0,30 14,0,93,,95012,36,0,30 14,0,103,,95013,36,0,30 14,0,78,,95014,36,0,30 14,0,102,,95015,36,0,30 14,0,86,,95016,36,0,30 14,0,102,,95017,36,0,30 14,0,86,,95018,36,0,30 14,0,45,,95019,36,0,30 14,0,101,,95020,36,0,30 14,0,93,,95021,36,0,30 14,0,101,,95022,36,0,30 14,0
6100,'5462',700,,95024,36,0,30 14,0,104,,95025,36,0,30 14,0,43,,95026,36,0,30 14,0,98,,95027,36,0,30 14,0,83,,95028,36,0,30 14,0,86,,95029,36,0,30 14,0,97,,95030,36,0,30 14,0,43,,95031,36,0,30 14,0,101,,95032,36,0,30 14,0,93,,95033,36,0,30 14,0,103,,95034,36,0,30 14,0,78,,95035,36,0,30 14,0,102,,95036,36,0,30 14,0,86,,95037,36,0,30 14,0,102,,95038,36,0,30 14,0,86,,95039,36,0,30 14,0,45,,95040,36,0,30 14,0,101,,95041,36,0,30 14,0,93,,95042,36,0,30 14,0,101,,95043,36,0,30 14,0
6100,'5463',700,,95045,36,0,30 14,0,104,,95046,36,0,30 14,0,43,,95047,36,0,30 14,0,98,,95048,36,0,30 14,0,83,,95049,36,0,30 14,0,86,,95050,36,0,30 14,0,97,,95051,36,0,30 14,0,43,,95052,36,0,30 14,0,101,,95053,36,0,30 14,0,93,,95054,36,0,30 14,0,103,,95055,36,0,30 14,0,78,,95056,36,0,30 14,0,102,,95057,36,0,30 14,0,86,,95058,36,0,30 14,0,102,,95059,36,0,30 14,0,86,,95060,36,0,30 14,0,45,,95061,36,0,30 14,0,101,,95062,36,0,30 14,0,93,,95063,36,0,30 14,0,101,,95064,36,0,30 14,0
6400,'5456',744,,95261,61,,,0,507,,95264,92,,,0,580,,95263,77,,,0
6400,'5458',744,,95268,61,,,0,507,,95271,92,,,0,580,,95270,77,,,0
6500,'5456',607,,95291,42,,,0,96,,95290,42,,,0,22,,95289,42,,,0,83,,95288,42,,,0
6500,'5458',607,,95295,42,,,0,96,,95294,42,,,0,22,,95293,42,,,0,83,,95292,42,,,0
