1100,'5456',544,,85484,4,,,0,72,,85487,32,,,0,30,,85490,32,,,0,61,,85483,32,,,0,20,,85497,32,,,0,18,,85485,32,,,0,59,,85494,32,,,0,16,,85510,32,,,0,16,,85486,32,,,0,17,,85503,32,,,0,58,,85489,32,,,0,21,,85488,32,,,0,24,,85499,32,,,0,66,,85491,32,,,0,25,,85507,32,,,0,65,,85492,32,,,0,25,,85493,32,,,0,66,,85495,32,,,0,25,,85498,32,,,0,26,,85496,32,,,0,65,,85508,32,,,0,26,,85500,32,,,0,64,,85501,32,,,0,18,,85514,32,,,0,18,,85502,32,,,0,58,,85504,32,,,0,19,,85532,32,,,0,18,,85505,32,,,0,60,,85509,32,,,0,19,,85527,32,,,0,20,,85506,32,,,0,20,,85511,32,,,0,56,,85515,32,,,0,15,,85513,32,,,0,16,,85512,32,,,0,55,,85531,32,,,0,18,,85517,32,,,0,14,,85516,32,,,0,18,,85530,32,,,0,58,,85518,32,,,0,24,,85519,32,,,0,70,,85520,32,,,0,35,,85521,32,,,0,70,,85529,32,,,0,34,,85523,32,,,0,70,,85522,32,,,0,34,,85524,32,,,0,70,,85528,32,,,0,30,,85525,32,,,0,82,,85526,32,,,0
1100,'5458',544,,85534,4,,,0,72,,85537,32,,,0,30,,85540,32,,,0,61,,85533,32,,,0,20,,85547,32,,,0,18,,85535,32,,,0,59,,85544,32,,,0,16,,85560,32,,,0,16,,85536,32,,,0,17,,85553,32,,,0,58,,85539,32,,,0,21,,85538,32,,,0,24,,85549,32,,,0,66,,85541,32,,,0,25,,85557,32,,,0,65,,85542,32,,,0,25,,85543,32,,,0,66,,85545,32,,,0,25,,85548,32,,,0,26,,85546,32,,,0,65,,85558,32,,,0,26,,85550,32,,,0,64,,85551,32,,,0,18,,85564,32,,,0,18,,85552,32,,,0,58,,85554,32,,,0,19,,85582,32,,,0,18,,85555,32,,,0,60,,85559,32,,,0,19,,85577,32,,,0,20,,85556,32,,,0,20,,85561,32,,,0,56,,85565,32,,,0,15,,85563,32,,,0,16,,85562,32,,,0,55,,85581,32,,,0,18,,85567,32,,,0,14,,85566,32,,,0,18,,85580,32,,,0,58,,85568,32,,,0,24,,85569,32,,,0,70,,85570,32,,,0,35,,85571,32,,,0,70,,85579,32,,,0,34,,85573,32,,,0,70,,85572,32,,,0,34,,85574,32,,,0,70,,85578,32,,,0,30,,85575,32,,,0,82,,85576,32,,,0
1100,'5459',732,,85613,32,,,0,76,,85597,32,,,0,36,,85583,32,,,0,71,,85587,32,,,0,30,,85614,32,,,0,70,,85605,32,,,0,26,,85592,32,,,0,65,,85584,32,,,0,26,,85590,32,,,0,69,,85602,32,,,0,25,,85586,32,,,0,25,,85600,32,,,0,65,,85594,32,,,0,24,,85585,32,,,0,65,,85588,32,,,0,26,,85601,32,,,0,25,,85593,32,,,0,65,,85604,32,,,0,27,,85596,32,,,0,65,,85591,32,,,0,23,,85595,32,,,0,64,,85612,32,,,0,23,,85589,32,,,0,24,,85603,32,,,0,64,,85615,32,,,0,25,,85606,32,,,0,65,,85598,32,,,0,24,,85599,32,,,0,24,,85608,32,,,0,65,,85610,32,,,0,24,,85607,32,,,0,70,,85609,32,,,0,30,,85611,32,,,0,74,,85616,32,,,0,35,,85617,32,,,0,69,,85618,32,,,0,30,,85619,32,,,0,79,,85620,32,,,0
1100,'5460',747,,85622,32,,,0,80,,85621,32,,,0,81,,85624,32,,,0,31,,85623,32,,,0,71,,85626,32,,,0,36,,85625,32,,,0,75,,85630,32,,,0,31,,85628,32,,,0,70,,85627,32,,,0,31,,85629,32,,,0,70,,85633,32,,,0,30,,85634,32,,,0,70,,85632,32,,,0,31,,85631,32,,,0,70,,85637,32,,,0,30,,85636,32,,,0,69,,85635,32,,,0,30,,85639,32,,,0,69,,85640,32,,,0,29,,85638,32,,,0,68,,85641,32,,,0,29,,85642,32,,,0,70,,85644,32,,,0,85,,85643,32,,,0,45,,85645,32,,,0,84,,85646,32,,,0,79,,85647,32,,,0,45,,85648,32,,,0,85,,85649,32,,,0
1100,'5461',747,,85651,32,,,0,80,,85650,32,,,0,81,,85653,32,,,0,31,,85652,32,,,0,71,,85655,32,,,0,36,,85654,32,,,0,75,,85659,32,,,0,31,,85657,32,,,0,70,,85656,32,,,0,31,,85658,32,,,0,70,,85662,32,,,0,30,,85663,32,,,0,70,,85661,32,,,0,31,,85660,32,,,0,70,,85666,32,,,0,30,,85665,32,,,0,69,,85664,32,,,0,30,,85668,32,,,0,69,,85669,32,,,0,29,,85667,32,,,0,68,,85670,32,,,0,29,,85671,32,,,0,70,,85673,32,,,0,85,,85672,32,,,0,45,,85674,32,,,0,84,,85675,32,,,0,79,,85676,32,,,0,45,,85677,32,,,0,85,,85678,32,,,0
1100,'5462',747,,85680,32,,,0,80,,85679,32,,,0,81,,85682,32,,,0,31,,85681,32,,,0,71,,85684,32,,,0,36,,85683,32,,,0,75,,85688,32,,,0,31,,85686,32,,,0,70,,85685,32,,,0,31,,85687,32,,,0,70,,85691,32,,,0,30,,85692,32,,,0,70,,85690,32,,,0,31,,85689,32,,,0,70,,85695,32,,,0,30,,85694,32,,,0,69,,85693,32,,,0,30,,85697,32,,,0,69,,85698,32,,,0,29,,85696,32,,,0,68,,85699,32,,,0,29,,85700,32,,,0,70,,85702,32,,,0,85,,85701,32,,,0,45,,85703,32,,,0,84,,85704,32,,,0,79,,85705,32,,,0,45,,85706,32,,,0,85,,85707,32,,,0
1100,'5463',747,,85709,32,,,0,80,,85708,32,,,0,81,,85711,32,,,0,31,,85710,32,,,0,71,,85713,32,,,0,36,,85712,32,,,0,75,,85717,32,,,0,31,,85715,32,,,0,70,,85714,32,,,0,31,,85716,32,,,0,70,,85720,32,,,0,30,,85721,32,,,0,70,,85719,32,,,0,31,,85718,32,,,0,70,,85724,32,,,0,30,,85723,32,,,0,69,,85722,32,,,0,30,,85726,32,,,0,69,,85727,32,,,0,29,,85725,32,,,0,68,,85728,32,,,0,29,,85729,32,,,0,70,,85731,32,,,0,85,,85730,32,,,0,45,,85732,32,,,0,84,,85733,32,,,0,79,,85734,32,,,0,45,,85735,32,,,0,85,,85736,32,,,0
1400,'5456',611,,86227,33,,,0,20,,86228,33,,,0,17,,86229,33,,,0,56,,86230,33,,,0,15,,86231,33,,,0,6,,86218,4,,,0,6,,86232,33,,,0,9,,86233,33,,,0,6,,86219,4,,,0,6,,86234,33,,,0,6,,86220,4,,,0,46,,86235,33,,,0,8,,86221,4,,,0,5,,86236,33,,,0,8,,86222,4,,,0,5,,86237,33,,,0,8,,86223,4,,,0,3,,86238,33,,,0,4,,86239,33,,,0,5,,86240,33,,,0,5,,86241,33,,,0,48,,86224,4,,,0,6,,86242,33,,,0,6,,86225,4,,,0,6,,86243,33,,,0,7,,86226,4,,,0,6,,86244,33,,,0,11,,86245,33,,,0,13,,86246,33,,,0,52,,86247,33,,,0,13,,86248,33,,,0,13,,86249,33,,,0,13,,86250,33,,,0,53,,86251,33,,,0,13,,86252,33,,,0,13,,86253,33,,,0,14,,86254,33,,,0,13,,86255,33,,,0,53,,86256,33,,,0,13,,86257,33,,,0,12,,86258,33,,,0,13,,86259,33,,,0,13,,86260,33,,,0,53,,86261,33,,,0,13,,86262,33,,,0,14,,86263,33,,,0,13,,86264,33,,,0,54,,86265,33,,,0,12,,86266,33,,,0,14,,86267,33,,,0,11,,86268,33,,,0,13,,86269,33,,,0,61,,86270,33,,,0,7,,86301,33,,,0,7,,86271,33,,,0,17,,86272,33,,,0,56,,86273,33,,,0,15,,86274,33,,,0,15,,86275,33,,,0,14,,86276,33,,,0,56,,86277,33,,,0,15,,86278,33,,,0,15,,86279,33,,,0,16,,86280,33,,,0,56,,86281,33,,,0,13,,86282,33,,,0,14,,86283,33,,,0,15,,86284,33,,,0,54,,86285,33,,,0,15,,86286,33,,,0,15,,86287,33,,,0,17,,86288,33,,,0,59,,86289,33,,,0,20,,86290,33,,,0,20,,86291,33,,,0,60,,86292,33,,,0,20,,86293,33,,,0,20,,86294,33,,,0,60,,86295,33,,,0,20,,86296,33,,,0,30,,86297,33,,,0,70,,86298,33,,,0,30,,86299,33,,,0,70,,86300,33,,,0
1400,'5458',611,,86311,33,,,0,20,,86312,33,,,0,17,,86313,33,,,0,56,,86314,33,,,0,15,,86315,33,,,0,6,,86302,4,,,0,6,,86316,33,,,0,9,,86317,33,,,0,6,,86303,4,,,0,6,,86318,33,,,0,6,,86304,4,,,0,46,,86319,33,,,0,8,,86305,4,,,0,5,,86320,33,,,0,8,,86306,4,,,0,5,,86321,33,,,0,8,,86307,4,,,0,3,,86322,33,,,0,4,,86323,33,,,0,5,,86324,33,,,0,5,,86325,33,,,0,48,,86308,4,,,0,6,,86326,33,,,0,6,,86309,4,,,0,6,,86327,33,,,0,7,,86310,4,,,0,6,,86328,33,,,0,11,,86329,33,,,0,13,,86330,33,,,0,52,,86331,33,,,0,13,,86332,33,,,0,13,,86333,33,,,0,13,,86334,33,,,0,53,,86335,33,,,0,13,,86336,33,,,0,13,,86337,33,,,0,14,,86338,33,,,0,13,,86339,33,,,0,53,,86340,33,,,0,13,,86341,33,,,0,12,,86342,33,,,0,13,,86343,33,,,0,13,,86344,33,,,0,53,,86345,33,,,0,13,,86346,33,,,0,14,,86347,33,,,0,13,,86348,33,,,0,54,,86349,33,,,0,12,,86350,33,,,0,14,,86351,33,,,0,11,,86352,33,,,0,13,,86353,33,,,0,61,,86354,33,,,0,7,,86389,33,,,0,7,,86355,33,,,0,17,,86356,33,,,0,56,,86357,33,,,0,15,,86358,33,,,0,15,,86359,33,,,0,14,,86360,33,,,0,56,,86361,33,,,0,15,,86362,33,,,0,15,,86363,33,,,0,16,,86364,33,,,0,56,,86365,33,,,0,13,,86366,33,,,0,14,,86367,33,,,0,15,,86368,33,,,0,54,,86369,33,,,0,15,,86370,33,,,0,15,,86371,33,,,0,17,,86372,33,,,0,59,,86373,33,,,0,20,,86374,33,,,0,20,,86375,33,,,0,60,,86376,33,,,0,20,,86377,33,,,0,20,,86378,33,,,0,60,,86379,33,,,0,20,,86380,33,,,0,30,,86381,33,,,0,70,,86382,33,,,0,30,,86383,33,,,0,70,,86384,33,,,0,30,,86385,33,,,0,70,,86386,33,,,0,30,,86387,33,,,0,70,,86388,33,,,0
1400,'5459',650,,86414,33,,,0,61,,86415,33,,,0,19,,86398,33,,,0,18,,86413,33,,,0,56,,86392,33,,,0,15,,86397,33,,,0,15,,86396,33,,,0,15,,86412,33,,,0,55,,86410,33,,,0,15,,86395,33,,,0,15,,86391,33,,,0,15,,86411,33,,,0,55,,86390,33,,,0,15,,86400,33,,,0,15,,86402,33,,,0,15,,86416,33,,,0,56,,86418,33,,,0,15,,86403,33,,,0,16,,86394,33,,,0,15,,86417,33,,,0,56,,86393,33,,,0,16,,86399,33,,,0,15,,86406,33,,,0,15,,86419,33,,,0,55,,86404,33,,,0,15,,86420,33,,,0,15,,86405,33,,,0,15,,86407,33,,,0,55,,86421,33,,,0,16,,86409,33,,,0,15,,86401,33,,,0,16,,86408,33,,,0,55,,86432,33,,,0,15,,86430,33,,,0,15,,86433,33,,,0,15,,86427,33,,,0,55,,86426,33,,,0,14,,86423,33,,,0,15,,86434,33,,,0,14,,86428,33,,,0,55,,86429,33,,,0,15,,86436,33,,,0,15,,86431,33,,,0,15,,86424,33,,,0,55,,86425,33,,,0,14,,86435,33,,,0,15,,86422,33,,,0,14,,86440,33,,,0,55,,86437,33,,,0,15,,86438,33,,,0,15,,86439,33,,,0,16,,86441,33,,,0,60,,86443,33,,,0,20,,86444,33,,,0,20,,86445,33,,,0,60,,86446,33,,,0,20,,86442,33,,,0,20,,86450,33,,,0,60,,86449,33,,,0,21,,86448,33,,,0,67,,86447,33,,,0,30,,86451,33,,,0,70,,86452,33,,,0,30,,86453,33,,,0,70,,86454,33,,,0,29,,86455,33,,,0,28,,86456,33,,,0,70,,86457,33,,,0
1400,'5460',642,,86502,33,,,0,70,,86490,33,,,0,30,,86512,33,,,0,64,,86497,33,,,0,20,,86468,33,,,0,15,,86515,33,,,0,15,,86496,33,,,0,55,,86481,33,,,0,15,,86488,33,,,0,15,,86509,33,,,0,15,,86472,33,,,0,55,,86500,33,,,0,15,,86469,33,,,0,15,,86499,33,,,0,15,,86473,33,,,0,55,,86482,33,,,0,15,,86489,33,,,0,15,,86511,33,,,0,15,,86471,33,,,0,56,,86501,33,,,0,15,,86474,33,,,0,15,,86498,33,,,0,15,,86470,33,,,0,55,,86479,33,,,0,14,,86459,33,,,0,15,,86486,33,,,0,15,,86508,33,,,0,55,,86461,33,,,0,15,,86495,33,,,0,15,,86465,33,,,0,15,,86492,33,,,0,55,,86466,33,,,0,15,,86477,33,,,0,15,,86458,33,,,0,15,,86485,33,,,0,55,,86507,33,,,0,15,,86464,33,,,0,15,,86493,33,,,0,15,,86462,33,,,0,55,,86494,33,,,0,15,,86463,33,,,0,15,,86480,33,,,0,15,,86460,33,,,0,54,,86487,33,,,0,15,,86510,33,,,0,15,,86467,33,,,0,15,,86504,33,,,0,58,,86506,33,,,0,20,,86476,33,,,0,20,,86478,33,,,0,60,,86491,33,,,0,21,,86514,33,,,0,70,,86503,33,,,0,29,,86475,33,,,0,70,,86483,33,,,0,30,,86513,33,,,0,69,,86505,33,,,0,29,,86484,33,,,0
1400,'5461',642,,86560,33,,,0,70,,86548,33,,,0,30,,86570,33,,,0,64,,86555,33,,,0,20,,86526,33,,,0,15,,86573,33,,,0,15,,86554,33,,,0,55,,86539,33,,,0,15,,86546,33,,,0,15,,86567,33,,,0,15,,86530,33,,,0,55,,86558,33,,,0,15,,86527,33,,,0,15,,86557,33,,,0,15,,86531,33,,,0,55,,86540,33,,,0,15,,86547,33,,,0,15,,86569,33,,,0,15,,86529,33,,,0,56,,86559,33,,,0,15,,86532,33,,,0,15,,86556,33,,,0,15,,86528,33,,,0,55,,86537,33,,,0,14,,86517,33,,,0,15,,86544,33,,,0,15,,86566,33,,,0,55,,86519,33,,,0,15,,86553,33,,,0,15,,86523,33,,,0,15,,86550,33,,,0,55,,86524,33,,,0,15,,86535,33,,,0,15,,86516,33,,,0,15,,86543,33,,,0,55,,86565,33,,,0,15,,86522,33,,,0,15,,86551,33,,,0,15,,86520,33,,,0,55,,86552,33,,,0,15,,86521,33,,,0,15,,86538,33,,,0,15,,86518,33,,,0,54,,86545,33,,,0,15,,86568,33,,,0,15,,86525,33,,,0,15,,86562,33,,,0,58,,86564,33,,,0,20,,86534,33,,,0,20,,86536,33,,,0,60,,86549,33,,,0,21,,86572,33,,,0,70,,86561,33,,,0,29,,86533,33,,,0,70,,86541,33,,,0,30,,86571,33,,,0,69,,86563,33,,,0,29,,86542,33,,,0
1400,'5462',642,,86618,33,,,0,70,,86606,33,,,0,30,,86628,33,,,0,64,,86613,33,,,0,20,,86584,33,,,0,15,,86631,33,,,0,15,,86612,33,,,0,55,,86597,33,,,0,15,,86604,33,,,0,15,,86625,33,,,0,15,,86588,33,,,0,55,,86616,33,,,0,15,,86585,33,,,0,15,,86615,33,,,0,15,,86589,33,,,0,55,,86598,33,,,0,15,,86605,33,,,0,15,,86627,33,,,0,15,,86587,33,,,0,56,,86617,33,,,0,15,,86590,33,,,0,15,,86614,33,,,0,15,,86586,33,,,0,55,,86595,33,,,0,14,,86575,33,,,0,15,,86602,33,,,0,15,,86624,33,,,0,55,,86577,33,,,0,15,,86611,33,,,0,15,,86581,33,,,0,15,,86608,33,,,0,55,,86582,33,,,0,15,,86593,33,,,0,15,,86574,33,,,0,15,,86601,33,,,0,55,,86623,33,,,0,15,,86580,33,,,0,15,,86609,33,,,0,15,,86578,33,,,0,55,,86610,33,,,0,15,,86579,33,,,0,15,,86596,33,,,0,15,,86576,33,,,0,54,,86603,33,,,0,15,,86626,33,,,0,15,,86583,33,,,0,15,,86620,33,,,0,58,,86622,33,,,0,20,,86592,33,,,0,20,,86594,33,,,0,60,,86607,33,,,0,21,,86630,33,,,0,70,,86619,33,,,0,29,,86591,33,,,0,70,,86599,33,,,0,30,,86629,33,,,0,69,,86621,33,,,0,29,,86600,33,,,0
1400,'5463',642,,86676,33,,,0,70,,86664,33,,,0,30,,86686,33,,,0,64,,86671,33,,,0,20,,86642,33,,,0,15,,86689,33,,,0,15,,86670,33,,,0,55,,86655,33,,,0,15,,86662,33,,,0,15,,86683,33,,,0,15,,86646,33,,,0,55,,86674,33,,,0,15,,86643,33,,,0,15,,86673,33,,,0,15,,86647,33,,,0,55,,86656,33,,,0,15,,86663,33,,,0,15,,86685,33,,,0,15,,86645,33,,,0,56,,86675,33,,,0,15,,86648,33,,,0,15,,86672,33,,,0,15,,86644,33,,,0,55,,86653,33,,,0,14,,86633,33,,,0,15,,86660,33,,,0,15,,86682,33,,,0,55,,86635,33,,,0,15,,86669,33,,,0,15,,86639,33,,,0,15,,86666,33,,,0,55,,86640,33,,,0,15,,86651,33,,,0,15,,86632,33,,,0,15,,86659,33,,,0,55,,86681,33,,,0,15,,86638,33,,,0,15,,86667,33,,,0,15,,86636,33,,,0,55,,86668,33,,,0,15,,86637,33,,,0,15,,86654,33,,,0,15,,86634,33,,,0,54,,86661,33,,,0,15,,86684,33,,,0,15,,86641,33,,,0,15,,86678,33,,,0,58,,86680,33,,,0,20,,86650,33,,,0,20,,86652,33,,,0,60,,86665,33,,,0,21,,86688,33,,,0,70,,86677,33,,,0,29,,86649,33,,,0,70,,86657,33,,,0,30,,86687,33,,,0,69,,86679,33,,,0,29,,86658,33,,,0
1500,'5456',535,,87185,21,,,0,20,,87186,21,,,0,59,,87187,21,,,0,16,,87188,21,,,0,17,,87189,21,,,0,56,,87190,21,,,0,16,,87191,21,,,0,16,,87192,21,,,0,14,,87193,21,,,0,52,,87194,21,,,0,11,,87195,21,,,0,11,,87196,21,,,0,11,,87197,21,,,0,11,,87198,21,,,0,11,,87257,3,,,0,51,,87200,21,,,0,11,,87201,21,,,0,12,,87202,21,,,0,11,,87203,21,,,0,14,,87204,21,,,0,55,,87205,21,,,0,15,,87206,21,,,0,15,,87207,21,,,0,15,,87208,21,,,0,55,,87209,21,,,0,15,,87210,21,,,0,15,,87211,21,,,0,15,,87212,21,,,0,55,,87213,21,,,0,15,,87214,21,,,0,15,,87215,21,,,0,15,,87216,21,,,0,55,,87217,21,,,0,15,,87218,21,,,0,15,,87219,21,,,0,15,,87220,21,,,0,55,,87221,21,,,0,16,,87222,21,,,0,15,,87223,21,,,0,15,,87224,21,,,0,55,,87225,21,,,0,15,,87226,21,,,0,13,,87227,21,,,0,15,,87228,21,,,0,55,,87229,21,,,0,15,,87230,21,,,0,15,,87231,21,,,0,15,,87232,21,,,0,55,,87233,21,,,0,15,,87234,21,,,0,15,,87235,21,,,0,15,,87236,21,,,0,54,,87237,21,,,0,15,,87238,21,,,0,16,,87239,21,,,0,15,,87240,21,,,0,55,,87241,21,,,0,14,,87242,21,,,0,15,,87243,21,,,0,20,,87244,21,,,0,60,,87245,21,,,0,20,,87246,21,,,0,20,,87247,21,,,0,60,,87248,21,,,0,20,,87249,21,,,0,20,,87250,21,,,0,60,,87251,21,,,0,25,,87252,21,,,0,70,,87253,21,,,0,30,,87254,21,,,0,70,,87255,21,,,0,30,,87256,21,,,0
1500,'5458',535,,87258,21,,,0,20,,87259,21,,,0,59,,87260,21,,,0,16,,87261,21,,,0,17,,87262,21,,,0,56,,87263,21,,,0,16,,87264,21,,,0,16,,87265,21,,,0,14,,87266,21,,,0,52,,87267,21,,,0,11,,87268,21,,,0,11,,87269,21,,,0,11,,87270,21,,,0,11,,87271,21,,,0,11,,87334,3,,,0,51,,87273,21,,,0,11,,87274,21,,,0,12,,87275,21,,,0,11,,87276,21,,,0,14,,87277,21,,,0,55,,87278,21,,,0,15,,87279,21,,,0,15,,87280,21,,,0,15,,87281,21,,,0,55,,87282,21,,,0,15,,87283,21,,,0,15,,87284,21,,,0,15,,87285,21,,,0,55,,87286,21,,,0,15,,87287,21,,,0,15,,87288,21,,,0,15,,87289,21,,,0,55,,87290,21,,,0,15,,87291,21,,,0,15,,87292,21,,,0,15,,87293,21,,,0,55,,87294,21,,,0,16,,87295,21,,,0,15,,87296,21,,,0,15,,87297,21,,,0,55,,87298,21,,,0,15,,87299,21,,,0,13,,87300,21,,,0,15,,87301,21,,,0,55,,87302,21,,,0,15,,87303,21,,,0,15,,87304,21,,,0,15,,87305,21,,,0,55,,87306,21,,,0,15,,87307,21,,,0,15,,87308,21,,,0,15,,87309,21,,,0,54,,87310,21,,,0,15,,87311,21,,,0,16,,87312,21,,,0,15,,87313,21,,,0,55,,87314,21,,,0,14,,87315,21,,,0,15,,87316,21,,,0,20,,87317,21,,,0,60,,87318,21,,,0,20,,87319,21,,,0,20,,87320,21,,,0,60,,87321,21,,,0,20,,87322,21,,,0,20,,87323,21,,,0,60,,87324,21,,,0,25,,87325,21,,,0,70,,87326,21,,,0,30,,87327,21,,,0,70,,87328,21,,,0,30,,87329,21,,,0,70,,87330,21,,,0,30,,87331,21,,,0,70,,87332,21,,,0,30,,87333,21,,,0
1500,'5459',635,,87391,21,,,0,65,,87378,21,,,0,21,,87376,21,,,0,19,,87377,21,,,0,16,,87353,21,,,0,55,,87389,21,,,0,15,,87371,21,,,0,16,,87350,21,,,0,14,,87375,21,,,0,55,,87374,21,,,0,15,,87352,21,,,0,15,,87390,21,,,0,15,,87372,21,,,0,55,,87351,21,,,0,15,,87373,21,,,0,15,,87370,21,,,0,17,,87345,21,,,0,55,,87349,21,,,0,15,,87388,21,,,0,16,,87369,21,,,0,56,,87348,21,,,0,16,,87368,21,,,0,15,,87367,21,,,0,15,,87347,21,,,0,55,,87346,21,,,0,15,,87387,21,,,0,15,,87366,21,,,0,15,,87344,21,,,0,56,,87364,21,,,0,15,,87365,21,,,0,15,,87342,21,,,0,15,,87343,21,,,0,55,,87386,21,,,0,15,,87363,21,,,0,15,,87341,21,,,0,15,,87362,21,,,0,55,,87361,21,,,0,15,,87339,21,,,0,15,,87340,21,,,0,15,,87385,21,,,0,54,,87360,21,,,0,15,,87335,21,,,0,15,,87356,21,,,0,15,,87358,21,,,0,55,,87337,21,,,0,15,,87338,21,,,0,15,,87384,21,,,0,13,,87357,21,,,0,15,,87336,21,,,0,55,,87355,21,,,0,15,,87359,21,,,0,15,,87354,21,,,0,58,,87381,21,,,0,20,,87382,21,,,0,20,,87383,21,,,0,60,,87380,21,,,0,20,,87379,21,,,0,20,,87393,21,,,0,60,,87392,21,,,0,20,,87394,21,,,0,23,,87395,21,,,0,70,,87396,21,,,0,30,,87397,21,,,0,70,,87398,21,,,0,29,,87399,21,,,0,69,,87400,21,,,0,29,,87401,21,,,0,70,,87402,21,,,0,30,,87403,21,,,0
1500,'5460',657,,87444,21,,,0,70,,87443,21,,,0,28,,87419,21,,,0,61,,87422,21,,,0,17,,87460,21,,,0,16,,87409,21,,,0,55,,87421,21,,,0,15,,87408,21,,,0,15,,87404,21,,,0,15,,87423,21,,,0,55,,87413,21,,,0,15,,87425,21,,,0,15,,87405,21,,,0,15,,87410,21,,,0,55,,87406,21,,,0,15,,87407,21,,,0,15,,87428,21,,,0,16,,87417,21,,,0,55,,87426,21,,,0,15,,87414,21,,,0,15,,87416,21,,,0,15,,87411,21,,,0,55,,87412,21,,,0,15,,87429,21,,,0,15,,87418,21,,,0,16,,87430,21,,,0,55,,87415,21,,,0,14,,87431,21,,,0,15,,87432,21,,,0,15,,87427,21,,,0,55,,87442,21,,,0,14,,87438,21,,,0,15,,87436,21,,,0,15,,87434,21,,,0,55,,87439,21,,,0,15,,87441,21,,,0,15,,87435,21,,,0,15,,87437,21,,,0,55,,87440,21,,,0,14,,87433,21,,,0,15,,87420,21,,,0,15,,87424,21,,,0,55,,87448,21,,,0,15,,87447,21,,,0,15,,87446,21,,,0,15,,87450,21,,,0,55,,87455,21,,,0,20,,87452,21,,,0,20,,87445,21,,,0,60,,87451,21,,,0,19,,87454,21,,,0,27,,87453,21,,,0,69,,87449,21,,,0,30,,87456,21,,,0,70,,87457,21,,,0,29,,87459,21,,,0,70,,87458,21,,,0
1500,'5461',657,,87501,21,,,0,70,,87500,21,,,0,28,,87476,21,,,0,61,,87479,21,,,0,17,,87517,21,,,0,16,,87466,21,,,0,55,,87478,21,,,0,15,,87465,21,,,0,15,,87461,21,,,0,15,,87480,21,,,0,55,,87470,21,,,0,15,,87482,21,,,0,15,,87462,21,,,0,15,,87467,21,,,0,55,,87463,21,,,0,15,,87464,21,,,0,15,,87485,21,,,0,16,,87474,21,,,0,55,,87483,21,,,0,15,,87471,21,,,0,15,,87473,21,,,0,15,,87468,21,,,0,55,,87469,21,,,0,15,,87486,21,,,0,15,,87475,21,,,0,16,,87487,21,,,0,55,,87472,21,,,0,14,,87488,21,,,0,15,,87489,21,,,0,15,,87484,21,,,0,55,,87499,21,,,0,14,,87495,21,,,0,15,,87493,21,,,0,15,,87491,21,,,0,55,,87496,21,,,0,15,,87498,21,,,0,15,,87492,21,,,0,15,,87494,21,,,0,55,,87497,21,,,0,14,,87490,21,,,0,15,,87477,21,,,0,15,,87481,21,,,0,55,,87505,21,,,0,15,,87504,21,,,0,15,,87503,21,,,0,15,,87507,21,,,0,55,,87512,21,,,0,20,,87509,21,,,0,20,,87502,21,,,0,60,,87508,21,,,0,19,,87511,21,,,0,27,,87510,21,,,0,69,,87506,21,,,0,30,,87513,21,,,0,70,,87514,21,,,0,29,,87516,21,,,0,70,,87515,21,,,0
1500,'5462',657,,87558,21,,,0,70,,87557,21,,,0,28,,87533,21,,,0,61,,87536,21,,,0,17,,87574,21,,,0,16,,87523,21,,,0,55,,87535,21,,,0,15,,87522,21,,,0,15,,87518,21,,,0,15,,87537,21,,,0,55,,87527,21,,,0,15,,87539,21,,,0,15,,87519,21,,,0,15,,87524,21,,,0,55,,87520,21,,,0,15,,87521,21,,,0,15,,87542,21,,,0,16,,87531,21,,,0,55,,87540,21,,,0,15,,87528,21,,,0,15,,87530,21,,,0,15,,87525,21,,,0,55,,87526,21,,,0,15,,87543,21,,,0,15,,87532,21,,,0,16,,87544,21,,,0,55,,87529,21,,,0,14,,87545,21,,,0,15,,87546,21,,,0,15,,87541,21,,,0,55,,87556,21,,,0,14,,87552,21,,,0,15,,87550,21,,,0,15,,87548,21,,,0,55,,87553,21,,,0,15,,87555,21,,,0,15,,87549,21,,,0,15,,87551,21,,,0,55,,87554,21,,,0,14,,87547,21,,,0,15,,87534,21,,,0,15,,87538,21,,,0,55,,87562,21,,,0,15,,87561,21,,,0,15,,87560,21,,,0,15,,87564,21,,,0,55,,87569,21,,,0,20,,87566,21,,,0,20,,87559,21,,,0,60,,87565,21,,,0,19,,87568,21,,,0,27,,87567,21,,,0,69,,87563,21,,,0,30,,87570,21,,,0,70,,87571,21,,,0,29,,87573,21,,,0,70,,87572,21,,,0
1500,'5463',657,,87615,21,,,0,70,,87614,21,,,0,28,,87590,21,,,0,61,,87593,21,,,0,17,,87631,21,,,0,16,,87580,21,,,0,55,,87592,21,,,0,15,,87579,21,,,0,15,,87575,21,,,0,15,,87594,21,,,0,55,,87584,21,,,0,15,,87596,21,,,0,15,,87576,21,,,0,15,,87581,21,,,0,55,,87577,21,,,0,15,,87578,21,,,0,15,,87599,21,,,0,16,,87588,21,,,0,55,,87597,21,,,0,15,,87585,21,,,0,15,,87587,21,,,0,15,,87582,21,,,0,55,,87583,21,,,0,15,,87600,21,,,0,15,,87589,21,,,0,16,,87601,21,,,0,55,,87586,21,,,0,14,,87602,21,,,0,15,,87603,21,,,0,15,,87598,21,,,0,55,,87613,21,,,0,14,,87609,21,,,0,15,,87607,21,,,0,15,,87605,21,,,0,55,,87610,21,,,0,15,,87612,21,,,0,15,,87606,21,,,0,15,,87608,21,,,0,55,,87611,21,,,0,14,,87604,21,,,0,15,,87591,21,,,0,15,,87595,21,,,0,55,,87619,21,,,0,15,,87618,21,,,0,15,,87617,21,,,0,15,,87621,21,,,0,55,,87626,21,,,0,20,,87623,21,,,0,20,,87616,21,,,0,60,,87622,21,,,0,19,,87625,21,,,0,27,,87624,21,,,0,69,,87620,21,,,0,30,,87627,21,,,0,70,,87628,21,,,0,29,,87630,21,,,0,70,,87629,21,,,0
2201,'5456',622,,88749,51,,,0,29,,88752,51,,,0,91,,88756,43,,,0,67,,88750,57,,,0,32,,88751,57,,,0,71,,88753,57,,,0,100,,88755,57,,,0,30,,88754,57,,,0,70,,88757,57,,,0,98,,88758,57,,,0,30,,88759,43,,,0,69,,88760,43,,,0,100,,88761,43,,,0,32,,88762,43,,,0,102,,88763,43,,,0,71,,88764,43,,,0,30,,88765,43,,,0,97,,88766,43,,,0,76,,88767,43,,,0,98,,88768,43,,,0,30,,88769,43,,,0,101,,88771,43,,,0,71,,88770,43,,,0
2201,'5458',622,,88773,51,,,0,29,,88776,51,,,0,91,,88780,43,,,0,67,,88774,57,,,0,32,,88775,57,,,0,71,,88777,57,,,0,100,,88779,57,,,0,30,,88778,57,,,0,70,,88781,57,,,0,98,,88782,57,,,0,30,,88783,43,,,0,69,,88784,43,,,0,100,,88785,43,,,0,32,,88786,43,,,0,102,,88787,43,,,0,71,,88788,43,,,0,30,,88789,43,,,0,97,,88790,43,,,0,76,,88791,43,,,0,98,,88792,43,,,0,30,,88793,43,,,0,101,,88795,43,,,0,71,,88794,43,,,0
2201,'5459',738,,88807,43,,,0,80,,88818,43,,,0,29,,88803,43,,,0,69,,88797,43,,,0,31,,88806,43,,,0,70,,88819,43,,,0,29,,88802,43,,,0,69,,88801,43,,,0,31,,88804,43,,,0,69,,88799,43,,,0,28,,88823,43,,,0,70,,88800,43,,,0,30,,88805,43,,,0,70,,88798,43,,,0,30,,88811,43,,,0,70,,88822,43,,,0,29,,88813,43,,,0,71,,88809,43,,,0,31,,88812,43,,,0,73,,88814,43,,,0,31,,88810,43,,,0,71,,88808,43,,,0,30,,88816,43,,,0,71,,88815,43,,,0,27,,88821,43,,,0,68,,88817,43,,,0,32,,88824,43,,,0,70,,88820,43,,,0
2201,'5460',808,,88834,43,,,0,40,,88835,43,,,0,69,,88827,43,,,0,28,,88828,43,,,0,70,,88837,43,,,0,30,,88836,43,,,0,69,,88826,43,,,0,30,,88830,43,,,0,70,,88831,43,,,0,30,,88829,43,,,0,68,,88833,43,,,0,30,,88832,43,,,0,70,,88839,43,,,0,30,,88840,43,,,0,70,,88838,43,,,0,30,,88842,43,,,0,74,,88841,43,,,0,30,,88844,43,,,0,70,,88843,43,,,0,30,,88845,43,,,0,72,,88846,43,,,0,30,,88847,43,,,0
2201,'5461',808,,88859,43,,,0,40,,88860,43,,,0,69,,88852,43,,,0,28,,88853,43,,,0,70,,88862,43,,,0,30,,88861,43,,,0,69,,88851,43,,,0,30,,88855,43,,,0,70,,88856,43,,,0,30,,88854,43,,,0,68,,88858,43,,,0,30,,88857,43,,,0,70,,88864,43,,,0,30,,88865,43,,,0,70,,88863,43,,,0,30,,88867,43,,,0,74,,88866,43,,,0,30,,88869,43,,,0,70,,88868,43,,,0,30,,88870,43,,,0,72,,88871,43,,,0,30,,88872,43,,,0
2201,'5462',808,,88884,43,,,0,40,,88885,43,,,0,69,,88877,43,,,0,28,,88878,43,,,0,70,,88887,43,,,0,30,,88886,43,,,0,69,,88876,43,,,0,30,,88880,43,,,0,70,,88881,43,,,0,30,,88879,43,,,0,68,,88883,43,,,0,30,,88882,43,,,0,70,,88889,43,,,0,30,,88890,43,,,0,70,,88888,43,,,0,30,,88892,43,,,0,74,,88891,43,,,0,30,,88894,43,,,0,70,,88893,43,,,0,30,,88895,43,,,0,72,,88896,43,,,0,30,,88897,43,,,0
2201,'5463',808,,88909,43,,,0,40,,88910,43,,,0,69,,88902,43,,,0,28,,88903,43,,,0,70,,88912,43,,,0,30,,88911,43,,,0,69,,88901,43,,,0,30,,88905,43,,,0,70,,88906,43,,,0,30,,88904,43,,,0,68,,88908,43,,,0,30,,88907,43,,,0,70,,88914,43,,,0,30,,88915,43,,,0,70,,88913,43,,,0,30,,88917,43,,,0,74,,88916,43,,,0,30,,88919,43,,,0,70,,88918,43,,,0,30,,88920,43,,,0,72,,88921,43,,,0,30,,88922,43,,,0
1002201,'5456',722,,98207,45,,,0,219,,98208,45,,,0,200,,98209,45,,,0,198,,98210,31,,,0,174,,98211,31,,,0,200,,98212,31,,,0,132,,98214,31,,,0,171,,98215,31,,,0
1002201,'5458',722,,98216,45,,,0,219,,98217,45,,,0,200,,98218,45,,,0,198,,98219,31,,,0,174,,98221,31,,,0,200,,98222,31,,,0,132,,98223,31,,,0,171,,98224,31,,,0
