5400,'5456',606,,93776,3,,,0,99,,93779,3,,,0,130,,93778,3,,,0,204,,93777,3,,,0,176,,93780,3,,,0,201,,93784,3,,,0,105,,93782,3,,,0,196,,93783,3,,,0,193,,93785,3,,,0,192,,93781,3,,,0
5400,'5458',606,,93786,3,,,0,99,,93789,3,,,0,130,,93788,3,,,0,204,,93787,3,,,0,176,,93790,3,,,0,201,,93794,3,,,0,105,,93792,3,,,0,196,,93793,3,,,0,193,,93795,3,,,0,192,,93791,3,,,0
5400,'5459',703,,93802,3,,,0,204,,93801,3,,,0,211,,93796,3,,,0,207,,93799,3,,,0,206,,93800,3,,,0,209,,93798,3,,,0,203,,93797,3,,,0
5400,'5460',703,,93803,3,,,0,202,,93805,3,,,0,212,,93806,3,,,0,207,,93807,3,,,0,205,,93804,3,,,0,210,,93808,3,,,0,203,,93809,3,,,0
5400,'5461',703,,93810,3,,,0,202,,93812,3,,,0,212,,93813,3,,,0,207,,93814,3,,,0,205,,93811,3,,,0,210,,93815,3,,,0,203,,93816,3,,,0
5400,'5462',703,,93817,3,,,0,202,,93819,3,,,0,212,,93820,3,,,0,207,,93821,3,,,0,205,,93818,3,,,0,210,,93822,3,,,0,203,,93823,3,,,0
5400,'5463',703,,93824,3,,,0,202,,93826,3,,,0,212,,93827,3,,,0,207,,93828,3,,,0,205,,93825,3,,,0,210,,93829,3,,,0,203,,93830,3,,,0
5500,'5456',607,,93886,3,,,0,130,,93890,3,,,0,175,,93889,3,,,0,214,,93888,3,,,0,198,,93887,3,,,0,133,,93891,3,,,0,145,,93895,3,,,0,143,,93893,3,,,0,190,,93892,3,,,0,198,,93894,3,,,0
5500,'5458',607,,93896,3,,,0,130,,93900,3,,,0,175,,93899,3,,,0,214,,93898,3,,,0,198,,93897,3,,,0,133,,93901,3,,,0,145,,93905,3,,,0,143,,93903,3,,,0,190,,93902,3,,,0,198,,93904,3,,,0
5500,'5459',802,,93912,3,,,0,201,,93908,3,,,0,212,,93909,3,,,0,205,,93910,3,,,0,211,,93911,3,,,0,209,,93907,3,,,0,264,,93906,3,,,0
5500,'5460',801,,93913,3,,,0,201,,93916,3,,,0,213,,93915,3,,,0,205,,93914,3,,,0,210,,93918,3,,,0,209,,93919,3,,,0,264,,93917,3,,,0
5500,'5461',801,,93920,3,,,0,201,,93923,3,,,0,213,,93922,3,,,0,205,,93921,3,,,0,210,,93925,3,,,0,209,,93926,3,,,0,264,,93924,3,,,0
5500,'5462',801,,93927,3,,,0,201,,93930,3,,,0,213,,93929,3,,,0,205,,93928,3,,,0,210,,93932,3,,,0,209,,93933,3,,,0,264,,93931,3,,,0
5500,'5463',801,,93934,3,,,0,201,,93937,3,,,0,213,,93936,3,,,0,205,,93935,3,,,0,210,,93939,3,,,0,209,,93940,3,,,0,264,,93938,3,,,0
