8301,'5456',658,,96579,10,,,0,95,,96577,10,,,0,250,,96578,10,,,0,141,,104340,10,,,0,195,,96580,10,,,0,210,,96582,10,,,0,254,,96583,10,,,0,199,,96584,10,,,0
8301,'5458',658,,96587,10,,,0,95,,96585,10,,,0,250,,96586,10,,,0,141,,104341,10,,,0,195,,96588,10,,,0,210,,96590,10,,,0,254,,96591,10,,,0,199,,96592,10,,,0
8301,'5459',939,,104345,10,,,0,300,,104343,10,,,0,305,,104344,10,,,0,300,,104342,10,,,0
8301,'5460',938,,104348,10,,,0,300,,104349,10,,,0,305,,104347,10,,,0,300,,104346,10,,,0
8301,'5461',938,,104352,10,,,0,300,,104353,10,,,0,305,,104351,10,,,0,300,,104350,10,,,0
8301,'5462',938,,104356,10,,,0,300,,104357,10,,,0,305,,104355,10,,,0,300,,104354,10,,,0
8301,'5463',938,,104360,10,,,0,300,,104361,10,,,0,305,,104359,10,,,0,300,,104358,10,,,0
8500,'5456',639,,104362,10,,,0,97,,104363,10,,,0,200,,96615,10,,,0,200,,104364,10,,,0,200,,96617,10,,,0,200,,96618,10,,,0,200,,104365,10,,,0,200,,96620,10,,,0
8500,'5458',639,,104366,10,,,0,97,,104367,10,,,0,200,,96623,10,,,0,200,,104368,10,,,0,200,,96625,10,,,0,200,,96626,10,,,0,200,,104369,10,,,0,200,,96628,10,,,0
8500,'5459',844,,104371,10,,,0,300,,104372,10,,,0,306,,104373,10,,,0,299,,104370,10,,,0
8500,'5460',844,,104376,10,,,0,300,,104377,10,,,0,306,,104374,10,,,0,299,,104375,10,,,0
8500,'5461',844,,104380,10,,,0,300,,104381,10,,,0,306,,104378,10,,,0,299,,104379,10,,,0
8500,'5462',844,,104384,10,,,0,300,,104385,10,,,0,306,,104382,10,,,0,299,,104383,10,,,0
8500,'5463',844,,104388,10,,,0,300,,104389,10,,,0,306,,104386,10,,,0,299,,104387,10,,,0
