2200,'5456',618,,88565,34,,,0,30,,88567,34,,,0,70,,88566,34,,,0,31,,88569,34,,,0,70,,88576,17,0,20 7,0,4,,88568,34,,,0,23,,88572,34,,,0,69,,88570,34,,,0,102,,88571,34,,,0,26,,88573,34,,,0,70,,88574,34,,,0,103,,88577,34,0,21 22,0,30,,88575,34,0,21 22,0,70,,88578,34,0,21 22,0,30,,88579,34,0,21 22,0,101,,88580,34,0,21 22,0,62,,88593,4,,,0,8,,88581,34,0,21 22,0,36,,88582,34,0,21 22,0,102,,88583,34,0,21 22,0,97,,88584,34,0,21 22,0,68,,88585,34,,,0,24,,88586,34,,,0,98,,88587,34,,,0,70,,88588,34,,,0,29,,88589,34,,,0,68,,88590,34,,,0
2200,'5458',618,,88594,34,,,0,30,,88596,34,,,0,70,,88595,34,,,0,31,,88598,34,,,0,70,,88605,17,0,20 7,0,4,,88597,34,,,0,23,,88601,34,,,0,69,,88599,34,,,0,102,,88600,34,,,0,26,,88602,34,,,0,70,,88603,34,,,0,103,,88606,34,0,21 22,0,30,,88604,34,0,21 22,0,70,,88607,34,0,21 22,0,30,,88608,34,0,21 22,0,63,,88611,4,,,0,38,,88609,34,0,21 22,0,70,,88610,34,0,21 22,0,36,,88612,34,0,21 22,0,102,,88613,34,0,21 22,0,97,,88614,34,0,21 22,0,68,,88615,34,,,0,24,,88616,34,,,0,98,,88617,34,,,0,70,,88618,34,,,0,29,,88619,34,,,0,68,,88620,34,,,0
2200,'5459',707,,88642,34,,,0,40,,88628,34,,,0,80,,88632,34,,,0,80,,88645,34,,,0,32,,88629,34,,,0,70,,88623,34,,,0,31,,88630,34,,,0,72,,88644,34,,,0,31,,88627,34,,,0,71,,88626,34,,,0,31,,88631,34,,,0,70,,88624,34,,,0,31,,88649,34,,,0,70,,88625,34,,,0,30,,88638,34,,,0,70,,88634,34,,,0,30,,88637,34,,,0,69,,88648,34,,,0,29,,88639,34,,,0,71,,88633,34,,,0,30,,88641,34,,,0,72,,88640,34,,,0,30,,88636,34,,,0,68,,88635,34,,,0,29,,88650,34,,,0,69,,88651,34,,,0,27,,88647,34,,,0,68,,88643,34,,,0
2200,'5460',756,,88656,34,,,0,101,,88657,34,,,0,80,,88658,34,,,0,71,,88653,34,,,0,32,,88654,34,,,0,70,,88655,34,,,0,30,,88660,34,,,0,69,,88661,34,,,0,32,,88659,34,,,0,70,,88662,34,,,0,30,,88663,34,,,0,70,,88671,34,,,0,31,,88670,34,,,0,70,,88664,34,,,0,30,,88665,34,,,0,70,,88666,34,,,0,30,,88667,34,,,0,72,,88668,34,,,0,30,,88669,34,,,0,69,,88672,34,,,0,29,,88673,34,,,0,68,,88674,34,,,0,30,,88675,34,,,0,115,,88676,17,,,0
2200,'5461',756,,88680,34,,,0,101,,88681,34,,,0,80,,88682,34,,,0,71,,88677,34,,,0,32,,88678,34,,,0,70,,88679,34,,,0,30,,88684,34,,,0,69,,88685,34,,,0,32,,88683,34,,,0,70,,88686,34,,,0,30,,88687,34,,,0,70,,88695,34,,,0,31,,88694,34,,,0,70,,88688,34,,,0,30,,88689,34,,,0,70,,88690,34,,,0,30,,88691,34,,,0,72,,88692,34,,,0,30,,88693,34,,,0,69,,88696,34,,,0,29,,88697,34,,,0,68,,88698,34,,,0,30,,88699,34,,,0,115,,88700,17,,,0
2200,'5462',756,,88704,34,,,0,101,,88705,34,,,0,80,,88706,34,,,0,71,,88701,34,,,0,32,,88702,34,,,0,70,,88703,34,,,0,30,,88708,34,,,0,69,,88709,34,,,0,32,,88707,34,,,0,70,,88710,34,,,0,30,,88711,34,,,0,70,,88719,34,,,0,31,,88718,34,,,0,70,,88712,34,,,0,30,,88713,34,,,0,70,,88714,34,,,0,30,,88715,34,,,0,72,,88716,34,,,0,30,,88717,34,,,0,69,,88720,34,,,0,29,,88721,34,,,0,68,,88722,34,,,0,30,,88723,34,,,0,115,,88724,17,,,0
2200,'5463',756,,88728,34,,,0,101,,88729,34,,,0,80,,88730,34,,,0,71,,88725,34,,,0,32,,88726,34,,,0,70,,88727,34,,,0,30,,88732,34,,,0,69,,88733,34,,,0,32,,88731,34,,,0,70,,88734,34,,,0,30,,88735,34,,,0,70,,88743,34,,,0,31,,88742,34,,,0,70,,88736,34,,,0,30,,88737,34,,,0,70,,88738,34,,,0,30,,88739,34,,,0,72,,88740,34,,,0,30,,88741,34,,,0,69,,88744,34,,,0,29,,88745,34,,,0,68,,88746,34,,,0,30,,88747,34,,,0,115,,88748,17,,,0
1002200,'5456',947,,98195,34,,,0,196,,98196,34,0,21 22,0,273,,98197,34,0,21 22,0,209,,98198,34,0,21 22,0,98,,98199,34,0,21 22,0,193,,98200,34,0,21 22,0
1002200,'5458',947,,98201,34,,,0,196,,98202,34,0,21 22,0,273,,98203,34,0,21 22,0,209,,98204,34,0,21 22,0,98,,98205,34,0,21 22,0,193,,98206,34,0,21 22,0
14002100,'5456',2124,,98507,19,,,0,30,,98504,19,,,0,70,,98506,19,,,0,99,,98508,19,,,0,99,,98505,19,,,0
14002100,'5458',2124,,98512,19,,,0,30,,98509,19,,,0,70,,98511,19,,,0,99,,98513,19,,,0,99,,98510,19,,,0
14002100,'5459',2124,,98514,19,,,0,30,,98515,19,,,0,70,,98516,19,,,0,102,,98517,19,,,0,97,,98518,19,,,0
14002100,'5460',2125,,98519,19,,,0,100,,98520,19,,,0,99,,98521,19,,,0
14002100,'5461',2125,,98522,19,,,0,100,,98523,19,,,0,99,,98524,19,,,0
14002100,'5462',2125,,98525,19,,,0,100,,98526,19,,,0,99,,98527,19,,,0
14002100,'5463',2125,,98528,19,,,0,100,,98529,19,,,0,99,,98530,19,,,0
