1700,'5456',815,,88090,24,,,0
1700,'5458',815,,88091,24,,,0
2600,'5456',611,,89325,32,,,0,30,,89326,32,,,0,62,,89327,32,,,0,19,,89328,32,,,0,12,,89329,32,,,0,10,,89330,14,,,0,6,,89331,32,,,0,7,,89332,32,,,0,47,,89406,14,,,0,9,,89334,32,,,0,8,,89335,32,,,0,8,,89336,12,,,0,8,,89337,32,,,0,6,,89338,12,,,0,8,,89339,32,,,0,49,,89340,12,,,0,6,,89341,32,,,0,7,,89342,12,,,0,9,,89343,32,,,0,7,,89344,12,,,0,8,,89345,32,,,0,7,,89346,12,,,0,8,,89347,32,,,0,49,,89348,12,,,0,7,,89349,32,,,0,16,,89350,32,,,0,16,,89351,32,,,0,14,,89352,32,,,0,55,,89353,32,,,0,15,,89354,32,,,0,17,,89355,32,,,0,15,,89356,32,,,0,56,,89357,32,,,0,16,,89358,32,,,0,15,,89359,32,,,0,14,,89360,32,,,0,54,,89361,32,,,0,15,,89362,32,,,0,16,,89363,32,,,0,15,,89364,32,,,0,45,,89365,12,,,0,10,,89366,32,,,0,16,,89367,32,,,0,14,,89368,32,,,0,13,,89369,32,,,0,53,,89370,32,,,0,7,,89371,12,,,0,5,,89372,32,,,0,14,,89373,32,,,0,15,,89374,32,,,0,52,,89375,32,,,0,10,,89376,32,,,0,11,,89377,32,,,0,14,,89378,32,,,0,13,,89379,32,,,0,51,,89380,32,,,0,9,,89381,32,,,0,12,,89382,32,,,0,11,,89383,32,,,0,12,,89384,32,,,0,12,,89385,32,,,0,56,,89386,32,,,0,13,,89387,32,,,0,15,,89388,32,,,0,17,,89389,32,,,0,53,,89390,32,,,0,14,,89391,32,,,0,15,,89392,32,,,0,19,,89393,32,,,0,60,,89394,32,,,0,20,,89395,32,,,0,20,,89396,32,,,0,60,,89397,32,,,0,19,,89398,32,,,0,63,,89399,32,,,0,31,,89400,32,,,0,69,,89401,32,,,0,30,,89402,32,,,0,28,,89403,32,,,0,70,,89404,32,,,0,30,,89405,32,,,0
2600,'5458',611,,89407,32,,,0,30,,89408,32,,,0,62,,89409,32,,,0,19,,89410,32,,,0,12,,89411,32,,,0,10,,89412,14,,,0,6,,89413,32,,,0,7,,89414,32,,,0,47,,89489,14,,,0,9,,89416,32,,,0,8,,89417,32,,,0,8,,89418,12,,,0,8,,89419,32,,,0,6,,89420,12,,,0,8,,89421,32,,,0,49,,89422,12,,,0,6,,89423,32,,,0,7,,89424,12,,,0,9,,89425,32,,,0,7,,89426,12,,,0,8,,89427,32,,,0,7,,89428,12,,,0,8,,89429,32,,,0,49,,89430,12,,,0,7,,89431,32,,,0,16,,89432,32,,,0,16,,89433,32,,,0,14,,89434,32,,,0,55,,89435,32,,,0,15,,89436,32,,,0,17,,89437,32,,,0,15,,89438,32,,,0,56,,89439,32,,,0,16,,89440,32,,,0,15,,89441,32,,,0,14,,89442,32,,,0,54,,89443,32,,,0,15,,89444,32,,,0,16,,89445,32,,,0,15,,89446,32,,,0,45,,89447,12,,,0,10,,89448,32,,,0,16,,89449,32,,,0,14,,89450,32,,,0,13,,89451,32,,,0,53,,89452,32,,,0,7,,89453,12,,,0,5,,89454,32,,,0,14,,89455,32,,,0,15,,89456,32,,,0,52,,89457,32,,,0,10,,89458,32,,,0,11,,89459,32,,,0,14,,89460,32,,,0,13,,89461,32,,,0,51,,89462,32,,,0,9,,89463,32,,,0,12,,89464,32,,,0,11,,89465,32,,,0,12,,89466,32,,,0,12,,89467,32,,,0,56,,89468,32,,,0,13,,89469,32,,,0,15,,89470,32,,,0,17,,89471,32,,,0,53,,89472,32,,,0,14,,89473,32,,,0,15,,89474,32,,,0,19,,89475,32,,,0,60,,89476,32,,,0,20,,89477,32,,,0,20,,89478,32,,,0,60,,89479,32,,,0,19,,89480,32,,,0,63,,89481,32,,,0,31,,89482,32,,,0,69,,89483,32,,,0,30,,89484,32,,,0,28,,89485,32,,,0,70,,89486,32,,,0,30,,89487,32,,,0,100,,89488,32,,,0
2600,'5459',654,,89491,32,,,0,71,,89492,32,,,0,30,,89493,32,,,0,58,,89494,32,,,0,17,,89495,32,,,0,18,,89496,32,,,0,58,,89497,32,,,0,18,,89498,32,,,0,17,,89499,32,,,0,18,,89500,32,,,0,57,,89501,32,,,0,17,,89502,32,,,0,17,,89503,32,,,0,58,,89504,32,,,0,18,,89505,32,,,0,17,,89490,32,,,0,59,,89506,32,,,0,19,,89507,32,,,0,17,,89508,32,,,0,17,,89509,32,,,0,57,,89510,32,,,0,17,,89511,32,,,0,17,,89512,32,,,0,57,,89513,32,,,0,18,,89514,32,,,0,16,,89515,32,,,0,16,,89516,32,,,0,58,,89517,32,,,0,17,,89518,32,,,0,18,,89519,32,,,0,57,,89520,32,,,0,16,,89521,32,,,0,15,,89522,32,,,0,14,,89523,32,,,0,55,,89524,32,,,0,16,,89525,32,,,0,16,,89526,32,,,0,16,,89527,32,,,0,56,,89528,32,,,0,17,,89529,32,,,0,17,,89530,32,,,0,60,,89531,32,,,0,19,,89532,32,,,0,20,,89533,32,,,0,19,,89534,32,,,0,60,,89535,32,,,0,19,,89536,32,,,0,20,,89537,32,,,0,59,,89538,32,,,0,20,,89539,32,,,0,65,,89540,32,,,0,29,,89541,32,,,0,70,,89542,32,,,0,30,,89543,32,,,0,69,,89544,32,,,0,30,,89545,32,,,0,70,,89546,32,,,0,101,,89547,32,,,0
2600,'5460',717,,89564,32,,,0,27,,89572,32,,,0,61,,89554,32,,,0,23,,89548,32,,,0,24,,89566,32,,,0,61,,89573,32,,,0,27,,89555,32,,,0,64,,89549,32,,,0,20,,89567,32,,,0,24,,89558,32,,,0,60,,89550,32,,,0,18,,89556,32,,,0,18,,89552,32,,,0,60,,89565,32,,,0,19,,89553,32,,,0,20,,89570,32,,,0,58,,89551,32,,,0,18,,89568,32,,,0,19,,89560,32,,,0,18,,89563,32,,,0,60,,89561,32,,,0,18,,89571,32,,,0,17,,89557,32,,,0,58,,89569,32,,,0,18,,89559,32,,,0,17,,89562,32,,,0,58,,89578,32,,,0,18,,89582,32,,,0,16,,89575,32,,,0,18,,89584,32,,,0,58,,89577,32,,,0,18,,89580,32,,,0,17,,89576,32,,,0,56,,89585,32,,,0,16,,89574,32,,,0,20,,89583,32,,,0,19,,89579,32,,,0,58,,89581,32,,,0,19,,89589,32,,,0,20,,89587,32,,,0,59,,89591,32,,,0,20,,89588,32,,,0,19,,89590,32,,,0,60,,89592,32,,,0,20,,89586,32,,,0,70,,89594,32,,,0,28,,89593,32,,,0,70,,89595,32,,,0,30,,89596,32,,,0,78,,89597,32,,,0
2600,'5461',717,,89614,32,,,0,27,,89622,32,,,0,61,,89604,32,,,0,23,,89598,32,,,0,24,,89616,32,,,0,61,,89623,32,,,0,27,,89605,32,,,0,64,,89599,32,,,0,20,,89617,32,,,0,24,,89608,32,,,0,60,,89600,32,,,0,18,,89606,32,,,0,18,,89602,32,,,0,60,,89615,32,,,0,19,,89603,32,,,0,20,,89620,32,,,0,58,,89601,32,,,0,18,,89618,32,,,0,19,,89610,32,,,0,18,,89613,32,,,0,60,,89611,32,,,0,18,,89621,32,,,0,17,,89607,32,,,0,58,,89619,32,,,0,18,,89609,32,,,0,17,,89612,32,,,0,58,,89628,32,,,0,18,,89632,32,,,0,16,,89625,32,,,0,18,,89634,32,,,0,58,,89627,32,,,0,18,,89630,32,,,0,17,,89626,32,,,0,56,,89635,32,,,0,16,,89624,32,,,0,20,,89633,32,,,0,19,,89629,32,,,0,58,,89631,32,,,0,19,,89639,32,,,0,20,,89637,32,,,0,59,,89641,32,,,0,20,,89638,32,,,0,19,,89640,32,,,0,60,,89642,32,,,0,20,,89636,32,,,0,70,,89644,32,,,0,28,,89643,32,,,0,70,,89645,32,,,0,30,,89646,32,,,0,78,,89647,32,,,0
2600,'5462',717,,89664,32,,,0,27,,89672,32,,,0,61,,89654,32,,,0,23,,89648,32,,,0,24,,89666,32,,,0,61,,89673,32,,,0,27,,89655,32,,,0,64,,89649,32,,,0,20,,89667,32,,,0,24,,89658,32,,,0,60,,89650,32,,,0,18,,89656,32,,,0,18,,89652,32,,,0,60,,89665,32,,,0,19,,89653,32,,,0,20,,89670,32,,,0,58,,89651,32,,,0,18,,89668,32,,,0,19,,89660,32,,,0,18,,89663,32,,,0,60,,89661,32,,,0,18,,89671,32,,,0,17,,89657,32,,,0,58,,89669,32,,,0,18,,89659,32,,,0,17,,89662,32,,,0,58,,89678,32,,,0,18,,89682,32,,,0,16,,89675,32,,,0,18,,89684,32,,,0,58,,89677,32,,,0,18,,89680,32,,,0,17,,89676,32,,,0,56,,89685,32,,,0,16,,89674,32,,,0,20,,89683,32,,,0,19,,89679,32,,,0,58,,89681,32,,,0,19,,89689,32,,,0,20,,89687,32,,,0,59,,89691,32,,,0,20,,89688,32,,,0,19,,89690,32,,,0,60,,89692,32,,,0,20,,89686,32,,,0,70,,89694,32,,,0,28,,89693,32,,,0,70,,89695,32,,,0,30,,89696,32,,,0,78,,89697,32,,,0
2600,'5463',717,,89714,32,,,0,27,,89722,32,,,0,61,,89704,32,,,0,23,,89698,32,,,0,24,,89716,32,,,0,61,,89723,32,,,0,27,,89705,32,,,0,64,,89699,32,,,0,20,,89717,32,,,0,24,,89708,32,,,0,60,,89700,32,,,0,18,,89706,32,,,0,18,,89702,32,,,0,60,,89715,32,,,0,19,,89703,32,,,0,20,,89720,32,,,0,58,,89701,32,,,0,18,,89718,32,,,0,19,,89710,32,,,0,18,,89713,32,,,0,60,,89711,32,,,0,18,,89721,32,,,0,17,,89707,32,,,0,58,,89719,32,,,0,18,,89709,32,,,0,17,,89712,32,,,0,58,,89728,32,,,0,18,,89732,32,,,0,16,,89725,32,,,0,18,,89734,32,,,0,58,,89727,32,,,0,18,,89730,32,,,0,17,,89726,32,,,0,56,,89735,32,,,0,16,,89724,32,,,0,20,,89733,32,,,0,19,,89729,32,,,0,58,,89731,32,,,0,19,,89739,32,,,0,20,,89737,32,,,0,59,,89741,32,,,0,20,,89738,32,,,0,19,,89740,32,,,0,60,,89742,32,,,0,20,,89736,32,,,0,70,,89744,32,,,0,28,,89743,32,,,0,70,,89745,32,,,0,30,,89746,32,,,0,78,,89747,32,,,0
4000,'5456',651,,92841,27,,,0,84,,92842,27,,,0,70,,92840,27,,,0,26,,92839,27,,,0,106,,92834,27,,,0,100,,92835,27,,,0,100,,92832,27,,,0,101,,92837,27,,,0,99,,92828,27,,,0,100,,92836,27,,,0,105,,92827,27,,,0,82,,92826,27,,,0,32,,92833,27,,,0,64,,92825,27,,,0,32,,92830,27,,,0,94,,92838,27,,,0,100,,92829,27,,,0,169,,92831,27,,,0,342,,92824,27,,,0
4000,'5458',651,,92860,27,,,0,84,,92861,27,,,0,70,,92859,27,,,0,26,,92858,27,,,0,106,,92853,27,,,0,100,,92854,27,,,0,100,,92851,27,,,0,101,,92856,27,,,0,99,,92847,27,,,0,100,,92855,27,,,0,105,,92846,27,,,0,82,,92845,27,,,0,32,,92852,27,,,0,64,,92844,27,,,0,32,,92849,27,,,0,94,,92857,27,,,0,100,,92848,27,,,0,169,,92850,27,,,0,342,,92843,27,,,0
4000,'5459',730,,92871,27,,,0,173,,92872,27,,,0,100,,92862,27,,,0,101,,92865,27,,,0,100,,92867,27,,,0,101,,92873,27,,,0,101,,92863,27,,,0,101,,92864,27,,,0,100,,92868,27,,,0,100,,92874,27,,,0,98,,92866,27,,,0,98,,92870,27,,,0,100,,92869,27,,,0,53,,92875,27,,,0
4000,'5460',827,,92877,27,,,0,176,,92876,27,,,0,101,,92878,27,,,0,100,,92879,27,,,0,101,,92880,27,,,0,101,,92881,27,,,0,101,,92884,27,,,0,100,,92883,27,,,0,100,,92882,27,,,0,98,,92885,27,,,0,98,,92886,27,,,0,99,,92887,27,,,0
4000,'5461',827,,92889,27,,,0,176,,92888,27,,,0,101,,92890,27,,,0,100,,92891,27,,,0,101,,92892,27,,,0,101,,92893,27,,,0,101,,92896,27,,,0,100,,92895,27,,,0,100,,92894,27,,,0,98,,92897,27,,,0,98,,92898,27,,,0,99,,92899,27,,,0
4000,'5462',827,,92901,27,,,0,176,,92900,27,,,0,101,,92902,27,,,0,100,,92903,27,,,0,101,,92904,27,,,0,101,,92905,27,,,0,101,,92908,27,,,0,100,,92907,27,,,0,100,,92906,27,,,0,98,,92909,27,,,0,98,,92910,27,,,0,99,,92911,27,,,0
4000,'5463',827,,92913,27,,,0,176,,92912,27,,,0,101,,92914,27,,,0,100,,92915,27,,,0,101,,92916,27,,,0,101,,92917,27,,,0,101,,92920,27,,,0,100,,92919,27,,,0,100,,92918,27,,,0,98,,92921,27,,,0,98,,92922,27,,,0,99,,92923,27,,,0
24005100,'5456',637,,98574,21,,,0,69,,98570,26,,,0,20,,98569,26,,,0,14,,98559,26,,,0,19,,98568,26,,,0,66,,98566,26,,,0,12,,98567,26,,,0,70,,98571,26,,,0,103,,98565,26,,,0,100,,98572,26,,,0,100,,98564,26,,,0,100,,98573,26,,,0,100,,98563,26,,,0,102,,98561,26,,,0,105,,98575,26,,,0,28,,98562,26,,,0,70,,98560,26,,,0
24005100,'5458',637,,98591,21,,,0,69,,98587,26,,,0,20,,98586,26,,,0,14,,98576,26,,,0,19,,98585,26,,,0,66,,98583,26,,,0,12,,98584,26,,,0,70,,98588,26,,,0,103,,98582,26,,,0,100,,98589,26,,,0,100,,98581,26,,,0,100,,98590,26,,,0,100,,98580,26,,,0,102,,98578,26,,,0,105,,98592,26,,,0,28,,98579,26,,,0,70,,98577,26,,,0
