7500,'5456',915,,103987,43,0,13 14,0,28,,103986,43,0,42 43,0,74,,103990,43,0,13 14,0,27,,103989,43,0,42 43,0,70,,95979,43,0,13 14,0,29,,103995,43,0,42 43,0,70,,95981,43,0,13 14,0,30,,103992,43,0,42 43,0,70,,103993,43,0,13 14,0,29,,95985,43,0,42 43,0,70,,103994,43,0,13 14,0,24,,95988,43,0,42 43,0,71,,103996,43,0,42 43,0,35,,95990,43,0,42 43,0,70,,103997,43,0,13 14,0,31,,95992,43,0,42 43,0,105,,103999,43,0,13 14 49,0,76,,96001,43,0,13 14,0,87,,95997,43,0,13 14,0,36,,104001,43,0,42 43,0,108,,95999,43,0,42 43,0,95,,96000,43,0,13 14,0
7500,'5458',915,,104009,43,0,13 14,0,28,,104008,43,0,42 43,0,74,,104012,43,0,13 14,0,27,,104011,43,0,42 43,0,70,,96018,43,0,13 14,0,29,,104017,43,0,42 43,0,70,,96020,43,0,13 14,0,30,,104014,43,0,42 43,0,70,,104015,43,0,13 14,0,29,,96024,43,0,42 43,0,70,,104016,43,0,13 14,0,24,,96027,43,0,42 43,0,71,,104018,43,0,42 43,0,35,,96029,43,0,42 43,0,70,,104019,43,0,13 14,0,31,,96031,43,0,42 43,0,105,,104021,43,0,13 14 49,0,76,,96040,43,0,13 14,0,87,,96036,43,0,13 14,0,36,,104023,43,0,42 43,0,108,,96038,43,0,42 43,0,95,,96039,43,0,13 14,0
7500,'5459',947,,96044,43,0,42 43,0,98,,104027,43,0,42 43,0,101,,104028,43,0,42 43,0,70,,104029,43,0,13 14,0,30,,104030,43,0,42 43,0,69,,96052,43,0,13 14,0,31,,96053,43,0,42 43,0,64,,96054,43,0,13 14,0,36,,104031,43,0,42 43,0,70,,104032,43,0,13 14,0,30,,104033,43,0,42 43,0,71,,104034,43,0,13 14,0,30,,96059,43,0,42 43,0,100,,96060,43,0,42 43,0,102,,104035,43,0,42 43,0,101,,104036,43,0,42 43,0,102,,96063,43,0,42 43,0,98,,96064,43,0,13 14,0
7500,'5460',948,,104039,43,0,42 43,0,98,,96071,43,0,42 43,0,100,,96072,43,0,42 43,0,70,,104040,43,0,13 14,0,30,,104041,43,0,42 43,0,70,,104042,43,0,13 14,0,30,,104043,43,0,42 43,0,70,,96077,43,0,13 14,0,30,,104044,43,0,42 43,0,70,,96079,43,0,13 14,0,30,,104045,43,0,42 43,0,100,,104046,43,0,42 43,0,101,,96082,43,0,42 43,0,102,,104047,43,0,42 43,0,103,,104048,43,0,42 43,0,104,,104049,43,0,42 43,0,96,,96086,43,0,13 14,0
7500,'5461',948,,96091,43,0,42 43,0,98,,96092,43,0,42 43,0,100,,96093,43,0,42 43,0,70,,104052,43,0,13 14,0,30,,104053,43,0,42 43,0,70,,104054,43,0,13 14,0,30,,104055,43,0,42 43,0,70,,96098,43,0,13 14,0,30,,104056,43,0,42 43,0,70,,96100,43,0,13 14,0,30,,104057,43,0,42 43,0,100,,104058,43,0,42 43,0,101,,104059,43,0,42 43,0,102,,104060,43,0,42 43,0,103,,96105,43,0,42 43,0,104,,104061,43,0,42 43,0,96,,104062,43,0,13 14,0
7500,'5462',948,,96112,43,0,42 43,0,98,,96113,43,0,42 43,0,100,,96114,43,0,42 43,0,70,,104064,43,0,13 14,0,30,,104065,43,0,42 43,0,70,,104066,43,0,13 14,0,30,,104067,43,0,42 43,0,70,,96119,43,0,13 14,0,30,,104068,43,0,42 43,0,70,,96121,43,0,13 14,0,30,,104069,43,0,42 43,0,100,,104070,43,0,42 43,0,101,,104071,43,0,42 43,0,102,,104072,43,0,42 43,0,103,,96126,43,0,42 43,0,104,,104073,43,0,42 43,0,96,,104074,43,0,13 14,0
7500,'5463',948,,96133,43,0,42 43,0,98,,96134,43,0,42 43,0,100,,96135,43,0,42 43,0,70,,104076,43,0,13 14,0,30,,104077,43,0,42 43,0,70,,104078,43,0,13 14,0,30,,104079,43,0,42 43,0,70,,96140,43,0,13 14,0,30,,104080,43,0,42 43,0,70,,96142,43,0,13 14,0,30,,104081,43,0,42 43,0,100,,104082,43,0,42 43,0,101,,104083,43,0,42 43,0,102,,104084,43,0,42 43,0,103,,96147,43,0,42 43,0,104,,104085,43,0,42 43,0,96,,104086,43,0,13 14,0
7501,'5456',921,,104089,23,,,0,79,,96159,23,,,0,30,,104092,23,,,0,73,,104093,23,,,0,28,,96164,23,,,0,70,,104094,23,,,0,31,,96166,23,,,0,70,,104095,23,,,0,30,,96168,23,,,0,71,,104096,23,,,0,30,,104097,23,,,0,71,,104098,23,,,0,19,,104106,23,,,0,11,,104099,23,,,0,19,,96174,23,,,0,54,,96173,23,,,0,20,,104105,2,,,0,10,,104100,23,,,0,68,,96176,23,,,0,28,,104101,23,,,0,70,,96178,23,,,0,99,,96179,23,,,0,57,,96180,23,,,0,100,,104102,23,,,0,99,,104103,23,,,0,94,,96184,23,0,28 29 14,0
7501,'5458',921,,104109,23,,,0,79,,96196,23,,,0,30,,104112,23,,,0,73,,104113,23,,,0,28,,96201,23,,,0,70,,104114,23,,,0,31,,96203,23,,,0,70,,104115,23,,,0,30,,96205,23,,,0,71,,104116,23,,,0,30,,104117,23,,,0,71,,104118,23,,,0,19,,104126,23,,,0,11,,104119,23,,,0,19,,96211,23,,,0,54,,96210,23,,,0,20,,104125,2,,,0,10,,104120,23,,,0,68,,96213,23,,,0,28,,104121,23,,,0,70,,96215,23,,,0,99,,96216,23,,,0,57,,96217,23,,,0,100,,104122,23,,,0,99,,104123,23,,,0,94,,96221,23,0,28 29 14,0
7501,'5459',958,,104129,23,,,0,143,,96229,23,,,0,101,,96230,23,,,0,30,,104130,23,,,0,70,,104131,23,,,0,30,,104132,23,,,0,70,,104133,23,,,0,34,,96235,23,,,0,70,,104134,23,,,0,30,,96237,23,,,0,70,,96238,23,,,0,31,,104135,23,,,0,70,,104136,23,,,0,96,,104137,23,,,0,56,,96242,23,,,0,99,,96243,23,,,0,100,,104138,23,,,0,100,,104139,23,,,0,95,,96246,23,0,28 29 14,0
7501,'5460',956,,104142,23,,,0,101,,96252,23,,,0,143,,104143,23,,,0,31,,104144,23,,,0,70,,96255,23,,,0,30,,104145,23,,,0,70,,96257,23,,,0,31,,104146,23,,,0,71,,104147,23,,,0,30,,104148,23,,,0,70,,104149,23,,,0,100,,104150,23,,,0,102,,104151,23,,,0,99,,104152,23,,,0,100,,96265,23,,,0,99,,104153,23,,,0,100,,104154,23,,,0,48,,96268,23,0,28 29 14,0
7501,'5461',956,,96273,23,,,0,101,,96274,23,,,0,143,,96275,23,,,0,31,,104158,23,,,0,70,,96277,23,,,0,30,,104159,23,,,0,70,,96279,23,,,0,31,,104160,23,,,0,71,,104161,23,,,0,30,,104162,23,,,0,70,,104163,23,,,0,100,,104164,23,,,0,102,,104165,23,,,0,99,,104166,23,,,0,100,,104167,23,,,0,99,,104168,23,,,0,100,,96289,23,,,0,48,,104169,23,0,28 29 14,0
7501,'5462',956,,96295,23,,,0,101,,96296,23,,,0,143,,96297,23,,,0,31,,104172,23,,,0,70,,96299,23,,,0,30,,104173,23,,,0,70,,96301,23,,,0,31,,104174,23,,,0,71,,104175,23,,,0,30,,104176,23,,,0,70,,104177,23,,,0,100,,104178,23,,,0,102,,104179,23,,,0,99,,104180,23,,,0,100,,104181,23,,,0,99,,104182,23,,,0,100,,96311,23,,,0,48,,104183,23,0,28 29 14,0
7501,'5463',956,,96317,23,,,0,101,,96318,23,,,0,143,,96319,23,,,0,31,,104186,23,,,0,70,,96321,23,,,0,30,,104187,23,,,0,70,,96323,23,,,0,31,,104188,23,,,0,71,,104189,23,,,0,30,,104190,23,,,0,70,,104191,23,,,0,100,,104192,23,,,0,102,,104193,23,,,0,99,,104194,23,,,0,100,,104195,23,,,0,99,,104196,23,,,0,100,,96333,23,,,0,48,,104197,23,0,28 29 14,0
