1700,'5456',816,,88090,26,,,0
1700,'5458',816,,88091,26,,,0
2600,'5456',612,,100962,34,,,0,30,,89326,34,,,0,62,,89327,34,,,0,19,,89328,34,,,0,12,,89329,34,,,0,10,,89330,16,,,0,7,,100963,34,,,0,6,,89332,34,,,0,47,,89406,16,,,0,9,,89334,34,,,0,8,,100964,34,,,0,8,,89336,14,,,0,8,,89337,34,,,0,7,,89338,14,,,0,8,,89339,34,,,0,49,,100965,14,,,0,6,,89341,34,,,0,7,,89342,14,,,0,8,,89343,34,,,0,7,,89344,14,,,0,8,,89345,34,,,0,7,,89346,14,,,0,8,,100966,34,,,0,49,,100967,14,,,0,7,,100968,34,,,0,16,,100969,34,,,0,16,,100970,34,,,0,15,,89352,34,,,0,55,,89353,34,,,0,15,,89354,34,,,0,17,,89355,34,,,0,15,,89356,34,,,0,56,,89357,34,,,0,16,,100971,34,,,0,15,,89359,34,,,0,14,,89360,34,,,0,54,,89361,34,,,0,15,,100972,34,,,0,16,,100973,34,,,0,14,,100974,34,,,0,45,,100975,14,,,0,10,,100976,34,,,0,16,,100977,34,,,0,14,,89368,34,,,0,13,,89369,34,,,0,53,,100978,34,,,0,7,,100979,14,,,0,5,,100980,34,,,0,14,,100981,34,,,0,15,,100982,34,,,0,52,,100983,34,,,0,10,,89376,34,,,0,12,,100984,34,,,0,14,,100985,34,,,0,13,,89379,34,,,0,51,,89380,34,,,0,9,,89381,34,,,0,12,,89382,34,,,0,11,,100986,34,,,0,12,,100987,34,,,0,12,,100988,34,,,0,56,,89386,34,,,0,13,,100989,34,,,0,15,,89388,34,,,0,16,,89389,34,,,0,53,,89390,34,,,0,14,,100990,34,,,0,15,,100991,34,,,0,19,,89393,34,,,0,60,,89394,34,,,0,20,,89395,34,,,0,20,,89396,34,,,0,60,,100992,34,,,0,19,,89398,34,,,0,63,,89399,34,,,0,31,,89400,34,,,0,68,,100993,34,,,0,30,,89402,34,,,0,28,,89403,34,,,0,70,,100994,34,,,0,30,,89405,34,,,0
2600,'5458',612,,100995,34,,,0,30,,89408,34,,,0,62,,89409,34,,,0,19,,89410,34,,,0,12,,89411,34,,,0,10,,89412,16,,,0,7,,100996,34,,,0,6,,89414,34,,,0,47,,89489,16,,,0,9,,89416,34,,,0,8,,100997,34,,,0,8,,89418,14,,,0,8,,89419,34,,,0,7,,89420,14,,,0,8,,89421,34,,,0,49,,100998,14,,,0,6,,89423,34,,,0,7,,89424,14,,,0,8,,89425,34,,,0,7,,89426,14,,,0,8,,89427,34,,,0,7,,89428,14,,,0,8,,100999,34,,,0,49,,101000,14,,,0,7,,101001,34,,,0,16,,101002,34,,,0,16,,101003,34,,,0,15,,89434,34,,,0,55,,89435,34,,,0,15,,89436,34,,,0,17,,89437,34,,,0,15,,89438,34,,,0,56,,89439,34,,,0,16,,101004,34,,,0,15,,89441,34,,,0,14,,89442,34,,,0,54,,89443,34,,,0,15,,101005,34,,,0,16,,101006,34,,,0,14,,101007,34,,,0,45,,101008,14,,,0,10,,101009,34,,,0,16,,101010,34,,,0,14,,89450,34,,,0,13,,89451,34,,,0,53,,101011,34,,,0,7,,101012,14,,,0,5,,101013,34,,,0,14,,101014,34,,,0,15,,101015,34,,,0,52,,101016,34,,,0,10,,89458,34,,,0,12,,101017,34,,,0,14,,101018,34,,,0,13,,89461,34,,,0,51,,89462,34,,,0,9,,89463,34,,,0,12,,89464,34,,,0,11,,101019,34,,,0,12,,101020,34,,,0,12,,101021,34,,,0,56,,89468,34,,,0,13,,101022,34,,,0,15,,89470,34,,,0,16,,89471,34,,,0,53,,89472,34,,,0,14,,101023,34,,,0,15,,101024,34,,,0,19,,89475,34,,,0,60,,89476,34,,,0,20,,89477,34,,,0,20,,89478,34,,,0,60,,101025,34,,,0,19,,89480,34,,,0,63,,89481,34,,,0,31,,89482,34,,,0,68,,101026,34,,,0,30,,89484,34,,,0,28,,89485,34,,,0,70,,101027,34,,,0,30,,89487,34,,,0,100,,101028,34,,,0
2600,'5459',655,,101029,34,,,0,71,,89492,34,,,0,30,,89493,34,,,0,58,,101030,34,,,0,17,,101031,34,,,0,18,,89496,34,,,0,58,,89497,34,,,0,18,,89498,34,,,0,17,,89499,34,,,0,58,,101032,34,,,0,17,,89501,34,,,0,18,,101033,34,,,0,17,,89503,34,,,0,58,,89504,34,,,0,18,,89505,34,,,0,17,,89490,34,,,0,59,,89506,34,,,0,19,,101034,34,,,0,17,,89508,34,,,0,17,,101035,34,,,0,57,,101036,34,,,0,17,,89511,34,,,0,17,,89512,34,,,0,57,,89513,34,,,0,18,,101037,34,,,0,16,,89515,34,,,0,16,,89516,34,,,0,58,,101038,34,,,0,17,,101039,34,,,0,17,,89519,34,,,0,57,,89520,34,,,0,16,,101040,34,,,0,16,,89522,34,,,0,14,,89523,34,,,0,55,,89524,34,,,0,16,,101041,34,,,0,16,,89526,34,,,0,16,,89527,34,,,0,55,,101042,34,,,0,17,,101043,34,,,0,17,,89530,34,,,0,60,,101044,34,,,0,19,,89532,34,,,0,20,,89533,34,,,0,59,,101045,34,,,0,20,,89535,34,,,0,19,,101046,34,,,0,20,,89537,34,,,0,59,,89538,34,,,0,20,,101047,34,,,0,65,,89540,34,,,0,29,,101048,34,,,0,70,,89542,34,,,0,30,,89543,34,,,0,69,,101049,34,,,0,30,,89545,34,,,0,69,,89546,34,,,0,101,,89547,34,,,0
2600,'5460',718,,89564,34,,,0,27,,101055,34,,,0,61,,101050,34,,,0,23,,89548,34,,,0,24,,89566,34,,,0,61,,101056,34,,,0,27,,101051,34,,,0,64,,89549,34,,,0,20,,89567,34,,,0,24,,101052,34,,,0,60,,89550,34,,,0,18,,89556,34,,,0,18,,89552,34,,,0,60,,89565,34,,,0,19,,89553,34,,,0,20,,101053,34,,,0,58,,89551,34,,,0,18,,89568,34,,,0,19,,89560,34,,,0,18,,89563,34,,,0,60,,89561,34,,,0,18,,101054,34,,,0,17,,89557,34,,,0,58,,89569,34,,,0,18,,89559,34,,,0,17,,89562,34,,,0,58,,89578,34,,,0,18,,101057,34,,,0,16,,89575,34,,,0,18,,89584,34,,,0,58,,89577,34,,,0,18,,89580,34,,,0,17,,89576,34,,,0,56,,101058,34,,,0,16,,89574,34,,,0,20,,89583,34,,,0,19,,89579,34,,,0,58,,89581,34,,,0,19,,89589,34,,,0,20,,89587,34,,,0,59,,89591,34,,,0,20,,89588,34,,,0,19,,89590,34,,,0,60,,89592,34,,,0,20,,89586,34,,,0,70,,89594,34,,,0,28,,101059,34,,,0,70,,89595,34,,,0,30,,89596,34,,,0,78,,101060,34,,,0
2600,'5461',718,,101065,34,,,0,27,,89622,34,,,0,61,,89604,34,,,0,23,,89598,34,,,0,24,,89616,34,,,0,61,,89623,34,,,0,27,,89605,34,,,0,64,,89599,34,,,0,20,,89617,34,,,0,24,,89608,34,,,0,60,,101061,34,,,0,18,,89606,34,,,0,18,,89602,34,,,0,60,,89615,34,,,0,19,,89603,34,,,0,20,,89620,34,,,0,58,,101062,34,,,0,18,,101066,34,,,0,19,,89610,34,,,0,18,,89613,34,,,0,60,,89611,34,,,0,18,,89621,34,,,0,17,,101063,34,,,0,58,,101067,34,,,0,18,,101064,34,,,0,17,,89612,34,,,0,58,,89628,34,,,0,18,,89632,34,,,0,16,,101069,34,,,0,18,,89634,34,,,0,58,,101070,34,,,0,18,,89630,34,,,0,17,,89626,34,,,0,56,,89635,34,,,0,16,,101068,34,,,0,20,,89633,34,,,0,19,,89629,34,,,0,58,,101071,34,,,0,19,,101074,34,,,0,20,,101073,34,,,0,59,,101076,34,,,0,20,,89638,34,,,0,19,,101075,34,,,0,60,,101077,34,,,0,20,,101072,34,,,0,70,,101078,34,,,0,28,,89643,34,,,0,70,,101079,34,,,0,30,,101080,34,,,0,78,,101081,34,,,0
2600,'5462',718,,101086,34,,,0,27,,89672,34,,,0,61,,89654,34,,,0,23,,89648,34,,,0,24,,89666,34,,,0,61,,89673,34,,,0,27,,89655,34,,,0,64,,89649,34,,,0,20,,89667,34,,,0,24,,89658,34,,,0,60,,101082,34,,,0,18,,89656,34,,,0,18,,89652,34,,,0,60,,89665,34,,,0,19,,89653,34,,,0,20,,89670,34,,,0,58,,101083,34,,,0,18,,101087,34,,,0,19,,89660,34,,,0,18,,89663,34,,,0,60,,89661,34,,,0,18,,89671,34,,,0,17,,101084,34,,,0,58,,101088,34,,,0,18,,101085,34,,,0,17,,89662,34,,,0,58,,89678,34,,,0,18,,89682,34,,,0,16,,101090,34,,,0,18,,89684,34,,,0,58,,101091,34,,,0,18,,89680,34,,,0,17,,89676,34,,,0,56,,89685,34,,,0,16,,101089,34,,,0,20,,89683,34,,,0,19,,89679,34,,,0,58,,101092,34,,,0,19,,101095,34,,,0,20,,101094,34,,,0,59,,101097,34,,,0,20,,89688,34,,,0,19,,101096,34,,,0,60,,101098,34,,,0,20,,101093,34,,,0,70,,101099,34,,,0,28,,89693,34,,,0,70,,101100,34,,,0,30,,101101,34,,,0,78,,101102,34,,,0
2600,'5463',718,,101107,34,,,0,27,,89722,34,,,0,61,,89704,34,,,0,23,,89698,34,,,0,24,,89716,34,,,0,61,,89723,34,,,0,27,,89705,34,,,0,64,,89699,34,,,0,20,,89717,34,,,0,24,,89708,34,,,0,60,,101103,34,,,0,18,,89706,34,,,0,18,,89702,34,,,0,60,,89715,34,,,0,19,,89703,34,,,0,20,,89720,34,,,0,58,,101104,34,,,0,18,,101108,34,,,0,19,,89710,34,,,0,18,,89713,34,,,0,60,,89711,34,,,0,18,,89721,34,,,0,17,,101105,34,,,0,58,,101109,34,,,0,18,,101106,34,,,0,17,,89712,34,,,0,58,,89728,34,,,0,18,,89732,34,,,0,16,,101111,34,,,0,18,,89734,34,,,0,58,,101112,34,,,0,18,,89730,34,,,0,17,,89726,34,,,0,56,,89735,34,,,0,16,,101110,34,,,0,20,,89733,34,,,0,19,,89729,34,,,0,58,,101113,34,,,0,19,,101116,34,,,0,20,,101115,34,,,0,59,,101118,34,,,0,20,,89738,34,,,0,19,,101117,34,,,0,60,,101119,34,,,0,20,,101114,34,,,0,70,,101120,34,,,0,28,,89743,34,,,0,70,,101121,34,,,0,30,,101122,34,,,0,78,,101123,34,,,0
4000,'5456',652,,102555,29,,,0,84,,92842,29,,,0,70,,92840,29,,,0,26,,102554,29,,,0,107,,102549,29,,,0,99,,102550,29,,,0,101,,102547,29,,,0,101,,102552,29,,,0,99,,92828,29,,,0,100,,102551,29,,,0,105,,92827,29,,,0,81,,102545,29,,,0,32,,102548,29,,,0,65,,102544,29,,,0,31,,102546,29,,,0,94,,102553,29,,,0,100,,92829,29,,,0,169,,92831,29,,,0,342,,102543,29,,,0
4000,'5458',652,,102568,29,,,0,84,,92861,29,,,0,70,,92859,29,,,0,26,,102567,29,,,0,107,,102562,29,,,0,99,,102563,29,,,0,101,,102560,29,,,0,101,,102565,29,,,0,99,,92847,29,,,0,100,,102564,29,,,0,105,,92846,29,,,0,81,,102558,29,,,0,32,,102561,29,,,0,65,,102557,29,,,0,31,,102559,29,,,0,94,,102566,29,,,0,100,,92848,29,,,0,169,,92850,29,,,0,342,,102556,29,,,0
4000,'5459',731,,92871,29,,,0,173,,92872,29,,,0,100,,92862,29,,,0,102,,92865,29,,,0,100,,92867,29,,,0,101,,92873,29,,,0,101,,102569,29,,,0,101,,102570,29,,,0,100,,102572,29,,,0,100,,92874,29,,,0,97,,102571,29,,,0,98,,92870,29,,,0,100,,92869,29,,,0,53,,102573,29,,,0
4000,'5460',828,,92877,29,,,0,176,,92876,29,,,0,101,,92878,29,,,0,100,,92879,29,,,0,101,,92880,29,,,0,101,,92881,29,,,0,101,,102576,29,,,0,100,,102575,29,,,0,100,,102574,29,,,0,98,,102577,29,,,0,98,,92886,29,,,0,99,,92887,29,,,0
4000,'5461',828,,102578,29,,,0,176,,92888,29,,,0,101,,102579,29,,,0,100,,92891,29,,,0,101,,92892,29,,,0,101,,92893,29,,,0,101,,102582,29,,,0,100,,102581,29,,,0,100,,102580,29,,,0,98,,102583,29,,,0,98,,92898,29,,,0,99,,92899,29,,,0
4000,'5462',828,,102584,29,,,0,176,,92900,29,,,0,101,,102585,29,,,0,100,,92903,29,,,0,101,,92904,29,,,0,101,,92905,29,,,0,101,,102588,29,,,0,100,,102587,29,,,0,100,,102586,29,,,0,98,,102589,29,,,0,98,,92910,29,,,0,99,,92911,29,,,0
4000,'5463',828,,102590,29,,,0,176,,92912,29,,,0,101,,102591,29,,,0,100,,92915,29,,,0,101,,92916,29,,,0,101,,92917,29,,,0,101,,102594,29,,,0,100,,102593,29,,,0,100,,102592,29,,,0,98,,102595,29,,,0,98,,92922,29,,,0,99,,92923,29,,,0
24005100,'5456',638,,98574,22,,,0,69,,105757,27,,,0,20,,98569,27,,,0,15,,98559,27,,,0,58,,98568,27,,,0,27,,98566,27,,,0,11,,98567,27,,,0,71,,105758,27,,,0,103,,98565,27,,,0,100,,105759,27,,,0,100,,98564,27,,,0,100,,98573,27,,,0,100,,105756,27,,,0,102,,98561,27,,,0,105,,98575,27,,,0,28,,98562,27,,,0,70,,98560,27,,,0
24005100,'5458',638,,98591,22,,,0,69,,105761,27,,,0,20,,98586,27,,,0,15,,98576,27,,,0,58,,98585,27,,,0,27,,98583,27,,,0,11,,98584,27,,,0,71,,105762,27,,,0,103,,98582,27,,,0,100,,105763,27,,,0,100,,98581,27,,,0,100,,98590,27,,,0,100,,105760,27,,,0,102,,98578,27,,,0,105,,98592,27,,,0,28,,98579,27,,,0,70,,98577,27,,,0
