201,'5456',610,,82174,29,0,46 37,0,21,,82175,29,0,46 37,0,27,,82176,29,0,46 37,0,69,,82177,29,0,46 37,0,32,,82178,29,0,46 37,0,71,,82179,29,0,46 37,0,72,,82180,29,0,46 37,0,30,,82181,29,0,46 37,0,73,,82182,29,0,46 37,0,39,,82183,29,0,46 37,0,80,,82184,29,0,46 37,0,79,,82185,29,0,46 37,0,40,,82186,29,0,46 37,0,80,,82187,29,0,46 37,0,80,,82188,29,0,46 37,0,17,,82189,3,0,46 37,0,35,,82190,29,0,46 37,0,55,,82206,10,0,46 37,0,19,,82202,29,0,46 37,0,77,,82204,29,0,46 37,0,36,,82205,29,0,46 37,0,74,,82201,29,0,46 37,0,37,,82203,29,0,46 37,0,86,,82196,29,0,46 37,0,65,,82195,29,0,46 37,0,40,,82200,29,0,46 37,0,83,,82194,29,0,46 37,0,81,,82199,29,0,46 37,0,38,,82193,29,0,46 37,0,80,,82198,29,0,46 37,0,81,,82192,29,0,46 37,0,40,,82197,29,0,46 37,0,72,,82191,29,0,46 37,0
201,'5458',610,,82207,29,0,46 37,0,21,,82208,29,0,46 37,0,27,,82209,29,0,46 37,0,69,,82210,29,0,46 37,0,32,,82211,29,0,46 37,0,71,,82212,29,0,46 37,0,72,,82213,29,0,46 37,0,30,,82214,29,0,46 37,0,73,,82215,29,0,46 37,0,39,,82216,29,0,46 37,0,80,,82217,29,0,46 37,0,79,,82218,29,0,46 37,0,40,,82219,29,0,46 37,0,80,,82220,29,0,46 37,0,80,,82221,29,0,46 37,0,17,,82222,3,0,46 37,0,35,,82223,29,0,46 37,0,55,,82240,10,0,46 37,0,19,,82236,29,0,46 37,0,77,,82238,29,0,46 37,0,36,,82239,29,0,46 37,0,74,,82235,29,0,46 37,0,37,,82237,29,0,46 37,0,86,,82230,29,0,46 37,0,65,,82229,29,0,46 37,0,40,,82234,29,0,46 37,0,83,,82228,29,0,46 37,0,81,,82233,29,0,46 37,0,38,,82227,29,0,46 37,0,80,,82232,29,0,46 37,0,81,,82226,29,0,46 37,0,40,,82231,29,0,46 37,0,72,,82225,29,0,46 37,0,31,,82224,3,0,46 37,0
201,'5459',653,,82261,29,0,46 37,0,158,,82262,29,0,46 37,0,22,,82248,3,0,46 37,0,103,,82256,29,0,46 37,0,80,,82249,29,0,46 37,0,38,,82241,3,0,46 37,0,60,,82259,29,0,46 37,0,39,,82250,29,0,46 37,0,80,,82242,29,0,46 37,0,79,,82245,29,0,46 37,0,39,,82244,29,0,46 37,0,80,,82254,29,0,46 37,0,80,,82246,29,0,46 37,0,41,,82243,29,0,46 37,0,81,,82247,29,0,46 37,0,75,,82255,29,0,46 37,0,41,,82258,29,0,46 37,0,80,,82257,29,0,46 37,0,76,,82260,29,0,46 37,0,35,,82251,29,0,46 37,0,80,,82252,29,0,46 37,0,85,,82253,29,0,46 37,0,41,,82266,29,0,46 37,0,81,,82263,29,0,46 37,0,82,,82264,29,0,46 37,0,40,,82265,29,0,46 37,0,76,,82267,29,0,46 37,0,30,,82268,3,0,46 37,0
201,'5460',639,,82283,29,0,46 37,0,120,,82290,29,0,46 37,0,159,,82284,29,0,46 37,0,99,,82271,3,0,46 37,0,37,,82291,29,0,46 37,0,60,,82269,3,0,46 37,0,40,,82270,29,0,46 37,0,79,,82281,29,0,46 37,0,80,,82277,29,0,46 37,0,40,,82276,29,0,46 37,0,80,,82272,29,0,46 37,0,80,,82273,29,0,46 37,0,40,,82282,29,0,46 37,0,80,,82278,29,0,46 37,0,76,,82274,29,0,46 37,0,40,,82275,29,0,46 37,0,81,,82279,29,0,46 37,0,76,,82288,29,0,46 37,0,40,,82280,29,0,46 37,0,80,,82287,29,0,46 37,0,81,,82286,29,0,46 37,0,40,,82289,29,0,46 37,0,81,,82285,29,0,46 37,0,81,,82292,29,0,46 37,0,41,,82293,29,0,46 37,0
201,'5461',639,,82308,29,0,46 37,0,120,,82315,29,0,46 37,0,159,,82309,29,0,46 37,0,99,,82296,3,0,46 37,0,37,,82316,29,0,46 37,0,60,,82294,3,0,46 37,0,40,,82295,29,0,46 37,0,79,,82306,29,0,46 37,0,80,,82302,29,0,46 37,0,40,,82301,29,0,46 37,0,80,,82297,29,0,46 37,0,80,,82298,29,0,46 37,0,40,,82307,29,0,46 37,0,80,,82303,29,0,46 37,0,76,,82299,29,0,46 37,0,40,,82300,29,0,46 37,0,81,,82304,29,0,46 37,0,76,,82313,29,0,46 37,0,40,,82305,29,0,46 37,0,80,,82312,29,0,46 37,0,81,,82311,29,0,46 37,0,40,,82314,29,0,46 37,0,81,,82310,29,0,46 37,0,81,,82317,29,0,46 37,0,41,,82318,29,0,46 37,0
201,'5462',639,,82333,29,0,46 37,0,120,,82340,29,0,46 37,0,159,,82334,29,0,46 37,0,99,,82321,3,0,46 37,0,37,,82341,29,0,46 37,0,60,,82319,3,0,46 37,0,40,,82320,29,0,46 37,0,79,,82331,29,0,46 37,0,80,,82327,29,0,46 37,0,40,,82326,29,0,46 37,0,80,,82322,29,0,46 37,0,80,,82323,29,0,46 37,0,40,,82332,29,0,46 37,0,80,,82328,29,0,46 37,0,76,,82324,29,0,46 37,0,40,,82325,29,0,46 37,0,81,,82329,29,0,46 37,0,76,,82338,29,0,46 37,0,40,,82330,29,0,46 37,0,80,,82337,29,0,46 37,0,81,,82336,29,0,46 37,0,40,,82339,29,0,46 37,0,81,,82335,29,0,46 37,0,81,,82342,29,0,46 37,0,41,,82343,29,0,46 37,0
201,'5463',639,,82358,29,0,46 37,0,120,,82365,29,0,46 37,0,159,,82359,29,0,46 37,0,99,,82346,3,0,46 37,0,37,,82366,29,0,46 37,0,60,,82344,3,0,46 37,0,40,,82345,29,0,46 37,0,79,,82356,29,0,46 37,0,80,,82352,29,0,46 37,0,40,,82351,29,0,46 37,0,80,,82347,29,0,46 37,0,80,,82348,29,0,46 37,0,40,,82357,29,0,46 37,0,80,,82353,29,0,46 37,0,76,,82349,29,0,46 37,0,40,,82350,29,0,46 37,0,81,,82354,29,0,46 37,0,76,,82363,29,0,46 37,0,40,,82355,29,0,46 37,0,80,,82362,29,0,46 37,0,81,,82361,29,0,46 37,0,40,,82364,29,0,46 37,0,81,,82360,29,0,46 37,0,81,,82367,29,0,46 37,0,41,,82368,29,0,46 37,0
501,'5456',643,,83690,24,,,0,71,,83691,24,,,0,28,,83692,24,,,0,72,,83693,24,,,0,32,,83694,24,,,0,71,,83695,24,,,0,30,,83696,24,,,0,77,,83697,24,,,0,80,,83698,24,,,0,40,,83699,24,,,0,79,,83700,24,,,0,80,,83701,24,,,0,40,,83702,24,,,0,94,,83703,24,,,0,76,,83704,24,,,0,35,,83706,24,,,0,77,,83710,24,,,0,34,,83708,24,,,0,74,,83705,24,,,0,81,,83709,24,,,0,110,,83712,24,,,0,81,,83707,24,,,0,42,,83711,24,,,0
501,'5458',643,,83713,24,,,0,71,,83714,24,,,0,28,,83715,24,,,0,72,,83716,24,,,0,32,,83717,24,,,0,71,,83718,24,,,0,30,,83719,24,,,0,77,,83720,24,,,0,80,,83721,24,,,0,40,,83722,24,,,0,79,,83723,24,,,0,80,,83724,24,,,0,40,,83725,24,,,0,94,,83726,24,,,0,76,,83727,24,,,0,35,,83729,24,,,0,77,,83733,24,,,0,34,,83731,24,,,0,74,,83728,24,,,0,81,,83732,24,,,0,110,,83735,24,,,0,81,,83730,24,,,0,42,,83734,24,,,0
501,'5459',732,,83744,24,,,0,120,,83746,24,,,0,60,,83738,3,,,0,44,,83743,24,,,0,79,,83737,24,,,0,99,,83745,24,,,0,79,,83736,24,,,0,40,,83752,24,,,0,78,,83741,24,,,0,79,,83742,24,,,0,41,,83739,24,,,0,80,,83740,24,,,0,81,,83750,24,,,0,41,,83753,24,,,0,75,,83749,24,,,0,81,,83751,24,,,0,36,,83755,24,,,0,75,,83754,24,,,0,80,,83747,24,,,0,45,,83748,24,,,0
501,'5460',719,,83770,24,,,0,119,,83769,24,,,0,119,,83768,24,,,0,79,,83762,24,,,0,98,,83765,24,,,0,79,,83761,24,,,0,40,,83757,24,,,0,80,,83756,24,,,0,80,,83772,24,,,0,40,,83764,24,,,0,80,,83760,24,,,0,80,,83759,24,,,0,41,,83758,24,,,0,75,,83771,24,,,0,80,,83766,24,,,0,36,,83763,24,,,0,81,,83767,24,,,0
501,'5461',719,,83787,24,,,0,119,,83786,24,,,0,119,,83785,24,,,0,79,,83779,24,,,0,98,,83782,24,,,0,79,,83778,24,,,0,40,,83774,24,,,0,80,,83773,24,,,0,80,,83789,24,,,0,40,,83781,24,,,0,80,,83777,24,,,0,80,,83776,24,,,0,41,,83775,24,,,0,75,,83788,24,,,0,80,,83783,24,,,0,36,,83780,24,,,0,81,,83784,24,,,0
501,'5462',719,,83804,24,,,0,119,,83803,24,,,0,119,,83802,24,,,0,79,,83796,24,,,0,98,,83799,24,,,0,79,,83795,24,,,0,40,,83791,24,,,0,80,,83790,24,,,0,80,,83806,24,,,0,40,,83798,24,,,0,80,,83794,24,,,0,80,,83793,24,,,0,41,,83792,24,,,0,75,,83805,24,,,0,80,,83800,24,,,0,36,,83797,24,,,0,81,,83801,24,,,0
501,'5463',719,,83821,24,,,0,119,,83820,24,,,0,119,,83819,24,,,0,79,,83813,24,,,0,98,,83816,24,,,0,79,,83812,24,,,0,40,,83808,24,,,0,80,,83807,24,,,0,80,,83823,24,,,0,40,,83815,24,,,0,80,,83811,24,,,0,80,,83810,24,,,0,41,,83809,24,,,0,75,,83822,24,,,0,80,,83817,24,,,0,36,,83814,24,,,0,81,,83818,24,,,0
1001,'5456',623,,85373,23,0,46 37,0,83,,85378,23,0,46 37,0,36,,85374,23,0,46 37,0,77,,85375,23,0,46 37,0,84,,85376,23,0,46 37,0,40,,85377,23,0,46 37,0,95,,85381,23,0,46 37,0,115,,85379,23,0,46 37,0,90,,85382,23,0,46 37,0,75,,85380,23,0,46 37,0,86,,85385,23,0,46 37,0,42,,85383,23,0,46 37,0,95,,85386,23,0,46 37,0,81,,85384,23,0,46 37,0,88,,85387,23,0,46 37,0,40,,85388,23,0,46 37,0,61,,85392,23,0,46 37,0,31,,85389,23,0,46 37,0,95,,85391,23,0,46 37,0,101,,85390,23,0,46 37,0
1001,'5458',623,,85393,23,0,46 37,0,83,,85398,23,0,46 37,0,36,,85394,23,0,46 37,0,77,,85395,23,0,46 37,0,84,,85396,23,0,46 37,0,40,,85397,23,0,46 37,0,95,,85401,23,0,46 37,0,115,,85399,23,0,46 37,0,90,,85402,23,0,46 37,0,75,,85400,23,0,46 37,0,86,,85405,23,0,46 37,0,42,,85403,23,0,46 37,0,95,,85406,23,0,46 37,0,81,,85404,23,0,46 37,0,88,,85407,23,0,46 37,0,40,,85408,23,0,46 37,0,61,,85412,23,0,46 37,0,31,,85409,23,0,46 37,0,95,,85411,23,0,46 37,0,101,,85410,23,0,46 37,0
1001,'5459',721,,85422,23,0,46 37,0,101,,85425,23,0,46 37,0,101,,85413,23,0,46 37,0,97,,85417,23,0,46 37,0,108,,85419,23,0,46 37,0,110,,85418,23,0,46 37,0,96,,85415,23,0,46 37,0,100,,85414,23,0,46 37,0,100,,85416,23,0,46 37,0,103,,85420,23,0,46 37,0,103,,85421,23,0,46 37,0,100,,85423,23,0,46 37,0,99,,85424,23,0,46 37,0,98,,85426,23,0,46 37,0
1001,'5460',721,,85432,23,0,46 37,0,101,,85431,23,0,46 37,0,99,,85428,23,0,46 37,0,104,,85429,23,0,46 37,0,101,,85435,23,0,46 37,0,110,,85434,23,0,46 37,0,90,,85427,23,0,46 37,0,107,,85430,23,0,46 37,0,100,,85433,23,0,46 37,0,99,,85437,23,0,46 37,0,102,,85436,23,0,46 37,0,105,,85438,23,0,46 37,0,99,,85439,23,0,46 37,0
1001,'5461',721,,85446,23,0,46 37,0,101,,85445,23,0,46 37,0,99,,85442,23,0,46 37,0,104,,85443,23,0,46 37,0,101,,85449,23,0,46 37,0,110,,85448,23,0,46 37,0,90,,85441,23,0,46 37,0,107,,85444,23,0,46 37,0,100,,85447,23,0,46 37,0,99,,85451,23,0,46 37,0,102,,85450,23,0,46 37,0,105,,85452,23,0,46 37,0,99,,85453,23,0,46 37,0
1001,'5462',721,,85460,23,0,46 37,0,101,,85459,23,0,46 37,0,99,,85456,23,0,46 37,0,104,,85457,23,0,46 37,0,101,,85463,23,0,46 37,0,110,,85462,23,0,46 37,0,90,,85455,23,0,46 37,0,107,,85458,23,0,46 37,0,100,,85461,23,0,46 37,0,99,,85465,23,0,46 37,0,102,,85464,23,0,46 37,0,105,,85466,23,0,46 37,0,99,,85467,23,0,46 37,0
1001,'5463',721,,85474,23,0,46 37,0,101,,85473,23,0,46 37,0,99,,85470,23,0,46 37,0,104,,85471,23,0,46 37,0,101,,85477,23,0,46 37,0,110,,85476,23,0,46 37,0,90,,85469,23,0,46 37,0,107,,85472,23,0,46 37,0,100,,85475,23,0,46 37,0,99,,85479,23,0,46 37,0,102,,85478,23,0,46 37,0,105,,85480,23,0,46 37,0,99,,85481,23,0,46 37,0
