800,'5456',620,,85019,1,,,0,85,,85020,1,,,0,29,,85021,1,,,0,18,,99378,1,,,0,60,,85023,1,,,0,92,,85022,1,,,0,35,,85025,1,,,0,83,,85024,1,,,0,83,,85026,1,,,0,34,,85029,1,,,0,83,,85027,1,,,0,86,,85028,1,,,0,41,,85031,1,,,0,86,,85044,1,0,16,0,13,,85030,1,,,0,81,,85033,1,,,0,84,,85032,1,,,0,35,,85035,1,,,0,75,,85034,1,,,0,34,,85037,1,,,0,73,,85036,1,,,0,71,,85038,1,,,0,55,,85039,1,,,0,84,,85040,1,,,0,97,,85041,1,,,0,83,,85042,1,,,0
800,'5458',620,,85045,1,,,0,85,,85046,1,,,0,29,,85047,1,,,0,18,,99379,1,,,0,60,,85049,1,,,0,92,,85048,1,,,0,35,,85051,1,,,0,83,,85050,1,,,0,83,,85052,1,,,0,34,,85055,1,,,0,83,,85053,1,,,0,86,,85054,1,,,0,41,,85057,1,,,0,86,,85070,1,0,16,0,13,,85056,1,,,0,81,,85059,1,,,0,84,,85058,1,,,0,35,,85061,1,,,0,75,,85060,1,,,0,34,,85063,1,,,0,73,,85062,1,,,0,71,,85064,1,,,0,55,,85065,1,,,0,84,,85066,1,,,0,97,,85067,1,,,0,83,,85068,1,,,0
3900,'5456',636,,92569,1,,,0,74,,92559,1,,,0,33,,92563,1,,,0,13,,92560,1,,,0,54,,92551,1,,,0,14,,102460,1,,,0,17,,92553,1,,,0,16,,92562,1,,,0,62,,92561,1,,,0,26,,92537,1,,,0,70,,92542,1,,,0,29,,92564,1,,,0,70,,92543,1,,,0,31,,102458,1,,,0,71,,92544,1,,,0,30,,92565,1,,,0,71,,92545,1,,,0,30,,102459,1,,,0,73,,92546,1,,,0,31,,92566,1,,,0,60,,92534,1,,,0,16,,92531,1,,,0,17,,102461,1,,,0,15,,92540,1,,,0,57,,92567,1,,,0,14,,102456,1,,,0,14,,92535,1,,,0,56,,92532,1,,,0,16,,102462,1,,,0,13,,92549,1,,,0,16,,102465,1,,,0,58,,92536,1,,,0,20,,102457,1,,,0,19,,92557,1,,,0,78,,92555,1,,,0,82,,102463,1,,,0,107,,102464,1,,,0
3900,'5458',636,,92612,1,,,0,74,,92602,1,,,0,33,,92606,1,,,0,13,,92603,1,,,0,54,,92594,1,,,0,14,,102470,1,,,0,17,,92596,1,,,0,16,,92605,1,,,0,62,,92604,1,,,0,26,,92580,1,,,0,70,,92585,1,,,0,29,,92607,1,,,0,70,,92586,1,,,0,31,,102468,1,,,0,71,,92587,1,,,0,30,,92608,1,,,0,71,,92588,1,,,0,30,,102469,1,,,0,73,,92589,1,,,0,31,,102475,1,,,0,60,,92577,1,,,0,16,,92574,1,,,0,17,,102471,1,,,0,15,,92583,1,,,0,57,,102476,1,,,0,14,,102466,1,,,0,14,,92578,1,,,0,56,,92575,1,,,0,16,,102472,1,,,0,13,,92592,1,,,0,16,,102477,1,,,0,58,,92579,1,,,0,20,,102467,1,,,0,19,,92600,1,,,0,78,,92598,1,,,0,82,,102473,1,,,0,107,,102474,1,,,0
8301,'5456',734,,96579,57,,,0,98,,96577,57,,,0,208,,96578,57,,,0,181,,104340,57,,,0,195,,96580,57,,,0,213,,96582,57,,,0,210,,96583,57,,,0,199,,96584,57,,,0
8301,'5458',734,,96587,57,,,0,98,,96585,57,,,0,208,,96586,57,,,0,181,,104341,57,,,0,195,,96588,57,,,0,213,,96590,57,,,0,210,,96591,57,,,0,199,,96592,57,,,0
8301,'5459',1016,,104345,57,,,0,300,,104343,57,,,0,305,,104344,57,,,0,299,,104342,57,,,0
8301,'5460',1014,,104348,57,,,0,300,,104349,57,,,0,305,,104347,57,,,0,299,,104346,57,,,0
8301,'5461',1014,,104352,57,,,0,300,,104353,57,,,0,305,,104351,57,,,0,299,,104350,57,,,0
8301,'5462',1014,,104356,57,,,0,300,,104357,57,,,0,305,,104355,57,,,0,299,,104354,57,,,0
8301,'5463',1014,,104360,57,,,0,300,,104361,57,,,0,305,,104359,57,,,0,299,,104358,57,,,0
