1100,'5456',545,,85484,5,,,0,71,,85487,33,,,0,31,,85490,33,,,0,61,,85483,33,,,0,20,,85497,33,,,0,18,,85485,33,,,0,59,,99407,33,,,0,16,,85510,33,,,0,16,,85486,33,,,0,17,,85503,33,,,0,58,,85489,33,,,0,21,,85488,33,,,0,24,,85499,33,,,0,66,,85491,33,,,0,25,,99408,33,,,0,65,,85492,33,,,0,25,,85493,33,,,0,66,,85495,33,,,0,25,,85498,33,,,0,26,,85496,33,,,0,65,,99409,33,,,0,26,,85500,33,,,0,64,,85501,33,,,0,18,,85514,33,,,0,18,,85502,33,,,0,58,,85504,33,,,0,19,,85532,33,,,0,18,,85505,33,,,0,60,,85509,33,,,0,19,,99420,33,,,0,20,,85506,33,,,0,60,,85511,33,,,0,16,,99411,33,,,0,15,,85513,33,,,0,16,,99410,33,,,0,55,,85531,33,,,0,18,,85517,33,,,0,14,,85516,33,,,0,18,,99423,33,,,0,58,,99412,33,,,0,24,,85519,33,,,0,70,,99413,33,,,0,35,,99414,33,,,0,70,,99422,33,,,0,34,,99416,33,,,0,69,,99415,33,,,0,34,,99417,33,,,0,70,,99421,33,,,0,30,,99418,33,,,0,83,,99419,33,,,0
1100,'5458',545,,85534,5,,,0,71,,85537,33,,,0,31,,85540,33,,,0,61,,85533,33,,,0,20,,85547,33,,,0,18,,85535,33,,,0,59,,99424,33,,,0,16,,85560,33,,,0,16,,85536,33,,,0,17,,85553,33,,,0,58,,85539,33,,,0,21,,85538,33,,,0,24,,85549,33,,,0,66,,85541,33,,,0,25,,99425,33,,,0,65,,85542,33,,,0,25,,85543,33,,,0,66,,85545,33,,,0,25,,85548,33,,,0,26,,85546,33,,,0,65,,99426,33,,,0,26,,85550,33,,,0,64,,85551,33,,,0,18,,85564,33,,,0,18,,85552,33,,,0,58,,85554,33,,,0,19,,85582,33,,,0,18,,85555,33,,,0,60,,85559,33,,,0,19,,99437,33,,,0,20,,85556,33,,,0,60,,85561,33,,,0,16,,99428,33,,,0,15,,85563,33,,,0,16,,99427,33,,,0,55,,85581,33,,,0,18,,85567,33,,,0,14,,85566,33,,,0,18,,99440,33,,,0,58,,99429,33,,,0,24,,85569,33,,,0,70,,99430,33,,,0,35,,99431,33,,,0,70,,99439,33,,,0,34,,99433,33,,,0,69,,99432,33,,,0,34,,99434,33,,,0,70,,99438,33,,,0,30,,99435,33,,,0,83,,99436,33,,,0
1100,'5459',732,,99461,33,,,0,76,,85597,33,,,0,36,,99441,33,,,0,71,,85587,33,,,0,30,,85614,33,,,0,71,,99455,33,,,0,26,,99446,33,,,0,65,,99442,33,,,0,26,,85590,33,,,0,69,,99452,33,,,0,25,,99443,33,,,0,25,,99450,33,,,0,65,,85594,33,,,0,24,,85585,33,,,0,65,,99444,33,,,0,26,,99451,33,,,0,25,,99447,33,,,0,65,,99454,33,,,0,27,,99448,33,,,0,65,,85591,33,,,0,23,,85595,33,,,0,64,,99460,33,,,0,23,,99445,33,,,0,24,,99453,33,,,0,64,,99462,33,,,0,25,,85606,33,,,0,65,,99449,33,,,0,24,,85599,33,,,0,24,,85608,33,,,0,65,,99458,33,,,0,24,,99456,33,,,0,70,,99457,33,,,0,30,,99459,33,,,0,73,,99463,33,,,0,35,,99464,33,,,0,69,,99465,33,,,0,30,,99466,33,,,0,79,,99467,33,,,0
1100,'5460',747,,85622,33,,,0,80,,85621,33,,,0,81,,99469,33,,,0,32,,99468,33,,,0,71,,99470,33,,,0,36,,85625,33,,,0,75,,99474,33,,,0,31,,99472,33,,,0,70,,99471,33,,,0,31,,99473,33,,,0,70,,99477,33,,,0,30,,99478,33,,,0,70,,99476,33,,,0,31,,99475,33,,,0,70,,99481,33,,,0,30,,99480,33,,,0,69,,99479,33,,,0,30,,99483,33,,,0,69,,99484,33,,,0,29,,99482,33,,,0,68,,99485,33,,,0,29,,99486,33,,,0,70,,99488,33,,,0,85,,99487,33,,,0,45,,99489,33,,,0,84,,99490,33,,,0,78,,99491,33,,,0,45,,99492,33,,,0,85,,99493,33,,,0
1100,'5461',747,,85651,33,,,0,80,,99494,33,,,0,81,,99496,33,,,0,32,,99495,33,,,0,71,,99498,33,,,0,36,,99497,33,,,0,75,,99502,33,,,0,31,,99500,33,,,0,70,,99499,33,,,0,31,,99501,33,,,0,70,,99504,33,,,0,30,,99505,33,,,0,70,,99503,33,,,0,31,,85660,33,,,0,70,,85666,33,,,0,30,,85665,33,,,0,69,,99506,33,,,0,30,,99507,33,,,0,69,,99508,33,,,0,29,,85667,33,,,0,68,,85670,33,,,0,29,,99509,33,,,0,70,,99511,33,,,0,85,,99510,33,,,0,45,,99512,33,,,0,84,,99513,33,,,0,78,,99514,33,,,0,45,,99515,33,,,0,85,,99516,33,,,0
1100,'5462',747,,85680,33,,,0,80,,99517,33,,,0,81,,99519,33,,,0,32,,99518,33,,,0,71,,99521,33,,,0,36,,99520,33,,,0,75,,99525,33,,,0,31,,99523,33,,,0,70,,99522,33,,,0,31,,99524,33,,,0,70,,99527,33,,,0,30,,99528,33,,,0,70,,99526,33,,,0,31,,85689,33,,,0,70,,85695,33,,,0,30,,85694,33,,,0,69,,99529,33,,,0,30,,99530,33,,,0,69,,99531,33,,,0,29,,85696,33,,,0,68,,85699,33,,,0,29,,99532,33,,,0,70,,99534,33,,,0,85,,99533,33,,,0,45,,99535,33,,,0,84,,99536,33,,,0,78,,99537,33,,,0,45,,99538,33,,,0,85,,99539,33,,,0
1100,'5463',747,,85709,33,,,0,80,,99540,33,,,0,81,,99542,33,,,0,32,,99541,33,,,0,71,,99544,33,,,0,36,,99543,33,,,0,75,,99548,33,,,0,31,,99546,33,,,0,70,,99545,33,,,0,31,,99547,33,,,0,70,,99550,33,,,0,30,,99551,33,,,0,70,,99549,33,,,0,31,,85718,33,,,0,70,,85724,33,,,0,30,,85723,33,,,0,69,,99552,33,,,0,30,,99553,33,,,0,69,,99554,33,,,0,29,,85725,33,,,0,68,,85728,33,,,0,29,,99555,33,,,0,70,,99557,33,,,0,85,,99556,33,,,0,45,,99558,33,,,0,84,,99559,33,,,0,78,,99560,33,,,0,45,,99561,33,,,0,85,,99562,33,,,0
1400,'5456',611,,86227,34,,,0,20,,86228,34,,,0,18,,86229,34,,,0,56,,86230,34,,,0,15,,99826,34,,,0,6,,86218,5,,,0,6,,86232,34,,,0,9,,99827,34,,,0,6,,86219,5,,,0,6,,86234,34,,,0,6,,99824,5,,,0,46,,86235,34,,,0,8,,99825,5,,,0,5,,86236,34,,,0,8,,86222,5,,,0,5,,86237,34,,,0,8,,86223,5,,,0,3,,86238,34,,,0,4,,99828,34,,,0,5,,86240,34,,,0,5,,86241,34,,,0,48,,86224,5,,,0,6,,86242,34,,,0,6,,86225,5,,,0,6,,86243,34,,,0,7,,86226,5,,,0,6,,86244,34,,,0,11,,86245,34,,,0,13,,99829,34,,,0,52,,86247,34,,,0,13,,99830,34,,,0,13,,86249,34,,,0,13,,99831,34,,,0,53,,86251,34,,,0,13,,86252,34,,,0,13,,86253,34,,,0,14,,86254,34,,,0,13,,86255,34,,,0,53,,99832,34,,,0,13,,86257,34,,,0,12,,86258,34,,,0,13,,86259,34,,,0,53,,86260,34,,,0,13,,99833,34,,,0,13,,99834,34,,,0,14,,86263,34,,,0,13,,86264,34,,,0,54,,86265,34,,,0,12,,86266,34,,,0,14,,99835,34,,,0,11,,86268,34,,,0,13,,86269,34,,,0,61,,86270,34,,,0,7,,86301,34,,,0,7,,86271,34,,,0,17,,99836,34,,,0,56,,99837,34,,,0,15,,99838,34,,,0,15,,99839,34,,,0,14,,99840,34,,,0,56,,99841,34,,,0,15,,99842,34,,,0,15,,86279,34,,,0,16,,86280,34,,,0,56,,86281,34,,,0,13,,86282,34,,,0,14,,99843,34,,,0,15,,86284,34,,,0,54,,99844,34,,,0,15,,99845,34,,,0,15,,99846,34,,,0,17,,86288,34,,,0,59,,86289,34,,,0,19,,86290,34,,,0,20,,86291,34,,,0,60,,86292,34,,,0,20,,99847,34,,,0,20,,86294,34,,,0,60,,86295,34,,,0,20,,86296,34,,,0,30,,99848,34,,,0,70,,99849,34,,,0,30,,86299,34,,,0,70,,86300,34,,,0
1400,'5458',611,,86311,34,,,0,20,,86312,34,,,0,18,,86313,34,,,0,56,,86314,34,,,0,15,,99852,34,,,0,6,,86302,5,,,0,6,,86316,34,,,0,9,,99853,34,,,0,6,,86303,5,,,0,6,,86318,34,,,0,6,,99850,5,,,0,46,,86319,34,,,0,8,,99851,5,,,0,5,,86320,34,,,0,8,,86306,5,,,0,5,,86321,34,,,0,8,,86307,5,,,0,3,,86322,34,,,0,4,,99854,34,,,0,5,,86324,34,,,0,5,,86325,34,,,0,48,,86308,5,,,0,6,,86326,34,,,0,6,,86309,5,,,0,6,,86327,34,,,0,7,,86310,5,,,0,6,,86328,34,,,0,11,,86329,34,,,0,13,,99855,34,,,0,52,,86331,34,,,0,13,,99856,34,,,0,13,,86333,34,,,0,13,,99857,34,,,0,53,,86335,34,,,0,13,,86336,34,,,0,13,,86337,34,,,0,14,,86338,34,,,0,13,,86339,34,,,0,53,,99858,34,,,0,13,,86341,34,,,0,12,,86342,34,,,0,13,,86343,34,,,0,53,,86344,34,,,0,13,,99859,34,,,0,13,,99860,34,,,0,14,,86347,34,,,0,13,,86348,34,,,0,54,,86349,34,,,0,12,,86350,34,,,0,14,,99861,34,,,0,11,,86352,34,,,0,13,,86353,34,,,0,61,,86354,34,,,0,7,,86389,34,,,0,7,,86355,34,,,0,17,,99862,34,,,0,56,,99863,34,,,0,15,,99864,34,,,0,15,,99865,34,,,0,14,,99866,34,,,0,56,,99867,34,,,0,15,,99868,34,,,0,15,,86363,34,,,0,16,,86364,34,,,0,56,,86365,34,,,0,13,,86366,34,,,0,14,,99869,34,,,0,15,,86368,34,,,0,54,,99870,34,,,0,15,,99871,34,,,0,15,,99872,34,,,0,17,,86372,34,,,0,59,,86373,34,,,0,19,,86374,34,,,0,20,,86375,34,,,0,60,,86376,34,,,0,20,,99873,34,,,0,20,,86378,34,,,0,60,,86379,34,,,0,20,,86380,34,,,0,30,,99874,34,,,0,70,,99875,34,,,0,30,,86383,34,,,0,70,,86384,34,,,0,30,,86385,34,,,0,70,,86386,34,,,0,30,,99876,34,,,0,70,,86388,34,,,0
1400,'5459',650,,86414,34,,,0,61,,86415,34,,,0,19,,86398,34,,,0,18,,86413,34,,,0,56,,99878,34,,,0,15,,86397,34,,,0,15,,99881,34,,,0,15,,86412,34,,,0,55,,99889,34,,,0,15,,86395,34,,,0,15,,99877,34,,,0,15,,86411,34,,,0,55,,86390,34,,,0,16,,86400,34,,,0,15,,99883,34,,,0,15,,86416,34,,,0,56,,99890,34,,,0,15,,86403,34,,,0,16,,99880,34,,,0,15,,86417,34,,,0,56,,99879,34,,,0,16,,86399,34,,,0,15,,99886,34,,,0,15,,86419,34,,,0,55,,99884,34,,,0,15,,99891,34,,,0,15,,99885,34,,,0,15,,86407,34,,,0,55,,86421,34,,,0,16,,99888,34,,,0,15,,99882,34,,,0,16,,99887,34,,,0,55,,99901,34,,,0,15,,99899,34,,,0,15,,99902,34,,,0,15,,99896,34,,,0,55,,99895,34,,,0,14,,99892,34,,,0,15,,99903,34,,,0,14,,99897,34,,,0,55,,99898,34,,,0,15,,99905,34,,,0,15,,99900,34,,,0,15,,99893,34,,,0,55,,99894,34,,,0,14,,99904,34,,,0,15,,86422,34,,,0,14,,99909,34,,,0,55,,99906,34,,,0,15,,99907,34,,,0,15,,99908,34,,,0,16,,99910,34,,,0,60,,86443,34,,,0,20,,86444,34,,,0,20,,99911,34,,,0,60,,99912,34,,,0,19,,86442,34,,,0,20,,99914,34,,,0,60,,86449,34,,,0,21,,86448,34,,,0,67,,99913,34,,,0,30,,86451,34,,,0,70,,86452,34,,,0,30,,86453,34,,,0,70,,99915,34,,,0,29,,99916,34,,,0,29,,86456,34,,,0,70,,86457,34,,,0
1400,'5460',642,,86502,34,,,0,70,,86490,34,,,0,30,,99924,34,,,0,64,,86497,34,,,0,20,,86468,34,,,0,15,,86515,34,,,0,15,,86496,34,,,0,55,,86481,34,,,0,15,,86488,34,,,0,16,,86509,34,,,0,15,,86472,34,,,0,55,,86500,34,,,0,15,,86469,34,,,0,15,,86499,34,,,0,15,,86473,34,,,0,55,,86482,34,,,0,15,,86489,34,,,0,15,,86511,34,,,0,15,,86471,34,,,0,56,,99920,34,,,0,15,,86474,34,,,0,15,,86498,34,,,0,15,,86470,34,,,0,55,,86479,34,,,0,14,,86459,34,,,0,15,,86486,34,,,0,15,,86508,34,,,0,55,,86461,34,,,0,15,,99919,34,,,0,15,,86465,34,,,0,15,,86492,34,,,0,55,,86466,34,,,0,15,,86477,34,,,0,15,,86458,34,,,0,15,,86485,34,,,0,55,,86507,34,,,0,15,,86464,34,,,0,15,,99918,34,,,0,15,,86462,34,,,0,55,,86494,34,,,0,15,,86463,34,,,0,15,,86480,34,,,0,15,,86460,34,,,0,54,,86487,34,,,0,15,,86510,34,,,0,15,,99917,34,,,0,15,,99922,34,,,0,58,,86506,34,,,0,20,,86476,34,,,0,20,,86478,34,,,0,60,,86491,34,,,0,21,,86514,34,,,0,69,,99921,34,,,0,29,,86475,34,,,0,70,,86483,34,,,0,30,,86513,34,,,0,69,,99923,34,,,0,29,,86484,34,,,0
1400,'5461',642,,86560,34,,,0,70,,86548,34,,,0,30,,86570,34,,,0,64,,86555,34,,,0,20,,86526,34,,,0,15,,86573,34,,,0,15,,86554,34,,,0,55,,86539,34,,,0,15,,86546,34,,,0,16,,86567,34,,,0,15,,99929,34,,,0,55,,86558,34,,,0,15,,86527,34,,,0,15,,86557,34,,,0,15,,86531,34,,,0,55,,86540,34,,,0,15,,86547,34,,,0,15,,86569,34,,,0,15,,99928,34,,,0,56,,86559,34,,,0,15,,86532,34,,,0,15,,86556,34,,,0,15,,86528,34,,,0,55,,86537,34,,,0,14,,86517,34,,,0,15,,86544,34,,,0,15,,86566,34,,,0,55,,86519,34,,,0,15,,86553,34,,,0,15,,99926,34,,,0,15,,99933,34,,,0,55,,86524,34,,,0,15,,86535,34,,,0,15,,86516,34,,,0,15,,86543,34,,,0,55,,86565,34,,,0,15,,86522,34,,,0,15,,86551,34,,,0,15,,99925,34,,,0,55,,99934,34,,,0,15,,86521,34,,,0,15,,99931,34,,,0,15,,86518,34,,,0,54,,86545,34,,,0,15,,86568,34,,,0,15,,99927,34,,,0,15,,86562,34,,,0,58,,86564,34,,,0,20,,86534,34,,,0,20,,99930,34,,,0,60,,86549,34,,,0,21,,86572,34,,,0,69,,86561,34,,,0,29,,86533,34,,,0,70,,99932,34,,,0,30,,86571,34,,,0,69,,105813,34,,,0,29,,86542,34,,,0
1400,'5462',642,,86618,34,,,0,70,,86606,34,,,0,30,,86628,34,,,0,64,,86613,34,,,0,20,,86584,34,,,0,15,,86631,34,,,0,15,,86612,34,,,0,55,,86597,34,,,0,15,,86604,34,,,0,16,,86625,34,,,0,15,,99940,34,,,0,55,,86616,34,,,0,15,,86585,34,,,0,15,,86615,34,,,0,15,,86589,34,,,0,55,,86598,34,,,0,15,,86605,34,,,0,15,,86627,34,,,0,15,,99939,34,,,0,56,,86617,34,,,0,15,,86590,34,,,0,15,,86614,34,,,0,15,,86586,34,,,0,55,,86595,34,,,0,14,,86575,34,,,0,15,,86602,34,,,0,15,,86624,34,,,0,55,,86577,34,,,0,15,,86611,34,,,0,15,,99937,34,,,0,15,,99944,34,,,0,55,,86582,34,,,0,15,,86593,34,,,0,15,,86574,34,,,0,15,,86601,34,,,0,55,,86623,34,,,0,15,,86580,34,,,0,15,,86609,34,,,0,15,,99936,34,,,0,55,,99945,34,,,0,15,,86579,34,,,0,15,,99942,34,,,0,15,,86576,34,,,0,54,,86603,34,,,0,15,,86626,34,,,0,15,,99938,34,,,0,15,,86620,34,,,0,58,,86622,34,,,0,20,,86592,34,,,0,20,,99941,34,,,0,60,,86607,34,,,0,21,,86630,34,,,0,69,,86619,34,,,0,29,,86591,34,,,0,70,,99943,34,,,0,30,,86629,34,,,0,69,,105814,34,,,0,29,,86600,34,,,0
1400,'5463',642,,86676,34,,,0,70,,86664,34,,,0,30,,86686,34,,,0,64,,86671,34,,,0,20,,86642,34,,,0,15,,86689,34,,,0,15,,86670,34,,,0,55,,86655,34,,,0,15,,86662,34,,,0,16,,86683,34,,,0,15,,99951,34,,,0,55,,86674,34,,,0,15,,86643,34,,,0,15,,86673,34,,,0,15,,86647,34,,,0,55,,86656,34,,,0,15,,86663,34,,,0,15,,86685,34,,,0,15,,99950,34,,,0,56,,86675,34,,,0,15,,86648,34,,,0,15,,86672,34,,,0,15,,86644,34,,,0,55,,86653,34,,,0,14,,86633,34,,,0,15,,86660,34,,,0,15,,86682,34,,,0,55,,86635,34,,,0,15,,86669,34,,,0,15,,99948,34,,,0,15,,99955,34,,,0,55,,86640,34,,,0,15,,86651,34,,,0,15,,86632,34,,,0,15,,86659,34,,,0,55,,86681,34,,,0,15,,86638,34,,,0,15,,86667,34,,,0,15,,99947,34,,,0,55,,99956,34,,,0,15,,86637,34,,,0,15,,99953,34,,,0,15,,86634,34,,,0,54,,86661,34,,,0,15,,86684,34,,,0,15,,99949,34,,,0,15,,86678,34,,,0,58,,86680,34,,,0,20,,86650,34,,,0,20,,99952,34,,,0,60,,86665,34,,,0,21,,86688,34,,,0,69,,86677,34,,,0,29,,86649,34,,,0,70,,99954,34,,,0,30,,86687,34,,,0,69,,105815,34,,,0,29,,86658,34,,,0
2201,'5456',622,,100564,52,,,0,29,,100567,52,,,0,91,,100569,44,,,0,68,,100565,58,,,0,32,,100566,58,,,0,71,,100568,58,,,0,99,,88755,58,,,0,30,,88754,58,,,0,70,,100570,58,,,0,99,,100571,58,,,0,30,,100572,44,,,0,69,,100573,44,,,0,100,,100574,44,,,0,32,,100575,44,,,0,101,,88763,44,,,0,71,,100576,44,,,0,30,,100577,44,,,0,98,,100578,44,,,0,75,,88767,44,,,0,98,,88768,44,,,0,31,,100579,44,,,0,101,,88771,44,,,0,70,,88770,44,,,0
2201,'5458',622,,100580,52,,,0,29,,100583,52,,,0,91,,100585,44,,,0,68,,100581,58,,,0,32,,100582,58,,,0,71,,100584,58,,,0,99,,88779,58,,,0,30,,88778,58,,,0,70,,100586,58,,,0,99,,100587,58,,,0,30,,100588,44,,,0,69,,100589,44,,,0,100,,100590,44,,,0,32,,100591,44,,,0,101,,88787,44,,,0,71,,100592,44,,,0,30,,100593,44,,,0,98,,100594,44,,,0,75,,88791,44,,,0,98,,88792,44,,,0,31,,100595,44,,,0,101,,88795,44,,,0,70,,88794,44,,,0
2201,'5459',739,,88807,44,,,0,79,,100609,44,,,0,29,,88803,44,,,0,69,,88797,44,,,0,31,,88806,44,,,0,70,,100610,44,,,0,29,,88802,44,,,0,70,,88801,44,,,0,31,,88804,44,,,0,69,,88799,44,,,0,28,,100614,44,,,0,70,,100597,44,,,0,29,,100598,44,,,0,70,,100596,44,,,0,30,,100602,44,,,0,70,,100613,44,,,0,29,,100604,44,,,0,71,,100600,44,,,0,31,,100603,44,,,0,74,,100605,44,,,0,31,,100601,44,,,0,71,,100599,44,,,0,30,,100607,44,,,0,70,,100606,44,,,0,27,,100612,44,,,0,68,,100608,44,,,0,32,,100615,44,,,0,70,,100611,44,,,0
2201,'5460',808,,100622,44,,,0,40,,88835,44,,,0,69,,100618,44,,,0,28,,100619,44,,,0,70,,100623,44,,,0,30,,88836,44,,,0,69,,100617,44,,,0,31,,100620,44,,,0,70,,88831,44,,,0,30,,88829,44,,,0,68,,100621,44,,,0,30,,88832,44,,,0,70,,88839,44,,,0,30,,88840,44,,,0,70,,105822,44,,,0,30,,88842,44,,,0,74,,88841,44,,,0,30,,88844,44,,,0,70,,105823,44,,,0,30,,88845,44,,,0,71,,88846,44,,,0,30,,88847,44,,,0
2201,'5461',808,,88859,44,,,0,40,,88860,44,,,0,69,,88852,44,,,0,28,,88853,44,,,0,70,,88862,44,,,0,30,,88861,44,,,0,69,,88851,44,,,0,31,,88855,44,,,0,70,,88856,44,,,0,30,,88854,44,,,0,68,,88858,44,,,0,30,,88857,44,,,0,70,,88864,44,,,0,30,,88865,44,,,0,70,,88863,44,,,0,30,,100625,44,,,0,74,,88866,44,,,0,30,,88869,44,,,0,70,,88868,44,,,0,30,,100626,44,,,0,71,,88871,44,,,0,30,,88872,44,,,0
2201,'5462',808,,88884,44,,,0,40,,88885,44,,,0,69,,88877,44,,,0,28,,88878,44,,,0,70,,88887,44,,,0,30,,88886,44,,,0,69,,88876,44,,,0,31,,88880,44,,,0,70,,88881,44,,,0,30,,88879,44,,,0,68,,88883,44,,,0,30,,88882,44,,,0,70,,88889,44,,,0,30,,88890,44,,,0,70,,88888,44,,,0,30,,100629,44,,,0,74,,88891,44,,,0,30,,88894,44,,,0,70,,88893,44,,,0,30,,100630,44,,,0,71,,88896,44,,,0,30,,88897,44,,,0
2201,'5463',808,,88909,44,,,0,40,,88910,44,,,0,69,,88902,44,,,0,28,,88903,44,,,0,70,,88912,44,,,0,30,,88911,44,,,0,69,,88901,44,,,0,31,,88905,44,,,0,70,,88906,44,,,0,30,,88904,44,,,0,68,,88908,44,,,0,30,,88907,44,,,0,70,,88914,44,,,0,30,,88915,44,,,0,70,,88913,44,,,0,30,,100633,44,,,0,74,,88916,44,,,0,30,,88919,44,,,0,70,,88918,44,,,0,30,,100634,44,,,0,71,,88921,44,,,0,30,,88922,44,,,0
1002201,'5456',723,,105669,46,,,0,218,,105670,46,,,0,200,,105671,46,,,0,199,,105672,32,,,0,174,,105673,32,,,0,200,,105674,32,,,0,131,,98214,32,,,0,172,,98215,32,,,0
1002201,'5458',723,,105676,46,,,0,218,,105677,46,,,0,200,,105678,46,,,0,199,,105679,32,,,0,174,,105681,32,,,0,200,,105682,32,,,0,131,,98223,32,,,0,172,,98224,32,,,0
