1700,'5456',823,,88090,34,,,0
1700,'5458',823,,88091,34,,,0
2600,'5456',618,,89325,42,,,0,30,,89326,42,,,0,62,,89327,42,,,0,20,,89328,42,,,0,12,,89329,42,,,0,10,,89330,24,,,0,48,,89331,42,,,0,8,,89332,42,,,0,7,,89406,24,,,0,8,,89334,42,,,0,8,,89335,42,,,0,8,,89336,22,,,0,8,,89337,42,,,0,6,,89338,22,,,0,48,,89339,42,,,0,9,,89340,22,,,0,6,,89341,42,,,0,7,,89342,22,,,0,8,,89343,42,,,0,7,,89344,22,,,0,8,,89345,42,,,0,7,,89346,22,,,0,48,,89347,42,,,0,9,,89348,22,,,0,7,,89349,42,,,0,16,,89350,42,,,0,16,,89351,42,,,0,55,,89352,42,,,0,15,,89353,42,,,0,15,,89354,42,,,0,17,,89355,42,,,0,55,,89356,42,,,0,16,,89357,42,,,0,16,,89358,42,,,0,15,,89359,42,,,0,54,,89360,42,,,0,14,,89361,42,,,0,15,,89362,42,,,0,16,,89363,42,,,0,55,,89364,42,,,0,5,,89365,22,,,0,10,,89366,42,,,0,16,,89367,42,,,0,14,,89368,42,,,0,53,,89369,42,,,0,13,,89370,42,,,0,7,,89371,22,,,0,6,,89372,42,,,0,14,,89373,42,,,0,55,,89374,42,,,0,12,,89375,42,,,0,10,,89376,42,,,0,10,,89377,42,,,0,14,,89378,42,,,0,54,,89379,42,,,0,11,,89380,42,,,0,9,,89381,42,,,0,12,,89382,42,,,0,11,,89383,42,,,0,11,,89384,42,,,0,52,,89385,42,,,0,16,,89386,42,,,0,13,,89387,42,,,0,15,,89388,42,,,0,56,,89389,42,,,0,13,,89390,42,,,0,14,,89391,42,,,0,15,,89392,42,,,0,59,,89393,42,,,0,20,,89394,42,,,0,20,,89395,42,,,0,60,,89396,42,,,0,20,,89397,42,,,0,18,,89398,42,,,0,63,,89399,42,,,0,30,,89400,42,,,0,68,,89401,42,,,0,30,,89402,42,,,0,68,,89403,42,,,0,30,,89404,42,,,0,69,,89405,42,,,0
2600,'5458',618,,89407,42,,,0,30,,89408,42,,,0,62,,89409,42,,,0,20,,89410,42,,,0,12,,89411,42,,,0,10,,89412,24,,,0,48,,89413,42,,,0,8,,89414,42,,,0,7,,89489,24,,,0,8,,89416,42,,,0,8,,89417,42,,,0,8,,89418,22,,,0,8,,89419,42,,,0,6,,89420,22,,,0,48,,89421,42,,,0,9,,89422,22,,,0,6,,89423,42,,,0,7,,89424,22,,,0,8,,89425,42,,,0,7,,89426,22,,,0,8,,89427,42,,,0,7,,89428,22,,,0,48,,89429,42,,,0,9,,89430,22,,,0,7,,89431,42,,,0,16,,89432,42,,,0,16,,89433,42,,,0,55,,89434,42,,,0,15,,89435,42,,,0,15,,89436,42,,,0,17,,89437,42,,,0,55,,89438,42,,,0,16,,89439,42,,,0,16,,89440,42,,,0,15,,89441,42,,,0,54,,89442,42,,,0,14,,89443,42,,,0,15,,89444,42,,,0,16,,89445,42,,,0,55,,89446,42,,,0,5,,89447,22,,,0,10,,89448,42,,,0,16,,89449,42,,,0,14,,89450,42,,,0,53,,89451,42,,,0,13,,89452,42,,,0,7,,89453,22,,,0,6,,89454,42,,,0,14,,89455,42,,,0,55,,89456,42,,,0,12,,89457,42,,,0,10,,89458,42,,,0,10,,89459,42,,,0,14,,89460,42,,,0,54,,89461,42,,,0,11,,89462,42,,,0,9,,89463,42,,,0,12,,89464,42,,,0,11,,89465,42,,,0,11,,89466,42,,,0,52,,89467,42,,,0,16,,89468,42,,,0,13,,89469,42,,,0,15,,89470,42,,,0,56,,89471,42,,,0,13,,89472,42,,,0,14,,89473,42,,,0,15,,89474,42,,,0,59,,89475,42,,,0,20,,89476,42,,,0,20,,89477,42,,,0,60,,89478,42,,,0,20,,89479,42,,,0,18,,89480,42,,,0,63,,89481,42,,,0,30,,89482,42,,,0,68,,89483,42,,,0,30,,89484,42,,,0,68,,89485,42,,,0,30,,89486,42,,,0,69,,89487,42,,,0,100,,89488,42,,,0
2600,'5459',701,,89491,42,,,0,31,,89492,42,,,0,70,,89493,42,,,0,18,,89494,42,,,0,17,,89495,42,,,0,19,,89496,42,,,0,58,,89497,42,,,0,18,,89498,42,,,0,17,,89499,42,,,0,58,,89500,42,,,0,17,,89501,42,,,0,18,,89502,42,,,0,17,,89503,42,,,0,59,,89504,42,,,0,18,,89505,42,,,0,17,,89490,42,,,0,59,,89506,42,,,0,19,,89507,42,,,0,17,,89508,42,,,0,57,,89509,42,,,0,17,,89510,42,,,0,17,,89511,42,,,0,17,,89512,42,,,0,57,,89513,42,,,0,18,,89514,42,,,0,16,,89515,42,,,0,56,,89516,42,,,0,18,,89517,42,,,0,17,,89518,42,,,0,18,,89519,42,,,0,57,,89520,42,,,0,16,,89521,42,,,0,15,,89522,42,,,0,14,,89523,42,,,0,55,,89524,42,,,0,16,,89525,42,,,0,16,,89526,42,,,0,56,,89527,42,,,0,15,,89528,42,,,0,17,,89529,42,,,0,17,,89530,42,,,0,59,,89531,42,,,0,19,,89532,42,,,0,20,,89533,42,,,0,59,,89534,42,,,0,20,,89535,42,,,0,19,,89536,42,,,0,59,,89537,42,,,0,19,,89538,42,,,0,20,,89539,42,,,0,65,,89540,42,,,0,29,,89541,42,,,0,70,,89542,42,,,0,30,,89543,42,,,0,69,,89544,42,,,0,30,,89545,42,,,0,69,,89546,42,,,0,101,,89547,42,,,0
2600,'5460',723,,89564,42,,,0,27,,89572,42,,,0,61,,89554,42,,,0,24,,89548,42,,,0,24,,89566,42,,,0,61,,89573,42,,,0,27,,89555,42,,,0,65,,89549,42,,,0,20,,89567,42,,,0,25,,89558,42,,,0,60,,89550,42,,,0,18,,89556,42,,,0,18,,89552,42,,,0,60,,89565,42,,,0,19,,89553,42,,,0,20,,89570,42,,,0,58,,89551,42,,,0,18,,89568,42,,,0,19,,89560,42,,,0,58,,89563,42,,,0,20,,89561,42,,,0,18,,89571,42,,,0,57,,89557,42,,,0,18,,89569,42,,,0,18,,89559,42,,,0,17,,89562,42,,,0,58,,89578,42,,,0,18,,89582,42,,,0,16,,89575,42,,,0,58,,89584,42,,,0,18,,89577,42,,,0,18,,89580,42,,,0,17,,89576,42,,,0,56,,89585,42,,,0,16,,89574,42,,,0,20,,89583,42,,,0,58,,89579,42,,,0,18,,89581,42,,,0,18,,89589,42,,,0,60,,89587,42,,,0,19,,89591,42,,,0,20,,89588,42,,,0,59,,89590,42,,,0,20,,89592,42,,,0,20,,89586,42,,,0,70,,89594,42,,,0,28,,89593,42,,,0,70,,89595,42,,,0,30,,89596,42,,,0,77,,89597,42,,,0
2600,'5461',723,,89614,42,,,0,27,,89622,42,,,0,61,,89604,42,,,0,24,,89598,42,,,0,24,,89616,42,,,0,61,,89623,42,,,0,27,,89605,42,,,0,65,,89599,42,,,0,20,,89617,42,,,0,25,,89608,42,,,0,60,,89600,42,,,0,18,,89606,42,,,0,18,,89602,42,,,0,60,,89615,42,,,0,19,,89603,42,,,0,20,,89620,42,,,0,58,,89601,42,,,0,18,,89618,42,,,0,19,,89610,42,,,0,58,,89613,42,,,0,20,,89611,42,,,0,18,,89621,42,,,0,57,,89607,42,,,0,18,,89619,42,,,0,18,,89609,42,,,0,17,,89612,42,,,0,58,,89628,42,,,0,18,,89632,42,,,0,16,,89625,42,,,0,58,,89634,42,,,0,18,,89627,42,,,0,18,,89630,42,,,0,17,,89626,42,,,0,56,,89635,42,,,0,16,,89624,42,,,0,20,,89633,42,,,0,58,,89629,42,,,0,18,,89631,42,,,0,18,,89639,42,,,0,60,,89637,42,,,0,19,,89641,42,,,0,20,,89638,42,,,0,59,,89640,42,,,0,20,,89642,42,,,0,20,,89636,42,,,0,70,,89644,42,,,0,28,,89643,42,,,0,70,,89645,42,,,0,30,,89646,42,,,0,77,,89647,42,,,0
2600,'5462',723,,89664,42,,,0,27,,89672,42,,,0,61,,89654,42,,,0,24,,89648,42,,,0,24,,89666,42,,,0,61,,89673,42,,,0,27,,89655,42,,,0,65,,89649,42,,,0,20,,89667,42,,,0,25,,89658,42,,,0,60,,89650,42,,,0,18,,89656,42,,,0,18,,89652,42,,,0,60,,89665,42,,,0,19,,89653,42,,,0,20,,89670,42,,,0,58,,89651,42,,,0,18,,89668,42,,,0,19,,89660,42,,,0,58,,89663,42,,,0,20,,89661,42,,,0,18,,89671,42,,,0,57,,89657,42,,,0,18,,89669,42,,,0,18,,89659,42,,,0,17,,89662,42,,,0,58,,89678,42,,,0,18,,89682,42,,,0,16,,89675,42,,,0,58,,89684,42,,,0,18,,89677,42,,,0,18,,89680,42,,,0,17,,89676,42,,,0,56,,89685,42,,,0,16,,89674,42,,,0,20,,89683,42,,,0,58,,89679,42,,,0,18,,89681,42,,,0,18,,89689,42,,,0,60,,89687,42,,,0,19,,89691,42,,,0,20,,89688,42,,,0,59,,89690,42,,,0,20,,89692,42,,,0,20,,89686,42,,,0,70,,89694,42,,,0,28,,89693,42,,,0,70,,89695,42,,,0,30,,89696,42,,,0,77,,89697,42,,,0
2600,'5463',723,,89714,42,,,0,27,,89722,42,,,0,61,,89704,42,,,0,24,,89698,42,,,0,24,,89716,42,,,0,61,,89723,42,,,0,27,,89705,42,,,0,65,,89699,42,,,0,20,,89717,42,,,0,25,,89708,42,,,0,60,,89700,42,,,0,18,,89706,42,,,0,18,,89702,42,,,0,60,,89715,42,,,0,19,,89703,42,,,0,20,,89720,42,,,0,58,,89701,42,,,0,18,,89718,42,,,0,19,,89710,42,,,0,58,,89713,42,,,0,20,,89711,42,,,0,18,,89721,42,,,0,57,,89707,42,,,0,18,,89719,42,,,0,18,,89709,42,,,0,17,,89712,42,,,0,58,,89728,42,,,0,18,,89732,42,,,0,16,,89725,42,,,0,58,,89734,42,,,0,18,,89727,42,,,0,18,,89730,42,,,0,17,,89726,42,,,0,56,,89735,42,,,0,16,,89724,42,,,0,20,,89733,42,,,0,58,,89729,42,,,0,18,,89731,42,,,0,18,,89739,42,,,0,60,,89737,42,,,0,19,,89741,42,,,0,20,,89738,42,,,0,59,,89740,42,,,0,20,,89742,42,,,0,20,,89736,42,,,0,70,,89744,42,,,0,28,,89743,42,,,0,70,,89745,42,,,0,30,,89746,42,,,0,77,,89747,42,,,0
3900,'5456',702,,92569,30,,,0,20,,92550,24,,,0,15,,92559,30,,,0,13,,92552,24,,,0,52,,92558,24,,,0,12,,92563,30,,,0,4,,92570,24,,,0,9,,92560,30,,,0,15,,92551,30,,,0,11,,92571,24,,,0,3,,92541,30,,,0,50,,92572,24,,,0,6,,92553,30,,,0,14,,92562,30,,,0,22,,92561,30,,,0,65,,92537,30,,,0,30,,92542,30,,,0,69,,92564,30,,,0,31,,92543,30,,,0,71,,92538,30,,,0,31,,92544,30,,,0,70,,92565,30,,,0,31,,92545,30,,,0,71,,92539,30,,,0,33,,92546,30,,,0,73,,92566,30,,,0,22,,92534,30,,,0,55,,92531,30,,,0,17,,92547,30,,,0,13,,92540,30,,,0,17,,92567,30,,,0,54,,92530,30,,,0,13,,92535,30,,,0,15,,92532,30,,,0,15,,92548,30,,,0,12,,92549,30,,,0,56,,92568,30,,,0,18,,92536,30,,,0,20,,92533,30,,,0,58,,92557,30,,,0,38,,92555,30,,,0,82,,92554,30,,,0,107,,92556,30,,,0
3900,'5458',702,,92612,30,,,0,20,,92593,24,,,0,15,,92602,30,,,0,13,,92595,24,,,0,52,,92601,24,,,0,12,,92606,30,,,0,4,,92613,24,,,0,9,,92603,30,,,0,15,,92594,30,,,0,11,,92614,24,,,0,3,,92584,30,,,0,50,,92615,24,,,0,6,,92596,30,,,0,14,,92605,30,,,0,22,,92604,30,,,0,65,,92580,30,,,0,30,,92585,30,,,0,69,,92607,30,,,0,31,,92586,30,,,0,71,,92581,30,,,0,31,,92587,30,,,0,70,,92608,30,,,0,31,,92588,30,,,0,71,,92582,30,,,0,33,,92589,30,,,0,73,,92609,30,,,0,22,,92577,30,,,0,55,,92574,30,,,0,17,,92590,30,,,0,13,,92583,30,,,0,17,,92610,30,,,0,54,,92573,30,,,0,13,,92578,30,,,0,15,,92575,30,,,0,15,,92591,30,,,0,12,,92592,30,,,0,56,,92611,30,,,0,18,,92579,30,,,0,20,,92576,30,,,0,58,,92600,30,,,0,38,,92598,30,,,0,82,,92597,30,,,0,107,,92599,30,,,0
3900,'5459',724,,92617,24,,,0,128,,92618,24,,,0,101,,92622,24,,,0,102,,92626,24,,,0,100,,92616,24,,,0,100,,92620,24,,,0,100,,92623,24,,,0,100,,92627,24,,,0,100,,92619,24,,,0,100,,92621,24,,,0,100,,92624,24,,,0,98,,92628,24,,,0,99,,92625,24,,,0
3900,'5460',851,,92630,24,,,0,103,,92629,24,,,0,100,,92631,24,,,0,100,,92633,24,,,0,100,,92632,24,,,0,100,,92637,24,,,0,100,,92634,24,,,0,100,,92635,24,,,0,100,,92636,24,,,0,100,,92638,24,,,0,100,,92639,24,,,0,99,,92640,24,,,0
3900,'5461',851,,92642,24,,,0,103,,92641,24,,,0,100,,92643,24,,,0,100,,92645,24,,,0,100,,92644,24,,,0,100,,92649,24,,,0,100,,92646,24,,,0,100,,92647,24,,,0,100,,92648,24,,,0,100,,92650,24,,,0,100,,92651,24,,,0,99,,92652,24,,,0
3900,'5462',851,,92654,24,,,0,103,,92653,24,,,0,100,,92655,24,,,0,100,,92657,24,,,0,100,,92656,24,,,0,100,,92661,24,,,0,100,,92658,24,,,0,100,,92659,24,,,0,100,,92660,24,,,0,100,,92662,24,,,0,100,,92663,24,,,0,99,,92664,24,,,0
3900,'5463',851,,92666,24,,,0,103,,92665,24,,,0,100,,92667,24,,,0,100,,92669,24,,,0,100,,92668,24,,,0,100,,92673,24,,,0,100,,92670,24,,,0,100,,92671,24,,,0,100,,92672,24,,,0,100,,92674,24,,,0,100,,92675,24,,,0,99,,92676,24,,,0
4000,'5456',657,,92841,37,,,0,86,,92842,37,,,0,71,,92840,37,,,0,27,,92839,37,,,0,106,,92834,37,,,0,98,,92835,37,,,0,101,,92832,37,,,0,101,,92837,37,,,0,99,,92828,37,,,0,100,,92836,37,,,0,106,,92827,37,,,0,82,,92826,37,,,0,72,,92833,37,,,0,23,,92825,37,,,0,71,,92830,37,,,0,54,,92838,37,,,0,100,,92829,37,,,0,169,,92831,37,,,0,380,,92824,37,,,0
4000,'5458',657,,92860,37,,,0,86,,92861,37,,,0,71,,92859,37,,,0,27,,92858,37,,,0,106,,92853,37,,,0,98,,92854,37,,,0,101,,92851,37,,,0,101,,92856,37,,,0,99,,92847,37,,,0,100,,92855,37,,,0,106,,92846,37,,,0,82,,92845,37,,,0,72,,92852,37,,,0,23,,92844,37,,,0,71,,92849,37,,,0,54,,92857,37,,,0,100,,92848,37,,,0,169,,92850,37,,,0,380,,92843,37,,,0
4000,'5459',737,,92871,37,,,0,173,,92872,37,,,0,100,,92862,37,,,0,103,,92865,37,,,0,100,,92867,37,,,0,101,,92873,37,,,0,101,,92863,37,,,0,101,,92864,37,,,0,100,,92868,37,,,0,100,,92874,37,,,0,97,,92866,37,,,0,97,,92870,37,,,0,100,,92869,37,,,0,93,,92875,37,,,0
4000,'5460',834,,92877,37,,,0,176,,92876,37,,,0,102,,92878,37,,,0,100,,92879,37,,,0,101,,92880,37,,,0,101,,92881,37,,,0,101,,92884,37,,,0,100,,92883,37,,,0,100,,92882,37,,,0,98,,92885,37,,,0,97,,92886,37,,,0,99,,92887,37,,,0
4000,'5461',834,,92889,37,,,0,176,,92888,37,,,0,102,,92890,37,,,0,100,,92891,37,,,0,101,,92892,37,,,0,101,,92893,37,,,0,101,,92896,37,,,0,100,,92895,37,,,0,100,,92894,37,,,0,98,,92897,37,,,0,97,,92898,37,,,0,99,,92899,37,,,0
4000,'5462',834,,92901,37,,,0,176,,92900,37,,,0,102,,92902,37,,,0,100,,92903,37,,,0,101,,92904,37,,,0,101,,92905,37,,,0,101,,92908,37,,,0,100,,92907,37,,,0,100,,92906,37,,,0,98,,92909,37,,,0,97,,92910,37,,,0,99,,92911,37,,,0
4000,'5463',834,,92913,37,,,0,176,,92912,37,,,0,102,,92914,37,,,0,100,,92915,37,,,0,101,,92916,37,,,0,101,,92917,37,,,0,101,,92920,37,,,0,100,,92919,37,,,0,100,,92918,37,,,0,98,,92921,37,,,0,97,,92922,37,,,0,99,,92923,37,,,0
