1100,'5456',545,,85484,6,,,0,72,,85487,34,,,0,31,,85490,34,,,0,61,,85483,34,,,0,20,,85497,34,,,0,18,,85485,34,,,0,59,,85494,34,,,0,16,,85510,34,,,0,16,,85486,34,,,0,17,,85503,34,,,0,58,,85489,34,,,0,21,,85488,34,,,0,24,,85499,34,,,0,66,,85491,34,,,0,25,,85507,34,,,0,65,,85492,34,,,0,25,,85493,34,,,0,66,,85495,34,,,0,25,,85498,34,,,0,26,,85496,34,,,0,65,,85508,34,,,0,26,,85500,34,,,0,64,,85501,34,,,0,18,,85514,34,,,0,18,,85502,34,,,0,58,,85504,34,,,0,19,,85532,34,,,0,18,,85505,34,,,0,60,,85509,34,,,0,19,,85527,34,,,0,20,,85506,34,,,0,60,,85511,34,,,0,16,,85515,34,,,0,15,,85513,34,,,0,16,,85512,34,,,0,55,,85531,34,,,0,18,,85517,34,,,0,14,,85516,34,,,0,18,,85530,34,,,0,58,,85518,34,,,0,24,,85519,34,,,0,70,,85520,34,,,0,35,,85521,34,,,0,70,,85529,34,,,0,34,,85523,34,,,0,69,,85522,34,,,0,34,,85524,34,,,0,70,,85528,34,,,0,30,,85525,34,,,0,82,,85526,34,,,0
1100,'5458',545,,85534,6,,,0,72,,85537,34,,,0,31,,85540,34,,,0,61,,85533,34,,,0,20,,85547,34,,,0,18,,85535,34,,,0,59,,85544,34,,,0,16,,85560,34,,,0,16,,85536,34,,,0,17,,85553,34,,,0,58,,85539,34,,,0,21,,85538,34,,,0,24,,85549,34,,,0,66,,85541,34,,,0,25,,85557,34,,,0,65,,85542,34,,,0,25,,85543,34,,,0,66,,85545,34,,,0,25,,85548,34,,,0,26,,85546,34,,,0,65,,85558,34,,,0,26,,85550,34,,,0,64,,85551,34,,,0,18,,85564,34,,,0,18,,85552,34,,,0,58,,85554,34,,,0,19,,85582,34,,,0,18,,85555,34,,,0,60,,85559,34,,,0,19,,85577,34,,,0,20,,85556,34,,,0,60,,85561,34,,,0,16,,85565,34,,,0,15,,85563,34,,,0,16,,85562,34,,,0,55,,85581,34,,,0,18,,85567,34,,,0,14,,85566,34,,,0,18,,85580,34,,,0,58,,85568,34,,,0,24,,85569,34,,,0,70,,85570,34,,,0,35,,85571,34,,,0,70,,85579,34,,,0,34,,85573,34,,,0,69,,85572,34,,,0,34,,85574,34,,,0,70,,85578,34,,,0,30,,85575,34,,,0,82,,85576,34,,,0
1100,'5459',733,,85613,34,,,0,76,,85597,34,,,0,36,,85583,34,,,0,71,,85587,34,,,0,30,,85614,34,,,0,71,,85605,34,,,0,26,,85592,34,,,0,65,,85584,34,,,0,26,,85590,34,,,0,69,,85602,34,,,0,25,,85586,34,,,0,25,,85600,34,,,0,65,,85594,34,,,0,24,,85585,34,,,0,65,,85588,34,,,0,26,,85601,34,,,0,25,,85593,34,,,0,65,,85604,34,,,0,27,,85596,34,,,0,65,,85591,34,,,0,23,,85595,34,,,0,64,,85612,34,,,0,23,,85589,34,,,0,24,,85603,34,,,0,64,,85615,34,,,0,25,,85606,34,,,0,65,,85598,34,,,0,24,,85599,34,,,0,24,,85608,34,,,0,65,,85610,34,,,0,24,,85607,34,,,0,70,,85609,34,,,0,30,,85611,34,,,0,73,,85616,34,,,0,35,,85617,34,,,0,69,,85618,34,,,0,30,,85619,34,,,0,79,,85620,34,,,0
1100,'5460',748,,85622,34,,,0,80,,85621,34,,,0,81,,85624,34,,,0,32,,85623,34,,,0,71,,85626,34,,,0,36,,85625,34,,,0,75,,85630,34,,,0,31,,85628,34,,,0,70,,85627,34,,,0,31,,85629,34,,,0,70,,85633,34,,,0,30,,85634,34,,,0,70,,85632,34,,,0,31,,85631,34,,,0,70,,85637,34,,,0,30,,85636,34,,,0,69,,85635,34,,,0,30,,85639,34,,,0,69,,85640,34,,,0,29,,85638,34,,,0,68,,85641,34,,,0,29,,85642,34,,,0,70,,85644,34,,,0,85,,85643,34,,,0,45,,85645,34,,,0,84,,85646,34,,,0,78,,85647,34,,,0,45,,85648,34,,,0,85,,85649,34,,,0
1100,'5461',748,,85651,34,,,0,80,,85650,34,,,0,81,,85653,34,,,0,32,,85652,34,,,0,71,,85655,34,,,0,36,,85654,34,,,0,75,,85659,34,,,0,31,,85657,34,,,0,70,,85656,34,,,0,31,,85658,34,,,0,70,,85662,34,,,0,30,,85663,34,,,0,70,,85661,34,,,0,31,,85660,34,,,0,70,,85666,34,,,0,30,,85665,34,,,0,69,,85664,34,,,0,30,,85668,34,,,0,69,,85669,34,,,0,29,,85667,34,,,0,68,,85670,34,,,0,29,,85671,34,,,0,70,,85673,34,,,0,85,,85672,34,,,0,45,,85674,34,,,0,84,,85675,34,,,0,78,,85676,34,,,0,45,,85677,34,,,0,85,,85678,34,,,0
1100,'5462',748,,85680,34,,,0,80,,85679,34,,,0,81,,85682,34,,,0,32,,85681,34,,,0,71,,85684,34,,,0,36,,85683,34,,,0,75,,85688,34,,,0,31,,85686,34,,,0,70,,85685,34,,,0,31,,85687,34,,,0,70,,85691,34,,,0,30,,85692,34,,,0,70,,85690,34,,,0,31,,85689,34,,,0,70,,85695,34,,,0,30,,85694,34,,,0,69,,85693,34,,,0,30,,85697,34,,,0,69,,85698,34,,,0,29,,85696,34,,,0,68,,85699,34,,,0,29,,85700,34,,,0,70,,85702,34,,,0,85,,85701,34,,,0,45,,85703,34,,,0,84,,85704,34,,,0,78,,85705,34,,,0,45,,85706,34,,,0,85,,85707,34,,,0
1100,'5463',748,,85709,34,,,0,80,,85708,34,,,0,81,,85711,34,,,0,32,,85710,34,,,0,71,,85713,34,,,0,36,,85712,34,,,0,75,,85717,34,,,0,31,,85715,34,,,0,70,,85714,34,,,0,31,,85716,34,,,0,70,,85720,34,,,0,30,,85721,34,,,0,70,,85719,34,,,0,31,,85718,34,,,0,70,,85724,34,,,0,30,,85723,34,,,0,69,,85722,34,,,0,30,,85726,34,,,0,69,,85727,34,,,0,29,,85725,34,,,0,68,,85728,34,,,0,29,,85729,34,,,0,70,,85731,34,,,0,85,,85730,34,,,0,45,,85732,34,,,0,84,,85733,34,,,0,78,,85734,34,,,0,45,,85735,34,,,0,85,,85736,34,,,0
1400,'5456',612,,86227,35,,,0,20,,86228,35,,,0,18,,86229,35,,,0,56,,86230,35,,,0,15,,86231,35,,,0,6,,86218,6,,,0,6,,86232,35,,,0,9,,86233,35,,,0,6,,86219,6,,,0,6,,86234,35,,,0,46,,86220,6,,,0,6,,86235,35,,,0,8,,86221,6,,,0,5,,86236,35,,,0,8,,86222,6,,,0,5,,86237,35,,,0,8,,86223,6,,,0,3,,86238,35,,,0,4,,86239,35,,,0,5,,86240,35,,,0,5,,86241,35,,,0,48,,86224,6,,,0,6,,86242,35,,,0,6,,86225,6,,,0,6,,86243,35,,,0,7,,86226,6,,,0,6,,86244,35,,,0,11,,86245,35,,,0,53,,86246,35,,,0,12,,86247,35,,,0,13,,86248,35,,,0,13,,86249,35,,,0,13,,86250,35,,,0,53,,86251,35,,,0,13,,86252,35,,,0,13,,86253,35,,,0,14,,86254,35,,,0,13,,86255,35,,,0,53,,86256,35,,,0,13,,86257,35,,,0,12,,86258,35,,,0,13,,86259,35,,,0,53,,86260,35,,,0,13,,86261,35,,,0,13,,86262,35,,,0,14,,86263,35,,,0,13,,86264,35,,,0,54,,86265,35,,,0,12,,86266,35,,,0,14,,86267,35,,,0,11,,86268,35,,,0,13,,86269,35,,,0,61,,86270,35,,,0,7,,86301,35,,,0,7,,86271,35,,,0,17,,86272,35,,,0,56,,86273,35,,,0,15,,86274,35,,,0,15,,86275,35,,,0,14,,86276,35,,,0,56,,86277,35,,,0,15,,86278,35,,,0,15,,86279,35,,,0,16,,86280,35,,,0,56,,86281,35,,,0,13,,86282,35,,,0,14,,86283,35,,,0,15,,86284,35,,,0,54,,86285,35,,,0,15,,86286,35,,,0,15,,86287,35,,,0,17,,86288,35,,,0,59,,86289,35,,,0,19,,86290,35,,,0,20,,86291,35,,,0,60,,86292,35,,,0,20,,86293,35,,,0,20,,86294,35,,,0,60,,86295,35,,,0,20,,86296,35,,,0,30,,86297,35,,,0,70,,86298,35,,,0,30,,86299,35,,,0,70,,86300,35,,,0
1400,'5458',612,,86311,35,,,0,20,,86312,35,,,0,18,,86313,35,,,0,56,,86314,35,,,0,15,,86315,35,,,0,6,,86302,6,,,0,6,,86316,35,,,0,9,,86317,35,,,0,6,,86303,6,,,0,6,,86318,35,,,0,46,,86304,6,,,0,6,,86319,35,,,0,8,,86305,6,,,0,5,,86320,35,,,0,8,,86306,6,,,0,5,,86321,35,,,0,8,,86307,6,,,0,3,,86322,35,,,0,4,,86323,35,,,0,5,,86324,35,,,0,5,,86325,35,,,0,48,,86308,6,,,0,6,,86326,35,,,0,6,,86309,6,,,0,6,,86327,35,,,0,7,,86310,6,,,0,6,,86328,35,,,0,11,,86329,35,,,0,53,,86330,35,,,0,12,,86331,35,,,0,13,,86332,35,,,0,13,,86333,35,,,0,13,,86334,35,,,0,53,,86335,35,,,0,13,,86336,35,,,0,13,,86337,35,,,0,14,,86338,35,,,0,13,,86339,35,,,0,53,,86340,35,,,0,13,,86341,35,,,0,12,,86342,35,,,0,13,,86343,35,,,0,53,,86344,35,,,0,13,,86345,35,,,0,13,,86346,35,,,0,14,,86347,35,,,0,13,,86348,35,,,0,54,,86349,35,,,0,12,,86350,35,,,0,14,,86351,35,,,0,11,,86352,35,,,0,13,,86353,35,,,0,61,,86354,35,,,0,7,,86389,35,,,0,7,,86355,35,,,0,17,,86356,35,,,0,56,,86357,35,,,0,15,,86358,35,,,0,15,,86359,35,,,0,14,,86360,35,,,0,56,,86361,35,,,0,15,,86362,35,,,0,15,,86363,35,,,0,16,,86364,35,,,0,56,,86365,35,,,0,13,,86366,35,,,0,14,,86367,35,,,0,15,,86368,35,,,0,54,,86369,35,,,0,15,,86370,35,,,0,15,,86371,35,,,0,17,,86372,35,,,0,59,,86373,35,,,0,19,,86374,35,,,0,20,,86375,35,,,0,60,,86376,35,,,0,20,,86377,35,,,0,20,,86378,35,,,0,60,,86379,35,,,0,20,,86380,35,,,0,30,,86381,35,,,0,70,,86382,35,,,0,30,,86383,35,,,0,70,,86384,35,,,0,30,,86385,35,,,0,70,,86386,35,,,0,30,,86387,35,,,0,70,,86388,35,,,0
1400,'5459',651,,86414,35,,,0,61,,86415,35,,,0,19,,86398,35,,,0,18,,86413,35,,,0,56,,86392,35,,,0,15,,86397,35,,,0,15,,86396,35,,,0,15,,86412,35,,,0,55,,86410,35,,,0,15,,86395,35,,,0,15,,86391,35,,,0,15,,86411,35,,,0,55,,86390,35,,,0,16,,86400,35,,,0,15,,86402,35,,,0,15,,86416,35,,,0,56,,86418,35,,,0,15,,86403,35,,,0,16,,86394,35,,,0,15,,86417,35,,,0,56,,86393,35,,,0,16,,86399,35,,,0,15,,86406,35,,,0,15,,86419,35,,,0,55,,86404,35,,,0,15,,86420,35,,,0,15,,86405,35,,,0,15,,86407,35,,,0,55,,86421,35,,,0,16,,86409,35,,,0,15,,86401,35,,,0,16,,86408,35,,,0,55,,86432,35,,,0,15,,86430,35,,,0,15,,86433,35,,,0,15,,86427,35,,,0,55,,86426,35,,,0,14,,86423,35,,,0,15,,86434,35,,,0,14,,86428,35,,,0,55,,86429,35,,,0,15,,86436,35,,,0,15,,86431,35,,,0,15,,86424,35,,,0,55,,86425,35,,,0,14,,86435,35,,,0,15,,86422,35,,,0,14,,86440,35,,,0,55,,86437,35,,,0,15,,86438,35,,,0,15,,86439,35,,,0,16,,86441,35,,,0,60,,86443,35,,,0,20,,86444,35,,,0,20,,86445,35,,,0,60,,86446,35,,,0,19,,86442,35,,,0,20,,86450,35,,,0,60,,86449,35,,,0,21,,86448,35,,,0,67,,86447,35,,,0,30,,86451,35,,,0,70,,86452,35,,,0,30,,86453,35,,,0,70,,86454,35,,,0,29,,86455,35,,,0,28,,86456,35,,,0,70,,86457,35,,,0
1400,'5460',643,,86502,35,,,0,70,,86490,35,,,0,30,,86512,35,,,0,64,,86497,35,,,0,20,,86468,35,,,0,15,,86515,35,,,0,15,,86496,35,,,0,55,,86481,35,,,0,15,,86488,35,,,0,16,,86509,35,,,0,15,,86472,35,,,0,55,,86500,35,,,0,15,,86469,35,,,0,15,,86499,35,,,0,15,,86473,35,,,0,55,,86482,35,,,0,15,,86489,35,,,0,15,,86511,35,,,0,15,,86471,35,,,0,56,,86501,35,,,0,15,,86474,35,,,0,15,,86498,35,,,0,15,,86470,35,,,0,55,,86479,35,,,0,14,,86459,35,,,0,15,,86486,35,,,0,15,,86508,35,,,0,55,,86461,35,,,0,15,,86495,35,,,0,15,,86465,35,,,0,15,,86492,35,,,0,55,,86466,35,,,0,15,,86477,35,,,0,15,,86458,35,,,0,15,,86485,35,,,0,55,,86507,35,,,0,15,,86464,35,,,0,15,,86493,35,,,0,15,,86462,35,,,0,55,,86494,35,,,0,15,,86463,35,,,0,15,,86480,35,,,0,15,,86460,35,,,0,54,,86487,35,,,0,15,,86510,35,,,0,15,,86467,35,,,0,15,,86504,35,,,0,58,,86506,35,,,0,20,,86476,35,,,0,20,,86478,35,,,0,60,,86491,35,,,0,21,,86514,35,,,0,69,,86503,35,,,0,29,,86475,35,,,0,70,,86483,35,,,0,30,,86513,35,,,0,69,,86505,35,,,0,29,,86484,35,,,0
1400,'5461',643,,86560,35,,,0,70,,86548,35,,,0,30,,86570,35,,,0,64,,86555,35,,,0,20,,86526,35,,,0,15,,86573,35,,,0,15,,86554,35,,,0,55,,86539,35,,,0,15,,86546,35,,,0,16,,86567,35,,,0,15,,86530,35,,,0,55,,86558,35,,,0,15,,86527,35,,,0,15,,86557,35,,,0,15,,86531,35,,,0,55,,86540,35,,,0,15,,86547,35,,,0,15,,86569,35,,,0,15,,86529,35,,,0,56,,86559,35,,,0,15,,86532,35,,,0,15,,86556,35,,,0,15,,86528,35,,,0,55,,86537,35,,,0,14,,86517,35,,,0,15,,86544,35,,,0,15,,86566,35,,,0,55,,86519,35,,,0,15,,86553,35,,,0,15,,86523,35,,,0,15,,86550,35,,,0,55,,86524,35,,,0,15,,86535,35,,,0,15,,86516,35,,,0,15,,86543,35,,,0,55,,86565,35,,,0,15,,86522,35,,,0,15,,86551,35,,,0,15,,86520,35,,,0,55,,86552,35,,,0,15,,86521,35,,,0,15,,86538,35,,,0,15,,86518,35,,,0,54,,86545,35,,,0,15,,86568,35,,,0,15,,86525,35,,,0,15,,86562,35,,,0,58,,86564,35,,,0,20,,86534,35,,,0,20,,86536,35,,,0,60,,86549,35,,,0,21,,86572,35,,,0,69,,86561,35,,,0,29,,86533,35,,,0,70,,86541,35,,,0,30,,86571,35,,,0,69,,86563,35,,,0,29,,86542,35,,,0
1400,'5462',643,,86618,35,,,0,70,,86606,35,,,0,30,,86628,35,,,0,64,,86613,35,,,0,20,,86584,35,,,0,15,,86631,35,,,0,15,,86612,35,,,0,55,,86597,35,,,0,15,,86604,35,,,0,16,,86625,35,,,0,15,,86588,35,,,0,55,,86616,35,,,0,15,,86585,35,,,0,15,,86615,35,,,0,15,,86589,35,,,0,55,,86598,35,,,0,15,,86605,35,,,0,15,,86627,35,,,0,15,,86587,35,,,0,56,,86617,35,,,0,15,,86590,35,,,0,15,,86614,35,,,0,15,,86586,35,,,0,55,,86595,35,,,0,14,,86575,35,,,0,15,,86602,35,,,0,15,,86624,35,,,0,55,,86577,35,,,0,15,,86611,35,,,0,15,,86581,35,,,0,15,,86608,35,,,0,55,,86582,35,,,0,15,,86593,35,,,0,15,,86574,35,,,0,15,,86601,35,,,0,55,,86623,35,,,0,15,,86580,35,,,0,15,,86609,35,,,0,15,,86578,35,,,0,55,,86610,35,,,0,15,,86579,35,,,0,15,,86596,35,,,0,15,,86576,35,,,0,54,,86603,35,,,0,15,,86626,35,,,0,15,,86583,35,,,0,15,,86620,35,,,0,58,,86622,35,,,0,20,,86592,35,,,0,20,,86594,35,,,0,60,,86607,35,,,0,21,,86630,35,,,0,69,,86619,35,,,0,29,,86591,35,,,0,70,,86599,35,,,0,30,,86629,35,,,0,69,,86621,35,,,0,29,,86600,35,,,0
1400,'5463',643,,86676,35,,,0,70,,86664,35,,,0,30,,86686,35,,,0,64,,86671,35,,,0,20,,86642,35,,,0,15,,86689,35,,,0,15,,86670,35,,,0,55,,86655,35,,,0,15,,86662,35,,,0,16,,86683,35,,,0,15,,86646,35,,,0,55,,86674,35,,,0,15,,86643,35,,,0,15,,86673,35,,,0,15,,86647,35,,,0,55,,86656,35,,,0,15,,86663,35,,,0,15,,86685,35,,,0,15,,86645,35,,,0,56,,86675,35,,,0,15,,86648,35,,,0,15,,86672,35,,,0,15,,86644,35,,,0,55,,86653,35,,,0,14,,86633,35,,,0,15,,86660,35,,,0,15,,86682,35,,,0,55,,86635,35,,,0,15,,86669,35,,,0,15,,86639,35,,,0,15,,86666,35,,,0,55,,86640,35,,,0,15,,86651,35,,,0,15,,86632,35,,,0,15,,86659,35,,,0,55,,86681,35,,,0,15,,86638,35,,,0,15,,86667,35,,,0,15,,86636,35,,,0,55,,86668,35,,,0,15,,86637,35,,,0,15,,86654,35,,,0,15,,86634,35,,,0,54,,86661,35,,,0,15,,86684,35,,,0,15,,86641,35,,,0,15,,86678,35,,,0,58,,86680,35,,,0,20,,86650,35,,,0,20,,86652,35,,,0,60,,86665,35,,,0,21,,86688,35,,,0,69,,86677,35,,,0,29,,86649,35,,,0,70,,86657,35,,,0,30,,86687,35,,,0,69,,86679,35,,,0,29,,86658,35,,,0
1500,'5456',536,,87185,22,,,0,20,,87186,22,,,0,59,,87187,22,,,0,16,,87188,22,,,0,17,,87189,22,,,0,56,,87190,22,,,0,16,,87191,22,,,0,16,,87192,22,,,0,14,,87193,22,,,0,53,,87194,22,,,0,11,,87195,22,,,0,11,,87196,22,,,0,11,,87197,22,,,0,11,,87198,22,,,0,11,,87257,4,,,0,51,,87200,22,,,0,11,,87201,22,,,0,12,,87202,22,,,0,10,,87203,22,,,0,14,,87204,22,,,0,55,,87205,22,,,0,15,,87206,22,,,0,15,,87207,22,,,0,15,,87208,22,,,0,55,,87209,22,,,0,16,,87210,22,,,0,15,,87211,22,,,0,15,,87212,22,,,0,55,,87213,22,,,0,15,,87214,22,,,0,15,,87215,22,,,0,15,,87216,22,,,0,55,,87217,22,,,0,15,,87218,22,,,0,15,,87219,22,,,0,15,,87220,22,,,0,55,,87221,22,,,0,16,,87222,22,,,0,15,,87223,22,,,0,15,,87224,22,,,0,55,,87225,22,,,0,15,,87226,22,,,0,13,,87227,22,,,0,15,,87228,22,,,0,55,,87229,22,,,0,15,,87230,22,,,0,15,,87231,22,,,0,15,,87232,22,,,0,55,,87233,22,,,0,15,,87234,22,,,0,15,,87235,22,,,0,14,,87236,22,,,0,54,,87237,22,,,0,15,,87238,22,,,0,17,,87239,22,,,0,15,,87240,22,,,0,55,,87241,22,,,0,14,,87242,22,,,0,14,,87243,22,,,0,20,,87244,22,,,0,60,,87245,22,,,0,20,,87246,22,,,0,20,,87247,22,,,0,60,,87248,22,,,0,20,,87249,22,,,0,20,,87250,22,,,0,60,,87251,22,,,0,25,,87252,22,,,0,70,,87253,22,,,0,30,,87254,22,,,0,70,,87255,22,,,0,30,,87256,22,,,0
1500,'5458',536,,87258,22,,,0,20,,87259,22,,,0,59,,87260,22,,,0,16,,87261,22,,,0,17,,87262,22,,,0,56,,87263,22,,,0,16,,87264,22,,,0,16,,87265,22,,,0,14,,87266,22,,,0,53,,87267,22,,,0,11,,87268,22,,,0,11,,87269,22,,,0,11,,87270,22,,,0,11,,87271,22,,,0,11,,87334,4,,,0,51,,87273,22,,,0,11,,87274,22,,,0,12,,87275,22,,,0,10,,87276,22,,,0,14,,87277,22,,,0,55,,87278,22,,,0,15,,87279,22,,,0,15,,87280,22,,,0,15,,87281,22,,,0,55,,87282,22,,,0,16,,87283,22,,,0,15,,87284,22,,,0,15,,87285,22,,,0,55,,87286,22,,,0,15,,87287,22,,,0,15,,87288,22,,,0,15,,87289,22,,,0,55,,87290,22,,,0,15,,87291,22,,,0,15,,87292,22,,,0,15,,87293,22,,,0,55,,87294,22,,,0,16,,87295,22,,,0,15,,87296,22,,,0,15,,87297,22,,,0,55,,87298,22,,,0,15,,87299,22,,,0,13,,87300,22,,,0,15,,87301,22,,,0,55,,87302,22,,,0,15,,87303,22,,,0,15,,87304,22,,,0,15,,87305,22,,,0,55,,87306,22,,,0,15,,87307,22,,,0,15,,87308,22,,,0,14,,87309,22,,,0,54,,87310,22,,,0,15,,87311,22,,,0,17,,87312,22,,,0,15,,87313,22,,,0,55,,87314,22,,,0,14,,87315,22,,,0,14,,87316,22,,,0,20,,87317,22,,,0,60,,87318,22,,,0,20,,87319,22,,,0,20,,87320,22,,,0,60,,87321,22,,,0,20,,87322,22,,,0,20,,87323,22,,,0,60,,87324,22,,,0,25,,87325,22,,,0,70,,87326,22,,,0,30,,87327,22,,,0,70,,87328,22,,,0,30,,87329,22,,,0,70,,87330,22,,,0,30,,87331,22,,,0,70,,87332,22,,,0,30,,87333,22,,,0
1500,'5459',636,,87391,22,,,0,65,,87378,22,,,0,21,,87376,22,,,0,19,,87377,22,,,0,16,,87353,22,,,0,55,,87389,22,,,0,15,,87371,22,,,0,16,,87350,22,,,0,14,,87375,22,,,0,55,,87374,22,,,0,16,,87352,22,,,0,15,,87390,22,,,0,15,,87372,22,,,0,55,,87351,22,,,0,15,,87373,22,,,0,15,,87370,22,,,0,16,,87345,22,,,0,55,,87349,22,,,0,15,,87388,22,,,0,16,,87369,22,,,0,56,,87348,22,,,0,16,,87368,22,,,0,15,,87367,22,,,0,15,,87347,22,,,0,55,,87346,22,,,0,15,,87387,22,,,0,15,,87366,22,,,0,15,,87344,22,,,0,56,,87364,22,,,0,15,,87365,22,,,0,15,,87342,22,,,0,15,,87343,22,,,0,55,,87386,22,,,0,15,,87363,22,,,0,15,,87341,22,,,0,15,,87362,22,,,0,55,,87361,22,,,0,15,,87339,22,,,0,15,,87340,22,,,0,15,,87385,22,,,0,54,,87360,22,,,0,15,,87335,22,,,0,15,,87356,22,,,0,15,,87358,22,,,0,55,,87337,22,,,0,15,,87338,22,,,0,15,,87384,22,,,0,14,,87357,22,,,0,54,,87336,22,,,0,15,,87355,22,,,0,15,,87359,22,,,0,15,,87354,22,,,0,58,,87381,22,,,0,20,,87382,22,,,0,20,,87383,22,,,0,60,,87380,22,,,0,20,,87379,22,,,0,20,,87393,22,,,0,60,,87392,22,,,0,20,,87394,22,,,0,23,,87395,22,,,0,70,,87396,22,,,0,30,,87397,22,,,0,70,,87398,22,,,0,29,,87399,22,,,0,69,,87400,22,,,0,29,,87401,22,,,0,70,,87402,22,,,0,30,,87403,22,,,0
1500,'5460',658,,87444,22,,,0,70,,87443,22,,,0,28,,87419,22,,,0,61,,87422,22,,,0,17,,87460,22,,,0,16,,87409,22,,,0,55,,87421,22,,,0,15,,87408,22,,,0,15,,87404,22,,,0,16,,87423,22,,,0,55,,87413,22,,,0,15,,87425,22,,,0,15,,87405,22,,,0,15,,87410,22,,,0,55,,87406,22,,,0,15,,87407,22,,,0,15,,87428,22,,,0,15,,87417,22,,,0,55,,87426,22,,,0,15,,87414,22,,,0,15,,87416,22,,,0,15,,87411,22,,,0,55,,87412,22,,,0,15,,87429,22,,,0,15,,87418,22,,,0,16,,87430,22,,,0,55,,87415,22,,,0,14,,87431,22,,,0,15,,87432,22,,,0,15,,87427,22,,,0,55,,87442,22,,,0,15,,87438,22,,,0,15,,87436,22,,,0,15,,87434,22,,,0,55,,87439,22,,,0,15,,87441,22,,,0,15,,87435,22,,,0,15,,87437,22,,,0,55,,87440,22,,,0,14,,87433,22,,,0,15,,87420,22,,,0,15,,87424,22,,,0,55,,87448,22,,,0,15,,87447,22,,,0,15,,87446,22,,,0,14,,87450,22,,,0,55,,87455,22,,,0,20,,87452,22,,,0,20,,87445,22,,,0,60,,87451,22,,,0,19,,87454,22,,,0,27,,87453,22,,,0,69,,87449,22,,,0,30,,87456,22,,,0,70,,87457,22,,,0,29,,87459,22,,,0,70,,87458,22,,,0
1500,'5461',658,,87501,22,,,0,70,,87500,22,,,0,28,,87476,22,,,0,61,,87479,22,,,0,17,,87517,22,,,0,16,,87466,22,,,0,55,,87478,22,,,0,15,,87465,22,,,0,15,,87461,22,,,0,16,,87480,22,,,0,55,,87470,22,,,0,15,,87482,22,,,0,15,,87462,22,,,0,15,,87467,22,,,0,55,,87463,22,,,0,15,,87464,22,,,0,15,,87485,22,,,0,15,,87474,22,,,0,55,,87483,22,,,0,15,,87471,22,,,0,15,,87473,22,,,0,15,,87468,22,,,0,55,,87469,22,,,0,15,,87486,22,,,0,15,,87475,22,,,0,16,,87487,22,,,0,55,,87472,22,,,0,14,,87488,22,,,0,15,,87489,22,,,0,15,,87484,22,,,0,55,,87499,22,,,0,15,,87495,22,,,0,15,,87493,22,,,0,15,,87491,22,,,0,55,,87496,22,,,0,15,,87498,22,,,0,15,,87492,22,,,0,15,,87494,22,,,0,55,,87497,22,,,0,14,,87490,22,,,0,15,,87477,22,,,0,15,,87481,22,,,0,55,,87505,22,,,0,15,,87504,22,,,0,15,,87503,22,,,0,14,,87507,22,,,0,55,,87512,22,,,0,20,,87509,22,,,0,20,,87502,22,,,0,60,,87508,22,,,0,19,,87511,22,,,0,27,,87510,22,,,0,69,,87506,22,,,0,30,,87513,22,,,0,70,,87514,22,,,0,29,,87516,22,,,0,70,,87515,22,,,0
1500,'5462',658,,87558,22,,,0,70,,87557,22,,,0,28,,87533,22,,,0,61,,87536,22,,,0,17,,87574,22,,,0,16,,87523,22,,,0,55,,87535,22,,,0,15,,87522,22,,,0,15,,87518,22,,,0,16,,87537,22,,,0,55,,87527,22,,,0,15,,87539,22,,,0,15,,87519,22,,,0,15,,87524,22,,,0,55,,87520,22,,,0,15,,87521,22,,,0,15,,87542,22,,,0,15,,87531,22,,,0,55,,87540,22,,,0,15,,87528,22,,,0,15,,87530,22,,,0,15,,87525,22,,,0,55,,87526,22,,,0,15,,87543,22,,,0,15,,87532,22,,,0,16,,87544,22,,,0,55,,87529,22,,,0,14,,87545,22,,,0,15,,87546,22,,,0,15,,87541,22,,,0,55,,87556,22,,,0,15,,87552,22,,,0,15,,87550,22,,,0,15,,87548,22,,,0,55,,87553,22,,,0,15,,87555,22,,,0,15,,87549,22,,,0,15,,87551,22,,,0,55,,87554,22,,,0,14,,87547,22,,,0,15,,87534,22,,,0,15,,87538,22,,,0,55,,87562,22,,,0,15,,87561,22,,,0,15,,87560,22,,,0,14,,87564,22,,,0,55,,87569,22,,,0,20,,87566,22,,,0,20,,87559,22,,,0,60,,87565,22,,,0,19,,87568,22,,,0,27,,87567,22,,,0,69,,87563,22,,,0,30,,87570,22,,,0,70,,87571,22,,,0,29,,87573,22,,,0,70,,87572,22,,,0
1500,'5463',658,,87615,22,,,0,70,,87614,22,,,0,28,,87590,22,,,0,61,,87593,22,,,0,17,,87631,22,,,0,16,,87580,22,,,0,55,,87592,22,,,0,15,,87579,22,,,0,15,,87575,22,,,0,16,,87594,22,,,0,55,,87584,22,,,0,15,,87596,22,,,0,15,,87576,22,,,0,15,,87581,22,,,0,55,,87577,22,,,0,15,,87578,22,,,0,15,,87599,22,,,0,15,,87588,22,,,0,55,,87597,22,,,0,15,,87585,22,,,0,15,,87587,22,,,0,15,,87582,22,,,0,55,,87583,22,,,0,15,,87600,22,,,0,15,,87589,22,,,0,16,,87601,22,,,0,55,,87586,22,,,0,14,,87602,22,,,0,15,,87603,22,,,0,15,,87598,22,,,0,55,,87613,22,,,0,15,,87609,22,,,0,15,,87607,22,,,0,15,,87605,22,,,0,55,,87610,22,,,0,15,,87612,22,,,0,15,,87606,22,,,0,15,,87608,22,,,0,55,,87611,22,,,0,14,,87604,22,,,0,15,,87591,22,,,0,15,,87595,22,,,0,55,,87619,22,,,0,15,,87618,22,,,0,15,,87617,22,,,0,14,,87621,22,,,0,55,,87626,22,,,0,20,,87623,22,,,0,20,,87616,22,,,0,60,,87622,22,,,0,19,,87625,22,,,0,27,,87624,22,,,0,69,,87620,22,,,0,30,,87627,22,,,0,70,,87628,22,,,0,29,,87630,22,,,0,70,,87629,22,,,0
