1000,'5456',637,,85268,11,,,0,84,,85273,11,,,0,37,,85269,11,,,0,78,,85270,11,,,0,84,,85271,11,,,0,39,,85272,11,,,0,95,,85275,11,,,0,155,,85274,11,,,0,91,,85277,11,,,0,36,,85276,11,,,0,86,,85280,11,,,0,83,,85278,11,,,0,96,,85279,11,,,0,42,,85281,11,,,0,86,,85282,11,,,0,78,,85283,11,,,0,21,,85286,11,,,0,30,,85284,11,,,0,94,,85285,11,,,0
1000,'5458',637,,85288,11,,,0,84,,85293,11,,,0,37,,85289,11,,,0,78,,85290,11,,,0,84,,85291,11,,,0,39,,85292,11,,,0,95,,85295,11,,,0,155,,85294,11,,,0,91,,85297,11,,,0,36,,85296,11,,,0,86,,85300,11,,,0,83,,85298,11,,,0,96,,85299,11,,,0,42,,85301,11,,,0,86,,85302,11,,,0,78,,85303,11,,,0,21,,85306,11,,,0,30,,85304,11,,,0,94,,85305,11,,,0
1000,'5459',735,,85316,11,,,0,101,,85320,11,,,0,103,,85307,11,,,0,97,,85310,11,,,0,108,,85313,11,,,0,111,,85312,11,,,0,98,,85308,11,,,0,101,,85311,11,,,0,100,,85309,11,,,0,102,,85314,11,,,0,102,,85315,11,,,0,98,,85318,11,,,0,98,,85319,11,,,0
1000,'5460',735,,85325,11,,,0,101,,85324,11,,,0,100,,85322,11,,,0,104,,85321,11,,,0,102,,85328,11,,,0,111,,85327,11,,,0,90,,85323,11,,,0,107,,85326,11,,,0,100,,85330,11,,,0,98,,85329,11,,,0,102,,85332,11,,,0,104,,85331,11,,,0,99,,85333,11,,,0
1000,'5461',735,,85338,11,,,0,101,,85337,11,,,0,100,,85335,11,,,0,104,,85334,11,,,0,102,,85341,11,,,0,111,,85340,11,,,0,90,,85336,11,,,0,107,,85339,11,,,0,100,,85343,11,,,0,98,,85342,11,,,0,102,,85345,11,,,0,104,,85344,11,,,0,99,,85346,11,,,0
1000,'5462',735,,85351,11,,,0,101,,85350,11,,,0,100,,85348,11,,,0,104,,85347,11,,,0,102,,85354,11,,,0,111,,85353,11,,,0,90,,85349,11,,,0,107,,85352,11,,,0,100,,85356,11,,,0,98,,85355,11,,,0,102,,85358,11,,,0,104,,85357,11,,,0,99,,85359,11,,,0
1000,'5463',735,,85364,11,,,0,101,,85363,11,,,0,100,,85361,11,,,0,104,,85360,11,,,0,102,,85367,11,,,0,111,,85366,11,,,0,90,,85362,11,,,0,107,,85365,11,,,0,100,,85369,11,,,0,98,,85368,11,,,0,102,,85371,11,,,0,104,,85370,11,,,0,99,,85372,11,,,0
1501,'5456',531,,87633,5,,,0,28,,87634,16,,,0,68,,87635,16,,,0,18,,87636,16,,,0,60,,87637,16,,,0,16,,87638,16,,,0,14,,87639,16,,,0,15,,87640,16,,,0,56,,87641,16,,,0,17,,87632,16,,,0,17,,87642,16,,,0,16,,87643,16,,,0,55,,87644,16,,,0,15,,87645,16,,,0,15,,87646,16,,,0,15,,87647,16,,,0,55,,87648,16,,,0,15,,87649,16,,,0,16,,87650,16,,,0,16,,87651,16,,,0,55,,87652,16,,,0,14,,87653,16,,,0,15,,87654,16,,,0,15,,87655,16,,,0,55,,87656,16,,,0,15,,87657,16,,,0,15,,87658,16,,,0,15,,87659,16,,,0,55,,87660,16,,,0,15,,87661,16,,,0,13,,87662,16,,,0,15,,87663,16,,,0,56,,87664,16,,,0,14,,87665,16,,,0,13,,87666,16,,,0,12,,87667,16,,,0,51,,87668,16,,,0,11,,87669,16,,,0,9,,87670,16,,,0,16,,87671,16,,,0,13,,87672,16,,,0,52,,87673,16,,,0,12,,87674,16,,,0,12,,87675,16,,,0,11,,87676,16,,,0,11,,87677,16,,,0,52,,87678,16,,,0,10,,87679,16,,,0,9,,87680,16,,,0,12,,87681,16,,,0,11,,87682,16,,,0,11,,87683,16,,,0,51,,87684,16,,,0,12,,87685,16,,,0,10,,87686,16,,,0,14,,87687,16,,,0,15,,87688,16,,,0,56,,87689,16,,,0,15,,87690,16,,,0,16,,87691,16,,,0,15,,87692,16,,,0,55,,87693,16,,,0,14,,87694,16,,,0,19,,87695,16,,,0,60,,87696,16,,,0,21,,87697,16,,,0,19,,87698,16,,,0,64,,87699,16,,,0,31,,87700,16,,,0,73,,87701,16,,,0,31,,87702,16,,,0,70,,87703,16,,,0,32,,87704,16,,,0
1501,'5458',531,,87706,5,,,0,28,,87707,16,,,0,68,,87708,16,,,0,18,,87709,16,,,0,60,,87710,16,,,0,16,,87711,16,,,0,14,,87712,16,,,0,15,,87713,16,,,0,56,,87714,16,,,0,17,,87705,16,,,0,17,,87715,16,,,0,16,,87716,16,,,0,55,,87717,16,,,0,15,,87718,16,,,0,15,,87719,16,,,0,15,,87720,16,,,0,55,,87721,16,,,0,15,,87722,16,,,0,16,,87723,16,,,0,16,,87724,16,,,0,55,,87725,16,,,0,14,,87726,16,,,0,15,,87727,16,,,0,15,,87728,16,,,0,55,,87729,16,,,0,15,,87730,16,,,0,15,,87731,16,,,0,15,,87732,16,,,0,55,,87733,16,,,0,15,,87734,16,,,0,13,,87735,16,,,0,15,,87736,16,,,0,56,,87737,16,,,0,14,,87738,16,,,0,13,,87739,16,,,0,12,,87740,16,,,0,51,,87741,16,,,0,11,,87742,16,,,0,9,,87743,16,,,0,16,,87744,16,,,0,13,,87745,16,,,0,52,,87746,16,,,0,12,,87747,16,,,0,12,,87748,16,,,0,11,,87749,16,,,0,11,,87750,16,,,0,52,,87751,16,,,0,10,,87752,16,,,0,9,,87753,16,,,0,12,,87754,16,,,0,11,,87755,16,,,0,11,,87756,16,,,0,51,,87757,16,,,0,12,,87758,16,,,0,10,,87759,16,,,0,14,,87760,16,,,0,15,,87761,16,,,0,56,,87762,16,,,0,15,,87763,16,,,0,16,,87764,16,,,0,15,,87765,16,,,0,55,,87766,16,,,0,14,,87767,16,,,0,19,,87768,16,,,0,60,,87769,16,,,0,21,,87770,16,,,0,19,,87771,16,,,0,64,,87772,16,,,0,31,,87773,16,,,0,73,,87774,16,,,0,31,,87775,16,,,0,70,,87776,16,,,0,32,,87777,16,,,0,70,,87778,16,,,0,30,,87779,16,,,0,70,,87780,16,,,0,30,,87781,16,,,0
1501,'5459',658,,87822,16,,,0,64,,87836,16,,,0,20,,87821,16,,,0,15,,87797,16,,,0,54,,87817,16,,,0,15,,87818,16,,,0,16,,87796,16,,,0,15,,87835,16,,,0,55,,87819,16,,,0,15,,87795,16,,,0,15,,87820,16,,,0,15,,87812,16,,,0,53,,87793,16,,,0,14,,87794,16,,,0,14,,87834,16,,,0,15,,87813,16,,,0,55,,87792,16,,,0,15,,87815,16,,,0,15,,87816,16,,,0,15,,87789,16,,,0,55,,87791,16,,,0,15,,87833,16,,,0,14,,87814,16,,,0,15,,87790,16,,,0,55,,87811,16,,,0,15,,87810,16,,,0,15,,87788,16,,,0,16,,87785,16,,,0,55,,87832,16,,,0,16,,87809,16,,,0,14,,87787,16,,,0,15,,87807,16,,,0,55,,87808,16,,,0,15,,87786,16,,,0,15,,87801,16,,,0,15,,87837,16,,,0,55,,87830,16,,,0,15,,87802,16,,,0,15,,87803,16,,,0,15,,87805,16,,,0,55,,87782,16,,,0,15,,87784,16,,,0,15,,87831,16,,,0,14,,87804,16,,,0,55,,87783,16,,,0,15,,87806,16,,,0,15,,87829,16,,,0,15,,87800,16,,,0,55,,87798,16,,,0,15,,87838,16,,,0,17,,87826,16,,,0,20,,87799,16,,,0,60,,87824,16,,,0,20,,87825,16,,,0,20,,87823,16,,,0,60,,87827,16,,,0,20,,87828,16,,,0,20,,87841,16,,,0,60,,87840,16,,,0,23,,87839,16,,,0,70,,87842,16,,,0,31,,87843,16,,,0,70,,87844,16,,,0,30,,87845,16,,,0,70,,87846,16,,,0,30,,87847,16,,,0,72,,87848,16,,,0,30,,87849,16,,,0
1501,'5460',656,,87867,16,,,0,69,,87854,16,,,0,20,,87868,16,,,0,56,,87855,16,,,0,15,,87909,16,,,0,15,,87869,16,,,0,15,,87856,16,,,0,55,,87908,16,,,0,14,,87870,16,,,0,15,,87857,16,,,0,15,,87871,16,,,0,55,,87851,16,,,0,15,,87865,16,,,0,15,,87850,16,,,0,15,,87874,16,,,0,56,,87861,16,,,0,15,,87875,16,,,0,15,,87853,16,,,0,15,,87863,16,,,0,55,,87852,16,,,0,15,,87862,16,,,0,15,,87876,16,,,0,15,,87858,16,,,0,55,,87877,16,,,0,16,,87859,16,,,0,15,,87866,16,,,0,15,,87864,16,,,0,55,,87860,16,,,0,15,,87878,16,,,0,15,,87880,16,,,0,15,,87879,16,,,0,55,,87881,16,,,0,15,,87873,16,,,0,15,,87883,16,,,0,15,,87872,16,,,0,55,,87884,16,,,0,15,,87890,16,,,0,15,,87889,16,,,0,15,,87885,16,,,0,55,,87882,16,,,0,15,,87887,16,,,0,15,,87886,16,,,0,15,,87888,16,,,0,55,,87904,16,,,0,15,,87901,16,,,0,15,,87898,16,,,0,15,,87902,16,,,0,55,,87891,16,,,0,18,,87903,16,,,0,19,,87892,16,,,0,19,,87893,16,,,0,59,,87895,16,,,0,19,,87897,16,,,0,20,,87896,16,,,0,60,,87894,16,,,0,26,,87900,16,,,0,70,,87899,16,,,0,31,,87905,16,,,0,71,,87906,16,,,0,30,,87907,16,,,0
1501,'5461',656,,87927,16,,,0,69,,87914,16,,,0,20,,87928,16,,,0,56,,87915,16,,,0,15,,87969,16,,,0,15,,87929,16,,,0,15,,87916,16,,,0,55,,87968,16,,,0,14,,87930,16,,,0,15,,87917,16,,,0,15,,87931,16,,,0,55,,87911,16,,,0,15,,87925,16,,,0,15,,87910,16,,,0,15,,87934,16,,,0,56,,87921,16,,,0,15,,87935,16,,,0,15,,87913,16,,,0,15,,87923,16,,,0,55,,87912,16,,,0,15,,87922,16,,,0,15,,87936,16,,,0,15,,87918,16,,,0,55,,87937,16,,,0,16,,87919,16,,,0,15,,87926,16,,,0,15,,87924,16,,,0,55,,87920,16,,,0,15,,87938,16,,,0,15,,87940,16,,,0,15,,87939,16,,,0,55,,87941,16,,,0,15,,87933,16,,,0,15,,87943,16,,,0,15,,87932,16,,,0,55,,87944,16,,,0,15,,87950,16,,,0,15,,87949,16,,,0,15,,87945,16,,,0,55,,87942,16,,,0,15,,87947,16,,,0,15,,87946,16,,,0,15,,87948,16,,,0,55,,87964,16,,,0,15,,87961,16,,,0,15,,87958,16,,,0,15,,87962,16,,,0,55,,87951,16,,,0,18,,87963,16,,,0,19,,87952,16,,,0,19,,87953,16,,,0,59,,87955,16,,,0,19,,87957,16,,,0,20,,87956,16,,,0,60,,87954,16,,,0,26,,87960,16,,,0,70,,87959,16,,,0,31,,87965,16,,,0,71,,87966,16,,,0,30,,87967,16,,,0
1501,'5462',656,,87987,16,,,0,69,,87974,16,,,0,20,,87988,16,,,0,56,,87975,16,,,0,15,,88029,16,,,0,15,,87989,16,,,0,15,,87976,16,,,0,55,,88028,16,,,0,14,,87990,16,,,0,15,,87977,16,,,0,15,,87991,16,,,0,55,,87971,16,,,0,15,,87985,16,,,0,15,,87970,16,,,0,15,,87994,16,,,0,56,,87981,16,,,0,15,,87995,16,,,0,15,,87973,16,,,0,15,,87983,16,,,0,55,,87972,16,,,0,15,,87982,16,,,0,15,,87996,16,,,0,15,,87978,16,,,0,55,,87997,16,,,0,16,,87979,16,,,0,15,,87986,16,,,0,15,,87984,16,,,0,55,,87980,16,,,0,15,,87998,16,,,0,15,,88000,16,,,0,15,,87999,16,,,0,55,,88001,16,,,0,15,,87993,16,,,0,15,,88003,16,,,0,15,,87992,16,,,0,55,,88004,16,,,0,15,,88010,16,,,0,15,,88009,16,,,0,15,,88005,16,,,0,55,,88002,16,,,0,15,,88007,16,,,0,15,,88006,16,,,0,15,,88008,16,,,0,55,,88024,16,,,0,15,,88021,16,,,0,15,,88018,16,,,0,15,,88022,16,,,0,55,,88011,16,,,0,18,,88023,16,,,0,19,,88012,16,,,0,19,,88013,16,,,0,59,,88015,16,,,0,19,,88017,16,,,0,20,,88016,16,,,0,60,,88014,16,,,0,26,,88020,16,,,0,70,,88019,16,,,0,31,,88025,16,,,0,71,,88026,16,,,0,30,,88027,16,,,0
1501,'5463',656,,88047,16,,,0,69,,88034,16,,,0,20,,88048,16,,,0,56,,88035,16,,,0,15,,88089,16,,,0,15,,88049,16,,,0,15,,88036,16,,,0,55,,88088,16,,,0,14,,88050,16,,,0,15,,88037,16,,,0,15,,88051,16,,,0,55,,88031,16,,,0,15,,88045,16,,,0,15,,88030,16,,,0,15,,88054,16,,,0,56,,88041,16,,,0,15,,88055,16,,,0,15,,88033,16,,,0,15,,88043,16,,,0,55,,88032,16,,,0,15,,88042,16,,,0,15,,88056,16,,,0,15,,88038,16,,,0,55,,88057,16,,,0,16,,88039,16,,,0,15,,88046,16,,,0,15,,88044,16,,,0,55,,88040,16,,,0,15,,88058,16,,,0,15,,88060,16,,,0,15,,88059,16,,,0,55,,88061,16,,,0,15,,88053,16,,,0,15,,88063,16,,,0,15,,88052,16,,,0,55,,88064,16,,,0,15,,88070,16,,,0,15,,88069,16,,,0,15,,88065,16,,,0,55,,88062,16,,,0,15,,88067,16,,,0,15,,88066,16,,,0,15,,88068,16,,,0,55,,88084,16,,,0,15,,88081,16,,,0,15,,88078,16,,,0,15,,88082,16,,,0,55,,88071,16,,,0,18,,88083,16,,,0,19,,88072,16,,,0,19,,88073,16,,,0,59,,88075,16,,,0,19,,88077,16,,,0,20,,88076,16,,,0,60,,88074,16,,,0,26,,88080,16,,,0,70,,88079,16,,,0,31,,88085,16,,,0,71,,88086,16,,,0,30,,88087,16,,,0
2501,'5456',633,,89228,32,,,0,81,,89229,32,,,0,38,,89230,32,0,6 7,0,80,,89233,32,,,0,112,,89231,32,,,0,100,,89232,32,,,0,100,,89234,32,,,0,100,,89235,32,,,0,100,,89236,32,,,0,108,,89237,32,,,0,94,,89238,32,,,0,100,,89239,32,,,0,79,,89240,32,,,0,84,,89241,32,,,0,44,,89242,32,,,0,94,,89243,32,,,0,103,,89244,32,,,0,170,,89245,32,,,0,129,,89246,32,,,0
2501,'5458',633,,89247,32,,,0,81,,89248,32,,,0,38,,89249,32,0,6 7,0,80,,89252,32,,,0,112,,89250,32,,,0,100,,89251,32,,,0,100,,89253,32,,,0,100,,89254,32,,,0,100,,89255,32,,,0,108,,89256,32,,,0,94,,89257,32,,,0,100,,89258,32,,,0,79,,89259,32,,,0,84,,89260,32,,,0,44,,89261,32,,,0,94,,89262,32,,,0,103,,89263,32,,,0,170,,89264,32,,,0,129,,89265,32,,,0
2501,'5459',738,,89269,32,,,0,100,,89266,32,,,0,106,,89268,32,,,0,102,,89267,32,,,0,98,,89275,32,,,0,95,,89272,32,,,0,100,,89271,32,,,0,99,,89270,32,,,0,100,,89273,32,,,0,101,,89274,32,,,0,118,,89276,32,,,0,168,,89277,32,,,0,125,,89278,32,,,0,170,,89279,32,,,0,130,,89280,32,,,0
2501,'5460',854,,89282,32,,,0,171,,89281,32,,,0,128,,89283,32,,,0,171,,89284,32,,,0,132,,89285,32,,,0,171,,89286,32,,,0,128,,89287,32,,,0,170,,89288,32,,,0,129,,89289,32,,,0,165,,89290,32,,,0,129,,89291,32,,,0
2501,'5461',854,,89293,32,,,0,171,,89292,32,,,0,128,,89294,32,,,0,171,,89295,32,,,0,132,,89296,32,,,0,171,,89297,32,,,0,128,,89298,32,,,0,170,,89299,32,,,0,129,,89300,32,,,0,165,,89301,32,,,0,129,,89302,32,,,0
2501,'5462',854,,89304,32,,,0,171,,89303,32,,,0,128,,89305,32,,,0,171,,89306,32,,,0,132,,89307,32,,,0,171,,89308,32,,,0,128,,89309,32,,,0,170,,89310,32,,,0,129,,89311,32,,,0,165,,89312,32,,,0,129,,89313,32,,,0
2501,'5463',854,,89315,32,,,0,171,,89314,32,,,0,128,,89316,32,,,0,171,,89317,32,,,0,132,,89318,32,,,0,171,,89319,32,,,0,128,,89320,32,,,0,170,,89321,32,,,0,129,,89322,32,,,0,165,,89323,32,,,0,129,,89324,32,,,0
