6100,'5456',523,,94909,27,,,0,36,,94907,27,,,0,52,,94908,27,,,0,21,,94901,27,,,0,20,,94900,27,,,0,60,,94895,27,,,0,19,,94894,27,,,0,28,,94893,27,,,0,59,,94913,9,0,30 14,0,41,,94906,9,0,30 14,0,76,,94902,9,0,30 14,0,24,,94911,9,0,30 14,0,76,,94896,9,0,30 14,0,88,,94903,9,0,30 14,0,36,,94910,9,0,30 14,0,75,,94897,9,0,30 14,0,74,,94904,9,0,30 14,0,39,,94912,9,0,30 14,0,69,,94898,9,0,30 14,0,39,,94905,9,0,30 14,0,73,,94892,9,0,30 14,0,27,,94914,9,0,30 14,0,55,,94891,9,0,30 14,0,27,,94890,9,0,30 14,0,79,,94887,9,0,30 14,0,30,,94899,9,0,30 14,0,65,,94889,9,0,30 14,0,28,,94882,9,0,30 14,0,72,,94881,9,0,30 14,0,31,,94888,9,0,30 14,0,70,,94883,9,0,30 14,0,95,,94878,9,0,30 14,0,41,,94884,9,0,30 14,0,104,,94879,9,0,30 14,0,73,,94885,9,0,30 14,0,100,,94880,9,0,30 14,0,75,,94886,9,0,30 14,0
6100,'5458',523,,94948,27,,,0,36,,94946,27,,,0,52,,94947,27,,,0,21,,94940,27,,,0,20,,94939,27,,,0,60,,94934,27,,,0,19,,94933,27,,,0,28,,94932,27,,,0,59,,94952,9,0,30 14,0,41,,94945,9,0,30 14,0,76,,94941,9,0,30 14,0,24,,94950,9,0,30 14,0,76,,94935,9,0,30 14,0,88,,94942,9,0,30 14,0,36,,94949,9,0,30 14,0,75,,94936,9,0,30 14,0,74,,94943,9,0,30 14,0,39,,94951,9,0,30 14,0,69,,94937,9,0,30 14,0,27,,94931,9,0,30 14,0,12,,94944,9,0,30 14,0,73,,94930,9,0,30 14,0,82,,94929,9,0,30 14,0,27,,94928,9,0,30 14,0,79,,94925,9,0,30 14,0,30,,94938,9,0,30 14,0,65,,94927,9,0,30 14,0,28,,94920,9,0,30 14,0,72,,94919,9,0,30 14,0,31,,94926,9,0,30 14,0,70,,94921,9,0,30 14,0,95,,94916,9,0,30 14,0,41,,94922,9,0,30 14,0,104,,94917,9,0,30 14,0,73,,94923,9,0,30 14,0,100,,94918,9,0,30 14,0,75,,94924,9,0,30 14,0,100,,94915,9,0,30,0
6100,'5459',636,,94954,9,0,30 14,0,99,,94955,9,0,30 14,0,82,,94953,9,0,30 14,0,97,,94956,9,0,30 14,0,95,,94957,9,0,30 14,0,42,,94958,9,0,30 14,0,75,,94959,9,0,30 14,0,87,,94960,9,0,30 14,0,35,,94961,9,0,30 14,0,75,,94962,9,0,30 14,0,36,,94963,9,0,30 14,0,77,,94964,9,0,30 14,0,77,,94965,9,0,30 14,0,37,,94966,9,0,30 14,0,66,,94967,9,0,30 14,0,38,,94968,9,0,30 14,0,81,,94969,9,0,30 14,0,72,,94970,9,0,30 14,0,31,,94971,9,0,30 14,0,71,,94972,9,0,30 14,0,33,,94973,9,0,30 14,0,83,,94974,9,0,30 14,0,81,,94975,9,0,30 14,0,41,,94976,9,0,30 14,0,104,,94977,9,0,30 14,0,73,,94978,9,0,30 14,0,100,,94979,9,0,30 14,0,78,,94980,9,0,30,0,100,,94981,9,0,30,0
6100,'5460',640,,94982,9,0,30 14,0,104,,94983,9,0,30 14,0,83,,94984,9,0,30 14,0,95,,94985,9,0,30 14,0,82,,94986,9,0,30 14,0,46,,94987,9,0,30 14,0,97,,94988,9,0,30 14,0,82,,94989,9,0,30 14,0,101,,94990,9,0,30 14,0,94,,94991,9,0,30 14,0,103,,94992,9,0,30 14,0,79,,94993,9,0,30 14,0,102,,94994,9,0,30 14,0,46,,94995,9,0,30 14,0,103,,94996,9,0,30 14,0,86,,94997,9,0,30 14,0,86,,94998,9,0,30 14,0,101,,94999,9,0,30 14,0,94,,95000,9,0,30 14,0,101,,95001,9,0,30 14,0,75,,95002,9,0,30,0
6100,'5461',640,,95003,9,0,30 14,0,104,,95004,9,0,30 14,0,83,,95005,9,0,30 14,0,95,,95006,9,0,30 14,0,82,,95007,9,0,30 14,0,46,,95008,9,0,30 14,0,97,,95009,9,0,30 14,0,82,,95010,9,0,30 14,0,101,,95011,9,0,30 14,0,94,,95012,9,0,30 14,0,103,,95013,9,0,30 14,0,79,,95014,9,0,30 14,0,102,,95015,9,0,30 14,0,46,,95016,9,0,30 14,0,103,,95017,9,0,30 14,0,86,,95018,9,0,30 14,0,86,,95019,9,0,30 14,0,101,,95020,9,0,30 14,0,94,,95021,9,0,30 14,0,101,,95022,9,0,30 14,0,75,,95023,9,0,30,0
6100,'5462',640,,95024,9,0,30 14,0,104,,95025,9,0,30 14,0,83,,95026,9,0,30 14,0,95,,95027,9,0,30 14,0,82,,95028,9,0,30 14,0,46,,95029,9,0,30 14,0,97,,95030,9,0,30 14,0,82,,95031,9,0,30 14,0,101,,95032,9,0,30 14,0,94,,95033,9,0,30 14,0,103,,95034,9,0,30 14,0,79,,95035,9,0,30 14,0,102,,95036,9,0,30 14,0,46,,95037,9,0,30 14,0,103,,95038,9,0,30 14,0,86,,95039,9,0,30 14,0,86,,95040,9,0,30 14,0,101,,95041,9,0,30 14,0,94,,95042,9,0,30 14,0,101,,95043,9,0,30 14,0,75,,95044,9,0,30,0
6100,'5463',640,,95045,9,0,30 14,0,104,,95046,9,0,30 14,0,83,,95047,9,0,30 14,0,95,,95048,9,0,30 14,0,82,,95049,9,0,30 14,0,46,,95050,9,0,30 14,0,97,,95051,9,0,30 14,0,82,,95052,9,0,30 14,0,101,,95053,9,0,30 14,0,94,,95054,9,0,30 14,0,103,,95055,9,0,30 14,0,79,,95056,9,0,30 14,0,102,,95057,9,0,30 14,0,46,,95058,9,0,30 14,0,103,,95059,9,0,30 14,0,86,,95060,9,0,30 14,0,86,,95061,9,0,30 14,0,101,,95062,9,0,30 14,0,94,,95063,9,0,30 14,0,101,,95064,9,0,30 14,0,75,,95065,9,0,30,0
6400,'5456',855,,95265,9,0,32 33,0,295,,95264,24,,,0,372,,95262,24,0,32 33,0,208,,95263,9,,,0
6400,'5458',855,,95272,9,0,32 33,0,295,,95271,24,,,0,372,,95269,24,0,32 33,0,208,,95270,9,,,0
6500,'5456',543,,95291,18,,,0,94,,95290,18,,,0,21,,95289,18,,,0,83,,95288,18,,,0
6500,'5458',543,,95295,18,,,0,94,,95294,18,,,0,21,,95293,18,,,0,83,,95292,18,,,0
