601,'5456',543,,84193,17,,,0,15,,84194,17,,,0,69,,84195,17,,,0,24,,84196,17,,,0,55,,84207,17,,,0,15,,84197,17,,,0,7,,84214,17,,,0,15,,84198,17,,,0,16,,84201,17,,,0,52,,84208,17,,,0,19,,84199,17,,,0,17,,84200,17,,,0,57,,84202,17,,,0,17,,84221,17,,,0,20,,84203,17,,,0,62,,84212,17,,,0,23,,84204,17,,,0,23,,84205,17,,,0,63,,84206,17,,,0,24,,84209,17,,,0,64,,84210,17,,,0,24,,84211,17,,,0,25,,84213,17,,,0,65,,84215,17,,,0,23,,84216,17,,,0,21,,84217,17,,,0,60,,84218,17,,,0,20,,84219,17,,,0,20,,84220,17,,,0,58,,84222,17,,,0,11,,84244,7,,,0,5,,84223,17,,,0,11,,84224,17,,,0,60,,84225,17,,,0,19,,84226,17,,,0,19,,84227,17,,,0,62,,84228,17,,,0,22,,84229,17,,,0,25,,84230,17,,,0,63,,84231,17,,,0,12,,84232,17,,,0,25,,84233,17,,,0,70,,84234,17,,,0,33,,84235,17,,,0,77,,84237,17,,,0,18,,84236,17,,,0,76,,84239,17,,,0,21,,84238,17,,,0,90,,84240,17,,,0,100,,84241,17,,,0,72,,84243,17,,,0,31,,84242,17,,,0
601,'5458',543,,84245,17,,,0,15,,84246,17,,,0,69,,84247,17,,,0,24,,84248,17,,,0,55,,84259,17,,,0,15,,84249,17,,,0,7,,84266,17,,,0,15,,84250,17,,,0,16,,84253,17,,,0,52,,84260,17,,,0,19,,84251,17,,,0,17,,84252,17,,,0,57,,84254,17,,,0,17,,84273,17,,,0,20,,84255,17,,,0,62,,84264,17,,,0,23,,84256,17,,,0,23,,84257,17,,,0,63,,84258,17,,,0,24,,84261,17,,,0,64,,84262,17,,,0,24,,84263,17,,,0,25,,84265,17,,,0,65,,84267,17,,,0,23,,84268,17,,,0,21,,84269,17,,,0,60,,84270,17,,,0,20,,84271,17,,,0,20,,84272,17,,,0,58,,84274,17,,,0,11,,84300,7,,,0,5,,84275,17,,,0,11,,84276,17,,,0,60,,84277,17,,,0,19,,84278,17,,,0,19,,84279,17,,,0,62,,84280,17,,,0,22,,84281,17,,,0,25,,84282,17,,,0,63,,84283,17,,,0,12,,84284,17,,,0,25,,84285,17,,,0,70,,84286,17,,,0,33,,84287,17,,,0,77,,84289,17,,,0,18,,84288,17,,,0,76,,84291,17,,,0,21,,84290,17,,,0,90,,84292,17,,,0,100,,84293,17,,,0,72,,84295,17,,,0,31,,84294,17,,,0,70,,84297,17,,,0,30,,84299,17,,,0,71,,84296,17,,,0,30,,84298,17,,,0
601,'5459',603,,84303,17,,,0,23,,84304,17,,,0,20,,84301,17,,,0,78,,84305,17,,,0,16,,84306,17,,,0,19,,84307,17,,,0,73,,84308,17,,,0,14,,84309,17,,,0,55,,84310,17,,,0,28,,84311,17,,,0,13,,84312,17,,,0,13,,84302,17,,,0,63,,84313,17,,,0,12,,84314,17,,,0,12,,84315,17,,,0,64,,84317,17,,,0,11,,84318,17,,,0,12,,84316,17,,,0,24,,84319,17,,,0,51,,84320,17,,,0,12,,84321,17,,,0,23,,84328,17,,,0,12,,84322,17,,,0,52,,84323,17,,,0,24,,84324,17,,,0,10,,84325,17,,,0,11,,84326,17,,,0,60,,84329,17,,,0,10,,84330,17,,,0,11,,84331,17,,,0,21,,84327,17,,,0,51,,84332,17,,,0,10,,84337,17,,,0,21,,84333,17,,,0,10,,84334,17,,,0,10,,84335,17,,,0,61,,84336,17,,,0,10,,84338,17,,,0,10,,84339,17,,,0,11,,84340,17,,,0,64,,84341,17,,,0,13,,84342,17,,,0,12,,84343,17,,,0,13,,84344,17,,,0,64,,84345,17,,,0,12,,84346,17,,,0,13,,84347,17,,,0,15,,84348,17,,,0,70,,84349,17,,,0,15,,84350,17,,,0,15,,84351,17,,,0,77,,84352,17,,,0,18,,84353,17,,,0,76,,84354,17,,,0,18,,84355,17,,,0,82,,84356,17,,,0,25,,84357,17,,,0,95,,84358,17,,,0,66,,84359,17,,,0,31,,84360,17,,,0,70,,84361,17,,,0,30,,84362,17,,,0,70,,84363,17,,,0,29,,84364,17,,,0
601,'5460',645,,84402,17,,,0,95,,84376,17,,,0,84,,84385,17,,,0,19,,84375,17,,,0,80,,84401,17,,,0,17,,84390,17,,,0,15,,84412,17,,,0,70,,84365,17,,,0,16,,84404,17,,,0,15,,84392,17,,,0,70,,84374,17,,,0,15,,84367,17,,,0,12,,84366,17,,,0,64,,84394,17,,,0,12,,84369,17,,,0,12,,84370,17,,,0,12,,84384,17,,,0,64,,84368,17,,,0,12,,84409,17,,,0,12,,84393,17,,,0,12,,84373,17,,,0,64,,84383,17,,,0,12,,84372,17,,,0,12,,84371,17,,,0,12,,84407,17,,,0,64,,84379,17,,,0,13,,84380,17,,,0,12,,84382,17,,,0,12,,84381,17,,,0,64,,84408,17,,,0,12,,84387,17,,,0,12,,84377,17,,,0,12,,84378,17,,,0,64,,84413,17,,,0,12,,84389,17,,,0,13,,84405,17,,,0,16,,84386,17,,,0,70,,84391,17,,,0,19,,84388,17,,,0,58,,84399,17,,,0,36,,84396,17,,,0,58,,84395,17,,,0,34,,84397,17,,,0,17,,84398,17,,,0,75,,84403,17,,,0,20,,84406,17,,,0,96,,84400,17,,,0,71,,84411,17,,,0,90,,84410,17,,,0
601,'5461',645,,84451,17,,,0,95,,84425,17,,,0,84,,84434,17,,,0,19,,84424,17,,,0,80,,84450,17,,,0,17,,84439,17,,,0,15,,84461,17,,,0,70,,84414,17,,,0,16,,84453,17,,,0,15,,84441,17,,,0,70,,84423,17,,,0,15,,84416,17,,,0,12,,84415,17,,,0,64,,84443,17,,,0,12,,84418,17,,,0,12,,84419,17,,,0,12,,84433,17,,,0,64,,84417,17,,,0,12,,84458,17,,,0,12,,84442,17,,,0,12,,84422,17,,,0,64,,84432,17,,,0,12,,84421,17,,,0,12,,84420,17,,,0,12,,84456,17,,,0,64,,84428,17,,,0,13,,84429,17,,,0,12,,84431,17,,,0,12,,84430,17,,,0,64,,84457,17,,,0,12,,84436,17,,,0,12,,84426,17,,,0,12,,84427,17,,,0,64,,84462,17,,,0,12,,84438,17,,,0,13,,84454,17,,,0,16,,84435,17,,,0,70,,84440,17,,,0,19,,84437,17,,,0,58,,84448,17,,,0,36,,84445,17,,,0,58,,84444,17,,,0,34,,84446,17,,,0,17,,84447,17,,,0,75,,84452,17,,,0,20,,84455,17,,,0,96,,84449,17,,,0,71,,84460,17,,,0,90,,84459,17,,,0
601,'5462',645,,84500,17,,,0,95,,84474,17,,,0,84,,84483,17,,,0,19,,84473,17,,,0,80,,84499,17,,,0,17,,84488,17,,,0,15,,84510,17,,,0,70,,84463,17,,,0,16,,84502,17,,,0,15,,84490,17,,,0,70,,84472,17,,,0,15,,84465,17,,,0,12,,84464,17,,,0,64,,84492,17,,,0,12,,84467,17,,,0,12,,84468,17,,,0,12,,84482,17,,,0,64,,84466,17,,,0,12,,84507,17,,,0,12,,84491,17,,,0,12,,84471,17,,,0,64,,84481,17,,,0,12,,84470,17,,,0,12,,84469,17,,,0,12,,84505,17,,,0,64,,84477,17,,,0,13,,84478,17,,,0,12,,84480,17,,,0,12,,84479,17,,,0,64,,84506,17,,,0,12,,84485,17,,,0,12,,84475,17,,,0,12,,84476,17,,,0,64,,84511,17,,,0,12,,84487,17,,,0,13,,84503,17,,,0,16,,84484,17,,,0,70,,84489,17,,,0,19,,84486,17,,,0,58,,84497,17,,,0,36,,84494,17,,,0,58,,84493,17,,,0,34,,84495,17,,,0,17,,84496,17,,,0,75,,84501,17,,,0,20,,84504,17,,,0,96,,84498,17,,,0,71,,84509,17,,,0,90,,84508,17,,,0
601,'5463',645,,84549,17,,,0,95,,84523,17,,,0,84,,84532,17,,,0,19,,84522,17,,,0,80,,84548,17,,,0,17,,84537,17,,,0,15,,84559,17,,,0,70,,84512,17,,,0,16,,84551,17,,,0,15,,84539,17,,,0,70,,84521,17,,,0,15,,84514,17,,,0,12,,84513,17,,,0,64,,84541,17,,,0,12,,84516,17,,,0,12,,84517,17,,,0,12,,84531,17,,,0,64,,84515,17,,,0,12,,84556,17,,,0,12,,84540,17,,,0,12,,84520,17,,,0,64,,84530,17,,,0,12,,84519,17,,,0,12,,84518,17,,,0,12,,84554,17,,,0,64,,84526,17,,,0,13,,84527,17,,,0,12,,84529,17,,,0,12,,84528,17,,,0,64,,84555,17,,,0,12,,84534,17,,,0,12,,84524,17,,,0,12,,84525,17,,,0,64,,84560,17,,,0,12,,84536,17,,,0,13,,84552,17,,,0,16,,84533,17,,,0,70,,84538,17,,,0,19,,84535,17,,,0,58,,84546,17,,,0,36,,84543,17,,,0,58,,84542,17,,,0,34,,84544,17,,,0,17,,84545,17,,,0,75,,84550,17,,,0,20,,84553,17,,,0,96,,84547,17,,,0,71,,84558,17,,,0,90,,84557,17,,,0
1000601,'5456',613,,98066,25,,,0,87,,98070,25,,,0,35,,98076,25,,,0,69,,98067,25,,,0,35,,98073,25,,,0,74,,98068,25,,,0,39,,98069,25,,,0,86,,98071,25,,,0,86,,98074,25,,,0,88,,98072,25,,,0,90,,98075,25,,,0,46,,98078,25,,,0,80,,98080,25,,,0,80,,98077,25,,,0,45,,98079,25,,,0,76,,98081,25,,,0,84,,98082,25,,,0,88,,98083,25,,,0,104,,98084,25,,,0,107,,98085,25,,,0,94,,98086,25,,,0,99,,98087,25,,,0,100,,98088,25,,,0
1000601,'5458',613,,98089,25,,,0,87,,98093,25,,,0,35,,98099,25,,,0,69,,98090,25,,,0,35,,98096,25,,,0,74,,98091,25,,,0,39,,98092,25,,,0,86,,98094,25,,,0,86,,98097,25,,,0,88,,98095,25,,,0,90,,98098,25,,,0,46,,98101,25,,,0,80,,98103,25,,,0,80,,98100,25,,,0,45,,98102,25,,,0,76,,98104,25,,,0,84,,98105,25,,,0,88,,98106,25,,,0,104,,98107,25,,,0,107,,98108,25,,,0,94,,98109,25,,,0,99,,98110,25,,,0,100,,98111,25,,,0
1000601,'5459',706,,98112,25,,,0,111,,98113,25,,,0,99,,98114,25,,,0,90,,98115,25,,,0,48,,98116,25,,,0,87,,98117,25,,,0,87,,98118,25,,,0,88,,98119,25,,,0,42,,98121,25,,,0,82,,98120,25,,,0,82,,98122,25,,,0,82,,98123,25,,,0,53,,98124,25,,,0,100,,98125,25,,,0,148,,98126,25,,,0,103,,98127,25,,,0,94,,98128,25,,,0,99,,98129,25,,,0,110,,98130,25,,,0
1000601,'5460',715,,98138,25,,,0,90,,98144,25,,,0,98,,98132,25,,,0,107,,98136,25,,,0,101,,98131,25,,,0,94,,98146,25,,,0,100,,98133,25,,,0,100,,98134,25,,,0,100,,98140,25,,,0,101,,98137,25,,,0,100,,98135,25,,,0,108,,98139,25,,,0,110,,98141,25,,,0,93,,98143,25,,,0,91,,98142,25,,,0,107,,98145,25,,,0
1000601,'5461',715,,98154,25,,,0,90,,98160,25,,,0,98,,98148,25,,,0,107,,98152,25,,,0,101,,98147,25,,,0,94,,98162,25,,,0,100,,98149,25,,,0,100,,98150,25,,,0,100,,98156,25,,,0,101,,98153,25,,,0,100,,98151,25,,,0,108,,98155,25,,,0,110,,98157,25,,,0,93,,98159,25,,,0,91,,98158,25,,,0,107,,98161,25,,,0
1000601,'5462',715,,98170,25,,,0,90,,98176,25,,,0,98,,98164,25,,,0,107,,98168,25,,,0,101,,98163,25,,,0,94,,98178,25,,,0,100,,98165,25,,,0,100,,98166,25,,,0,100,,98172,25,,,0,101,,98169,25,,,0,100,,98167,25,,,0,108,,98171,25,,,0,110,,98173,25,,,0,93,,98175,25,,,0,91,,98174,25,,,0,107,,98177,25,,,0
1000601,'5463',715,,98186,25,,,0,90,,98192,25,,,0,98,,98180,25,,,0,107,,98184,25,,,0,101,,98179,25,,,0,94,,98194,25,,,0,100,,98181,25,,,0,100,,98182,25,,,0,100,,98188,25,,,0,101,,98185,25,,,0,100,,98183,25,,,0,108,,98187,25,,,0,110,,98189,25,,,0,93,,98191,25,,,0,91,,98190,25,,,0,107,,98193,25,,,0
2000601,'5456',639,,98387,20,,,0,74,,98386,20,,,0,38,,98398,20,,,0,69,,98389,20,,,0,36,,98396,20,,,0,73,,98388,20,,,0,86,,98390,20,,,0,86,,98391,20,,,0,47,,98392,20,,,0,89,,98393,20,,,0,89,,98394,20,,,0,82,,98395,20,,,0,40,,98397,20,,,0,77,,98400,20,,,0,87,,98399,20,,,0,40,,98401,20,,,0,85,,98402,20,,,0,101,,98403,20,,,0,97,,98404,20,,,0
2000601,'5458',639,,98406,20,,,0,74,,98405,20,,,0,38,,98417,20,,,0,69,,98408,20,,,0,36,,98415,20,,,0,73,,98407,20,,,0,86,,98409,20,,,0,86,,98410,20,,,0,47,,98411,20,,,0,89,,98412,20,,,0,89,,98413,20,,,0,82,,98414,20,,,0,40,,98416,20,,,0,77,,98419,20,,,0,87,,98418,20,,,0,40,,98420,20,,,0,85,,98421,20,,,0,101,,98422,20,,,0,97,,98423,20,,,0
