4700,'5456',617,,93089,9,,,0,21,,93087,9,,,0,63,,102670,9,,,0
4700,'5458',617,,93092,9,,,0,21,,93090,9,,,0,63,,102671,9,,,0
4701,'5456',1713,,93093,43,,,0,26,,93094,43,,,0,68,,93095,43,,,0
4701,'5458',1713,,93096,43,,,0,26,,93097,43,,,0,68,,93098,43,,,0
5800,'5456',623,,94235,1,,,0,30,,94234,1,,,0,79,,94229,1,,,0,79,,94228,1,,,0,25,,94236,1,,,0,72,,94226,1,,,0,43,,94227,1,,,0,86,,103239,1,,,0,85,,94231,1,,,0,85,,103240,1,,,0,45,,94233,1,,,0,87,,94237,1,,,0,86,,94238,1,,,0,19,,94247,1,,,0,65,,94239,1,,,0,16,,94248,1,,,0,27,,94240,1,,,0,91,,94241,1,,,0,88,,94242,1,,,0,85,,94243,1,,,0,85,,94249,1,,,0,146,,94244,1,,,0,110,,103241,1,,,0,149,,94246,1,,,0
5800,'5458',623,,94259,1,,,0,30,,94258,1,,,0,79,,94253,1,,,0,79,,94252,1,,,0,25,,94260,1,,,0,72,,94250,1,,,0,43,,94251,1,,,0,86,,103242,1,,,0,85,,94255,1,,,0,85,,103243,1,,,0,45,,94257,1,,,0,87,,94261,1,,,0,86,,94262,1,,,0,19,,94271,1,,,0,65,,94263,1,,,0,16,,94272,1,,,0,27,,94264,1,,,0,91,,94265,1,,,0,88,,94266,1,,,0,85,,94267,1,,,0,85,,94273,1,,,0,146,,94268,1,,,0,110,,103244,1,,,0,149,,94270,1,,,0
5800,'5459',656,,94286,1,,,0,100,,94287,1,,,0,100,,94288,1,,,0,146,,94289,1,,,0,105,,94284,1,,,0,105,,94285,1,,,0,100,,94283,1,,,0,111,,94281,1,,,0,100,,94282,1,,,0,110,,94280,1,,,0,99,,94275,1,,,0,105,,94276,1,,,0,100,,94277,1,,,0,105,,94278,1,,,0,114,,94279,1,,,0,150,,94274,1,,,0
5800,'5460',755,,103245,1,,,0,101,,94294,1,,,0,145,,103246,1,,,0,106,,103247,1,,,0,105,,94293,1,,,0,100,,103248,1,,,0,111,,94292,1,,,0,100,,94297,1,,,0,109,,94298,1,,,0,100,,94300,1,,,0,104,,94299,1,,,0,100,,94301,1,,,0,105,,94302,1,,,0,199,,94303,1,,,0
5800,'5461',755,,94304,1,,,0,101,,94308,1,,,0,145,,103249,1,,,0,106,,103250,1,,,0,105,,94307,1,,,0,100,,94310,1,,,0,111,,94306,1,,,0,100,,103251,1,,,0,109,,94312,1,,,0,100,,94314,1,,,0,104,,94313,1,,,0,100,,94315,1,,,0,105,,103252,1,,,0,199,,94317,1,,,0
5800,'5462',755,,94318,1,,,0,101,,94322,1,,,0,145,,103253,1,,,0,106,,103254,1,,,0,105,,94321,1,,,0,100,,94324,1,,,0,111,,94320,1,,,0,100,,103255,1,,,0,109,,94326,1,,,0,100,,94328,1,,,0,104,,94327,1,,,0,100,,94329,1,,,0,105,,103256,1,,,0,199,,94331,1,,,0
5800,'5463',755,,94332,1,,,0,101,,94336,1,,,0,145,,103257,1,,,0,106,,103258,1,,,0,105,,94335,1,,,0,100,,94338,1,,,0,111,,94334,1,,,0,100,,103259,1,,,0,109,,94340,1,,,0,100,,94342,1,,,0,104,,94341,1,,,0,100,,94343,1,,,0,105,,103260,1,,,0,199,,94345,1,,,0
5801,'5456',623,,94355,14,4,,0,30,,94354,14,4,,0,79,,94349,14,4,,0,79,,94347,14,4,,0,25,,94356,15,4,,0,72,,94346,14,4,,0,43,,94348,14,4,,0,86,,103261,14,4,,0,85,,94351,14,4,,0,85,,103262,14,4,,0,45,,94353,14,4,,0,87,,94357,14,4,,0,86,,94358,14,4,,0,19,,94368,14,4,,0,65,,94359,14,4,,0,16,,94369,14,4,,0,27,,94360,14,4,,0,91,,94361,14,4,,0,88,,94362,14,4,,0,85,,94363,14,4,,0,85,,94370,14,4,,0,146,,94364,14,4,,0,110,,103263,14,4,,0,149,,94366,14,4,,0
5801,'5458',623,,94380,14,4,,0,30,,94379,14,4,,0,79,,94374,14,4,,0,79,,94372,14,4,,0,25,,94381,15,4,,0,72,,94371,14,4,,0,43,,94373,14,4,,0,86,,103264,14,4,,0,85,,94376,14,4,,0,85,,103265,14,4,,0,45,,94378,14,4,,0,87,,94382,14,4,,0,86,,94383,14,4,,0,19,,94393,14,4,,0,65,,94384,14,4,,0,16,,94394,14,4,,0,27,,94385,14,4,,0,91,,94386,14,4,,0,88,,94387,14,4,,0,85,,94388,14,4,,0,85,,94395,14,4,,0,146,,94389,14,4,,0,110,,103266,14,4,,0,149,,94391,14,4,,0
5801,'5459',656,,94408,14,4,,0,100,,94409,14,4,,0,100,,94410,14,4,,0,146,,94411,14,4,,0,105,,94407,14,4,,0,105,,94406,14,4,,0,100,,94405,14,4,,0,111,,94404,14,4,,0,100,,94402,14,4,,0,110,,94403,14,4,,0,99,,94397,14,4,,0,105,,94398,14,4,,0,100,,94399,14,4,,0,105,,94400,14,4,,0,114,,94401,14,4,,0,150,,94396,14,4,,0
5801,'5460',755,,103267,14,4,,0,101,,94418,14,4,,0,145,,103268,14,4,,0,106,,103270,14,4,,0,105,,94414,14,4,,0,100,,103269,14,4,,0,111,,94413,14,4,,0,100,,94420,14,4,,0,109,,94415,14,4,,0,100,,94423,14,4,,0,104,,94422,14,4,,0,100,,94424,14,4,,0,105,,94425,14,4,,0,199,,94421,14,4,,0
5801,'5461',755,,94426,14,4,,0,101,,94432,14,4,,0,145,,103271,14,4,,0,106,,103272,14,4,,0,105,,94428,14,4,,0,100,,94431,14,4,,0,111,,94427,14,4,,0,100,,103273,14,4,,0,109,,94429,14,4,,0,100,,94437,14,4,,0,104,,94436,14,4,,0,100,,94438,14,4,,0,105,,103274,14,4,,0,199,,94435,14,4,,0
5801,'5462',755,,94440,14,4,,0,101,,94446,14,4,,0,145,,103275,14,4,,0,106,,103276,14,4,,0,105,,94442,14,4,,0,100,,94445,14,4,,0,111,,94441,14,4,,0,100,,103277,14,4,,0,109,,94443,14,4,,0,100,,94451,14,4,,0,104,,94450,14,4,,0,100,,94452,14,4,,0,105,,103278,14,4,,0,199,,94449,14,4,,0
5801,'5463',755,,94454,14,4,,0,101,,94460,14,4,,0,145,,103279,14,4,,0,106,,103280,14,4,,0,105,,94456,14,4,,0,100,,94459,14,4,,0,111,,94455,14,4,,0,100,,103281,14,4,,0,109,,94457,14,4,,0,100,,94465,14,4,,0,104,,94464,14,4,,0,100,,94466,14,4,,0,105,,103282,14,4,,0,199,,94463,14,4,,0
