2701,'5456',530,,90458,15,,,0,82,,90459,15,,,0,27,,90460,15,,,0,62,,90461,15,,,0,30,,90462,15,,,0,25,,90463,15,,,0,63,,90464,15,,,0,29,,90465,15,,,0,60,,90466,15,,,0,23,,90467,15,,,0,24,,90468,15,,,0,64,,90469,15,,,0,26,,90470,15,,,0,66,,90471,15,,,0,28,,90472,15,,,0,66,,90473,15,,,0,26,,90474,15,,,0,26,,90475,15,,,0,66,,90476,15,,,0,26,,90477,15,,,0,65,,90478,15,,,0,26,,90479,15,,,0,64,,90480,15,,,0,22,,90514,15,,,0,8,,90481,15,,,0,21,,90482,15,,,0,73,,90483,15,,,0,31,,90484,15,,,0,73,,90485,15,,,0,68,,90486,15,,,0,14,,90487,15,,,0,12,,90488,15,,,0,16,,90489,15,,,0,15,,90490,15,,,0,56,,90491,15,,,0,20,,90492,15,,,0,23,,90493,15,,,0,66,,90494,15,,,0,28,,90495,15,,,0,69,,90496,15,,,0,26,,90497,15,,,0,69,,90498,15,,,0,30,,90499,15,,,0,76,,90500,15,,,0,39,,90501,15,,,0,77,,90502,15,,,0
2701,'5458',530,,90515,15,,,0,82,,90516,15,,,0,27,,90517,15,,,0,62,,90518,15,,,0,30,,90519,15,,,0,25,,90520,15,,,0,63,,90521,15,,,0,29,,90522,15,,,0,60,,90523,15,,,0,23,,90524,15,,,0,24,,90525,15,,,0,64,,90526,15,,,0,26,,90527,15,,,0,66,,90528,15,,,0,28,,90529,15,,,0,66,,90530,15,,,0,26,,90531,15,,,0,26,,90532,15,,,0,66,,90533,15,,,0,26,,90534,15,,,0,64,,90536,15,,,0,1,,101384,15,,,0,26,,90537,15,,,0,64,,90538,15,,,0,22,,90575,15,,,0,29,,101385,15,,,0,73,,90540,15,,,0,31,,90541,15,,,0,73,,90542,15,,,0,68,,90543,15,,,0,14,,90544,15,,,0,12,,101386,15,,,0,16,,101387,15,,,0,15,,90547,15,,,0,56,,101388,15,,,0,20,,90549,15,,,0,23,,101389,15,,,0,66,,90551,15,,,0,28,,90552,15,,,0,69,,101390,15,,,0,26,,90554,15,,,0,69,,90555,15,,,0,30,,101391,15,,,0,76,,101392,15,,,0,39,,101393,15,,,0,77,,101394,15,,,0,81,,101395,15,,,0,40,,101396,15,,,0,78,,101397,15,0,16 49,0,78,,101398,15,0,16 49,0
2701,'5459',633,,101401,15,,,0,81,,101402,15,,,0,30,,101403,15,,,0,70,,101404,15,,,0,29,,101405,15,,,0,66,,101406,15,,,0,26,,101407,15,,,0,68,,101408,15,,,0,27,,101409,15,,,0,25,,90585,15,,,0,62,,101410,15,,,0,22,,101411,15,,,0,62,,101412,15,,,0,21,,90589,15,,,0,22,,101413,15,,,0,63,,101414,15,,,0,24,,101415,15,,,0,22,,90593,15,,,0,63,,101416,15,,,0,23,,101417,15,,,0,61,,90596,15,,,0,21,,101418,15,,,0,22,,90598,15,,,0,62,,101419,15,,,0,20,,90600,15,,,0,20,,101420,15,,,0,60,,90602,15,,,0,21,,101421,15,,,0,21,,101422,15,,,0,60,,90605,15,,,0,18,,101423,15,,,0,20,,90607,15,,,0,60,,101424,15,,,0,21,,90609,15,,,0,26,,101425,15,,,0,66,,101426,15,,,0,28,,101427,15,,,0,70,,101428,15,,,0,29,,101429,15,,,0,69,,101430,15,,,0,29,,101431,15,,,0,72,,101432,15,,,0,31,,101433,15,,,0,70,,101434,15,,,0,31,,101435,15,,,0,69,,101436,15,,,0,29,,101437,15,,,0,70,,101438,15,,,0,30,,101439,15,0,16 49,0,68,,101440,15,0,16 49,0
2701,'5460',703,,101441,15,,,0,43,,90628,15,,,0,70,,101442,15,,,0,29,,90630,15,,,0,71,,90631,15,,,0,31,,90626,15,,,0,71,,90632,15,,,0,25,,90633,15,,,0,67,,90634,15,,,0,27,,90635,15,,,0,65,,101443,15,,,0,25,,90637,15,,,0,24,,90638,15,,,0,63,,90639,15,,,0,22,,101444,15,,,0,23,,90641,15,,,0,64,,90642,15,,,0,23,,90643,15,,,0,62,,101445,15,,,0,23,,90645,15,,,0,23,,90646,15,,,0,63,,90647,15,,,0,24,,101446,15,,,0,62,,90649,15,,,0,23,,90650,15,,,0,23,,90651,15,,,0,63,,101447,15,,,0,22,,90653,15,,,0,24,,90654,15,,,0,66,,101448,15,,,0,25,,101449,15,,,0,68,,90657,15,,,0,28,,101450,15,,,0,70,,101451,15,,,0,29,,90660,15,,,0,75,,101452,15,,,0,82,,90662,15,,,0,38,,101453,15,,,0,102,,101454,15,0,16 49,0
2701,'5461',703,,90666,15,,,0,43,,90667,15,,,0,70,,90668,15,,,0,29,,90669,15,,,0,71,,101456,15,,,0,31,,101455,15,,,0,71,,90671,15,,,0,25,,101457,15,,,0,67,,101458,15,,,0,27,,90674,15,,,0,65,,101459,15,,,0,25,,90676,15,,,0,24,,90677,15,,,0,63,,90678,15,,,0,22,,101460,15,,,0,23,,90680,15,,,0,64,,90681,15,,,0,23,,90682,15,,,0,62,,101461,15,,,0,23,,90684,15,,,0,23,,90685,15,,,0,63,,90686,15,,,0,24,,101462,15,,,0,62,,90688,15,,,0,23,,90689,15,,,0,23,,90690,15,,,0,63,,101463,15,,,0,22,,90692,15,,,0,24,,90693,15,,,0,66,,90694,15,,,0,25,,101464,15,,,0,68,,90696,15,,,0,28,,90697,15,,,0,70,,101465,15,,,0,29,,90699,15,,,0,75,,101466,15,,,0,82,,90701,15,,,0,38,,101467,15,,,0,102,,101468,15,0,16 49,0
2701,'5462',703,,90705,15,,,0,43,,90706,15,,,0,70,,90707,15,,,0,29,,90708,15,,,0,71,,101470,15,,,0,31,,101469,15,,,0,71,,90710,15,,,0,25,,101471,15,,,0,67,,101472,15,,,0,27,,90713,15,,,0,65,,101473,15,,,0,25,,90715,15,,,0,24,,90716,15,,,0,63,,90717,15,,,0,22,,101474,15,,,0,23,,90719,15,,,0,64,,90720,15,,,0,23,,90721,15,,,0,62,,101475,15,,,0,23,,90723,15,,,0,23,,90724,15,,,0,63,,90725,15,,,0,24,,101476,15,,,0,62,,90727,15,,,0,23,,90728,15,,,0,23,,90729,15,,,0,63,,101477,15,,,0,22,,90731,15,,,0,24,,90732,15,,,0,66,,90733,15,,,0,25,,101478,15,,,0,68,,90735,15,,,0,28,,90736,15,,,0,70,,101479,15,,,0,29,,90738,15,,,0,75,,101480,15,,,0,82,,90740,15,,,0,38,,101481,15,,,0,102,,101482,15,0,16 49,0
2701,'5463',703,,90744,15,,,0,43,,90745,15,,,0,70,,90746,15,,,0,29,,90747,15,,,0,71,,101484,15,,,0,31,,101483,15,,,0,71,,90749,15,,,0,25,,101485,15,,,0,67,,101486,15,,,0,27,,90752,15,,,0,65,,101487,15,,,0,25,,90754,15,,,0,24,,90755,15,,,0,63,,90756,15,,,0,22,,101488,15,,,0,23,,90758,15,,,0,64,,90759,15,,,0,23,,90760,15,,,0,62,,101489,15,,,0,23,,90762,15,,,0,23,,90763,15,,,0,63,,90764,15,,,0,24,,101490,15,,,0,62,,90766,15,,,0,23,,90767,15,,,0,23,,90768,15,,,0,63,,101491,15,,,0,22,,90770,15,,,0,24,,90771,15,,,0,66,,90772,15,,,0,25,,101492,15,,,0,68,,90774,15,,,0,28,,90775,15,,,0,70,,101493,15,,,0,29,,90777,15,,,0,75,,101494,15,,,0,82,,90779,15,,,0,38,,101495,15,,,0,102,,101496,15,0,16 49,0
2801,'5456',558,,101599,20,,,0,68,,91091,20,,,0,25,,91092,20,,,0,62,,101600,20,,,0,13,,91094,20,,,0,11,,91095,20,,,0,11,,91096,20,,,0,52,,91097,20,,,0,12,,91098,20,,,0,12,,91099,20,,,0,14,,91100,20,,,0,20,,91101,20,,,0,61,,91102,20,,,0,25,,91103,20,,,0,64,,91104,20,,,0,24,,91105,20,,,0,26,,91106,20,,,0,67,,91107,20,,,0,27,,91108,20,,,0,66,,91109,20,,,0,26,,91110,20,,,0,66,,91111,20,,,0,26,,91112,20,,,0,66,,91113,20,,,0,26,,91114,20,,,0,24,,91115,20,,,0,65,,91116,20,,,0,23,,91117,20,,,0,72,,91118,20,,,0,32,,91119,20,,,0,61,,91137,20,,,0,13,,91120,20,,,0,30,,91121,20,,,0,174,,91122,20,,,0,21,,91123,20,,,0,66,,91124,20,,,0,29,,91125,20,,,0,66,,91126,20,,,0,26,,91127,20,,,0,29,,91128,20,,,0,70,,91129,20,,,0,71,,91130,20,,,0,38,,91131,20,,,0,77,,91132,20,,,0,40,,91133,20,,,0
2801,'5458',558,,101601,20,,,0,68,,91139,20,,,0,25,,91140,20,,,0,62,,101602,20,,,0,13,,91142,20,,,0,11,,91143,20,,,0,11,,91144,20,,,0,52,,91145,20,,,0,12,,91146,20,,,0,12,,91147,20,,,0,14,,91148,20,,,0,20,,91149,20,,,0,61,,91150,20,,,0,25,,91151,20,,,0,64,,91152,20,,,0,24,,91153,20,,,0,26,,91154,20,,,0,67,,91155,20,,,0,27,,91156,20,,,0,66,,91157,20,,,0,26,,91158,20,,,0,66,,91159,20,,,0,26,,91160,20,,,0,66,,91161,20,,,0,26,,91162,20,,,0,24,,91163,20,,,0,65,,91164,20,,,0,23,,91165,20,,,0,72,,91166,20,,,0,32,,91167,20,,,0,61,,91188,20,,,0,13,,91168,20,,,0,30,,91169,20,,,0,174,,91170,20,,,0,21,,91171,20,,,0,66,,101603,20,,,0,29,,101604,20,,,0,66,,91174,20,,,0,26,,101605,20,,,0,29,,101606,20,,,0,70,,91177,20,,,0,71,,101607,20,,,0,38,,91179,20,,,0,77,,101608,20,,,0,40,,91181,20,,,0,80,,101609,20,,,0,79,,91183,20,0,16 49,0,40,,101610,20,0,16 49,0
2801,'5459',654,,101612,20,,,0,75,,101613,20,,,0,30,,101614,20,,,0,69,,101611,20,,,0,28,,101615,20,,,0,66,,101616,20,,,0,27,,101617,20,,,0,67,,101618,20,,,0,26,,101619,20,,,0,63,,101620,20,,,0,23,,101621,20,,,0,22,,91200,20,,,0,62,,101622,20,,,0,21,,91202,20,,,0,22,,101623,20,,,0,64,,91204,20,,,0,22,,101624,20,,,0,64,,91206,20,,,0,21,,101625,20,,,0,24,,91208,20,,,0,60,,101626,20,,,0,21,,91210,20,,,0,23,,101627,20,,,0,60,,101628,20,,,0,21,,91213,20,,,0,20,,101629,20,,,0,60,,91215,20,,,0,22,,101630,20,,,0,20,,91217,20,,,0,60,,101631,20,,,0,18,,91219,20,,,0,21,,101632,20,,,0,60,,101633,20,,,0,23,,91222,20,,,0,66,,91223,20,,,0,27,,101634,20,,,0,69,,91225,20,,,0,30,,91226,20,,,0,69,,101635,20,,,0,28,,101636,20,,,0,30,,101637,20,,,0,73,,101638,20,,,0,70,,101639,20,,,0,30,,101640,20,,,0,71,,101641,20,,,0,28,,101642,20,,,0,70,,101643,20,,,0,29,,101644,20,0,16 49,0,30,,101645,20,0,16 49,0
2801,'5460',633,,91238,20,,,0,98,,91239,20,,,0,70,,91240,20,,,0,31,,91241,20,,,0,68,,91242,20,,,0,31,,101646,20,,,0,71,,91244,20,,,0,28,,101647,20,,,0,27,,101648,20,,,0,66,,91247,20,,,0,27,,91248,20,,,0,64,,91249,20,,,0,24,,91250,20,,,0,64,,91251,20,,,0,22,,91252,20,,,0,22,,91253,20,,,0,64,,91254,20,,,0,24,,91255,20,,,0,23,,91256,20,,,0,62,,91257,20,,,0,23,,91258,20,,,0,63,,91259,20,,,0,24,,91260,20,,,0,23,,101649,20,,,0,63,,91262,20,,,0,22,,91263,20,,,0,63,,91264,20,,,0,22,,101650,20,,,0,24,,91266,20,,,0,64,,101651,20,,,0,27,,101652,20,,,0,66,,101653,20,,,0,29,,101654,20,,,0,69,,101655,20,,,0,29,,101656,20,,,0,70,,101657,20,,,0,40,,101658,20,,,0,80,,101659,20,,,0,86,,101660,20,,,0
2801,'5461',633,,91277,20,,,0,98,,91278,20,,,0,70,,101661,20,,,0,31,,101662,20,,,0,68,,91281,20,,,0,31,,91282,20,,,0,71,,91283,20,,,0,28,,101663,20,,,0,27,,91285,20,,,0,66,,91286,20,,,0,27,,91287,20,,,0,64,,91288,20,,,0,24,,91289,20,,,0,64,,91290,20,,,0,22,,91291,20,,,0,22,,91292,20,,,0,64,,91293,20,,,0,24,,91294,20,,,0,23,,91295,20,,,0,62,,91296,20,,,0,23,,91297,20,,,0,63,,91298,20,,,0,24,,91299,20,,,0,23,,91300,20,,,0,63,,91301,20,,,0,22,,91302,20,,,0,63,,91303,20,,,0,22,,101664,20,,,0,24,,91305,20,,,0,64,,101665,20,,,0,27,,101666,20,,,0,66,,91308,20,,,0,29,,101667,20,,,0,69,,101668,20,,,0,29,,91311,20,,,0,70,,101669,20,,,0,40,,101670,20,,,0,80,,101671,20,,,0,86,,101672,20,,,0
2801,'5462',633,,91316,20,,,0,98,,91317,20,,,0,70,,101673,20,,,0,31,,101674,20,,,0,68,,91320,20,,,0,31,,91321,20,,,0,71,,91322,20,,,0,28,,101675,20,,,0,27,,91324,20,,,0,66,,91325,20,,,0,27,,91326,20,,,0,64,,91327,20,,,0,24,,91328,20,,,0,64,,91329,20,,,0,22,,91330,20,,,0,22,,91331,20,,,0,64,,91332,20,,,0,24,,91333,20,,,0,23,,91334,20,,,0,62,,91335,20,,,0,23,,91336,20,,,0,63,,91337,20,,,0,24,,91338,20,,,0,23,,91339,20,,,0,63,,91340,20,,,0,22,,91341,20,,,0,63,,91342,20,,,0,22,,101676,20,,,0,24,,91344,20,,,0,64,,101677,20,,,0,27,,101678,20,,,0,66,,91347,20,,,0,29,,101679,20,,,0,69,,101680,20,,,0,29,,91350,20,,,0,70,,101681,20,,,0,40,,101682,20,,,0,80,,101683,20,,,0,86,,101684,20,,,0
2801,'5463',633,,91355,20,,,0,98,,91356,20,,,0,70,,101685,20,,,0,31,,101686,20,,,0,68,,91359,20,,,0,31,,91360,20,,,0,71,,91361,20,,,0,28,,101687,20,,,0,27,,91363,20,,,0,66,,91364,20,,,0,27,,91365,20,,,0,64,,91366,20,,,0,24,,91367,20,,,0,64,,91368,20,,,0,22,,91369,20,,,0,22,,91370,20,,,0,64,,91371,20,,,0,24,,91372,20,,,0,23,,91373,20,,,0,62,,91374,20,,,0,23,,91375,20,,,0,63,,91376,20,,,0,24,,91377,20,,,0,23,,91378,20,,,0,63,,91379,20,,,0,22,,91380,20,,,0,63,,91381,20,,,0,22,,101688,20,,,0,24,,91383,20,,,0,64,,101689,20,,,0,27,,101690,20,,,0,66,,91386,20,,,0,29,,101691,20,,,0,69,,101692,20,,,0,29,,91389,20,,,0,70,,101693,20,,,0,40,,101694,20,,,0,80,,101695,20,,,0,86,,101696,20,,,0
