301,'5456',602,,82558,1,,,0,37,,82556,11,,,0,76,,82557,11,,,0,37,,82559,11,,,0,82,,82566,11,,,0,76,,82560,11,,,0,35,,82561,11,,,0,71,,82565,11,,,0,30,,82562,11,,,0,70,,82563,11,,,0,31,,82564,11,,,0,70,,82567,11,,,0,35,,82568,11,,,0,70,,82569,11,,,0,30,,82571,11,,,0,72,,82570,11,,,0,33,,82582,11,,,0,75,,82572,11,,,0,74,,82573,11,,,0,35,,82581,11,,,0,73,,82574,11,,,0,32,,82575,11,,,0,74,,82580,11,,,0,24,,82576,11,,,0,70,,82577,11,,,0,30,,82584,11,,,0,65,,82578,11,,,0,24,,82579,11,,,0,70,,82583,11,,,0
301,'5458',602,,82587,1,,,0,37,,82585,11,,,0,76,,82586,11,,,0,37,,82588,11,,,0,82,,82595,11,,,0,76,,82589,11,,,0,35,,82590,11,,,0,71,,82594,11,,,0,30,,82591,11,,,0,70,,82592,11,,,0,31,,82593,11,,,0,70,,82596,11,,,0,35,,82597,11,,,0,70,,82598,11,,,0,30,,82600,11,,,0,72,,82599,11,,,0,33,,82611,11,,,0,75,,82601,11,,,0,74,,82602,11,,,0,35,,82610,11,,,0,73,,82603,11,,,0,32,,82604,11,,,0,74,,82609,11,,,0,24,,82605,11,,,0,70,,82606,11,,,0,30,,82613,11,,,0,65,,82607,11,,,0,24,,82608,11,,,0,70,,82612,11,,,0
301,'5459',718,,82635,11,,,0,30,,82621,11,,,0,70,,82614,11,,,0,30,,82627,11,,,0,71,,82622,11,,,0,30,,82638,11,,,0,71,,82626,11,,,0,31,,82615,11,,,0,69,,82637,11,,,0,30,,82629,11,,,0,71,,82617,11,,,0,30,,82639,11,,,0,70,,82628,11,,,0,31,,82616,11,,,0,70,,82623,11,,,0,34,,82620,11,,,0,73,,82618,11,,,0,78,,82619,11,,,0,29,,82624,11,,,0,76,,82630,11,,,0,24,,82625,11,,,0,74,,82632,11,,,0,28,,82631,11,,,0,71,,82633,11,,,0,25,,82634,11,,,0,70,,82640,11,,,0,30,,82636,11,,,0,70,,82641,11,,,0
301,'5460',733,,82655,11,,,0,86,,82643,11,,,0,40,,82656,11,,,0,85,,82649,11,,,0,76,,82654,11,,,0,80,,82642,11,,,0,20,,82650,11,,,0,31,,82645,11,,,0,69,,82644,11,,,0,30,,82651,11,,,0,71,,82648,11,,,0,30,,82647,11,,,0,70,,82646,11,,,0,37,,82652,11,,,0,68,,82653,11,,,0,81,,82659,11,,,0,23,,82657,11,,,0,73,,82658,11,,,0,27,,82663,11,,,0,70,,82661,11,,,0,29,,82660,11,,,0,30,,82662,11,,,0,70,,82664,11,,,0,75,,82665,11,,,0
301,'5461',733,,82679,11,,,0,86,,82667,11,,,0,40,,82680,11,,,0,85,,82673,11,,,0,76,,82678,11,,,0,80,,82666,11,,,0,20,,82674,11,,,0,31,,82669,11,,,0,69,,82668,11,,,0,30,,82675,11,,,0,71,,82672,11,,,0,30,,82671,11,,,0,70,,82670,11,,,0,37,,82676,11,,,0,68,,82677,11,,,0,81,,82683,11,,,0,23,,82681,11,,,0,73,,82682,11,,,0,27,,82687,11,,,0,70,,82685,11,,,0,29,,82684,11,,,0,30,,82686,11,,,0,70,,82688,11,,,0,75,,82689,11,,,0
301,'5462',733,,82703,11,,,0,86,,82691,11,,,0,40,,82704,11,,,0,85,,82697,11,,,0,76,,82702,11,,,0,80,,82690,11,,,0,20,,82698,11,,,0,31,,82693,11,,,0,69,,82692,11,,,0,30,,82699,11,,,0,71,,82696,11,,,0,30,,82695,11,,,0,70,,82694,11,,,0,37,,82700,11,,,0,68,,82701,11,,,0,81,,82707,11,,,0,23,,82705,11,,,0,73,,82706,11,,,0,27,,82711,11,,,0,70,,82709,11,,,0,29,,82708,11,,,0,30,,82710,11,,,0,70,,82712,11,,,0,75,,82713,11,,,0
301,'5463',733,,82727,11,,,0,86,,82715,11,,,0,40,,82728,11,,,0,85,,82721,11,,,0,76,,82726,11,,,0,80,,82714,11,,,0,20,,82722,11,,,0,31,,82717,11,,,0,69,,82716,11,,,0,30,,82723,11,,,0,71,,82720,11,,,0,30,,82719,11,,,0,70,,82718,11,,,0,37,,82724,11,,,0,68,,82725,11,,,0,81,,82731,11,,,0,23,,82729,11,,,0,73,,82730,11,,,0,27,,82735,11,,,0,70,,82733,11,,,0,29,,82732,11,,,0,30,,82734,11,,,0,70,,82736,11,,,0,75,,82737,11,,,0
600,'5456',543,,83825,2,,,0,70,,83826,2,,,0,30,,83827,2,,,0,64,,83828,2,,,0,24,,83829,2,,,0,24,,83845,2,,,0,58,,83847,2,,,0,20,,83836,2,,,0,19,,83830,2,,,0,61,,83831,2,,,0,24,,83832,2,,,0,64,,83833,2,,,0,22,,83840,2,,,0,24,,83834,2,,,0,63,,83835,2,,,0,24,,83837,2,,,0,24,,83838,2,,,0,64,,83839,2,,,0,24,,83841,2,,,0,65,,83842,2,,,0,26,,83843,2,,,0,63,,83844,2,,,0,21,,83846,2,,,0,20,,83848,2,,,0,60,,83849,2,,,0,17,,83855,2,,,0,14,,83850,2,,,0,17,,83851,2,,,0,54,,83858,2,,,0,16,,83852,2,,,0,15,,83853,2,,,0,14,,83854,2,,,0,54,,83856,2,,,0,16,,83857,2,,,0,14,,83859,2,,,0,15,,83860,2,,,0,57,,83861,2,,,0,17,,83862,2,,,0,24,,83863,2,,,0,64,,83865,2,,,0,29,,83864,2,,,0,73,,83867,2,,,0,18,,83866,2,,,0,76,,83868,2,,,0,18,,83869,2,,,0,78,,83871,2,,,0,20,,83870,2,,,0,100,,83872,2,,,0,100,,83873,2,,,0
600,'5458',543,,83875,2,,,0,70,,83876,2,,,0,30,,83877,2,,,0,64,,83878,2,,,0,24,,83879,2,,,0,24,,83895,2,,,0,58,,83897,2,,,0,20,,83886,2,,,0,19,,83880,2,,,0,61,,83881,2,,,0,24,,83882,2,,,0,64,,83883,2,,,0,22,,83890,2,,,0,24,,83884,2,,,0,63,,83885,2,,,0,24,,83887,2,,,0,24,,83888,2,,,0,64,,83889,2,,,0,24,,83891,2,,,0,65,,83892,2,,,0,26,,83893,2,,,0,63,,83894,2,,,0,21,,83896,2,,,0,20,,83898,2,,,0,60,,83899,2,,,0,17,,83905,2,,,0,14,,83900,2,,,0,17,,83901,2,,,0,54,,83908,2,,,0,16,,83902,2,,,0,15,,83903,2,,,0,14,,83904,2,,,0,54,,83906,2,,,0,16,,83907,2,,,0,14,,83909,2,,,0,15,,83910,2,,,0,57,,83911,2,,,0,17,,83912,2,,,0,24,,83913,2,,,0,64,,83915,2,,,0,29,,83914,2,,,0,73,,83917,2,,,0,18,,83916,2,,,0,76,,83918,2,,,0,18,,83919,2,,,0,78,,83921,2,,,0,20,,83920,2,,,0,100,,83922,2,,,0,100,,83923,2,,,0,30,,83927,2,,,0,70,,83925,2,,,0,30,,83928,2,,,0,70,,83924,2,,,0,30,,83926,2,,,0
600,'5459',548,,83930,2,,,0,70,,83931,2,,,0,83,,83932,2,,,0,20,,83933,2,,,0,35,,83934,2,,,0,60,,83935,2,,,0,18,,83936,2,,,0,70,,83937,2,,,0,15,,83929,2,,,0,15,,83938,2,,,0,66,,83939,2,,,0,13,,83940,2,,,0,12,,83941,2,,,0,12,,83942,2,,,0,64,,83943,2,,,0,12,,83944,2,,,0,12,,83945,2,,,0,24,,83946,2,,,0,52,,83947,2,,,0,12,,83948,2,,,0,24,,83949,2,,,0,12,,83950,2,,,0,52,,83951,2,,,0,24,,83952,2,,,0,12,,83953,2,,,0,12,,83954,2,,,0,60,,83955,2,,,0,10,,83956,2,,,0,10,,83957,2,,,0,21,,83958,2,,,0,51,,83967,2,,,0,10,,83959,2,,,0,21,,83960,2,,,0,11,,83968,2,,,0,10,,83961,2,,,0,60,,83962,2,,,0,11,,83969,2,,,0,10,,83963,2,,,0,20,,83964,2,,,0,51,,83965,2,,,0,12,,83970,2,,,0,12,,83966,2,,,0,24,,83971,2,,,0,52,,83972,2,,,0,12,,83973,2,,,0,12,,83974,2,,,0,25,,83976,2,,,0,55,,83977,2,,,0,15,,83978,2,,,0,30,,83979,2,,,0,55,,83980,2,,,0,17,,83975,2,,,0,76,,83981,2,,,0,18,,83982,2,,,0,35,,83983,2,,,0,61,,83984,2,,,0,20,,83985,2,,,0,90,,83986,2,,,0,95,,83987,2,,,0,30,,83988,2,,,0,70,,83989,2,,,0,30,,83990,2,,,0,70,,83991,2,,,0,29,,83992,2,,,0
600,'5460',623,,84019,2,,,0,78,,84032,2,,,0,55,,84002,2,,,0,65,,84030,2,,,0,80,,84004,2,,,0,20,,83994,2,,,0,37,,84014,2,,,0,55,,84041,2,,,0,16,,84003,2,,,0,72,,84034,2,,,0,15,,84018,2,,,0,15,,83993,2,,,0,70,,83995,2,,,0,12,,83997,2,,,0,12,,84037,2,,,0,12,,84021,2,,,0,64,,83996,2,,,0,12,,84007,2,,,0,12,,83998,2,,,0,12,,84001,2,,,0,64,,84020,2,,,0,12,,83999,2,,,0,12,,84000,2,,,0,12,,84008,2,,,0,64,,84011,2,,,0,12,,84038,2,,,0,12,,84022,2,,,0,12,,84012,2,,,0,64,,84010,2,,,0,12,,84009,2,,,0,12,,84006,2,,,0,12,,84036,2,,,0,64,,84005,2,,,0,12,,84016,2,,,0,12,,84015,2,,,0,12,,84042,2,,,0,65,,84027,2,,,0,15,,84013,2,,,0,15,,84017,2,,,0,73,,84023,2,,,0,17,,84029,2,,,0,18,,84024,2,,,0,75,,84025,2,,,0,17,,84028,2,,,0,74,,84033,2,,,0,17,,84035,2,,,0,18,,84026,2,,,0,88,,84031,2,,,0,97,,84040,2,,,0,89,,84039,2,,,0
600,'5461',623,,84069,2,,,0,78,,84082,2,,,0,55,,84052,2,,,0,65,,84080,2,,,0,80,,84054,2,,,0,20,,84044,2,,,0,37,,84064,2,,,0,55,,84091,2,,,0,16,,84053,2,,,0,72,,84084,2,,,0,15,,84068,2,,,0,15,,84043,2,,,0,70,,84045,2,,,0,12,,84047,2,,,0,12,,84087,2,,,0,12,,84071,2,,,0,64,,84046,2,,,0,12,,84057,2,,,0,12,,84048,2,,,0,12,,84051,2,,,0,64,,84070,2,,,0,12,,84049,2,,,0,12,,84050,2,,,0,12,,84058,2,,,0,64,,84061,2,,,0,12,,84088,2,,,0,12,,84072,2,,,0,12,,84062,2,,,0,64,,84060,2,,,0,12,,84059,2,,,0,12,,84056,2,,,0,12,,84086,2,,,0,64,,84055,2,,,0,12,,84066,2,,,0,12,,84065,2,,,0,12,,84092,2,,,0,65,,84077,2,,,0,15,,84063,2,,,0,15,,84067,2,,,0,73,,84073,2,,,0,17,,84079,2,,,0,18,,84074,2,,,0,75,,84075,2,,,0,17,,84078,2,,,0,74,,84083,2,,,0,17,,84085,2,,,0,18,,84076,2,,,0,88,,84081,2,,,0,97,,84090,2,,,0,89,,84089,2,,,0
600,'5462',623,,84119,2,,,0,78,,84132,2,,,0,55,,84102,2,,,0,65,,84130,2,,,0,80,,84104,2,,,0,20,,84094,2,,,0,37,,84114,2,,,0,55,,84141,2,,,0,16,,84103,2,,,0,72,,84134,2,,,0,15,,84118,2,,,0,15,,84093,2,,,0,70,,84095,2,,,0,12,,84097,2,,,0,12,,84137,2,,,0,12,,84121,2,,,0,64,,84096,2,,,0,12,,84107,2,,,0,12,,84098,2,,,0,12,,84101,2,,,0,64,,84120,2,,,0,12,,84099,2,,,0,12,,84100,2,,,0,12,,84108,2,,,0,64,,84111,2,,,0,12,,84138,2,,,0,12,,84122,2,,,0,12,,84112,2,,,0,64,,84110,2,,,0,12,,84109,2,,,0,12,,84106,2,,,0,12,,84136,2,,,0,64,,84105,2,,,0,12,,84116,2,,,0,12,,84115,2,,,0,12,,84142,2,,,0,65,,84127,2,,,0,15,,84113,2,,,0,15,,84117,2,,,0,73,,84123,2,,,0,17,,84129,2,,,0,18,,84124,2,,,0,75,,84125,2,,,0,17,,84128,2,,,0,74,,84133,2,,,0,17,,84135,2,,,0,18,,84126,2,,,0,88,,84131,2,,,0,97,,84140,2,,,0,89,,84139,2,,,0
600,'5463',623,,84169,2,,,0,78,,84182,2,,,0,55,,84152,2,,,0,65,,84180,2,,,0,80,,84154,2,,,0,20,,84144,2,,,0,37,,84164,2,,,0,55,,84191,2,,,0,16,,84153,2,,,0,72,,84184,2,,,0,15,,84168,2,,,0,15,,84143,2,,,0,70,,84145,2,,,0,12,,84147,2,,,0,12,,84187,2,,,0,12,,84171,2,,,0,64,,84146,2,,,0,12,,84157,2,,,0,12,,84148,2,,,0,12,,84151,2,,,0,64,,84170,2,,,0,12,,84149,2,,,0,12,,84150,2,,,0,12,,84158,2,,,0,64,,84161,2,,,0,12,,84188,2,,,0,12,,84172,2,,,0,12,,84162,2,,,0,64,,84160,2,,,0,12,,84159,2,,,0,12,,84156,2,,,0,12,,84186,2,,,0,64,,84155,2,,,0,12,,84166,2,,,0,12,,84165,2,,,0,12,,84192,2,,,0,65,,84177,2,,,0,15,,84163,2,,,0,15,,84167,2,,,0,73,,84173,2,,,0,17,,84179,2,,,0,18,,84174,2,,,0,75,,84175,2,,,0,17,,84178,2,,,0,74,,84183,2,,,0,17,,84185,2,,,0,18,,84176,2,,,0,88,,84181,2,,,0,97,,84190,2,,,0,89,,84189,2,,,0
1100,'5456',542,,85484,1,,,0,71,,85487,29,,,0,30,,85490,29,,,0,61,,85483,29,,,0,20,,85497,29,,,0,18,,85485,29,,,0,59,,85494,29,,,0,15,,85510,29,,,0,16,,85486,29,,,0,18,,85503,29,,,0,58,,85489,29,,,0,21,,85488,29,,,0,24,,85499,29,,,0,66,,85491,29,,,0,25,,85507,29,,,0,65,,85492,29,,,0,25,,85493,29,,,0,25,,85495,29,,,0,65,,85498,29,,,0,26,,85496,29,,,0,65,,85508,29,,,0,26,,85500,29,,,0,64,,85501,29,,,0,18,,85514,29,,,0,18,,85502,29,,,0,18,,85504,29,,,0,59,,85532,29,,,0,18,,85505,29,,,0,20,,85509,29,,,0,59,,85527,29,,,0,20,,85506,29,,,0,20,,85511,29,,,0,56,,85515,29,,,0,15,,85513,29,,,0,17,,85512,29,,,0,15,,85531,29,,,0,58,,85517,29,,,0,14,,85516,29,,,0,18,,85530,29,,,0,58,,85518,29,,,0,24,,85519,29,,,0,70,,85520,29,,,0,35,,85521,29,,,0,70,,85529,29,,,0,34,,85523,29,,,0,70,,85522,29,,,0,34,,85524,29,,,0,70,,85528,29,,,0,30,,85525,29,,,0,83,,85526,29,,,0
1100,'5458',542,,85534,1,,,0,71,,85537,29,,,0,30,,85540,29,,,0,61,,85533,29,,,0,20,,85547,29,,,0,18,,85535,29,,,0,59,,85544,29,,,0,15,,85560,29,,,0,16,,85536,29,,,0,18,,85553,29,,,0,58,,85539,29,,,0,21,,85538,29,,,0,24,,85549,29,,,0,66,,85541,29,,,0,25,,85557,29,,,0,65,,85542,29,,,0,25,,85543,29,,,0,25,,85545,29,,,0,65,,85548,29,,,0,26,,85546,29,,,0,65,,85558,29,,,0,26,,85550,29,,,0,64,,85551,29,,,0,18,,85564,29,,,0,18,,85552,29,,,0,18,,85554,29,,,0,59,,85582,29,,,0,18,,85555,29,,,0,20,,85559,29,,,0,59,,85577,29,,,0,20,,85556,29,,,0,20,,85561,29,,,0,56,,85565,29,,,0,15,,85563,29,,,0,17,,85562,29,,,0,15,,85581,29,,,0,58,,85567,29,,,0,14,,85566,29,,,0,18,,85580,29,,,0,58,,85568,29,,,0,24,,85569,29,,,0,70,,85570,29,,,0,35,,85571,29,,,0,70,,85579,29,,,0,34,,85573,29,,,0,70,,85572,29,,,0,34,,85574,29,,,0,70,,85578,29,,,0,30,,85575,29,,,0,83,,85576,29,,,0
1100,'5459',729,,85613,29,,,0,76,,85597,29,,,0,36,,85583,29,,,0,71,,85587,29,,,0,30,,85614,29,,,0,70,,85605,29,,,0,26,,85592,29,,,0,65,,85584,29,,,0,26,,85590,29,,,0,29,,85602,29,,,0,65,,85586,29,,,0,25,,85600,29,,,0,65,,85594,29,,,0,24,,85585,29,,,0,65,,85588,29,,,0,26,,85601,29,,,0,25,,85593,29,,,0,65,,85604,29,,,0,27,,85596,29,,,0,65,,85591,29,,,0,23,,85595,29,,,0,24,,85612,29,,,0,63,,85589,29,,,0,24,,85603,29,,,0,64,,85615,29,,,0,25,,85606,29,,,0,25,,85598,29,,,0,64,,85599,29,,,0,24,,85608,29,,,0,65,,85610,29,,,0,24,,85607,29,,,0,70,,85609,29,,,0,30,,85611,29,,,0,74,,85616,29,,,0,35,,85617,29,,,0,69,,85618,29,,,0,30,,85619,29,,,0,79,,85620,29,,,0
1100,'5460',744,,85622,29,,,0,80,,85621,29,,,0,81,,85624,29,,,0,31,,85623,29,,,0,71,,85626,29,,,0,36,,85625,29,,,0,75,,85630,29,,,0,31,,85628,29,,,0,70,,85627,29,,,0,31,,85629,29,,,0,70,,85633,29,,,0,30,,85634,29,,,0,70,,85632,29,,,0,31,,85631,29,,,0,70,,85637,29,,,0,30,,85636,29,,,0,69,,85635,29,,,0,30,,85639,29,,,0,69,,85640,29,,,0,29,,85638,29,,,0,68,,85641,29,,,0,29,,85642,29,,,0,70,,85644,29,,,0,85,,85643,29,,,0,45,,85645,29,,,0,84,,85646,29,,,0,79,,85647,29,,,0,45,,85648,29,,,0,85,,85649,29,,,0
1100,'5461',744,,85651,29,,,0,80,,85650,29,,,0,81,,85653,29,,,0,31,,85652,29,,,0,71,,85655,29,,,0,36,,85654,29,,,0,75,,85659,29,,,0,31,,85657,29,,,0,70,,85656,29,,,0,31,,85658,29,,,0,70,,85662,29,,,0,30,,85663,29,,,0,70,,85661,29,,,0,31,,85660,29,,,0,70,,85666,29,,,0,30,,85665,29,,,0,69,,85664,29,,,0,30,,85668,29,,,0,69,,85669,29,,,0,29,,85667,29,,,0,68,,85670,29,,,0,29,,85671,29,,,0,70,,85673,29,,,0,85,,85672,29,,,0,45,,85674,29,,,0,84,,85675,29,,,0,79,,85676,29,,,0,45,,85677,29,,,0,85,,85678,29,,,0
1100,'5462',744,,85680,29,,,0,80,,85679,29,,,0,81,,85682,29,,,0,31,,85681,29,,,0,71,,85684,29,,,0,36,,85683,29,,,0,75,,85688,29,,,0,31,,85686,29,,,0,70,,85685,29,,,0,31,,85687,29,,,0,70,,85691,29,,,0,30,,85692,29,,,0,70,,85690,29,,,0,31,,85689,29,,,0,70,,85695,29,,,0,30,,85694,29,,,0,69,,85693,29,,,0,30,,85697,29,,,0,69,,85698,29,,,0,29,,85696,29,,,0,68,,85699,29,,,0,29,,85700,29,,,0,70,,85702,29,,,0,85,,85701,29,,,0,45,,85703,29,,,0,84,,85704,29,,,0,79,,85705,29,,,0,45,,85706,29,,,0,85,,85707,29,,,0
1100,'5463',744,,85709,29,,,0,80,,85708,29,,,0,81,,85711,29,,,0,31,,85710,29,,,0,71,,85713,29,,,0,36,,85712,29,,,0,75,,85717,29,,,0,31,,85715,29,,,0,70,,85714,29,,,0,31,,85716,29,,,0,70,,85720,29,,,0,30,,85721,29,,,0,70,,85719,29,,,0,31,,85718,29,,,0,70,,85724,29,,,0,30,,85723,29,,,0,69,,85722,29,,,0,30,,85726,29,,,0,69,,85727,29,,,0,29,,85725,29,,,0,68,,85728,29,,,0,29,,85729,29,,,0,70,,85731,29,,,0,85,,85730,29,,,0,45,,85732,29,,,0,84,,85733,29,,,0,79,,85734,29,,,0,45,,85735,29,,,0,85,,85736,29,,,0
1400,'5456',608,,86227,30,,,0,20,,86228,30,,,0,17,,86229,30,,,0,56,,86230,30,,,0,15,,86231,30,,,0,6,,86218,1,,,0,6,,86232,30,,,0,9,,86233,30,,,0,6,,86219,1,,,0,6,,86234,30,,,0,6,,86220,1,,,0,46,,86235,30,,,0,8,,86221,1,,,0,5,,86236,30,,,0,8,,86222,1,,,0,5,,86237,30,,,0,8,,86223,1,,,0,3,,86238,30,,,0,4,,86239,30,,,0,5,,86240,30,,,0,5,,86241,30,,,0,48,,86224,1,,,0,6,,86242,30,,,0,6,,86225,1,,,0,6,,86243,30,,,0,7,,86226,1,,,0,6,,86244,30,,,0,11,,86245,30,,,0,13,,86246,30,,,0,52,,86247,30,,,0,13,,86248,30,,,0,13,,86249,30,,,0,13,,86250,30,,,0,13,,86251,30,,,0,53,,86252,30,,,0,13,,86253,30,,,0,14,,86254,30,,,0,13,,86255,30,,,0,53,,86256,30,,,0,13,,86257,30,,,0,12,,86258,30,,,0,13,,86259,30,,,0,13,,86260,30,,,0,53,,86261,30,,,0,13,,86262,30,,,0,14,,86263,30,,,0,13,,86264,30,,,0,54,,86265,30,,,0,12,,86266,30,,,0,14,,86267,30,,,0,11,,86268,30,,,0,13,,86269,30,,,0,60,,86270,30,,,0,7,,86301,30,,,0,7,,86271,30,,,0,17,,86272,30,,,0,56,,86273,30,,,0,15,,86274,30,,,0,15,,86275,30,,,0,14,,86276,30,,,0,56,,86277,30,,,0,15,,86278,30,,,0,16,,86279,30,,,0,16,,86280,30,,,0,56,,86281,30,,,0,13,,86282,30,,,0,14,,86283,30,,,0,15,,86284,30,,,0,14,,86285,30,,,0,55,,86286,30,,,0,15,,86287,30,,,0,17,,86288,30,,,0,59,,86289,30,,,0,20,,86290,30,,,0,20,,86291,30,,,0,60,,86292,30,,,0,20,,86293,30,,,0,20,,86294,30,,,0,60,,86295,30,,,0,20,,86296,30,,,0,30,,86297,30,,,0,70,,86298,30,,,0,30,,86299,30,,,0,70,,86300,30,,,0
1400,'5458',608,,86311,30,,,0,20,,86312,30,,,0,17,,86313,30,,,0,56,,86314,30,,,0,15,,86315,30,,,0,6,,86302,1,,,0,6,,86316,30,,,0,9,,86317,30,,,0,6,,86303,1,,,0,6,,86318,30,,,0,6,,86304,1,,,0,46,,86319,30,,,0,8,,86305,1,,,0,5,,86320,30,,,0,8,,86306,1,,,0,5,,86321,30,,,0,8,,86307,1,,,0,3,,86322,30,,,0,4,,86323,30,,,0,5,,86324,30,,,0,5,,86325,30,,,0,48,,86308,1,,,0,6,,86326,30,,,0,6,,86309,1,,,0,6,,86327,30,,,0,7,,86310,1,,,0,6,,86328,30,,,0,11,,86329,30,,,0,13,,86330,30,,,0,52,,86331,30,,,0,13,,86332,30,,,0,13,,86333,30,,,0,13,,86334,30,,,0,13,,86335,30,,,0,53,,86336,30,,,0,13,,86337,30,,,0,14,,86338,30,,,0,13,,86339,30,,,0,53,,86340,30,,,0,13,,86341,30,,,0,12,,86342,30,,,0,13,,86343,30,,,0,13,,86344,30,,,0,53,,86345,30,,,0,13,,86346,30,,,0,14,,86347,30,,,0,13,,86348,30,,,0,54,,86349,30,,,0,12,,86350,30,,,0,14,,86351,30,,,0,11,,86352,30,,,0,13,,86353,30,,,0,60,,86354,30,,,0,7,,86389,30,,,0,7,,86355,30,,,0,17,,86356,30,,,0,56,,86357,30,,,0,15,,86358,30,,,0,15,,86359,30,,,0,14,,86360,30,,,0,56,,86361,30,,,0,15,,86362,30,,,0,16,,86363,30,,,0,16,,86364,30,,,0,56,,86365,30,,,0,13,,86366,30,,,0,14,,86367,30,,,0,15,,86368,30,,,0,14,,86369,30,,,0,55,,86370,30,,,0,15,,86371,30,,,0,17,,86372,30,,,0,59,,86373,30,,,0,20,,86374,30,,,0,20,,86375,30,,,0,60,,86376,30,,,0,20,,86377,30,,,0,20,,86378,30,,,0,60,,86379,30,,,0,20,,86380,30,,,0,30,,86381,30,,,0,70,,86382,30,,,0,30,,86383,30,,,0,70,,86384,30,,,0,30,,86385,30,,,0,70,,86386,30,,,0,30,,86387,30,,,0,70,,86388,30,,,0
1400,'5459',647,,86414,30,,,0,61,,86415,30,,,0,19,,86398,30,,,0,18,,86413,30,,,0,56,,86392,30,,,0,15,,86397,30,,,0,15,,86396,30,,,0,15,,86412,30,,,0,55,,86410,30,,,0,15,,86395,30,,,0,15,,86391,30,,,0,15,,86411,30,,,0,55,,86390,30,,,0,15,,86400,30,,,0,15,,86402,30,,,0,15,,86416,30,,,0,56,,86418,30,,,0,15,,86403,30,,,0,16,,86394,30,,,0,15,,86417,30,,,0,56,,86393,30,,,0,16,,86399,30,,,0,15,,86406,30,,,0,15,,86419,30,,,0,55,,86404,30,,,0,15,,86420,30,,,0,15,,86405,30,,,0,15,,86407,30,,,0,55,,86421,30,,,0,16,,86409,30,,,0,15,,86401,30,,,0,16,,86408,30,,,0,55,,86432,30,,,0,15,,86430,30,,,0,15,,86433,30,,,0,15,,86427,30,,,0,55,,86426,30,,,0,14,,86423,30,,,0,15,,86434,30,,,0,14,,86428,30,,,0,55,,86429,30,,,0,15,,86436,30,,,0,15,,86431,30,,,0,15,,86424,30,,,0,55,,86425,30,,,0,14,,86435,30,,,0,15,,86422,30,,,0,14,,86440,30,,,0,55,,86437,30,,,0,15,,86438,30,,,0,15,,86439,30,,,0,16,,86441,30,,,0,60,,86443,30,,,0,20,,86444,30,,,0,20,,86445,30,,,0,60,,86446,30,,,0,20,,86442,30,,,0,20,,86450,30,,,0,60,,86449,30,,,0,21,,86448,30,,,0,27,,86447,30,,,0,70,,86451,30,,,0,30,,86452,30,,,0,70,,86453,30,,,0,30,,86454,30,,,0,69,,86455,30,,,0,29,,86456,30,,,0,70,,86457,30,,,0
1400,'5460',639,,86502,30,,,0,70,,86490,30,,,0,30,,86512,30,,,0,64,,86497,30,,,0,20,,86468,30,,,0,15,,86515,30,,,0,15,,86496,30,,,0,55,,86481,30,,,0,15,,86488,30,,,0,15,,86509,30,,,0,15,,86472,30,,,0,55,,86500,30,,,0,15,,86469,30,,,0,15,,86499,30,,,0,15,,86473,30,,,0,55,,86482,30,,,0,15,,86489,30,,,0,15,,86511,30,,,0,15,,86471,30,,,0,56,,86501,30,,,0,15,,86474,30,,,0,15,,86498,30,,,0,15,,86470,30,,,0,55,,86479,30,,,0,14,,86459,30,,,0,15,,86486,30,,,0,15,,86508,30,,,0,55,,86461,30,,,0,15,,86495,30,,,0,15,,86465,30,,,0,15,,86492,30,,,0,55,,86466,30,,,0,15,,86477,30,,,0,15,,86458,30,,,0,15,,86485,30,,,0,55,,86507,30,,,0,15,,86464,30,,,0,15,,86493,30,,,0,15,,86462,30,,,0,55,,86494,30,,,0,15,,86463,30,,,0,15,,86480,30,,,0,15,,86460,30,,,0,54,,86487,30,,,0,15,,86510,30,,,0,15,,86467,30,,,0,15,,86504,30,,,0,58,,86506,30,,,0,20,,86476,30,,,0,20,,86478,30,,,0,60,,86491,30,,,0,21,,86514,30,,,0,70,,86503,30,,,0,29,,86475,30,,,0,70,,86483,30,,,0,30,,86513,30,,,0,29,,86505,30,,,0,69,,86484,30,,,0
1400,'5461',639,,86560,30,,,0,70,,86548,30,,,0,30,,86570,30,,,0,64,,86555,30,,,0,20,,86526,30,,,0,15,,86573,30,,,0,15,,86554,30,,,0,55,,86539,30,,,0,15,,86546,30,,,0,15,,86567,30,,,0,15,,86530,30,,,0,55,,86558,30,,,0,15,,86527,30,,,0,15,,86557,30,,,0,15,,86531,30,,,0,55,,86540,30,,,0,15,,86547,30,,,0,15,,86569,30,,,0,15,,86529,30,,,0,56,,86559,30,,,0,15,,86532,30,,,0,15,,86556,30,,,0,15,,86528,30,,,0,55,,86537,30,,,0,14,,86517,30,,,0,15,,86544,30,,,0,15,,86566,30,,,0,55,,86519,30,,,0,15,,86553,30,,,0,15,,86523,30,,,0,15,,86550,30,,,0,55,,86524,30,,,0,15,,86535,30,,,0,15,,86516,30,,,0,15,,86543,30,,,0,55,,86565,30,,,0,15,,86522,30,,,0,15,,86551,30,,,0,15,,86520,30,,,0,55,,86552,30,,,0,15,,86521,30,,,0,15,,86538,30,,,0,15,,86518,30,,,0,54,,86545,30,,,0,15,,86568,30,,,0,15,,86525,30,,,0,15,,86562,30,,,0,58,,86564,30,,,0,20,,86534,30,,,0,20,,86536,30,,,0,60,,86549,30,,,0,21,,86572,30,,,0,70,,86561,30,,,0,29,,86533,30,,,0,70,,86541,30,,,0,30,,86571,30,,,0,29,,86563,30,,,0,69,,86542,30,,,0
1400,'5462',639,,86618,30,,,0,70,,86606,30,,,0,30,,86628,30,,,0,64,,86613,30,,,0,20,,86584,30,,,0,15,,86631,30,,,0,15,,86612,30,,,0,55,,86597,30,,,0,15,,86604,30,,,0,15,,86625,30,,,0,15,,86588,30,,,0,55,,86616,30,,,0,15,,86585,30,,,0,15,,86615,30,,,0,15,,86589,30,,,0,55,,86598,30,,,0,15,,86605,30,,,0,15,,86627,30,,,0,15,,86587,30,,,0,56,,86617,30,,,0,15,,86590,30,,,0,15,,86614,30,,,0,15,,86586,30,,,0,55,,86595,30,,,0,14,,86575,30,,,0,15,,86602,30,,,0,15,,86624,30,,,0,55,,86577,30,,,0,15,,86611,30,,,0,15,,86581,30,,,0,15,,86608,30,,,0,55,,86582,30,,,0,15,,86593,30,,,0,15,,86574,30,,,0,15,,86601,30,,,0,55,,86623,30,,,0,15,,86580,30,,,0,15,,86609,30,,,0,15,,86578,30,,,0,55,,86610,30,,,0,15,,86579,30,,,0,15,,86596,30,,,0,15,,86576,30,,,0,54,,86603,30,,,0,15,,86626,30,,,0,15,,86583,30,,,0,15,,86620,30,,,0,58,,86622,30,,,0,20,,86592,30,,,0,20,,86594,30,,,0,60,,86607,30,,,0,21,,86630,30,,,0,70,,86619,30,,,0,29,,86591,30,,,0,70,,86599,30,,,0,30,,86629,30,,,0,29,,86621,30,,,0,69,,86600,30,,,0
1400,'5463',639,,86676,30,,,0,70,,86664,30,,,0,30,,86686,30,,,0,64,,86671,30,,,0,20,,86642,30,,,0,15,,86689,30,,,0,15,,86670,30,,,0,55,,86655,30,,,0,15,,86662,30,,,0,15,,86683,30,,,0,15,,86646,30,,,0,55,,86674,30,,,0,15,,86643,30,,,0,15,,86673,30,,,0,15,,86647,30,,,0,55,,86656,30,,,0,15,,86663,30,,,0,15,,86685,30,,,0,15,,86645,30,,,0,56,,86675,30,,,0,15,,86648,30,,,0,15,,86672,30,,,0,15,,86644,30,,,0,55,,86653,30,,,0,14,,86633,30,,,0,15,,86660,30,,,0,15,,86682,30,,,0,55,,86635,30,,,0,15,,86669,30,,,0,15,,86639,30,,,0,15,,86666,30,,,0,55,,86640,30,,,0,15,,86651,30,,,0,15,,86632,30,,,0,15,,86659,30,,,0,55,,86681,30,,,0,15,,86638,30,,,0,15,,86667,30,,,0,15,,86636,30,,,0,55,,86668,30,,,0,15,,86637,30,,,0,15,,86654,30,,,0,15,,86634,30,,,0,54,,86661,30,,,0,15,,86684,30,,,0,15,,86641,30,,,0,15,,86678,30,,,0,58,,86680,30,,,0,20,,86650,30,,,0,20,,86652,30,,,0,60,,86665,30,,,0,21,,86688,30,,,0,70,,86677,30,,,0,29,,86649,30,,,0,70,,86657,30,,,0,30,,86687,30,,,0,29,,86679,30,,,0,69,,86658,30,,,0
1500,'5456',532,,87185,19,,,0,20,,87186,19,,,0,59,,87187,19,,,0,16,,87188,19,,,0,17,,87189,19,,,0,56,,87190,19,,,0,16,,87191,19,,,0,15,,87192,19,,,0,14,,87193,19,,,0,12,,87194,19,,,0,51,,87195,19,,,0,11,,87196,19,,,0,11,,87197,19,,,0,11,,87198,19,,,0,11,,87257,1,,,0,51,,87200,19,,,0,11,,87201,19,,,0,12,,87202,19,,,0,11,,87203,19,,,0,14,,87204,19,,,0,55,,87205,19,,,0,15,,87206,19,,,0,15,,87207,19,,,0,15,,87208,19,,,0,55,,87209,19,,,0,15,,87210,19,,,0,15,,87211,19,,,0,15,,87212,19,,,0,55,,87213,19,,,0,15,,87214,19,,,0,15,,87215,19,,,0,15,,87216,19,,,0,55,,87217,19,,,0,15,,87218,19,,,0,15,,87219,19,,,0,15,,87220,19,,,0,55,,87221,19,,,0,16,,87222,19,,,0,15,,87223,19,,,0,15,,87224,19,,,0,55,,87225,19,,,0,15,,87226,19,,,0,13,,87227,19,,,0,15,,87228,19,,,0,55,,87229,19,,,0,15,,87230,19,,,0,15,,87231,19,,,0,15,,87232,19,,,0,55,,87233,19,,,0,15,,87234,19,,,0,15,,87235,19,,,0,15,,87236,19,,,0,54,,87237,19,,,0,15,,87238,19,,,0,17,,87239,19,,,0,15,,87240,19,,,0,55,,87241,19,,,0,14,,87242,19,,,0,15,,87243,19,,,0,20,,87244,19,,,0,60,,87245,19,,,0,20,,87246,19,,,0,20,,87247,19,,,0,60,,87248,19,,,0,20,,87249,19,,,0,20,,87250,19,,,0,60,,87251,19,,,0,25,,87252,19,,,0,70,,87253,19,,,0,30,,87254,19,,,0,70,,87255,19,,,0,30,,87256,19,,,0
1500,'5458',532,,87258,19,,,0,20,,87259,19,,,0,59,,87260,19,,,0,16,,87261,19,,,0,17,,87262,19,,,0,56,,87263,19,,,0,16,,87264,19,,,0,15,,87265,19,,,0,14,,87266,19,,,0,12,,87267,19,,,0,51,,87268,19,,,0,11,,87269,19,,,0,11,,87270,19,,,0,11,,87271,19,,,0,11,,87334,1,,,0,51,,87273,19,,,0,11,,87274,19,,,0,12,,87275,19,,,0,11,,87276,19,,,0,14,,87277,19,,,0,55,,87278,19,,,0,15,,87279,19,,,0,15,,87280,19,,,0,15,,87281,19,,,0,55,,87282,19,,,0,15,,87283,19,,,0,15,,87284,19,,,0,15,,87285,19,,,0,55,,87286,19,,,0,15,,87287,19,,,0,15,,87288,19,,,0,15,,87289,19,,,0,55,,87290,19,,,0,15,,87291,19,,,0,15,,87292,19,,,0,15,,87293,19,,,0,55,,87294,19,,,0,16,,87295,19,,,0,15,,87296,19,,,0,15,,87297,19,,,0,55,,87298,19,,,0,15,,87299,19,,,0,13,,87300,19,,,0,15,,87301,19,,,0,55,,87302,19,,,0,15,,87303,19,,,0,15,,87304,19,,,0,15,,87305,19,,,0,55,,87306,19,,,0,15,,87307,19,,,0,15,,87308,19,,,0,15,,87309,19,,,0,54,,87310,19,,,0,15,,87311,19,,,0,17,,87312,19,,,0,15,,87313,19,,,0,55,,87314,19,,,0,14,,87315,19,,,0,15,,87316,19,,,0,20,,87317,19,,,0,60,,87318,19,,,0,20,,87319,19,,,0,20,,87320,19,,,0,60,,87321,19,,,0,20,,87322,19,,,0,20,,87323,19,,,0,60,,87324,19,,,0,25,,87325,19,,,0,70,,87326,19,,,0,30,,87327,19,,,0,70,,87328,19,,,0,30,,87329,19,,,0,70,,87330,19,,,0,30,,87331,19,,,0,70,,87332,19,,,0,30,,87333,19,,,0
1500,'5459',632,,87391,19,,,0,25,,87378,19,,,0,61,,87376,19,,,0,19,,87377,19,,,0,16,,87353,19,,,0,55,,87389,19,,,0,15,,87371,19,,,0,16,,87350,19,,,0,14,,87375,19,,,0,55,,87374,19,,,0,15,,87352,19,,,0,15,,87390,19,,,0,15,,87372,19,,,0,55,,87351,19,,,0,15,,87373,19,,,0,15,,87370,19,,,0,16,,87345,19,,,0,55,,87349,19,,,0,15,,87388,19,,,0,16,,87369,19,,,0,16,,87348,19,,,0,56,,87368,19,,,0,15,,87367,19,,,0,15,,87347,19,,,0,15,,87346,19,,,0,55,,87387,19,,,0,15,,87366,19,,,0,15,,87344,19,,,0,16,,87364,19,,,0,55,,87365,19,,,0,15,,87342,19,,,0,15,,87343,19,,,0,15,,87386,19,,,0,55,,87363,19,,,0,15,,87341,19,,,0,15,,87362,19,,,0,15,,87361,19,,,0,55,,87339,19,,,0,15,,87340,19,,,0,15,,87385,19,,,0,14,,87360,19,,,0,55,,87335,19,,,0,15,,87356,19,,,0,15,,87358,19,,,0,15,,87337,19,,,0,55,,87338,19,,,0,15,,87384,19,,,0,14,,87357,19,,,0,15,,87336,19,,,0,55,,87355,19,,,0,15,,87359,19,,,0,15,,87354,19,,,0,18,,87381,19,,,0,60,,87382,19,,,0,20,,87383,19,,,0,20,,87380,19,,,0,60,,87379,19,,,0,20,,87393,19,,,0,20,,87392,19,,,0,60,,87394,19,,,0,23,,87395,19,,,0,70,,87396,19,,,0,30,,87397,19,,,0,70,,87398,19,,,0,30,,87399,19,,,0,69,,87400,19,,,0,29,,87401,19,,,0,70,,87402,19,,,0,30,,87403,19,,,0
1500,'5460',654,,87444,19,,,0,70,,87443,19,,,0,28,,87419,19,,,0,61,,87422,19,,,0,17,,87460,19,,,0,16,,87409,19,,,0,55,,87421,19,,,0,15,,87408,19,,,0,15,,87404,19,,,0,15,,87423,19,,,0,55,,87413,19,,,0,15,,87425,19,,,0,15,,87405,19,,,0,15,,87410,19,,,0,55,,87406,19,,,0,15,,87407,19,,,0,15,,87428,19,,,0,15,,87417,19,,,0,55,,87426,19,,,0,15,,87414,19,,,0,15,,87416,19,,,0,15,,87411,19,,,0,55,,87412,19,,,0,15,,87429,19,,,0,15,,87418,19,,,0,16,,87430,19,,,0,55,,87415,19,,,0,14,,87431,19,,,0,15,,87432,19,,,0,15,,87427,19,,,0,55,,87442,19,,,0,15,,87438,19,,,0,15,,87436,19,,,0,15,,87434,19,,,0,55,,87439,19,,,0,15,,87441,19,,,0,15,,87435,19,,,0,15,,87437,19,,,0,55,,87440,19,,,0,14,,87433,19,,,0,15,,87420,19,,,0,15,,87424,19,,,0,55,,87448,19,,,0,15,,87447,19,,,0,15,,87446,19,,,0,15,,87450,19,,,0,55,,87455,19,,,0,20,,87452,19,,,0,20,,87445,19,,,0,60,,87451,19,,,0,19,,87454,19,,,0,27,,87453,19,,,0,69,,87449,19,,,0,30,,87456,19,,,0,70,,87457,19,,,0,29,,87459,19,,,0,70,,87458,19,,,0
1500,'5461',654,,87501,19,,,0,70,,87500,19,,,0,28,,87476,19,,,0,61,,87479,19,,,0,17,,87517,19,,,0,16,,87466,19,,,0,55,,87478,19,,,0,15,,87465,19,,,0,15,,87461,19,,,0,15,,87480,19,,,0,55,,87470,19,,,0,15,,87482,19,,,0,15,,87462,19,,,0,15,,87467,19,,,0,55,,87463,19,,,0,15,,87464,19,,,0,15,,87485,19,,,0,15,,87474,19,,,0,55,,87483,19,,,0,15,,87471,19,,,0,15,,87473,19,,,0,15,,87468,19,,,0,55,,87469,19,,,0,15,,87486,19,,,0,15,,87475,19,,,0,16,,87487,19,,,0,55,,87472,19,,,0,14,,87488,19,,,0,15,,87489,19,,,0,15,,87484,19,,,0,55,,87499,19,,,0,15,,87495,19,,,0,15,,87493,19,,,0,15,,87491,19,,,0,55,,87496,19,,,0,15,,87498,19,,,0,15,,87492,19,,,0,15,,87494,19,,,0,55,,87497,19,,,0,14,,87490,19,,,0,15,,87477,19,,,0,15,,87481,19,,,0,55,,87505,19,,,0,15,,87504,19,,,0,15,,87503,19,,,0,15,,87507,19,,,0,55,,87512,19,,,0,20,,87509,19,,,0,20,,87502,19,,,0,60,,87508,19,,,0,19,,87511,19,,,0,27,,87510,19,,,0,69,,87506,19,,,0,30,,87513,19,,,0,70,,87514,19,,,0,29,,87516,19,,,0,70,,87515,19,,,0
1500,'5462',654,,87558,19,,,0,70,,87557,19,,,0,28,,87533,19,,,0,61,,87536,19,,,0,17,,87574,19,,,0,16,,87523,19,,,0,55,,87535,19,,,0,15,,87522,19,,,0,15,,87518,19,,,0,15,,87537,19,,,0,55,,87527,19,,,0,15,,87539,19,,,0,15,,87519,19,,,0,15,,87524,19,,,0,55,,87520,19,,,0,15,,87521,19,,,0,15,,87542,19,,,0,15,,87531,19,,,0,55,,87540,19,,,0,15,,87528,19,,,0,15,,87530,19,,,0,15,,87525,19,,,0,55,,87526,19,,,0,15,,87543,19,,,0,15,,87532,19,,,0,16,,87544,19,,,0,55,,87529,19,,,0,14,,87545,19,,,0,15,,87546,19,,,0,15,,87541,19,,,0,55,,87556,19,,,0,15,,87552,19,,,0,15,,87550,19,,,0,15,,87548,19,,,0,55,,87553,19,,,0,15,,87555,19,,,0,15,,87549,19,,,0,15,,87551,19,,,0,55,,87554,19,,,0,14,,87547,19,,,0,15,,87534,19,,,0,15,,87538,19,,,0,55,,87562,19,,,0,15,,87561,19,,,0,15,,87560,19,,,0,15,,87564,19,,,0,55,,87569,19,,,0,20,,87566,19,,,0,20,,87559,19,,,0,60,,87565,19,,,0,19,,87568,19,,,0,27,,87567,19,,,0,69,,87563,19,,,0,30,,87570,19,,,0,70,,87571,19,,,0,29,,87573,19,,,0,70,,87572,19,,,0
1500,'5463',654,,87615,19,,,0,70,,87614,19,,,0,28,,87590,19,,,0,61,,87593,19,,,0,17,,87631,19,,,0,16,,87580,19,,,0,55,,87592,19,,,0,15,,87579,19,,,0,15,,87575,19,,,0,15,,87594,19,,,0,55,,87584,19,,,0,15,,87596,19,,,0,15,,87576,19,,,0,15,,87581,19,,,0,55,,87577,19,,,0,15,,87578,19,,,0,15,,87599,19,,,0,15,,87588,19,,,0,55,,87597,19,,,0,15,,87585,19,,,0,15,,87587,19,,,0,15,,87582,19,,,0,55,,87583,19,,,0,15,,87600,19,,,0,15,,87589,19,,,0,16,,87601,19,,,0,55,,87586,19,,,0,14,,87602,19,,,0,15,,87603,19,,,0,15,,87598,19,,,0,55,,87613,19,,,0,15,,87609,19,,,0,15,,87607,19,,,0,15,,87605,19,,,0,55,,87610,19,,,0,15,,87612,19,,,0,15,,87606,19,,,0,15,,87608,19,,,0,55,,87611,19,,,0,14,,87604,19,,,0,15,,87591,19,,,0,15,,87595,19,,,0,55,,87619,19,,,0,15,,87618,19,,,0,15,,87617,19,,,0,15,,87621,19,,,0,55,,87626,19,,,0,20,,87623,19,,,0,20,,87616,19,,,0,60,,87622,19,,,0,19,,87625,19,,,0,27,,87624,19,,,0,69,,87620,19,,,0,30,,87627,19,,,0,70,,87628,19,,,0,29,,87630,19,,,0,70,,87629,19,,,0
2201,'5456',619,,88749,48,,,0,29,,88752,48,,,0,90,,88756,40,,,0,67,,88750,54,,,0,32,,88751,54,,,0,71,,88753,54,,,0,100,,88755,54,,,0,30,,88754,54,,,0,70,,88757,54,,,0,98,,88758,54,,,0,30,,88759,40,,,0,69,,88760,40,,,0,100,,88761,40,,,0,32,,88762,40,,,0,102,,88763,40,,,0,71,,88764,40,,,0,30,,88765,40,,,0,97,,88766,40,,,0,76,,88767,40,,,0,98,,88768,40,,,0,31,,88769,40,,,0,101,,88771,40,,,0,71,,88770,40,,,0
2201,'5458',619,,88773,48,,,0,29,,88776,48,,,0,90,,88780,40,,,0,67,,88774,54,,,0,32,,88775,54,,,0,71,,88777,54,,,0,100,,88779,54,,,0,30,,88778,54,,,0,70,,88781,54,,,0,98,,88782,54,,,0,30,,88783,40,,,0,69,,88784,40,,,0,100,,88785,40,,,0,32,,88786,40,,,0,102,,88787,40,,,0,71,,88788,40,,,0,30,,88789,40,,,0,97,,88790,40,,,0,76,,88791,40,,,0,98,,88792,40,,,0,31,,88793,40,,,0,101,,88795,40,,,0,71,,88794,40,,,0
2201,'5459',736,,88807,40,,,0,79,,88818,40,,,0,29,,88803,40,,,0,69,,88797,40,,,0,31,,88806,40,,,0,70,,88819,40,,,0,29,,88802,40,,,0,69,,88801,40,,,0,31,,88804,40,,,0,69,,88799,40,,,0,28,,88823,40,,,0,70,,88800,40,,,0,29,,88805,40,,,0,70,,88798,40,,,0,30,,88811,40,,,0,70,,88822,40,,,0,29,,88813,40,,,0,71,,88809,40,,,0,31,,88812,40,,,0,74,,88814,40,,,0,31,,88810,40,,,0,71,,88808,40,,,0,30,,88816,40,,,0,71,,88815,40,,,0,27,,88821,40,,,0,68,,88817,40,,,0,32,,88824,40,,,0,70,,88820,40,,,0
2201,'5460',805,,88834,40,,,0,40,,88835,40,,,0,69,,88827,40,,,0,28,,88828,40,,,0,70,,88837,40,,,0,30,,88836,40,,,0,69,,88826,40,,,0,30,,88830,40,,,0,70,,88831,40,,,0,30,,88829,40,,,0,68,,88833,40,,,0,30,,88832,40,,,0,70,,88839,40,,,0,30,,88840,40,,,0,70,,88838,40,,,0,30,,88842,40,,,0,74,,88841,40,,,0,30,,88844,40,,,0,70,,88843,40,,,0,30,,88845,40,,,0,72,,88846,40,,,0,30,,88847,40,,,0
2201,'5461',805,,88859,40,,,0,40,,88860,40,,,0,69,,88852,40,,,0,28,,88853,40,,,0,70,,88862,40,,,0,30,,88861,40,,,0,69,,88851,40,,,0,30,,88855,40,,,0,70,,88856,40,,,0,30,,88854,40,,,0,68,,88858,40,,,0,30,,88857,40,,,0,70,,88864,40,,,0,30,,88865,40,,,0,70,,88863,40,,,0,30,,88867,40,,,0,74,,88866,40,,,0,30,,88869,40,,,0,70,,88868,40,,,0,30,,88870,40,,,0,72,,88871,40,,,0,30,,88872,40,,,0
2201,'5462',805,,88884,40,,,0,40,,88885,40,,,0,69,,88877,40,,,0,28,,88878,40,,,0,70,,88887,40,,,0,30,,88886,40,,,0,69,,88876,40,,,0,30,,88880,40,,,0,70,,88881,40,,,0,30,,88879,40,,,0,68,,88883,40,,,0,30,,88882,40,,,0,70,,88889,40,,,0,30,,88890,40,,,0,70,,88888,40,,,0,30,,88892,40,,,0,74,,88891,40,,,0,30,,88894,40,,,0,70,,88893,40,,,0,30,,88895,40,,,0,72,,88896,40,,,0,30,,88897,40,,,0
2201,'5463',805,,88909,40,,,0,40,,88910,40,,,0,69,,88902,40,,,0,28,,88903,40,,,0,70,,88912,40,,,0,30,,88911,40,,,0,69,,88901,40,,,0,30,,88905,40,,,0,70,,88906,40,,,0,30,,88904,40,,,0,68,,88908,40,,,0,30,,88907,40,,,0,70,,88914,40,,,0,30,,88915,40,,,0,70,,88913,40,,,0,30,,88917,40,,,0,74,,88916,40,,,0,30,,88919,40,,,0,70,,88918,40,,,0,30,,88920,40,,,0,72,,88921,40,,,0,30,,88922,40,,,0
1000600,'5456',558,,97932,2,,,0,97,,97934,2,,,0,88,,97933,2,,,0,80,,97935,2,,,0,79,,97940,2,,,0,47,,97936,2,,,0,86,,97937,2,,,0,87,,97938,2,,,0,88,,97939,2,,,0,49,,97941,2,,,0,90,,97942,2,,,0,82,,97943,2,,,0,80,,97944,2,,,0,29,,97945,2,,,0,71,,97946,2,,,0,30,,97947,2,,,0,69,,97948,2,,,0,29,,97949,2,,,0,72,,97950,2,,,0,46,,97951,2,,,0,96,,97952,2,,,0,94,,97953,2,,,0,94,,97954,2,,,0,110,,97955,2,,,0,100,,97956,2,,,0
1000600,'5458',558,,97957,2,,,0,97,,97959,2,,,0,88,,97958,2,,,0,80,,97960,2,,,0,79,,97965,2,,,0,47,,97961,2,,,0,86,,97962,2,,,0,87,,97963,2,,,0,88,,97964,2,,,0,49,,97966,2,,,0,90,,97967,2,,,0,82,,97968,2,,,0,80,,97969,2,,,0,29,,97970,2,,,0,71,,97971,2,,,0,30,,97972,2,,,0,69,,97973,2,,,0,29,,97974,2,,,0,72,,97975,2,,,0,46,,97976,2,,,0,96,,97977,2,,,0,94,,97978,2,,,0,94,,97979,2,,,0,110,,97980,2,,,0,100,,97981,2,,,0
1000600,'5459',641,,97982,2,,,0,98,,97983,2,,,0,110,,97984,2,,,0,98,,97985,2,,,0,102,,97986,2,,,0,88,,97987,2,,,0,88,,97988,2,,,0,88,,97989,2,,,0,46,,97990,2,,,0,80,,97991,2,,,0,83,,97992,2,,,0,81,,97993,2,,,0,41,,97995,2,,,0,97,,97994,2,,,0,100,,97996,2,,,0,98,,97997,2,,,0,105,,97998,2,,,0,93,,97999,2,,,0,164,,98000,2,,,0,55,,98001,2,,,0
1000600,'5460',731,,98010,2,,,0,110,,98011,2,,,0,100,,98016,2,,,0,104,,98002,2,,,0,101,,98005,2,,,0,103,,98003,2,,,0,100,,98017,2,,,0,100,,98004,2,,,0,100,,98006,2,,,0,100,,98007,2,,,0,100,,98009,2,,,0,98,,98008,2,,,0,111,,98012,2,,,0,91,,98013,2,,,0,152,,98015,2,,,0,55,,98014,2,,,0
1000600,'5461',731,,98026,2,,,0,110,,98027,2,,,0,100,,98032,2,,,0,104,,98018,2,,,0,101,,98021,2,,,0,103,,98019,2,,,0,100,,98033,2,,,0,100,,98020,2,,,0,100,,98022,2,,,0,100,,98023,2,,,0,100,,98025,2,,,0,98,,98024,2,,,0,111,,98028,2,,,0,91,,98029,2,,,0,152,,98031,2,,,0,55,,98030,2,,,0
1000600,'5462',731,,98042,2,,,0,110,,98043,2,,,0,100,,98048,2,,,0,104,,98034,2,,,0,101,,98037,2,,,0,103,,98035,2,,,0,100,,98049,2,,,0,100,,98036,2,,,0,100,,98038,2,,,0,100,,98039,2,,,0,100,,98041,2,,,0,98,,98040,2,,,0,111,,98044,2,,,0,91,,98045,2,,,0,152,,98047,2,,,0,55,,98046,2,,,0
1000600,'5463',731,,98058,2,,,0,110,,98059,2,,,0,100,,98064,2,,,0,104,,98050,2,,,0,101,,98053,2,,,0,103,,98051,2,,,0,100,,98065,2,,,0,100,,98052,2,,,0,100,,98054,2,,,0,100,,98055,2,,,0,100,,98057,2,,,0,98,,98056,2,,,0,111,,98060,2,,,0,91,,98061,2,,,0,152,,98063,2,,,0,55,,98062,2,,,0
1002201,'5456',719,,98207,42,,,0,218,,98208,42,,,0,200,,98209,42,,,0,198,,98210,28,,,0,174,,98211,28,,,0,200,,98212,28,,,0,132,,98214,28,,,0,172,,98215,28,,,0
1002201,'5458',719,,98216,42,,,0,218,,98217,42,,,0,200,,98218,42,,,0,198,,98219,28,,,0,174,,98221,28,,,0,200,,98222,28,,,0,132,,98223,28,,,0,172,,98224,28,,,0
2000600,'5456',628,,98346,2,,,0,91,,98349,2,,,0,84,,98347,2,,,0,39,,98350,2,,,0,83,,98348,2,,,0,87,,98351,2,,,0,47,,98352,2,,,0,87,,98354,2,,,0,88,,98353,2,,,0,90,,98355,2,,,0,87,,98356,2,,,0,40,,98358,2,,,0,74,,98357,2,,,0,32,,98359,2,,,0,70,,98360,2,,,0,28,,98361,2,,,0,70,,98362,2,,,0,31,,98363,2,,,0,77,,98364,2,,,0,90,,98365,2,,,0
2000600,'5458',628,,98366,2,,,0,91,,98369,2,,,0,84,,98367,2,,,0,39,,98370,2,,,0,83,,98368,2,,,0,87,,98371,2,,,0,47,,98372,2,,,0,87,,98374,2,,,0,88,,98373,2,,,0,90,,98375,2,,,0,87,,98376,2,,,0,40,,98378,2,,,0,74,,98377,2,,,0,32,,98379,2,,,0,70,,98380,2,,,0,28,,98381,2,,,0,70,,98382,2,,,0,31,,98383,2,,,0,77,,98384,2,,,0,90,,98385,2,,,0
