7201,'5456',558,,95769,35,,,0,80,,95772,35,,,0,70,,95770,35,,,0,32,,95774,35,,,0,72,,95784,35,,,0,21,,95779,35,,,0,67,,95771,35,,,0,30,,95773,35,,,0,70,,95777,35,,,0,30,,95775,35,,,0,70,,95776,35,,,0,33,,95783,35,,,0,70,,95778,35,,,0,30,,95780,35,,,0,71,,95781,35,,,0,30,,95788,35,,,0,70,,95791,35,,,0,31,,95782,35,,,0,71,,95793,35,,,0,30,,95797,35,,,0,71,,95785,35,,,0,27,,95786,35,,,0,70,,95792,35,,,0,31,,95800,35,,,0,70,,95787,35,,,0,28,,95794,35,,,0,70,,95796,35,,,0,29,,95789,35,,,0,70,,95790,35,,,0,30,,95799,35,,,0,70,,95801,35,,,0,30,,95795,35,,,0
7201,'5457',1445,,95802,31,,,0
7201,'5458',558,,95803,35,,,0,80,,95806,35,,,0,70,,95804,35,,,0,32,,95808,35,,,0,72,,95819,35,,,0,21,,95813,35,,,0,67,,95805,35,,,0,30,,95807,35,,,0,70,,95811,35,,,0,30,,95809,35,,,0,70,,95810,35,,,0,33,,95818,35,,,0,70,,95812,35,,,0,30,,95814,35,,,0,71,,95815,35,,,0,30,,95823,35,,,0,70,,95826,35,,,0,31,,95817,35,,,0,10,,95816,31,,,0,61,,95828,35,,,0,30,,95832,35,,,0,71,,95820,35,,,0,27,,95821,35,,,0,70,,95827,35,,,0,31,,95835,35,,,0,70,,95822,35,,,0,28,,95829,35,,,0,70,,95831,35,,,0,29,,95824,35,,,0,70,,95825,35,,,0,30,,95834,35,,,0,70,,95836,35,,,0,30,,95830,35,,,0
7201,'5459',625,,95865,35,,,0,103,,95838,35,,,0,99,,95839,35,,,0,73,,95840,35,,,0,31,,95841,35,,,0,70,,95842,35,,,0,31,,95843,35,,,0,69,,95844,35,,,0,31,,95845,35,,,0,70,,95846,35,,,0,30,,95837,35,,,0,70,,95847,35,,,0,30,,95848,35,,,0,71,,95849,35,,,0,34,,95850,35,,,0,71,,95851,35,,,0,29,,95852,35,,,0,71,,95853,35,,,0,29,,95854,35,,,0,66,,95855,35,,,0,28,,95856,35,,,0,70,,95857,35,,,0,29,,95858,35,,,0,70,,95859,35,,,0,29,,95860,35,,,0,30,,95861,35,,,0,71,,95862,35,,,0,29,,95863,35,,,0,70,,95864,35,,,0
7201,'5460',727,,95867,35,,,0,100,,95868,35,,,0,100,,95869,35,,,0,105,,95870,35,,,0,100,,95872,35,,,0,70,,95873,35,,,0,30,,95866,35,,,0,69,,95871,35,,,0,30,,95874,35,,,0,70,,95876,35,,,0,30,,95877,35,,,0,71,,95878,35,,,0,30,,95875,35,,,0,70,,95879,35,,,0,29,,95880,35,,,0,70,,95881,35,,,0,34,,95882,35,,,0,68,,95883,35,,,0,32,,95884,35,,,0,70,,95885,35,,,0,30,,95887,35,,,0,69,,95886,35,,,0,30,,95888,35,,,0,70,,95889,35,,,0,30,,95890,35,,,0
7201,'5461',727,,95892,35,,,0,100,,95893,35,,,0,100,,95894,35,,,0,105,,95895,35,,,0,100,,95897,35,,,0,70,,95898,35,,,0,30,,95891,35,,,0,69,,95896,35,,,0,30,,95899,35,,,0,70,,95901,35,,,0,30,,95902,35,,,0,71,,95903,35,,,0,30,,95900,35,,,0,70,,95904,35,,,0,29,,95905,35,,,0,70,,95906,35,,,0,34,,95907,35,,,0,68,,95908,35,,,0,32,,95909,35,,,0,70,,95910,35,,,0,30,,95912,35,,,0,69,,95911,35,,,0,30,,95913,35,,,0,70,,95914,35,,,0,30,,95915,35,,,0
7201,'5462',727,,95917,35,,,0,100,,95918,35,,,0,100,,95919,35,,,0,105,,95920,35,,,0,100,,95922,35,,,0,70,,95923,35,,,0,30,,95916,35,,,0,69,,95921,35,,,0,30,,95924,35,,,0,70,,95926,35,,,0,30,,95927,35,,,0,71,,95928,35,,,0,30,,95925,35,,,0,70,,95929,35,,,0,29,,95930,35,,,0,70,,95931,35,,,0,34,,95932,35,,,0,68,,95933,35,,,0,32,,95934,35,,,0,70,,95935,35,,,0,30,,95937,35,,,0,69,,95936,35,,,0,30,,95938,35,,,0,70,,95939,35,,,0,30,,95940,35,,,0
7201,'5463',727,,95942,35,,,0,100,,95943,35,,,0,100,,95944,35,,,0,105,,95945,35,,,0,100,,95947,35,,,0,70,,95948,35,,,0,30,,95941,35,,,0,69,,95946,35,,,0,30,,95949,35,,,0,70,,95951,35,,,0,30,,95952,35,,,0,71,,95953,35,,,0,30,,95950,35,,,0,70,,95954,35,,,0,29,,95955,35,,,0,70,,95956,35,,,0,34,,95957,35,,,0,68,,95958,35,,,0,32,,95959,35,,,0,70,,95960,35,,,0,30,,95962,35,,,0,69,,95961,35,,,0,30,,95963,35,,,0,70,,95964,35,,,0,30,,95965,35,,,0
7501,'5456',532,,96154,2,,,0,70,,96151,2,,,0,22,,96152,2,,,0,18,,96156,2,,,0,62,,96158,2,,,0,26,,96153,2,,,0,17,,96163,2,,,0,56,,96160,2,,,0,30,,96155,2,,,0,70,,96157,2,,,0,39,,96159,2,,,0,70,,96161,2,,,0,33,,96162,2,,,0,68,,96164,2,,,0,30,,96165,2,,,0,70,,96166,2,,,0,30,,96167,2,,,0,70,,96168,2,,,0,30,,96169,2,,,0,69,,96170,2,,,0,31,,96171,2,,,0,59,,96187,2,,,0,11,,96172,2,,,0,20,,96174,2,,,0,14,,96173,2,,,0,54,,96182,2,,,0,16,,96175,2,,,0,28,,96176,2,,,0,68,,96177,2,,,0,30,,96178,2,,,0,99,,96179,2,,,0,98,,96180,2,,,0,100,,96181,2,,,0,99,,96183,2,,,0,95,,96184,2,0,28 29 14,0,99,,96185,2,0,28 29 14,0
7501,'5458',532,,96191,2,,,0,70,,96188,2,,,0,22,,96189,2,,,0,18,,96193,2,,,0,62,,96195,2,,,0,26,,96190,2,,,0,17,,96200,2,,,0,56,,96197,2,,,0,30,,96192,2,,,0,70,,96194,2,,,0,39,,96196,2,,,0,70,,96198,2,,,0,33,,96199,2,,,0,68,,96201,2,,,0,30,,96202,2,,,0,70,,96203,2,,,0,30,,96204,2,,,0,70,,96205,2,,,0,30,,96206,2,,,0,69,,96207,2,,,0,31,,96208,2,,,0,59,,96224,2,,,0,11,,96209,2,,,0,20,,96211,2,,,0,14,,96210,2,,,0,54,,96219,2,,,0,16,,96212,2,,,0,28,,96213,2,,,0,68,,96214,2,,,0,30,,96215,2,,,0,99,,96216,2,,,0,98,,96217,2,,,0,100,,96218,2,,,0,99,,96220,2,,,0,95,,96221,2,0,28 29 14,0,99,,96222,2,0,28 29 14,0
7501,'5459',732,,96226,2,,,0,100,,96227,2,,,0,108,,96228,2,,,0,103,,96229,2,,,0,100,,96230,2,,,0,70,,96231,2,,,0,30,,96232,2,,,0,70,,96233,2,,,0,30,,96234,2,,,0,74,,96235,2,,,0,30,,96236,2,,,0,70,,96237,2,,,0,30,,96238,2,,,0,70,,96239,2,,,0,30,,96240,2,,,0,96,,96241,2,,,0,97,,96242,2,,,0,99,,96243,2,,,0,100,,96244,2,,,0,100,,96245,2,,,0,95,,96246,2,0,28 29 14,0,99,,96247,2,0,28 29 14,0
7501,'5460',730,,96249,2,0,28 29 14,0,103,,96250,2,,,0,105,,96251,2,,,0,101,,96252,2,,,0,102,,96253,2,,,0,71,,96254,2,,,0,30,,96255,2,,,0,70,,96256,2,,,0,30,,96257,2,,,0,70,,96258,2,,,0,31,,96259,2,,,0,70,,96260,2,,,0,30,,96261,2,,,0,100,,96262,2,,,0,102,,96263,2,,,0,100,,96264,2,,,0,100,,96265,2,,,0,99,,96266,2,,,0,100,,96267,2,,,0,90,,96268,2,0,28 29 14,0,112,,96269,2,0,28 29 14,0
7501,'5461',730,,96271,2,0,28 29 14,0,103,,96272,2,,,0,105,,96273,2,,,0,101,,96274,2,,,0,102,,96275,2,,,0,71,,96276,2,,,0,30,,96277,2,,,0,70,,96278,2,,,0,30,,96279,2,,,0,70,,96280,2,,,0,31,,96281,2,,,0,70,,96282,2,,,0,30,,96283,2,,,0,100,,96284,2,,,0,102,,96285,2,,,0,100,,96286,2,,,0,100,,96287,2,,,0,99,,96288,2,,,0,100,,96289,2,,,0,90,,96290,2,0,28 29 14,0,112,,96291,2,0,28 29 14,0
7501,'5462',730,,96293,2,0,28 29 14,0,103,,96294,2,,,0,105,,96295,2,,,0,101,,96296,2,,,0,102,,96297,2,,,0,71,,96298,2,,,0,30,,96299,2,,,0,70,,96300,2,,,0,30,,96301,2,,,0,70,,96302,2,,,0,31,,96303,2,,,0,70,,96304,2,,,0,30,,96305,2,,,0,100,,96306,2,,,0,102,,96307,2,,,0,100,,96308,2,,,0,100,,96309,2,,,0,99,,96310,2,,,0,100,,96311,2,,,0,90,,96312,2,0,28 29 14,0,112,,96313,2,0,28 29 14,0
7501,'5463',730,,96315,2,0,28 29 14,0,103,,96316,2,,,0,105,,96317,2,,,0,101,,96318,2,,,0,102,,96319,2,,,0,71,,96320,2,,,0,30,,96321,2,,,0,70,,96322,2,,,0,30,,96323,2,,,0,70,,96324,2,,,0,31,,96325,2,,,0,70,,96326,2,,,0,30,,96327,2,,,0,100,,96328,2,,,0,102,,96329,2,,,0,100,,96330,2,,,0,100,,96331,2,,,0,99,,96332,2,,,0,100,,96333,2,,,0,90,,96334,2,0,28 29 14,0,112,,96335,2,0,28 29 14,0
1007201,'5456',2237,,98265,38,,,0,99,,98267,38,,,0,99,,98266,38,,,0
1007201,'5458',2237,,98268,38,,,0,99,,98270,38,,,0,99,,98269,38,,,0
1007201,'5459',2238,,98271,38,,,0,98,,98272,38,,,0,99,,98273,38,,,0
1007201,'5460',2237,,98274,38,,,0,99,,98275,38,,,0
1007201,'5461',2237,,98276,38,,,0,99,,98277,38,,,0
1007201,'5462',2237,,98278,38,,,0,99,,98279,38,,,0
1007201,'5463',2237,,98280,38,,,0,99,,98281,38,,,0
