7200,'5456',641,,103614,41,,,0,79,,103620,41,,,0,28,,103610,41,,,0,70,,103611,41,,,0,30,,103618,41,,,0,71,,103612,41,,,0,29,,103613,41,,,0,70,,103622,41,,,0,31,,103615,41,,,0,69,,103616,41,,,0,31,,103617,41,,,0,68,,103626,41,,,0,30,,103630,41,,,0,69,,103619,41,,,0,30,,103632,41,,,0,70,,103637,41,,,0,30,,103621,41,,,0,70,,103624,41,,,0,31,,103627,41,,,0,70,,103640,41,,,0,29,,103623,41,,,0,71,,103633,41,,,0,30,,103635,41,,,0,73,,103625,41,,,0,28,,103628,41,,,0,71,,103638,41,,,0,29,,103641,41,,,0,70,,103629,41,,,0,33,,103636,41,,,0,70,,103631,41,,,0,99,,103639,41,,,0,100,,103634,41,,,0,116,,95600,41,0,10 11 12,0
7200,'5458',641,,103646,41,,,0,79,,103652,41,,,0,28,,103642,41,,,0,70,,103643,41,,,0,30,,103650,41,,,0,71,,103644,41,,,0,29,,103645,41,,,0,70,,103654,41,,,0,31,,103647,41,,,0,69,,103648,41,,,0,31,,103649,41,,,0,68,,103658,41,,,0,30,,103662,41,,,0,69,,103651,41,,,0,30,,103664,41,,,0,70,,103669,41,,,0,30,,103653,41,,,0,70,,103656,41,,,0,31,,103659,41,,,0,70,,103672,41,,,0,29,,103655,41,,,0,71,,103665,41,,,0,30,,103667,41,,,0,73,,103657,41,,,0,28,,103660,41,,,0,71,,103670,41,,,0,29,,103673,41,,,0,70,,103661,41,,,0,33,,103668,41,,,0,70,,103663,41,,,0,99,,103671,41,,,0,100,,103666,41,,,0,116,,95633,41,0,10 11 12,0
7200,'5459',753,,103674,41,,,0,69,,103675,41,,,0,29,,103676,41,,,0,70,,95637,41,,,0,30,,103677,41,,,0,70,,103678,41,,,0,30,,103679,41,,,0,68,,103680,41,,,0,30,,103681,41,,,0,70,,103682,41,,,0,30,,103683,41,,,0,70,,103684,41,,,0,29,,103685,41,,,0,70,,103686,41,,,0,30,,103687,41,,,0,70,,103688,41,,,0,30,,103689,41,,,0,70,,103690,41,,,0,30,,103691,41,,,0,70,,103692,41,,,0,30,,103693,41,,,0,70,,95655,41,,,0,30,,95656,41,,,0,70,,103694,41,,,0,31,,103695,41,,,0,71,,103696,41,,,0,30,,103697,41,,,0,70,,95661,41,,,0,100,,103698,41,,,0,100,,103699,41,,,0,118,,95664,41,0,10 11 12,0
7200,'5460',821,,103700,41,,,0,100,,103703,41,,,0,99,,103701,41,,,0,99,,103702,41,,,0,30,,103704,41,,,0,70,,103705,41,,,0,30,,103706,41,,,0,69,,103707,41,,,0,30,,103708,41,,,0,70,,103709,41,,,0,30,,103710,41,,,0,70,,103711,41,,,0,30,,103712,41,,,0,70,,103713,41,,,0,30,,103714,41,,,0,70,,103715,41,,,0,31,,103716,41,,,0,70,,95682,41,,,0,31,,103717,41,,,0,70,,103718,41,,,0,30,,103719,41,,,0,71,,95686,41,,,0,99,,95687,41,,,0,100,,103720,41,,,0,102,,95689,41,,,0,35,,103721,41,0,10 11 12,0
7200,'5461',821,,103722,41,,,0,100,,103725,41,,,0,99,,103723,41,,,0,99,,103724,41,,,0,30,,103726,41,,,0,70,,103727,41,,,0,30,,103728,41,,,0,69,,103729,41,,,0,30,,103730,41,,,0,70,,103731,41,,,0,30,,103732,41,,,0,70,,103733,41,,,0,30,,103734,41,,,0,70,,103735,41,,,0,30,,103736,41,,,0,70,,103737,41,,,0,31,,103738,41,,,0,70,,103739,41,,,0,31,,103740,41,,,0,70,,103741,41,,,0,30,,103742,41,,,0,71,,103743,41,,,0,99,,103744,41,,,0,100,,103745,41,,,0,102,,103746,41,,,0,35,,95716,41,0,10 11 12,0
7200,'5462',821,,103747,41,,,0,100,,103750,41,,,0,99,,103748,41,,,0,99,,103749,41,,,0,30,,103751,41,,,0,70,,103752,41,,,0,30,,103753,41,,,0,69,,103754,41,,,0,30,,103755,41,,,0,70,,103756,41,,,0,30,,103757,41,,,0,70,,103758,41,,,0,30,,103759,41,,,0,70,,103760,41,,,0,30,,103761,41,,,0,70,,103762,41,,,0,31,,103763,41,,,0,70,,103764,41,,,0,31,,103765,41,,,0,70,,103766,41,,,0,30,,103767,41,,,0,71,,103768,41,,,0,99,,103769,41,,,0,100,,103770,41,,,0,102,,103771,41,,,0,35,,95742,41,0,10 11 12,0
7200,'5463',821,,103772,41,,,0,100,,103775,41,,,0,99,,103773,41,,,0,99,,103774,41,,,0,30,,103776,41,,,0,70,,103777,41,,,0,30,,103778,41,,,0,69,,103779,41,,,0,30,,103780,41,,,0,70,,103781,41,,,0,30,,103782,41,,,0,70,,103783,41,,,0,30,,103784,41,,,0,70,,103785,41,,,0,30,,103786,41,,,0,70,,103787,41,,,0,31,,103788,41,,,0,70,,95760,41,,,0,31,,103789,41,,,0,70,,103790,41,,,0,30,,103791,41,,,0,71,,103792,41,,,0,99,,95765,41,,,0,100,,103793,41,,,0,102,,103794,41,,,0,35,,95768,41,0,10 11 12,0
1007200,'5456',612,,105685,44,,,0
1007200,'5458',612,,105686,44,,,0
1007200,'5459',622,,105687,44,,,0,99,,105688,44,,,0
1007200,'5460',721,,98261,44,,,0
1007200,'5461',721,,105689,44,,,0
1007200,'5462',721,,105690,44,,,0
1007200,'5463',721,,105691,44,,,0
