3200,'5456',640,,102346,3,,,0,81,,92208,3,,,0,80,,92210,3,,,0,110,,102347,3,,,0,100,,102348,3,,,0,105,,102349,3,,,0,105,,102350,3,,,0,105,,102351,3,,,0,107,,102352,3,,,0,111,,102353,3,,,0,103,,92215,3,,,0,72,,102354,23,,,0,32,,92214,3,,,0,150,,92216,3,,,0,100,,92219,3,,,0,100,,92218,3,,,0,100,,105832,3,,,0
3200,'5458',640,,102355,3,,,0,81,,92225,3,,,0,80,,92227,3,,,0,110,,102356,3,,,0,100,,102357,3,,,0,105,,102358,3,,,0,105,,102359,3,,,0,105,,102360,3,,,0,107,,102361,3,,,0,111,,102362,3,,,0,103,,92232,3,,,0,72,,102363,23,,,0,32,,92231,3,,,0,150,,92233,3,,,0,100,,92236,3,,,0,100,,92235,3,,,0,100,,105833,3,,,0
3200,'5459',801,,92242,3,,,0,100,,102366,3,,,0,100,,92249,3,,,0,100,,92240,3,,,0,100,,92243,3,,,0,101,,92246,3,,,0,100,,102368,3,,,0,100,,92241,3,,,0,100,,102365,3,,,0,99,,92247,3,,,0,100,,92251,3,,,0,100,,102367,3,,,0,100,,92252,3,,,0,100,,102364,3,,,0,100,,92239,3,,,0
3200,'5460',801,,102369,3,,,0,100,,102370,3,,,0,100,,92255,3,,,0,100,,92257,3,,,0,100,,92258,3,,,0,101,,92256,3,,,0,100,,92262,3,,,0,100,,92261,3,,,0,100,,102371,3,,,0,99,,92260,3,,,0,100,,102373,3,,,0,100,,102372,3,,,0
3200,'5461',801,,92265,3,,,0,100,,92266,3,,,0,100,,92267,3,,,0,100,,102374,3,,,0,100,,92270,3,,,0,101,,92268,3,,,0,100,,92274,3,,,0,100,,92273,3,,,0,100,,92271,3,,,0,99,,102375,3,,,0,100,,102377,3,,,0,100,,102376,3,,,0
3200,'5462',801,,92277,3,,,0,100,,92278,3,,,0,100,,92279,3,,,0,100,,102378,3,,,0,100,,92282,3,,,0,101,,92280,3,,,0,100,,92286,3,,,0,100,,92285,3,,,0,100,,92283,3,,,0,99,,102379,3,,,0,100,,102381,3,,,0,100,,102380,3,,,0
3200,'5463',801,,92289,3,,,0,100,,92290,3,,,0,100,,92291,3,,,0,100,,102382,3,,,0,100,,92294,3,,,0,101,,92292,3,,,0,100,,92298,3,,,0,100,,92297,3,,,0,100,,92295,3,,,0,99,,102383,3,,,0,100,,102385,3,,,0,100,,102384,3,,,0
3900,'5456',646,,92569,9,,,0,60,,92550,3,,,0,14,,92559,9,,,0,12,,92552,3,,,0,11,,92558,3,,,0,11,,92563,9,,,0,4,,92570,3,,,0,49,,92560,9,,,0,14,,92551,9,,,0,11,,92571,3,,,0,3,,102460,9,,,0,10,,92572,3,,,0,7,,92553,9,,,0,55,,92562,9,,,0,22,,92561,9,,,0,26,,92537,9,,,0,70,,92542,9,,,0,29,,92564,9,,,0,70,,92543,9,,,0,31,,102458,9,,,0,71,,92544,9,,,0,30,,92565,9,,,0,71,,92545,9,,,0,30,,102459,9,,,0,73,,92546,9,,,0,71,,92566,9,,,0,22,,92534,9,,,0,16,,92531,9,,,0,17,,102461,9,,,0,54,,92540,9,,,0,17,,92567,9,,,0,14,,102456,9,,,0,14,,92535,9,,,0,56,,92532,9,,,0,16,,102462,9,,,0,12,,92549,9,,,0,16,,102465,9,,,0,58,,92536,9,,,0,20,,102457,9,,,0,18,,92557,9,,,0,78,,92555,9,,,0,82,,102463,9,,,0,107,,102464,9,,,0
3900,'5458',646,,92612,9,,,0,60,,92593,3,,,0,14,,92602,9,,,0,12,,92595,3,,,0,11,,92601,3,,,0,11,,92606,9,,,0,4,,92613,3,,,0,49,,92603,9,,,0,14,,92594,9,,,0,11,,92614,3,,,0,3,,102470,9,,,0,10,,92615,3,,,0,7,,92596,9,,,0,55,,92605,9,,,0,22,,92604,9,,,0,26,,92580,9,,,0,70,,92585,9,,,0,29,,92607,9,,,0,70,,92586,9,,,0,31,,102468,9,,,0,71,,92587,9,,,0,30,,92608,9,,,0,71,,92588,9,,,0,30,,102469,9,,,0,73,,92589,9,,,0,71,,102475,9,,,0,22,,92577,9,,,0,16,,92574,9,,,0,17,,102471,9,,,0,54,,92583,9,,,0,17,,102476,9,,,0,14,,102466,9,,,0,14,,92578,9,,,0,56,,92575,9,,,0,16,,102472,9,,,0,12,,92592,9,,,0,16,,102477,9,,,0,58,,92579,9,,,0,20,,102467,9,,,0,18,,92600,9,,,0,78,,92598,9,,,0,82,,102473,9,,,0,107,,102474,9,,,0
3900,'5459',711,,92617,3,,,0,126,,92618,3,,,0,100,,102479,3,,,0,100,,92626,3,,,0,100,,92616,3,,,0,100,,92620,3,,,0,100,,92623,3,,,0,100,,102481,3,,,0,100,,92619,3,,,0,100,,102478,3,,,0,100,,92624,3,,,0,100,,92628,3,,,0,100,,102480,3,,,0
3900,'5460',837,,102483,3,,,0,100,,102482,3,,,0,100,,92631,3,,,0,100,,92633,3,,,0,100,,92632,3,,,0,100,,92637,3,,,0,100,,92634,3,,,0,100,,92635,3,,,0,100,,102484,3,,,0,100,,92638,3,,,0,100,,102485,3,,,0,100,,102486,3,,,0
3900,'5461',837,,92642,3,,,0,100,,92641,3,,,0,100,,92643,3,,,0,100,,102487,3,,,0,100,,92644,3,,,0,100,,92649,3,,,0,100,,92646,3,,,0,100,,92647,3,,,0,100,,92648,3,,,0,100,,102488,3,,,0,100,,102489,3,,,0,100,,102490,3,,,0
3900,'5462',837,,92654,3,,,0,100,,92653,3,,,0,100,,92655,3,,,0,100,,102491,3,,,0,100,,92656,3,,,0,100,,92661,3,,,0,100,,92658,3,,,0,100,,92659,3,,,0,100,,92660,3,,,0,100,,102492,3,,,0,100,,102493,3,,,0,100,,102494,3,,,0
3900,'5463',837,,92666,3,,,0,100,,92665,3,,,0,100,,92667,3,,,0,100,,102495,3,,,0,100,,92668,3,,,0,100,,92673,3,,,0,100,,92670,3,,,0,100,,92671,3,,,0,100,,92672,3,,,0,100,,102496,3,,,0,100,,102497,3,,,0,100,,102498,3,,,0
1000601,'5456',559,,98066,3,,,0,87,,105600,3,,,0,72,,98076,3,,,0,29,,98067,3,,,0,74,,98073,3,,,0,35,,98068,3,,,0,79,,98069,3,,,0,86,,98071,3,,,0,86,,98074,3,,,0,48,,98072,3,,,0,90,,105601,3,,,0,86,,98078,3,,,0,80,,105602,3,,,0,39,,98077,3,,,0,84,,98079,3,,,0,76,,98081,3,,,0,44,,98082,3,,,0,90,,98083,3,,,0,105,,105603,3,,,0,107,,98085,3,,,0,95,,105604,3,,,0,100,,98087,3,,,0,101,,98088,3,,,0
1000601,'5458',559,,98089,3,,,0,87,,105605,3,,,0,72,,105607,3,,,0,29,,98090,3,,,0,74,,98096,3,,,0,35,,98091,3,,,0,79,,98092,3,,,0,86,,98094,3,,,0,86,,98097,3,,,0,48,,98095,3,,,0,90,,105606,3,,,0,86,,98101,3,,,0,80,,105608,3,,,0,39,,98100,3,,,0,84,,98102,3,,,0,76,,98104,3,,,0,44,,98105,3,,,0,90,,98106,3,,,0,105,,105609,3,,,0,107,,98108,3,,,0,95,,105610,3,,,0,100,,98110,3,,,0,101,,98111,3,,,0
1000601,'5459',652,,98112,3,,,0,149,,105611,3,,,0,99,,105612,3,,,0,49,,105613,3,,,0,88,,98116,3,,,0,87,,98117,3,,,0,87,,105614,3,,,0,48,,98119,3,,,0,82,,105615,3,,,0,82,,98120,3,,,0,82,,105616,3,,,0,42,,98123,3,,,0,93,,98124,3,,,0,101,,98125,3,,,0,109,,105617,3,,,0,103,,105618,3,,,0,94,,105619,3,,,0,99,,98129,3,,,0,110,,98130,3,,,0
1000601,'5460',700,,105626,3,,,0,50,,98144,3,,,0,97,,105621,3,,,0,106,,98136,3,,,0,101,,105620,3,,,0,94,,98146,3,,,0,100,,105622,3,,,0,100,,105623,3,,,0,100,,98140,3,,,0,101,,105625,3,,,0,101,,105624,3,,,0,109,,105627,3,,,0,150,,105628,3,,,0,93,,98143,3,,,0,51,,105629,3,,,0,148,,105630,3,,,0
1000601,'5461',700,,105636,3,,,0,50,,98160,3,,,0,97,,105632,3,,,0,106,,105634,3,,,0,101,,105631,3,,,0,94,,98162,3,,,0,100,,98149,3,,,0,100,,105633,3,,,0,100,,98156,3,,,0,101,,105635,3,,,0,101,,98151,3,,,0,109,,105637,3,,,0,150,,105638,3,,,0,93,,98159,3,,,0,51,,105639,3,,,0,148,,105640,3,,,0
1000601,'5462',700,,105646,3,,,0,50,,98176,3,,,0,97,,105642,3,,,0,106,,105644,3,,,0,101,,105641,3,,,0,94,,98178,3,,,0,100,,98165,3,,,0,100,,105643,3,,,0,100,,98172,3,,,0,101,,105645,3,,,0,101,,98167,3,,,0,109,,105647,3,,,0,150,,105648,3,,,0,93,,98175,3,,,0,51,,105649,3,,,0,148,,105650,3,,,0
1000601,'5463',700,,105656,3,,,0,50,,98192,3,,,0,97,,105652,3,,,0,106,,105654,3,,,0,101,,105651,3,,,0,94,,98194,3,,,0,100,,98181,3,,,0,100,,105653,3,,,0,100,,98188,3,,,0,101,,105655,3,,,0,101,,98183,3,,,0,109,,105657,3,,,0,150,,105658,3,,,0,93,,98191,3,,,0,51,,105659,3,,,0,148,,105660,3,,,0
