7001,'5456',705,,103511,3,,,0,103,,95461,3,,,0,95,,103512,3,,,0,100,,103518,3,,,0,103,,103513,3,,,0,100,,103514,3,,,0,100,,103515,3,,,0,100,,103516,3,,,0,100,,103517,3,,,0,99,,103519,3,,,0,31,,103522,3,,,0,73,,103520,3,,,0,99,,103521,3,,,0,100,,103523,3,,,0,200,,103524,3,,,0,199,,103525,3,,,0
7001,'5458',705,,103526,3,,,0,103,,95477,3,,,0,95,,103527,3,,,0,100,,103533,3,,,0,103,,103528,3,,,0,100,,103529,3,,,0,100,,103530,3,,,0,100,,103531,3,,,0,100,,103532,3,,,0,99,,103534,3,,,0,31,,103537,3,,,0,73,,103535,3,,,0,99,,103536,3,,,0,100,,103538,3,,,0,200,,103539,3,,,0,199,,103540,3,,,0
7001,'5459',904,,103541,3,,,0,102,,95484,3,,,0,100,,103542,3,,,0,100,,103543,3,,,0,100,,95487,3,,,0,103,,103544,3,,,0,101,,103545,3,,,0,99,,95490,3,,,0,97,,103546,3,,,0,99,,103547,3,,,0,100,,103548,3,,,0,200,,103549,3,,,0,200,,103550,3,,,0
7001,'5460',903,,95496,3,,,0,200,,103551,3,,,0,100,,95498,3,,,0,102,,103552,3,,,0,101,,103553,3,,,0,100,,103554,3,,,0,100,,103555,3,,,0,103,,103556,3,,,0,99,,103557,3,,,0,100,,103558,3,,,0,100,,103559,3,,,0,99,,103560,3,,,0,200,,103561,3,,,0,100,,95509,3,,,0
7001,'5461',903,,103562,3,,,0,101,,103573,3,,,0,99,,103563,3,,,0,100,,95512,3,,,0,102,,103564,3,,,0,101,,103565,3,,,0,100,,103566,3,,,0,100,,103567,3,,,0,103,,103568,3,,,0,99,,95518,3,,,0,100,,103569,3,,,0,100,,103570,3,,,0,99,,95521,3,,,0,98,,103574,3,,,0,102,,103571,3,,,0,100,,103572,3,,,0
7001,'5462',903,,103575,3,,,0,101,,103586,3,,,0,99,,103576,3,,,0,100,,95528,3,,,0,102,,103577,3,,,0,101,,103578,3,,,0,100,,103579,3,,,0,100,,103580,3,,,0,103,,103581,3,,,0,99,,95534,3,,,0,100,,103582,3,,,0,100,,103583,3,,,0,99,,95537,3,,,0,98,,103587,3,,,0,102,,103584,3,,,0,100,,103585,3,,,0
7001,'5463',903,,103588,3,,,0,200,,95543,3,,,0,100,,95544,3,,,0,102,,103589,3,,,0,101,,103590,3,,,0,100,,103591,3,,,0,100,,103592,3,,,0,103,,103593,3,,,0,99,,103594,3,,,0,100,,103595,3,,,0,100,,103596,3,,,0,99,,103597,3,,,0,200,,103598,3,,,0,100,,103599,3,,,0
7101,'5456',606,,103604,17,,,0,30,,103605,17,,,0,86,,103606,17,,,0
7101,'5458',606,,103607,17,,,0,30,,103608,17,,,0,86,,103609,17,,,0
7201,'5456',542,,103795,17,,,0,80,,103798,17,,,0,30,,103796,17,,,0,70,,103800,17,,,0,32,,103810,17,,,0,61,,103805,17,,,0,27,,103797,17,,,0,70,,103799,17,,,0,30,,103803,17,,,0,70,,103801,17,,,0,30,,103802,17,,,0,73,,103809,17,,,0,30,,103804,17,,,0,70,,103806,17,,,0,30,,103807,17,,,0,70,,103814,17,,,0,30,,103817,17,,,0,71,,103808,17,,,0,30,,103819,17,,,0,70,,103823,17,,,0,15,,95798,13,0,13 14,0,16,,103811,17,,,0,68,,103812,17,,,0,31,,103818,17,,,0,71,,103825,17,,,0,30,,103813,17,,,0,69,,103820,17,,,0,30,,103822,17,,,0,69,,103815,17,,,0,30,,103816,17,,,0,70,,103824,17,,,0,30,,103826,17,,,0,70,,103821,17,,,0
7201,'5457',1426,,103827,13,,,0
7201,'5458',542,,103828,17,,,0,80,,103831,17,,,0,30,,103829,17,,,0,70,,103833,17,,,0,32,,103844,17,,,0,61,,103838,17,,,0,27,,103830,17,,,0,70,,103832,17,,,0,30,,103836,17,,,0,70,,103834,17,,,0,30,,103835,17,,,0,73,,103843,17,,,0,30,,103837,17,,,0,70,,103839,17,,,0,30,,103840,17,,,0,70,,103848,17,,,0,30,,103851,17,,,0,71,,103842,17,,,0,10,,103841,13,,,0,20,,103853,17,,,0,70,,103857,17,,,0,15,,95833,13,0,13 14,0,16,,103845,17,,,0,68,,103846,17,,,0,31,,103852,17,,,0,71,,103859,17,,,0,30,,103847,17,,,0,69,,103854,17,,,0,30,,103856,17,,,0,69,,103849,17,,,0,30,,103850,17,,,0,70,,103858,17,,,0,30,,103860,17,,,0,70,,103855,17,,,0
7201,'5459',610,,103885,17,,,0,101,,95838,17,,,0,100,,103862,17,,,0,33,,103863,17,,,0,70,,103864,17,,,0,30,,103865,17,,,0,71,,95843,17,,,0,29,,103866,17,,,0,71,,103867,17,,,0,30,,103868,17,,,0,70,,103861,17,,,0,30,,103869,17,,,0,69,,103870,17,,,0,31,,103871,17,,,0,74,,103872,17,,,0,31,,103873,17,,,0,69,,103874,17,,,0,31,,103875,17,,,0,69,,103876,17,,,0,26,,103877,17,,,0,69,,103878,17,,,0,30,,103879,17,,,0,69,,103880,17,,,0,30,,103881,17,,,0,70,,95860,17,,,0,30,,95861,17,,,0,70,,103882,17,,,0,30,,103883,17,,,0,70,,103884,17,,,0
7201,'5460',711,,103887,17,,,0,100,,95868,17,,,0,100,,103888,17,,,0,103,,103889,17,,,0,100,,103891,17,,,0,30,,103892,17,,,0,70,,103886,17,,,0,30,,103890,17,,,0,70,,103893,17,,,0,30,,103895,17,,,0,70,,103896,17,,,0,30,,103897,17,,,0,70,,103894,17,,,0,30,,103898,17,,,0,70,,103899,17,,,0,30,,103900,17,,,0,74,,103901,17,,,0,28,,103902,17,,,0,72,,103903,17,,,0,30,,103904,17,,,0,70,,95887,17,,,0,30,,103905,17,,,0,70,,103906,17,,,0,30,,103907,17,,,0,70,,95890,17,,,0
7201,'5461',711,,103909,17,,,0,100,,103910,17,,,0,100,,103911,17,,,0,103,,103912,17,,,0,100,,103914,17,,,0,30,,103915,17,,,0,70,,103908,17,,,0,30,,103913,17,,,0,70,,103916,17,,,0,30,,103918,17,,,0,70,,103919,17,,,0,30,,103920,17,,,0,70,,103917,17,,,0,30,,103921,17,,,0,70,,103922,17,,,0,30,,103923,17,,,0,74,,103924,17,,,0,28,,103925,17,,,0,72,,103926,17,,,0,30,,103927,17,,,0,70,,103929,17,,,0,30,,103928,17,,,0,70,,103930,17,,,0,30,,103931,17,,,0,70,,103932,17,,,0
7201,'5462',711,,103934,17,,,0,100,,103935,17,,,0,100,,103936,17,,,0,103,,103937,17,,,0,100,,103939,17,,,0,30,,103940,17,,,0,70,,103933,17,,,0,30,,103938,17,,,0,70,,103941,17,,,0,30,,103943,17,,,0,70,,103944,17,,,0,30,,103945,17,,,0,70,,103942,17,,,0,30,,103946,17,,,0,70,,103947,17,,,0,30,,103948,17,,,0,74,,103949,17,,,0,28,,103950,17,,,0,72,,103951,17,,,0,30,,103952,17,,,0,70,,103954,17,,,0,30,,103953,17,,,0,70,,103955,17,,,0,30,,103956,17,,,0,70,,103957,17,,,0
7201,'5463',711,,103959,17,,,0,100,,103960,17,,,0,100,,103961,17,,,0,103,,103962,17,,,0,100,,103964,17,,,0,30,,103965,17,,,0,70,,103958,17,,,0,30,,103963,17,,,0,70,,103966,17,,,0,30,,103968,17,,,0,70,,103969,17,,,0,30,,103970,17,,,0,70,,103967,17,,,0,30,,103971,17,,,0,70,,103972,17,,,0,30,,103973,17,,,0,74,,103974,17,,,0,28,,103975,17,,,0,72,,103976,17,,,0,30,,103977,17,,,0,70,,95962,17,,,0,30,,103978,17,,,0,70,,103979,17,,,0,30,,103980,17,,,0,70,,103981,17,,,0
8101,'5456',535,,96446,2,,,0,168,,104260,17,,,0,33,,104261,2,,,0,179,,96448,17,,,0,103,,104262,17,,,0,97,,104263,17,,,0,100,,104264,17,,,0,100,,104265,17,,,0,100,,104266,17,,,0,102,,96455,17,,,0,99,,96456,17,,,0,98,,96457,17,,,0,100,,96458,17,,,0,99,,96459,17,,,0,101,,104267,17,,,0,99,,104268,17,,,0
8101,'5458',535,,96462,2,,,0,168,,104269,17,,,0,33,,104270,2,,,0,179,,96464,17,,,0,103,,104271,17,,,0,97,,104272,17,,,0,100,,104273,17,,,0,100,,104274,17,,,0,100,,104275,17,,,0,102,,96471,17,,,0,99,,96472,17,,,0,98,,96473,17,,,0,100,,96474,17,,,0,99,,96475,17,,,0,101,,104276,17,,,0,99,,104277,17,,,0
8101,'5459',913,,104278,17,,,0,103,,96479,17,,,0,100,,96480,17,,,0,100,,104279,17,,,0,100,,104280,17,,,0,104,,104281,17,,,0,100,,96484,17,,,0,100,,104282,17,,,0,96,,104283,17,,,0,97,,96487,17,,,0,100,,96488,17,,,0,100,,104284,17,,,0,100,,104285,17,,,0
8101,'5460',913,,104286,17,,,0,101,,96492,17,,,0,102,,104287,17,,,0,100,,96494,17,,,0,100,,96495,17,,,0,101,,104288,17,,,0,100,,104289,17,,,0,100,,104290,17,,,0,102,,104291,17,,,0,100,,104292,17,,,0,100,,96501,17,,,0,100,,104293,17,,,0,100,,104294,17,,,0
8101,'5461',913,,96504,17,,,0,101,,96505,17,,,0,102,,96506,17,,,0,100,,96507,17,,,0,100,,96508,17,,,0,101,,104295,17,,,0,100,,104296,17,,,0,100,,104297,17,,,0,102,,104298,17,,,0,100,,104299,17,,,0,100,,104300,17,,,0,100,,104301,17,,,0,100,,96516,17,,,0
8101,'5462',913,,96517,17,,,0,101,,96518,17,,,0,102,,96519,17,,,0,100,,96520,17,,,0,100,,96521,17,,,0,101,,104302,17,,,0,100,,104303,17,,,0,100,,104304,17,,,0,102,,104305,17,,,0,100,,104306,17,,,0,100,,104307,17,,,0,100,,104308,17,,,0,100,,96529,17,,,0
8101,'5463',913,,96530,17,,,0,101,,96531,17,,,0,102,,96532,17,,,0,100,,96533,17,,,0,100,,96534,17,,,0,101,,104309,17,,,0,100,,104310,17,,,0,100,,104311,17,,,0,102,,104312,17,,,0,100,,104313,17,,,0,100,,104314,17,,,0,100,,104315,17,,,0,100,,96542,17,,,0
8301,'5456',650,,96579,2,,,0,95,,96577,2,,,0,210,,96578,2,,,0,181,,104340,2,,,0,195,,96580,2,,,0,210,,96582,2,,,0,214,,96583,2,,,0,200,,96584,2,,,0
8301,'5458',650,,96587,2,,,0,95,,96585,2,,,0,210,,96586,2,,,0,181,,104341,2,,,0,195,,96588,2,,,0,210,,96590,2,,,0,214,,96591,2,,,0,200,,96592,2,,,0
8301,'5459',931,,104345,2,,,0,300,,104343,2,,,0,305,,104344,2,,,0,300,,104342,2,,,0
8301,'5460',930,,104348,2,,,0,300,,104349,2,,,0,305,,104347,2,,,0,300,,104346,2,,,0
8301,'5461',930,,104352,2,,,0,300,,104353,2,,,0,305,,104351,2,,,0,300,,104350,2,,,0
8301,'5462',930,,104356,2,,,0,300,,104357,2,,,0,305,,104355,2,,,0,300,,104354,2,,,0
8301,'5463',930,,104360,2,,,0,300,,104361,2,,,0,305,,104359,2,,,0,300,,104358,2,,,0
8500,'5456',631,,104362,2,,,0,97,,104363,2,,,0,200,,96615,2,,,0,200,,104364,2,,,0,200,,96617,2,,,0,200,,96618,2,,,0,200,,104365,2,,,0,200,,96620,2,,,0
8500,'5458',631,,104366,2,,,0,97,,104367,2,,,0,200,,96623,2,,,0,200,,104368,2,,,0,200,,96625,2,,,0,200,,96626,2,,,0,200,,104369,2,,,0,200,,96628,2,,,0
8500,'5459',836,,104371,2,,,0,300,,104372,2,,,0,305,,104373,2,,,0,300,,104370,2,,,0
8500,'5460',836,,104376,2,,,0,300,,104377,2,,,0,305,,104374,2,,,0,300,,104375,2,,,0
8500,'5461',836,,104380,2,,,0,300,,104381,2,,,0,305,,104378,2,,,0,300,,104379,2,,,0
8500,'5462',836,,104384,2,,,0,300,,104385,2,,,0,305,,104382,2,,,0,300,,104383,2,,,0
8500,'5463',836,,104388,2,,,0,300,,104389,2,,,0,305,,104386,2,,,0,300,,104387,2,,,0
8701,'5456',620,,104398,2,,,0,197,,104399,2,,,0,201,,104400,2,,,0,199,,104401,2,,,0,199,,96667,2,,,0,203,,96668,2,,,0
8701,'5458',620,,104402,2,,,0,197,,104403,2,,,0,201,,104404,2,,,0,199,,104405,2,,,0,199,,96673,2,,,0,203,,96674,2,,,0
8801,'5456',710,,96757,2,,,0,200,,104445,2,,,0,200,,96759,2,,,0,199,,104446,2,,,0,200,,104447,2,,,0,206,,96762,2,,,0,103,,96763,2,,,0
8801,'5458',710,,96764,2,,,0,200,,104448,2,,,0,200,,96766,2,,,0,199,,104449,2,,,0,200,,104450,2,,,0,206,,96769,2,,,0,103,,96770,2,,,0
8801,'5459',745,,104451,2,,,0,99,,96782,2,,,0,99,,96783,2,,,0,100,,96784,2,,,0,98,,96775,2,,,0,100,,96776,2,,,0,100,,96778,2,,,0,100,,96779,2,,,0,102,,96777,2,,,0,100,,96780,2,,,0,98,,96772,2,,,0,100,,96773,2,,,0,102,,96774,2,,,0,100,,96771,2,,,0
8801,'5460',746,,104459,2,,,0,94,,96794,2,,,0,100,,96795,2,,,0,100,,96796,2,,,0,100,,96797,2,,,0,100,,96798,2,,,0,99,,96788,2,,,0,100,,104455,2,,,0,101,,104456,2,,,0,101,,104457,2,,,0,102,,104458,2,,,0,99,,104453,2,,,0,100,,104454,2,,,0,98,,104452,2,,,0
8801,'5461',746,,104467,2,,,0,94,,96808,2,,,0,100,,96809,2,,,0,100,,96810,2,,,0,100,,96811,2,,,0,100,,96812,2,,,0,99,,96802,2,,,0,100,,104463,2,,,0,101,,104464,2,,,0,101,,104465,2,,,0,102,,104466,2,,,0,99,,104461,2,,,0,100,,104462,2,,,0,98,,104460,2,,,0
8801,'5462',746,,104475,2,,,0,94,,96822,2,,,0,100,,96823,2,,,0,100,,96824,2,,,0,100,,96825,2,,,0,100,,96826,2,,,0,99,,96816,2,,,0,100,,104471,2,,,0,101,,104472,2,,,0,101,,104473,2,,,0,102,,104474,2,,,0,99,,104469,2,,,0,100,,104470,2,,,0,98,,104468,2,,,0
8801,'5463',746,,104483,2,,,0,94,,96836,2,,,0,100,,96837,2,,,0,100,,96838,2,,,0,100,,96839,2,,,0,100,,96840,2,,,0,99,,96830,2,,,0,100,,104479,2,,,0,101,,104480,2,,,0,101,,104481,2,,,0,102,,104482,2,,,0,99,,104477,2,,,0,100,,104478,2,,,0,98,,104476,2,,,0
1007201,'5456',2213,,105692,17,,,0,99,,105694,17,,,0,100,,105693,17,,,0
1007201,'5458',2213,,105695,17,,,0,99,,105697,17,,,0,100,,105696,17,,,0
1007201,'5459',2213,,98271,17,,,0,99,,105698,17,,,0,100,,105699,17,,,0
1007201,'5460',2213,,98274,17,,,0,100,,105700,17,,,0
1007201,'5461',2213,,105701,17,,,0,100,,105702,17,,,0
1007201,'5462',2213,,105703,17,,,0,100,,105704,17,,,0
1007201,'5463',2213,,98280,17,,,0,100,,105705,17,,,0
1008801,'5456',642,,98316,2,,,0,106,,98320,2,,,0,96,,98319,2,,,0,100,,105716,2,,,0,99,,105717,2,,,0,99,,98321,2,,,0,100,,98322,2,,,0,100,,105718,2,,,0,100,,98324,2,,,0,100,,105719,2,,,0,100,,105720,2,,,0,109,,98327,2,,,0,99,,98328,2,,,0,71,,98329,2,,,0,101,,98330,2,,,0
1008801,'5458',642,,98331,2,,,0,106,,98335,2,,,0,96,,98334,2,,,0,100,,105721,2,,,0,99,,105722,2,,,0,99,,98336,2,,,0,100,,98337,2,,,0,100,,105723,2,,,0,100,,98339,2,,,0,100,,105724,2,,,0,100,,105725,2,,,0,109,,98342,2,,,0,99,,98343,2,,,0,71,,98344,2,,,0,101,,98345,2,,,0
