7200,'5456',633,,103614,32,,,0,77,,103620,32,,,0,28,,103610,32,,,0,70,,103611,32,,,0,31,,103618,32,,,0,71,,103612,32,,,0,29,,103613,32,,,0,70,,103622,32,,,0,31,,103615,32,,,0,69,,103616,32,,,0,31,,103617,32,,,0,68,,103626,32,,,0,30,,103630,32,,,0,69,,103619,32,,,0,30,,103632,32,,,0,70,,103637,32,,,0,30,,103621,32,,,0,69,,103624,32,,,0,31,,103627,32,,,0,70,,103640,32,,,0,29,,103623,32,,,0,70,,103633,32,,,0,31,,103635,32,,,0,73,,103625,32,,,0,28,,103628,32,,,0,71,,103638,32,,,0,30,,103641,32,,,0,70,,103629,32,,,0,33,,103636,32,,,0,70,,103631,32,,,0,99,,103639,32,,,0,100,,103634,32,,,0,117,,95600,32,0,10 11 12,0
7200,'5458',633,,103646,32,,,0,77,,103652,32,,,0,28,,103642,32,,,0,70,,103643,32,,,0,31,,103650,32,,,0,71,,103644,32,,,0,29,,103645,32,,,0,70,,103654,32,,,0,31,,103647,32,,,0,69,,103648,32,,,0,31,,103649,32,,,0,68,,103658,32,,,0,30,,103662,32,,,0,69,,103651,32,,,0,30,,103664,32,,,0,70,,103669,32,,,0,30,,103653,32,,,0,69,,103656,32,,,0,31,,103659,32,,,0,70,,103672,32,,,0,29,,103655,32,,,0,70,,103665,32,,,0,31,,103667,32,,,0,73,,103657,32,,,0,28,,103660,32,,,0,71,,103670,32,,,0,30,,103673,32,,,0,70,,103661,32,,,0,33,,103668,32,,,0,70,,103663,32,,,0,99,,103671,32,,,0,100,,103666,32,,,0,117,,95633,32,0,10 11 12,0
7200,'5459',744,,103674,32,,,0,69,,103675,32,,,0,29,,103676,32,,,0,70,,95637,32,,,0,30,,103677,32,,,0,70,,103678,32,,,0,30,,103679,32,,,0,68,,103680,32,,,0,30,,103681,32,,,0,70,,103682,32,,,0,30,,103683,32,,,0,70,,103684,32,,,0,29,,103685,32,,,0,70,,103686,32,,,0,30,,103687,32,,,0,70,,103688,32,,,0,30,,103689,32,,,0,70,,103690,32,,,0,30,,103691,32,,,0,70,,103692,32,,,0,30,,103693,32,,,0,70,,95655,32,,,0,30,,95656,32,,,0,70,,103694,32,,,0,31,,103695,32,,,0,71,,103696,32,,,0,30,,103697,32,,,0,70,,95661,32,,,0,99,,103698,32,,,0,101,,103699,32,,,0,119,,95664,32,0,10 11 12,0
7200,'5460',812,,103700,32,,,0,100,,103703,32,,,0,99,,103701,32,,,0,99,,103702,32,,,0,30,,103704,32,,,0,70,,103705,32,,,0,30,,103706,32,,,0,69,,103707,32,,,0,30,,103708,32,,,0,70,,103709,32,,,0,30,,103710,32,,,0,70,,103711,32,,,0,30,,103712,32,,,0,70,,103713,32,,,0,30,,103714,32,,,0,70,,103715,32,,,0,31,,103716,32,,,0,70,,95682,32,,,0,31,,103717,32,,,0,70,,103718,32,,,0,30,,103719,32,,,0,71,,95686,32,,,0,99,,95687,32,,,0,100,,103720,32,,,0,103,,95689,32,,,0,35,,103721,32,0,10 11 12,0
7200,'5461',812,,103722,32,,,0,100,,103725,32,,,0,99,,103723,32,,,0,99,,103724,32,,,0,30,,103726,32,,,0,70,,103727,32,,,0,30,,103728,32,,,0,69,,103729,32,,,0,30,,103730,32,,,0,70,,103731,32,,,0,30,,103732,32,,,0,70,,103733,32,,,0,30,,103734,32,,,0,70,,103735,32,,,0,30,,103736,32,,,0,70,,103737,32,,,0,31,,103738,32,,,0,70,,103739,32,,,0,31,,103740,32,,,0,70,,103741,32,,,0,30,,103742,32,,,0,71,,103743,32,,,0,99,,103744,32,,,0,100,,103745,32,,,0,103,,103746,32,,,0,35,,95716,32,0,10 11 12,0
7200,'5462',812,,103747,32,,,0,100,,103750,32,,,0,99,,103748,32,,,0,99,,103749,32,,,0,30,,103751,32,,,0,70,,103752,32,,,0,30,,103753,32,,,0,69,,103754,32,,,0,30,,103755,32,,,0,70,,103756,32,,,0,30,,103757,32,,,0,70,,103758,32,,,0,30,,103759,32,,,0,70,,103760,32,,,0,30,,103761,32,,,0,70,,103762,32,,,0,31,,103763,32,,,0,70,,103764,32,,,0,31,,103765,32,,,0,70,,103766,32,,,0,30,,103767,32,,,0,71,,103768,32,,,0,99,,103769,32,,,0,100,,103770,32,,,0,103,,103771,32,,,0,35,,95742,32,0,10 11 12,0
7200,'5463',812,,103772,32,,,0,100,,103775,32,,,0,99,,103773,32,,,0,99,,103774,32,,,0,30,,103776,32,,,0,70,,103777,32,,,0,30,,103778,32,,,0,69,,103779,32,,,0,30,,103780,32,,,0,70,,103781,32,,,0,30,,103782,32,,,0,70,,103783,32,,,0,30,,103784,32,,,0,70,,103785,32,,,0,30,,103786,32,,,0,70,,103787,32,,,0,31,,103788,32,,,0,70,,95760,32,,,0,31,,103789,32,,,0,70,,103790,32,,,0,30,,103791,32,,,0,71,,103792,32,,,0,99,,95765,32,,,0,100,,103793,32,,,0,103,,103794,32,,,0,35,,95768,32,0,10 11 12,0
8700,'5456',716,,104390,9,,,0,200,,104391,9,,,0,200,,104392,9,,,0,205,,96653,2,,,0,195,,96654,9,,,0,203,,96655,9,,,0
8700,'5458',716,,104394,9,,,0,200,,104395,9,,,0,200,,104396,9,,,0,205,,96660,2,,,0,195,,96661,9,,,0,203,,96662,9,,,0
1007200,'5456',556,,105685,32,,,0
1007200,'5458',556,,105686,32,,,0
1007200,'5459',606,,105687,32,,,0,98,,105688,32,,,0
1007200,'5460',704,,98261,32,,,0
1007200,'5461',704,,105689,32,,,0
1007200,'5462',704,,105690,32,,,0
1007200,'5463',704,,105691,32,,,0
