4800,'5456',611,,93099,3,,,0,24,,93100,3,,,0,65,,93101,3,,,0
4800,'5458',611,,93102,3,,,0,24,,93103,3,,,0,65,,93104,3,,,0
5200,'5456',503,,93221,18,,,0,31,,93225,18,,,0,70,,93223,18,,,0,20,,93234,18,,,0,19,,93222,18,,,0,63,,93251,18,,,0,28,,93224,18,,,0,23,,93252,18,,,0,50,,93226,18,,,0,17,,93253,18,,,0,10,,93233,18,,,0,70,,93227,18,,,0,32,,93247,18,,,0,65,,93228,18,,,0,30,,93229,18,,,0,75,,93230,18,,,0,31,,93248,18,,,0,71,,93231,18,,,0,30,,93232,18,,,0,76,,93235,18,,,0,34,,93249,18,,,0,73,,93236,18,,,0,31,,93237,18,,,0,73,,93254,18,,,0,31,,93238,18,,,0,71,,93250,18,,,0,28,,93239,18,,,0,70,,93240,18,,,0,32,,93255,18,,,0,70,,93241,18,,,0,74,,93242,18,,,0,30,,93243,18,,,0,69,,93256,18,,,0,27,,93244,18,,,0,32,,93245,18,,,0,96,,93258,18,,,0,99,,93246,18,,,0,103,,93257,18,,,0
5200,'5458',503,,93260,18,,,0,31,,93264,18,,,0,70,,93262,18,,,0,20,,93273,18,,,0,19,,93261,18,,,0,63,,93290,18,,,0,28,,93263,18,,,0,23,,93291,18,,,0,50,,93265,18,,,0,17,,93292,18,,,0,10,,93272,18,,,0,70,,93266,18,,,0,32,,93286,18,,,0,65,,93267,18,,,0,30,,93268,18,,,0,75,,93269,18,,,0,31,,93287,18,,,0,71,,93270,18,,,0,30,,93271,18,,,0,76,,93274,18,,,0,34,,93288,18,,,0,73,,93275,18,,,0,31,,93276,18,,,0,73,,93293,18,,,0,31,,93277,18,,,0,71,,93289,18,,,0,28,,93278,18,,,0,70,,93279,18,,,0,32,,93294,18,,,0,70,,93280,18,,,0,74,,93281,18,,,0,30,,93282,18,,,0,69,,93295,18,,,0,27,,93283,18,,,0,32,,93284,18,,,0,96,,93297,18,,,0,99,,93285,18,,,0,103,,93296,18,,,0
5200,'5459',636,,93316,18,,,0,70,,93315,18,,,0,41,,93310,18,,,0,74,,93318,18,,,0,30,,93313,18,,,0,73,,93299,18,,,0,30,,93306,18,,,0,70,,93325,18,,,0,31,,93304,18,,,0,74,,93301,18,,,0,72,,93307,18,,,0,32,,93327,18,,,0,75,,93302,18,,,0,33,,93300,18,,,0,76,,93309,18,,,0,26,,93326,18,,,0,74,,93305,18,,,0,32,,93312,18,,,0,75,,93308,18,,,0,29,,93323,18,,,0,70,,93303,18,,,0,30,,93314,18,,,0,62,,93320,18,,,0,25,,93311,18,,,0,64,,93319,18,,,0,24,,93322,18,,,0,29,,93321,18,,,0,68,,93317,18,,,0,30,,93324,18,,,0,100,,93328,18,,,0,94,,93329,18,,,0,109,,93330,18,,,0
5200,'5460',706,,93352,18,,,0,32,,93334,18,,,0,80,,93337,18,,,0,31,,93351,18,,,0,72,,93345,18,,,0,31,,93333,18,,,0,71,,93336,18,,,0,31,,93347,18,,,0,71,,93341,18,,,0,31,,93332,18,,,0,73,,93335,18,,,0,30,,93350,18,,,0,71,,93343,18,,,0,78,,93331,18,,,0,29,,93339,18,,,0,74,,93349,18,,,0,35,,93342,18,,,0,73,,93358,18,,,0,29,,93338,18,,,0,70,,93348,18,,,0,28,,93344,18,,,0,70,,93346,18,,,0,29,,93340,18,,,0,69,,93354,18,,,0,39,,93353,18,,,0,100,,93355,18,,,0,98,,93357,18,,,0,108,,93356,18,,,0
5200,'5461',706,,93380,18,,,0,32,,93362,18,,,0,80,,93365,18,,,0,31,,93379,18,,,0,72,,93373,18,,,0,31,,93361,18,,,0,71,,93364,18,,,0,31,,93375,18,,,0,71,,93369,18,,,0,31,,93360,18,,,0,73,,93363,18,,,0,30,,93378,18,,,0,71,,93371,18,,,0,78,,93359,18,,,0,29,,93367,18,,,0,74,,93377,18,,,0,35,,93370,18,,,0,73,,93386,18,,,0,29,,93366,18,,,0,70,,93376,18,,,0,28,,93372,18,,,0,70,,93374,18,,,0,29,,93368,18,,,0,69,,93382,18,,,0,39,,93381,18,,,0,100,,93383,18,,,0,98,,93385,18,,,0,108,,93384,18,,,0
5200,'5462',706,,93408,18,,,0,32,,93390,18,,,0,80,,93393,18,,,0,31,,93407,18,,,0,72,,93401,18,,,0,31,,93389,18,,,0,71,,93392,18,,,0,31,,93403,18,,,0,71,,93397,18,,,0,31,,93388,18,,,0,73,,93391,18,,,0,30,,93406,18,,,0,71,,93399,18,,,0,78,,93387,18,,,0,29,,93395,18,,,0,74,,93405,18,,,0,35,,93398,18,,,0,73,,93414,18,,,0,29,,93394,18,,,0,70,,93404,18,,,0,28,,93400,18,,,0,70,,93402,18,,,0,29,,93396,18,,,0,69,,93410,18,,,0,39,,93409,18,,,0,100,,93411,18,,,0,98,,93413,18,,,0,108,,93412,18,,,0
5200,'5463',706,,93436,18,,,0,32,,93418,18,,,0,80,,93421,18,,,0,31,,93435,18,,,0,72,,93429,18,,,0,31,,93417,18,,,0,71,,93420,18,,,0,31,,93431,18,,,0,71,,93425,18,,,0,31,,93416,18,,,0,73,,93419,18,,,0,30,,93434,18,,,0,71,,93427,18,,,0,78,,93415,18,,,0,29,,93423,18,,,0,74,,93433,18,,,0,35,,93426,18,,,0,73,,93442,18,,,0,29,,93422,18,,,0,70,,93432,18,,,0,28,,93428,18,,,0,70,,93430,18,,,0,29,,93424,18,,,0,69,,93438,18,,,0,39,,93437,18,,,0,100,,93439,18,,,0,98,,93441,18,,,0,108,,93440,18,,,0
5901,'5456',649,,94570,3,,,0,69,,94573,3,,,0,96,,94587,3,,,0,3,,94578,3,,,0,107,,94579,3,,,0,101,,94577,3,,,0,97,,94571,3,,,0,103,,94572,3,,,0,102,,94574,3,,,0,105,,94575,3,,,0,96,,94581,3,,,0,87,,94582,3,,,0,85,,94576,3,,,0,43,,94584,3,,,0,81,,94583,3,,,0,105,,94585,3,,,0,105,,94586,3,,,0,114,,94580,3,,,0
5901,'5458',649,,94588,3,,,0,69,,94591,3,,,0,96,,94605,3,,,0,3,,94596,3,,,0,107,,94597,3,,,0,101,,94595,3,,,0,97,,94589,3,,,0,103,,94590,3,,,0,102,,94592,3,,,0,105,,94593,3,,,0,96,,94599,3,,,0,87,,94600,3,,,0,85,,94594,3,,,0,43,,94602,3,,,0,81,,94601,3,,,0,105,,94603,3,,,0,105,,94604,3,,,0,114,,94598,3,,,0
5901,'5459',651,,94617,3,,,0,100,,94618,3,,,0,101,,94619,3,,,0,100,,94615,3,,,0,105,,94616,3,,,0,145,,94614,3,,,0,105,,94613,3,,,0,105,,94612,3,,,0,105,,94611,3,,,0,102,,94610,3,,,0,103,,94609,3,,,0,105,,94608,3,,,0,105,,94607,3,,,0,120,,94606,3,,,0
5901,'5460',751,,94621,3,,,0,101,,94620,3,,,0,100,,94622,3,,,0,105,,94624,3,,,0,145,,94623,3,,,0,105,,94627,3,,,0,105,,94628,3,,,0,105,,94626,3,,,0,102,,94625,3,,,0,103,,94631,3,,,0,105,,94630,3,,,0,105,,94632,3,,,0,120,,94629,3,,,0
5901,'5461',751,,94635,3,,,0,101,,94634,3,,,0,100,,94633,3,,,0,105,,94637,3,,,0,145,,94636,3,,,0,105,,94640,3,,,0,105,,94641,3,,,0,105,,94639,3,,,0,102,,94638,3,,,0,103,,94644,3,,,0,105,,94643,3,,,0,105,,94645,3,,,0,120,,94642,3,,,0
5901,'5462',751,,94647,3,,,0,101,,94646,3,,,0,100,,94648,3,,,0,105,,94650,3,,,0,145,,94649,3,,,0,105,,94653,3,,,0,105,,94654,3,,,0,105,,94652,3,,,0,102,,94651,3,,,0,103,,94657,3,,,0,105,,94656,3,,,0,105,,94658,3,,,0,120,,94655,3,,,0
5901,'5463',751,,94660,3,,,0,101,,94659,3,,,0,100,,94661,3,,,0,105,,94663,3,,,0,145,,94662,3,,,0,105,,94666,3,,,0,105,,94667,3,,,0,105,,94665,3,,,0,102,,94664,3,,,0,103,,94670,3,,,0,105,,94669,3,,,0,105,,94671,3,,,0,120,,94668,3,,,0
6101,'5456',518,,95096,3,,,0,28,,95094,3,,,0,67,,95089,3,,,0,27,,95088,3,,,0,77,,95099,3,,,0,37,,95095,3,,,0,79,,95090,3,,,0,26,,95100,3,,,0,74,,95085,3,,,0,88,,95092,3,,,0,37,,95098,3,,,0,76,,95086,3,,,0,77,,95091,3,,,0,37,,95097,3,,,0,65,,95084,3,,,0,37,,95093,3,,,0,71,,95082,3,,,0,30,,95080,3,,,0,72,,95079,3,,,0,84,,95075,3,,,0,239,,95077,3,,,0,70,,95070,3,,,0,86,,95068,3,,,0,49,,95071,3,,,0,98,,95066,3,,,0,86,,95073,3,,,0,97,,95067,3,,,0,85,,95072,3,,,0
6101,'5458',518,,95133,3,,,0,28,,95131,3,,,0,67,,95126,3,,,0,27,,95125,3,,,0,77,,95136,3,,,0,37,,95132,3,,,0,79,,95127,3,,,0,26,,95137,3,,,0,74,,95122,3,,,0,88,,95129,3,,,0,37,,95135,3,,,0,76,,95123,3,,,0,77,,95128,3,,,0,37,,95134,3,,,0,65,,95121,3,,,0,37,,95130,3,,,0,71,,95118,3,,,0,30,,95117,3,,,0,72,,95116,3,,,0,84,,95112,3,,,0,239,,95114,3,,,0,70,,95107,3,,,0,86,,95105,3,,,0,49,,95108,3,,,0,98,,95103,3,,,0,86,,95110,3,,,0,97,,95104,3,,,0,85,,95109,3,,,0,99,,95102,3,,,0
6101,'5459',551,,95139,2,,,0,95,,95140,3,,,0,78,,95141,3,,,0,101,,95142,3,,,0,83,,95143,3,,,0,49,,95144,3,,,0,71,,95145,3,,,0,86,,95146,3,,,0,32,,95147,3,,,0,72,,95148,3,,,0,83,,95149,3,,,0,38,,95150,3,,,0,76,,95151,3,,,0,36,,95152,3,,,0,66,,95153,3,,,0,36,,95154,3,,,0,77,,95155,3,,,0,74,,95156,3,,,0,34,,95157,3,,,0,76,,95158,3,,,0,36,,95159,3,,,0,76,,95160,3,,,0,81,,95161,3,,,0,43,,95162,3,,,0,98,,95163,3,,,0,87,,95164,3,,,0,99,,95165,3,,,0,84,,95166,3,,,0,100,,95167,3,,,0
6101,'5460',556,,95170,2,,,0,102,,95168,2,,,0,73,,95171,3,,,0,89,,95169,3,,,0,94,,95172,3,,,0,86,,95173,3,,,0,47,,95174,3,,,0,86,,95175,3,,,0,102,,95176,3,,,0,86,,95177,3,,,0,101,,95178,3,,,0,85,,95179,3,,,0,100,,95180,3,,,0,41,,95181,3,,,0,100,,95182,3,,,0,90,,95183,3,,,0,97,,95184,3,,,0,100,,95185,3,,,0,82,,95186,3,,,0,100,,95187,3,,,0,96,,95188,3,,,0
6101,'5461',556,,95191,2,,,0,102,,95189,2,,,0,73,,95192,3,,,0,89,,95190,3,,,0,94,,95193,3,,,0,86,,95194,3,,,0,47,,95195,3,,,0,86,,95196,3,,,0,102,,95197,3,,,0,86,,95198,3,,,0,101,,95199,3,,,0,85,,95200,3,,,0,100,,95201,3,,,0,41,,95202,3,,,0,100,,95203,3,,,0,90,,95204,3,,,0,97,,95205,3,,,0,100,,95206,3,,,0,82,,95207,3,,,0,100,,95208,3,,,0,96,,95209,3,,,0
6101,'5462',556,,95212,2,,,0,102,,95210,2,,,0,73,,95213,3,,,0,89,,95211,3,,,0,94,,95214,3,,,0,86,,95215,3,,,0,47,,95216,3,,,0,86,,95217,3,,,0,102,,95218,3,,,0,86,,95219,3,,,0,101,,95220,3,,,0,85,,95221,3,,,0,100,,95222,3,,,0,41,,95223,3,,,0,100,,95224,3,,,0,90,,95225,3,,,0,97,,95226,3,,,0,100,,95227,3,,,0,82,,95228,3,,,0,100,,95229,3,,,0,96,,95230,3,,,0
6101,'5463',556,,95233,2,,,0,102,,95231,2,,,0,73,,95234,3,,,0,89,,95232,3,,,0,94,,95235,3,,,0,86,,95236,3,,,0,47,,95237,3,,,0,86,,95238,3,,,0,102,,95239,3,,,0,86,,95240,3,,,0,101,,95241,3,,,0,85,,95242,3,,,0,100,,95243,3,,,0,41,,95244,3,,,0,100,,95245,3,,,0,90,,95246,3,,,0,97,,95247,3,,,0,100,,95248,3,,,0,82,,95249,3,,,0,100,,95250,3,,,0,96,,95251,3,,,0
6401,'5456',636,,95278,3,,,0,578,,95275,3,,,0,500,,95279,3,0,34 35 36,0
6401,'5458',636,,95285,3,,,0,578,,95282,3,,,0,500,,95286,3,0,34 35 36,0
