2401,'5456',524,,100724,42,,,0,93,,100725,42,,,0,90,,100726,42,,,0,46,,89030,42,,,0,74,,100727,42,,,0,96,,100728,42,,,0,105,,100729,42,,,0,100,,100730,42,,,0,101,,100731,42,,,0,100,,100732,42,,,0,113,,100733,42,,,0,107,,100734,42,,,0,87,,100735,42,,,0,87,,100736,42,,,0,34,,100737,42,,,0,89,,100738,42,,,0,85,,100739,42,,,0,102,,100740,42,,,0,115,,100741,42,,,0,168,,100742,42,,,0,120,,100743,42,,,0
2401,'5458',524,,100744,42,,,0,93,,100745,42,,,0,90,,100746,42,,,0,46,,89051,42,,,0,74,,100747,42,,,0,96,,100748,42,,,0,105,,100749,42,,,0,100,,100750,42,,,0,101,,100751,42,,,0,100,,100752,42,,,0,113,,100753,42,,,0,107,,100754,42,,,0,87,,100755,42,,,0,87,,100756,42,,,0,34,,100757,42,,,0,89,,100758,42,,,0,85,,100759,42,,,0,102,,100760,42,,,0,115,,100761,42,,,0,168,,100762,42,,,0,120,,100763,42,,,0
2401,'5459',714,,100765,42,,,0,108,,100764,42,,,0,105,,100766,42,,,0,100,,89072,42,,,0,103,,89069,42,,,0,98,,89070,42,,,0,95,,89071,42,,,0,101,,89078,42,,,0,98,,89073,42,,,0,102,,100767,42,,,0,104,,100768,42,,,0,127,,100769,42,,,0,164,,89081,42,,,0,130,,100770,42,,,0,170,,89083,42,,,0,118,,100771,42,,,0
2401,'5460',821,,89085,42,,,0,130,,89086,42,,,0,174,,100772,42,,,0,127,,100773,42,,,0,172,,100774,42,,,0,132,,100775,42,,,0,169,,100776,42,,,0,128,,100777,42,,,0,169,,100778,42,,,0,125,,100779,42,,,0,168,,100780,42,,,0
2401,'5461',821,,100781,42,,,0,130,,100782,42,,,0,174,,100783,42,,,0,127,,100784,42,,,0,172,,100785,42,,,0,132,,100786,42,,,0,169,,100787,42,,,0,128,,100788,42,,,0,169,,89104,42,,,0,125,,89105,42,,,0,168,,100789,42,,,0
2401,'5462',821,,100790,42,,,0,130,,100791,42,,,0,174,,100792,42,,,0,127,,100793,42,,,0,172,,100794,42,,,0,132,,100795,42,,,0,169,,100796,42,,,0,128,,100797,42,,,0,169,,89115,42,,,0,125,,89116,42,,,0,168,,100798,42,,,0
2401,'5463',821,,100799,42,,,0,130,,100800,42,,,0,174,,100801,42,,,0,127,,100802,42,,,0,172,,100803,42,,,0,132,,100804,42,,,0,169,,100805,42,,,0,128,,100806,42,,,0,169,,89126,42,,,0,125,,89127,42,,,0,168,,100807,42,,,0
2501,'5456',651,,100880,59,,,0,81,,100881,59,,,0,81,,89230,59,0,6 7,0,39,,89233,59,,,0,150,,100882,59,,,0,101,,100883,59,,,0,101,,100884,59,,,0,100,,100885,59,,,0,100,,100886,59,,,0,117,,100887,59,,,0,94,,100888,59,,,0,93,,89239,59,,,0,37,,89240,59,,,0,83,,100889,59,,,0,83,,100890,59,,,0,92,,100891,59,,,0,103,,100892,59,,,0,130,,100893,59,,,0,169,,100894,59,,,0
2501,'5458',651,,100895,59,,,0,81,,100896,59,,,0,81,,89249,59,0,6 7,0,39,,89252,59,,,0,150,,100897,59,,,0,101,,100898,59,,,0,101,,100899,59,,,0,100,,100900,59,,,0,100,,100901,59,,,0,117,,100902,59,,,0,94,,100903,59,,,0,93,,89258,59,,,0,37,,89259,59,,,0,83,,100904,59,,,0,83,,100905,59,,,0,92,,100906,59,,,0,103,,100907,59,,,0,130,,100908,59,,,0,169,,100909,59,,,0
2501,'5459',754,,100912,59,,,0,101,,100910,59,,,0,146,,89268,59,,,0,103,,100911,59,,,0,99,,100913,59,,,0,55,,89272,59,,,0,100,,89271,59,,,0,99,,89270,59,,,0,100,,89273,59,,,0,101,,89274,59,,,0,158,,89276,59,,,0,127,,100914,59,,,0,165,,100915,59,,,0,129,,100916,59,,,0,169,,100917,59,,,0
2501,'5460',910,,100919,59,,,0,132,,100918,59,,,0,170,,100920,59,,,0,131,,100921,59,,,0,172,,100922,59,,,0,131,,100923,59,,,0,167,,100924,59,,,0,129,,100925,59,,,0,169,,100926,59,,,0,124,,100927,59,,,0,169,,100928,59,,,0
2501,'5461',910,,100930,59,,,0,132,,100929,59,,,0,170,,100931,59,,,0,131,,100932,59,,,0,172,,100933,59,,,0,131,,100934,59,,,0,167,,100935,59,,,0,129,,100936,59,,,0,169,,100937,59,,,0,124,,100938,59,,,0,169,,100939,59,,,0
2501,'5462',910,,100941,59,,,0,132,,100940,59,,,0,170,,100942,59,,,0,131,,100943,59,,,0,172,,100944,59,,,0,131,,100945,59,,,0,167,,100946,59,,,0,129,,100947,59,,,0,169,,100948,59,,,0,124,,100949,59,,,0,169,,100950,59,,,0
2501,'5463',910,,100952,59,,,0,132,,100951,59,,,0,170,,100953,59,,,0,131,,100954,59,,,0,172,,100955,59,,,0,131,,100956,59,,,0,167,,100957,59,,,0,129,,100958,59,,,0,169,,100959,59,,,0,124,,100960,59,,,0,169,,100961,59,,,0
4000,'5456',638,,102555,11,,,0,81,,92842,11,,,0,27,,92840,11,,,0,65,,102554,11,,,0,108,,102549,11,,,0,103,,102550,11,,,0,98,,102547,11,,,0,101,,102552,11,,,0,99,,92828,11,,,0,98,,102551,11,,,0,100,,92827,11,,,0,82,,102545,11,,,0,31,,102548,11,,,0,69,,102544,11,,,0,35,,102546,11,,,0,95,,102553,11,,,0,102,,92829,11,,,0,170,,92831,11,,,0,343,,102543,11,,,0
4000,'5458',638,,102568,11,,,0,81,,92861,11,,,0,27,,92859,11,,,0,65,,102567,11,,,0,108,,102562,11,,,0,103,,102563,11,,,0,98,,102560,11,,,0,101,,102565,11,,,0,99,,92847,11,,,0,98,,102564,11,,,0,100,,92846,11,,,0,82,,102558,11,,,0,31,,102561,11,,,0,69,,102557,11,,,0,35,,102559,11,,,0,95,,102566,11,,,0,102,,92848,11,,,0,170,,92850,11,,,0,343,,102556,11,,,0
4000,'5459',716,,92871,11,,,0,131,,92872,11,,,0,100,,92862,11,,,0,100,,92865,11,,,0,100,,92867,11,,,0,100,,92873,11,,,0,101,,102569,11,,,0,100,,102570,11,,,0,100,,102572,11,,,0,100,,92874,11,,,0,99,,102571,11,,,0,99,,92870,11,,,0,100,,92869,11,,,0,95,,102573,11,,,0
4000,'5460',812,,92877,11,,,0,135,,92876,11,,,0,100,,92878,11,,,0,100,,92879,11,,,0,100,,92880,11,,,0,101,,92881,11,,,0,100,,102576,11,,,0,100,,102575,11,,,0,100,,102574,11,,,0,99,,102577,11,,,0,99,,92886,11,,,0,100,,92887,11,,,0
4000,'5461',812,,102578,11,,,0,135,,92888,11,,,0,100,,102579,11,,,0,100,,92891,11,,,0,100,,92892,11,,,0,101,,92893,11,,,0,100,,102582,11,,,0,100,,102581,11,,,0,100,,102580,11,,,0,99,,102583,11,,,0,99,,92898,11,,,0,100,,92899,11,,,0
4000,'5462',812,,102584,11,,,0,135,,92900,11,,,0,100,,102585,11,,,0,100,,92903,11,,,0,100,,92904,11,,,0,101,,92905,11,,,0,100,,102588,11,,,0,100,,102587,11,,,0,100,,102586,11,,,0,99,,102589,11,,,0,99,,92910,11,,,0,100,,92911,11,,,0
4000,'5463',812,,102590,11,,,0,135,,92912,11,,,0,100,,102591,11,,,0,100,,92915,11,,,0,100,,92916,11,,,0,101,,92917,11,,,0,100,,102594,11,,,0,100,,102593,11,,,0,100,,102592,11,,,0,99,,102595,11,,,0,99,,92922,11,,,0,100,,92923,11,,,0
4601,'5456',700,,93064,11,,,0,108,,93073,11,,,0,126,,93063,11,,,0,93,,93072,11,,,0,381,,102663,11,,,0,122,,93065,11,,,0,71,,102664,11,,,0,39,,93066,11,,,0,84,,93067,11,,,0,27,,102662,11,,,0,89,,93071,11,,,0
4601,'5458',700,,93076,11,,,0,108,,93085,11,,,0,126,,93075,11,,,0,93,,93084,11,,,0,381,,102667,11,,,0,122,,93077,11,,,0,71,,102668,11,,,0,39,,93078,11,,,0,84,,93079,11,,,0,27,,102666,11,,,0,89,,93083,11,,,0
