301,'5456',619,,82558,28,,,0,40,,82556,40,,,0,74,,82557,38,,,0,83,,82559,40,,,0,40,,82566,38,,,0,76,,82560,40,,,0,73,,82561,38,,,0,31,,82565,38,,,0,73,,82562,40,,,0,28,,82563,38,,,0,73,,82564,40,,,0,29,,82567,38,,,0,77,,82568,40,,,0,28,,82569,38,,,0,70,,82571,38,,,0,37,,82570,40,,,0,71,,82582,38,,,0,37,,82572,40,,,0,73,,82573,40,,,0,75,,82581,40,,,0,32,,82574,40,,,0,70,,82575,40,,,0,32,,82580,38,,,0,65,,82576,40,,,0,26,,82577,38,,,0,73,,82584,40,,,0,22,,82578,38,,,0,26,,82579,40,,,0,68,,82583,38,,,0
301,'5458',619,,82587,28,,,0,40,,82585,40,,,0,74,,82586,38,,,0,83,,82588,40,,,0,40,,82595,38,,,0,76,,82589,40,,,0,73,,82590,38,,,0,31,,82594,38,,,0,73,,82591,40,,,0,28,,82592,38,,,0,73,,82593,40,,,0,29,,82596,38,,,0,77,,82597,40,,,0,28,,82598,38,,,0,70,,82600,38,,,0,37,,82599,40,,,0,71,,82611,38,,,0,37,,82601,40,,,0,73,,82602,40,,,0,75,,82610,40,,,0,32,,82603,40,,,0,70,,82604,40,,,0,32,,82609,38,,,0,65,,82605,40,,,0,26,,82606,38,,,0,73,,82613,40,,,0,22,,82607,38,,,0,26,,82608,40,,,0,68,,82612,38,,,0
301,'5459',737,,82635,40,,,0,67,,82621,38,,,0,35,,82614,40,,,0,67,,82627,38,,,0,34,,82622,40,,,0,69,,82638,38,,,0,33,,82626,40,,,0,69,,82615,38,,,0,32,,82637,40,,,0,68,,82629,38,,,0,34,,82617,40,,,0,68,,82639,38,,,0,31,,82628,40,,,0,70,,82616,38,,,0,31,,82623,40,,,0,73,,82620,38,,,0,34,,82618,40,,,0,76,,82619,38,,,0,30,,82624,40,,,0,74,,82630,38,,,0,26,,82625,40,,,0,72,,82632,38,,,0,70,,82631,40,,,0,28,,82633,38,,,0,27,,82634,40,,,0,67,,82640,38,,,0,33,,82636,40,,,0,65,,82641,38,,,0
301,'5460',752,,82655,40,,,0,84,,82643,38,,,0,83,,82656,40,,,0,83,,82649,38,,,0,39,,82654,40,,,0,77,,82642,38,,,0,23,,82650,40,,,0,69,,82645,38,,,0,32,,82644,40,,,0,68,,82651,38,,,0,34,,82648,40,,,0,68,,82647,38,,,0,32,,82646,40,,,0,75,,82652,38,,,0,30,,82653,40,,,0,79,,82659,38,,,0,24,,82657,40,,,0,71,,82658,38,,,0,28,,82663,40,,,0,67,,82661,38,,,0,32,,82660,40,,,0,67,,82662,38,,,0,33,,82664,40,,,0,71,,82665,38,,,0
301,'5461',752,,82679,40,,,0,84,,82667,38,,,0,83,,82680,40,,,0,83,,82673,38,,,0,39,,82678,40,,,0,77,,82666,38,,,0,23,,82674,40,,,0,69,,82669,38,,,0,32,,82668,40,,,0,68,,82675,38,,,0,34,,82672,40,,,0,68,,82671,38,,,0,32,,82670,40,,,0,75,,82676,38,,,0,30,,82677,40,,,0,79,,82683,38,,,0,24,,82681,40,,,0,71,,82682,38,,,0,28,,82687,40,,,0,67,,82685,38,,,0,32,,82684,40,,,0,67,,82686,38,,,0,33,,82688,40,,,0,71,,82689,38,,,0
301,'5462',752,,82703,40,,,0,84,,82691,38,,,0,83,,82704,40,,,0,83,,82697,38,,,0,39,,82702,40,,,0,77,,82690,38,,,0,23,,82698,40,,,0,69,,82693,38,,,0,32,,82692,40,,,0,68,,82699,38,,,0,34,,82696,40,,,0,68,,82695,38,,,0,32,,82694,40,,,0,75,,82700,38,,,0,30,,82701,40,,,0,79,,82707,38,,,0,24,,82705,40,,,0,71,,82706,38,,,0,28,,82711,40,,,0,67,,82709,38,,,0,32,,82708,40,,,0,67,,82710,38,,,0,33,,82712,40,,,0,71,,82713,38,,,0
301,'5463',752,,82727,40,,,0,84,,82715,38,,,0,83,,82728,40,,,0,83,,82721,38,,,0,39,,82726,40,,,0,77,,82714,38,,,0,23,,82722,40,,,0,69,,82717,38,,,0,32,,82716,40,,,0,68,,82723,38,,,0,34,,82720,40,,,0,68,,82719,38,,,0,32,,82718,40,,,0,75,,82724,38,,,0,30,,82725,40,,,0,79,,82731,38,,,0,24,,82729,40,,,0,71,,82730,38,,,0,28,,82735,40,,,0,67,,82733,38,,,0,32,,82732,40,,,0,67,,82734,38,,,0,33,,82736,40,,,0,71,,82737,38,,,0
701,'5456',618,,84790,18,,,0,30,,84805,18,,,0,65,,84792,18,,,0,15,,84819,18,,,0,17,,84791,18,,,0,11,,99327,18,,,0,46,,84827,18,,,0,10,,84833,18,,,0,7,,84813,18,,,0,10,,84834,18,,,0,8,,84794,18,,,0,16,,84816,18,,,0,57,,84806,18,,,0,14,,84825,18,,,0,19,,84795,18,,,0,60,,84796,18,,,0,20,,84829,18,,,0,19,,84812,18,,,0,61,,84793,18,,,0,20,,84817,18,,,0,21,,84823,18,,,0,60,,84797,18,,,0,20,,84798,18,,,0,25,,84831,18,,,0,60,,84814,18,,,0,20,,84800,18,,,0,21,,99326,18,,,0,59,,84824,18,,,0,22,,84799,18,,,0,23,,84801,18,,,0,62,,84835,18,,,0,20,,84828,18,,,0,18,,84807,18,,,0,54,,99325,18,,,0,24,,84837,18,,,0,19,,84815,18,,,0,57,,84820,18,,,0,19,,84803,18,,,0,14,,84804,18,,,0,16,,84836,18,,,0,58,,84826,18,,,0,19,,84809,18,,,0,17,,84810,18,,,0,70,,84821,18,,,0,29,,84808,18,,,0,70,,84830,18,,,0,29,,84811,18,,,0,70,,84822,18,,,0
701,'5458',618,,84838,18,,,0,30,,84853,18,,,0,65,,84840,18,,,0,15,,84867,18,,,0,17,,84839,18,,,0,11,,99330,18,,,0,46,,84875,18,,,0,10,,84881,18,,,0,7,,84861,18,,,0,10,,84882,18,,,0,8,,84842,18,,,0,16,,84864,18,,,0,57,,84854,18,,,0,14,,84873,18,,,0,19,,84843,18,,,0,60,,84844,18,,,0,20,,84877,18,,,0,19,,84860,18,,,0,61,,84841,18,,,0,20,,84865,18,,,0,21,,84871,18,,,0,60,,84845,18,,,0,20,,84846,18,,,0,25,,84879,18,,,0,60,,84862,18,,,0,20,,84848,18,,,0,21,,99329,18,,,0,59,,84872,18,,,0,22,,84847,18,,,0,23,,84849,18,,,0,62,,84883,18,,,0,20,,84876,18,,,0,18,,84855,18,,,0,54,,99328,18,,,0,24,,84885,18,,,0,19,,84863,18,,,0,57,,84868,18,,,0,19,,84851,18,,,0,14,,84852,18,,,0,16,,84884,18,,,0,58,,84874,18,,,0,19,,84857,18,,,0,17,,84858,18,,,0,70,,84869,18,,,0,29,,84856,18,,,0,70,,84878,18,,,0,29,,84859,18,,,0,70,,84870,18,,,0
701,'5459',708,,84913,18,,,0,30,,84897,18,,,0,73,,99339,18,,,0,31,,84890,18,,,0,70,,84914,18,,,0,29,,84898,18,,,0,73,,99340,18,,,0,27,,84886,18,,,0,70,,99331,18,,,0,29,,99341,18,,,0,71,,99335,18,,,0,29,,99338,18,,,0,68,,84887,18,,,0,31,,99332,18,,,0,70,,84909,18,,,0,30,,99334,18,,,0,69,,84902,18,,,0,31,,99333,18,,,0,70,,84892,18,,,0,33,,84910,18,,,0,70,,99336,18,,,0,29,,84904,18,,,0,71,,84896,18,,,0,29,,99337,18,,,0,69,,84911,18,,,0,30,,84900,18,,,0,75,,84905,18,,,0,36,,84903,18,,,0,68,,84912,18,,,0
701,'5460',717,,99345,18,,,0,40,,84916,18,,,0,80,,84928,18,,,0,76,,84929,18,,,0,25,,84915,18,,,0,69,,84917,18,,,0,31,,99346,18,,,0,69,,84918,18,,,0,31,,84933,18,,,0,69,,99342,18,,,0,31,,99343,18,,,0,70,,99348,18,,,0,28,,99347,18,,,0,70,,84934,18,,,0,30,,99349,18,,,0,69,,84922,18,,,0,31,,99344,18,,,0,73,,84925,18,,,0,32,,84924,18,,,0,69,,84921,18,,,0,30,,84926,18,,,0,69,,84936,18,,,0,32,,84937,18,,,0,74,,99350,18,,,0,34,,84940,18,,,0,69,,84939,18,,,0
701,'5461',717,,84953,18,,,0,40,,99352,18,,,0,80,,84954,18,,,0,76,,84955,18,,,0,25,,99351,18,,,0,69,,84943,18,,,0,31,,84956,18,,,0,69,,84944,18,,,0,31,,84959,18,,,0,69,,84945,18,,,0,31,,99353,18,,,0,70,,99356,18,,,0,28,,99355,18,,,0,70,,84960,18,,,0,30,,99357,18,,,0,69,,84948,18,,,0,31,,99354,18,,,0,73,,84951,18,,,0,32,,84950,18,,,0,69,,84947,18,,,0,30,,84952,18,,,0,69,,84962,18,,,0,32,,84963,18,,,0,74,,99358,18,,,0,34,,99359,18,,,0,69,,84965,18,,,0
701,'5462',717,,84979,18,,,0,40,,99361,18,,,0,80,,84980,18,,,0,76,,84981,18,,,0,25,,99360,18,,,0,69,,84969,18,,,0,31,,84982,18,,,0,69,,84970,18,,,0,31,,84985,18,,,0,69,,84971,18,,,0,31,,99362,18,,,0,70,,99365,18,,,0,28,,99364,18,,,0,70,,84986,18,,,0,30,,99366,18,,,0,69,,84974,18,,,0,31,,99363,18,,,0,73,,84977,18,,,0,32,,84976,18,,,0,69,,84973,18,,,0,30,,84978,18,,,0,69,,84988,18,,,0,32,,84989,18,,,0,74,,99367,18,,,0,34,,99368,18,,,0,69,,84991,18,,,0
701,'5463',717,,85005,18,,,0,40,,99370,18,,,0,80,,85006,18,,,0,76,,85007,18,,,0,25,,99369,18,,,0,69,,84995,18,,,0,31,,85008,18,,,0,69,,84996,18,,,0,31,,85011,18,,,0,69,,84997,18,,,0,31,,99371,18,,,0,70,,99374,18,,,0,28,,99373,18,,,0,70,,85012,18,,,0,30,,99375,18,,,0,69,,85000,18,,,0,31,,99372,18,,,0,73,,85003,18,,,0,32,,85002,18,,,0,69,,84999,18,,,0,30,,85004,18,,,0,69,,85014,18,,,0,32,,85015,18,,,0,74,,99376,18,,,0,34,,99377,18,,,0,69,,85017,18,,,0
14000701,'5456',2150,,98463,23,,,0,72,,98467,23,,,0,28,,98462,23,,,0,70,,98465,23,,,0,36,,98464,23,,,0,68,,98466,23,,,0
14000701,'5458',2150,,98469,23,,,0,72,,98473,23,,,0,28,,98468,23,,,0,70,,98471,23,,,0,36,,98470,23,,,0,68,,98472,23,,,0
14000701,'5459',2151,,98474,23,,,0,72,,98475,23,,,0,30,,98477,23,,,0,69,,98476,23,,,0,35,,98478,23,,,0,67,,98479,23,,,0
14000701,'5460',2050,,105746,23,,,0,70,,98482,23,,,0,80,,98481,23,,,0,22,,98483,23,,,0,99,,98484,23,,,0,103,,98485,23,,,0
14000701,'5461',2050,,98486,23,,,0,70,,98488,23,,,0,80,,105747,23,,,0,22,,98489,23,,,0,99,,98490,23,,,0,103,,98491,23,,,0
14000701,'5462',2050,,98492,23,,,0,70,,98494,23,,,0,80,,105748,23,,,0,22,,98495,23,,,0,99,,98496,23,,,0,103,,98497,23,,,0
14000701,'5463',2050,,98498,23,,,0,70,,98500,23,,,0,80,,105749,23,,,0,22,,98501,23,,,0,99,,98502,23,,,0,103,,98503,23,,,0
