3001,'5456',618,,101846,23,,,0,31,,101847,23,,,0,73,,101848,23,,,0,28,,101849,23,,,0,70,,101850,23,,,0,33,,101851,23,,,0,67,,101852,23,,,0,30,,101853,23,,,0,69,,101854,23,,,0,31,,101855,23,,,0,70,,101856,23,,,0,30,,101857,23,,,0,72,,101858,23,,,0,30,,101859,23,,,0,70,,101860,23,,,0,32,,101861,23,,,0,70,,101862,23,,,0,31,,91611,23,,,0,73,,91612,23,,,0,72,,101863,23,,,0,32,,101864,23,,,0,72,,101865,23,,,0,34,,101866,23,,,0,68,,101867,23,,,0,28,,101868,23,,,0,76,,91619,23,,,0,39,,101869,23,,,0,79,,91621,23,,,0,94,,101870,23,,,0,99,,101871,23,,,0,108,,91624,23,,,0,91,,101872,23,,,0
3001,'5458',618,,101873,23,,,0,31,,101874,23,,,0,73,,101875,23,,,0,28,,101876,23,,,0,70,,101877,23,,,0,33,,101878,23,,,0,67,,101879,23,,,0,30,,101880,23,,,0,69,,101881,23,,,0,31,,101882,23,,,0,70,,101883,23,,,0,30,,101884,23,,,0,72,,101885,23,,,0,30,,101886,23,,,0,70,,101887,23,,,0,32,,101888,23,,,0,70,,101889,23,,,0,31,,91643,23,,,0,73,,91644,23,,,0,72,,101890,23,,,0,32,,101891,23,,,0,72,,101892,23,,,0,34,,101893,23,,,0,68,,101894,23,,,0,28,,101895,23,,,0,76,,91651,23,,,0,39,,101896,23,,,0,79,,91653,23,,,0,94,,101897,23,,,0,99,,101898,23,,,0,108,,91656,23,,,0,91,,101899,23,,,0
3001,'5459',646,,101901,23,,,0,87,,101902,23,,,0,80,,91661,23,,,0,32,,101900,23,,,0,71,,101903,23,,,0,32,,101904,23,,,0,72,,101905,23,,,0,29,,101906,23,,,0,70,,101907,23,,,0,29,,101908,23,,,0,70,,101909,23,,,0,29,,101910,23,,,0,68,,101911,23,,,0,30,,101912,23,,,0,70,,101913,23,,,0,30,,101914,23,,,0,70,,101915,23,,,0,30,,101916,23,,,0,71,,101917,23,,,0,30,,101918,23,,,0,70,,101919,23,,,0,31,,91679,23,,,0,75,,101920,23,,,0,80,,101921,23,,,0,41,,101922,23,,,0,82,,101923,23,,,0,95,,91684,23,,,0,100,,101924,23,,,0,111,,91686,23,,,0,92,,91687,23,,,0
3001,'5460',747,,101925,23,,,0,102,,101926,23,,,0,80,,101927,23,,,0,80,,101928,23,,,0,38,,101929,23,,,0,70,,101930,23,,,0,30,,101931,23,,,0,70,,101932,23,,,0,29,,91696,23,,,0,70,,91697,23,,,0,30,,101933,23,,,0,70,,101934,23,,,0,30,,91700,23,,,0,70,,101935,23,,,0,31,,101936,23,,,0,69,,91703,23,,,0,31,,101937,23,,,0,70,,101938,23,,,0,32,,101939,23,,,0,75,,101940,23,,,0,81,,101941,23,,,0,40,,101942,23,,,0,81,,101943,23,,,0,95,,101944,23,,,0,100,,101945,23,,,0,106,,91713,23,,,0,106,,101946,23,,,0
3001,'5461',747,,101947,23,,,0,102,,101948,23,,,0,80,,101949,23,,,0,80,,101950,23,,,0,38,,101951,23,,,0,70,,101952,23,,,0,30,,101953,23,,,0,70,,101954,23,,,0,29,,101955,23,,,0,70,,101956,23,,,0,30,,101957,23,,,0,70,,101958,23,,,0,30,,101959,23,,,0,70,,101960,23,,,0,31,,101961,23,,,0,69,,101962,23,,,0,31,,101963,23,,,0,70,,91732,23,,,0,32,,101964,23,,,0,75,,101965,23,,,0,81,,101966,23,,,0,40,,101967,23,,,0,81,,101968,23,,,0,95,,91738,23,,,0,100,,101969,23,,,0,106,,101970,23,,,0,106,,91741,23,,,0
3001,'5462',747,,101971,23,,,0,102,,101972,23,,,0,80,,101973,23,,,0,80,,101974,23,,,0,38,,101975,23,,,0,70,,101976,23,,,0,30,,101977,23,,,0,70,,101978,23,,,0,29,,101979,23,,,0,70,,101980,23,,,0,30,,101981,23,,,0,70,,101982,23,,,0,30,,101983,23,,,0,70,,101984,23,,,0,31,,101985,23,,,0,69,,101986,23,,,0,31,,101987,23,,,0,70,,91759,23,,,0,32,,101988,23,,,0,75,,101989,23,,,0,81,,101990,23,,,0,40,,101991,23,,,0,81,,101992,23,,,0,95,,91765,23,,,0,100,,101993,23,,,0,106,,101994,23,,,0,106,,91768,23,,,0
3001,'5463',747,,101995,23,,,0,102,,101996,23,,,0,80,,101997,23,,,0,80,,101998,23,,,0,38,,101999,23,,,0,70,,102000,23,,,0,30,,102001,23,,,0,70,,102002,23,,,0,29,,102003,23,,,0,70,,102004,23,,,0,30,,102005,23,,,0,70,,102006,23,,,0,30,,102007,23,,,0,70,,102008,23,,,0,31,,102009,23,,,0,69,,102010,23,,,0,31,,102011,23,,,0,70,,91786,23,,,0,32,,102012,23,,,0,75,,102013,23,,,0,81,,102014,23,,,0,40,,102015,23,,,0,81,,102016,23,,,0,95,,91792,23,,,0,100,,102017,23,,,0,106,,102018,23,,,0,106,,91795,23,,,0
3101,'5456',558,,92000,19,,,0,76,,102195,19,,,0,73,,92002,19,,,0,28,,102196,19,,,0,70,,102197,19,,,0,30,,92005,19,,,0,70,,102198,19,,,0,30,,102199,19,,,0,69,,92008,19,,,0,30,,102200,19,,,0,69,,92010,19,,,0,32,,92011,19,,,0,71,,102201,19,,,0,31,,92013,19,,,0,70,,92014,19,,,0,31,,92015,19,,,0,71,,92016,19,,,0,29,,102202,19,,,0,73,,92019,19,,,0,32,,102203,19,,,0,71,,102204,19,,,0,35,,102205,19,,,0,72,,102206,19,,,0,30,,102207,19,,,0,69,,102208,19,,,0,29,,102209,19,,,0,82,,102210,19,,,0,74,,102211,19,,,0,47,,92028,19,,,0,100,,92029,19,,,0,99,,102212,19,,,0,101,,102213,19,,,0,106,,102214,19,0,27 49,0
3101,'5458',558,,92033,19,,,0,76,,102215,19,,,0,73,,92035,19,,,0,28,,102216,19,,,0,70,,102217,19,,,0,30,,92038,19,,,0,70,,102218,19,,,0,30,,102219,19,,,0,69,,92041,19,,,0,30,,102220,19,,,0,69,,92043,19,,,0,32,,92044,19,,,0,71,,102221,19,,,0,31,,92046,19,,,0,70,,92047,19,,,0,31,,92048,19,,,0,71,,92049,19,,,0,29,,102222,19,,,0,73,,92052,19,,,0,32,,102223,19,,,0,71,,102224,19,,,0,35,,102225,19,,,0,72,,102226,19,,,0,30,,102227,19,,,0,69,,102228,19,,,0,29,,102229,19,,,0,82,,102230,19,,,0,74,,102231,19,,,0,47,,92061,19,,,0,100,,92062,19,,,0,99,,102232,19,,,0,101,,102233,19,,,0,106,,102234,19,0,27 49,0
3101,'5459',707,,102235,19,,,0,46,,92067,19,,,0,76,,102236,19,,,0,71,,102237,19,,,0,32,,92070,19,,,0,72,,102238,19,,,0,30,,102239,19,,,0,70,,102240,19,,,0,29,,102241,19,,,0,70,,102242,19,,,0,29,,102243,19,,,0,68,,102244,19,,,0,30,,102245,19,,,0,70,,102246,19,,,0,30,,102247,19,,,0,70,,102248,19,,,0,30,,102249,19,,,0,71,,102250,19,,,0,30,,92084,19,,,0,70,,102251,19,,,0,31,,102252,19,,,0,70,,92087,19,,,0,40,,92088,19,,,0,81,,92089,19,,,0,80,,92090,19,,,0,47,,102253,19,,,0,100,,102254,19,,,0,101,,102255,19,,,0,150,,102256,19,,,0,57,,102257,19,0,27 49,0
3101,'5460',717,,102259,19,,,0,102,,102260,19,,,0,91,,102261,19,,,0,39,,102262,19,,,0,78,,102258,19,,,0,75,,102263,19,,,0,30,,102264,19,,,0,70,,92103,19,,,0,29,,102265,19,,,0,70,,102266,19,,,0,30,,92106,19,,,0,70,,102267,19,,,0,30,,102268,19,,,0,70,,102269,19,,,0,30,,102270,19,,,0,70,,102271,19,,,0,30,,102272,19,,,0,71,,92113,19,,,0,31,,102273,19,,,0,71,,102274,19,,,0,40,,92116,19,,,0,81,,92117,19,,,0,81,,102275,19,,,0,47,,102276,19,,,0,98,,102277,19,,,0,100,,102278,19,,,0,154,,102279,19,,,0
3101,'5461',717,,102281,19,,,0,102,,102282,19,,,0,91,,102283,19,,,0,39,,102284,19,,,0,78,,102280,19,,,0,75,,102285,19,,,0,30,,102286,19,,,0,70,,92130,19,,,0,29,,102287,19,,,0,70,,102288,19,,,0,30,,92133,19,,,0,70,,102289,19,,,0,30,,102290,19,,,0,70,,102291,19,,,0,30,,102292,19,,,0,70,,102293,19,,,0,30,,102294,19,,,0,71,,102295,19,,,0,31,,102296,19,,,0,71,,102297,19,,,0,40,,92143,19,,,0,81,,92144,19,,,0,81,,92145,19,,,0,47,,102298,19,,,0,98,,102299,19,,,0,100,,102300,19,,,0,154,,102301,19,,,0
3101,'5462',717,,102303,19,,,0,102,,102304,19,,,0,91,,102305,19,,,0,39,,102306,19,,,0,78,,102302,19,,,0,75,,102307,19,,,0,30,,102308,19,,,0,70,,92157,19,,,0,29,,102309,19,,,0,70,,102310,19,,,0,30,,92160,19,,,0,70,,102311,19,,,0,30,,102312,19,,,0,70,,102313,19,,,0,30,,102314,19,,,0,70,,102315,19,,,0,30,,102316,19,,,0,71,,102317,19,,,0,31,,102318,19,,,0,71,,102319,19,,,0,40,,92170,19,,,0,81,,92171,19,,,0,81,,92172,19,,,0,47,,102320,19,,,0,98,,102321,19,,,0,100,,102322,19,,,0,154,,102323,19,,,0
3101,'5463',717,,102325,19,,,0,102,,102326,19,,,0,91,,102327,19,,,0,39,,102328,19,,,0,78,,102324,19,,,0,75,,102329,19,,,0,30,,102330,19,,,0,70,,92184,19,,,0,29,,102331,19,,,0,70,,102332,19,,,0,30,,92187,19,,,0,70,,102333,19,,,0,30,,102334,19,,,0,70,,102335,19,,,0,30,,102336,19,,,0,70,,102337,19,,,0,30,,102338,19,,,0,71,,102339,19,,,0,31,,102340,19,,,0,71,,102341,19,,,0,40,,92197,19,,,0,81,,92198,19,,,0,81,,92199,19,,,0,47,,102342,19,,,0,98,,102343,19,,,0,100,,102344,19,,,0,154,,102345,19,,,0
3201,'5456',720,,102387,28,,,0,83,,92305,28,,,0
3201,'5458',720,,102397,28,,,0,83,,92323,28,,,0
4700,'5456',700,,93089,44,,,0,25,,93087,44,,,0,27,,102670,44,,,0
4700,'5458',700,,93092,44,,,0,25,,93090,44,,,0,27,,102671,44,,,0
4800,'5456',657,,102672,48,,,0,68,,102673,48,,,0,30,,102674,48,,,0
4800,'5458',657,,102675,48,,,0,68,,102676,48,,,0,30,,102677,48,,,0
5300,'5456',733,,93664,41,,,0
5300,'5458',733,,93675,41,,,0
6100,'5456',602,,94909,68,,,0,42,,94907,68,,,0,56,,94908,68,,,0,21,,103334,68,,,0,25,,94900,68,,,0,59,,94895,68,,,0,19,,94894,68,,,0,26,,94893,68,,,0
6100,'5458',602,,94948,68,,,0,42,,94946,68,,,0,56,,94947,68,,,0,21,,103342,68,,,0,25,,94939,68,,,0,59,,94934,68,,,0,19,,94933,68,,,0,26,,94932,68,,,0
6500,'5456',626,,103386,53,,,0,103,,95290,53,,,0,27,,95289,53,,,0,82,,95288,53,,,0
6500,'5458',626,,103387,53,,,0,103,,95294,53,,,0,27,,95293,53,,,0,82,,95292,53,,,0
7001,'5456',734,,103511,11,,,0,106,,95461,11,,,0,96,,103512,11,,,0,99,,103518,11,,,0,104,,103513,11,,,0,99,,103514,11,,,0,100,,103515,11,,,0,101,,103516,11,,,0,108,,103517,11,,,0,96,,103519,11,,,0,70,,103522,11,,,0,31,,103520,11,,,0,96,,103521,11,,,0,97,,103523,11,,,0,199,,103524,11,,,0,199,,103525,11,,,0
7001,'5458',734,,103526,11,,,0,106,,95477,11,,,0,96,,103527,11,,,0,99,,103533,11,,,0,104,,103528,11,,,0,99,,103529,11,,,0,100,,103530,11,,,0,101,,103531,11,,,0,108,,103532,11,,,0,96,,103534,11,,,0,70,,103537,11,,,0,31,,103535,11,,,0,96,,103536,11,,,0,97,,103538,11,,,0,199,,103539,11,,,0,199,,103540,11,,,0
7001,'5459',934,,103541,11,,,0,102,,95484,11,,,0,102,,103542,11,,,0,100,,103543,11,,,0,100,,95487,11,,,0,104,,103544,11,,,0,101,,103545,11,,,0,99,,95490,11,,,0,93,,103546,11,,,0,99,,103547,11,,,0,98,,103548,11,,,0,200,,103549,11,,,0,200,,103550,11,,,0
7001,'5460',932,,95496,11,,,0,201,,103551,11,,,0,101,,95498,11,,,0,103,,103552,11,,,0,101,,103553,11,,,0,100,,103554,11,,,0,99,,103555,11,,,0,102,,103556,11,,,0,97,,103557,11,,,0,100,,103558,11,,,0,100,,103559,11,,,0,99,,103560,11,,,0,199,,103561,11,,,0,99,,95509,11,,,0
7001,'5461',932,,103562,11,,,0,102,,103573,11,,,0,99,,103563,11,,,0,101,,95512,11,,,0,103,,103564,11,,,0,101,,103565,11,,,0,100,,103566,11,,,0,99,,103567,11,,,0,102,,103568,11,,,0,97,,95518,11,,,0,100,,103569,11,,,0,100,,103570,11,,,0,99,,95521,11,,,0,100,,103574,11,,,0,99,,103571,11,,,0,99,,103572,11,,,0
7001,'5462',932,,103575,11,,,0,102,,103586,11,,,0,99,,103576,11,,,0,101,,95528,11,,,0,103,,103577,11,,,0,101,,103578,11,,,0,100,,103579,11,,,0,99,,103580,11,,,0,102,,103581,11,,,0,97,,95534,11,,,0,100,,103582,11,,,0,100,,103583,11,,,0,99,,95537,11,,,0,100,,103587,11,,,0,99,,103584,11,,,0,99,,103585,11,,,0
7001,'5463',932,,103588,11,,,0,201,,95543,11,,,0,101,,95544,11,,,0,103,,103589,11,,,0,101,,103590,11,,,0,100,,103591,11,,,0,99,,103592,11,,,0,102,,103593,11,,,0,97,,103594,11,,,0,100,,103595,11,,,0,100,,103596,11,,,0,99,,103597,11,,,0,199,,103598,11,,,0,99,,103599,11,,,0
7101,'5456',637,,103604,31,,,0,71,,103605,31,,,0,51,,103606,31,,,0
7101,'5458',637,,103607,31,,,0,71,,103608,31,,,0,51,,103609,31,,,0
7201,'5456',620,,103795,52,,,0,81,,103798,52,,,0,32,,103796,52,,,0,74,,103800,52,,,0,32,,103810,52,,,0,20,,103805,52,,,0,67,,103797,52,,,0,29,,103799,52,,,0,70,,103803,52,,,0,31,,103801,52,,,0,71,,103802,52,,,0,73,,103809,52,,,0,30,,103804,52,,,0,70,,103806,52,,,0,31,,103807,52,,,0,70,,103814,52,,,0,31,,103817,52,,,0,72,,103808,52,,,0,33,,103819,52,,,0,71,,103823,52,,,0,31,,103811,52,,,0,66,,103812,52,,,0,29,,103818,52,,,0,68,,103825,52,,,0,29,,103813,52,,,0,27,,103820,52,,,0,69,,103822,52,,,0,29,,103815,52,,,0,70,,103816,52,,,0,30,,103824,52,,,0,70,,103826,52,,,0,30,,103821,52,,,0
7201,'5457',1514,,103827,48,,,0
7201,'5458',620,,103828,52,,,0,81,,103831,52,,,0,32,,103829,52,,,0,74,,103833,52,,,0,32,,103844,52,,,0,20,,103838,52,,,0,67,,103830,52,,,0,29,,103832,52,,,0,70,,103836,52,,,0,31,,103834,52,,,0,71,,103835,52,,,0,73,,103843,52,,,0,30,,103837,52,,,0,70,,103839,52,,,0,31,,103840,52,,,0,70,,103848,52,,,0,31,,103851,52,,,0,72,,103842,52,,,0,10,,103841,48,,,0,23,,103853,52,,,0,71,,103857,52,,,0,31,,103845,52,,,0,66,,103846,52,,,0,29,,103852,52,,,0,68,,103859,52,,,0,29,,103847,52,,,0,27,,103854,52,,,0,69,,103856,52,,,0,29,,103849,52,,,0,70,,103850,52,,,0,30,,103858,52,,,0,70,,103860,52,,,0,30,,103855,52,,,0
7201,'5459',647,,103885,52,,,0,103,,95838,52,,,0,100,,103862,52,,,0,73,,103863,52,,,0,32,,103864,52,,,0,70,,103865,52,,,0,32,,95843,52,,,0,71,,103866,52,,,0,31,,103867,52,,,0,70,,103868,52,,,0,71,,103861,52,,,0,30,,103869,52,,,0,29,,103870,52,,,0,71,,103871,52,,,0,74,,103872,52,,,0,31,,103873,52,,,0,68,,103874,52,,,0,32,,103875,52,,,0,68,,103876,52,,,0,27,,103877,52,,,0,27,,103878,52,,,0,70,,103879,52,,,0,28,,103880,52,,,0,69,,103881,52,,,0,28,,95860,52,,,0,70,,95861,52,,,0,31,,103882,52,,,0,69,,103883,52,,,0,30,,103884,52,,,0
7201,'5460',749,,103887,52,,,0,101,,95868,52,,,0,101,,103888,52,,,0,106,,103889,52,,,0,100,,103891,52,,,0,70,,103892,52,,,0,30,,103886,52,,,0,71,,103890,52,,,0,30,,103893,52,,,0,70,,103895,52,,,0,30,,103896,52,,,0,71,,103897,52,,,0,29,,103894,52,,,0,69,,103898,52,,,0,29,,103899,52,,,0,70,,103900,52,,,0,74,,103901,52,,,0,28,,103902,52,,,0,31,,103903,52,,,0,69,,103904,52,,,0,30,,95887,52,,,0,69,,103905,52,,,0,30,,103906,52,,,0,70,,103907,52,,,0,29,,95890,52,,,0
7201,'5461',749,,103909,52,,,0,101,,103910,52,,,0,101,,103911,52,,,0,106,,103912,52,,,0,100,,103914,52,,,0,70,,103915,52,,,0,30,,103908,52,,,0,71,,103913,52,,,0,30,,103916,52,,,0,70,,103918,52,,,0,30,,103919,52,,,0,71,,103920,52,,,0,29,,103917,52,,,0,69,,103921,52,,,0,29,,103922,52,,,0,70,,103923,52,,,0,74,,103924,52,,,0,28,,103925,52,,,0,31,,103926,52,,,0,69,,103927,52,,,0,30,,103929,52,,,0,69,,103928,52,,,0,30,,103930,52,,,0,70,,103931,52,,,0,29,,103932,52,,,0
7201,'5462',749,,103934,52,,,0,101,,103935,52,,,0,101,,103936,52,,,0,106,,103937,52,,,0,100,,103939,52,,,0,70,,103940,52,,,0,30,,103933,52,,,0,71,,103938,52,,,0,30,,103941,52,,,0,70,,103943,52,,,0,30,,103944,52,,,0,71,,103945,52,,,0,29,,103942,52,,,0,69,,103946,52,,,0,29,,103947,52,,,0,70,,103948,52,,,0,74,,103949,52,,,0,28,,103950,52,,,0,31,,103951,52,,,0,69,,103952,52,,,0,30,,103954,52,,,0,69,,103953,52,,,0,30,,103955,52,,,0,70,,103956,52,,,0,29,,103957,52,,,0
7201,'5463',749,,103959,52,,,0,101,,103960,52,,,0,101,,103961,52,,,0,106,,103962,52,,,0,100,,103964,52,,,0,70,,103965,52,,,0,30,,103958,52,,,0,71,,103963,52,,,0,30,,103966,52,,,0,70,,103968,52,,,0,30,,103969,52,,,0,71,,103970,52,,,0,29,,103967,52,,,0,69,,103971,52,,,0,29,,103972,52,,,0,70,,103973,52,,,0,74,,103974,52,,,0,28,,103975,52,,,0,31,,103976,52,,,0,69,,103977,52,,,0,30,,95962,52,,,0,69,,103978,52,,,0,30,,103979,52,,,0,70,,103980,52,,,0,29,,103981,52,,,0
7501,'5456',614,,96154,47,,,0,30,,96151,47,,,0,63,,96152,47,,,0,21,,104088,47,,,0,24,,104090,47,,,0,66,,104087,47,,,0,19,,96163,47,,,0,16,,104091,47,,,0,68,,96155,47,,,0,32,,104089,49,,,0,79,,96159,49,,,0,70,,104092,49,,,0,34,,104093,49,,,0,68,,96164,49,,,0,30,,104094,49,,,0,71,,96166,49,,,0,30,,104095,49,,,0,70,,96168,49,,,0,33,,104096,49,,,0,72,,104097,49,,,0,34,,104098,49,,,0,59,,104106,49,,,0,10,,104099,49,,,0,19,,96174,49,,,0,14,,96173,49,,,0,9,,96182,47,,,0,49,,104105,28,,,0,10,,104100,49,,,0,27,,96176,49,,,0,67,,104101,49,,,0,29,,96178,49,,,0,98,,96179,49,,,0,96,,96180,49,,,0,100,,104102,49,,,0,98,,104103,49,,,0
7501,'5458',614,,96191,47,,,0,30,,96188,47,,,0,63,,96189,47,,,0,21,,104108,47,,,0,24,,104110,47,,,0,66,,104107,47,,,0,19,,96200,47,,,0,16,,104111,47,,,0,68,,96192,47,,,0,32,,104109,49,,,0,79,,96196,49,,,0,70,,104112,49,,,0,34,,104113,49,,,0,68,,96201,49,,,0,30,,104114,49,,,0,71,,96203,49,,,0,30,,104115,49,,,0,70,,96205,49,,,0,33,,104116,49,,,0,72,,104117,49,,,0,34,,104118,49,,,0,59,,104126,49,,,0,10,,104119,49,,,0,19,,96211,49,,,0,14,,96210,49,,,0,9,,96219,47,,,0,49,,104125,28,,,0,10,,104120,49,,,0,27,,96213,49,,,0,67,,104121,49,,,0,29,,96215,49,,,0,98,,96216,49,,,0,96,,96217,49,,,0,100,,104122,49,,,0,98,,104123,49,,,0
7501,'5459',817,,96226,47,,,0,101,,104128,47,,,0,113,,104129,49,,,0,104,,96229,49,,,0,102,,96230,49,,,0,70,,104130,49,,,0,30,,104131,49,,,0,70,,104132,49,,,0,30,,104133,49,,,0,74,,96235,49,,,0,30,,104134,49,,,0,70,,96237,49,,,0,30,,96238,49,,,0,69,,104135,49,,,0,30,,104136,49,,,0,96,,104137,49,,,0,94,,96242,49,,,0,99,,96243,49,,,0,100,,104138,49,,,0,100,,104139,49,,,0
7501,'5460',918,,96250,47,,,0,110,,104142,49,,,0,101,,96252,49,,,0,104,,104143,49,,,0,71,,104144,49,,,0,30,,96255,49,,,0,70,,104145,49,,,0,30,,96257,49,,,0,71,,104146,49,,,0,31,,104147,49,,,0,70,,104148,49,,,0,30,,104149,49,,,0,100,,104150,49,,,0,101,,104151,49,,,0,99,,104152,49,,,0,98,,96265,49,,,0,99,,104153,49,,,0,100,,104154,49,,,0
7501,'5461',918,,96272,47,,,0,110,,96273,49,,,0,101,,96274,49,,,0,104,,96275,49,,,0,71,,104158,49,,,0,30,,96277,49,,,0,70,,104159,49,,,0,30,,96279,49,,,0,71,,104160,49,,,0,31,,104161,49,,,0,70,,104162,49,,,0,30,,104163,49,,,0,100,,104164,49,,,0,101,,104165,49,,,0,99,,104166,49,,,0,98,,104167,49,,,0,99,,104168,49,,,0,100,,96289,49,,,0
7501,'5462',918,,96294,47,,,0,110,,96295,49,,,0,101,,96296,49,,,0,104,,96297,49,,,0,71,,104172,49,,,0,30,,96299,49,,,0,70,,104173,49,,,0,30,,96301,49,,,0,71,,104174,49,,,0,31,,104175,49,,,0,70,,104176,49,,,0,30,,104177,49,,,0,100,,104178,49,,,0,101,,104179,49,,,0,99,,104180,49,,,0,98,,104181,49,,,0,99,,104182,49,,,0,100,,96311,49,,,0
7501,'5463',918,,96316,47,,,0,110,,96317,49,,,0,101,,96318,49,,,0,104,,96319,49,,,0,71,,104186,49,,,0,30,,96321,49,,,0,70,,104187,49,,,0,30,,96323,49,,,0,71,,104188,49,,,0,31,,104189,49,,,0,70,,104190,49,,,0,30,,104191,49,,,0,100,,104192,49,,,0,101,,104193,49,,,0,99,,104194,49,,,0,98,,104195,49,,,0,99,,104196,49,,,0,100,,96333,49,,,0
9500,'5456',503,,104484,17,0,15,0,25,,104485,17,0,15,0,17,,104487,17,0,15,0,55,,104488,17,0,15,0,15,,104486,17,0,15,0,11,,104489,17,0,15,0,11,,104498,17,0,15,0,11,,104508,17,0,15,0,8,,104493,17,0,15,0,48,,104492,17,0,15,0,3,,96936,17,0,15,0,4,,104497,17,0,15,0,8,,104491,17,0,15,0,7,,104494,17,0,15,0,9,,104495,17,0,15,0,9,,104490,17,0,15,0,7,,96867,17,0,15,0,8,,104504,17,0,15,0,47,,104499,17,0,15,0,9,,96868,17,0,15,0,8,,104506,17,0,15,0,9,,104503,17,0,15,0,9,,104509,17,0,15,0,10,,104507,17,0,15,0,50,,104501,17,0,15,0,9,,104496,17,0,15,0,10,,104502,17,0,15,0,11,,104500,17,0,15,0,10,,104505,17,0,15,0,10,,96870,17,0,15,0,50,,104524,17,0,15,0,10,,104520,17,0,15,0,10,,104521,17,0,15,0,11,,104522,17,0,15,0,12,,104525,17,0,15,0,12,,104515,17,0,15,0,52,,104511,17,0,15,0,12,,104516,17,0,15,0,12,,104513,17,0,15,0,13,,104510,17,0,15,0,12,,104523,17,0,15,0,52,,104517,17,0,15,0,12,,104519,17,0,15,0,12,,104518,17,0,15,0,13,,104526,17,0,15,0,12,,104514,17,0,15,0,52,,104512,17,0,15,0,12,,104535,17,0,15,0,12,,104528,17,0,15,0,12,,96925,17,0,15,0,11,,104540,17,0,15,0,50,,104532,17,0,15,0,10,,104534,17,0,15,0,10,,104537,17,0,15,0,10,,96923,17,0,15,0,11,,104536,17,0,15,0,10,,104541,17,0,15,0,51,,104533,17,0,15,0,11,,104527,17,0,15,0,11,,104563,17,0,15,0,10,,104531,17,0,15,0,10,,104542,17,0,15,0,51,,96924,17,0,15,0,10,,104539,17,0,15,0,10,,104529,17,0,15,0,11,,104530,17,0,15,0,11,,104538,17,0,15,0,10,,96935,17,0,15,0,51,,104550,17,0,15,0,8,,104552,17,0,15,0,12,,104546,17,0,15,0,13,,104567,17,0,15,0,12,,104564,17,0,15,0,53,,104571,17,0,15,0,13,,104543,17,0,15,0,12,,104547,17,0,15,0,14,,104545,17,0,15,0,12,,104551,17,0,15,0,52,,104549,17,0,15,0,12,,104553,17,0,15,0,15,,104544,17,0,15,0,15,,104565,17,0,15,0,56,,104569,17,0,15,0,15,,104548,17,0,15,0,15,,104557,17,0,15,0,15,,104559,17,0,15,0,55,,104560,17,0,15,0,15,,104555,17,0,15,0,20,,104566,17,0,15,0,20,,104570,17,0,15,0,61,,104556,17,0,15,0,20,,104558,17,0,15,0,70,,104554,17,0,15,0,32,,104568,17,0,15,0,70,,104562,17,0,15,0,30,,104561,17,0,15,0
9500,'5458',503,,104572,17,0,15,0,25,,104573,17,0,15,0,17,,104575,17,0,15,0,55,,104576,17,0,15,0,15,,104574,17,0,15,0,11,,104577,17,0,15,0,11,,104586,17,0,15,0,11,,104596,17,0,15,0,8,,104581,17,0,15,0,48,,104580,17,0,15,0,3,,97035,17,0,15,0,4,,104585,17,0,15,0,8,,104579,17,0,15,0,7,,104582,17,0,15,0,9,,104583,17,0,15,0,9,,104578,17,0,15,0,7,,96963,17,0,15,0,8,,104592,17,0,15,0,47,,104587,17,0,15,0,9,,96964,17,0,15,0,8,,104594,17,0,15,0,9,,104591,17,0,15,0,9,,104597,17,0,15,0,10,,104595,17,0,15,0,50,,104589,17,0,15,0,9,,104584,17,0,15,0,10,,104590,17,0,15,0,11,,104588,17,0,15,0,10,,104593,17,0,15,0,10,,96966,17,0,15,0,50,,104612,17,0,15,0,10,,104608,17,0,15,0,10,,104609,17,0,15,0,11,,104610,17,0,15,0,12,,104613,17,0,15,0,12,,104603,17,0,15,0,52,,104599,17,0,15,0,12,,104604,17,0,15,0,12,,104601,17,0,15,0,13,,104598,17,0,15,0,12,,104611,17,0,15,0,52,,104605,17,0,15,0,12,,104607,17,0,15,0,12,,104606,17,0,15,0,13,,104614,17,0,15,0,12,,104602,17,0,15,0,52,,104600,17,0,15,0,12,,104623,17,0,15,0,12,,104616,17,0,15,0,12,,97021,17,0,15,0,11,,104628,17,0,15,0,50,,104620,17,0,15,0,10,,104622,17,0,15,0,10,,104625,17,0,15,0,10,,97019,17,0,15,0,11,,104624,17,0,15,0,10,,104629,17,0,15,0,51,,104621,17,0,15,0,11,,104615,17,0,15,0,11,,104651,17,0,15,0,10,,104619,17,0,15,0,10,,104630,17,0,15,0,51,,97020,17,0,15,0,10,,104627,17,0,15,0,10,,104617,17,0,15,0,11,,104618,17,0,15,0,11,,104626,17,0,15,0,10,,97031,17,0,15,0,51,,104638,17,0,15,0,8,,104640,17,0,15,0,12,,104634,17,0,15,0,13,,104655,17,0,15,0,12,,104652,17,0,15,0,53,,104659,17,0,15,0,13,,104631,17,0,15,0,12,,104635,17,0,15,0,14,,104633,17,0,15,0,12,,104639,17,0,15,0,52,,104637,17,0,15,0,12,,104641,17,0,15,0,15,,104632,17,0,15,0,15,,104653,17,0,15,0,56,,104657,17,0,15,0,15,,104636,17,0,15,0,15,,104645,17,0,15,0,15,,104647,17,0,15,0,55,,104648,17,0,15,0,15,,104643,17,0,15,0,20,,104654,17,0,15,0,20,,104658,17,0,15,0,61,,104644,17,0,15,0,20,,104646,17,0,15,0,70,,104642,17,0,15,0,32,,104656,17,0,15,0,70,,104650,17,0,15,0,30,,104649,17,0,15,0,70,,104660,17,0,15,0,30,,104661,17,0,15,0,70,,97034,17,0,15,0
9500,'5459',618,,104662,17,0,15,0,32,,104663,17,0,15,0,62,,104664,17,0,15,0,15,,104665,17,0,15,0,15,,104666,17,0,15,0,15,,104667,17,0,15,0,55,,104668,17,0,15,0,16,,104669,17,0,15,0,15,,104670,17,0,15,0,14,,104671,17,0,15,0,54,,104672,17,0,15,0,15,,104673,17,0,15,0,15,,104674,17,0,15,0,15,,104675,17,0,15,0,54,,104676,17,0,15,0,15,,104677,17,0,15,0,14,,104678,17,0,15,0,15,,104679,17,0,15,0,54,,104680,17,0,15,0,15,,104681,17,0,15,0,14,,104682,17,0,15,0,13,,104683,17,0,15,0,52,,104684,17,0,15,0,11,,104685,17,0,15,0,12,,104686,17,0,15,0,12,,104687,17,0,15,0,12,,97062,17,0,15,0,52,,104688,17,0,15,0,11,,104689,17,0,15,0,12,,104690,17,0,15,0,12,,104691,17,0,15,0,13,,104692,17,0,15,0,52,,104693,17,0,15,0,11,,104694,17,0,15,0,12,,104695,17,0,15,0,11,,104696,17,0,15,0,11,,104697,17,0,15,0,12,,97073,17,0,15,0,53,,104698,17,0,15,0,12,,104699,17,0,15,0,12,,104700,17,0,15,0,13,,104701,17,0,15,0,52,,104702,17,0,15,0,12,,104703,17,0,15,0,13,,104704,17,0,15,0,12,,104705,17,0,15,0,12,,104706,17,0,15,0,53,,104707,17,0,15,0,12,,104708,17,0,15,0,13,,104709,17,0,15,0,12,,104710,17,0,15,0,13,,104711,17,0,15,0,52,,104712,17,0,15,0,13,,104713,17,0,15,0,16,,104714,17,0,15,0,15,,104715,17,0,15,0,56,,104716,17,0,15,0,15,,104717,17,0,15,0,15,,104718,17,0,15,0,15,,104719,17,0,15,0,55,,104720,17,0,15,0,15,,104721,17,0,15,0,16,,104722,17,0,15,0,15,,104723,17,0,15,0,55,,104724,17,0,15,0,15,,104725,17,0,15,0,20,,104726,17,0,15,0,60,,104727,17,0,15,0,20,,104728,17,0,15,0,20,,104729,17,0,15,0,71,,104730,17,0,15,0,31,,104731,17,0,15,0,70,,104732,17,0,15,0,30,,104733,17,0,15,0,69,,104734,17,0,15,0,30,,104735,17,0,15,0,70,,97112,17,0,15,0
9500,'5460',620,,104736,17,0,15,0,30,,104738,17,0,15,0,60,,104739,17,0,15,0,20,,104740,17,0,15,0,20,,104741,17,0,15,0,55,,104742,17,0,15,0,15,,104737,17,0,15,0,15,,104743,17,0,15,0,14,,104744,17,0,15,0,54,,104745,17,0,15,0,15,,104746,17,0,15,0,15,,104747,17,0,15,0,14,,104748,17,0,15,0,55,,104749,17,0,15,0,15,,104751,17,0,15,0,15,,104752,17,0,15,0,15,,104750,17,0,15,0,55,,104753,17,0,15,0,14,,104754,17,0,15,0,15,,104755,17,0,15,0,15,,104756,17,0,15,0,55,,104803,17,0,15,0,15,,104757,17,0,15,0,15,,104802,17,0,15,0,14,,104758,17,0,15,0,14,,104801,17,0,15,0,55,,104759,17,0,15,0,15,,104760,17,0,15,0,15,,104761,17,0,15,0,15,,104762,17,0,15,0,55,,104763,17,0,15,0,15,,104764,17,0,15,0,15,,104765,17,0,15,0,15,,104766,17,0,15,0,53,,104767,17,0,15,0,12,,104768,17,0,15,0,12,,104769,17,0,15,0,13,,104770,17,0,15,0,51,,104771,17,0,15,0,12,,104772,17,0,15,0,13,,104773,17,0,15,0,12,,104774,17,0,15,0,13,,104775,17,0,15,0,52,,104776,17,0,15,0,14,,104777,17,0,15,0,15,,104778,17,0,15,0,18,,104779,17,0,15,0,55,,104780,17,0,15,0,15,,104781,17,0,15,0,16,,104782,17,0,15,0,15,,104783,17,0,15,0,55,,104784,17,0,15,0,15,,104785,17,0,15,0,15,,104786,17,0,15,0,16,,104787,17,0,15,0,55,,104788,17,0,15,0,15,,104789,17,0,15,0,15,,104790,17,0,15,0,15,,104791,17,0,15,0,55,,104793,17,0,15,0,15,,104794,17,0,15,0,21,,104792,17,0,15,0,60,,104795,17,0,15,0,20,,104796,17,0,15,0,20,,104797,17,0,15,0,71,,104798,17,0,15,0,30,,104799,17,0,15,0,70,,104800,17,0,15,0
9500,'5461',620,,104804,17,0,15,0,30,,104806,17,0,15,0,60,,104807,17,0,15,0,20,,104808,17,0,15,0,20,,104809,17,0,15,0,55,,104810,17,0,15,0,15,,104805,17,0,15,0,15,,104811,17,0,15,0,14,,104812,17,0,15,0,54,,104813,17,0,15,0,15,,104814,17,0,15,0,15,,104815,17,0,15,0,14,,104816,17,0,15,0,55,,104817,17,0,15,0,15,,104819,17,0,15,0,15,,104820,17,0,15,0,15,,104818,17,0,15,0,55,,104821,17,0,15,0,14,,104822,17,0,15,0,15,,104823,17,0,15,0,15,,104824,17,0,15,0,55,,104871,17,0,15,0,15,,104825,17,0,15,0,15,,104870,17,0,15,0,14,,104826,17,0,15,0,14,,104869,17,0,15,0,55,,104827,17,0,15,0,15,,104828,17,0,15,0,15,,104829,17,0,15,0,15,,104830,17,0,15,0,55,,104831,17,0,15,0,15,,104832,17,0,15,0,15,,104833,17,0,15,0,15,,104834,17,0,15,0,53,,104835,17,0,15,0,12,,104836,17,0,15,0,12,,104837,17,0,15,0,13,,104838,17,0,15,0,51,,104839,17,0,15,0,12,,104840,17,0,15,0,13,,104841,17,0,15,0,12,,104842,17,0,15,0,13,,104843,17,0,15,0,52,,104844,17,0,15,0,14,,104845,17,0,15,0,15,,104846,17,0,15,0,18,,104847,17,0,15,0,55,,104848,17,0,15,0,15,,104849,17,0,15,0,16,,104850,17,0,15,0,15,,104851,17,0,15,0,55,,104852,17,0,15,0,15,,104853,17,0,15,0,15,,104854,17,0,15,0,16,,104855,17,0,15,0,55,,104856,17,0,15,0,15,,104857,17,0,15,0,15,,104858,17,0,15,0,15,,104859,17,0,15,0,55,,104861,17,0,15,0,15,,104862,17,0,15,0,21,,104860,17,0,15,0,60,,104863,17,0,15,0,20,,104864,17,0,15,0,20,,104865,17,0,15,0,71,,104866,17,0,15,0,30,,104867,17,0,15,0,70,,104868,17,0,15,0
9500,'5462',620,,104872,17,0,15,0,30,,104874,17,0,15,0,60,,104875,17,0,15,0,20,,104876,17,0,15,0,20,,104877,17,0,15,0,55,,104878,17,0,15,0,15,,104873,17,0,15,0,15,,104879,17,0,15,0,14,,104880,17,0,15,0,54,,104881,17,0,15,0,15,,104882,17,0,15,0,15,,104883,17,0,15,0,14,,104884,17,0,15,0,55,,104885,17,0,15,0,15,,104887,17,0,15,0,15,,104888,17,0,15,0,15,,104886,17,0,15,0,55,,104889,17,0,15,0,14,,104890,17,0,15,0,15,,104891,17,0,15,0,15,,104892,17,0,15,0,55,,104939,17,0,15,0,15,,104893,17,0,15,0,15,,104938,17,0,15,0,14,,104894,17,0,15,0,14,,104937,17,0,15,0,55,,104895,17,0,15,0,15,,104896,17,0,15,0,15,,104897,17,0,15,0,15,,104898,17,0,15,0,55,,104899,17,0,15,0,15,,104900,17,0,15,0,15,,104901,17,0,15,0,15,,104902,17,0,15,0,53,,104903,17,0,15,0,12,,104904,17,0,15,0,12,,104905,17,0,15,0,13,,104906,17,0,15,0,51,,104907,17,0,15,0,12,,104908,17,0,15,0,13,,104909,17,0,15,0,12,,104910,17,0,15,0,13,,104911,17,0,15,0,52,,104912,17,0,15,0,14,,104913,17,0,15,0,15,,104914,17,0,15,0,18,,104915,17,0,15,0,55,,104916,17,0,15,0,15,,104917,17,0,15,0,16,,104918,17,0,15,0,15,,104919,17,0,15,0,55,,104920,17,0,15,0,15,,104921,17,0,15,0,15,,104922,17,0,15,0,16,,104923,17,0,15,0,55,,104924,17,0,15,0,15,,104925,17,0,15,0,15,,104926,17,0,15,0,15,,104927,17,0,15,0,55,,104929,17,0,15,0,15,,104930,17,0,15,0,21,,104928,17,0,15,0,60,,104931,17,0,15,0,20,,104932,17,0,15,0,20,,104933,17,0,15,0,71,,104934,17,0,15,0,30,,104935,17,0,15,0,70,,104936,17,0,15,0
9500,'5463',620,,104940,17,0,15,0,30,,104942,17,0,15,0,60,,104943,17,0,15,0,20,,104944,17,0,15,0,20,,104945,17,0,15,0,55,,104946,17,0,15,0,15,,104941,17,0,15,0,15,,104947,17,0,15,0,14,,104948,17,0,15,0,54,,104949,17,0,15,0,15,,104950,17,0,15,0,15,,104951,17,0,15,0,14,,104952,17,0,15,0,55,,104953,17,0,15,0,15,,104955,17,0,15,0,15,,104956,17,0,15,0,15,,104954,17,0,15,0,55,,104957,17,0,15,0,14,,104958,17,0,15,0,15,,104959,17,0,15,0,15,,104960,17,0,15,0,55,,105007,17,0,15,0,15,,104961,17,0,15,0,15,,105006,17,0,15,0,14,,104962,17,0,15,0,14,,105005,17,0,15,0,55,,104963,17,0,15,0,15,,104964,17,0,15,0,15,,104965,17,0,15,0,15,,104966,17,0,15,0,55,,104967,17,0,15,0,15,,104968,17,0,15,0,15,,104969,17,0,15,0,15,,104970,17,0,15,0,53,,104971,17,0,15,0,12,,104972,17,0,15,0,12,,104973,17,0,15,0,13,,104974,17,0,15,0,51,,104975,17,0,15,0,12,,104976,17,0,15,0,13,,104977,17,0,15,0,12,,104978,17,0,15,0,13,,104979,17,0,15,0,52,,104980,17,0,15,0,14,,104981,17,0,15,0,15,,104982,17,0,15,0,18,,104983,17,0,15,0,55,,104984,17,0,15,0,15,,104985,17,0,15,0,16,,104986,17,0,15,0,15,,104987,17,0,15,0,55,,104988,17,0,15,0,15,,104989,17,0,15,0,15,,104990,17,0,15,0,16,,104991,17,0,15,0,55,,104992,17,0,15,0,15,,104993,17,0,15,0,15,,104994,17,0,15,0,15,,104995,17,0,15,0,55,,104997,17,0,15,0,15,,104998,17,0,15,0,21,,104996,17,0,15,0,60,,104999,17,0,15,0,20,,105000,17,0,15,0,20,,105001,17,0,15,0,71,,105002,17,0,15,0,30,,105003,17,0,15,0,70,,105004,17,0,15,0
1007201,'5456',2300,,105692,55,,,0,57,,105694,55,,,0,98,,105693,55,,,0
1007201,'5458',2300,,105695,55,,,0,57,,105697,55,,,0,98,,105696,55,,,0
1007201,'5459',2300,,98271,55,,,0,57,,105698,55,,,0,97,,105699,55,,,0
1007201,'5460',2259,,98274,55,,,0,97,,105700,55,,,0
1007201,'5461',2259,,105701,55,,,0,97,,105702,55,,,0
1007201,'5462',2259,,105703,55,,,0,97,,105704,55,,,0
1007201,'5463',2259,,98280,55,,,0,97,,105705,55,,,0
24007001,'5456',2520,,98629,9,0,27,0
24007001,'5458',1332,,98631,10,,,0,206,,98632,10,,,0,199,,98633,10,,,0,193,,98635,10,,,0,199,,98634,10,,,0,391,,98630,9,0,27,0
24007001,'5459',1132,,98636,10,,,0,199,,98637,10,,,0,203,,105772,10,,,0,195,,105773,10,,,0,199,,105774,10,,,0,198,,105775,10,,,0,394,,98642,9,0,27,0
24007001,'5460',1127,,98643,10,,,0,205,,105776,10,,,0,202,,98645,10,,,0,197,,105777,10,,,0,200,,105778,10,,,0,197,,105779,10,,,0,312,,105780,9,0,27,0
24007001,'5461',1127,,105781,10,,,0,108,,105786,10,,,0,97,,105782,10,,,0,102,,105788,10,,,0,100,,98652,10,,,0,101,,105787,10,,,0,96,,105783,10,,,0,101,,105789,10,,,0,99,,105784,10,,,0,197,,105785,10,,,0,312,,98656,9,0,27,0
24007001,'5462',1127,,105790,10,,,0,108,,105795,10,,,0,97,,105791,10,,,0,102,,105797,10,,,0,100,,98663,10,,,0,101,,105796,10,,,0,96,,105792,10,,,0,101,,105798,10,,,0,99,,105793,10,,,0,197,,105794,10,,,0,312,,98667,9,0,27,0
24007001,'5463',1127,,105799,10,,,0,108,,105804,10,,,0,97,,105800,10,,,0,202,,98674,10,,,0,101,,98680,10,,,0,96,,105801,10,,,0,200,,105802,10,,,0,197,,105803,10,,,0,312,,98678,9,0,27,0
