200,'5456',604,,81973,29,,,0,40,,81974,29,,,0,61,,81975,29,,,0,32,,81976,29,,,0,72,,81977,29,,,0,31,,81978,29,,,0,71,,81979,29,,,0,29,,81980,29,,,0,86,,81982,29,,,0,78,,81983,29,,,0,41,,81984,29,,,0,81,,81985,29,,,0,80,,81986,29,,,0,41,,81987,29,,,0,79,,81988,29,,,0,79,,81989,29,,,0,36,,82007,29,,,0,77,,82003,29,,,0,36,,82005,29,,,0,88,,81997,29,,,0,72,,81995,29,,,0,39,,82002,29,,,0,89,,81994,29,,,0,78,,82001,29,,,0,82,,81993,29,,,0,40,,82000,29,,,0,78,,81992,29,,,0,39,,81999,29,,,0,79,,81991,29,,,0,79,,81998,29,,,0
200,'5458',604,,82008,29,,,0,40,,82009,29,,,0,61,,82010,29,,,0,32,,82011,29,,,0,72,,82012,29,,,0,31,,82013,29,,,0,71,,82014,29,,,0,29,,82015,29,,,0,86,,82017,29,,,0,78,,82018,29,,,0,41,,82019,29,,,0,81,,82020,29,,,0,80,,82021,29,,,0,41,,82022,29,,,0,79,,82023,29,,,0,79,,82024,29,,,0,36,,82043,29,,,0,77,,82039,29,,,0,36,,82041,29,,,0,88,,82033,29,,,0,72,,82031,29,,,0,39,,82038,29,,,0,89,,82030,29,,,0,78,,82037,29,,,0,82,,82029,29,,,0,40,,82036,29,,,0,78,,82028,29,,,0,39,,82035,29,,,0,79,,82027,29,,,0,79,,82034,29,,,0
200,'5459',614,,98692,29,,,0,113,,98695,29,,,0,120,,98693,29,,,0,80,,98685,29,,,0,87,,98694,29,,,0,40,,98684,29,,,0,80,,82044,29,,,0,81,,82051,29,,,0,40,,98681,29,,,0,81,,98688,29,,,0,81,,98682,29,,,0,41,,82049,29,,,0,80,,82048,29,,,0,79,,98683,29,,,0,40,,98690,29,,,0,79,,98691,29,,,0,74,,82060,29,,,0,40,,82054,29,,,0,75,,98686,29,,,0,94,,82057,29,,,0,40,,98687,29,,,0,85,,82072,29,,,0,80,,98696,29,,,0,80,,82068,29,,,0,37,,98697,29,,,0,79,,82067,29,,,0
200,'5460',710,,82096,29,,,0,120,,82095,29,,,0,122,,82094,29,,,0,101,,82075,29,,,0,81,,82093,29,,,0,81,,82081,29,,,0,40,,82079,29,,,0,80,,82074,29,,,0,82,,82076,29,,,0,40,,82087,29,,,0,80,,82082,29,,,0,80,,82077,29,,,0,39,,82080,29,,,0,79,,82078,29,,,0,74,,82088,29,,,0,39,,82084,29,,,0,94,,82089,29,,,0,80,,82085,29,,,0,80,,82091,29,,,0,39,,82092,29,,,0,80,,82090,29,,,0,79,,82097,29,,,0,40,,82098,29,,,0
200,'5461',710,,82121,29,,,0,120,,82120,29,,,0,122,,82119,29,,,0,101,,82100,29,,,0,81,,82118,29,,,0,81,,82106,29,,,0,40,,82104,29,,,0,80,,82099,29,,,0,82,,82101,29,,,0,40,,82112,29,,,0,80,,82107,29,,,0,80,,82102,29,,,0,39,,82105,29,,,0,79,,82103,29,,,0,74,,82113,29,,,0,39,,82109,29,,,0,94,,82114,29,,,0,80,,82110,29,,,0,80,,82116,29,,,0,39,,82117,29,,,0,80,,82115,29,,,0,79,,82122,29,,,0,40,,82123,29,,,0
200,'5462',710,,82146,29,,,0,120,,82145,29,,,0,122,,82144,29,,,0,101,,82125,29,,,0,81,,82143,29,,,0,81,,82131,29,,,0,40,,82129,29,,,0,80,,82124,29,,,0,82,,82126,29,,,0,40,,82137,29,,,0,80,,82132,29,,,0,80,,82127,29,,,0,39,,82130,29,,,0,79,,82128,29,,,0,74,,82138,29,,,0,39,,82134,29,,,0,94,,82139,29,,,0,80,,82135,29,,,0,80,,82141,29,,,0,39,,82142,29,,,0,80,,82140,29,,,0,79,,82147,29,,,0,40,,82148,29,,,0
200,'5463',710,,82171,29,,,0,120,,82170,29,,,0,122,,82169,29,,,0,101,,82150,29,,,0,81,,82168,29,,,0,81,,82156,29,,,0,40,,82154,29,,,0,80,,82149,29,,,0,82,,82151,29,,,0,40,,82162,29,,,0,80,,82157,29,,,0,80,,82152,29,,,0,39,,82155,29,,,0,79,,82153,29,,,0,74,,82163,29,,,0,39,,82159,29,,,0,94,,82164,29,,,0,80,,82160,29,,,0,80,,82166,29,,,0,39,,82167,29,,,0,80,,82165,29,,,0,79,,82172,29,,,0,40,,82173,29,,,0
500,'5456',624,,83563,29,,,0,96,,83564,29,,,0,34,,83565,29,,,0,71,,83566,29,,,0,31,,83567,29,,,0,68,,83568,29,,,0,87,,83569,29,,,0,33,,83570,29,,,0,80,,83571,29,,,0,81,,83572,29,,,0,41,,83573,29,,,0,82,,83574,29,,,0,78,,83575,29,,,0,40,,83576,29,,,0,77,,83581,29,,,0,36,,83579,29,,,0,77,,83577,29,,,0,74,,83580,29,,,0,48,,83582,29,,,0,76,,83584,29,,,0,83,,83578,29,,,0,85,,83583,29,,,0
500,'5458',624,,83585,29,,,0,96,,83586,29,,,0,34,,83587,29,,,0,71,,83588,29,,,0,31,,83589,29,,,0,68,,83590,29,,,0,87,,83591,29,,,0,33,,83592,29,,,0,80,,83593,29,,,0,81,,83594,29,,,0,41,,83595,29,,,0,82,,83596,29,,,0,78,,83597,29,,,0,40,,83598,29,,,0,77,,83603,29,,,0,36,,83601,29,,,0,77,,83599,29,,,0,74,,83602,29,,,0,48,,83604,29,,,0,76,,83606,29,,,0,83,,83600,29,,,0,85,,83605,29,,,0
500,'5459',650,,98908,29,,,0,156,,98906,29,,,0,101,,83617,29,,,0,42,,98902,29,,,0,85,,83615,29,,,0,80,,98903,29,,,0,41,,98913,29,,,0,80,,98907,29,,,0,81,,83607,29,,,0,41,,83613,29,,,0,80,,98904,29,,,0,81,,98910,29,,,0,40,,98905,29,,,0,79,,83612,29,,,0,79,,83621,29,,,0,35,,98911,29,,,0,79,,98912,29,,,0,80,,98909,29,,,0,49,,98914,29,,,0
500,'5460',750,,98917,29,,,0,161,,98916,29,,,0,122,,98915,29,,,0,81,,83632,29,,,0,40,,83626,29,,,0,81,,83627,29,,,0,80,,83640,29,,,0,41,,83633,29,,,0,81,,83630,29,,,0,80,,83628,29,,,0,40,,83629,29,,,0,80,,83641,29,,,0,78,,83634,29,,,0,35,,83631,29,,,0,78,,83635,29,,,0,80,,83636,29,,,0
500,'5461',750,,83655,29,,,0,161,,83652,29,,,0,122,,83654,29,,,0,81,,83648,29,,,0,40,,83642,29,,,0,81,,83643,29,,,0,80,,83656,29,,,0,41,,83649,29,,,0,81,,83646,29,,,0,80,,83644,29,,,0,40,,83645,29,,,0,80,,83657,29,,,0,78,,83650,29,,,0,35,,83647,29,,,0,78,,83651,29,,,0,80,,83653,29,,,0
500,'5462',750,,83671,29,,,0,161,,83670,29,,,0,122,,83669,29,,,0,81,,83664,29,,,0,40,,83658,29,,,0,81,,83659,29,,,0,80,,83672,29,,,0,41,,83665,29,,,0,81,,83662,29,,,0,80,,83660,29,,,0,40,,83661,29,,,0,80,,83673,29,,,0,78,,83666,29,,,0,35,,83663,29,,,0,78,,83667,29,,,0,80,,83668,29,,,0
500,'5463',750,,83687,29,,,0,161,,83686,29,,,0,122,,83685,29,,,0,81,,83680,29,,,0,40,,83674,29,,,0,81,,83675,29,,,0,80,,83688,29,,,0,41,,83681,29,,,0,81,,83678,29,,,0,80,,83676,29,,,0,40,,83677,29,,,0,80,,83689,29,,,0,78,,83682,29,,,0,35,,83679,29,,,0,78,,83683,29,,,0,80,,83684,29,,,0
