300,'5456',618,,82369,25,,,0,33,,82371,27,,,0,75,,82370,25,,,0,80,,82379,27,,,0,37,,82372,25,,,0,76,,82373,27,,,0,29,,82377,29,,,0,70,,82374,27,,,0,29,,82375,29,,,0,70,,82376,27,,,0,30,,82378,29,,,0,75,,82380,27,,,0,30,,82381,29,,,0,70,,82385,27,,,0,30,,82382,29,,,0,74,,82395,27,,,0,74,,82384,29,,,0,35,,82383,27,,,0,74,,82394,27,,,0,33,,82386,27,,,0,74,,82387,25,,,0,34,,82393,27,,,0,68,,82388,25,,,0,30,,82389,27,,,0,70,,82396,25,,,0,25,,82390,27,,,0,66,,82391,25,,,0,30,,82397,27,,,0,86,,82392,25,0,5,0
300,'5458',618,,82398,25,,,0,33,,82400,27,,,0,75,,82399,25,,,0,80,,82408,27,,,0,37,,82401,25,,,0,76,,82402,27,,,0,29,,82406,29,,,0,70,,82403,27,,,0,29,,82404,29,,,0,70,,82405,27,,,0,30,,82407,29,,,0,75,,82409,27,,,0,30,,82410,29,,,0,70,,82414,27,,,0,30,,82411,29,,,0,74,,82424,27,,,0,74,,82413,29,,,0,35,,82412,27,,,0,74,,82423,27,,,0,33,,82415,27,,,0,74,,82416,25,,,0,34,,82422,27,,,0,68,,82417,25,,,0,30,,82418,27,,,0,70,,82425,25,,,0,25,,82419,27,,,0,66,,82420,25,,,0,30,,82426,27,,,0,86,,82421,25,0,5,0
300,'5459',656,,82450,25,,,0,70,,82433,27,,,0,28,,82427,25,,,0,70,,82442,27,,,0,30,,82435,25,,,0,69,,82452,27,,,0,30,,82441,25,,,0,70,,82428,27,,,0,27,,82449,29,,,0,71,,82440,27,,,0,29,,82431,29,,,0,71,,82453,27,,,0,29,,82443,29,,,0,72,,82430,27,,,0,28,,82437,29,,,0,75,,82429,27,,,0,28,,82436,29,,,0,81,,82434,27,,,0,70,,82438,25,,,0,38,,82432,27,,,0,64,,82439,25,,,0,37,,82445,27,,,0,68,,82446,25,,,0,32,,82444,27,,,0,65,,82447,25,,,0,31,,82448,27,,,0,70,,82454,25,,,0,31,,82451,27,,,0,85,,82455,25,0,5,0
300,'5460',710,,82470,25,,,0,45,,82458,27,,,0,79,,82471,25,,,0,84,,82465,27,,,0,35,,82469,25,,,0,80,,82456,27,,,0,19,,82466,25,,,0,71,,82461,27,,,0,29,,82457,25,,,0,69,,82462,27,,,0,30,,82460,25,,,0,70,,82459,27,,,0,30,,82463,25,,,0,77,,82464,27,,,0,27,,82467,25,,,0,81,,82468,27,,,0,66,,82475,25,,,0,33,,82472,27,,,0,68,,82473,25,,,0,30,,82474,27,,,0,71,,82477,25,,,0,30,,82476,27,,,0,70,,82478,25,,,0,35,,82479,27,,,0,84,,82480,25,0,5,0
300,'5461',710,,82495,25,,,0,45,,82483,27,,,0,79,,82496,25,,,0,84,,82490,27,,,0,35,,82494,25,,,0,80,,82481,27,,,0,19,,82491,25,,,0,71,,82486,27,,,0,29,,82482,25,,,0,69,,82487,27,,,0,30,,82485,25,,,0,70,,82484,27,,,0,30,,82488,25,,,0,77,,82489,27,,,0,27,,82492,25,,,0,81,,82493,27,,,0,66,,82500,25,,,0,33,,82497,27,,,0,68,,82498,25,,,0,30,,82499,27,,,0,71,,82502,25,,,0,30,,82501,27,,,0,70,,82503,25,,,0,35,,82504,27,,,0,84,,82505,25,0,5,0
300,'5462',710,,82520,25,,,0,45,,82508,27,,,0,79,,82521,25,,,0,84,,82515,27,,,0,35,,82519,25,,,0,80,,82506,27,,,0,19,,82516,25,,,0,71,,82511,27,,,0,29,,82507,25,,,0,69,,82512,27,,,0,30,,82510,25,,,0,70,,82509,27,,,0,30,,82513,25,,,0,77,,82514,27,,,0,27,,82517,25,,,0,81,,82518,27,,,0,66,,82525,25,,,0,33,,82522,27,,,0,68,,82523,25,,,0,30,,82524,27,,,0,71,,82527,25,,,0,30,,82526,27,,,0,70,,82528,25,,,0,35,,82529,27,,,0,84,,82530,25,0,5,0
300,'5463',710,,82545,25,,,0,45,,82533,27,,,0,79,,82546,25,,,0,84,,82540,27,,,0,35,,82544,25,,,0,80,,82531,27,,,0,19,,82541,25,,,0,71,,82536,27,,,0,29,,82532,25,,,0,69,,82537,27,,,0,30,,82535,25,,,0,70,,82534,27,,,0,30,,82538,25,,,0,77,,82539,27,,,0,27,,82542,25,,,0,81,,82543,27,,,0,66,,82550,25,,,0,33,,82547,27,,,0,68,,82548,25,,,0,30,,82549,27,,,0,71,,82552,25,,,0,30,,82551,27,,,0,70,,82553,25,,,0,35,,82554,27,,,0,84,,82555,25,0,5,0
14000700,'5456',2202,,98428,34,0,5,0,29,,98424,34,0,5,0,71,,98429,34,0,5,0,29,,98425,34,0,5,0,71,,98427,34,0,5,0,29,,98426,34,0,5,0
14000700,'5458',2202,,98434,34,0,5,0,29,,98430,34,0,5,0,71,,98435,34,0,5,0,29,,98431,34,0,5,0,71,,98433,34,0,5,0,29,,98432,34,0,5,0
14000700,'5459',2201,,98436,34,0,5,0,34,,98437,34,0,5,0,69,,98438,34,0,5,0,29,,98439,34,0,5,0,70,,98440,34,0,5,0,31,,98441,34,0,5,0
14000700,'5460',2103,,98442,34,0,5,0,31,,98443,34,0,5,0,70,,98444,34,0,5,0,100,,98445,34,0,5,0,97,,98446,34,0,5,0
14000700,'5461',2103,,98447,34,0,5,0,31,,98448,34,0,5,0,70,,98449,34,0,5,0,100,,98450,34,0,5,0,97,,98451,34,0,5,0
14000700,'5462',2103,,98452,34,0,5,0,31,,98453,34,0,5,0,70,,98454,34,0,5,0,100,,98455,34,0,5,0,97,,98456,34,0,5,0
14000700,'5463',2103,,98457,34,0,5,0,31,,98458,34,0,5,0,70,,98459,34,0,5,0,100,,98460,34,0,5,0,97,,98461,34,0,5,0
