201,'5456',602,,82174,22,0,46 37,0,21,,82175,22,0,46 37,0,26,,82176,22,0,46 37,0,69,,82177,22,0,46 37,0,30,,82178,22,0,46 37,0,71,,82179,22,0,46 37,0,32,,82180,22,0,46 37,0,71,,82181,22,0,46 37,0,33,,82182,22,0,46 37,0,78,,82183,22,0,46 37,0,79,,82184,22,0,46 37,0,39,,82185,22,0,46 37,0,80,,82186,22,0,46 37,0,80,,82187,22,0,46 37,0,40,,82188,22,0,46 37,0,92,,82190,22,0,46 37,0,15,,82206,3,0,46 37,0,58,,82202,22,0,46 37,0,37,,82204,22,0,46 37,0,75,,82205,22,0,46 37,0,77,,82201,22,0,46 37,0,37,,82203,22,0,46 37,0,87,,82196,22,0,46 37,0,25,,82195,22,0,46 37,0,82,,82200,22,0,46 37,0,83,,82194,22,0,46 37,0,81,,82199,22,0,46 37,0,38,,82193,22,0,46 37,0,81,,82198,22,0,46 37,0,81,,82192,22,0,46 37,0,40,,82197,22,0,46 37,0,72,,82191,22,0,46 37,0
201,'5458',602,,82207,22,0,46 37,0,21,,82208,22,0,46 37,0,26,,82209,22,0,46 37,0,69,,82210,22,0,46 37,0,30,,82211,22,0,46 37,0,71,,82212,22,0,46 37,0,32,,82213,22,0,46 37,0,71,,82214,22,0,46 37,0,33,,82215,22,0,46 37,0,78,,82216,22,0,46 37,0,79,,82217,22,0,46 37,0,39,,82218,22,0,46 37,0,80,,82219,22,0,46 37,0,80,,82220,22,0,46 37,0,40,,82221,22,0,46 37,0,92,,82223,22,0,46 37,0,15,,82240,3,0,46 37,0,58,,82236,22,0,46 37,0,37,,82238,22,0,46 37,0,75,,82239,22,0,46 37,0,77,,82235,22,0,46 37,0,37,,82237,22,0,46 37,0,87,,82230,22,0,46 37,0,25,,82229,22,0,46 37,0,82,,82234,22,0,46 37,0,83,,82228,22,0,46 37,0,81,,82233,22,0,46 37,0,38,,82227,22,0,46 37,0,81,,82232,22,0,46 37,0,81,,82226,22,0,46 37,0,40,,82231,22,0,46 37,0,72,,82225,22,0,46 37,0
201,'5459',645,,82261,22,0,46 37,0,158,,82262,22,0,46 37,0,124,,82256,22,0,46 37,0,80,,82249,22,0,46 37,0,97,,82259,22,0,46 37,0,38,,82250,22,0,46 37,0,80,,82242,22,0,46 37,0,78,,82245,22,0,46 37,0,39,,82244,22,0,46 37,0,80,,82254,22,0,46 37,0,40,,82246,22,0,46 37,0,81,,82243,22,0,46 37,0,81,,82247,22,0,46 37,0,35,,82255,22,0,46 37,0,81,,82258,22,0,46 37,0,81,,82257,22,0,46 37,0,37,,82260,22,0,46 37,0,76,,82251,22,0,46 37,0,80,,82252,22,0,46 37,0,45,,82253,22,0,46 37,0,81,,82266,22,0,46 37,0,81,,82263,22,0,46 37,0,83,,82264,22,0,46 37,0,41,,82265,22,0,46 37,0,76,,82267,22,0,46 37,0
201,'5460',632,,82283,22,0,46 37,0,119,,82290,22,0,46 37,0,158,,82284,22,0,46 37,0,135,,82291,22,0,46 37,0,100,,82270,22,0,46 37,0,79,,82281,22,0,46 37,0,79,,82277,22,0,46 37,0,39,,82276,22,0,46 37,0,81,,82272,22,0,46 37,0,80,,82273,22,0,46 37,0,40,,82282,22,0,46 37,0,81,,82278,22,0,46 37,0,36,,82274,22,0,46 37,0,80,,82275,22,0,46 37,0,81,,82279,22,0,46 37,0,37,,82288,22,0,46 37,0,81,,82280,22,0,46 37,0,80,,82287,22,0,46 37,0,41,,82286,22,0,46 37,0,80,,82289,22,0,46 37,0,81,,82285,22,0,46 37,0,82,,82292,22,0,46 37,0,41,,82293,22,0,46 37,0
201,'5461',632,,82308,22,0,46 37,0,119,,82315,22,0,46 37,0,158,,82309,22,0,46 37,0,135,,82316,22,0,46 37,0,100,,82295,22,0,46 37,0,79,,82306,22,0,46 37,0,79,,82302,22,0,46 37,0,39,,82301,22,0,46 37,0,81,,82297,22,0,46 37,0,80,,82298,22,0,46 37,0,40,,82307,22,0,46 37,0,81,,82303,22,0,46 37,0,36,,82299,22,0,46 37,0,80,,82300,22,0,46 37,0,81,,82304,22,0,46 37,0,37,,82313,22,0,46 37,0,81,,82305,22,0,46 37,0,80,,82312,22,0,46 37,0,41,,82311,22,0,46 37,0,80,,82314,22,0,46 37,0,81,,82310,22,0,46 37,0,82,,82317,22,0,46 37,0,41,,82318,22,0,46 37,0
201,'5462',632,,82333,22,0,46 37,0,119,,82340,22,0,46 37,0,158,,82334,22,0,46 37,0,135,,82341,22,0,46 37,0,100,,82320,22,0,46 37,0,79,,82331,22,0,46 37,0,79,,82327,22,0,46 37,0,39,,82326,22,0,46 37,0,81,,82322,22,0,46 37,0,80,,82323,22,0,46 37,0,40,,82332,22,0,46 37,0,81,,82328,22,0,46 37,0,36,,82324,22,0,46 37,0,80,,82325,22,0,46 37,0,81,,82329,22,0,46 37,0,37,,82338,22,0,46 37,0,81,,82330,22,0,46 37,0,80,,82337,22,0,46 37,0,41,,82336,22,0,46 37,0,80,,82339,22,0,46 37,0,81,,82335,22,0,46 37,0,82,,82342,22,0,46 37,0,41,,82343,22,0,46 37,0
201,'5463',632,,82358,22,0,46 37,0,119,,82365,22,0,46 37,0,158,,82359,22,0,46 37,0,135,,82366,22,0,46 37,0,100,,82345,22,0,46 37,0,79,,82356,22,0,46 37,0,79,,82352,22,0,46 37,0,39,,82351,22,0,46 37,0,81,,82347,22,0,46 37,0,80,,82348,22,0,46 37,0,40,,82357,22,0,46 37,0,81,,82353,22,0,46 37,0,36,,82349,22,0,46 37,0,80,,82350,22,0,46 37,0,81,,82354,22,0,46 37,0,37,,82363,22,0,46 37,0,81,,82355,22,0,46 37,0,80,,82362,22,0,46 37,0,41,,82361,22,0,46 37,0,80,,82364,22,0,46 37,0,81,,82360,22,0,46 37,0,82,,82367,22,0,46 37,0,41,,82368,22,0,46 37,0
501,'5456',634,,83690,17,,,0,71,,83691,17,,,0,27,,83692,17,,,0,71,,83693,17,,,0,32,,83694,17,,,0,72,,83695,17,,,0,30,,83696,17,,,0,77,,83697,17,,,0,39,,83698,17,,,0,79,,83699,17,,,0,79,,83700,17,,,0,40,,83701,17,,,0,80,,83702,17,,,0,94,,83703,17,,,0,76,,83704,17,,,0,33,,83706,17,,,0,77,,83710,17,,,0,35,,83708,17,,,0,76,,83705,17,,,0,81,,83709,17,,,0,111,,83712,17,,,0,43,,83707,17,,,0,82,,83711,17,,,0
501,'5458',634,,83713,17,,,0,71,,83714,17,,,0,27,,83715,17,,,0,71,,83716,17,,,0,32,,83717,17,,,0,72,,83718,17,,,0,30,,83719,17,,,0,77,,83720,17,,,0,39,,83721,17,,,0,79,,83722,17,,,0,79,,83723,17,,,0,40,,83724,17,,,0,80,,83725,17,,,0,94,,83726,17,,,0,76,,83727,17,,,0,33,,83729,17,,,0,77,,83733,17,,,0,35,,83731,17,,,0,76,,83728,17,,,0,81,,83732,17,,,0,111,,83735,17,,,0,43,,83730,17,,,0,82,,83734,17,,,0
501,'5459',724,,83744,17,,,0,120,,83746,17,,,0,103,,83743,17,,,0,79,,83737,17,,,0,97,,83745,17,,,0,79,,83736,17,,,0,39,,83752,17,,,0,78,,83741,17,,,0,39,,83742,17,,,0,81,,83739,17,,,0,80,,83740,17,,,0,81,,83750,17,,,0,41,,83753,17,,,0,75,,83749,17,,,0,42,,83751,17,,,0,77,,83755,17,,,0,75,,83754,17,,,0,41,,83747,17,,,0,85,,83748,17,,,0
501,'5460',712,,83770,17,,,0,118,,83769,17,,,0,117,,83768,17,,,0,79,,83762,17,,,0,98,,83765,17,,,0,79,,83761,17,,,0,40,,83757,17,,,0,78,,83756,17,,,0,81,,83772,17,,,0,40,,83764,17,,,0,80,,83760,17,,,0,80,,83759,17,,,0,42,,83758,17,,,0,75,,83771,17,,,0,40,,83766,17,,,0,76,,83763,17,,,0,83,,83767,17,,,0
501,'5461',712,,83787,17,,,0,118,,83786,17,,,0,117,,83785,17,,,0,79,,83779,17,,,0,98,,83782,17,,,0,79,,83778,17,,,0,40,,83774,17,,,0,78,,83773,17,,,0,81,,83789,17,,,0,40,,83781,17,,,0,80,,83777,17,,,0,80,,83776,17,,,0,42,,83775,17,,,0,75,,83788,17,,,0,40,,83783,17,,,0,76,,83780,17,,,0,83,,83784,17,,,0
501,'5462',712,,83804,17,,,0,118,,83803,17,,,0,117,,83802,17,,,0,79,,83796,17,,,0,98,,83799,17,,,0,79,,83795,17,,,0,40,,83791,17,,,0,78,,83790,17,,,0,81,,83806,17,,,0,40,,83798,17,,,0,80,,83794,17,,,0,80,,83793,17,,,0,42,,83792,17,,,0,75,,83805,17,,,0,40,,83800,17,,,0,76,,83797,17,,,0,83,,83801,17,,,0
501,'5463',712,,83821,17,,,0,118,,83820,17,,,0,117,,83819,17,,,0,79,,83813,17,,,0,98,,83816,17,,,0,79,,83812,17,,,0,40,,83808,17,,,0,78,,83807,17,,,0,81,,83823,17,,,0,40,,83815,17,,,0,80,,83811,17,,,0,80,,83810,17,,,0,42,,83809,17,,,0,75,,83822,17,,,0,40,,83817,17,,,0,76,,83814,17,,,0,83,,83818,17,,,0
2701,'5456',539,,90458,27,,,0,82,,90459,27,,,0,28,,90460,27,,,0,62,,90461,27,,,0,32,,90462,27,,,0,65,,90463,27,,,0,23,,90464,27,,,0,69,,90465,27,,,0,19,,90466,27,,,0,23,,90467,27,,,0,64,,90468,27,,,0,24,,90469,27,,,0,26,,90470,27,,,0,66,,90471,27,,,0,29,,90472,27,,,0,66,,90473,27,,,0,26,,90474,27,,,0,66,,90475,27,,,0,26,,90476,27,,,0,66,,90477,27,,,0,25,,90478,27,,,0,26,,90479,27,,,0,66,,90480,27,,,0,22,,90514,27,,,0,7,,90481,27,,,0,61,,90482,27,,,0,33,,90483,27,,,0,71,,90484,27,,,0,32,,90485,27,,,0,68,,90486,27,,,0,13,,90487,27,,,0,12,,90488,27,,,0,15,,90489,27,,,0,55,,90490,27,,,0,16,,90491,27,,,0,19,,90492,27,,,0,63,,90493,27,,,0,26,,90494,27,,,0,28,,90495,27,,,0,69,,90496,27,,,0,26,,90497,27,,,0,69,,90498,27,,,0,30,,90499,27,,,0,76,,90500,27,,,0,79,,90501,27,,,0,37,,90502,27,,,0
2701,'5458',539,,90515,27,,,0,82,,90516,27,,,0,28,,90517,27,,,0,62,,90518,27,,,0,32,,90519,27,,,0,65,,90520,27,,,0,23,,90521,27,,,0,69,,90522,27,,,0,19,,90523,27,,,0,23,,90524,27,,,0,64,,90525,27,,,0,24,,90526,27,,,0,26,,90527,27,,,0,66,,90528,27,,,0,29,,90529,27,,,0,66,,90530,27,,,0,26,,90531,27,,,0,66,,90532,27,,,0,26,,90533,27,,,0,66,,90534,27,,,0,24,,90536,27,,,0,1,,90535,27,,,0,26,,90537,27,,,0,66,,90538,27,,,0,22,,90575,27,,,0,68,,90539,27,,,0,33,,90540,27,,,0,71,,90541,27,,,0,32,,90542,27,,,0,68,,90543,27,,,0,13,,90544,27,,,0,12,,90545,27,,,0,15,,90546,27,,,0,55,,90547,27,,,0,16,,90548,27,,,0,19,,90549,27,,,0,63,,90550,27,,,0,26,,90551,27,,,0,28,,90552,27,,,0,69,,90553,27,,,0,26,,90554,27,,,0,69,,90555,27,,,0,30,,90556,27,,,0,76,,90557,27,,,0,79,,90558,27,,,0,37,,90559,27,,,0,80,,90560,27,,,0,80,,90561,27,,,0
2701,'5459',642,,90576,27,,,0,81,,90577,27,,,0,30,,90578,27,,,0,70,,90579,27,,,0,30,,90580,27,,,0,66,,90581,27,,,0,27,,90582,27,,,0,68,,90583,27,,,0,27,,90584,27,,,0,65,,90585,27,,,0,22,,90586,27,,,0,23,,90587,27,,,0,62,,90588,27,,,0,21,,90589,27,,,0,22,,90590,27,,,0,63,,90591,27,,,0,24,,90592,27,,,0,62,,90593,27,,,0,23,,90594,27,,,0,23,,90595,27,,,0,61,,90596,27,,,0,21,,90597,27,,,0,22,,90598,27,,,0,61,,90599,27,,,0,20,,90600,27,,,0,20,,90601,27,,,0,60,,90602,27,,,0,21,,90603,27,,,0,20,,90604,27,,,0,60,,90605,27,,,0,18,,90606,27,,,0,20,,90607,27,,,0,60,,90608,27,,,0,21,,90609,27,,,0,66,,90610,27,,,0,26,,90611,27,,,0,28,,90612,27,,,0,70,,90613,27,,,0,29,,90614,27,,,0,69,,90615,27,,,0,29,,90616,27,,,0,71,,90617,27,,,0,31,,90618,27,,,0,70,,90619,27,,,0,31,,90620,27,,,0,68,,90621,27,,,0,29,,90622,27,,,0,70,,90623,27,,,0
2701,'5460',712,,90627,27,,,0,43,,90628,27,,,0,71,,90629,27,,,0,29,,90630,27,,,0,71,,90631,27,,,0,31,,90626,27,,,0,72,,90632,27,,,0,25,,90633,27,,,0,67,,90634,27,,,0,27,,90635,27,,,0,65,,90636,27,,,0,26,,90637,27,,,0,64,,90638,27,,,0,23,,90639,27,,,0,22,,90640,27,,,0,63,,90641,27,,,0,23,,90642,27,,,0,23,,90643,27,,,0,62,,90644,27,,,0,23,,90645,27,,,0,63,,90646,27,,,0,23,,90647,27,,,0,23,,90648,27,,,0,62,,90649,27,,,0,23,,90650,27,,,0,23,,90651,27,,,0,63,,90652,27,,,0,22,,90653,27,,,0,63,,90654,27,,,0,26,,90655,27,,,0,25,,90656,27,,,0,68,,90657,27,,,0,28,,90658,27,,,0,70,,90659,27,,,0,29,,90660,27,,,0,75,,90661,27,,,0,82,,90662,27,,,0,36,,90663,27,,,0
2701,'5461',712,,90666,27,,,0,43,,90667,27,,,0,71,,90668,27,,,0,29,,90669,27,,,0,71,,90670,27,,,0,31,,90665,27,,,0,72,,90671,27,,,0,25,,90672,27,,,0,67,,90673,27,,,0,27,,90674,27,,,0,65,,90675,27,,,0,26,,90676,27,,,0,64,,90677,27,,,0,23,,90678,27,,,0,22,,90679,27,,,0,63,,90680,27,,,0,23,,90681,27,,,0,23,,90682,27,,,0,62,,90683,27,,,0,23,,90684,27,,,0,63,,90685,27,,,0,23,,90686,27,,,0,23,,90687,27,,,0,62,,90688,27,,,0,23,,90689,27,,,0,23,,90690,27,,,0,63,,90691,27,,,0,22,,90692,27,,,0,63,,90693,27,,,0,26,,90694,27,,,0,25,,90695,27,,,0,68,,90696,27,,,0,28,,90697,27,,,0,70,,90698,27,,,0,29,,90699,27,,,0,75,,90700,27,,,0,82,,90701,27,,,0,36,,90702,27,,,0
2701,'5462',712,,90705,27,,,0,43,,90706,27,,,0,71,,90707,27,,,0,29,,90708,27,,,0,71,,90709,27,,,0,31,,90704,27,,,0,72,,90710,27,,,0,25,,90711,27,,,0,67,,90712,27,,,0,27,,90713,27,,,0,65,,90714,27,,,0,26,,90715,27,,,0,64,,90716,27,,,0,23,,90717,27,,,0,22,,90718,27,,,0,63,,90719,27,,,0,23,,90720,27,,,0,23,,90721,27,,,0,62,,90722,27,,,0,23,,90723,27,,,0,63,,90724,27,,,0,23,,90725,27,,,0,23,,90726,27,,,0,62,,90727,27,,,0,23,,90728,27,,,0,23,,90729,27,,,0,63,,90730,27,,,0,22,,90731,27,,,0,63,,90732,27,,,0,26,,90733,27,,,0,25,,90734,27,,,0,68,,90735,27,,,0,28,,90736,27,,,0,70,,90737,27,,,0,29,,90738,27,,,0,75,,90739,27,,,0,82,,90740,27,,,0,36,,90741,27,,,0
2701,'5463',712,,90744,27,,,0,43,,90745,27,,,0,71,,90746,27,,,0,29,,90747,27,,,0,71,,90748,27,,,0,31,,90743,27,,,0,72,,90749,27,,,0,25,,90750,27,,,0,67,,90751,27,,,0,27,,90752,27,,,0,65,,90753,27,,,0,26,,90754,27,,,0,64,,90755,27,,,0,23,,90756,27,,,0,22,,90757,27,,,0,63,,90758,27,,,0,23,,90759,27,,,0,23,,90760,27,,,0,62,,90761,27,,,0,23,,90762,27,,,0,63,,90763,27,,,0,23,,90764,27,,,0,23,,90765,27,,,0,62,,90766,27,,,0,23,,90767,27,,,0,23,,90768,27,,,0,63,,90769,27,,,0,22,,90770,27,,,0,63,,90771,27,,,0,26,,90772,27,,,0,25,,90773,27,,,0,68,,90774,27,,,0,28,,90775,27,,,0,70,,90776,27,,,0,29,,90777,27,,,0,75,,90778,27,,,0,82,,90779,27,,,0,36,,90780,27,,,0
2801,'5456',607,,91090,32,,,0,28,,91091,32,,,0,66,,91092,32,,,0,22,,91093,32,,,0,13,,91094,32,,,0,13,,91095,32,,,0,51,,91096,32,,,0,12,,91097,32,,,0,12,,91098,32,,,0,12,,91099,32,,,0,14,,91100,32,,,0,59,,91101,32,,,0,21,,91102,32,,,0,25,,91103,32,,,0,64,,91104,32,,,0,24,,91105,32,,,0,66,,91106,32,,,0,28,,91107,32,,,0,67,,91108,32,,,0,26,,91109,32,,,0,26,,91110,32,,,0,66,,91111,32,,,0,26,,91112,32,,,0,66,,91113,32,,,0,26,,91114,32,,,0,65,,91115,32,,,0,26,,91116,32,,,0,22,,91117,32,,,0,72,,91118,32,,,0,32,,91119,32,,,0,60,,91137,32,,,0,13,,91120,32,,,0,70,,91121,32,,,0,132,,91122,32,,,0,20,,91123,32,,,0,66,,91124,32,,,0,29,,91125,32,,,0,66,,91126,32,,,0,26,,91127,32,,,0,69,,91128,32,,,0,30,,91129,32,,,0,71,,91130,32,,,0,38,,91131,32,,,0,77,,91132,32,,,0,79,,91133,32,,,0
2801,'5458',607,,91138,32,,,0,28,,91139,32,,,0,66,,91140,32,,,0,22,,91141,32,,,0,13,,91142,32,,,0,13,,91143,32,,,0,51,,91144,32,,,0,12,,91145,32,,,0,12,,91146,32,,,0,12,,91147,32,,,0,14,,91148,32,,,0,59,,91149,32,,,0,21,,91150,32,,,0,25,,91151,32,,,0,64,,91152,32,,,0,24,,91153,32,,,0,66,,91154,32,,,0,28,,91155,32,,,0,67,,91156,32,,,0,26,,91157,32,,,0,26,,91158,32,,,0,66,,91159,32,,,0,26,,91160,32,,,0,66,,91161,32,,,0,26,,91162,32,,,0,65,,91163,32,,,0,26,,91164,32,,,0,22,,91165,32,,,0,72,,91166,32,,,0,32,,91167,32,,,0,60,,91188,32,,,0,13,,91168,32,,,0,70,,91169,32,,,0,132,,91170,32,,,0,20,,91171,32,,,0,66,,91172,32,,,0,29,,91173,32,,,0,66,,91174,32,,,0,26,,91175,32,,,0,69,,91176,32,,,0,30,,91177,32,,,0,71,,91178,32,,,0,38,,91179,32,,,0,77,,91180,32,,,0,79,,91181,32,,,0,40,,91182,32,,,0
2801,'5459',703,,91190,32,,,0,35,,91191,32,,,0,70,,91192,32,,,0,30,,91189,32,,,0,68,,91193,32,,,0,27,,91194,32,,,0,67,,91195,32,,,0,27,,91196,32,,,0,26,,91197,32,,,0,63,,91198,32,,,0,24,,91199,32,,,0,62,,91200,32,,,0,22,,91201,32,,,0,21,,91202,32,,,0,62,,91203,32,,,0,24,,91204,32,,,0,22,,91205,32,,,0,64,,91206,32,,,0,21,,91207,32,,,0,64,,91208,32,,,0,20,,91209,32,,,0,21,,91210,32,,,0,63,,91211,32,,,0,19,,91212,32,,,0,21,,91213,32,,,0,60,,91214,32,,,0,20,,91215,32,,,0,21,,91216,32,,,0,60,,91217,32,,,0,20,,91218,32,,,0,18,,91219,32,,,0,61,,91220,32,,,0,20,,91221,32,,,0,23,,91222,32,,,0,66,,91223,32,,,0,27,,91224,32,,,0,69,,91225,32,,,0,30,,91226,32,,,0,69,,91227,32,,,0,28,,91228,32,,,0,69,,91229,32,,,0,33,,91230,32,,,0,70,,91231,32,,,0,30,,91232,32,,,0,71,,91233,32,,,0,27,,91234,32,,,0,70,,91235,32,,,0
2801,'5460',642,,91238,32,,,0,98,,91239,32,,,0,70,,91240,32,,,0,32,,91241,32,,,0,68,,91242,32,,,0,31,,91243,32,,,0,71,,91244,32,,,0,29,,91245,32,,,0,67,,91246,32,,,0,26,,91247,32,,,0,67,,91248,32,,,0,24,,91249,32,,,0,25,,91250,32,,,0,64,,91251,32,,,0,22,,91252,32,,,0,22,,91253,32,,,0,63,,91254,32,,,0,24,,91255,32,,,0,63,,91256,32,,,0,22,,91257,32,,,0,23,,91258,32,,,0,63,,91259,32,,,0,24,,91260,32,,,0,62,,91261,32,,,0,23,,91262,32,,,0,22,,91263,32,,,0,63,,91264,32,,,0,22,,91265,32,,,0,23,,91266,32,,,0,64,,91267,32,,,0,27,,91268,32,,,0,66,,91269,32,,,0,29,,91270,32,,,0,69,,91271,32,,,0,29,,91272,32,,,0,70,,91273,32,,,0,40,,91274,32,,,0,79,,91275,32,,,0,85,,91276,32,,,0
2801,'5461',642,,91277,32,,,0,98,,91278,32,,,0,70,,91279,32,,,0,32,,91280,32,,,0,68,,91281,32,,,0,31,,91282,32,,,0,71,,91283,32,,,0,29,,91284,32,,,0,67,,91285,32,,,0,26,,91286,32,,,0,67,,91287,32,,,0,24,,91288,32,,,0,25,,91289,32,,,0,64,,91290,32,,,0,22,,91291,32,,,0,22,,91292,32,,,0,63,,91293,32,,,0,24,,91294,32,,,0,63,,91295,32,,,0,22,,91296,32,,,0,23,,91297,32,,,0,63,,91298,32,,,0,24,,91299,32,,,0,62,,91300,32,,,0,23,,91301,32,,,0,22,,91302,32,,,0,63,,91303,32,,,0,22,,91304,32,,,0,23,,91305,32,,,0,64,,91306,32,,,0,27,,91307,32,,,0,66,,91308,32,,,0,29,,91309,32,,,0,69,,91310,32,,,0,29,,91311,32,,,0,70,,91312,32,,,0,40,,91313,32,,,0,79,,91314,32,,,0,85,,91315,32,,,0
2801,'5462',642,,91316,32,,,0,98,,91317,32,,,0,70,,91318,32,,,0,32,,91319,32,,,0,68,,91320,32,,,0,31,,91321,32,,,0,71,,91322,32,,,0,29,,91323,32,,,0,67,,91324,32,,,0,26,,91325,32,,,0,67,,91326,32,,,0,24,,91327,32,,,0,25,,91328,32,,,0,64,,91329,32,,,0,22,,91330,32,,,0,22,,91331,32,,,0,63,,91332,32,,,0,24,,91333,32,,,0,63,,91334,32,,,0,22,,91335,32,,,0,23,,91336,32,,,0,63,,91337,32,,,0,24,,91338,32,,,0,62,,91339,32,,,0,23,,91340,32,,,0,22,,91341,32,,,0,63,,91342,32,,,0,22,,91343,32,,,0,23,,91344,32,,,0,64,,91345,32,,,0,27,,91346,32,,,0,66,,91347,32,,,0,29,,91348,32,,,0,69,,91349,32,,,0,29,,91350,32,,,0,70,,91351,32,,,0,40,,91352,32,,,0,79,,91353,32,,,0,85,,91354,32,,,0
2801,'5463',642,,91355,32,,,0,98,,91356,32,,,0,70,,91357,32,,,0,32,,91358,32,,,0,68,,91359,32,,,0,31,,91360,32,,,0,71,,91361,32,,,0,29,,91362,32,,,0,67,,91363,32,,,0,26,,91364,32,,,0,67,,91365,32,,,0,24,,91366,32,,,0,25,,91367,32,,,0,64,,91368,32,,,0,22,,91369,32,,,0,22,,91370,32,,,0,63,,91371,32,,,0,24,,91372,32,,,0,63,,91373,32,,,0,22,,91374,32,,,0,23,,91375,32,,,0,63,,91376,32,,,0,24,,91377,32,,,0,62,,91378,32,,,0,23,,91379,32,,,0,22,,91380,32,,,0,63,,91381,32,,,0,22,,91382,32,,,0,23,,91383,32,,,0,64,,91384,32,,,0,27,,91385,32,,,0,66,,91386,32,,,0,29,,91387,32,,,0,69,,91388,32,,,0,29,,91389,32,,,0,70,,91390,32,,,0,40,,91391,32,,,0,79,,91392,32,,,0,85,,91393,32,,,0
