1101,'5456',619,,85737,59,,,0,32,,85738,59,,,0,61,,85746,59,,,0,23,,85740,59,,,0,21,,85756,59,,,0,61,,85744,59,,,0,20,,85739,59,,,0,20,,85752,59,,,0,59,,85741,59,,,0,18,,85747,59,,,0,19,,85762,59,,,0,61,,85742,59,,,0,25,,85743,59,,,0,66,,85745,59,,,0,25,,85754,59,,,0,26,,85748,59,,,0,65,,85761,59,,,0,25,,85750,59,,,0,66,,85749,59,,,0,26,,85751,59,,,0,65,,85753,59,,,0,28,,85755,59,,,0,26,,85763,59,,,0,59,,85780,59,,,0,18,,85757,59,,,0,20,,85758,59,,,0,56,,85766,59,,,0,17,,85759,59,,,0,17,,85760,59,,,0,60,,85784,59,,,0,17,,85765,59,,,0,18,,85764,59,,,0,18,,85781,59,,,0,60,,85767,59,,,0,20,,85769,59,,,0,63,,85770,59,,,0,14,,85768,59,,,0,17,,85783,59,,,0,20,,85771,59,,,0,70,,85779,59,,,0,34,,85772,59,,,0,70,,85773,59,,,0,34,,85775,59,,,0,69,,85778,59,,,0,75,,85774,59,,,0,26,,85776,59,,,0,28,,85777,59,,,0,85,,85782,59,,,0
1101,'5458',619,,85785,59,,,0,32,,85786,59,,,0,61,,85794,59,,,0,23,,85788,59,,,0,21,,85804,59,,,0,61,,85792,59,,,0,20,,85787,59,,,0,20,,85800,59,,,0,59,,85789,59,,,0,18,,85795,59,,,0,19,,85810,59,,,0,61,,85790,59,,,0,25,,85791,59,,,0,66,,85793,59,,,0,25,,85802,59,,,0,26,,85796,59,,,0,65,,85809,59,,,0,25,,85798,59,,,0,66,,85797,59,,,0,26,,85799,59,,,0,65,,85801,59,,,0,28,,85803,59,,,0,26,,85811,59,,,0,59,,85828,59,,,0,18,,85805,59,,,0,20,,85806,59,,,0,56,,85814,59,,,0,17,,85807,59,,,0,17,,85808,59,,,0,60,,85832,59,,,0,17,,85813,59,,,0,18,,85812,59,,,0,18,,85829,59,,,0,60,,85815,59,,,0,20,,85817,59,,,0,63,,85818,59,,,0,14,,85816,59,,,0,17,,85831,59,,,0,20,,85819,59,,,0,70,,85827,59,,,0,34,,85820,59,,,0,70,,85821,59,,,0,34,,85823,59,,,0,69,,85826,59,,,0,75,,85822,59,,,0,26,,85824,59,,,0,28,,85825,59,,,0,85,,85830,59,,,0
1101,'5459',715,,85846,59,,,0,37,,85834,59,,,0,75,,85839,59,,,0,30,,85864,59,,,0,78,,85847,59,,,0,70,,85833,59,,,0,30,,85842,59,,,0,72,,85858,59,,,0,25,,85836,59,,,0,20,,85860,59,,,0,66,,85848,59,,,0,25,,85835,59,,,0,67,,85840,59,,,0,25,,85857,59,,,0,65,,85837,59,,,0,26,,85855,59,,,0,25,,85845,59,,,0,65,,85838,59,,,0,25,,85844,59,,,0,65,,85866,59,,,0,25,,85841,59,,,0,24,,85859,59,,,0,65,,85849,59,,,0,24,,85843,59,,,0,65,,85865,59,,,0,24,,85856,59,,,0,24,,85862,59,,,0,65,,85863,59,,,0,22,,85850,59,,,0,65,,85861,59,,,0,25,,85854,59,,,0,25,,85853,59,,,0,65,,85851,59,,,0,35,,85852,59,,,0,70,,85869,59,,,0,29,,85867,59,,,0,72,,85868,59,,,0,28,,85870,59,,,0,84,,85871,59,,,0
1101,'5460',735,,85872,59,,,0,85,,85877,59,,,0,87,,85874,59,,,0,46,,85873,59,,,0,76,,85875,59,,,0,72,,85876,59,,,0,31,,85878,59,,,0,70,,85879,59,,,0,28,,85880,59,,,0,70,,85881,59,,,0,31,,85883,59,,,0,28,,85885,59,,,0,70,,85884,59,,,0,30,,85882,59,,,0,71,,85886,59,,,0,70,,85887,59,,,0,28,,85888,59,,,0,30,,85889,59,,,0,70,,85891,59,,,0,29,,85890,59,,,0,70,,85893,59,,,0,29,,85892,59,,,0,70,,85895,59,,,0,75,,85894,59,,,0,43,,85896,59,,,0,80,,85897,59,,,0,84,,85898,59,,,0,43,,85899,59,,,0,77,,85900,59,,,0,86,,85901,59,,,0
1101,'5461',735,,85902,59,,,0,85,,85907,59,,,0,87,,85904,59,,,0,46,,85903,59,,,0,76,,85905,59,,,0,72,,85906,59,,,0,31,,85908,59,,,0,70,,85909,59,,,0,28,,85910,59,,,0,70,,85911,59,,,0,31,,85913,59,,,0,28,,85915,59,,,0,70,,85914,59,,,0,30,,85912,59,,,0,71,,85916,59,,,0,70,,85917,59,,,0,28,,85918,59,,,0,30,,85919,59,,,0,70,,85921,59,,,0,29,,85920,59,,,0,70,,85923,59,,,0,29,,85922,59,,,0,70,,85925,59,,,0,75,,85924,59,,,0,43,,85926,59,,,0,80,,85927,59,,,0,84,,85928,59,,,0,43,,85929,59,,,0,77,,85930,59,,,0,86,,85931,59,,,0
1101,'5462',735,,85932,59,,,0,85,,85937,59,,,0,87,,85934,59,,,0,46,,85933,59,,,0,76,,85935,59,,,0,72,,85936,59,,,0,31,,85938,59,,,0,70,,85939,59,,,0,28,,85940,59,,,0,70,,85941,59,,,0,31,,85943,59,,,0,28,,85945,59,,,0,70,,85944,59,,,0,30,,85942,59,,,0,71,,85946,59,,,0,70,,85947,59,,,0,28,,85948,59,,,0,30,,85949,59,,,0,70,,85951,59,,,0,29,,85950,59,,,0,70,,85953,59,,,0,29,,85952,59,,,0,70,,85955,59,,,0,75,,85954,59,,,0,43,,85956,59,,,0,80,,85957,59,,,0,84,,85958,59,,,0,43,,85959,59,,,0,77,,85960,59,,,0,86,,85961,59,,,0
1101,'5463',735,,85962,59,,,0,85,,85967,59,,,0,87,,85964,59,,,0,46,,85963,59,,,0,76,,85965,59,,,0,72,,85966,59,,,0,31,,85968,59,,,0,70,,85969,59,,,0,28,,85970,59,,,0,70,,85971,59,,,0,31,,85973,59,,,0,28,,85975,59,,,0,70,,85974,59,,,0,30,,85972,59,,,0,71,,85976,59,,,0,70,,85977,59,,,0,28,,85978,59,,,0,30,,85979,59,,,0,70,,85981,59,,,0,29,,85980,59,,,0,70,,85983,59,,,0,29,,85982,59,,,0,70,,85985,59,,,0,75,,85984,59,,,0,43,,85986,59,,,0,80,,85987,59,,,0,84,,85988,59,,,0,43,,85989,59,,,0,77,,85990,59,,,0,86,,85991,59,,,0
2401,'5456',526,,89027,44,,,0,93,,89028,44,,,0,90,,89029,44,,,0,46,,89030,44,,,0,75,,89031,44,,,0,96,,89032,44,,,0,104,,89033,44,,,0,100,,89034,44,,,0,102,,89035,44,,,0,100,,89036,44,,,0,113,,89037,44,,,0,107,,89038,44,,,0,87,,89039,44,,,0,87,,89040,44,,,0,33,,89041,44,,,0,89,,89042,44,,,0,85,,89043,44,,,0,102,,89044,44,,,0,115,,89045,44,,,0,168,,89046,44,,,0,120,,89047,44,,,0
2401,'5458',526,,89048,44,,,0,93,,89049,44,,,0,90,,89050,44,,,0,46,,89051,44,,,0,75,,89052,44,,,0,96,,89053,44,,,0,104,,89054,44,,,0,100,,89055,44,,,0,102,,89056,44,,,0,100,,89057,44,,,0,113,,89058,44,,,0,107,,89059,44,,,0,87,,89060,44,,,0,87,,89061,44,,,0,33,,89062,44,,,0,89,,89063,44,,,0,85,,89064,44,,,0,102,,89065,44,,,0,115,,89066,44,,,0,168,,89067,44,,,0,120,,89068,44,,,0
2401,'5459',716,,89075,44,,,0,108,,89074,44,,,0,105,,89076,44,,,0,100,,89072,44,,,0,103,,89069,44,,,0,98,,89070,44,,,0,95,,89071,44,,,0,101,,89078,44,,,0,98,,89073,44,,,0,102,,89077,44,,,0,104,,89079,44,,,0,127,,89080,44,,,0,164,,89081,44,,,0,130,,89082,44,,,0,170,,89083,44,,,0,118,,89084,44,,,0
2401,'5460',823,,89085,44,,,0,130,,89086,44,,,0,174,,89087,44,,,0,127,,89088,44,,,0,172,,89089,44,,,0,132,,89090,44,,,0,169,,89091,44,,,0,128,,89092,44,,,0,169,,89093,44,,,0,125,,89094,44,,,0,168,,89095,44,,,0
2401,'5461',823,,89096,44,,,0,130,,89097,44,,,0,174,,89098,44,,,0,127,,89099,44,,,0,172,,89100,44,,,0,132,,89101,44,,,0,169,,89102,44,,,0,128,,89103,44,,,0,169,,89104,44,,,0,125,,89105,44,,,0,168,,89106,44,,,0
2401,'5462',823,,89107,44,,,0,130,,89108,44,,,0,174,,89109,44,,,0,127,,89110,44,,,0,172,,89111,44,,,0,132,,89112,44,,,0,169,,89113,44,,,0,128,,89114,44,,,0,169,,89115,44,,,0,125,,89116,44,,,0,168,,89117,44,,,0
2401,'5463',823,,89118,44,,,0,130,,89119,44,,,0,174,,89120,44,,,0,127,,89121,44,,,0,172,,89122,44,,,0,132,,89123,44,,,0,169,,89124,44,,,0,128,,89125,44,,,0,169,,89126,44,,,0,125,,89127,44,,,0,168,,89128,44,,,0
4000,'5456',640,,92841,13,,,0,81,,92842,13,,,0,27,,92840,13,,,0,65,,92839,13,,,0,108,,92834,13,,,0,103,,92835,13,,,0,98,,92832,13,,,0,101,,92837,13,,,0,99,,92828,13,,,0,99,,92836,13,,,0,101,,92827,13,,,0,82,,92826,13,,,0,31,,92833,13,,,0,68,,92825,13,,,0,34,,92830,13,,,0,95,,92838,13,,,0,102,,92829,13,,,0,170,,92831,13,,,0,343,,92824,13,,,0
4000,'5458',640,,92860,13,,,0,81,,92861,13,,,0,27,,92859,13,,,0,65,,92858,13,,,0,108,,92853,13,,,0,103,,92854,13,,,0,98,,92851,13,,,0,101,,92856,13,,,0,99,,92847,13,,,0,99,,92855,13,,,0,101,,92846,13,,,0,82,,92845,13,,,0,31,,92852,13,,,0,68,,92844,13,,,0,34,,92849,13,,,0,95,,92857,13,,,0,102,,92848,13,,,0,170,,92850,13,,,0,343,,92843,13,,,0
4000,'5459',718,,92871,13,,,0,131,,92872,13,,,0,100,,92862,13,,,0,100,,92865,13,,,0,100,,92867,13,,,0,100,,92873,13,,,0,101,,92863,13,,,0,100,,92864,13,,,0,100,,92868,13,,,0,100,,92874,13,,,0,99,,92866,13,,,0,99,,92870,13,,,0,100,,92869,13,,,0,95,,92875,13,,,0
4000,'5460',814,,92877,13,,,0,135,,92876,13,,,0,100,,92878,13,,,0,100,,92879,13,,,0,100,,92880,13,,,0,101,,92881,13,,,0,100,,92884,13,,,0,100,,92883,13,,,0,100,,92882,13,,,0,99,,92885,13,,,0,99,,92886,13,,,0,100,,92887,13,,,0
4000,'5461',814,,92889,13,,,0,135,,92888,13,,,0,100,,92890,13,,,0,100,,92891,13,,,0,100,,92892,13,,,0,101,,92893,13,,,0,100,,92896,13,,,0,100,,92895,13,,,0,100,,92894,13,,,0,99,,92897,13,,,0,99,,92898,13,,,0,100,,92899,13,,,0
4000,'5462',814,,92901,13,,,0,135,,92900,13,,,0,100,,92902,13,,,0,100,,92903,13,,,0,100,,92904,13,,,0,101,,92905,13,,,0,100,,92908,13,,,0,100,,92907,13,,,0,100,,92906,13,,,0,99,,92909,13,,,0,99,,92910,13,,,0,100,,92911,13,,,0
4000,'5463',814,,92913,13,,,0,135,,92912,13,,,0,100,,92914,13,,,0,100,,92915,13,,,0,100,,92916,13,,,0,101,,92917,13,,,0,100,,92920,13,,,0,100,,92919,13,,,0,100,,92918,13,,,0,99,,92921,13,,,0,99,,92922,13,,,0,100,,92923,13,,,0
