500,'5456',636,,83563,50,4,,0,99,,83564,50,4,,0,75,,83565,50,4,,0,32,,83566,50,4,,0,70,,83567,50,4,,0,28,,83568,50,4,,0,87,,83569,50,4,,0,74,,83570,50,4,,0,40,,83571,50,4,,0,82,,83572,50,4,,0,81,,83573,50,4,,0,43,,83574,50,4,,0,78,,83575,50,4,,0,79,,83576,50,4,,0,39,,83581,50,4,,0,75,,83579,50,4,,0,37,,83577,50,4,,0,74,,83580,50,4,,0,85,,83582,50,4,,0,36,,83584,50,4,,0,82,,83578,50,4,,0,85,,83583,50,4,,0
500,'5458',636,,83585,50,4,,0,99,,83586,50,4,,0,75,,83587,50,4,,0,32,,83588,50,4,,0,70,,83589,50,4,,0,28,,83590,50,4,,0,87,,83591,50,4,,0,74,,83592,50,4,,0,40,,83593,50,4,,0,82,,83594,50,4,,0,81,,83595,50,4,,0,43,,83596,50,4,,0,78,,83597,50,4,,0,79,,83598,50,4,,0,39,,83603,50,4,,0,75,,83601,50,4,,0,37,,83599,50,4,,0,74,,83602,50,4,,0,85,,83604,50,4,,0,36,,83606,50,4,,0,82,,83600,50,4,,0,85,,83605,50,4,,0
500,'5459',701,,98908,50,4,,0,117,,98906,50,4,,0,103,,83617,50,4,,0,82,,98902,50,4,,0,46,,83615,50,4,,0,80,,98903,50,4,,0,81,,98913,50,4,,0,41,,98907,50,4,,0,81,,83607,50,4,,0,81,,83613,50,4,,0,40,,98904,50,4,,0,81,,98910,50,4,,0,80,,98905,50,4,,0,38,,83612,50,4,,0,79,,83621,50,4,,0,75,,98911,50,4,,0,37,,98912,50,4,,0,80,,98909,50,4,,0,89,,98914,50,4,,0
500,'5460',803,,98917,50,4,,0,122,,98916,50,4,,0,123,,98915,50,4,,0,81,,83632,50,4,,0,81,,83626,50,4,,0,41,,83627,50,4,,0,80,,83640,50,4,,0,81,,83633,50,4,,0,41,,83630,50,4,,0,80,,83628,50,4,,0,80,,83629,50,4,,0,40,,83641,50,4,,0,77,,83634,50,4,,0,75,,83631,50,4,,0,38,,83635,50,4,,0,79,,83636,50,4,,0
500,'5461',803,,83655,50,4,,0,122,,83652,50,4,,0,123,,83654,50,4,,0,81,,83648,50,4,,0,81,,83642,50,4,,0,41,,83643,50,4,,0,80,,83656,50,4,,0,81,,83649,50,4,,0,41,,83646,50,4,,0,80,,83644,50,4,,0,80,,83645,50,4,,0,40,,83657,50,4,,0,77,,83650,50,4,,0,75,,83647,50,4,,0,38,,83651,50,4,,0,79,,83653,50,4,,0
500,'5462',803,,83671,50,4,,0,122,,83670,50,4,,0,123,,83669,50,4,,0,81,,83664,50,4,,0,81,,83658,50,4,,0,41,,83659,50,4,,0,80,,83672,50,4,,0,81,,83665,50,4,,0,41,,83662,50,4,,0,80,,83660,50,4,,0,80,,83661,50,4,,0,40,,83673,50,4,,0,77,,83666,50,4,,0,75,,83663,50,4,,0,38,,83667,50,4,,0,79,,83668,50,4,,0
500,'5463',803,,83687,50,4,,0,122,,83686,50,4,,0,123,,83685,50,4,,0,81,,83680,50,4,,0,81,,83674,50,4,,0,41,,83675,50,4,,0,80,,83688,50,4,,0,81,,83681,50,4,,0,41,,83678,50,4,,0,80,,83676,50,4,,0,80,,83677,50,4,,0,40,,83689,50,4,,0,77,,83682,50,4,,0,75,,83679,50,4,,0,38,,83683,50,4,,0,79,,83684,50,4,,0
501,'5456',623,,83690,1,,,0,31,,83691,1,,,0,66,,83692,1,,,0,31,,83693,1,,,0,70,,83694,1,,,0,33,,83695,1,,,0,71,,83696,1,,,0,76,,83697,1,,,0,39,,83698,1,,,0,78,,83699,1,,,0,39,,83700,1,,,0,80,,83701,1,,,0,79,,83702,1,,,0,92,,83703,1,,,0,37,,83704,1,,,0,72,,83706,1,,,0,39,,83710,1,,,0,75,,83708,1,,,0,76,,83705,1,,,0,43,,83709,1,,,0,152,,83712,1,,,0,44,,83707,1,,,0,82,,83711,1,,,0
501,'5458',623,,83713,1,,,0,31,,83714,1,,,0,66,,83715,1,,,0,31,,83716,1,,,0,70,,83717,1,,,0,33,,83718,1,,,0,71,,83719,1,,,0,76,,83720,1,,,0,39,,83721,1,,,0,78,,83722,1,,,0,39,,83723,1,,,0,80,,83724,1,,,0,79,,83725,1,,,0,92,,83726,1,,,0,37,,83727,1,,,0,72,,83729,1,,,0,39,,83733,1,,,0,75,,83731,1,,,0,76,,83728,1,,,0,43,,83732,1,,,0,152,,83735,1,,,0,44,,83730,1,,,0,82,,83734,1,,,0
501,'5459',713,,98923,1,,,0,119,,98924,1,,,0,103,,83743,1,,,0,78,,98919,1,,,0,96,,83745,1,,,0,39,,98918,1,,,0,79,,98928,1,,,0,78,,98922,1,,,0,38,,83742,1,,,0,82,,83739,1,,,0,80,,98921,1,,,0,41,,98927,1,,,0,82,,98929,1,,,0,75,,83749,1,,,0,43,,83751,1,,,0,77,,98931,1,,,0,36,,98930,1,,,0,81,,98925,1,,,0,85,,98926,1,,,0
501,'5460',700,,98934,1,,,0,118,,98933,1,,,0,117,,98932,1,,,0,78,,83762,1,,,0,98,,83765,1,,,0,39,,83761,1,,,0,80,,83757,1,,,0,78,,83756,1,,,0,41,,83772,1,,,0,80,,83764,1,,,0,80,,83760,1,,,0,40,,83759,1,,,0,82,,83758,1,,,0,75,,83771,1,,,0,41,,83766,1,,,0,76,,83763,1,,,0,84,,83767,1,,,0
501,'5461',700,,83787,1,,,0,118,,83786,1,,,0,117,,83785,1,,,0,78,,83779,1,,,0,98,,83782,1,,,0,39,,83778,1,,,0,80,,83774,1,,,0,78,,83773,1,,,0,41,,83789,1,,,0,80,,83781,1,,,0,80,,83777,1,,,0,40,,83776,1,,,0,82,,83775,1,,,0,75,,83788,1,,,0,41,,83783,1,,,0,76,,83780,1,,,0,84,,83784,1,,,0
501,'5462',700,,83804,1,,,0,118,,83803,1,,,0,117,,83802,1,,,0,78,,83796,1,,,0,98,,83799,1,,,0,39,,83795,1,,,0,80,,83791,1,,,0,78,,83790,1,,,0,41,,83806,1,,,0,80,,83798,1,,,0,80,,83794,1,,,0,40,,83793,1,,,0,82,,83792,1,,,0,75,,83805,1,,,0,41,,83800,1,,,0,76,,83797,1,,,0,84,,83801,1,,,0
501,'5463',700,,83821,1,,,0,118,,83820,1,,,0,117,,83819,1,,,0,78,,83813,1,,,0,98,,83816,1,,,0,39,,83812,1,,,0,80,,83808,1,,,0,78,,83807,1,,,0,41,,83823,1,,,0,80,,83815,1,,,0,80,,83811,1,,,0,40,,83810,1,,,0,82,,83809,1,,,0,75,,83822,1,,,0,41,,83817,1,,,0,76,,83814,1,,,0,84,,83818,1,,,0
