2401,'5456',503,,100724,16,,,0,51,,100725,16,,,0,88,,100726,16,,,0,84,,89030,16,,,0,32,,100727,16,,,0,97,,100728,16,,,0,146,,100729,16,,,0,100,,100730,16,,,0,99,,100731,16,,,0,100,,100732,16,,,0,112,,100733,16,,,0,99,,100734,16,,,0,48,,100735,16,,,0,91,,100736,16,,,0,79,,100737,16,,,0,91,,100738,16,,,0,86,,100739,16,,,0,103,,100740,16,,,0,115,,100741,16,,,0,131,,100742,16,,,0,161,,100743,16,,,0
2401,'5458',503,,100744,16,,,0,51,,100745,16,,,0,88,,100746,16,,,0,84,,89051,16,,,0,32,,100747,16,,,0,97,,100748,16,,,0,146,,100749,16,,,0,100,,100750,16,,,0,99,,100751,16,,,0,100,,100752,16,,,0,112,,100753,16,,,0,99,,100754,16,,,0,48,,100755,16,,,0,91,,100756,16,,,0,79,,100757,16,,,0,91,,100758,16,,,0,86,,100759,16,,,0,103,,100760,16,,,0,115,,100761,16,,,0,131,,100762,16,,,0,161,,100763,16,,,0
2401,'5459',652,,100765,16,,,0,107,,100764,16,,,0,144,,100766,16,,,0,100,,89072,16,,,0,100,,89069,16,,,0,98,,89070,16,,,0,55,,89071,16,,,0,100,,89078,16,,,0,98,,89073,16,,,0,103,,100767,16,,,0,144,,100768,16,,,0,128,,100769,16,,,0,125,,89081,16,,,0,170,,100770,16,,,0,131,,89083,16,,,0,161,,100771,16,,,0
2401,'5460',759,,89085,16,,,0,170,,89086,16,,,0,130,,100772,16,,,0,167,,100773,16,,,0,131,,100774,16,,,0,172,,100775,16,,,0,130,,100776,16,,,0,170,,100777,16,,,0,130,,100778,16,,,0,165,,100779,16,,,0,130,,100780,16,,,0
2401,'5461',759,,100781,16,,,0,170,,100782,16,,,0,130,,100783,16,,,0,167,,100784,16,,,0,131,,100785,16,,,0,172,,100786,16,,,0,130,,100787,16,,,0,170,,100788,16,,,0,130,,89104,16,,,0,165,,89105,16,,,0,130,,100789,16,,,0
2401,'5462',759,,100790,16,,,0,170,,100791,16,,,0,130,,100792,16,,,0,167,,100793,16,,,0,131,,100794,16,,,0,172,,100795,16,,,0,130,,100796,16,,,0,170,,100797,16,,,0,130,,89115,16,,,0,165,,89116,16,,,0,130,,100798,16,,,0
2401,'5463',759,,100799,16,,,0,170,,100800,16,,,0,130,,100801,16,,,0,167,,100802,16,,,0,131,,100803,16,,,0,172,,100804,16,,,0,130,,100805,16,,,0,170,,100806,16,,,0,130,,89126,16,,,0,165,,89127,16,,,0,130,,100807,16,,,0
2501,'5456',622,,100880,22,,,0,80,,100881,22,,,0,36,,89230,22,0,6 7,0,80,,89233,22,,,0,113,,100882,22,,,0,100,,100883,22,,,0,99,,100884,22,,,0,100,,100885,22,,,0,100,,100886,22,,,0,106,,100887,22,,,0,93,,100888,22,,,0,101,,89239,22,,,0,80,,89240,22,,,0,44,,100889,22,,,0,86,,100890,22,,,0,96,,100891,22,,,0,103,,100892,22,,,0,171,,100893,22,,,0,130,,100894,22,,,0
2501,'5458',622,,100895,22,,,0,80,,100896,22,,,0,36,,89249,22,0,6 7,0,80,,89252,22,,,0,113,,100897,22,,,0,100,,100898,22,,,0,99,,100899,22,,,0,100,,100900,22,,,0,100,,100901,22,,,0,106,,100902,22,,,0,93,,100903,22,,,0,101,,89258,22,,,0,80,,89259,22,,,0,44,,100904,22,,,0,86,,100905,22,,,0,96,,100906,22,,,0,103,,100907,22,,,0,171,,100908,22,,,0,130,,100909,22,,,0
2501,'5459',729,,100912,22,,,0,99,,100910,22,,,0,105,,89268,22,,,0,101,,100911,22,,,0,97,,100913,22,,,0,95,,89272,22,,,0,100,,89271,22,,,0,98,,89270,22,,,0,100,,89273,22,,,0,102,,89274,22,,,0,118,,89276,22,,,0,170,,100914,22,,,0,126,,100915,22,,,0,170,,100916,22,,,0,130,,100917,22,,,0
2501,'5460',844,,100919,22,,,0,170,,100918,22,,,0,127,,100920,22,,,0,170,,100921,22,,,0,131,,100922,22,,,0,172,,100923,22,,,0,130,,100924,22,,,0,170,,100925,22,,,0,130,,100926,22,,,0,166,,100927,22,,,0,129,,100928,22,,,0
2501,'5461',844,,100930,22,,,0,170,,100929,22,,,0,127,,100931,22,,,0,170,,100932,22,,,0,131,,100933,22,,,0,172,,100934,22,,,0,130,,100935,22,,,0,170,,100936,22,,,0,130,,100937,22,,,0,166,,100938,22,,,0,129,,100939,22,,,0
2501,'5462',844,,100941,22,,,0,170,,100940,22,,,0,127,,100942,22,,,0,170,,100943,22,,,0,131,,100944,22,,,0,172,,100945,22,,,0,130,,100946,22,,,0,170,,100947,22,,,0,130,,100948,22,,,0,166,,100949,22,,,0,129,,100950,22,,,0
2501,'5463',844,,100952,22,,,0,170,,100951,22,,,0,127,,100953,22,,,0,170,,100954,22,,,0,131,,100955,22,,,0,172,,100956,22,,,0,130,,100957,22,,,0,170,,100958,22,,,0,130,,100959,22,,,0,166,,100960,22,,,0,129,,100961,22,,,0
