2401,'5456',525,,89027,43,,,0,93,,89028,43,,,0,90,,89029,43,,,0,46,,89030,43,,,0,74,,89031,43,,,0,96,,89032,43,,,0,105,,89033,43,,,0,100,,89034,43,,,0,101,,89035,43,,,0,100,,89036,43,,,0,114,,89037,43,,,0,107,,89038,43,,,0,86,,89039,43,,,0,87,,89040,43,,,0,34,,89041,43,,,0,89,,89042,43,,,0,85,,89043,43,,,0,102,,89044,43,,,0,115,,89045,43,,,0,168,,89046,43,,,0,120,,89047,43,,,0
2401,'5458',525,,89048,43,,,0,93,,89049,43,,,0,90,,89050,43,,,0,46,,89051,43,,,0,74,,89052,43,,,0,96,,89053,43,,,0,105,,89054,43,,,0,100,,89055,43,,,0,101,,89056,43,,,0,100,,89057,43,,,0,114,,89058,43,,,0,107,,89059,43,,,0,86,,89060,43,,,0,87,,89061,43,,,0,34,,89062,43,,,0,89,,89063,43,,,0,85,,89064,43,,,0,102,,89065,43,,,0,115,,89066,43,,,0,168,,89067,43,,,0,120,,89068,43,,,0
2401,'5459',715,,89075,43,,,0,108,,89074,43,,,0,105,,89076,43,,,0,100,,89072,43,,,0,103,,89069,43,,,0,98,,89070,43,,,0,95,,89071,43,,,0,101,,89078,43,,,0,98,,89073,43,,,0,102,,89077,43,,,0,104,,89079,43,,,0,127,,89080,43,,,0,164,,89081,43,,,0,130,,89082,43,,,0,170,,89083,43,,,0,118,,89084,43,,,0
2401,'5460',822,,89085,43,,,0,130,,89086,43,,,0,174,,89087,43,,,0,127,,89088,43,,,0,172,,89089,43,,,0,132,,89090,43,,,0,169,,89091,43,,,0,128,,89092,43,,,0,169,,89093,43,,,0,125,,89094,43,,,0,168,,89095,43,,,0
2401,'5461',822,,89096,43,,,0,130,,89097,43,,,0,174,,89098,43,,,0,127,,89099,43,,,0,172,,89100,43,,,0,132,,89101,43,,,0,169,,89102,43,,,0,128,,89103,43,,,0,169,,89104,43,,,0,125,,89105,43,,,0,168,,89106,43,,,0
2401,'5462',822,,89107,43,,,0,130,,89108,43,,,0,174,,89109,43,,,0,127,,89110,43,,,0,172,,89111,43,,,0,132,,89112,43,,,0,169,,89113,43,,,0,128,,89114,43,,,0,169,,89115,43,,,0,125,,89116,43,,,0,168,,89117,43,,,0
2401,'5463',822,,89118,43,,,0,130,,89119,43,,,0,174,,89120,43,,,0,127,,89121,43,,,0,172,,89122,43,,,0,132,,89123,43,,,0,169,,89124,43,,,0,128,,89125,43,,,0,169,,89126,43,,,0,125,,89127,43,,,0,168,,89128,43,,,0
2501,'5456',652,,89228,60,,,0,81,,89229,60,,,0,120,,89233,60,,,0,150,,89231,60,,,0,101,,89232,60,,,0,101,,89234,60,,,0,100,,89235,60,,,0,101,,89236,60,,,0,117,,89237,60,,,0,94,,89238,60,,,0,93,,89239,60,,,0,36,,89240,60,,,0,83,,89241,60,,,0,83,,89242,60,,,0,92,,89243,60,,,0,103,,89244,60,,,0,130,,89245,60,,,0,169,,89246,60,,,0
2501,'5458',652,,89247,60,,,0,81,,89248,60,,,0,120,,89252,60,,,0,150,,89250,60,,,0,101,,89251,60,,,0,101,,89253,60,,,0,100,,89254,60,,,0,101,,89255,60,,,0,117,,89256,60,,,0,94,,89257,60,,,0,93,,89258,60,,,0,36,,89259,60,,,0,83,,89260,60,,,0,83,,89261,60,,,0,92,,89262,60,,,0,103,,89263,60,,,0,130,,89264,60,,,0,169,,89265,60,,,0
2501,'5459',755,,89269,60,,,0,101,,89266,60,,,0,146,,89268,60,,,0,103,,89267,60,,,0,99,,89275,60,,,0,55,,89272,60,,,0,100,,89271,60,,,0,99,,89270,60,,,0,100,,89273,60,,,0,101,,89274,60,,,0,158,,89276,60,,,0,127,,89277,60,,,0,165,,89278,60,,,0,129,,89279,60,,,0,169,,89280,60,,,0
2501,'5460',911,,89282,60,,,0,132,,89281,60,,,0,170,,89283,60,,,0,131,,89284,60,,,0,172,,89285,60,,,0,131,,89286,60,,,0,167,,89287,60,,,0,129,,89288,60,,,0,169,,89289,60,,,0,124,,89290,60,,,0,169,,89291,60,,,0
2501,'5461',911,,89293,60,,,0,132,,89292,60,,,0,170,,89294,60,,,0,131,,89295,60,,,0,172,,89296,60,,,0,131,,89297,60,,,0,167,,89298,60,,,0,129,,89299,60,,,0,169,,89300,60,,,0,124,,89301,60,,,0,169,,89302,60,,,0
2501,'5462',911,,89304,60,,,0,132,,89303,60,,,0,170,,89305,60,,,0,131,,89306,60,,,0,172,,89307,60,,,0,131,,89308,60,,,0,167,,89309,60,,,0,129,,89310,60,,,0,169,,89311,60,,,0,124,,89312,60,,,0,169,,89313,60,,,0
2501,'5463',911,,89315,60,,,0,132,,89314,60,,,0,170,,89316,60,,,0,131,,89317,60,,,0,172,,89318,60,,,0,131,,89319,60,,,0,167,,89320,60,,,0,129,,89321,60,,,0,169,,89322,60,,,0,124,,89323,60,,,0,169,,89324,60,,,0
4000,'5456',639,,92841,12,,,0,81,,92842,12,,,0,27,,92840,12,,,0,65,,92839,12,,,0,107,,92834,12,,,0,103,,92835,12,,,0,99,,92832,12,,,0,101,,92837,12,,,0,99,,92828,12,,,0,98,,92836,12,,,0,101,,92827,12,,,0,82,,92826,12,,,0,31,,92833,12,,,0,69,,92825,12,,,0,34,,92830,12,,,0,95,,92838,12,,,0,102,,92829,12,,,0,170,,92831,12,,,0,343,,92824,12,,,0
4000,'5458',639,,92860,12,,,0,81,,92861,12,,,0,27,,92859,12,,,0,65,,92858,12,,,0,107,,92853,12,,,0,103,,92854,12,,,0,99,,92851,12,,,0,101,,92856,12,,,0,99,,92847,12,,,0,98,,92855,12,,,0,101,,92846,12,,,0,82,,92845,12,,,0,31,,92852,12,,,0,69,,92844,12,,,0,34,,92849,12,,,0,95,,92857,12,,,0,102,,92848,12,,,0,170,,92850,12,,,0,343,,92843,12,,,0
4000,'5459',717,,92871,12,,,0,130,,92872,12,,,0,100,,92862,12,,,0,100,,92865,12,,,0,100,,92867,12,,,0,101,,92873,12,,,0,101,,92863,12,,,0,100,,92864,12,,,0,100,,92868,12,,,0,100,,92874,12,,,0,99,,92866,12,,,0,99,,92870,12,,,0,100,,92869,12,,,0,95,,92875,12,,,0
4000,'5460',812,,92877,12,,,0,135,,92876,12,,,0,100,,92878,12,,,0,100,,92879,12,,,0,101,,92880,12,,,0,101,,92881,12,,,0,100,,92884,12,,,0,100,,92883,12,,,0,100,,92882,12,,,0,99,,92885,12,,,0,99,,92886,12,,,0,100,,92887,12,,,0
4000,'5461',812,,92889,12,,,0,135,,92888,12,,,0,100,,92890,12,,,0,100,,92891,12,,,0,101,,92892,12,,,0,101,,92893,12,,,0,100,,92896,12,,,0,100,,92895,12,,,0,100,,92894,12,,,0,99,,92897,12,,,0,99,,92898,12,,,0,100,,92899,12,,,0
4000,'5462',812,,92901,12,,,0,135,,92900,12,,,0,100,,92902,12,,,0,100,,92903,12,,,0,101,,92904,12,,,0,101,,92905,12,,,0,100,,92908,12,,,0,100,,92907,12,,,0,100,,92906,12,,,0,99,,92909,12,,,0,99,,92910,12,,,0,100,,92911,12,,,0
4000,'5463',812,,92913,12,,,0,135,,92912,12,,,0,100,,92914,12,,,0,100,,92915,12,,,0,101,,92916,12,,,0,101,,92917,12,,,0,100,,92920,12,,,0,100,,92919,12,,,0,100,,92918,12,,,0,99,,92921,12,,,0,99,,92922,12,,,0,100,,92923,12,,,0
