5300,'5456',1322,,93670,9,0,25 40,0,187,,93672,9,0,25 40,0,107,,93669,9,0,25 40,0,129,,93667,9,0,25 40,0,166,,93673,9,0,25 40,0,130,,93674,9,0,25 40,0
5300,'5458',1322,,93681,9,0,25 40,0,187,,93683,9,0,25 40,0,107,,93680,9,0,25 40,0,129,,93678,9,0,25 40,0,166,,93684,9,0,25 40,0,130,,93685,9,0,25 40,0
5300,'5459',1327,,93692,9,0,25 40,0,210,,93689,9,0,25 40,0,209,,93687,9,0,25 40,0,206,,93688,9,0,25 40,0
5300,'5460',1326,,93697,9,0,25 40,0,210,,93695,9,0,25 40,0,210,,93699,9,0,25 40,0,205,,93698,9,0,25 40,0
5300,'5461',1326,,93704,9,0,25 40,0,210,,93702,9,0,25 40,0,210,,93706,9,0,25 40,0,205,,93705,9,0,25 40,0
5300,'5462',1326,,93711,9,0,25 40,0,210,,93709,9,0,25 40,0,210,,93713,9,0,25 40,0,205,,93712,9,0,25 40,0
5300,'5463',1326,,93718,9,0,25 40,0,210,,93716,9,0,25 40,0,210,,93720,9,0,25 40,0,205,,93719,9,0,25 40,0
5301,'5456',811,,93725,32,,,0,115,,93722,32,,,0,199,,93721,32,,,0
5301,'5458',811,,93735,32,,,0,115,,93732,32,,,0,199,,93731,32,,,0
5301,'5459',759,,93746,32,,,0,241,,93747,32,,,0,214,,93745,32,,,0
5301,'5460',759,,93751,32,,,0,200,,93748,32,,,0,253,,93749,32,,,0
5301,'5461',759,,93758,32,,,0,200,,93755,32,,,0,253,,93756,32,,,0
5301,'5462',759,,93765,32,,,0,200,,93762,32,,,0,253,,93763,32,,,0
5301,'5463',759,,93772,32,,,0,200,,93769,32,,,0,253,,93770,32,,,0
