7001,'5456',721,,103511,6,,,0,104,,95461,6,,,0,96,,103512,6,,,0,100,,103518,6,,,0,103,,103513,6,,,0,99,,103514,6,,,0,100,,103515,6,,,0,101,,103516,6,,,0,105,,103517,6,,,0,97,,103519,6,,,0,30,,103522,6,,,0,72,,103520,6,,,0,97,,103521,6,,,0,99,,103523,6,,,0,200,,103524,6,,,0,199,,103525,6,,,0
7001,'5458',721,,103526,6,,,0,104,,95477,6,,,0,96,,103527,6,,,0,100,,103533,6,,,0,103,,103528,6,,,0,99,,103529,6,,,0,100,,103530,6,,,0,101,,103531,6,,,0,105,,103532,6,,,0,97,,103534,6,,,0,30,,103537,6,,,0,72,,103535,6,,,0,97,,103536,6,,,0,99,,103538,6,,,0,200,,103539,6,,,0,199,,103540,6,,,0
7001,'5459',920,,103541,6,,,0,102,,95484,6,,,0,101,,103542,6,,,0,100,,103543,6,,,0,100,,95487,6,,,0,104,,103544,6,,,0,101,,103545,6,,,0,99,,95490,6,,,0,95,,103546,6,,,0,99,,103547,6,,,0,99,,103548,6,,,0,200,,103549,6,,,0,200,,103550,6,,,0
7001,'5460',919,,95496,6,,,0,200,,103551,6,,,0,100,,95498,6,,,0,103,,103552,6,,,0,101,,103553,6,,,0,100,,103554,6,,,0,99,,103555,6,,,0,103,,103556,6,,,0,99,,103557,6,,,0,100,,103558,6,,,0,100,,103559,6,,,0,99,,103560,6,,,0,199,,103561,6,,,0,99,,95509,6,,,0
7001,'5461',919,,103562,6,,,0,101,,103573,6,,,0,99,,103563,6,,,0,100,,95512,6,,,0,103,,103564,6,,,0,101,,103565,6,,,0,100,,103566,6,,,0,99,,103567,6,,,0,103,,103568,6,,,0,99,,95518,6,,,0,100,,103569,6,,,0,100,,103570,6,,,0,99,,95521,6,,,0,99,,103574,6,,,0,100,,103571,6,,,0,99,,103572,6,,,0
7001,'5462',919,,103575,6,,,0,101,,103586,6,,,0,99,,103576,6,,,0,100,,95528,6,,,0,103,,103577,6,,,0,101,,103578,6,,,0,100,,103579,6,,,0,99,,103580,6,,,0,103,,103581,6,,,0,99,,95534,6,,,0,100,,103582,6,,,0,100,,103583,6,,,0,99,,95537,6,,,0,99,,103587,6,,,0,100,,103584,6,,,0,99,,103585,6,,,0
7001,'5463',919,,103588,6,,,0,200,,95543,6,,,0,100,,95544,6,,,0,103,,103589,6,,,0,101,,103590,6,,,0,100,,103591,6,,,0,99,,103592,6,,,0,103,,103593,6,,,0,99,,103594,6,,,0,100,,103595,6,,,0,100,,103596,6,,,0,99,,103597,6,,,0,199,,103598,6,,,0,99,,103599,6,,,0
7101,'5456',625,,103604,26,,,0,31,,103605,26,,,0,89,,103606,26,,,0
7101,'5458',625,,103607,26,,,0,31,,103608,26,,,0,89,,103609,26,,,0
7201,'5456',606,,103795,42,,,0,40,,103798,42,,,0,71,,103796,42,,,0,32,,103800,42,,,0,72,,103810,42,,,0,21,,103805,42,,,0,67,,103797,42,,,0,30,,103799,42,,,0,70,,103803,42,,,0,30,,103801,42,,,0,70,,103802,42,,,0,33,,103809,42,,,0,70,,103804,42,,,0,30,,103806,42,,,0,71,,103807,42,,,0,30,,103814,42,,,0,70,,103817,42,,,0,31,,103808,42,,,0,72,,103819,42,,,0,31,,103823,42,,,0,71,,103811,42,,,0,27,,103812,42,,,0,69,,103818,42,,,0,30,,103825,42,,,0,70,,103813,42,,,0,27,,103820,42,,,0,70,,103822,42,,,0,29,,103815,42,,,0,70,,103816,42,,,0,30,,103824,42,,,0,70,,103826,42,,,0,30,,103821,42,,,0
7201,'5457',1454,,103827,38,,,0
7201,'5458',606,,103828,42,,,0,40,,103831,42,,,0,71,,103829,42,,,0,32,,103833,42,,,0,72,,103844,42,,,0,21,,103838,42,,,0,67,,103830,42,,,0,30,,103832,42,,,0,70,,103836,42,,,0,30,,103834,42,,,0,70,,103835,42,,,0,33,,103843,42,,,0,70,,103837,42,,,0,30,,103839,42,,,0,71,,103840,42,,,0,30,,103848,42,,,0,70,,103851,42,,,0,31,,103842,42,,,0,10,,103841,38,,,0,62,,103853,42,,,0,31,,103857,42,,,0,71,,103845,42,,,0,27,,103846,42,,,0,69,,103852,42,,,0,30,,103859,42,,,0,70,,103847,42,,,0,27,,103854,42,,,0,70,,103856,42,,,0,29,,103849,42,,,0,70,,103850,42,,,0,30,,103858,42,,,0,70,,103860,42,,,0,30,,103855,42,,,0
7201,'5459',633,,103885,42,,,0,103,,95838,42,,,0,99,,103862,42,,,0,73,,103863,42,,,0,31,,103864,42,,,0,70,,103865,42,,,0,31,,95843,42,,,0,70,,103866,42,,,0,31,,103867,42,,,0,70,,103868,42,,,0,30,,103861,42,,,0,70,,103869,42,,,0,30,,103870,42,,,0,71,,103871,42,,,0,34,,103872,42,,,0,71,,103873,42,,,0,29,,103874,42,,,0,71,,103875,42,,,0,29,,103876,42,,,0,66,,103877,42,,,0,27,,103878,42,,,0,70,,103879,42,,,0,29,,103880,42,,,0,70,,103881,42,,,0,29,,95860,42,,,0,70,,95861,42,,,0,31,,103882,42,,,0,69,,103883,42,,,0,30,,103884,42,,,0
7201,'5460',735,,103887,42,,,0,100,,95868,42,,,0,100,,103888,42,,,0,106,,103889,42,,,0,100,,103891,42,,,0,70,,103892,42,,,0,30,,103886,42,,,0,69,,103890,42,,,0,30,,103893,42,,,0,70,,103895,42,,,0,30,,103896,42,,,0,71,,103897,42,,,0,30,,103894,42,,,0,70,,103898,42,,,0,29,,103899,42,,,0,70,,103900,42,,,0,34,,103901,42,,,0,68,,103902,42,,,0,31,,103903,42,,,0,70,,103904,42,,,0,30,,95887,42,,,0,69,,103905,42,,,0,30,,103906,42,,,0,70,,103907,42,,,0,30,,95890,42,,,0
7201,'5461',735,,103909,42,,,0,100,,103910,42,,,0,100,,103911,42,,,0,106,,103912,42,,,0,100,,103914,42,,,0,70,,103915,42,,,0,30,,103908,42,,,0,69,,103913,42,,,0,30,,103916,42,,,0,70,,103918,42,,,0,30,,103919,42,,,0,71,,103920,42,,,0,30,,103917,42,,,0,70,,103921,42,,,0,29,,103922,42,,,0,70,,103923,42,,,0,34,,103924,42,,,0,68,,103925,42,,,0,31,,103926,42,,,0,70,,103927,42,,,0,30,,103929,42,,,0,69,,103928,42,,,0,30,,103930,42,,,0,70,,103931,42,,,0,30,,103932,42,,,0
7201,'5462',735,,103934,42,,,0,100,,103935,42,,,0,100,,103936,42,,,0,106,,103937,42,,,0,100,,103939,42,,,0,70,,103940,42,,,0,30,,103933,42,,,0,69,,103938,42,,,0,30,,103941,42,,,0,70,,103943,42,,,0,30,,103944,42,,,0,71,,103945,42,,,0,30,,103942,42,,,0,70,,103946,42,,,0,29,,103947,42,,,0,70,,103948,42,,,0,34,,103949,42,,,0,68,,103950,42,,,0,31,,103951,42,,,0,70,,103952,42,,,0,30,,103954,42,,,0,69,,103953,42,,,0,30,,103955,42,,,0,70,,103956,42,,,0,30,,103957,42,,,0
7201,'5463',735,,103959,42,,,0,100,,103960,42,,,0,100,,103961,42,,,0,106,,103962,42,,,0,100,,103964,42,,,0,70,,103965,42,,,0,30,,103958,42,,,0,69,,103963,42,,,0,30,,103966,42,,,0,70,,103968,42,,,0,30,,103969,42,,,0,71,,103970,42,,,0,30,,103967,42,,,0,70,,103971,42,,,0,29,,103972,42,,,0,70,,103973,42,,,0,34,,103974,42,,,0,68,,103975,42,,,0,31,,103976,42,,,0,70,,103977,42,,,0,30,,95962,42,,,0,69,,103978,42,,,0,30,,103979,42,,,0,70,,103980,42,,,0,30,,103981,42,,,0
7501,'5456',557,,96154,37,,,0,70,,96151,37,,,0,23,,96152,37,,,0,59,,104088,37,,,0,23,,104090,37,,,0,26,,104087,37,,,0,59,,96163,37,,,0,16,,104091,37,,,0,69,,96155,37,,,0,32,,104089,39,,,0,79,,96159,39,,,0,30,,104092,39,,,0,74,,104093,39,,,0,28,,96164,39,,,0,70,,104094,39,,,0,31,,96166,39,,,0,70,,104095,39,,,0,30,,96168,39,,,0,71,,104096,39,,,0,32,,104097,39,,,0,72,,104098,39,,,0,19,,104106,39,,,0,10,,104099,39,,,0,59,,96174,39,,,0,14,,96173,39,,,0,10,,96182,37,,,0,10,,104105,18,,,0,10,,104100,39,,,0,67,,96176,39,,,0,27,,104101,39,,,0,70,,96178,39,,,0,99,,96179,39,,,0,97,,96180,39,,,0,100,,104102,39,,,0,98,,104103,39,,,0,94,,96184,39,0,28 29 14,0,53,,104104,37,0,28 29 14,0
7501,'5458',557,,96191,37,,,0,70,,96188,37,,,0,23,,96189,37,,,0,59,,104108,37,,,0,23,,104110,37,,,0,26,,104107,37,,,0,59,,96200,37,,,0,16,,104111,37,,,0,69,,96192,37,,,0,32,,104109,39,,,0,79,,96196,39,,,0,30,,104112,39,,,0,74,,104113,39,,,0,28,,96201,39,,,0,70,,104114,39,,,0,31,,96203,39,,,0,70,,104115,39,,,0,30,,96205,39,,,0,71,,104116,39,,,0,32,,104117,39,,,0,72,,104118,39,,,0,19,,104126,39,,,0,10,,104119,39,,,0,59,,96211,39,,,0,14,,96210,39,,,0,10,,96219,37,,,0,10,,104125,18,,,0,10,,104120,39,,,0,67,,96213,39,,,0,27,,104121,39,,,0,70,,96215,39,,,0,99,,96216,39,,,0,97,,96217,39,,,0,100,,104122,39,,,0,98,,104123,39,,,0,94,,96221,39,0,28 29 14,0,53,,104124,37,0,28 29 14,0
7501,'5459',646,,104127,31,0,28 29 14,0,113,,96226,37,,,0,100,,104128,37,,,0,153,,104129,39,,,0,103,,96229,39,,,0,101,,96230,39,,,0,30,,104130,39,,,0,70,,104131,39,,,0,30,,104132,39,,,0,70,,104133,39,,,0,34,,96235,39,,,0,70,,104134,39,,,0,30,,96237,39,,,0,70,,96238,39,,,0,31,,104135,39,,,0,70,,104136,39,,,0,96,,104137,39,,,0,95,,96242,39,,,0,99,,96243,39,,,0,100,,104138,39,,,0,100,,104139,39,,,0,95,,96246,39,0,28 29 14,0,94,,96247,37,0,28 29 14,0
7501,'5460',655,,104140,13,0,28 29 14,0,101,,104141,37,0,28 29 14,0,144,,96250,37,,,0,109,,104142,39,,,0,101,,96252,39,,,0,104,,104143,39,,,0,31,,104144,39,,,0,70,,96255,39,,,0,30,,104145,39,,,0,70,,96257,39,,,0,31,,104146,39,,,0,71,,104147,39,,,0,30,,104148,39,,,0,70,,104149,39,,,0,100,,104150,39,,,0,101,,104151,39,,,0,99,,104152,39,,,0,100,,96265,39,,,0,99,,104153,39,,,0,100,,104154,39,,,0,88,,96268,39,0,28 29 14,0,107,,104155,37,0,28 29 14,0
7501,'5461',655,,104156,13,0,28 29 14,0,101,,104157,37,0,28 29 14,0,144,,96272,37,,,0,109,,96273,39,,,0,101,,96274,39,,,0,104,,96275,39,,,0,31,,104158,39,,,0,70,,96277,39,,,0,30,,104159,39,,,0,70,,96279,39,,,0,31,,104160,39,,,0,71,,104161,39,,,0,30,,104162,39,,,0,70,,104163,39,,,0,100,,104164,39,,,0,101,,104165,39,,,0,99,,104166,39,,,0,100,,104167,39,,,0,99,,104168,39,,,0,100,,96289,39,,,0,88,,104169,39,0,28 29 14,0,107,,96291,37,0,28 29 14,0
7501,'5462',655,,104170,13,0,28 29 14,0,101,,104171,37,0,28 29 14,0,144,,96294,37,,,0,109,,96295,39,,,0,101,,96296,39,,,0,104,,96297,39,,,0,31,,104172,39,,,0,70,,96299,39,,,0,30,,104173,39,,,0,70,,96301,39,,,0,31,,104174,39,,,0,71,,104175,39,,,0,30,,104176,39,,,0,70,,104177,39,,,0,100,,104178,39,,,0,101,,104179,39,,,0,99,,104180,39,,,0,100,,104181,39,,,0,99,,104182,39,,,0,100,,96311,39,,,0,88,,104183,39,0,28 29 14,0,107,,96313,37,0,28 29 14,0
7501,'5463',655,,104184,13,0,28 29 14,0,101,,104185,37,0,28 29 14,0,144,,96316,37,,,0,109,,96317,39,,,0,101,,96318,39,,,0,104,,96319,39,,,0,31,,104186,39,,,0,70,,96321,39,,,0,30,,104187,39,,,0,70,,96323,39,,,0,31,,104188,39,,,0,71,,104189,39,,,0,30,,104190,39,,,0,70,,104191,39,,,0,100,,104192,39,,,0,101,,104193,39,,,0,99,,104194,39,,,0,100,,104195,39,,,0,99,,104196,39,,,0,100,,96333,39,,,0,88,,104197,39,0,28 29 14,0,107,,96335,37,0,28 29 14,0
1007201,'5456',2245,,105692,45,,,0,98,,105694,45,,,0,99,,105693,45,,,0
1007201,'5458',2245,,105695,45,,,0,98,,105697,45,,,0,99,,105696,45,,,0
1007201,'5459',2246,,98271,45,,,0,97,,105698,45,,,0,98,,105699,45,,,0
1007201,'5460',2245,,98274,45,,,0,98,,105700,45,,,0
1007201,'5461',2245,,105701,45,,,0,98,,105702,45,,,0
1007201,'5462',2245,,105703,45,,,0,98,,105704,45,,,0
1007201,'5463',2245,,98280,45,,,0,98,,105705,45,,,0
24007001,'5456',2509,,98629,4,0,27,0
24007001,'5458',1316,,98631,5,,,0,204,,98632,5,,,0,201,,98633,5,,,0,196,,98635,5,,,0,199,,98634,5,,,0,393,,98630,4,0,27,0
24007001,'5459',1116,,98636,5,,,0,200,,98637,5,,,0,202,,105772,5,,,0,196,,105773,5,,,0,200,,105774,5,,,0,200,,105775,5,,,0,395,,98642,4,0,27,0
24007001,'5460',1112,,98643,5,,,0,204,,105776,5,,,0,202,,98645,5,,,0,198,,105777,5,,,0,201,,105778,5,,,0,198,,105779,5,,,0,313,,105780,4,0,27,0
24007001,'5461',1112,,105781,5,,,0,107,,105786,5,,,0,97,,105782,5,,,0,102,,105788,5,,,0,100,,98652,5,,,0,101,,105787,5,,,0,97,,105783,5,,,0,102,,105789,5,,,0,99,,105784,5,,,0,198,,105785,5,,,0,313,,98656,4,0,27,0
24007001,'5462',1112,,105790,5,,,0,107,,105795,5,,,0,97,,105791,5,,,0,102,,105797,5,,,0,100,,98663,5,,,0,101,,105796,5,,,0,97,,105792,5,,,0,102,,105798,5,,,0,99,,105793,5,,,0,198,,105794,5,,,0,313,,98667,4,0,27,0
24007001,'5463',1112,,105799,5,,,0,107,,105804,5,,,0,97,,105800,5,,,0,202,,98674,5,,,0,101,,98680,5,,,0,97,,105801,5,,,0,201,,105802,5,,,0,198,,105803,5,,,0,313,,98678,4,0,27,0
