5200,'5456',515,,93221,38,,,0,31,,93225,38,,,0,71,,93223,38,,,0,20,,93234,38,,,0,20,,93222,38,,,0,63,,93251,38,,,0,30,,93224,38,,,0,65,,93252,38,,,0,10,,93226,38,,,0,17,,93253,38,,,0,10,,93233,38,,,0,69,,93227,38,,,0,30,,93247,38,,,0,66,,93228,38,,,0,30,,93229,38,,,0,75,,93230,38,,,0,31,,93248,38,,,0,71,,93231,38,,,0,30,,93232,38,,,0,76,,93235,38,,,0,74,,93249,38,,,0,36,,93236,38,,,0,71,,93237,38,,,0,22,,93259,3,,,0,12,,93254,38,,,0,70,,93238,38,,,0,30,,93250,38,,,0,68,,93239,38,,,0,29,,93240,38,,,0,71,,93255,38,,,0,30,,93241,38,,,0,74,,93242,38,,,0,29,,93243,38,,,0,69,,93256,38,,,0,26,,93244,38,,,0,72,,93245,38,,,0,96,,93258,38,,,0,98,,93246,38,,,0,103,,93257,38,,,0
5200,'5458',515,,93260,38,,,0,31,,93264,38,,,0,71,,93262,38,,,0,20,,93273,38,,,0,20,,93261,38,,,0,63,,93290,38,,,0,30,,93263,38,,,0,65,,93291,38,,,0,10,,93265,38,,,0,17,,93292,38,,,0,10,,93272,38,,,0,69,,93266,38,,,0,30,,93286,38,,,0,66,,93267,38,,,0,30,,93268,38,,,0,75,,93269,38,,,0,31,,93287,38,,,0,71,,93270,38,,,0,30,,93271,38,,,0,76,,93274,38,,,0,74,,93288,38,,,0,31,,93298,3,,,0,5,,93275,38,,,0,71,,93276,38,,,0,34,,93293,38,,,0,70,,93277,38,,,0,30,,93289,38,,,0,68,,93278,38,,,0,29,,93279,38,,,0,71,,93294,38,,,0,30,,93280,38,,,0,74,,93281,38,,,0,29,,93282,38,,,0,69,,93295,38,,,0,26,,93283,38,,,0,72,,93284,38,,,0,96,,93297,38,,,0,98,,93285,38,,,0,103,,93296,38,,,0
5200,'5459',648,,93316,38,,,0,70,,93315,38,,,0,41,,93310,38,,,0,75,,93318,38,,,0,71,,93313,38,,,0,33,,93299,38,,,0,70,,93306,38,,,0,30,,93325,38,,,0,72,,93304,38,,,0,35,,93301,38,,,0,73,,93307,38,,,0,32,,93327,38,,,0,75,,93302,38,,,0,33,,93300,38,,,0,76,,93309,38,,,0,66,,93326,38,,,0,34,,93305,38,,,0,72,,93312,38,,,0,35,,93308,38,,,0,68,,93323,38,,,0,30,,93303,38,,,0,69,,93314,38,,,0,22,,93320,38,,,0,25,,93311,38,,,0,64,,93319,38,,,0,24,,93322,38,,,0,68,,93321,38,,,0,28,,93317,38,,,0,70,,93324,38,,,0,100,,93328,38,,,0,93,,93329,38,,,0,108,,93330,38,,,0
5200,'5460',718,,93352,38,,,0,32,,93334,38,,,0,81,,93337,38,,,0,71,,93351,38,,,0,32,,93345,38,,,0,72,,93333,38,,,0,31,,93336,38,,,0,72,,93347,38,,,0,31,,93341,38,,,0,72,,93332,38,,,0,33,,93335,38,,,0,70,,93350,38,,,0,31,,93343,38,,,0,78,,93331,38,,,0,30,,93339,38,,,0,74,,93349,38,,,0,74,,93342,38,,,0,33,,93358,38,,,0,68,,93338,38,,,0,30,,93348,38,,,0,68,,93344,38,,,0,30,,93346,38,,,0,69,,93340,38,,,0,29,,93354,38,,,0,79,,93353,38,,,0,99,,93355,38,,,0,98,,93357,38,,,0,106,,93356,38,,,0
5200,'5461',718,,93380,38,,,0,32,,93362,38,,,0,81,,93365,38,,,0,71,,93379,38,,,0,32,,93373,38,,,0,72,,93361,38,,,0,31,,93364,38,,,0,72,,93375,38,,,0,31,,93369,38,,,0,72,,93360,38,,,0,33,,93363,38,,,0,70,,93378,38,,,0,31,,93371,38,,,0,78,,93359,38,,,0,30,,93367,38,,,0,74,,93377,38,,,0,74,,93370,38,,,0,33,,93386,38,,,0,68,,93366,38,,,0,30,,93376,38,,,0,68,,93372,38,,,0,30,,93374,38,,,0,69,,93368,38,,,0,29,,93382,38,,,0,79,,93381,38,,,0,99,,93383,38,,,0,98,,93385,38,,,0,106,,93384,38,,,0
5200,'5462',718,,93408,38,,,0,32,,93390,38,,,0,81,,93393,38,,,0,71,,93407,38,,,0,32,,93401,38,,,0,72,,93389,38,,,0,31,,93392,38,,,0,72,,93403,38,,,0,31,,93397,38,,,0,72,,93388,38,,,0,33,,93391,38,,,0,70,,93406,38,,,0,31,,93399,38,,,0,78,,93387,38,,,0,30,,93395,38,,,0,74,,93405,38,,,0,74,,93398,38,,,0,33,,93414,38,,,0,68,,93394,38,,,0,30,,93404,38,,,0,68,,93400,38,,,0,30,,93402,38,,,0,69,,93396,38,,,0,29,,93410,38,,,0,79,,93409,38,,,0,99,,93411,38,,,0,98,,93413,38,,,0,106,,93412,38,,,0
5200,'5463',718,,93436,38,,,0,32,,93418,38,,,0,81,,93421,38,,,0,71,,93435,38,,,0,32,,93429,38,,,0,72,,93417,38,,,0,31,,93420,38,,,0,72,,93431,38,,,0,31,,93425,38,,,0,72,,93416,38,,,0,33,,93419,38,,,0,70,,93434,38,,,0,31,,93427,38,,,0,78,,93415,38,,,0,30,,93423,38,,,0,74,,93433,38,,,0,74,,93426,38,,,0,33,,93442,38,,,0,68,,93422,38,,,0,30,,93432,38,,,0,68,,93428,38,,,0,30,,93430,38,,,0,69,,93424,38,,,0,29,,93438,38,,,0,79,,93437,38,,,0,99,,93439,38,,,0,98,,93441,38,,,0,106,,93440,38,,,0
6000,'5456',640,,94679,2,,,0,72,,94672,2,,,0,31,,94675,2,,,0,106,,94680,2,,,0,101,,94682,2,,,0,101,,94681,2,,,0,97,,94673,2,,,0,103,,94674,2,,,0,102,,94676,2,,,0,149,,94677,2,,,0,30,,94686,3,,,0,73,,94684,2,,,0,41,,94687,2,,,0,82,,94678,2,,,0,82,,94688,2,,,0,41,,94685,2,,,0,103,,94689,2,,,0,104,,94690,2,,,0,154,,94683,2,,,0
6000,'5458',640,,94698,2,,,0,72,,94691,2,,,0,31,,94694,2,,,0,106,,94699,2,,,0,101,,94701,2,,,0,101,,94700,2,,,0,97,,94692,2,,,0,103,,94693,2,,,0,102,,94695,2,,,0,81,,94703,3,,,0,68,,94696,2,,,0,103,,94704,2,,,0,41,,94706,2,,,0,82,,94697,2,,,0,82,,94707,2,,,0,41,,94705,2,,,0,103,,94708,2,,,0,104,,94709,2,,,0,154,,94702,2,,,0
6000,'5459',712,,94722,2,,,0,100,,94723,2,,,0,101,,94721,2,,,0,101,,94720,2,,,0,106,,94719,2,,,0,105,,94718,2,,,0,105,,94717,2,,,0,106,,94716,2,,,0,106,,94714,2,,,0,102,,94715,2,,,0,103,,94710,2,,,0,104,,94711,2,,,0,105,,94712,2,,,0,160,,94713,2,,,0
6000,'5460',813,,94724,2,,,0,101,,94725,2,,,0,101,,94727,2,,,0,106,,94726,2,,,0,105,,94731,2,,,0,105,,94730,2,,,0,105,,94729,2,,,0,105,,94728,2,,,0,102,,94734,2,,,0,103,,94735,2,,,0,104,,94736,2,,,0,105,,94733,2,,,0,160,,94732,2,,,0
6000,'5461',813,,94737,2,,,0,101,,94738,2,,,0,101,,94740,2,,,0,106,,94739,2,,,0,105,,94744,2,,,0,105,,94743,2,,,0,105,,94742,2,,,0,105,,94741,2,,,0,102,,94747,2,,,0,103,,94748,2,,,0,104,,94749,2,,,0,105,,94746,2,,,0,160,,94745,2,,,0
6000,'5462',813,,94750,2,,,0,101,,94751,2,,,0,101,,94753,2,,,0,106,,94752,2,,,0,105,,94757,2,,,0,105,,94756,2,,,0,105,,94755,2,,,0,105,,94754,2,,,0,102,,94760,2,,,0,103,,94761,2,,,0,104,,94762,2,,,0,105,,94759,2,,,0,160,,94758,2,,,0
6000,'5463',813,,94763,2,,,0,101,,94764,2,,,0,101,,94766,2,,,0,106,,94765,2,,,0,105,,94770,2,,,0,105,,94769,2,,,0,105,,94768,2,,,0,105,,94767,2,,,0,102,,94773,2,,,0,103,,94774,2,,,0,104,,94775,2,,,0,105,,94772,2,,,0,160,,94771,2,,,0
