2101,'5456',556,,88315,16,,,0,68,,88331,16,,,0,22,,88317,16,,,0,55,,88346,16,,,0,16,,88316,20,,,0,14,,88356,20,,,0,16,,88339,20,,,0,57,,88319,20,,,0,16,,88343,20,,,0,17,,88330,20,,,0,16,,88353,20,,,0,61,,88320,20,,,0,20,,88321,16,,,0,20,,88357,20,,,0,59,,88338,16,,,0,20,,88318,20,,,0,20,,88344,16,,,0,61,,88351,20,,,0,20,,88322,16,,,0,20,,88323,20,,,0,63,,88360,16,,,0,20,,88337,20,,,0,20,,88324,16,,,0,61,,88345,20,,,0,20,,88352,16,,,0,21,,88325,20,,,0,62,,88326,16,,,0,20,,88363,20,,,0,60,,88355,20,,,0,18,,88333,20,,,0,14,,88329,16,,,0,24,,88364,20,,,0,59,,88341,20,,,0,17,,88347,20,,,0,20,,88327,20,,,0,54,,88328,20,,,0,18,,88362,16,,,0,19,,88361,20,,,0,60,,88340,20,,,0,18,,88332,20,,,0,31,,88348,16,,,0,70,,88334,16,,,0,32,,88358,16,,,0,70,,88335,16,,,0,30,,88349,16,,,0,70,,88336,16,,,0,32,,88359,16,,,0,69,,88342,16,,,0,30,,88350,16,,,0,145,,88354,16,,,0
2101,'5458',556,,88365,16,,,0,68,,88381,16,,,0,22,,88367,16,,,0,55,,88396,16,,,0,16,,88366,20,,,0,14,,88406,20,,,0,16,,88389,20,,,0,57,,88369,20,,,0,16,,88393,20,,,0,17,,88380,20,,,0,16,,88403,20,,,0,61,,88370,20,,,0,20,,88371,16,,,0,20,,88407,20,,,0,59,,88388,16,,,0,20,,88368,20,,,0,20,,88394,16,,,0,61,,88401,20,,,0,20,,88372,16,,,0,20,,88373,20,,,0,63,,88410,16,,,0,20,,88387,20,,,0,20,,88374,16,,,0,61,,88395,20,,,0,20,,88402,16,,,0,21,,88375,20,,,0,62,,88376,16,,,0,20,,88413,20,,,0,60,,88405,20,,,0,18,,88383,20,,,0,14,,88379,16,,,0,24,,88414,20,,,0,59,,88391,20,,,0,17,,88397,20,,,0,20,,88377,20,,,0,54,,88378,20,,,0,18,,88412,16,,,0,19,,88411,20,,,0,60,,88390,20,,,0,18,,88382,20,,,0,31,,88398,16,,,0,70,,88384,16,,,0,32,,88408,16,,,0,70,,88385,16,,,0,30,,88399,16,,,0,70,,88386,16,,,0,32,,88409,16,,,0,69,,88392,16,,,0,30,,88400,16,,,0,145,,88404,16,,,0
2101,'5459',646,,88445,16,,,0,70,,88427,16,,,0,31,,88436,16,,,0,70,,88419,16,,,0,30,,88446,16,,,0,69,,88428,16,,,0,30,,88437,16,,,0,67,,88415,16,,,0,28,,88417,16,,,0,69,,88438,16,,,0,30,,88422,16,,,0,69,,88430,16,,,0,28,,88416,16,,,0,70,,88418,16,,,0,28,,88439,16,,,0,70,,88423,16,,,0,32,,88431,16,,,0,71,,88420,16,,,0,30,,88421,16,,,0,74,,88440,16,,,0,30,,88424,16,,,0,69,,88433,16,,,0,31,,88426,16,,,0,70,,88425,16,,,0,31,,88441,16,,,0,71,,88429,16,,,0,36,,88432,16,,,0,76,,88434,16,,,0,29,,88443,16,,,0,70,,88435,16,,,0,32,,88444,16,,,0,70,,88442,16,,,0,30,,88447,16,,,0,144,,88448,16,,,0
2101,'5460',654,,88462,16,,,0,80,,88452,16,,,0,80,,88463,16,,,0,36,,88461,16,,,0,65,,88449,16,,,0,27,,88451,16,,,0,70,,88464,16,,,0,29,,88450,16,,,0,70,,88465,16,,,0,29,,88454,16,,,0,70,,88453,16,,,0,30,,88466,16,,,0,68,,88455,16,,,0,29,,88467,16,,,0,70,,88468,16,,,0,30,,88469,16,,,0,71,,88457,16,,,0,32,,88458,16,,,0,73,,88459,16,,,0,29,,88460,16,,,0,71,,88456,16,,,0,30,,88470,16,,,0,72,,88471,16,,,0,35,,88472,16,,,0,105,,88473,16,,,0,101,,88474,16,,,0,102,,88475,16,,,0,100,,88476,16,,,0,143,,88477,16,,,0
2101,'5461',654,,88491,16,,,0,80,,88481,16,,,0,80,,88492,16,,,0,36,,88490,16,,,0,65,,88478,16,,,0,27,,88480,16,,,0,70,,88493,16,,,0,29,,88479,16,,,0,70,,88494,16,,,0,29,,88483,16,,,0,70,,88482,16,,,0,30,,88495,16,,,0,68,,88484,16,,,0,29,,88496,16,,,0,70,,88497,16,,,0,30,,88498,16,,,0,71,,88486,16,,,0,32,,88487,16,,,0,73,,88488,16,,,0,29,,88489,16,,,0,71,,88485,16,,,0,30,,88499,16,,,0,72,,88500,16,,,0,35,,88501,16,,,0,105,,88502,16,,,0,101,,88503,16,,,0,102,,88504,16,,,0,100,,88505,16,,,0,143,,88506,16,,,0
2101,'5462',654,,88520,16,,,0,80,,88510,16,,,0,80,,88521,16,,,0,36,,88519,16,,,0,65,,88507,16,,,0,27,,88509,16,,,0,70,,88522,16,,,0,29,,88508,16,,,0,70,,88523,16,,,0,29,,88512,16,,,0,70,,88511,16,,,0,30,,88524,16,,,0,68,,88513,16,,,0,29,,88525,16,,,0,70,,88526,16,,,0,30,,88527,16,,,0,71,,88515,16,,,0,32,,88516,16,,,0,73,,88517,16,,,0,29,,88518,16,,,0,71,,88514,16,,,0,30,,88528,16,,,0,72,,88529,16,,,0,35,,88530,16,,,0,105,,88531,16,,,0,101,,88532,16,,,0,102,,88533,16,,,0,100,,88534,16,,,0,143,,88535,16,,,0
2101,'5463',654,,88549,16,,,0,80,,88539,16,,,0,80,,88550,16,,,0,36,,88548,16,,,0,65,,88536,16,,,0,27,,88538,16,,,0,70,,88551,16,,,0,29,,88537,16,,,0,70,,88552,16,,,0,29,,88541,16,,,0,70,,88540,16,,,0,30,,88553,16,,,0,68,,88542,16,,,0,29,,88554,16,,,0,70,,88555,16,,,0,30,,88556,16,,,0,71,,88544,16,,,0,32,,88545,16,,,0,73,,88546,16,,,0,29,,88547,16,,,0,71,,88543,16,,,0,30,,88557,16,,,0,72,,88558,16,,,0,35,,88559,16,,,0,105,,88560,16,,,0,101,,88561,16,,,0,102,,88562,16,,,0,100,,88563,16,,,0,143,,88564,16,,,0
2201,'5456',608,,88749,36,,,0,28,,88752,36,,,0,90,,88756,28,,,0,26,,88750,42,,,0,71,,88751,42,,,0,31,,88753,42,,,0,101,,88755,42,,,0,69,,88754,42,,,0,30,,88757,42,,,0,98,,88758,42,,,0,69,,88759,28,,,0,29,,88760,28,,,0,100,,88761,28,,,0,71,,88762,28,,,0,101,,88763,28,,,0,32,,88764,28,,,0,70,,88765,28,,,0,99,,88766,28,,,0,77,,88767,28,,,0,59,,88768,28,,,0,71,,88769,28,,,0,103,,88771,28,,,0,71,,88770,28,,,0,48,,88772,28,0,5 49,0
2201,'5458',608,,88773,36,,,0,28,,88776,36,,,0,90,,88780,28,,,0,26,,88774,42,,,0,71,,88775,42,,,0,31,,88777,42,,,0,101,,88779,42,,,0,69,,88778,42,,,0,30,,88781,42,,,0,98,,88782,42,,,0,69,,88783,28,,,0,29,,88784,28,,,0,100,,88785,28,,,0,71,,88786,28,,,0,101,,88787,28,,,0,32,,88788,28,,,0,70,,88789,28,,,0,99,,88790,28,,,0,77,,88791,28,,,0,59,,88792,28,,,0,71,,88793,28,,,0,103,,88795,28,,,0,71,,88794,28,,,0,48,,88796,28,0,5 49,0
2201,'5459',725,,88807,28,,,0,79,,88818,28,,,0,28,,88803,28,,,0,69,,88797,28,,,0,30,,88806,28,,,0,70,,88819,28,,,0,28,,88802,28,,,0,29,,88801,28,,,0,71,,88804,28,,,0,28,,88799,28,,,0,68,,88823,28,,,0,30,,88800,28,,,0,67,,88805,28,,,0,30,,88798,28,,,0,70,,88811,28,,,0,32,,88822,28,,,0,69,,88813,28,,,0,32,,88809,28,,,0,71,,88812,28,,,0,74,,88814,28,,,0,31,,88810,28,,,0,71,,88808,28,,,0,30,,88816,28,,,0,72,,88815,28,,,0,28,,88821,28,,,0,68,,88817,28,,,0,32,,88824,28,,,0,71,,88820,28,,,0,48,,88825,28,0,5 49,0
2201,'5460',754,,88834,28,,,0,80,,88835,28,,,0,69,,88827,28,,,0,27,,88828,28,,,0,70,,88837,28,,,0,29,,88836,28,,,0,29,,88826,28,,,0,70,,88830,28,,,0,30,,88831,28,,,0,70,,88829,28,,,0,28,,88833,28,,,0,69,,88832,28,,,0,30,,88839,28,,,0,70,,88840,28,,,0,31,,88838,28,,,0,70,,88842,28,,,0,75,,88841,28,,,0,30,,88844,28,,,0,70,,88843,28,,,0,30,,88845,28,,,0,72,,88846,28,,,0,30,,88847,28,,,0,91,,88848,28,0,5,0,102,,88849,28,0,5,0,110,,88850,28,0,5,0
2201,'5461',754,,88859,28,,,0,80,,88860,28,,,0,69,,88852,28,,,0,27,,88853,28,,,0,70,,88862,28,,,0,29,,88861,28,,,0,29,,88851,28,,,0,70,,88855,28,,,0,30,,88856,28,,,0,70,,88854,28,,,0,28,,88858,28,,,0,69,,88857,28,,,0,30,,88864,28,,,0,70,,88865,28,,,0,31,,88863,28,,,0,70,,88867,28,,,0,75,,88866,28,,,0,30,,88869,28,,,0,70,,88868,28,,,0,30,,88870,28,,,0,72,,88871,28,,,0,30,,88872,28,,,0,91,,88873,28,0,5,0,102,,88874,28,0,5,0,110,,88875,28,0,5,0
2201,'5462',754,,88884,28,,,0,80,,88885,28,,,0,69,,88877,28,,,0,27,,88878,28,,,0,70,,88887,28,,,0,29,,88886,28,,,0,29,,88876,28,,,0,70,,88880,28,,,0,30,,88881,28,,,0,70,,88879,28,,,0,28,,88883,28,,,0,69,,88882,28,,,0,30,,88889,28,,,0,70,,88890,28,,,0,31,,88888,28,,,0,70,,88892,28,,,0,75,,88891,28,,,0,30,,88894,28,,,0,70,,88893,28,,,0,30,,88895,28,,,0,72,,88896,28,,,0,30,,88897,28,,,0,91,,88898,28,0,5,0,102,,88899,28,0,5,0,110,,88900,28,0,5,0
2201,'5463',754,,88909,28,,,0,80,,88910,28,,,0,69,,88902,28,,,0,27,,88903,28,,,0,70,,88912,28,,,0,29,,88911,28,,,0,29,,88901,28,,,0,70,,88905,28,,,0,30,,88906,28,,,0,70,,88904,28,,,0,28,,88908,28,,,0,69,,88907,28,,,0,30,,88914,28,,,0,70,,88915,28,,,0,31,,88913,28,,,0,70,,88917,28,,,0,75,,88916,28,,,0,30,,88919,28,,,0,70,,88918,28,,,0,30,,88920,28,,,0,72,,88921,28,,,0,30,,88922,28,,,0,91,,88923,28,0,5,0,102,,88924,28,0,5,0,110,,88925,28,0,5,0
2600,'5456',558,,89325,18,,,0,68,,89326,18,,,0,22,,89327,18,,,0,59,,89328,18,,,0,11,,89329,18,,,0,15,,89331,18,,,0,5,,89332,18,,,0,7,,89333,18,,,0,8,,89334,18,,,0,48,,89335,18,,,0,16,,89337,18,,,0,16,,89339,18,,,0,16,,89341,18,,,0,56,,89343,18,,,0,16,,89345,18,,,0,15,,89347,18,,,0,16,,89349,18,,,0,57,,89350,18,,,0,16,,89351,18,,,0,13,,89352,18,,,0,15,,89353,18,,,0,55,,89354,18,,,0,17,,89355,18,,,0,14,,89356,18,,,0,16,,89357,18,,,0,56,,89358,18,,,0,15,,89359,18,,,0,14,,89360,18,,,0,15,,89361,18,,,0,55,,89362,18,,,0,16,,89363,18,,,0,14,,89364,18,,,0,15,,89366,18,,,0,56,,89367,18,,,0,13,,89368,18,,,0,13,,89369,18,,,0,12,,89370,18,,,0,10,,89372,18,,,0,54,,89373,18,,,0,14,,89374,18,,,0,12,,89375,18,,,0,12,,89376,18,,,0,52,,89377,18,,,0,13,,89378,18,,,0,12,,89379,18,,,0,11,,89380,18,,,0,11,,89381,18,,,0,53,,89382,18,,,0,11,,89383,18,,,0,13,,89384,18,,,0,12,,89385,18,,,0,16,,89386,18,,,0,55,,89387,18,,,0,15,,89388,18,,,0,17,,89389,18,,,0,13,,89390,18,,,0,55,,89391,18,,,0,15,,89392,18,,,0,19,,89393,18,,,0,60,,89394,18,,,0,20,,89395,18,,,0,20,,89396,18,,,0,60,,89397,18,,,0,19,,89398,18,,,0,23,,89399,18,,,0,73,,89400,18,,,0,29,,89401,18,,,0,70,,89402,18,,,0,29,,89403,18,,,0,71,,89404,18,,,0,30,,89405,18,,,0
2600,'5458',558,,89407,18,,,0,68,,89408,18,,,0,22,,89409,18,,,0,59,,89410,18,,,0,11,,89411,18,,,0,15,,89413,18,,,0,5,,89414,18,,,0,7,,89415,18,,,0,8,,89416,18,,,0,48,,89417,18,,,0,16,,89419,18,,,0,16,,89421,18,,,0,16,,89423,18,,,0,56,,89425,18,,,0,16,,89427,18,,,0,15,,89429,18,,,0,16,,89431,18,,,0,57,,89432,18,,,0,16,,89433,18,,,0,13,,89434,18,,,0,15,,89435,18,,,0,55,,89436,18,,,0,17,,89437,18,,,0,14,,89438,18,,,0,16,,89439,18,,,0,56,,89440,18,,,0,15,,89441,18,,,0,14,,89442,18,,,0,15,,89443,18,,,0,55,,89444,18,,,0,16,,89445,18,,,0,14,,89446,18,,,0,15,,89448,18,,,0,56,,89449,18,,,0,13,,89450,18,,,0,13,,89451,18,,,0,12,,89452,18,,,0,10,,89454,18,,,0,54,,89455,18,,,0,14,,89456,18,,,0,12,,89457,18,,,0,12,,89458,18,,,0,52,,89459,18,,,0,13,,89460,18,,,0,12,,89461,18,,,0,11,,89462,18,,,0,11,,89463,18,,,0,53,,89464,18,,,0,11,,89465,18,,,0,13,,89466,18,,,0,12,,89467,18,,,0,16,,89468,18,,,0,55,,89469,18,,,0,15,,89470,18,,,0,17,,89471,18,,,0,13,,89472,18,,,0,55,,89473,18,,,0,15,,89474,18,,,0,19,,89475,18,,,0,60,,89476,18,,,0,20,,89477,18,,,0,20,,89478,18,,,0,60,,89479,18,,,0,19,,89480,18,,,0,23,,89481,18,,,0,73,,89482,18,,,0,29,,89483,18,,,0,70,,89484,18,,,0,29,,89485,18,,,0,71,,89486,18,,,0,30,,89487,18,,,0,100,,89488,18,,,0
2600,'5459',642,,89491,18,,,0,71,,89492,18,,,0,30,,89493,18,,,0,58,,89494,18,,,0,17,,89495,18,,,0,17,,89496,18,,,0,17,,89497,18,,,0,58,,89498,18,,,0,17,,89499,18,,,0,17,,89500,18,,,0,57,,89501,18,,,0,17,,89502,18,,,0,17,,89503,18,,,0,17,,89504,18,,,0,58,,89505,18,,,0,17,,89490,18,,,0,18,,89506,18,,,0,59,,89507,18,,,0,17,,89508,18,,,0,17,,89509,18,,,0,17,,89510,18,,,0,57,,89511,18,,,0,17,,89512,18,,,0,17,,89513,18,,,0,58,,89514,18,,,0,16,,89515,18,,,0,16,,89516,18,,,0,18,,89517,18,,,0,57,,89518,18,,,0,17,,89519,18,,,0,17,,89520,18,,,0,56,,89521,18,,,0,16,,89522,18,,,0,15,,89523,18,,,0,15,,89524,18,,,0,56,,89525,18,,,0,16,,89526,18,,,0,17,,89527,18,,,0,16,,89528,18,,,0,57,,89529,18,,,0,17,,89530,18,,,0,20,,89531,18,,,0,59,,89532,18,,,0,20,,89533,18,,,0,20,,89534,18,,,0,60,,89535,18,,,0,19,,89536,18,,,0,20,,89537,18,,,0,60,,89538,18,,,0,20,,89539,18,,,0,25,,89540,18,,,0,70,,89541,18,,,0,30,,89542,18,,,0,70,,89543,18,,,0,30,,89544,18,,,0,70,,89545,18,,,0,30,,89546,18,,,0,101,,89547,18,,,0
2600,'5460',705,,89564,18,,,0,27,,89572,18,,,0,21,,89554,18,,,0,63,,89548,18,,,0,23,,89566,18,,,0,61,,89573,18,,,0,27,,89555,18,,,0,23,,89549,18,,,0,60,,89567,18,,,0,24,,89558,18,,,0,20,,89550,18,,,0,58,,89556,18,,,0,18,,89552,18,,,0,19,,89565,18,,,0,59,,89553,18,,,0,19,,89570,18,,,0,18,,89551,18,,,0,58,,89568,18,,,0,18,,89560,18,,,0,18,,89563,18,,,0,20,,89561,18,,,0,58,,89571,18,,,0,18,,89557,18,,,0,18,,89569,18,,,0,58,,89559,18,,,0,17,,89562,18,,,0,18,,89578,18,,,0,58,,89582,18,,,0,17,,89575,18,,,0,18,,89584,18,,,0,18,,89577,18,,,0,58,,89580,18,,,0,17,,89576,18,,,0,17,,89585,18,,,0,56,,89574,18,,,0,20,,89583,18,,,0,19,,89579,18,,,0,59,,89581,18,,,0,19,,89589,18,,,0,20,,89587,18,,,0,59,,89591,18,,,0,20,,89588,18,,,0,20,,89590,18,,,0,60,,89592,18,,,0,20,,89586,18,,,0,30,,89594,18,,,0,68,,89593,18,,,0,30,,89595,18,,,0,70,,89596,18,,,0,38,,89597,18,,,0
2600,'5461',705,,89614,18,,,0,27,,89622,18,,,0,21,,89604,18,,,0,63,,89598,18,,,0,23,,89616,18,,,0,61,,89623,18,,,0,27,,89605,18,,,0,23,,89599,18,,,0,60,,89617,18,,,0,24,,89608,18,,,0,20,,89600,18,,,0,58,,89606,18,,,0,18,,89602,18,,,0,19,,89615,18,,,0,59,,89603,18,,,0,19,,89620,18,,,0,18,,89601,18,,,0,58,,89618,18,,,0,18,,89610,18,,,0,18,,89613,18,,,0,20,,89611,18,,,0,58,,89621,18,,,0,18,,89607,18,,,0,18,,89619,18,,,0,58,,89609,18,,,0,17,,89612,18,,,0,18,,89628,18,,,0,58,,89632,18,,,0,17,,89625,18,,,0,18,,89634,18,,,0,18,,89627,18,,,0,58,,89630,18,,,0,17,,89626,18,,,0,17,,89635,18,,,0,56,,89624,18,,,0,20,,89633,18,,,0,19,,89629,18,,,0,59,,89631,18,,,0,19,,89639,18,,,0,20,,89637,18,,,0,59,,89641,18,,,0,20,,89638,18,,,0,20,,89640,18,,,0,60,,89642,18,,,0,20,,89636,18,,,0,30,,89644,18,,,0,68,,89643,18,,,0,30,,89645,18,,,0,70,,89646,18,,,0,38,,89647,18,,,0
2600,'5462',705,,89664,18,,,0,27,,89672,18,,,0,21,,89654,18,,,0,63,,89648,18,,,0,23,,89666,18,,,0,61,,89673,18,,,0,27,,89655,18,,,0,23,,89649,18,,,0,60,,89667,18,,,0,24,,89658,18,,,0,20,,89650,18,,,0,58,,89656,18,,,0,18,,89652,18,,,0,19,,89665,18,,,0,59,,89653,18,,,0,19,,89670,18,,,0,18,,89651,18,,,0,58,,89668,18,,,0,18,,89660,18,,,0,18,,89663,18,,,0,20,,89661,18,,,0,58,,89671,18,,,0,18,,89657,18,,,0,18,,89669,18,,,0,58,,89659,18,,,0,17,,89662,18,,,0,18,,89678,18,,,0,58,,89682,18,,,0,17,,89675,18,,,0,18,,89684,18,,,0,18,,89677,18,,,0,58,,89680,18,,,0,17,,89676,18,,,0,17,,89685,18,,,0,56,,89674,18,,,0,20,,89683,18,,,0,19,,89679,18,,,0,59,,89681,18,,,0,19,,89689,18,,,0,20,,89687,18,,,0,59,,89691,18,,,0,20,,89688,18,,,0,20,,89690,18,,,0,60,,89692,18,,,0,20,,89686,18,,,0,30,,89694,18,,,0,68,,89693,18,,,0,30,,89695,18,,,0,70,,89696,18,,,0,38,,89697,18,,,0
2600,'5463',705,,89714,18,,,0,27,,89722,18,,,0,21,,89704,18,,,0,63,,89698,18,,,0,23,,89716,18,,,0,61,,89723,18,,,0,27,,89705,18,,,0,23,,89699,18,,,0,60,,89717,18,,,0,24,,89708,18,,,0,20,,89700,18,,,0,58,,89706,18,,,0,18,,89702,18,,,0,19,,89715,18,,,0,59,,89703,18,,,0,19,,89720,18,,,0,18,,89701,18,,,0,58,,89718,18,,,0,18,,89710,18,,,0,18,,89713,18,,,0,20,,89711,18,,,0,58,,89721,18,,,0,18,,89707,18,,,0,18,,89719,18,,,0,58,,89709,18,,,0,17,,89712,18,,,0,18,,89728,18,,,0,58,,89732,18,,,0,17,,89725,18,,,0,18,,89734,18,,,0,18,,89727,18,,,0,58,,89730,18,,,0,17,,89726,18,,,0,17,,89735,18,,,0,56,,89724,18,,,0,20,,89733,18,,,0,19,,89729,18,,,0,59,,89731,18,,,0,19,,89739,18,,,0,20,,89737,18,,,0,59,,89741,18,,,0,20,,89738,18,,,0,20,,89740,18,,,0,60,,89742,18,,,0,20,,89736,18,,,0,30,,89744,18,,,0,68,,89743,18,,,0,30,,89745,18,,,0,70,,89746,18,,,0,38,,89747,18,,,0
1002201,'5456',707,,98207,30,,,0,216,,98208,30,,,0,200,,98209,30,,,0,197,,98210,16,,,0,133,,98211,16,,,0,66,,98213,16,0,5 49,0,136,,98212,16,,,0,173,,98214,16,,,0,174,,98215,16,,,0
1002201,'5458',707,,98216,30,,,0,216,,98217,30,,,0,200,,98218,30,,,0,197,,98219,16,,,0,98,,98220,16,0,5 49,0,35,,98221,16,,,0,202,,98222,16,,,0,173,,98223,16,,,0,174,,98224,16,,,0
