4700,'5456',633,,93089,28,,,0,21,,93087,28,,,0,64,,93088,28,,,0
4700,'5458',633,,93092,28,,,0,21,,93090,28,,,0,64,,93091,28,,,0
4701,'5456',1653,,93093,22,,,0,67,,93094,22,,,0,29,,93095,22,,,0
4701,'5458',1653,,93096,22,,,0,67,,93097,22,,,0,29,,93098,22,,,0
5700,'5456',554,,93989,17,,,0,88,,93991,17,,,0,85,,94003,17,,,0,88,,93994,17,,,0,44,,93990,17,,,0,87,,93992,17,,,0,84,,93993,17,,,0,85,,93995,17,,,0,85,,93996,17,,,0,46,,93998,17,,,0,85,,93997,17,,,0,89,,93999,17,,,0,100,,94008,17,,,0,32,,94009,17,,,0,83,,94000,17,,,0,87,,94001,17,,,0,87,,94002,17,,,0,48,,94004,17,,,0,99,,94005,17,,,0,156,,94006,17,,,0,110,,94007,17,,,0
5700,'5458',554,,94010,17,,,0,88,,94012,17,,,0,85,,94024,17,,,0,88,,94015,17,,,0,44,,94011,17,,,0,87,,94013,17,,,0,84,,94014,17,,,0,85,,94016,17,,,0,85,,94017,17,,,0,46,,94019,17,,,0,85,,94018,17,,,0,89,,94020,17,,,0,100,,94029,17,,,0,32,,94030,17,,,0,83,,94021,17,,,0,87,,94022,17,,,0,87,,94023,17,,,0,48,,94025,17,,,0,99,,94026,17,,,0,156,,94027,17,,,0,110,,94028,17,,,0
5700,'5459',729,,94045,17,,,0,97,,94033,17,,,0,105,,94036,17,,,0,100,,94031,17,,,0,107,,94034,17,,,0,110,,94039,17,,,0,100,,94035,17,,,0,110,,94040,17,,,0,101,,94043,17,,,0,148,,94044,17,,,0,51,,94042,17,,,0,155,,94038,17,,,0,100,,94037,17,,,0,99,,94032,17,,,0,113,,94041,17,,,0
5700,'5460',729,,94048,17,,,0,99,,94046,17,,,0,105,,94050,17,,,0,100,,94047,17,,,0,105,,94049,17,,,0,110,,94052,17,,,0,100,,94053,17,,,0,110,,94051,17,,,0,100,,94054,17,,,0,150,,94059,17,,,0,50,,94060,17,,,0,154,,94056,17,,,0,100,,94057,17,,,0,100,,94055,17,,,0,45,,94058,17,,,0
5700,'5461',729,,94063,17,,,0,99,,94061,17,,,0,105,,94065,17,,,0,100,,94062,17,,,0,105,,94064,17,,,0,110,,94067,17,,,0,100,,94068,17,,,0,110,,94066,17,,,0,100,,94069,17,,,0,150,,94074,17,,,0,50,,94075,17,,,0,154,,94071,17,,,0,100,,94072,17,,,0,100,,94070,17,,,0,45,,94073,17,,,0
5700,'5462',729,,94078,17,,,0,99,,94076,17,,,0,105,,94080,17,,,0,100,,94077,17,,,0,105,,94079,17,,,0,110,,94082,17,,,0,100,,94083,17,,,0,110,,94081,17,,,0,100,,94084,17,,,0,150,,94089,17,,,0,50,,94090,17,,,0,154,,94086,17,,,0,100,,94087,17,,,0,100,,94085,17,,,0,45,,94088,17,,,0
5700,'5463',729,,94093,17,,,0,99,,94091,17,,,0,105,,94095,17,,,0,100,,94092,17,,,0,105,,94094,17,,,0,110,,94097,17,,,0,100,,94098,17,,,0,110,,94096,17,,,0,100,,94099,17,,,0,150,,94104,17,,,0,50,,94105,17,,,0,154,,94101,17,,,0,100,,94102,17,,,0,100,,94100,17,,,0,45,,94103,17,,,0
