4700,'5456',639,,93089,37,,,0,62,,93087,37,,,0,25,,93088,37,,,0
4700,'5458',639,,93092,37,,,0,62,,93090,37,,,0,25,,93091,37,,,0
4901,'5456',643,,93172,22,,,0,110,,93171,22,,,0,99,,93170,22,,,0,171,,93169,22,,,0,200,,93168,22,,,0,126,,93173,22,,,0,185,,93175,22,,,0,104,,93176,22,,,0,93,,93178,22,,,0,106,,93174,22,,,0,194,,93177,22,,,0
4901,'5458',643,,93183,22,,,0,110,,93182,22,,,0,99,,93181,22,,,0,171,,93180,22,,,0,200,,93179,22,,,0,126,,93184,22,,,0,185,,93186,22,,,0,104,,93187,22,,,0,93,,93189,22,,,0,106,,93185,22,,,0,194,,93188,22,,,0
4901,'5459',641,,93194,22,,,0,204,,93195,22,,,0,212,,93196,22,,,0,202,,93191,22,,,0,250,,93192,22,,,0,208,,93193,22,,,0,194,,93190,22,,,0
4901,'5460',845,,93198,22,,,0,211,,93197,22,,,0,202,,93199,22,,,0,248,,93200,22,,,0,210,,93201,22,,,0,194,,93202,22,,,0
4901,'5461',845,,93204,22,,,0,211,,93203,22,,,0,202,,93205,22,,,0,248,,93206,22,,,0,210,,93207,22,,,0,194,,93208,22,,,0
4901,'5462',845,,93210,22,,,0,211,,93209,22,,,0,202,,93211,22,,,0,248,,93212,22,,,0,210,,93213,22,,,0,194,,93214,22,,,0
4901,'5463',845,,93216,22,,,0,211,,93215,22,,,0,202,,93217,22,,,0,248,,93218,22,,,0,210,,93219,22,,,0,194,,93220,22,,,0
5200,'5456',457,,93221,9,,,0,70,,93225,9,,,0,30,,93223,9,,,0,59,,93234,9,,,0,19,,93222,9,,,0,23,,93251,9,,,0,67,,93224,9,,,0,23,,93252,9,,,0,10,,93226,9,,,0,55,,93253,9,,,0,10,,93233,9,,,0,31,,93227,9,,,0,73,,93247,9,,,0,25,,93228,9,,,0,70,,93229,9,,,0,35,,93230,9,,,0,70,,93248,9,,,0,30,,93231,9,,,0,70,,93232,9,,,0,76,,93235,9,,,0,34,,93249,9,,,0,73,,93236,9,,,0,30,,93237,9,,,0,72,,93254,9,,,0,30,,93238,9,,,0,70,,93250,9,,,0,30,,93239,9,,,0,70,,93240,9,,,0,35,,93255,9,,,0,70,,93241,9,,,0,35,,93242,9,,,0,70,,93243,9,,,0,29,,93256,9,,,0,67,,93244,9,,,0,33,,93245,9,,,0,96,,93258,9,,,0,100,,93246,9,,,0,104,,93257,9,,,0
5200,'5458',457,,93260,9,,,0,70,,93264,9,,,0,30,,93262,9,,,0,59,,93273,9,,,0,19,,93261,9,,,0,23,,93290,9,,,0,67,,93263,9,,,0,23,,93291,9,,,0,10,,93265,9,,,0,55,,93292,9,,,0,10,,93272,9,,,0,31,,93266,9,,,0,73,,93286,9,,,0,25,,93267,9,,,0,70,,93268,9,,,0,35,,93269,9,,,0,70,,93287,9,,,0,30,,93270,9,,,0,70,,93271,9,,,0,76,,93274,9,,,0,34,,93288,9,,,0,73,,93275,9,,,0,30,,93276,9,,,0,72,,93293,9,,,0,30,,93277,9,,,0,70,,93289,9,,,0,30,,93278,9,,,0,70,,93279,9,,,0,35,,93294,9,,,0,70,,93280,9,,,0,35,,93281,9,,,0,70,,93282,9,,,0,29,,93295,9,,,0,67,,93283,9,,,0,33,,93284,9,,,0,96,,93297,9,,,0,100,,93285,9,,,0,104,,93296,9,,,0
5200,'5459',629,,93316,9,,,0,30,,93315,9,,,0,81,,93310,9,,,0,73,,93318,9,,,0,30,,93313,9,,,0,72,,93299,9,,,0,30,,93306,9,,,0,70,,93325,9,,,0,30,,93304,9,,,0,74,,93301,9,,,0,31,,93307,9,,,0,72,,93327,9,,,0,35,,93302,9,,,0,73,,93300,9,,,0,76,,93309,9,,,0,26,,93326,9,,,0,74,,93305,9,,,0,33,,93312,9,,,0,75,,93308,9,,,0,29,,93323,9,,,0,70,,93303,9,,,0,30,,93314,9,,,0,62,,93320,9,,,0,25,,93311,9,,,0,24,,93319,9,,,0,65,,93322,9,,,0,29,,93321,9,,,0,68,,93317,9,,,0,31,,93324,9,,,0,100,,93328,9,,,0,94,,93329,9,,,0,110,,93330,9,,,0
5200,'5460',659,,93352,9,,,0,72,,93334,9,,,0,80,,93337,9,,,0,30,,93351,9,,,0,72,,93345,9,,,0,31,,93333,9,,,0,70,,93336,9,,,0,31,,93347,9,,,0,71,,93341,9,,,0,30,,93332,9,,,0,73,,93335,9,,,0,30,,93350,9,,,0,71,,93343,9,,,0,38,,93331,9,,,0,69,,93339,9,,,0,74,,93349,9,,,0,35,,93342,9,,,0,73,,93358,9,,,0,29,,93338,9,,,0,70,,93348,9,,,0,29,,93344,9,,,0,70,,93346,9,,,0,29,,93340,9,,,0,70,,93354,9,,,0,39,,93353,9,,,0,100,,93355,9,,,0,99,,93357,9,,,0,108,,93356,9,,,0
5200,'5461',659,,93380,9,,,0,72,,93362,9,,,0,80,,93365,9,,,0,30,,93379,9,,,0,72,,93373,9,,,0,31,,93361,9,,,0,70,,93364,9,,,0,31,,93375,9,,,0,71,,93369,9,,,0,30,,93360,9,,,0,73,,93363,9,,,0,30,,93378,9,,,0,71,,93371,9,,,0,38,,93359,9,,,0,69,,93367,9,,,0,74,,93377,9,,,0,35,,93370,9,,,0,73,,93386,9,,,0,29,,93366,9,,,0,70,,93376,9,,,0,29,,93372,9,,,0,70,,93374,9,,,0,29,,93368,9,,,0,70,,93382,9,,,0,39,,93381,9,,,0,100,,93383,9,,,0,99,,93385,9,,,0,108,,93384,9,,,0
5200,'5462',659,,93408,9,,,0,72,,93390,9,,,0,80,,93393,9,,,0,30,,93407,9,,,0,72,,93401,9,,,0,31,,93389,9,,,0,70,,93392,9,,,0,31,,93403,9,,,0,71,,93397,9,,,0,30,,93388,9,,,0,73,,93391,9,,,0,30,,93406,9,,,0,71,,93399,9,,,0,38,,93387,9,,,0,69,,93395,9,,,0,74,,93405,9,,,0,35,,93398,9,,,0,73,,93414,9,,,0,29,,93394,9,,,0,70,,93404,9,,,0,29,,93400,9,,,0,70,,93402,9,,,0,29,,93396,9,,,0,70,,93410,9,,,0,39,,93409,9,,,0,100,,93411,9,,,0,99,,93413,9,,,0,108,,93412,9,,,0
5200,'5463',659,,93436,9,,,0,72,,93418,9,,,0,80,,93421,9,,,0,30,,93435,9,,,0,72,,93429,9,,,0,31,,93417,9,,,0,70,,93420,9,,,0,31,,93431,9,,,0,71,,93425,9,,,0,30,,93416,9,,,0,73,,93419,9,,,0,30,,93434,9,,,0,71,,93427,9,,,0,38,,93415,9,,,0,69,,93423,9,,,0,74,,93433,9,,,0,35,,93426,9,,,0,73,,93442,9,,,0,29,,93422,9,,,0,70,,93432,9,,,0,29,,93428,9,,,0,70,,93430,9,,,0,29,,93424,9,,,0,70,,93438,9,,,0,39,,93437,9,,,0,100,,93439,9,,,0,99,,93441,9,,,0,108,,93440,9,,,0
5701,'5456',604,,94106,13,,,0,48,,94109,13,,,0,85,,94119,13,,,0,79,,94125,13,,,0,10,,94111,13,,,0,83,,94108,13,,,0,47,,94107,13,,,0,84,,94110,13,,,0,85,,94112,13,,,0,85,,94113,13,,,0,46,,94114,13,,,0,85,,94115,13,,,0,90,,94116,13,,,0,100,,94126,13,,,0,72,,94127,13,,,0,43,,94117,13,,,0,86,,94118,13,,,0,87,,94120,13,,,0,88,,94121,13,,,0,99,,94122,13,,,0,116,,94123,13,,,0,110,,94124,13,,,0
5701,'5458',604,,94128,13,,,0,48,,94131,13,,,0,85,,94141,13,,,0,79,,94147,13,,,0,10,,94133,13,,,0,83,,94130,13,,,0,47,,94129,13,,,0,84,,94132,13,,,0,85,,94134,13,,,0,85,,94135,13,,,0,46,,94136,13,,,0,85,,94137,13,,,0,90,,94138,13,,,0,100,,94148,13,,,0,72,,94149,13,,,0,43,,94139,13,,,0,86,,94140,13,,,0,87,,94142,13,,,0,88,,94143,13,,,0,99,,94144,13,,,0,116,,94145,13,,,0,110,,94146,13,,,0
5701,'5459',630,,94161,13,,,0,108,,94151,13,,,0,97,,94162,13,,,0,105,,94165,13,,,0,101,,94163,13,,,0,107,,94164,13,,,0,110,,94150,13,,,0,100,,94156,13,,,0,150,,94160,13,,,0,101,,94157,13,,,0,108,,94152,13,,,0,91,,94154,13,,,0,114,,94158,13,,,0,99,,94159,13,,,0,99,,94155,13,,,0,113,,94153,13,,,0
5701,'5460',738,,94169,13,,,0,99,,94166,13,,,0,105,,94168,13,,,0,100,,94167,13,,,0,106,,94170,13,,,0,110,,94173,13,,,0,100,,94171,13,,,0,150,,94174,13,,,0,100,,94172,13,,,0,110,,94178,13,,,0,90,,94180,13,,,0,113,,94179,13,,,0,100,,94177,13,,,0,99,,94176,13,,,0,85,,94175,13,,,0
5701,'5461',738,,94184,13,,,0,99,,94181,13,,,0,105,,94183,13,,,0,100,,94182,13,,,0,106,,94185,13,,,0,110,,94188,13,,,0,100,,94186,13,,,0,150,,94189,13,,,0,100,,94187,13,,,0,110,,94193,13,,,0,90,,94195,13,,,0,113,,94194,13,,,0,100,,94192,13,,,0,99,,94191,13,,,0,85,,94190,13,,,0
5701,'5462',738,,94199,13,,,0,99,,94196,13,,,0,105,,94198,13,,,0,100,,94197,13,,,0,106,,94200,13,,,0,110,,94203,13,,,0,100,,94201,13,,,0,150,,94204,13,,,0,100,,94202,13,,,0,110,,94208,13,,,0,90,,94210,13,,,0,113,,94209,13,,,0,100,,94207,13,,,0,99,,94206,13,,,0,85,,94205,13,,,0
5701,'5463',738,,94214,13,,,0,99,,94211,13,,,0,105,,94213,13,,,0,100,,94212,13,,,0,106,,94215,13,,,0,110,,94218,13,,,0,100,,94216,13,,,0,150,,94219,13,,,0,100,,94217,13,,,0,110,,94223,13,,,0,90,,94225,13,,,0,113,,94224,13,,,0,100,,94222,13,,,0,99,,94221,13,,,0,85,,94220,13,,,0
