2601,'5456',554,,89748,4,,,0,62,,89749,4,,,0,17,,89750,4,,,0,16,,89751,4,,,0,54,,89752,4,,,0,15,,89753,4,,,0,15,,89754,4,,,0,16,,89755,4,,,0,55,,89756,4,,,0,12,,89757,4,,,0,12,,89758,4,,,0,15,,89759,4,,,0,15,,89760,4,,,0,54,,89761,4,,,0,15,,89762,4,,,0,15,,89763,4,,,0,15,,89764,4,,,0,55,,89765,4,,,0,15,,89766,4,,,0,15,,89767,4,,,0,15,,89768,4,,,0,55,,89769,4,,,0,14,,89770,4,,,0,14,,89771,4,,,0,15,,89772,4,,,0,56,,89773,4,,,0,14,,89774,4,,,0,15,,89775,4,,,0,15,,89776,4,,,0,55,,89777,4,,,0,14,,89778,4,,,0,12,,89779,4,,,0,13,,89780,4,,,0,52,,89781,4,,,0,14,,89782,4,,,0,13,,89783,4,,,0,9,,89784,4,,,0,15,,89785,4,,,0,55,,89786,4,,,0,16,,89787,4,,,0,15,,89788,4,,,0,18,,89789,4,,,0,57,,89790,4,,,0,17,,89791,4,,,0,17,,89792,4,,,0,58,,89793,4,,,0,17,,89794,4,,,0,15,,89795,4,,,0,17,,89796,4,,,0,57,,89797,4,,,0,13,,89798,4,,,0,15,,89799,4,,,0,15,,89800,4,,,0,56,,89801,4,,,0,15,,89802,4,,,0,20,,89803,4,,,0,60,,89804,4,,,0,20,,89805,4,,,0,19,,89806,4,,,0,60,,89807,4,,,0,20,,89808,4,,,0,30,,89809,4,,,0,71,,89810,4,,,0,32,,89811,4,,,0,70,,89812,4,,,0,30,,89813,4,,,0,71,,89814,4,,,0
2601,'5458',554,,89815,4,,,0,62,,89816,4,,,0,17,,89817,4,,,0,16,,89818,4,,,0,54,,89819,4,,,0,15,,89820,4,,,0,15,,89821,4,,,0,16,,89822,4,,,0,55,,89823,4,,,0,12,,89824,4,,,0,12,,89825,4,,,0,15,,89826,4,,,0,15,,89827,4,,,0,54,,89828,4,,,0,15,,89829,4,,,0,15,,89830,4,,,0,15,,89831,4,,,0,55,,89832,4,,,0,15,,89833,4,,,0,15,,89834,4,,,0,15,,89835,4,,,0,55,,89836,4,,,0,14,,89837,4,,,0,14,,89838,4,,,0,15,,89839,4,,,0,56,,89840,4,,,0,14,,89841,4,,,0,15,,89842,4,,,0,15,,89843,4,,,0,55,,89844,4,,,0,14,,89845,4,,,0,12,,89846,4,,,0,13,,89847,4,,,0,52,,89848,4,,,0,14,,89849,4,,,0,13,,89850,4,,,0,9,,89851,4,,,0,15,,89852,4,,,0,55,,89853,4,,,0,16,,89854,4,,,0,15,,89855,4,,,0,18,,89856,4,,,0,57,,89857,4,,,0,17,,89858,4,,,0,17,,89859,4,,,0,58,,89860,4,,,0,17,,89861,4,,,0,15,,89862,4,,,0,17,,89863,4,,,0,57,,89864,4,,,0,13,,89865,4,,,0,15,,89866,4,,,0,15,,89867,4,,,0,56,,89868,4,,,0,15,,89869,4,,,0,20,,89870,4,,,0,60,,89871,4,,,0,20,,89872,4,,,0,19,,89873,4,,,0,60,,89874,4,,,0,20,,89875,4,,,0,30,,89876,4,,,0,71,,89877,4,,,0,32,,89878,4,,,0,70,,89879,4,,,0,30,,89880,4,,,0,71,,89881,4,,,0,30,,89882,4,,,0
2601,'5459',621,,89884,4,,,0,30,,89885,4,,,0,65,,89886,4,,,0,17,,89887,4,,,0,17,,89888,4,,,0,57,,89889,4,,,0,17,,89890,4,,,0,17,,89891,4,,,0,17,,89892,4,,,0,57,,89893,4,,,0,17,,89894,4,,,0,17,,89895,4,,,0,57,,89896,4,,,0,17,,89897,4,,,0,17,,89898,4,,,0,17,,89899,4,,,0,57,,89900,4,,,0,17,,89883,4,,,0,17,,89901,4,,,0,57,,89902,4,,,0,17,,89903,4,,,0,17,,89904,4,,,0,16,,89905,4,,,0,57,,89906,4,,,0,17,,89907,4,,,0,17,,89908,4,,,0,56,,89909,4,,,0,17,,89910,4,,,0,17,,89911,4,,,0,16,,89912,4,,,0,56,,89913,4,,,0,16,,89914,4,,,0,16,,89915,4,,,0,17,,89916,4,,,0,57,,89917,4,,,0,17,,89918,4,,,0,18,,89919,4,,,0,57,,89920,4,,,0,18,,89921,4,,,0,20,,89922,4,,,0,60,,89923,4,,,0,20,,89924,4,,,0,21,,89925,4,,,0,60,,89926,4,,,0,20,,89927,4,,,0,18,,89928,4,,,0,60,,89929,4,,,0,20,,89930,4,,,0,20,,89931,4,,,0,60,,89932,4,,,0,20,,89933,4,,,0,20,,89934,4,,,0,60,,89935,4,,,0,22,,89936,4,,,0,31,,89937,4,,,0,70,,89938,4,,,0,31,,89939,4,,,0,70,,89940,4,,,0,31,,89941,4,,,0
2601,'5460',641,,89965,4,,,0,62,,89952,4,,,0,22,,89942,4,,,0,22,,89961,4,,,0,60,,89966,4,,,0,26,,89951,4,,,0,20,,89944,4,,,0,60,,89962,4,,,0,22,,89955,4,,,0,18,,89945,4,,,0,58,,89949,4,,,0,18,,89943,4,,,0,18,,89963,4,,,0,58,,89947,4,,,0,19,,89968,4,,,0,18,,89946,4,,,0,58,,89950,4,,,0,18,,89948,4,,,0,18,,89959,4,,,0,18,,89956,4,,,0,58,,89969,4,,,0,18,,89953,4,,,0,18,,89964,4,,,0,58,,89957,4,,,0,18,,89960,4,,,0,18,,89958,4,,,0,58,,89967,4,,,0,18,,89954,4,,,0,18,,89978,4,,,0,18,,89973,4,,,0,58,,89977,4,,,0,17,,89971,4,,,0,17,,89980,4,,,0,57,,89970,4,,,0,20,,89976,4,,,0,20,,89974,4,,,0,60,,89975,4,,,0,20,,89979,4,,,0,20,,89972,4,,,0,60,,89982,4,,,0,20,,89988,4,,,0,20,,89984,4,,,0,60,,89987,4,,,0,20,,89983,4,,,0,20,,89981,4,,,0,60,,89985,4,,,0,22,,89986,4,,,0,30,,89989,4,,,0,70,,89990,4,,,0,31,,89991,4,,,0,71,,89992,4,,,0
2601,'5461',641,,90016,4,,,0,62,,90003,4,,,0,22,,89993,4,,,0,22,,90012,4,,,0,60,,90017,4,,,0,26,,90002,4,,,0,20,,89995,4,,,0,60,,90013,4,,,0,22,,90006,4,,,0,18,,89996,4,,,0,58,,90000,4,,,0,18,,89994,4,,,0,18,,90014,4,,,0,58,,89998,4,,,0,19,,90019,4,,,0,18,,89997,4,,,0,58,,90001,4,,,0,18,,89999,4,,,0,18,,90010,4,,,0,18,,90007,4,,,0,58,,90020,4,,,0,18,,90004,4,,,0,18,,90015,4,,,0,58,,90008,4,,,0,18,,90011,4,,,0,18,,90009,4,,,0,58,,90018,4,,,0,18,,90005,4,,,0,18,,90029,4,,,0,18,,90024,4,,,0,58,,90028,4,,,0,17,,90022,4,,,0,17,,90031,4,,,0,57,,90021,4,,,0,20,,90027,4,,,0,20,,90025,4,,,0,60,,90026,4,,,0,20,,90030,4,,,0,20,,90023,4,,,0,60,,90033,4,,,0,20,,90039,4,,,0,20,,90035,4,,,0,60,,90038,4,,,0,20,,90034,4,,,0,20,,90032,4,,,0,60,,90036,4,,,0,22,,90037,4,,,0,30,,90040,4,,,0,70,,90041,4,,,0,31,,90042,4,,,0,71,,90043,4,,,0
2601,'5462',641,,90067,4,,,0,62,,90054,4,,,0,22,,90044,4,,,0,22,,90063,4,,,0,60,,90068,4,,,0,26,,90053,4,,,0,20,,90046,4,,,0,60,,90064,4,,,0,22,,90057,4,,,0,18,,90047,4,,,0,58,,90051,4,,,0,18,,90045,4,,,0,18,,90065,4,,,0,58,,90049,4,,,0,19,,90070,4,,,0,18,,90048,4,,,0,58,,90052,4,,,0,18,,90050,4,,,0,18,,90061,4,,,0,18,,90058,4,,,0,58,,90071,4,,,0,18,,90055,4,,,0,18,,90066,4,,,0,58,,90059,4,,,0,18,,90062,4,,,0,18,,90060,4,,,0,58,,90069,4,,,0,18,,90056,4,,,0,18,,90080,4,,,0,18,,90075,4,,,0,58,,90079,4,,,0,17,,90073,4,,,0,17,,90082,4,,,0,57,,90072,4,,,0,20,,90078,4,,,0,20,,90076,4,,,0,60,,90077,4,,,0,20,,90081,4,,,0,20,,90074,4,,,0,60,,90084,4,,,0,20,,90090,4,,,0,20,,90086,4,,,0,60,,90089,4,,,0,20,,90085,4,,,0,20,,90083,4,,,0,60,,90087,4,,,0,22,,90088,4,,,0,30,,90091,4,,,0,70,,90092,4,,,0,31,,90093,4,,,0,71,,90094,4,,,0
2601,'5463',641,,90118,4,,,0,62,,90105,4,,,0,22,,90095,4,,,0,22,,90114,4,,,0,60,,90119,4,,,0,26,,90104,4,,,0,20,,90097,4,,,0,60,,90115,4,,,0,22,,90108,4,,,0,18,,90098,4,,,0,58,,90102,4,,,0,18,,90096,4,,,0,18,,90116,4,,,0,58,,90100,4,,,0,19,,90121,4,,,0,18,,90099,4,,,0,58,,90103,4,,,0,18,,90101,4,,,0,18,,90112,4,,,0,18,,90109,4,,,0,58,,90122,4,,,0,18,,90106,4,,,0,18,,90117,4,,,0,58,,90110,4,,,0,18,,90113,4,,,0,18,,90111,4,,,0,58,,90120,4,,,0,18,,90107,4,,,0,18,,90131,4,,,0,18,,90126,4,,,0,58,,90130,4,,,0,17,,90124,4,,,0,17,,90133,4,,,0,57,,90123,4,,,0,20,,90129,4,,,0,20,,90127,4,,,0,60,,90128,4,,,0,20,,90132,4,,,0,20,,90125,4,,,0,60,,90135,4,,,0,20,,90141,4,,,0,20,,90137,4,,,0,60,,90140,4,,,0,20,,90136,4,,,0,20,,90134,4,,,0,60,,90138,4,,,0,22,,90139,4,,,0,30,,90142,4,,,0,70,,90143,4,,,0,31,,90144,4,,,0,71,,90145,4,,,0
3901,'5456',610,,92716,4,,,0,32,,92707,4,,,0,74,,92717,4,,,0,13,,92708,4,,,0,12,,92700,4,,,0,13,,92690,4,,,0,55,,92699,4,,,0,15,,92710,4,,,0,24,,92709,4,,,0,68,,92687,4,,,0,30,,92701,4,,,0,70,,92711,4,,,0,30,,92692,4,,,0,70,,92686,4,,,0,30,,92693,4,,,0,70,,92712,4,,,0,30,,92694,4,,,0,70,,92688,4,,,0,30,,92695,4,,,0,71,,92713,4,,,0,18,,92685,4,,,0,16,,92679,4,,,0,56,,92696,4,,,0,8,,92678,4,0,28 29 14,0,8,,92689,4,,,0,18,,92714,4,,,0,15,,92677,4,,,0,55,,92683,4,,,0,16,,92680,4,,,0,15,,92698,4,,,0,16,,92697,4,,,0,56,,92715,4,,,0,18,,92684,4,,,0,20,,92681,4,,,0,60,,92702,4,,,0,20,,92691,4,,,0,20,,92706,4,,,0,60,,92682,4,,,0,22,,92703,4,,,0,108,,92705,4,,,0,107,,92704,4,0,28 29 14,0
3901,'5458',610,,92757,4,,,0,32,,92748,4,,,0,74,,92758,4,,,0,13,,92749,4,,,0,12,,92741,4,,,0,13,,92731,4,,,0,55,,92740,4,,,0,15,,92751,4,,,0,24,,92750,4,,,0,68,,92728,4,,,0,30,,92742,4,,,0,70,,92752,4,,,0,30,,92733,4,,,0,70,,92727,4,,,0,30,,92734,4,,,0,70,,92753,4,,,0,30,,92735,4,,,0,70,,92729,4,,,0,30,,92736,4,,,0,71,,92754,4,,,0,18,,92726,4,,,0,16,,92720,4,,,0,56,,92737,4,,,0,8,,92719,4,0,28 29 14,0,8,,92730,4,,,0,18,,92755,4,,,0,15,,92718,4,,,0,55,,92724,4,,,0,16,,92721,4,,,0,15,,92739,4,,,0,16,,92738,4,,,0,56,,92756,4,,,0,18,,92725,4,,,0,20,,92722,4,,,0,60,,92743,4,,,0,20,,92732,4,,,0,20,,92747,4,,,0,60,,92723,4,,,0,22,,92744,4,,,0,108,,92746,4,,,0,107,,92745,4,0,28 29 14,0
3901,'5459',739,,92761,4,0,28 29 14,0,100,,92764,4,0,28 29 14,0,100,,92769,4,0,28 29 14,0,99,,92759,4,0,28 29 14,0,99,,92762,4,0,28 29 14,0,100,,92765,4,0,28 29 14,0,100,,92770,4,0,28 29 14,0,100,,92760,4,0,28 29 14,0,100,,92763,4,0,28 29 14,0,100,,92766,4,0,28 29 14,0,102,,92771,4,0,28 29 14,0,100,,92767,4,0,28 29 14,0,100,,92768,4,0,28 29 14,0
3901,'5460',740,,92774,4,0,28 29 14,0,99,,92773,4,0,28 29 14,0,99,,92772,4,0,28 29 14,0,100,,92775,4,0,28 29 14,0,100,,92776,4,0,28 29 14,0,100,,92777,4,0,28 29 14,0,99,,92780,4,0,28 29 14,0,100,,92781,4,0,28 29 14,0,100,,92779,4,0,28 29 14,0,100,,92778,4,0,28 29 14,0,100,,92782,4,0,28 29 14,0,102,,92783,4,0,28 29 14,0,100,,92784,4,0,28 29 14,0
3901,'5461',740,,92787,4,0,28 29 14,0,99,,92786,4,0,28 29 14,0,99,,92785,4,0,28 29 14,0,100,,92788,4,0,28 29 14,0,100,,92789,4,0,28 29 14,0,100,,92790,4,0,28 29 14,0,99,,92793,4,0,28 29 14,0,100,,92794,4,0,28 29 14,0,100,,92792,4,0,28 29 14,0,100,,92791,4,0,28 29 14,0,100,,92795,4,0,28 29 14,0,102,,92796,4,0,28 29 14,0,100,,92797,4,0,28 29 14,0
3901,'5462',740,,92800,4,0,28 29 14,0,99,,92799,4,0,28 29 14,0,99,,92798,4,0,28 29 14,0,100,,92801,4,0,28 29 14,0,100,,92802,4,0,28 29 14,0,100,,92803,4,0,28 29 14,0,99,,92806,4,0,28 29 14,0,100,,92807,4,0,28 29 14,0,100,,92805,4,0,28 29 14,0,100,,92804,4,0,28 29 14,0,100,,92808,4,0,28 29 14,0,102,,92809,4,0,28 29 14,0,100,,92810,4,0,28 29 14,0
3901,'5463',740,,92813,4,0,28 29 14,0,99,,92812,4,0,28 29 14,0,99,,92811,4,0,28 29 14,0,100,,92814,4,0,28 29 14,0,100,,92815,4,0,28 29 14,0,100,,92816,4,0,28 29 14,0,99,,92819,4,0,28 29 14,0,100,,92820,4,0,28 29 14,0,100,,92818,4,0,28 29 14,0,100,,92817,4,0,28 29 14,0,100,,92821,4,0,28 29 14,0,102,,92822,4,0,28 29 14,0,100,,92823,4,0,28 29 14,0
4001,'5456',556,,92942,4,,,0,94,,92940,4,,,0,67,,92941,4,,,0,92,,92939,4,,,0,99,,92935,4,,,0,98,,92933,4,,,0,100,,92938,4,,,0,101,,92928,4,,,0,100,,92934,4,,,0,100,,92927,4,,,0,106,,92937,4,,,0,36,,92925,4,,,0,76,,92926,4,,,0,34,,92924,4,,,0,74,,92936,4,,,0,86,,92930,4,,,0,95,,92932,4,,,0,100,,92929,4,,,0,124,,92931,4,,,0
4001,'5458',556,,92961,4,,,0,94,,92959,4,,,0,67,,92960,4,,,0,92,,92958,4,,,0,99,,92954,4,,,0,98,,92952,4,,,0,100,,92957,4,,,0,101,,92947,4,,,0,100,,92953,4,,,0,100,,92946,4,,,0,106,,92956,4,,,0,36,,92944,4,,,0,76,,92945,4,,,0,34,,92943,4,,,0,74,,92955,4,,,0,86,,92949,4,,,0,95,,92951,4,,,0,100,,92948,4,,,0,124,,92950,4,,,0
4001,'5459',628,,92971,4,,,0,125,,92974,4,,,0,100,,92962,4,,,0,100,,92964,4,,,0,101,,92970,4,,,0,100,,92972,4,,,0,100,,92963,4,,,0,100,,92965,4,,,0,100,,92968,4,,,0,100,,92973,4,,,0,100,,92966,4,,,0,100,,92967,4,,,0,99,,92969,4,,,0,100,,92975,4,,,0,170,,92976,4,,,0
4001,'5460',722,,92978,4,,,0,131,,92977,4,,,0,100,,92979,4,,,0,100,,92980,4,,,0,101,,92982,4,,,0,100,,92981,4,,,0,100,,92986,4,,,0,100,,92984,4,,,0,100,,92985,4,,,0,99,,92983,4,,,0,100,,92988,4,,,0,100,,92987,4,,,0,100,,92989,4,,,0
4001,'5461',722,,92991,4,,,0,131,,92990,4,,,0,100,,92992,4,,,0,100,,92993,4,,,0,101,,92995,4,,,0,100,,92994,4,,,0,100,,92999,4,,,0,100,,92997,4,,,0,100,,92998,4,,,0,99,,92996,4,,,0,100,,93001,4,,,0,100,,93000,4,,,0,100,,93002,4,,,0
4001,'5462',722,,93004,4,,,0,131,,93003,4,,,0,100,,93005,4,,,0,100,,93006,4,,,0,101,,93008,4,,,0,100,,93007,4,,,0,100,,93012,4,,,0,100,,93010,4,,,0,100,,93011,4,,,0,99,,93009,4,,,0,100,,93014,4,,,0,100,,93013,4,,,0,100,,93015,4,,,0
4001,'5463',722,,93017,4,,,0,131,,93016,4,,,0,100,,93018,4,,,0,100,,93019,4,,,0,101,,93021,4,,,0,100,,93020,4,,,0,100,,93025,4,,,0,100,,93023,4,,,0,100,,93024,4,,,0,99,,93022,4,,,0,100,,93027,4,,,0,100,,93026,4,,,0,100,,93028,4,,,0
1002601,'5456',1423,,98226,4,,,0,11,,98227,4,,,0,14,,98228,4,,,0,52,,98229,4,,,0,14,,98230,2,,,0,4,,98231,4,,,0,12,,98232,4,,,0,15,,98233,4,,,0,58,,98234,4,,,0,18,,98235,4,,,0,17,,98225,4,,,0,17,,98236,4,,,0,59,,98237,4,,,0,15,,98238,4,,,0,17,,98239,4,,,0,54,,98240,4,,,0
1002601,'5458',1357,,98242,2,,,0,66,,98243,4,,,0,11,,98244,4,,,0,14,,98245,4,,,0,52,,98246,4,,,0,18,,98247,4,,,0,12,,98248,4,,,0,15,,98249,4,,,0,58,,98250,4,,,0,18,,98251,4,,,0,17,,98241,4,,,0,17,,98252,4,,,0,59,,98253,4,,,0,15,,98254,4,,,0,17,,98255,4,,,0,54,,98256,4,,,0
