2200,'5456',1239,,88577,66,,,0,70,,88575,66,,,0,31,,88578,66,,,0,70,,88579,66,,,0,105,,88580,66,,,0,31,,88581,66,,,0,77,,88582,66,,,0,100,,88583,66,,,0,94,,88584,66,,,0
2200,'5458',1239,,88606,66,,,0,70,,88604,66,,,0,31,,88607,66,,,0,70,,88608,66,,,0,105,,88609,66,,,0,31,,88610,66,,,0,77,,88612,66,,,0,100,,88613,66,,,0,94,,88614,66,,,0
2201,'5456',549,,88749,5,,,0,67,,88752,5,,,0,112,,88750,11,,,0,25,,88751,11,,,0,76,,88753,11,,,0,106,,88755,11,,,0,69,,88754,11,,,0,29,,88757,11,,,0,98,,88758,11,,,0
2201,'5458',549,,88773,5,,,0,67,,88776,5,,,0,112,,88774,11,,,0,25,,88775,11,,,0,76,,88777,11,,,0,106,,88779,11,,,0,69,,88778,11,,,0,29,,88781,11,,,0,98,,88782,11,,,0
3800,'5456',603,,92431,5,,,0,20,,92430,25,,,0,25,,92432,25,,,0,57,,92434,25,,,0,14,,92437,25,,,0,16,,92438,25,,,0,18,,92440,25,,,0,71,,92433,25,,,0,79,,92435,25,,,0,28,,92436,25,,,0,98,,92442,25,,,0,100,,92439,25,,,0,102,,92443,25,,,0,103,,92441,25,,,0,95,,92444,25,,,0,80,,92445,25,,,0,32,,92450,25,,,0,71,,92446,25,,,0,33,,92453,25,,,0,71,,92447,25,,,0,31,,92448,25,,,0,81,,92451,25,,,0,102,,92449,25,,,0,104,,92452,25,,,0
3800,'5458',603,,92457,5,,,0,20,,92456,25,,,0,25,,92458,25,,,0,57,,92460,25,,,0,14,,92463,25,,,0,16,,92464,25,,,0,18,,92466,25,,,0,71,,92459,25,,,0,79,,92461,25,,,0,28,,92462,25,,,0,98,,92468,25,,,0,100,,92465,25,,,0,102,,92469,25,,,0,103,,92467,25,,,0,95,,92470,25,,,0,80,,92471,25,,,0,32,,92476,25,,,0,71,,92472,25,,,0,33,,92479,25,,,0,71,,92473,25,,,0,31,,92474,25,,,0,81,,92477,25,,,0,102,,92475,25,,,0,104,,92478,25,,,0
5300,'5456',643,,93666,30,0,25 40,0,74,,93664,30,,,0,184,,93668,30,0,25 40,0,144,,93665,30,0,25 40,0,170,,93671,30,0,25 40,0,132,,93670,39,0,25 40,0,190,,93672,39,0,25 40,0,105,,93669,39,0,25 40,0,168,,93667,39,0,25 40,0,126,,93673,39,0,25 40,0,170,,93674,39,0,25 40,0
5300,'5458',643,,93677,30,0,25 40,0,74,,93675,30,,,0,184,,93679,30,0,25 40,0,144,,93676,30,0,25 40,0,170,,93682,30,0,25 40,0,132,,93681,39,0,25 40,0,190,,93683,39,0,25 40,0,105,,93680,39,0,25 40,0,168,,93678,39,0,25 40,0,126,,93684,39,0,25 40,0,170,,93685,39,0,25 40,0
5300,'5459',722,,93686,30,0,25 40,0,201,,93690,30,0,25 40,0,212,,93691,30,0,25 40,0,218,,93692,39,0,25 40,0,250,,93689,39,0,25 40,0,209,,93687,39,0,25 40,0,203,,93688,39,0,25 40,0
5300,'5460',721,,93696,30,0,25 40,0,203,,93693,30,0,25 40,0,209,,93694,30,0,25 40,0,218,,93697,39,0,25 40,0,250,,93695,39,0,25 40,0,209,,93699,39,0,25 40,0,205,,93698,39,0,25 40,0
5300,'5461',721,,93703,30,0,25 40,0,203,,93700,30,0,25 40,0,209,,93701,30,0,25 40,0,218,,93704,39,0,25 40,0,250,,93702,39,0,25 40,0,209,,93706,39,0,25 40,0,205,,93705,39,0,25 40,0
5300,'5462',721,,93710,30,0,25 40,0,203,,93707,30,0,25 40,0,209,,93708,30,0,25 40,0,218,,93711,39,0,25 40,0,250,,93709,39,0,25 40,0,209,,93713,39,0,25 40,0,205,,93712,39,0,25 40,0
5300,'5463',721,,93717,30,0,25 40,0,203,,93714,30,0,25 40,0,209,,93715,30,0,25 40,0,218,,93718,39,0,25 40,0,250,,93716,39,0,25 40,0,209,,93720,39,0,25 40,0,205,,93719,39,0,25 40,0
1002200,'5456',1159,,98196,56,,,0,279,,98197,56,,,0,207,,98198,56,,,0,95,,98199,56,,,0,192,,98200,56,,,0
1002200,'5458',1159,,98202,56,,,0,279,,98203,56,,,0,207,,98204,56,,,0,95,,98205,56,,,0,192,,98206,56,,,0
1002201,'5456',651,,98207,11,,,0,256,,98208,11,,,0,200,,98209,11,,,0
1002201,'5458',651,,98216,11,,,0,256,,98217,11,,,0,200,,98218,11,,,0
