201,'5456',612,,82174,31,0,46 37,0,21,,82175,31,0,46 37,0,67,,82176,31,0,46 37,0,29,,82177,31,0,46 37,0,72,,82178,31,0,46 37,0,31,,82179,31,0,46 37,0,72,,82180,31,0,46 37,0,30,,82181,31,0,46 37,0,73,,82182,31,0,46 37,0,39,,82183,31,0,46 37,0,80,,82184,31,0,46 37,0,79,,82185,31,0,46 37,0,40,,82186,31,0,46 37,0,80,,82187,31,0,46 37,0,80,,82188,31,0,46 37,0,17,,82189,5,0,46 37,0,35,,82190,31,0,46 37,0,55,,82206,12,0,46 37,0,19,,82202,31,0,46 37,0,77,,82204,31,0,46 37,0,36,,82205,31,0,46 37,0,74,,82201,31,0,46 37,0,37,,82203,31,0,46 37,0,86,,82196,31,0,46 37,0,65,,82195,31,0,46 37,0,40,,82200,31,0,46 37,0,83,,82194,31,0,46 37,0,81,,82199,31,0,46 37,0,38,,82193,31,0,46 37,0,80,,82198,31,0,46 37,0,81,,82192,31,0,46 37,0,40,,82197,31,0,46 37,0,71,,82191,31,0,46 37,0
201,'5458',612,,82207,31,0,46 37,0,21,,82208,31,0,46 37,0,67,,82209,31,0,46 37,0,29,,82210,31,0,46 37,0,72,,82211,31,0,46 37,0,31,,82212,31,0,46 37,0,72,,82213,31,0,46 37,0,30,,82214,31,0,46 37,0,73,,82215,31,0,46 37,0,39,,82216,31,0,46 37,0,80,,82217,31,0,46 37,0,79,,82218,31,0,46 37,0,40,,82219,31,0,46 37,0,80,,82220,31,0,46 37,0,80,,82221,31,0,46 37,0,17,,82222,5,0,46 37,0,35,,82223,31,0,46 37,0,55,,82240,12,0,46 37,0,19,,82236,31,0,46 37,0,77,,82238,31,0,46 37,0,36,,82239,31,0,46 37,0,74,,82235,31,0,46 37,0,37,,82237,31,0,46 37,0,86,,82230,31,0,46 37,0,65,,82229,31,0,46 37,0,40,,82234,31,0,46 37,0,83,,82228,31,0,46 37,0,81,,82233,31,0,46 37,0,38,,82227,31,0,46 37,0,80,,82232,31,0,46 37,0,81,,82226,31,0,46 37,0,40,,82231,31,0,46 37,0,71,,82225,31,0,46 37,0,31,,82224,5,0,46 37,0
201,'5459',655,,82261,31,0,46 37,0,158,,82262,31,0,46 37,0,22,,82248,5,0,46 37,0,103,,82256,31,0,46 37,0,80,,82249,31,0,46 37,0,38,,82241,5,0,46 37,0,60,,82259,31,0,46 37,0,39,,82250,31,0,46 37,0,80,,82242,31,0,46 37,0,79,,82245,31,0,46 37,0,39,,82244,31,0,46 37,0,81,,82254,31,0,46 37,0,80,,82246,31,0,46 37,0,40,,82243,31,0,46 37,0,81,,82247,31,0,46 37,0,75,,82255,31,0,46 37,0,41,,82258,31,0,46 37,0,80,,82257,31,0,46 37,0,76,,82260,31,0,46 37,0,35,,82251,31,0,46 37,0,80,,82252,31,0,46 37,0,85,,82253,31,0,46 37,0,41,,82266,31,0,46 37,0,81,,82263,31,0,46 37,0,82,,82264,31,0,46 37,0,40,,82265,31,0,46 37,0,76,,82267,31,0,46 37,0,30,,82268,5,0,46 37,0
201,'5460',641,,82283,31,0,46 37,0,160,,82290,31,0,46 37,0,119,,82284,31,0,46 37,0,99,,82271,5,0,46 37,0,37,,82291,31,0,46 37,0,60,,82269,5,0,46 37,0,40,,82270,31,0,46 37,0,79,,82281,31,0,46 37,0,80,,82277,31,0,46 37,0,40,,82276,31,0,46 37,0,80,,82272,31,0,46 37,0,80,,82273,31,0,46 37,0,40,,82282,31,0,46 37,0,80,,82278,31,0,46 37,0,76,,82274,31,0,46 37,0,40,,82275,31,0,46 37,0,81,,82279,31,0,46 37,0,76,,82288,31,0,46 37,0,40,,82280,31,0,46 37,0,80,,82287,31,0,46 37,0,81,,82286,31,0,46 37,0,40,,82289,31,0,46 37,0,81,,82285,31,0,46 37,0,81,,82292,31,0,46 37,0,40,,82293,31,0,46 37,0
201,'5461',641,,82308,31,0,46 37,0,160,,82315,31,0,46 37,0,119,,82309,31,0,46 37,0,99,,82296,5,0,46 37,0,37,,82316,31,0,46 37,0,60,,82294,5,0,46 37,0,40,,82295,31,0,46 37,0,79,,82306,31,0,46 37,0,80,,82302,31,0,46 37,0,40,,82301,31,0,46 37,0,80,,82297,31,0,46 37,0,80,,82298,31,0,46 37,0,40,,82307,31,0,46 37,0,80,,82303,31,0,46 37,0,76,,82299,31,0,46 37,0,40,,82300,31,0,46 37,0,81,,82304,31,0,46 37,0,76,,82313,31,0,46 37,0,40,,82305,31,0,46 37,0,80,,82312,31,0,46 37,0,81,,82311,31,0,46 37,0,40,,82314,31,0,46 37,0,81,,82310,31,0,46 37,0,81,,82317,31,0,46 37,0,40,,82318,31,0,46 37,0
201,'5462',641,,82333,31,0,46 37,0,160,,82340,31,0,46 37,0,119,,82334,31,0,46 37,0,99,,82321,5,0,46 37,0,37,,82341,31,0,46 37,0,60,,82319,5,0,46 37,0,40,,82320,31,0,46 37,0,79,,82331,31,0,46 37,0,80,,82327,31,0,46 37,0,40,,82326,31,0,46 37,0,80,,82322,31,0,46 37,0,80,,82323,31,0,46 37,0,40,,82332,31,0,46 37,0,80,,82328,31,0,46 37,0,76,,82324,31,0,46 37,0,40,,82325,31,0,46 37,0,81,,82329,31,0,46 37,0,76,,82338,31,0,46 37,0,40,,82330,31,0,46 37,0,80,,82337,31,0,46 37,0,81,,82336,31,0,46 37,0,40,,82339,31,0,46 37,0,81,,82335,31,0,46 37,0,81,,82342,31,0,46 37,0,40,,82343,31,0,46 37,0
201,'5463',641,,82358,31,0,46 37,0,160,,82365,31,0,46 37,0,119,,82359,31,0,46 37,0,99,,82346,5,0,46 37,0,37,,82366,31,0,46 37,0,60,,82344,5,0,46 37,0,40,,82345,31,0,46 37,0,79,,82356,31,0,46 37,0,80,,82352,31,0,46 37,0,40,,82351,31,0,46 37,0,80,,82347,31,0,46 37,0,80,,82348,31,0,46 37,0,40,,82357,31,0,46 37,0,80,,82353,31,0,46 37,0,76,,82349,31,0,46 37,0,40,,82350,31,0,46 37,0,81,,82354,31,0,46 37,0,76,,82363,31,0,46 37,0,40,,82355,31,0,46 37,0,80,,82362,31,0,46 37,0,81,,82361,31,0,46 37,0,40,,82364,31,0,46 37,0,81,,82360,31,0,46 37,0,81,,82367,31,0,46 37,0,40,,82368,31,0,46 37,0
501,'5456',645,,83690,26,,,0,71,,83691,26,,,0,28,,83692,26,,,0,72,,83693,26,,,0,32,,83694,26,,,0,71,,83695,26,,,0,30,,83696,26,,,0,77,,83697,26,,,0,80,,83698,26,,,0,40,,83699,26,,,0,79,,83700,26,,,0,80,,83701,26,,,0,40,,83702,26,,,0,94,,83703,26,,,0,76,,83704,26,,,0,35,,83706,26,,,0,77,,83710,26,,,0,74,,83708,26,,,0,34,,83705,26,,,0,81,,83709,26,,,0,110,,83712,26,,,0,81,,83707,26,,,0,42,,83711,26,,,0
501,'5458',645,,83713,26,,,0,71,,83714,26,,,0,28,,83715,26,,,0,72,,83716,26,,,0,32,,83717,26,,,0,71,,83718,26,,,0,30,,83719,26,,,0,77,,83720,26,,,0,80,,83721,26,,,0,40,,83722,26,,,0,79,,83723,26,,,0,80,,83724,26,,,0,40,,83725,26,,,0,94,,83726,26,,,0,76,,83727,26,,,0,35,,83729,26,,,0,77,,83733,26,,,0,74,,83731,26,,,0,34,,83728,26,,,0,81,,83732,26,,,0,110,,83735,26,,,0,81,,83730,26,,,0,42,,83734,26,,,0
501,'5459',734,,83744,26,,,0,120,,83746,26,,,0,60,,83738,5,,,0,44,,83743,26,,,0,79,,83737,26,,,0,99,,83745,26,,,0,79,,83736,26,,,0,40,,83752,26,,,0,78,,83741,26,,,0,80,,83742,26,,,0,41,,83739,26,,,0,80,,83740,26,,,0,80,,83750,26,,,0,41,,83753,26,,,0,75,,83749,26,,,0,81,,83751,26,,,0,36,,83755,26,,,0,75,,83754,26,,,0,80,,83747,26,,,0,45,,83748,26,,,0
501,'5460',721,,83770,26,,,0,119,,83769,26,,,0,119,,83768,26,,,0,79,,83762,26,,,0,98,,83765,26,,,0,79,,83761,26,,,0,40,,83757,26,,,0,80,,83756,26,,,0,80,,83772,26,,,0,40,,83764,26,,,0,80,,83760,26,,,0,80,,83759,26,,,0,41,,83758,26,,,0,75,,83771,26,,,0,80,,83766,26,,,0,36,,83763,26,,,0,81,,83767,26,,,0
501,'5461',721,,83787,26,,,0,119,,83786,26,,,0,119,,83785,26,,,0,79,,83779,26,,,0,98,,83782,26,,,0,79,,83778,26,,,0,40,,83774,26,,,0,80,,83773,26,,,0,80,,83789,26,,,0,40,,83781,26,,,0,80,,83777,26,,,0,80,,83776,26,,,0,41,,83775,26,,,0,75,,83788,26,,,0,80,,83783,26,,,0,36,,83780,26,,,0,81,,83784,26,,,0
501,'5462',721,,83804,26,,,0,119,,83803,26,,,0,119,,83802,26,,,0,79,,83796,26,,,0,98,,83799,26,,,0,79,,83795,26,,,0,40,,83791,26,,,0,80,,83790,26,,,0,80,,83806,26,,,0,40,,83798,26,,,0,80,,83794,26,,,0,80,,83793,26,,,0,41,,83792,26,,,0,75,,83805,26,,,0,80,,83800,26,,,0,36,,83797,26,,,0,81,,83801,26,,,0
501,'5463',721,,83821,26,,,0,119,,83820,26,,,0,119,,83819,26,,,0,79,,83813,26,,,0,98,,83816,26,,,0,79,,83812,26,,,0,40,,83808,26,,,0,80,,83807,26,,,0,80,,83823,26,,,0,40,,83815,26,,,0,80,,83811,26,,,0,80,,83810,26,,,0,41,,83809,26,,,0,75,,83822,26,,,0,80,,83817,26,,,0,36,,83814,26,,,0,81,,83818,26,,,0
1000,'5456',627,,85268,1,,,0,83,,85273,1,,,0,36,,85269,1,,,0,78,,85270,1,,,0,84,,85271,1,,,0,39,,85272,1,,,0,95,,85275,1,,,0,115,,85274,1,,,0,90,,85277,1,,,0,76,,85276,1,,,0,86,,85280,1,,,0,42,,85278,1,,,0,95,,85279,1,,,0,81,,85281,1,,,0,88,,85282,1,,,0,40,,85283,1,,,0,61,,85286,1,,,0,30,,85284,1,,,0,95,,85285,1,,,0
1000,'5458',627,,85288,1,,,0,83,,85293,1,,,0,36,,85289,1,,,0,78,,85290,1,,,0,84,,85291,1,,,0,39,,85292,1,,,0,95,,85295,1,,,0,115,,85294,1,,,0,90,,85297,1,,,0,76,,85296,1,,,0,86,,85300,1,,,0,42,,85298,1,,,0,95,,85299,1,,,0,81,,85301,1,,,0,88,,85302,1,,,0,40,,85303,1,,,0,61,,85306,1,,,0,30,,85304,1,,,0,95,,85305,1,,,0
1000,'5459',725,,85316,1,,,0,101,,85320,1,,,0,101,,85307,1,,,0,97,,85310,1,,,0,108,,85313,1,,,0,110,,85312,1,,,0,97,,85308,1,,,0,100,,85311,1,,,0,100,,85309,1,,,0,103,,85314,1,,,0,103,,85315,1,,,0,99,,85318,1,,,0,99,,85319,1,,,0
1000,'5460',725,,85325,1,,,0,101,,85324,1,,,0,99,,85322,1,,,0,104,,85321,1,,,0,101,,85328,1,,,0,110,,85327,1,,,0,90,,85323,1,,,0,107,,85326,1,,,0,100,,85330,1,,,0,99,,85329,1,,,0,102,,85332,1,,,0,105,,85331,1,,,0,99,,85333,1,,,0
1000,'5461',725,,85338,1,,,0,101,,85337,1,,,0,99,,85335,1,,,0,104,,85334,1,,,0,101,,85341,1,,,0,110,,85340,1,,,0,90,,85336,1,,,0,107,,85339,1,,,0,100,,85343,1,,,0,99,,85342,1,,,0,102,,85345,1,,,0,105,,85344,1,,,0,99,,85346,1,,,0
1000,'5462',725,,85351,1,,,0,101,,85350,1,,,0,99,,85348,1,,,0,104,,85347,1,,,0,101,,85354,1,,,0,110,,85353,1,,,0,90,,85349,1,,,0,107,,85352,1,,,0,100,,85356,1,,,0,99,,85355,1,,,0,102,,85358,1,,,0,105,,85357,1,,,0,99,,85359,1,,,0
1000,'5463',725,,85364,1,,,0,101,,85363,1,,,0,99,,85361,1,,,0,104,,85360,1,,,0,101,,85367,1,,,0,110,,85366,1,,,0,90,,85362,1,,,0,107,,85365,1,,,0,100,,85369,1,,,0,99,,85368,1,,,0,102,,85371,1,,,0,105,,85370,1,,,0,99,,85372,1,,,0
1001,'5456',625,,85373,25,4,,0,83,,85378,25,4,,0,36,,85374,25,4,,0,78,,85375,25,4,,0,84,,85376,25,4,,0,39,,85377,25,4,,0,95,,85381,25,4,,0,115,,85379,25,4,,0,90,,85382,25,4,,0,76,,85380,25,4,,0,86,,85385,25,4,,0,42,,85383,25,4,,0,95,,85386,25,4,,0,81,,85384,25,4,,0,88,,85387,25,4,,0,40,,85388,25,4,,0,61,,85392,25,4,,0,30,,85389,25,4,,0,95,,85391,25,4,,0,101,,85390,25,4,,0
1001,'5458',625,,85393,25,4,,0,83,,85398,25,4,,0,36,,85394,25,4,,0,78,,85395,25,4,,0,84,,85396,25,4,,0,39,,85397,25,4,,0,95,,85401,25,4,,0,115,,85399,25,4,,0,90,,85402,25,4,,0,76,,85400,25,4,,0,86,,85405,25,4,,0,42,,85403,25,4,,0,95,,85406,25,4,,0,81,,85404,25,4,,0,88,,85407,25,4,,0,40,,85408,25,4,,0,61,,85412,25,4,,0,30,,85409,25,4,,0,95,,85411,25,4,,0,101,,85410,25,4,,0
1001,'5459',723,,85422,25,4,,0,101,,85425,25,4,,0,101,,85413,25,4,,0,97,,85417,25,4,,0,108,,85419,25,4,,0,110,,85418,25,4,,0,97,,85415,25,4,,0,100,,85414,25,4,,0,100,,85416,25,4,,0,103,,85420,25,4,,0,103,,85421,25,4,,0,99,,85423,25,4,,0,99,,85424,25,4,,0,98,,85426,25,4,,0
1001,'5460',723,,85432,25,4,,0,101,,85431,25,4,,0,99,,85428,25,4,,0,104,,85429,25,4,,0,101,,85435,25,4,,0,110,,85434,25,4,,0,90,,85427,25,4,,0,107,,85430,25,4,,0,100,,85433,25,4,,0,99,,85437,25,4,,0,102,,85436,25,4,,0,105,,85438,25,4,,0,99,,85439,25,4,,0
1001,'5461',723,,85446,25,4,,0,101,,85445,25,4,,0,99,,85442,25,4,,0,104,,85443,25,4,,0,101,,85449,25,4,,0,110,,85448,25,4,,0,90,,85441,25,4,,0,107,,85444,25,4,,0,100,,85447,25,4,,0,99,,85451,25,4,,0,102,,85450,25,4,,0,105,,85452,25,4,,0,99,,85453,25,4,,0
1001,'5462',723,,85460,25,4,,0,101,,85459,25,4,,0,99,,85456,25,4,,0,104,,85457,25,4,,0,101,,85463,25,4,,0,110,,85462,25,4,,0,90,,85455,25,4,,0,107,,85458,25,4,,0,100,,85461,25,4,,0,99,,85465,25,4,,0,102,,85464,25,4,,0,105,,85466,25,4,,0,99,,85467,25,4,,0
1001,'5463',723,,85474,25,4,,0,101,,85473,25,4,,0,99,,85470,25,4,,0,104,,85471,25,4,,0,101,,85477,25,4,,0,110,,85476,25,4,,0,90,,85469,25,4,,0,107,,85472,25,4,,0,100,,85475,25,4,,0,99,,85479,25,4,,0,102,,85478,25,4,,0,105,,85480,25,4,,0,99,,85481,25,4,,0
