8100,'5456',2138,,96359,25,4,,0
8100,'5458',2138,,96375,25,4,,0
8100,'5459',2134,,96389,25,4,,0
8100,'5460',2138,,104235,25,4,,0
8100,'5461',2138,,104243,25,4,,0
8100,'5462',2138,,104251,25,4,,0
8100,'5463',2138,,104259,25,4,,0
8101,'5456',534,,96446,1,,,0,169,,104260,16,,,0,32,,104261,1,,,0,180,,96448,16,,,0,103,,104262,16,,,0,97,,104263,16,,,0,100,,104264,16,,,0,100,,104265,16,,,0,100,,104266,16,,,0,101,,96455,16,,,0,99,,96456,16,,,0,99,,96457,16,,,0,100,,96458,16,,,0,99,,96459,16,,,0,101,,104267,16,,,0,99,,104268,16,,,0
8101,'5458',534,,96462,1,,,0,169,,104269,16,,,0,32,,104270,1,,,0,180,,96464,16,,,0,103,,104271,16,,,0,97,,104272,16,,,0,100,,104273,16,,,0,100,,104274,16,,,0,100,,104275,16,,,0,101,,96471,16,,,0,99,,96472,16,,,0,99,,96473,16,,,0,100,,96474,16,,,0,99,,96475,16,,,0,101,,104276,16,,,0,99,,104277,16,,,0
8101,'5459',913,,104278,16,,,0,103,,96479,16,,,0,100,,96480,16,,,0,100,,104279,16,,,0,100,,104280,16,,,0,104,,104281,16,,,0,100,,96484,16,,,0,100,,104282,16,,,0,96,,104283,16,,,0,97,,96487,16,,,0,100,,96488,16,,,0,100,,104284,16,,,0,100,,104285,16,,,0
8101,'5460',913,,104286,16,,,0,101,,96492,16,,,0,102,,104287,16,,,0,100,,96494,16,,,0,100,,96495,16,,,0,101,,104288,16,,,0,100,,104289,16,,,0,100,,104290,16,,,0,102,,104291,16,,,0,100,,104292,16,,,0,100,,96501,16,,,0,100,,104293,16,,,0,100,,104294,16,,,0
8101,'5461',913,,96504,16,,,0,101,,96505,16,,,0,102,,96506,16,,,0,100,,96507,16,,,0,100,,96508,16,,,0,101,,104295,16,,,0,100,,104296,16,,,0,100,,104297,16,,,0,102,,104298,16,,,0,100,,104299,16,,,0,100,,104300,16,,,0,100,,104301,16,,,0,100,,96516,16,,,0
8101,'5462',913,,96517,16,,,0,101,,96518,16,,,0,102,,96519,16,,,0,100,,96520,16,,,0,100,,96521,16,,,0,101,,104302,16,,,0,100,,104303,16,,,0,100,,104304,16,,,0,102,,104305,16,,,0,100,,104306,16,,,0,100,,104307,16,,,0,100,,104308,16,,,0,100,,96529,16,,,0
8101,'5463',913,,96530,16,,,0,101,,96531,16,,,0,102,,96532,16,,,0,100,,96533,16,,,0,100,,96534,16,,,0,101,,104309,16,,,0,100,,104310,16,,,0,100,,104311,16,,,0,102,,104312,16,,,0,100,,104313,16,,,0,100,,104314,16,,,0,100,,104315,16,,,0,100,,96542,16,,,0
8300,'5456',738,,105866,49,4,,0,204,,96543,49,4,,0,179,,105867,49,4,,0,208,,105868,49,4,,0,200,,96547,49,4,,0,212,,96548,49,4,,0,204,,96549,49,4,,0
8300,'5458',738,,105869,49,4,,0,204,,96550,49,4,,0,179,,105870,49,4,,0,208,,105871,49,4,,0,200,,96554,49,4,,0,212,,96555,49,4,,0,204,,96556,49,4,,0
8300,'5459',1124,,104322,49,4,,0,301,,104323,49,4,,0,302,,104321,49,4,,0,299,,104320,49,4,,0
8300,'5460',1123,,104326,49,4,,0,300,,104327,49,4,,0,302,,104325,49,4,,0,300,,104324,49,4,,0
8300,'5461',1123,,104330,49,4,,0,300,,104331,49,4,,0,302,,104329,49,4,,0,300,,104328,49,4,,0
8300,'5462',1123,,104334,49,4,,0,300,,104335,49,4,,0,302,,104333,49,4,,0,300,,104332,49,4,,0
8300,'5463',1123,,105874,49,4,,0,300,,105875,49,4,,0,302,,105873,49,4,,0,300,,105872,49,4,,0
8301,'5456',650,,96579,1,,,0,95,,96577,1,,,0,210,,96578,1,,,0,180,,105877,1,,,0,195,,105876,1,,,0,210,,96582,1,,,0,215,,96583,1,,,0,200,,96584,1,,,0
8301,'5458',650,,96587,1,,,0,95,,96585,1,,,0,210,,96586,1,,,0,180,,105879,1,,,0,195,,105878,1,,,0,210,,96590,1,,,0,215,,96591,1,,,0,200,,96592,1,,,0
8301,'5459',930,,104345,1,,,0,300,,104343,1,,,0,305,,104344,1,,,0,300,,104342,1,,,0
8301,'5460',930,,104348,1,,,0,300,,104349,1,,,0,305,,104347,1,,,0,300,,104346,1,,,0
8301,'5461',930,,104352,1,,,0,300,,104353,1,,,0,305,,104351,1,,,0,300,,104350,1,,,0
8301,'5462',930,,104356,1,,,0,300,,104357,1,,,0,305,,104355,1,,,0,300,,104354,1,,,0
8301,'5463',930,,105882,1,,,0,300,,105883,1,,,0,305,,105881,1,,,0,300,,105880,1,,,0
8500,'5456',630,,105884,1,,,0,87,,105884,49,4,,0,10,,105885,1,,,0,88,,105885,49,4,,0,112,,105886,1,,,0,89,,105886,49,4,,0,111,,105887,1,,,0,90,,105887,49,4,,0,110,,105888,1,,,0,90,,105888,49,4,,0,110,,105889,1,,,0,90,,105889,49,4,,0,110,,105890,1,,,0,87,,105890,49,4,,0,113,,105891,1,,,0,86,,105891,49,4,,0
8500,'5458',630,,105892,1,,,0,87,,105892,49,4,,0,10,,105893,1,,,0,88,,105893,49,4,,0,112,,105894,1,,,0,89,,105894,49,4,,0,111,,105895,1,,,0,90,,105895,49,4,,0,110,,105896,1,,,0,90,,105896,49,4,,0,110,,105897,1,,,0,90,,105897,49,4,,0,110,,105898,1,,,0,87,,105898,49,4,,0,113,,105899,1,,,0,86,,105899,49,4,,0
8500,'5459',835,,104371,1,,,0,87,,104371,49,4,,0,213,,104372,1,,,0,88,,104372,49,4,,0,217,,104373,1,,,0,89,,104373,49,4,,0,211,,104370,1,,,0,87,,104370,49,4,,0
8500,'5460',835,,104376,1,,,0,87,,104376,49,4,,0,213,,104377,1,,,0,88,,104377,49,4,,0,217,,104374,1,,,0,89,,104374,49,4,,0,211,,104375,1,,,0,87,,104375,49,4,,0
8500,'5461',835,,104380,1,,,0,87,,104380,49,4,,0,213,,104381,1,,,0,88,,104381,49,4,,0,217,,104378,1,,,0,89,,104378,49,4,,0,211,,104379,1,,,0,87,,104379,49,4,,0
8500,'5462',835,,104384,1,,,0,87,,104384,49,4,,0,213,,104385,1,,,0,88,,104385,49,4,,0,217,,104382,1,,,0,89,,104382,49,4,,0,211,,104383,1,,,0,87,,104383,49,4,,0
8500,'5463',835,,105902,1,,,0,87,,105902,49,4,,0,213,,105903,1,,,0,88,,105903,49,4,,0,217,,105900,1,,,0,89,,105900,49,4,,0,211,,105901,1,,,0,87,,105901,49,4,,0
8700,'5456',754,,104390,45,4,,0,202,,104391,45,4,,0,201,,104392,45,4,,0,246,,96653,38,4,,0,155,,96654,45,4,,0,199,,96655,45,4,,0
8700,'5458',754,,104394,45,4,,0,202,,104395,45,4,,0,201,,104396,45,4,,0,246,,96660,38,4,,0,155,,96661,45,4,,0,199,,96662,45,4,,0
8701,'5456',620,,104398,1,,,0,197,,104399,1,,,0,201,,104400,1,,,0,198,,104401,1,,,0,199,,96667,1,,,0,203,,96668,1,,,0
8701,'5458',620,,104402,1,,,0,197,,104403,1,,,0,201,,104404,1,,,0,198,,104405,1,,,0,199,,96673,1,,,0,203,,96674,1,,,0
8800,'5456',855,,105904,19,4,,0,201,,105905,19,4,,0,201,,105906,19,4,,0,201,,105907,19,4,,0,199,,105908,19,4,,0,245,,96680,19,4,,0
8800,'5458',855,,105909,19,4,,0,201,,105910,19,4,,0,201,,105911,19,4,,0,201,,105912,19,4,,0,199,,105913,19,4,,0,245,,96686,19,4,,0
8800,'5459',830,,104412,19,4,,0,99,,96696,19,4,,0,101,,96697,19,4,,0,100,,96698,19,4,,0,100,,96699,19,4,,0,99,,96700,19,4,,0,100,,96691,19,4,,0,100,,96692,19,4,,0,99,,96693,19,4,,0,100,,96694,19,4,,0,98,,96688,19,4,,0,99,,96689,19,4,,0,101,,96690,19,4,,0,100,,96687,19,4,,0
8800,'5460',830,,104417,19,4,,0,94,,96707,19,4,,0,101,,96708,19,4,,0,101,,96709,19,4,,0,101,,96710,19,4,,0,100,,96711,19,4,,0,99,,96702,19,4,,0,99,,104414,19,4,,0,100,,104415,19,4,,0,101,,104416,19,4,,0,101,,104419,19,4,,0,99,,104420,19,4,,0,99,,104413,19,4,,0,98,,104418,19,4,,0
8800,'5461',830,,104425,19,4,,0,94,,96721,19,4,,0,101,,96722,19,4,,0,101,,96723,19,4,,0,101,,96724,19,4,,0,100,,96725,19,4,,0,99,,96716,19,4,,0,99,,104422,19,4,,0,100,,104423,19,4,,0,101,,104424,19,4,,0,101,,104427,19,4,,0,99,,104428,19,4,,0,99,,104421,19,4,,0,98,,104426,19,4,,0
8800,'5462',830,,104433,19,4,,0,94,,96735,19,4,,0,101,,96736,19,4,,0,101,,96737,19,4,,0,101,,96738,19,4,,0,100,,96739,19,4,,0,99,,96730,19,4,,0,99,,104430,19,4,,0,100,,104431,19,4,,0,101,,104432,19,4,,0,101,,104435,19,4,,0,99,,104436,19,4,,0,99,,104429,19,4,,0,98,,104434,19,4,,0
8800,'5463',830,,105918,19,4,,0,94,,96749,19,4,,0,101,,96750,19,4,,0,101,,96751,19,4,,0,101,,96752,19,4,,0,100,,96753,19,4,,0,99,,96744,19,4,,0,99,,105915,19,4,,0,100,,105916,19,4,,0,101,,105917,19,4,,0,101,,105920,19,4,,0,99,,105921,19,4,,0,99,,105914,19,4,,0,98,,105919,19,4,,0
8801,'5456',710,,96757,1,,,0,200,,105922,1,,,0,199,,105923,1,,,0,199,,105924,1,,,0,200,,105925,1,,,0,207,,105926,1,,,0,103,,96763,1,,,0
8801,'5458',710,,96764,1,,,0,200,,105927,1,,,0,199,,105928,1,,,0,199,,105929,1,,,0,200,,105930,1,,,0,207,,105931,1,,,0,103,,96770,1,,,0
8801,'5459',744,,104451,1,,,0,99,,96782,1,,,0,99,,96783,1,,,0,100,,96784,1,,,0,98,,96775,1,,,0,100,,96776,1,,,0,100,,96778,1,,,0,100,,96779,1,,,0,102,,96777,1,,,0,100,,96780,1,,,0,98,,96772,1,,,0,100,,96773,1,,,0,102,,96774,1,,,0,100,,96771,1,,,0
8801,'5460',746,,104459,1,,,0,94,,96794,1,,,0,100,,96795,1,,,0,100,,96796,1,,,0,100,,96797,1,,,0,100,,96798,1,,,0,99,,96788,1,,,0,100,,104455,1,,,0,101,,104456,1,,,0,101,,104457,1,,,0,102,,104458,1,,,0,99,,104453,1,,,0,100,,104454,1,,,0,98,,104452,1,,,0
8801,'5461',746,,104467,1,,,0,94,,96808,1,,,0,100,,96809,1,,,0,100,,96810,1,,,0,100,,96811,1,,,0,100,,96812,1,,,0,99,,96802,1,,,0,100,,104463,1,,,0,101,,104464,1,,,0,101,,104465,1,,,0,102,,104466,1,,,0,99,,104461,1,,,0,100,,104462,1,,,0,98,,104460,1,,,0
8801,'5462',746,,104475,1,,,0,94,,96822,1,,,0,100,,96823,1,,,0,100,,96824,1,,,0,100,,96825,1,,,0,100,,96826,1,,,0,99,,96816,1,,,0,100,,104471,1,,,0,101,,104472,1,,,0,101,,104473,1,,,0,102,,104474,1,,,0,99,,104469,1,,,0,100,,104470,1,,,0,98,,104468,1,,,0
8801,'5463',746,,105939,1,,,0,94,,96836,1,,,0,100,,96837,1,,,0,100,,96838,1,,,0,100,,96839,1,,,0,100,,96840,1,,,0,99,,96830,1,,,0,100,,105935,1,,,0,101,,105936,1,,,0,101,,105937,1,,,0,102,,105938,1,,,0,99,,105933,1,,,0,100,,105934,1,,,0,98,,105932,1,,,0
1008800,'5456',635,,98282,10,4,,0,186,,105943,10,4,,0,96,,105941,10,4,,0,100,,105940,10,4,,0,100,,105942,10,4,,0,100,,105945,10,4,,0,100,,105944,10,4,,0,100,,105946,10,4,,0,100,,105947,10,4,,0,100,,105948,10,4,,0,99,,105949,10,4,,0,107,,105950,10,4,,0,98,,105951,10,4,,0,29,,98296,10,4,,0,70,,98295,10,4,,0,31,,105953,10,4,,0,70,,105952,10,4,,0
1008800,'5458',635,,98299,10,4,,0,186,,105957,10,4,,0,96,,105955,10,4,,0,100,,105954,10,4,,0,100,,105956,10,4,,0,100,,105959,10,4,,0,100,,105958,10,4,,0,100,,105960,10,4,,0,100,,105961,10,4,,0,100,,105962,10,4,,0,99,,105963,10,4,,0,107,,105964,10,4,,0,98,,105965,10,4,,0,29,,98313,10,4,,0,70,,98312,10,4,,0,31,,105967,10,4,,0,70,,105966,10,4,,0
1008801,'5456',642,,98316,1,,,0,106,,105971,1,,,0,96,,105970,1,,,0,100,,105968,1,,,0,99,,105969,1,,,0,99,,105972,1,,,0,100,,105973,1,,,0,100,,105974,1,,,0,100,,105975,1,,,0,100,,105976,1,,,0,100,,105977,1,,,0,109,,105978,1,,,0,99,,105979,1,,,0,71,,98329,1,,,0,101,,105980,1,,,0
1008801,'5458',642,,98331,1,,,0,106,,105984,1,,,0,96,,105983,1,,,0,100,,105981,1,,,0,99,,105982,1,,,0,99,,105985,1,,,0,100,,105986,1,,,0,100,,105987,1,,,0,100,,105988,1,,,0,100,,105989,1,,,0,100,,105990,1,,,0,109,,105991,1,,,0,99,,105992,1,,,0,71,,98344,1,,,0,101,,105993,1,,,0
