2601,'5456',553,,89748,2,,,0,61,,89749,2,,,0,17,,101124,2,,,0,16,,89751,2,,,0,54,,89752,2,,,0,15,,101125,2,,,0,15,,101126,2,,,0,15,,89755,2,,,0,55,,89756,2,,,0,12,,101127,2,,,0,12,,89758,2,,,0,15,,89759,2,,,0,15,,101128,2,,,0,55,,101129,2,,,0,15,,101130,2,,,0,15,,89763,2,,,0,15,,89764,2,,,0,55,,89765,2,,,0,15,,101131,2,,,0,15,,101132,2,,,0,15,,101133,2,,,0,55,,89769,2,,,0,13,,101134,2,,,0,14,,89771,2,,,0,15,,89772,2,,,0,56,,89773,2,,,0,14,,89774,2,,,0,15,,89775,2,,,0,15,,101135,2,,,0,55,,89777,2,,,0,14,,89778,2,,,0,12,,89779,2,,,0,13,,89780,2,,,0,12,,101136,2,,,0,54,,89782,2,,,0,14,,89783,2,,,0,9,,89784,2,,,0,15,,89785,2,,,0,55,,101137,2,,,0,16,,89787,2,,,0,15,,101138,2,,,0,17,,101139,2,,,0,57,,89790,2,,,0,17,,101140,2,,,0,18,,89792,2,,,0,57,,89793,2,,,0,17,,89794,2,,,0,15,,89795,2,,,0,17,,101141,2,,,0,57,,101142,2,,,0,13,,101143,2,,,0,15,,89799,2,,,0,15,,89800,2,,,0,56,,101144,2,,,0,16,,89802,2,,,0,20,,101145,2,,,0,60,,101146,2,,,0,20,,89805,2,,,0,19,,89806,2,,,0,60,,89807,2,,,0,20,,89808,2,,,0,30,,101147,2,,,0,71,,89810,2,,,0,32,,89811,2,,,0,71,,101148,2,,,0,30,,89813,2,,,0,71,,89814,2,,,0
2601,'5458',553,,89815,2,,,0,61,,89816,2,,,0,17,,101149,2,,,0,16,,89818,2,,,0,54,,89819,2,,,0,15,,101150,2,,,0,15,,101151,2,,,0,15,,89822,2,,,0,55,,89823,2,,,0,12,,101152,2,,,0,12,,89825,2,,,0,15,,89826,2,,,0,15,,101153,2,,,0,55,,101154,2,,,0,15,,101155,2,,,0,15,,89830,2,,,0,15,,89831,2,,,0,55,,89832,2,,,0,15,,101156,2,,,0,15,,101157,2,,,0,15,,101158,2,,,0,55,,89836,2,,,0,13,,101159,2,,,0,14,,89838,2,,,0,15,,89839,2,,,0,56,,89840,2,,,0,14,,89841,2,,,0,15,,89842,2,,,0,15,,101160,2,,,0,55,,89844,2,,,0,14,,89845,2,,,0,12,,89846,2,,,0,13,,89847,2,,,0,12,,101161,2,,,0,54,,89849,2,,,0,14,,89850,2,,,0,9,,89851,2,,,0,15,,89852,2,,,0,55,,101162,2,,,0,16,,89854,2,,,0,15,,101163,2,,,0,17,,101164,2,,,0,57,,89857,2,,,0,17,,101165,2,,,0,18,,89859,2,,,0,57,,89860,2,,,0,17,,89861,2,,,0,15,,89862,2,,,0,17,,101166,2,,,0,57,,101167,2,,,0,13,,101168,2,,,0,15,,89866,2,,,0,15,,89867,2,,,0,56,,101169,2,,,0,16,,89869,2,,,0,20,,101170,2,,,0,60,,101171,2,,,0,20,,89872,2,,,0,19,,89873,2,,,0,60,,89874,2,,,0,20,,89875,2,,,0,30,,101172,2,,,0,71,,89877,2,,,0,32,,89878,2,,,0,71,,101173,2,,,0,30,,89880,2,,,0,71,,89881,2,,,0,30,,101174,2,,,0
2601,'5459',619,,89884,2,,,0,30,,89885,2,,,0,65,,101176,2,,,0,17,,89887,2,,,0,17,,89888,2,,,0,57,,89889,2,,,0,17,,89890,2,,,0,17,,101177,2,,,0,17,,89892,2,,,0,57,,101178,2,,,0,17,,89894,2,,,0,16,,89895,2,,,0,57,,89896,2,,,0,17,,89897,2,,,0,17,,89898,2,,,0,17,,101179,2,,,0,57,,89900,2,,,0,17,,101175,2,,,0,17,,101180,2,,,0,57,,89902,2,,,0,17,,89903,2,,,0,17,,89904,2,,,0,16,,101181,2,,,0,57,,89906,2,,,0,17,,89907,2,,,0,17,,101182,2,,,0,16,,101183,2,,,0,57,,89910,2,,,0,17,,89911,2,,,0,16,,101184,2,,,0,56,,89913,2,,,0,16,,89914,2,,,0,16,,89915,2,,,0,17,,101185,2,,,0,57,,89917,2,,,0,17,,89918,2,,,0,18,,101186,2,,,0,57,,101187,2,,,0,18,,89921,2,,,0,20,,101188,2,,,0,60,,89923,2,,,0,20,,89924,2,,,0,21,,101189,2,,,0,60,,89926,2,,,0,20,,101190,2,,,0,19,,89928,2,,,0,60,,89929,2,,,0,20,,101191,2,,,0,20,,89931,2,,,0,60,,101192,2,,,0,20,,89933,2,,,0,20,,89934,2,,,0,60,,101193,2,,,0,22,,89936,2,,,0,31,,101194,2,,,0,70,,89938,2,,,0,32,,89939,2,,,0,70,,101195,2,,,0,30,,89941,2,,,0
2601,'5460',640,,101199,2,,,0,62,,101197,2,,,0,22,,89942,2,,,0,22,,89961,2,,,0,60,,101200,2,,,0,25,,101196,2,,,0,20,,89944,2,,,0,60,,89962,2,,,0,22,,101198,2,,,0,18,,89945,2,,,0,58,,89949,2,,,0,18,,89943,2,,,0,18,,89963,2,,,0,58,,89947,2,,,0,18,,101202,2,,,0,18,,89946,2,,,0,18,,89950,2,,,0,58,,89948,2,,,0,18,,89959,2,,,0,18,,89956,2,,,0,58,,101203,2,,,0,18,,89953,2,,,0,18,,89964,2,,,0,58,,89957,2,,,0,18,,89960,2,,,0,18,,89958,2,,,0,18,,101201,2,,,0,58,,89954,2,,,0,18,,89978,2,,,0,18,,89973,2,,,0,58,,89977,2,,,0,17,,89971,2,,,0,18,,101204,2,,,0,57,,89970,2,,,0,20,,89976,2,,,0,20,,89974,2,,,0,60,,89975,2,,,0,20,,89979,2,,,0,20,,89972,2,,,0,60,,89982,2,,,0,20,,89988,2,,,0,20,,89984,2,,,0,60,,89987,2,,,0,20,,89983,2,,,0,20,,89981,2,,,0,60,,89985,2,,,0,23,,101205,2,,,0,30,,89989,2,,,0,70,,89990,2,,,0,31,,101206,2,,,0,71,,89992,2,,,0
2601,'5461',640,,90016,2,,,0,62,,90003,2,,,0,22,,89993,2,,,0,22,,90012,2,,,0,60,,90017,2,,,0,25,,90002,2,,,0,20,,89995,2,,,0,60,,90013,2,,,0,22,,90006,2,,,0,18,,101207,2,,,0,58,,90000,2,,,0,18,,89994,2,,,0,18,,90014,2,,,0,58,,89998,2,,,0,18,,90019,2,,,0,18,,101208,2,,,0,18,,101209,2,,,0,58,,89999,2,,,0,18,,90010,2,,,0,18,,90007,2,,,0,58,,90020,2,,,0,18,,101210,2,,,0,18,,101213,2,,,0,58,,101212,2,,,0,18,,90011,2,,,0,18,,90009,2,,,0,18,,90018,2,,,0,58,,101211,2,,,0,18,,90029,2,,,0,18,,101216,2,,,0,58,,90028,2,,,0,17,,90022,2,,,0,18,,90031,2,,,0,57,,101214,2,,,0,20,,90027,2,,,0,20,,101217,2,,,0,60,,101218,2,,,0,20,,101219,2,,,0,20,,101215,2,,,0,60,,101221,2,,,0,20,,90039,2,,,0,20,,101223,2,,,0,60,,101224,2,,,0,20,,101222,2,,,0,20,,101220,2,,,0,60,,90036,2,,,0,23,,90037,2,,,0,30,,101225,2,,,0,70,,101226,2,,,0,31,,101227,2,,,0,71,,101228,2,,,0
2601,'5462',640,,90067,2,,,0,62,,90054,2,,,0,22,,90044,2,,,0,22,,90063,2,,,0,60,,90068,2,,,0,25,,90053,2,,,0,20,,90046,2,,,0,60,,90064,2,,,0,22,,90057,2,,,0,18,,101229,2,,,0,58,,90051,2,,,0,18,,90045,2,,,0,18,,90065,2,,,0,58,,90049,2,,,0,18,,90070,2,,,0,18,,101230,2,,,0,18,,101231,2,,,0,58,,90050,2,,,0,18,,90061,2,,,0,18,,90058,2,,,0,58,,90071,2,,,0,18,,101232,2,,,0,18,,101235,2,,,0,58,,101234,2,,,0,18,,90062,2,,,0,18,,90060,2,,,0,18,,90069,2,,,0,58,,101233,2,,,0,18,,90080,2,,,0,18,,101238,2,,,0,58,,90079,2,,,0,17,,90073,2,,,0,18,,90082,2,,,0,57,,101236,2,,,0,20,,90078,2,,,0,20,,101239,2,,,0,60,,101240,2,,,0,20,,101241,2,,,0,20,,101237,2,,,0,60,,101243,2,,,0,20,,90090,2,,,0,20,,101245,2,,,0,60,,101246,2,,,0,20,,101244,2,,,0,20,,101242,2,,,0,60,,90087,2,,,0,23,,90088,2,,,0,30,,101247,2,,,0,70,,101248,2,,,0,31,,101249,2,,,0,71,,101250,2,,,0
2601,'5463',640,,90118,2,,,0,62,,90105,2,,,0,22,,90095,2,,,0,22,,90114,2,,,0,60,,90119,2,,,0,25,,90104,2,,,0,20,,90097,2,,,0,60,,90115,2,,,0,22,,90108,2,,,0,18,,101251,2,,,0,58,,90102,2,,,0,18,,90096,2,,,0,18,,90116,2,,,0,58,,90100,2,,,0,18,,90121,2,,,0,18,,101252,2,,,0,18,,101253,2,,,0,58,,90101,2,,,0,18,,90112,2,,,0,18,,90109,2,,,0,58,,90122,2,,,0,18,,101254,2,,,0,18,,101257,2,,,0,58,,101256,2,,,0,18,,90113,2,,,0,18,,90111,2,,,0,18,,90120,2,,,0,58,,101255,2,,,0,18,,90131,2,,,0,18,,101260,2,,,0,58,,90130,2,,,0,17,,90124,2,,,0,18,,90133,2,,,0,57,,101258,2,,,0,20,,90129,2,,,0,20,,101261,2,,,0,60,,101262,2,,,0,20,,101263,2,,,0,20,,101259,2,,,0,60,,101265,2,,,0,20,,90141,2,,,0,20,,101267,2,,,0,60,,101268,2,,,0,20,,101266,2,,,0,20,,101264,2,,,0,60,,90138,2,,,0,23,,90139,2,,,0,30,,101269,2,,,0,70,,101270,2,,,0,31,,101271,2,,,0,71,,101272,2,,,0
3901,'5456',608,,92716,2,,,0,32,,92707,2,,,0,74,,92717,2,,,0,13,,92708,2,,,0,12,,92700,2,,,0,13,,102503,2,,,0,55,,92699,2,,,0,15,,92710,2,,,0,24,,92709,2,,,0,68,,92687,2,,,0,30,,92701,2,,,0,70,,92711,2,,,0,30,,92692,2,,,0,70,,102501,2,,,0,30,,92693,2,,,0,70,,92712,2,,,0,30,,92694,2,,,0,70,,102502,2,,,0,30,,92695,2,,,0,70,,92713,2,,,0,18,,92685,2,,,0,16,,92679,2,,,0,56,,102504,2,,,0,8,,92678,2,0,28 29 14,0,8,,92689,2,,,0,18,,92714,2,,,0,15,,102499,2,,,0,55,,92683,2,,,0,16,,92680,2,,,0,15,,102505,2,,,0,16,,92697,2,,,0,57,,102509,2,,,0,18,,92684,2,,,0,20,,92681,2,,,0,60,,92702,2,,,0,20,,92691,2,,,0,20,,92706,2,,,0,60,,102500,2,,,0,22,,102506,2,,,0,108,,102508,2,,,0,107,,102507,2,0,28 29 14,0
3901,'5458',608,,92757,2,,,0,32,,92748,2,,,0,74,,92758,2,,,0,13,,92749,2,,,0,12,,92741,2,,,0,13,,102514,2,,,0,55,,92740,2,,,0,15,,92751,2,,,0,24,,92750,2,,,0,68,,92728,2,,,0,30,,92742,2,,,0,70,,92752,2,,,0,30,,92733,2,,,0,70,,102512,2,,,0,30,,92734,2,,,0,70,,92753,2,,,0,30,,92735,2,,,0,70,,102513,2,,,0,30,,92736,2,,,0,70,,102520,2,,,0,18,,92726,2,,,0,16,,92720,2,,,0,56,,102515,2,,,0,8,,92719,2,0,28 29 14,0,8,,92730,2,,,0,18,,102521,2,,,0,15,,102510,2,,,0,55,,92724,2,,,0,16,,92721,2,,,0,15,,102516,2,,,0,16,,92738,2,,,0,57,,102522,2,,,0,18,,92725,2,,,0,20,,92722,2,,,0,60,,92743,2,,,0,20,,92732,2,,,0,20,,92747,2,,,0,60,,102511,2,,,0,22,,102517,2,,,0,108,,102519,2,,,0,107,,102518,2,0,28 29 14,0
3901,'5459',737,,92761,2,0,28 29 14,0,100,,102524,2,0,28 29 14,0,100,,92769,2,0,28 29 14,0,99,,92759,2,0,28 29 14,0,99,,92762,2,0,28 29 14,0,100,,92765,2,0,28 29 14,0,100,,92770,2,0,28 29 14,0,100,,92760,2,0,28 29 14,0,100,,102523,2,0,28 29 14,0,100,,92766,2,0,28 29 14,0,102,,92771,2,0,28 29 14,0,100,,102525,2,0,28 29 14,0,100,,92768,2,0,28 29 14,0
3901,'5460',738,,102527,2,0,28 29 14,0,99,,102526,2,0,28 29 14,0,99,,92772,2,0,28 29 14,0,100,,92775,2,0,28 29 14,0,100,,92776,2,0,28 29 14,0,100,,92777,2,0,28 29 14,0,99,,92780,2,0,28 29 14,0,100,,92781,2,0,28 29 14,0,100,,102528,2,0,28 29 14,0,100,,92778,2,0,28 29 14,0,100,,102529,2,0,28 29 14,0,102,,102530,2,0,28 29 14,0,100,,92784,2,0,28 29 14,0
3901,'5461',738,,92787,2,0,28 29 14,0,99,,92786,2,0,28 29 14,0,99,,92785,2,0,28 29 14,0,100,,102531,2,0,28 29 14,0,100,,92789,2,0,28 29 14,0,100,,92790,2,0,28 29 14,0,99,,92793,2,0,28 29 14,0,100,,92794,2,0,28 29 14,0,100,,92792,2,0,28 29 14,0,100,,102532,2,0,28 29 14,0,100,,102533,2,0,28 29 14,0,102,,102534,2,0,28 29 14,0,100,,92797,2,0,28 29 14,0
3901,'5462',738,,92800,2,0,28 29 14,0,99,,92799,2,0,28 29 14,0,99,,92798,2,0,28 29 14,0,100,,102535,2,0,28 29 14,0,100,,92802,2,0,28 29 14,0,100,,92803,2,0,28 29 14,0,99,,92806,2,0,28 29 14,0,100,,92807,2,0,28 29 14,0,100,,92805,2,0,28 29 14,0,100,,102536,2,0,28 29 14,0,100,,102537,2,0,28 29 14,0,102,,102538,2,0,28 29 14,0,100,,92810,2,0,28 29 14,0
3901,'5463',738,,92813,2,0,28 29 14,0,99,,92812,2,0,28 29 14,0,99,,92811,2,0,28 29 14,0,100,,102539,2,0,28 29 14,0,100,,92815,2,0,28 29 14,0,100,,92816,2,0,28 29 14,0,99,,92819,2,0,28 29 14,0,100,,92820,2,0,28 29 14,0,100,,92818,2,0,28 29 14,0,100,,102540,2,0,28 29 14,0,100,,102541,2,0,28 29 14,0,102,,102542,2,0,28 29 14,0,100,,92823,2,0,28 29 14,0
4001,'5456',555,,102606,2,,,0,93,,92940,2,,,0,67,,102605,2,,,0,91,,92939,2,,,0,100,,92935,2,,,0,98,,92933,2,,,0,100,,102604,2,,,0,101,,102598,2,,,0,100,,102601,2,,,0,100,,92927,2,,,0,105,,102603,2,,,0,37,,102597,2,,,0,76,,92926,2,,,0,34,,102596,2,,,0,74,,102602,2,,,0,85,,102599,2,,,0,95,,102600,2,,,0,100,,92929,2,,,0,125,,92931,2,,,0
4001,'5458',555,,102617,2,,,0,93,,92959,2,,,0,67,,102616,2,,,0,91,,92958,2,,,0,100,,92954,2,,,0,98,,92952,2,,,0,100,,102615,2,,,0,101,,102609,2,,,0,100,,102612,2,,,0,100,,92946,2,,,0,105,,102614,2,,,0,37,,102608,2,,,0,76,,92945,2,,,0,34,,102607,2,,,0,74,,102613,2,,,0,85,,102610,2,,,0,95,,102611,2,,,0,100,,92948,2,,,0,125,,92950,2,,,0
4001,'5459',626,,92971,2,,,0,125,,92974,2,,,0,100,,92962,2,,,0,100,,92964,2,,,0,100,,92970,2,,,0,100,,92972,2,,,0,100,,102618,2,,,0,100,,102619,2,,,0,100,,102621,2,,,0,100,,102622,2,,,0,100,,102620,2,,,0,100,,92967,2,,,0,100,,92969,2,,,0,100,,102623,2,,,0,170,,102624,2,,,0
4001,'5460',721,,92978,2,,,0,130,,92977,2,,,0,100,,92979,2,,,0,100,,92980,2,,,0,100,,92982,2,,,0,100,,92981,2,,,0,100,,102628,2,,,0,100,,102626,2,,,0,100,,102627,2,,,0,100,,102625,2,,,0,100,,92988,2,,,0,100,,92987,2,,,0,100,,92989,2,,,0
4001,'5461',721,,102629,2,,,0,130,,92990,2,,,0,100,,102630,2,,,0,100,,92993,2,,,0,100,,92995,2,,,0,100,,92994,2,,,0,100,,102634,2,,,0,100,,102632,2,,,0,100,,102633,2,,,0,100,,102631,2,,,0,100,,93001,2,,,0,100,,93000,2,,,0,100,,102635,2,,,0
4001,'5462',721,,102636,2,,,0,130,,93003,2,,,0,100,,102637,2,,,0,100,,93006,2,,,0,100,,93008,2,,,0,100,,93007,2,,,0,100,,102641,2,,,0,100,,102639,2,,,0,100,,102640,2,,,0,100,,102638,2,,,0,100,,93014,2,,,0,100,,93013,2,,,0,100,,102642,2,,,0
4001,'5463',721,,102643,2,,,0,130,,93016,2,,,0,100,,102644,2,,,0,100,,93019,2,,,0,100,,93021,2,,,0,100,,93020,2,,,0,100,,102648,2,,,0,100,,102646,2,,,0,100,,102647,2,,,0,100,,102645,2,,,0,100,,93027,2,,,0,100,,93026,2,,,0,100,,102649,2,,,0
1002601,'5456',1421,,98226,2,,,0,11,,98227,2,,,0,14,,98228,2,,,0,12,,98229,2,,,0,58,,98231,2,,,0,12,,98232,2,,,0,14,,98233,2,,,0,58,,98234,2,,,0,18,,98235,2,,,0,18,,98225,2,,,0,16,,98236,2,,,0,59,,98237,2,,,0,15,,98238,2,,,0,17,,98239,2,,,0,14,,105683,2,,,0
1002601,'5458',1421,,98243,2,,,0,11,,98244,2,,,0,14,,98245,2,,,0,12,,98246,2,,,0,58,,98247,2,,,0,12,,98248,2,,,0,14,,98249,2,,,0,58,,98250,2,,,0,18,,98251,2,,,0,18,,98241,2,,,0,16,,98252,2,,,0,59,,98253,2,,,0,15,,98254,2,,,0,17,,98255,2,,,0,14,,105684,2,,,0
