4700,'5456',618,,93089,12,,,0,21,,93087,12,,,0,63,,102670,12,,,0
4700,'5458',618,,93092,12,,,0,21,,93090,12,,,0,63,,102671,12,,,0
4701,'5456',1715,,93093,46,,,0,26,,93094,46,,,0,68,,93095,46,,,0
4701,'5458',1715,,93096,46,,,0,26,,93097,46,,,0,68,,93098,46,,,0
5800,'5456',624,,94235,4,,,0,31,,94234,4,,,0,79,,94229,4,,,0,79,,94228,4,,,0,25,,94236,4,,,0,72,,94226,4,,,0,43,,94227,4,,,0,86,,103239,4,,,0,85,,94231,4,,,0,85,,103240,4,,,0,45,,94233,4,,,0,87,,94237,4,,,0,86,,94238,4,,,0,20,,94247,4,,,0,64,,94239,4,,,0,16,,94248,4,,,0,27,,94240,4,,,0,91,,94241,4,,,0,88,,94242,4,,,0,85,,94243,4,,,0,85,,94249,4,,,0,145,,94244,4,,,0,110,,103241,4,,,0,149,,94246,4,,,0
5800,'5458',624,,94259,4,,,0,31,,94258,4,,,0,79,,94253,4,,,0,79,,94252,4,,,0,25,,94260,4,,,0,72,,94250,4,,,0,43,,94251,4,,,0,86,,103242,4,,,0,85,,94255,4,,,0,85,,103243,4,,,0,45,,94257,4,,,0,87,,94261,4,,,0,86,,94262,4,,,0,20,,94271,4,,,0,64,,94263,4,,,0,16,,94272,4,,,0,27,,94264,4,,,0,91,,94265,4,,,0,88,,94266,4,,,0,85,,94267,4,,,0,85,,94273,4,,,0,145,,94268,4,,,0,110,,103244,4,,,0,149,,94270,4,,,0
5800,'5459',657,,94286,4,,,0,100,,94287,4,,,0,101,,94288,4,,,0,146,,94289,4,,,0,105,,94284,4,,,0,105,,94285,4,,,0,100,,94283,4,,,0,111,,94281,4,,,0,100,,94282,4,,,0,110,,94280,4,,,0,99,,94275,4,,,0,104,,94276,4,,,0,100,,94277,4,,,0,105,,94278,4,,,0,114,,94279,4,,,0,150,,94274,4,,,0
5800,'5460',756,,103245,4,,,0,102,,94294,4,,,0,145,,103246,4,,,0,106,,103247,4,,,0,105,,94293,4,,,0,100,,103248,4,,,0,111,,94292,4,,,0,100,,94297,4,,,0,109,,94298,4,,,0,100,,94300,4,,,0,103,,94299,4,,,0,100,,94301,4,,,0,105,,94302,4,,,0,199,,94303,4,,,0
5800,'5461',756,,94304,4,,,0,102,,94308,4,,,0,145,,103249,4,,,0,106,,103250,4,,,0,105,,94307,4,,,0,100,,94310,4,,,0,111,,94306,4,,,0,100,,103251,4,,,0,109,,94312,4,,,0,100,,94314,4,,,0,103,,94313,4,,,0,100,,94315,4,,,0,105,,103252,4,,,0,199,,94317,4,,,0
5800,'5462',756,,94318,4,,,0,102,,94322,4,,,0,145,,103253,4,,,0,106,,103254,4,,,0,105,,94321,4,,,0,100,,94324,4,,,0,111,,94320,4,,,0,100,,103255,4,,,0,109,,94326,4,,,0,100,,94328,4,,,0,103,,94327,4,,,0,100,,94329,4,,,0,105,,103256,4,,,0,199,,94331,4,,,0
5800,'5463',756,,94332,4,,,0,102,,94336,4,,,0,145,,103257,4,,,0,106,,103258,4,,,0,105,,94335,4,,,0,100,,94338,4,,,0,111,,94334,4,,,0,100,,103259,4,,,0,109,,94340,4,,,0,100,,94342,4,,,0,103,,94341,4,,,0,100,,94343,4,,,0,105,,103260,4,,,0,199,,94345,4,,,0
