4801,'5456',1704,,93107,32,,,0,27,,93106,32,,,0,27,,93105,32,,,0
4801,'5458',1704,,93110,32,,,0,27,,93109,32,,,0,27,,93108,32,,,0
5201,'5456',507,,93444,14,,,0,35,,93443,14,,,0,78,,93446,14,,,0,37,,93445,14,,,0,65,,93454,14,,,0,28,,93447,15,,,0,72,,93471,15,,,0,21,,93474,15,0,28 37 14,0,4,,93448,14,,,0,75,,93449,15,,,0,35,,93450,14,,,0,69,,93472,14,,,0,30,,93452,14,,,0,68,,93451,14,,,0,35,,93453,14,,,0,74,,93470,14,,,0,70,,93456,14,,,0,30,,93455,14,,,0,70,,93476,14,,,0,29,,93457,15,,,0,20,,93480,14,0,38 3 39 49,0,50,,93469,15,,,0,26,,93458,15,,,0,74,,93459,15,,,0,38,,93477,15,,,0,64,,93460,15,,,0,25,,93468,15,,,0,22,,93461,14,,,0,70,,93462,14,,,0,29,,93478,14,,,0,70,,93463,14,,,0,33,,93464,14,,,0,69,,93466,14,,,0,28,,93479,14,,,0,67,,93465,14,0,38 3 39 49,0,35,,93467,14,,,0,98,,93475,14,,,0,99,,93473,14,,,0
5201,'5458',507,,93484,14,,,0,35,,93483,14,,,0,78,,93486,14,,,0,37,,93485,14,,,0,65,,93494,14,,,0,28,,93487,15,,,0,72,,93511,15,,,0,21,,93514,15,0,28 37 14,0,4,,93488,14,,,0,75,,93489,15,,,0,35,,93490,14,,,0,69,,93512,14,,,0,30,,93492,14,,,0,68,,93491,14,,,0,35,,93493,14,,,0,74,,93510,14,,,0,70,,93496,14,,,0,30,,93495,14,,,0,70,,93516,14,,,0,29,,93497,15,,,0,20,,93521,14,0,38 3 39 49,0,50,,93509,15,,,0,26,,93498,15,,,0,74,,93499,15,,,0,38,,93517,15,,,0,64,,93500,15,,,0,25,,93508,15,,,0,22,,93501,14,,,0,70,,93502,14,,,0,29,,93518,14,,,0,70,,93503,14,,,0,33,,93504,14,,,0,69,,93506,14,,,0,28,,93519,14,,,0,67,,93505,14,0,38 3 39 49,0,35,,93507,14,,,0,98,,93515,14,,,0,99,,93513,14,,,0
5201,'5459',648,,93532,14,,,0,71,,93542,14,,,0,30,,93540,14,,,0,71,,93523,14,,,0,30,,93530,14,,,0,70,,93549,14,,,0,30,,93527,14,,,0,70,,93524,14,,,0,30,,93531,14,,,0,70,,93550,14,,,0,30,,93528,14,,,0,71,,93525,14,,,0,35,,93534,14,,,0,70,,93552,14,,,0,75,,93529,14,,,0,35,,93539,14,,,0,75,,93533,14,,,0,30,,93551,14,,,0,70,,93526,14,,,0,30,,93537,14,,,0,65,,93545,14,,,0,25,,93536,14,,,0,24,,93541,14,,,0,65,,93538,14,,,0,30,,93535,14,,,0,70,,93548,14,,,0,32,,93543,14,,,0,70,,93547,14,,,0,30,,93544,14,,,0,65,,93546,14,0,38 3 39 49,0,30,,93553,14,,,0,103,,93554,14,,,0,100,,93555,14,,,0
5201,'5460',719,,93561,14,,,0,30,,93577,14,,,0,70,,93569,14,,,0,31,,93557,14,,,0,70,,93564,14,,,0,30,,93571,14,,,0,70,,93566,14,,,0,30,,93558,14,,,0,70,,93563,14,,,0,30,,93572,14,,,0,70,,93568,14,,,0,35,,93556,14,,,0,70,,93562,14,,,0,75,,93575,14,,,0,35,,93567,14,,,0,75,,93582,14,,,0,30,,93560,14,,,0,70,,93574,14,,,0,30,,93565,14,,,0,70,,93570,14,,,0,30,,93559,14,,,0,70,,93573,14,,,0,40,,93576,14,,,0,100,,93578,14,,,0,100,,93579,14,,,0,100,,93580,14,,,0,100,,93581,14,,,0
5201,'5461',719,,93588,14,,,0,30,,93604,14,,,0,70,,93596,14,,,0,31,,93584,14,,,0,70,,93591,14,,,0,30,,93598,14,,,0,70,,93593,14,,,0,30,,93585,14,,,0,70,,93590,14,,,0,30,,93599,14,,,0,70,,93595,14,,,0,35,,93583,14,,,0,70,,93589,14,,,0,75,,93602,14,,,0,35,,93594,14,,,0,75,,93609,14,,,0,30,,93587,14,,,0,70,,93601,14,,,0,30,,93592,14,,,0,70,,93597,14,,,0,30,,93586,14,,,0,70,,93600,14,,,0,40,,93603,14,,,0,100,,93605,14,,,0,100,,93606,14,,,0,100,,93607,14,,,0,100,,93608,14,,,0
5201,'5462',719,,93615,14,,,0,30,,93631,14,,,0,70,,93623,14,,,0,31,,93611,14,,,0,70,,93618,14,,,0,30,,93625,14,,,0,70,,93620,14,,,0,30,,93612,14,,,0,70,,93617,14,,,0,30,,93626,14,,,0,70,,93622,14,,,0,35,,93610,14,,,0,70,,93616,14,,,0,75,,93629,14,,,0,35,,93621,14,,,0,75,,93636,14,,,0,30,,93614,14,,,0,70,,93628,14,,,0,30,,93619,14,,,0,70,,93624,14,,,0,30,,93613,14,,,0,70,,93627,14,,,0,40,,93630,14,,,0,100,,93632,14,,,0,100,,93633,14,,,0,100,,93634,14,,,0,100,,93635,14,,,0
5201,'5463',719,,93642,14,,,0,30,,93658,14,,,0,70,,93650,14,,,0,31,,93638,14,,,0,70,,93645,14,,,0,30,,93652,14,,,0,70,,93647,14,,,0,30,,93639,14,,,0,70,,93644,14,,,0,30,,93653,14,,,0,70,,93649,14,,,0,35,,93637,14,,,0,70,,93643,14,,,0,75,,93656,14,,,0,35,,93648,14,,,0,75,,93663,14,,,0,30,,93641,14,,,0,70,,93655,14,,,0,30,,93646,14,,,0,70,,93651,14,,,0,30,,93640,14,,,0,70,,93654,14,,,0,40,,93657,14,,,0,100,,93659,14,,,0,100,,93660,14,,,0,100,,93661,14,,,0,100,,93662,14,,,0
6000,'5456',647,,94679,15,,,0,73,,94672,15,,,0,31,,94675,15,,,0,106,,94680,15,,,0,101,,94682,15,,,0,101,,94681,15,,,0,97,,94673,15,,,0,103,,94674,15,,,0,142,,94676,15,,,0,110,,94677,15,,,0,31,,94686,16,,,0,72,,94684,15,,,0,40,,94687,15,,,0,82,,94678,15,,,0,82,,94688,15,,,0,41,,94685,15,,,0,143,,94689,15,,,0,104,,94690,15,,,0,114,,94683,15,,,0
6000,'5458',647,,94698,15,,,0,73,,94691,15,,,0,31,,94694,15,,,0,106,,94699,15,,,0,101,,94701,15,,,0,101,,94700,15,,,0,97,,94692,15,,,0,103,,94693,15,,,0,142,,94695,15,,,0,43,,94703,16,,,0,67,,94696,15,,,0,103,,94704,15,,,0,40,,94706,15,,,0,82,,94697,15,,,0,82,,94707,15,,,0,41,,94705,15,,,0,143,,94708,15,,,0,104,,94709,15,,,0,114,,94702,15,,,0
6000,'5459',720,,94722,15,,,0,100,,94723,15,,,0,101,,94721,15,,,0,101,,94720,15,,,0,106,,94719,15,,,0,105,,94718,15,,,0,105,,94717,15,,,0,106,,94716,15,,,0,106,,94714,15,,,0,102,,94715,15,,,0,103,,94710,15,,,0,104,,94711,15,,,0,145,,94712,15,,,0,120,,94713,15,,,0
6000,'5460',821,,94724,15,,,0,101,,94725,15,,,0,101,,94727,15,,,0,106,,94726,15,,,0,105,,94731,15,,,0,105,,94730,15,,,0,105,,94729,15,,,0,105,,94728,15,,,0,102,,94734,15,,,0,103,,94735,15,,,0,104,,94736,15,,,0,145,,94733,15,,,0,120,,94732,15,,,0
6000,'5461',821,,94737,15,,,0,101,,94738,15,,,0,101,,94740,15,,,0,106,,94739,15,,,0,105,,94744,15,,,0,105,,94743,15,,,0,105,,94742,15,,,0,105,,94741,15,,,0,102,,94747,15,,,0,103,,94748,15,,,0,104,,94749,15,,,0,145,,94746,15,,,0,120,,94745,15,,,0
6000,'5462',821,,94750,15,,,0,101,,94751,15,,,0,101,,94753,15,,,0,106,,94752,15,,,0,105,,94757,15,,,0,105,,94756,15,,,0,105,,94755,15,,,0,105,,94754,15,,,0,102,,94760,15,,,0,103,,94761,15,,,0,104,,94762,15,,,0,145,,94759,15,,,0,120,,94758,15,,,0
6000,'5463',821,,94763,15,,,0,101,,94764,15,,,0,101,,94766,15,,,0,106,,94765,15,,,0,105,,94770,15,,,0,105,,94769,15,,,0,105,,94768,15,,,0,105,,94767,15,,,0,102,,94773,15,,,0,103,,94774,15,,,0,104,,94775,15,,,0,145,,94772,15,,,0,120,,94771,15,,,0
6001,'5456',727,,94779,28,0,28 37 14,0,79,,94776,28,0,28 37 14,0,33,,94778,28,0,28 37 14,0,79,,94777,28,0,28 37 14,0,92,,94783,28,0,28 37 14,0,101,,94784,28,0,28 37 14,0,101,,94785,28,0,28 37 14,0,103,,94786,28,0,28 37 14,0,111,,94782,28,0,28 37 14,0,98,,94780,28,0,28 37 14,0,90,,94781,28,0,28 37 14,0,44,,94793,28,0,28 37 14,0,81,,94792,28,0,28 37 14,0,85,,94787,28,0,28 37 14,0,99,,94788,28,0,28 37 14,0,99,,94789,28,0,28 37 14,0,110,,94790,28,0,28 37 14,0,107,,94791,28,0,28 37 14,0
6001,'5458',727,,94797,28,0,28 37 14,0,79,,94794,28,0,28 37 14,0,33,,94796,28,0,28 37 14,0,79,,94795,28,0,28 37 14,0,92,,94801,28,0,28 37 14,0,101,,94802,28,0,28 37 14,0,101,,94803,28,0,28 37 14,0,103,,94804,28,0,28 37 14,0,111,,94800,28,0,28 37 14,0,98,,94798,28,0,28 37 14,0,90,,94799,28,0,28 37 14,0,44,,94811,28,0,28 37 14,0,81,,94810,28,0,28 37 14,0,85,,94805,28,0,28 37 14,0,99,,94806,28,0,28 37 14,0,99,,94807,28,0,28 37 14,0,110,,94808,28,0,28 37 14,0,107,,94809,28,0,28 37 14,0
6001,'5459',737,,94823,28,0,28 37 14,0,101,,94824,28,0,28 37 14,0,100,,94825,28,0,28 37 14,0,101,,94822,28,0,28 37 14,0,105,,94821,28,0,28 37 14,0,105,,94820,28,0,28 37 14,0,106,,94819,28,0,28 37 14,0,145,,94818,28,0,28 37 14,0,104,,94817,28,0,28 37 14,0,105,,94816,28,0,28 37 14,0,105,,94815,28,0,28 37 14,0,105,,94814,28,0,28 37 14,0,104,,94813,28,0,28 37 14,0,107,,94812,28,0,28 37 14,0
6001,'5460',837,,94827,28,0,28 37 14,0,101,,94828,28,0,28 37 14,0,101,,94829,28,0,28 37 14,0,105,,94826,28,0,28 37 14,0,105,,94832,28,0,28 37 14,0,105,,94833,28,0,28 37 14,0,146,,94831,28,0,28 37 14,0,105,,94830,28,0,28 37 14,0,105,,94835,28,0,28 37 14,0,104,,94836,28,0,28 37 14,0,105,,94834,28,0,28 37 14,0,104,,94838,28,0,28 37 14,0,106,,94837,28,0,28 37 14,0
6001,'5461',837,,94840,28,0,28 37 14,0,101,,94841,28,0,28 37 14,0,101,,94842,28,0,28 37 14,0,105,,94839,28,0,28 37 14,0,105,,94845,28,0,28 37 14,0,105,,94846,28,0,28 37 14,0,146,,94844,28,0,28 37 14,0,105,,94843,28,0,28 37 14,0,105,,94848,28,0,28 37 14,0,104,,94849,28,0,28 37 14,0,105,,94847,28,0,28 37 14,0,104,,94851,28,0,28 37 14,0,106,,94850,28,0,28 37 14,0
6001,'5462',837,,94853,28,0,28 37 14,0,101,,94854,28,0,28 37 14,0,101,,94855,28,0,28 37 14,0,105,,94852,28,0,28 37 14,0,105,,94858,28,0,28 37 14,0,105,,94859,28,0,28 37 14,0,146,,94857,28,0,28 37 14,0,105,,94856,28,0,28 37 14,0,105,,94861,28,0,28 37 14,0,104,,94862,28,0,28 37 14,0,105,,94860,28,0,28 37 14,0,104,,94864,28,0,28 37 14,0,106,,94863,28,0,28 37 14,0
6001,'5463',837,,94866,28,0,28 37 14,0,101,,94867,28,0,28 37 14,0,101,,94868,28,0,28 37 14,0,105,,94865,28,0,28 37 14,0,105,,94871,28,0,28 37 14,0,105,,94872,28,0,28 37 14,0,146,,94870,28,0,28 37 14,0,105,,94869,28,0,28 37 14,0,105,,94874,28,0,28 37 14,0,104,,94875,28,0,28 37 14,0,105,,94873,28,0,28 37 14,0,104,,94877,28,0,28 37 14,0,106,,94876,28,0,28 37 14,0
