401,'5456',603,,83165,21,,,0,18,,83171,21,,,0,20,,83215,21,,,0,15,,83158,21,,,0,55,,83157,21,,,0,15,,83228,21,,,0,15,,83156,21,,,0,15,,83174,21,,,0,54,,83186,21,,,0,14,,83182,21,,,0,13,,83170,21,,,0,14,,83213,21,,,0,52,,83162,21,,,0,13,,83219,21,,,0,15,,83212,21,,,0,14,,83223,21,,,0,13,,83218,21,,,0,53,,98819,21,,,0,13,,83220,21,,,0,13,,83224,21,,,0,13,,83221,21,,,0,54,,83226,21,,,0,13,,83222,21,,,0,12,,83177,21,,,0,14,,98815,21,,,0,13,,83207,21,,,0,54,,83163,21,,,0,13,,83185,21,,,0,15,,83208,21,,,0,15,,83178,21,,,0,53,,83204,21,,,0,14,,83227,21,,,0,14,,83214,21,,,0,12,,83169,21,,,0,13,,83209,21,,,0,53,,83164,21,,,0,13,,83176,21,,,0,14,,83172,21,,,0,16,,83195,21,,,0,50,,98814,21,,,0,8,,83216,21,,,0,16,,83199,21,,,0,17,,83166,21,,,0,8,,98816,21,,,0,50,,83196,21,,,0,15,,83179,21,,,0,7,,83205,21,,,0,11,,83184,21,,,0,19,,83203,21,,,0,55,,83201,21,,,0,15,,83183,21,,,0,14,,83160,21,,,0,15,,83191,21,,,0,56,,83190,21,,,0,15,,83189,21,,,0,15,,83192,21,,,0,16,,83188,21,,,0,55,,83198,21,,,0,15,,83194,21,,,0,15,,83202,21,,,0,15,,98817,21,,,0,56,,83193,21,,,0,18,,83168,21,,,0,17,,83197,21,,,0,55,,98818,21,,,0,16,,83173,21,,,0,18,,83180,21,,,0,20,,83161,21,,,0,60,,83175,21,,,0,23,,83187,21,,,0,64,,83181,21,,,0,29,,83217,21,,,0,70,,83211,21,,,0,31,,83210,21,,,0
401,'5458',603,,83240,21,,,0,18,,83247,21,,,0,20,,83293,21,,,0,15,,83232,21,,,0,55,,83231,21,,,0,15,,83306,21,,,0,15,,83230,21,,,0,15,,83251,21,,,0,54,,83264,21,,,0,14,,83260,21,,,0,13,,83246,21,,,0,14,,83291,21,,,0,52,,83236,21,,,0,13,,83297,21,,,0,15,,83290,21,,,0,14,,83301,21,,,0,13,,83296,21,,,0,53,,98825,21,,,0,13,,83298,21,,,0,13,,83302,21,,,0,13,,83299,21,,,0,54,,83304,21,,,0,13,,83300,21,,,0,12,,83255,21,,,0,14,,98821,21,,,0,13,,83285,21,,,0,54,,83238,21,,,0,13,,83263,21,,,0,15,,83286,21,,,0,15,,83256,21,,,0,53,,83282,21,,,0,14,,83305,21,,,0,14,,83292,21,,,0,12,,83244,21,,,0,13,,83287,21,,,0,53,,83239,21,,,0,13,,83254,21,,,0,14,,83249,21,,,0,16,,83273,21,,,0,50,,98820,21,,,0,8,,83294,21,,,0,16,,83277,21,,,0,17,,83241,21,,,0,8,,98822,21,,,0,50,,83274,21,,,0,15,,83257,21,,,0,7,,83283,21,,,0,11,,83262,21,,,0,19,,83281,21,,,0,55,,83279,21,,,0,15,,83261,21,,,0,14,,83234,21,,,0,15,,83269,21,,,0,56,,83268,21,,,0,15,,83267,21,,,0,15,,83270,21,,,0,16,,83266,21,,,0,55,,83276,21,,,0,15,,83272,21,,,0,15,,83280,21,,,0,15,,98823,21,,,0,56,,83271,21,,,0,18,,83243,21,,,0,17,,83275,21,,,0,55,,98824,21,,,0,16,,83250,21,,,0,18,,83258,21,,,0,20,,83235,21,,,0,60,,83253,21,,,0,23,,83265,21,,,0,64,,83259,21,,,0,29,,83295,21,,,0,70,,83289,21,,,0,31,,83288,21,,,0,70,,83248,21,,,0,31,,83245,21,,,0,70,,83237,21,,,0,30,,83252,21,,,0
401,'5459',713,,83341,21,,,0,20,,83350,21,,,0,20,,83323,21,,,0,58,,83333,21,,,0,17,,98834,21,,,0,16,,83313,21,,,0,56,,83331,21,,,0,16,,83332,21,,,0,15,,98835,21,,,0,16,,98826,21,,,0,55,,83319,21,,,0,15,,83321,21,,,0,15,,83370,21,,,0,15,,98828,21,,,0,55,,83348,21,,,0,16,,83308,21,,,0,15,,83317,21,,,0,15,,83329,21,,,0,55,,98832,21,,,0,15,,83345,21,,,0,15,,83309,21,,,0,16,,83318,21,,,0,55,,83324,21,,,0,15,,98833,21,,,0,16,,83349,21,,,0,16,,83322,21,,,0,55,,83314,21,,,0,16,,83325,21,,,0,16,,98831,21,,,0,16,,83344,21,,,0,56,,83310,21,,,0,16,,83316,21,,,0,15,,83311,21,,,0,16,,98827,21,,,0,56,,83347,21,,,0,17,,83327,21,,,0,16,,83315,21,,,0,56,,83312,21,,,0,16,,98830,21,,,0,15,,83339,21,,,0,17,,83320,21,,,0,58,,83326,21,,,0,18,,83328,21,,,0,18,,98829,21,,,0,58,,83330,21,,,0,18,,83352,21,,,0,18,,83351,21,,,0,18,,98836,21,,,0,58,,83357,21,,,0,18,,83358,21,,,0,18,,83360,21,,,0,58,,98839,21,,,0,18,,98838,21,,,0,18,,83363,21,,,0,65,,83367,21,,,0,23,,98840,21,,,0,70,,83365,21,,,0,31,,83364,21,,,0,71,,98841,21,,,0,30,,83366,21,,,0,69,,98842,21,,,0,30,,83356,21,,,0,71,,98837,21,,,0,30,,83354,21,,,0
401,'5460',735,,83371,21,,,0,70,,83372,21,,,0,32,,83373,21,,,0,69,,83374,21,,,0,28,,83375,21,,,0,70,,83376,21,,,0,20,,98843,21,,,0,19,,83378,21,,,0,60,,83379,21,,,0,19,,83380,21,,,0,20,,83381,21,,,0,60,,83382,21,,,0,20,,83383,21,,,0,20,,83384,21,,,0,59,,83385,21,,,0,20,,83386,21,,,0,20,,83387,21,,,0,18,,83415,21,,,0,58,,83388,21,,,0,16,,83389,21,,,0,16,,83390,21,,,0,56,,83391,21,,,0,17,,83417,21,,,0,16,,83392,21,,,0,16,,83393,21,,,0,56,,83394,21,,,0,17,,83395,21,,,0,16,,83416,21,,,0,16,,83396,21,,,0,57,,83397,21,,,0,17,,83398,21,,,0,18,,83399,21,,,0,59,,83400,21,,,0,17,,83401,21,,,0,18,,83402,21,,,0,58,,83403,21,,,0,18,,83404,21,,,0,19,,83418,21,,,0,18,,83405,21,,,0,60,,83406,21,,,0,20,,83407,21,,,0,64,,83408,21,,,0,31,,98844,21,,,0,72,,83410,21,,,0,29,,83411,21,,,0,70,,83412,21,,,0,31,,83413,21,,,0
401,'5461',735,,83419,21,,,0,70,,83420,21,,,0,32,,83421,21,,,0,69,,98845,21,,,0,28,,83423,21,,,0,70,,83424,21,,,0,20,,83425,21,,,0,19,,83426,21,,,0,60,,83427,21,,,0,19,,83428,21,,,0,20,,98846,21,,,0,60,,83430,21,,,0,20,,83431,21,,,0,20,,83432,21,,,0,59,,98847,21,,,0,20,,83434,21,,,0,20,,83435,21,,,0,18,,83463,21,,,0,58,,98848,21,,,0,16,,98849,21,,,0,16,,83438,21,,,0,56,,83439,21,,,0,17,,83465,21,,,0,16,,98850,21,,,0,16,,98851,21,,,0,56,,83442,21,,,0,17,,83443,21,,,0,16,,83464,21,,,0,16,,98852,21,,,0,57,,98853,21,,,0,17,,83446,21,,,0,18,,83447,21,,,0,59,,98854,21,,,0,17,,83449,21,,,0,18,,83450,21,,,0,58,,83451,21,,,0,18,,83452,21,,,0,19,,98863,21,,,0,18,,98855,21,,,0,60,,83454,21,,,0,20,,83455,21,,,0,64,,98856,21,,,0,31,,98857,21,,,0,72,,98858,21,,,0,29,,98859,21,,,0,70,,98860,21,,,0,31,,98861,21,,,0
401,'5462',735,,83467,21,,,0,70,,83468,21,,,0,32,,83469,21,,,0,69,,98864,21,,,0,28,,83471,21,,,0,70,,83472,21,,,0,20,,83473,21,,,0,19,,83474,21,,,0,60,,83475,21,,,0,19,,83476,21,,,0,20,,98865,21,,,0,60,,83478,21,,,0,20,,83479,21,,,0,20,,83480,21,,,0,59,,98866,21,,,0,20,,83482,21,,,0,20,,83483,21,,,0,18,,83511,21,,,0,58,,98867,21,,,0,16,,98868,21,,,0,16,,83486,21,,,0,56,,83487,21,,,0,17,,83513,21,,,0,16,,98869,21,,,0,16,,98870,21,,,0,56,,83490,21,,,0,17,,83491,21,,,0,16,,83512,21,,,0,16,,98871,21,,,0,57,,98872,21,,,0,17,,83494,21,,,0,18,,83495,21,,,0,59,,98873,21,,,0,17,,83497,21,,,0,18,,83498,21,,,0,58,,83499,21,,,0,18,,83500,21,,,0,19,,98882,21,,,0,18,,98874,21,,,0,60,,83502,21,,,0,20,,83503,21,,,0,64,,98875,21,,,0,31,,98876,21,,,0,72,,98877,21,,,0,29,,98878,21,,,0,70,,98879,21,,,0,31,,98880,21,,,0
401,'5463',735,,83515,21,,,0,70,,83516,21,,,0,32,,83517,21,,,0,69,,98883,21,,,0,28,,83519,21,,,0,70,,83520,21,,,0,20,,83521,21,,,0,19,,83522,21,,,0,60,,83523,21,,,0,19,,83524,21,,,0,20,,98884,21,,,0,60,,83526,21,,,0,20,,83527,21,,,0,20,,83528,21,,,0,59,,98885,21,,,0,20,,83530,21,,,0,20,,83531,21,,,0,18,,83559,21,,,0,58,,98886,21,,,0,16,,98887,21,,,0,16,,83534,21,,,0,56,,83535,21,,,0,17,,83561,21,,,0,16,,98888,21,,,0,16,,98889,21,,,0,56,,83538,21,,,0,17,,83539,21,,,0,16,,83560,21,,,0,16,,98890,21,,,0,57,,98891,21,,,0,17,,83542,21,,,0,18,,83543,21,,,0,59,,98892,21,,,0,17,,83545,21,,,0,18,,83546,21,,,0,58,,83547,21,,,0,18,,83548,21,,,0,19,,98901,21,,,0,18,,98893,21,,,0,60,,83550,21,,,0,20,,83551,21,,,0,64,,98894,21,,,0,31,,98895,21,,,0,72,,98896,21,,,0,29,,98897,21,,,0,70,,98898,21,,,0,31,,98899,21,,,0
1100,'5456',608,,85487,25,,,0,30,,85490,25,,,0,21,,85483,25,,,0,59,,85497,25,,,0,18,,85485,25,,,0,18,,99407,25,,,0,55,,85510,25,,,0,16,,85486,25,,,0,18,,85503,25,,,0,58,,85489,25,,,0,21,,85488,25,,,0,24,,85499,25,,,0,66,,85491,25,,,0,25,,99408,25,,,0,65,,85492,25,,,0,25,,85493,25,,,0,25,,85495,25,,,0,65,,85498,25,,,0,25,,85496,25,,,0,65,,99409,25,,,0,26,,85500,25,,,0,24,,85501,25,,,0,58,,85514,25,,,0,18,,85502,25,,,0,18,,85504,25,,,0,58,,85532,25,,,0,18,,85505,25,,,0,20,,85509,25,,,0,59,,99420,25,,,0,19,,85506,25,,,0,20,,85511,25,,,0,57,,99411,25,,,0,16,,85513,25,,,0,18,,99410,25,,,0,15,,85531,25,,,0,58,,85517,25,,,0,15,,85516,25,,,0,18,,99423,25,,,0,58,,99412,25,,,0,24,,85519,25,,,0,30,,99413,25,,,0,75,,99414,25,,,0,30,,99422,25,,,0,75,,99416,25,,,0,70,,99415,25,,,0,34,,99417,25,,,0,70,,99421,25,,,0,30,,99418,25,,,0,83,,99419,25,,,0
1100,'5458',608,,85537,25,,,0,30,,85540,25,,,0,21,,85533,25,,,0,59,,85547,25,,,0,18,,85535,25,,,0,18,,99424,25,,,0,55,,85560,25,,,0,16,,85536,25,,,0,18,,85553,25,,,0,58,,85539,25,,,0,21,,85538,25,,,0,24,,85549,25,,,0,66,,85541,25,,,0,25,,99425,25,,,0,65,,85542,25,,,0,25,,85543,25,,,0,25,,85545,25,,,0,65,,85548,25,,,0,25,,85546,25,,,0,65,,99426,25,,,0,26,,85550,25,,,0,24,,85551,25,,,0,58,,85564,25,,,0,18,,85552,25,,,0,18,,85554,25,,,0,58,,85582,25,,,0,18,,85555,25,,,0,20,,85559,25,,,0,59,,99437,25,,,0,19,,85556,25,,,0,20,,85561,25,,,0,57,,99428,25,,,0,16,,85563,25,,,0,18,,99427,25,,,0,15,,85581,25,,,0,58,,85567,25,,,0,15,,85566,25,,,0,18,,99440,25,,,0,58,,99429,25,,,0,24,,85569,25,,,0,30,,99430,25,,,0,75,,99431,25,,,0,30,,99439,25,,,0,75,,99433,25,,,0,70,,99432,25,,,0,34,,99434,25,,,0,70,,99438,25,,,0,30,,99435,25,,,0,83,,99436,25,,,0
1100,'5459',724,,99461,25,,,0,35,,85597,25,,,0,76,,99441,25,,,0,71,,85587,25,,,0,30,,85614,25,,,0,70,,99455,25,,,0,26,,99446,25,,,0,25,,99442,25,,,0,65,,85590,25,,,0,29,,99452,25,,,0,65,,99443,25,,,0,25,,99450,25,,,0,65,,85594,25,,,0,24,,85585,25,,,0,25,,99444,25,,,0,65,,99451,25,,,0,25,,99447,25,,,0,65,,99454,25,,,0,27,,99448,25,,,0,65,,85591,25,,,0,24,,85595,25,,,0,24,,99460,25,,,0,63,,99445,25,,,0,24,,99453,25,,,0,65,,99462,25,,,0,25,,85606,25,,,0,25,,99449,25,,,0,64,,85599,25,,,0,24,,85608,25,,,0,65,,99458,25,,,0,24,,99456,25,,,0,30,,99457,25,,,0,70,,99459,25,,,0,74,,99463,25,,,0,35,,99464,25,,,0,70,,99465,25,,,0,30,,99466,25,,,0,79,,99467,25,,,0
1100,'5460',739,,85622,25,,,0,80,,85621,25,,,0,40,,99469,25,,,0,71,,99468,25,,,0,71,,99470,25,,,0,36,,85625,25,,,0,75,,99474,25,,,0,31,,99472,25,,,0,70,,99471,25,,,0,30,,99473,25,,,0,70,,99477,25,,,0,30,,99478,25,,,0,70,,99476,25,,,0,31,,99475,25,,,0,70,,99481,25,,,0,30,,99480,25,,,0,69,,99479,25,,,0,30,,99483,25,,,0,69,,99484,25,,,0,30,,99482,25,,,0,68,,99485,25,,,0,29,,99486,25,,,0,70,,99488,25,,,0,45,,99487,25,,,0,85,,99489,25,,,0,84,,99490,25,,,0,80,,99491,25,,,0,45,,99492,25,,,0,85,,99493,25,,,0
1100,'5461',739,,85651,25,,,0,80,,99494,25,,,0,40,,99496,25,,,0,71,,99495,25,,,0,71,,99498,25,,,0,36,,99497,25,,,0,75,,99502,25,,,0,31,,99500,25,,,0,70,,99499,25,,,0,30,,99501,25,,,0,70,,99504,25,,,0,30,,99505,25,,,0,70,,99503,25,,,0,31,,85660,25,,,0,70,,85666,25,,,0,30,,85665,25,,,0,69,,99506,25,,,0,30,,99507,25,,,0,69,,99508,25,,,0,30,,85667,25,,,0,68,,85670,25,,,0,29,,99509,25,,,0,70,,99511,25,,,0,45,,99510,25,,,0,85,,99512,25,,,0,84,,99513,25,,,0,80,,99514,25,,,0,45,,99515,25,,,0,85,,99516,25,,,0
1100,'5462',739,,85680,25,,,0,80,,99517,25,,,0,40,,99519,25,,,0,71,,99518,25,,,0,71,,99521,25,,,0,36,,99520,25,,,0,75,,99525,25,,,0,31,,99523,25,,,0,70,,99522,25,,,0,30,,99524,25,,,0,70,,99527,25,,,0,30,,99528,25,,,0,70,,99526,25,,,0,31,,85689,25,,,0,70,,85695,25,,,0,30,,85694,25,,,0,69,,99529,25,,,0,30,,99530,25,,,0,69,,99531,25,,,0,30,,85696,25,,,0,68,,85699,25,,,0,29,,99532,25,,,0,70,,99534,25,,,0,45,,99533,25,,,0,85,,99535,25,,,0,84,,99536,25,,,0,80,,99537,25,,,0,45,,99538,25,,,0,85,,99539,25,,,0
1100,'5463',739,,85709,25,,,0,80,,99540,25,,,0,40,,99542,25,,,0,71,,99541,25,,,0,71,,99544,25,,,0,36,,99543,25,,,0,75,,99548,25,,,0,31,,99546,25,,,0,70,,99545,25,,,0,30,,99547,25,,,0,70,,99550,25,,,0,30,,99551,25,,,0,70,,99549,25,,,0,31,,85718,25,,,0,70,,85724,25,,,0,30,,85723,25,,,0,69,,99552,25,,,0,30,,99553,25,,,0,69,,99554,25,,,0,30,,85725,25,,,0,68,,85728,25,,,0,29,,99555,25,,,0,70,,99557,25,,,0,45,,99556,25,,,0,85,,99558,25,,,0,84,,99559,25,,,0,80,,99560,25,,,0,45,,99561,25,,,0,85,,99562,25,,,0
2101,'5456',601,,88315,24,,,0,29,,88331,24,,,0,22,,88317,24,,,0,55,,88346,24,,,0,16,,88316,28,,,0,15,,88356,28,,,0,17,,88339,28,,,0,58,,88319,28,,,0,16,,88343,28,,,0,17,,88330,28,,,0,55,,88353,28,,,0,20,,88320,28,,,0,20,,88321,24,,,0,60,,88357,28,,,0,19,,88338,24,,,0,20,,88318,28,,,0,60,,88344,24,,,0,21,,88351,28,,,0,20,,88322,24,,,0,60,,88323,28,,,0,25,,88360,24,,,0,20,,88337,28,,,0,60,,88324,24,,,0,21,,100442,28,,,0,19,,88352,24,,,0,61,,88325,28,,,0,22,,88326,24,,,0,21,,88363,28,,,0,60,,88355,28,,,0,18,,88333,28,,,0,14,,100441,24,,,0,64,,88364,28,,,0,19,,88341,28,,,0,17,,88347,28,,,0,60,,88327,28,,,0,14,,88328,28,,,0,17,,88362,24,,,0,19,,88361,28,,,0,60,,88340,28,,,0,18,,88332,28,,,0,70,,88348,24,,,0,30,,88334,24,,,0,70,,88358,24,,,0,30,,88335,24,,,0,70,,88349,24,,,0,30,,88336,24,,,0,72,,88359,24,,,0,29,,88342,24,,,0,70,,88350,24,,,0,105,,88354,24,,,0
2101,'5458',601,,88365,24,,,0,29,,88381,24,,,0,22,,88367,24,,,0,55,,88396,24,,,0,16,,88366,28,,,0,15,,88406,28,,,0,17,,88389,28,,,0,58,,88369,28,,,0,16,,88393,28,,,0,17,,88380,28,,,0,55,,88403,28,,,0,20,,88370,28,,,0,20,,88371,24,,,0,60,,88407,28,,,0,19,,88388,24,,,0,20,,88368,28,,,0,60,,88394,24,,,0,21,,88401,28,,,0,20,,88372,24,,,0,60,,88373,28,,,0,25,,88410,24,,,0,20,,88387,28,,,0,60,,88374,24,,,0,21,,100444,28,,,0,19,,88402,24,,,0,61,,88375,28,,,0,22,,88376,24,,,0,21,,88413,28,,,0,60,,88405,28,,,0,18,,88383,28,,,0,14,,100443,24,,,0,64,,88414,28,,,0,19,,88391,28,,,0,17,,88397,28,,,0,60,,88377,28,,,0,14,,88378,28,,,0,17,,88412,24,,,0,19,,88411,28,,,0,60,,88390,28,,,0,18,,88382,28,,,0,70,,88398,24,,,0,30,,88384,24,,,0,70,,88408,24,,,0,30,,88385,24,,,0,70,,88399,24,,,0,30,,88386,24,,,0,72,,88409,24,,,0,29,,88392,24,,,0,70,,88400,24,,,0,105,,88404,24,,,0
2101,'5459',651,,88445,24,,,0,70,,88427,24,,,0,31,,100453,24,,,0,71,,88419,24,,,0,30,,88446,24,,,0,69,,88428,24,,,0,31,,100454,24,,,0,67,,88415,24,,,0,28,,100445,24,,,0,69,,100455,24,,,0,31,,100448,24,,,0,69,,100452,24,,,0,28,,88416,24,,,0,70,,100446,24,,,0,29,,88439,24,,,0,70,,100449,24,,,0,31,,88431,24,,,0,71,,100447,24,,,0,30,,88421,24,,,0,73,,88440,24,,,0,30,,100450,24,,,0,69,,88433,24,,,0,31,,88426,24,,,0,70,,100451,24,,,0,31,,88441,24,,,0,70,,88429,24,,,0,36,,88432,24,,,0,76,,88434,24,,,0,68,,88443,24,,,0,30,,88435,24,,,0,72,,88444,24,,,0,30,,88442,24,,,0,70,,88447,24,,,0,104,,88448,24,,,0
2101,'5460',659,,100460,24,,,0,80,,88452,24,,,0,80,,88463,24,,,0,36,,88461,24,,,0,65,,88449,24,,,0,28,,88451,24,,,0,71,,100461,24,,,0,29,,88450,24,,,0,70,,88465,24,,,0,29,,100457,24,,,0,70,,100456,24,,,0,30,,100462,24,,,0,68,,100458,24,,,0,30,,88467,24,,,0,70,,100463,24,,,0,29,,88469,24,,,0,71,,100459,24,,,0,32,,88458,24,,,0,72,,88459,24,,,0,29,,88460,24,,,0,71,,88456,24,,,0,30,,88470,24,,,0,72,,88471,24,,,0,35,,100464,24,,,0,144,,88473,24,,,0,101,,88474,24,,,0,102,,88475,24,,,0,100,,88476,24,,,0,103,,88477,24,,,0
2101,'5461',659,,88491,24,,,0,80,,100466,24,,,0,80,,88492,24,,,0,36,,88490,24,,,0,65,,100465,24,,,0,28,,88480,24,,,0,71,,88493,24,,,0,29,,88479,24,,,0,70,,88494,24,,,0,29,,88483,24,,,0,70,,100467,24,,,0,30,,100470,24,,,0,68,,100468,24,,,0,30,,88496,24,,,0,70,,100471,24,,,0,29,,88498,24,,,0,71,,100469,24,,,0,32,,88487,24,,,0,72,,88488,24,,,0,29,,88489,24,,,0,71,,88485,24,,,0,30,,88499,24,,,0,72,,88500,24,,,0,35,,100472,24,,,0,144,,88502,24,,,0,101,,88503,24,,,0,102,,88504,24,,,0,100,,88505,24,,,0,103,,88506,24,,,0
2101,'5462',659,,88520,24,,,0,80,,100474,24,,,0,80,,88521,24,,,0,36,,88519,24,,,0,65,,100473,24,,,0,28,,88509,24,,,0,71,,88522,24,,,0,29,,88508,24,,,0,70,,88523,24,,,0,29,,88512,24,,,0,70,,100475,24,,,0,30,,100478,24,,,0,68,,100476,24,,,0,30,,88525,24,,,0,70,,100479,24,,,0,29,,88527,24,,,0,71,,100477,24,,,0,32,,88516,24,,,0,72,,88517,24,,,0,29,,88518,24,,,0,71,,88514,24,,,0,30,,88528,24,,,0,72,,88529,24,,,0,35,,100480,24,,,0,144,,88531,24,,,0,101,,88532,24,,,0,102,,88533,24,,,0,100,,88534,24,,,0,103,,88535,24,,,0
2101,'5463',659,,88549,24,,,0,80,,100482,24,,,0,80,,88550,24,,,0,36,,88548,24,,,0,65,,100481,24,,,0,28,,88538,24,,,0,71,,88551,24,,,0,29,,88537,24,,,0,70,,88552,24,,,0,29,,88541,24,,,0,70,,100483,24,,,0,30,,100486,24,,,0,68,,100484,24,,,0,30,,88554,24,,,0,70,,100487,24,,,0,29,,88556,24,,,0,71,,100485,24,,,0,32,,88545,24,,,0,72,,88546,24,,,0,29,,88547,24,,,0,71,,88543,24,,,0,30,,88557,24,,,0,72,,88558,24,,,0,35,,100488,24,,,0,144,,88560,24,,,0,101,,88561,24,,,0,102,,88562,24,,,0,100,,88563,24,,,0,103,,88564,24,,,0
2201,'5456',613,,100564,44,,,0,29,,100567,44,,,0,90,,100569,36,,,0,27,,100565,50,,,0,72,,100566,50,,,0,71,,100568,50,,,0,100,,88755,50,,,0,30,,88754,50,,,0,70,,100570,50,,,0,98,,100571,50,,,0,29,,100572,36,,,0,29,,100573,36,,,0,100,,100574,36,,,0,72,,100575,36,,,0,101,,88763,36,,,0,71,,100576,36,,,0,30,,100577,36,,,0,99,,100578,36,,,0,76,,88767,36,,,0,98,,88768,36,,,0,31,,100579,36,,,0,102,,88771,36,,,0,71,,88770,36,,,0,48,,88772,36,0,5 49,0
2201,'5458',613,,100580,44,,,0,29,,100583,44,,,0,90,,100585,36,,,0,27,,100581,50,,,0,72,,100582,50,,,0,71,,100584,50,,,0,100,,88779,50,,,0,30,,88778,50,,,0,70,,100586,50,,,0,98,,100587,50,,,0,29,,100588,36,,,0,29,,100589,36,,,0,100,,100590,36,,,0,72,,100591,36,,,0,101,,88787,36,,,0,71,,100592,36,,,0,30,,100593,36,,,0,99,,100594,36,,,0,76,,88791,36,,,0,98,,88792,36,,,0,31,,100595,36,,,0,102,,88795,36,,,0,71,,88794,36,,,0,48,,88796,36,0,5 49,0
2201,'5459',730,,88807,36,,,0,79,,100609,36,,,0,29,,88803,36,,,0,69,,88797,36,,,0,31,,88806,36,,,0,70,,100610,36,,,0,28,,88802,36,,,0,69,,88801,36,,,0,31,,88804,36,,,0,69,,88799,36,,,0,28,,100614,36,,,0,70,,100597,36,,,0,28,,100598,36,,,0,70,,100596,36,,,0,30,,100602,36,,,0,71,,100613,36,,,0,29,,100604,36,,,0,71,,100600,36,,,0,31,,100603,36,,,0,74,,100605,36,,,0,31,,100601,36,,,0,71,,100599,36,,,0,30,,100607,36,,,0,72,,100606,36,,,0,27,,100612,36,,,0,68,,100608,36,,,0,32,,100615,36,,,0,70,,100611,36,,,0,48,,100616,36,0,5 49,0
2201,'5460',759,,100622,36,,,0,80,,88835,36,,,0,69,,100618,36,,,0,28,,100619,36,,,0,70,,100623,36,,,0,30,,88836,36,,,0,69,,100617,36,,,0,30,,100620,36,,,0,70,,88831,36,,,0,30,,88829,36,,,0,68,,100621,36,,,0,30,,88832,36,,,0,70,,88839,36,,,0,30,,88840,36,,,0,70,,88838,36,,,0,30,,88842,36,,,0,74,,88841,36,,,0,30,,88844,36,,,0,70,,88843,36,,,0,30,,88845,36,,,0,72,,88846,36,,,0,30,,88847,36,,,0,91,,88848,36,0,5,0,101,,100624,36,0,5,0,110,,88850,36,0,5,0
2201,'5461',759,,88859,36,,,0,80,,88860,36,,,0,69,,88852,36,,,0,28,,88853,36,,,0,70,,88862,36,,,0,30,,88861,36,,,0,69,,88851,36,,,0,30,,88855,36,,,0,70,,88856,36,,,0,30,,88854,36,,,0,68,,88858,36,,,0,30,,88857,36,,,0,70,,88864,36,,,0,30,,88865,36,,,0,70,,88863,36,,,0,30,,100625,36,,,0,74,,88866,36,,,0,30,,88869,36,,,0,70,,88868,36,,,0,30,,100626,36,,,0,72,,88871,36,,,0,30,,88872,36,,,0,91,,100627,36,0,5,0,101,,88874,36,0,5,0,110,,100628,36,0,5,0
2201,'5462',759,,88884,36,,,0,80,,88885,36,,,0,69,,88877,36,,,0,28,,88878,36,,,0,70,,88887,36,,,0,30,,88886,36,,,0,69,,88876,36,,,0,30,,88880,36,,,0,70,,88881,36,,,0,30,,88879,36,,,0,68,,88883,36,,,0,30,,88882,36,,,0,70,,88889,36,,,0,30,,88890,36,,,0,70,,88888,36,,,0,30,,100629,36,,,0,74,,88891,36,,,0,30,,88894,36,,,0,70,,88893,36,,,0,30,,100630,36,,,0,72,,88896,36,,,0,30,,88897,36,,,0,91,,100631,36,0,5,0,101,,88899,36,0,5,0,110,,100632,36,0,5,0
2201,'5463',759,,88909,36,,,0,80,,88910,36,,,0,69,,88902,36,,,0,28,,88903,36,,,0,70,,88912,36,,,0,30,,88911,36,,,0,69,,88901,36,,,0,30,,88905,36,,,0,70,,88906,36,,,0,30,,88904,36,,,0,68,,88908,36,,,0,30,,88907,36,,,0,70,,88914,36,,,0,30,,88915,36,,,0,70,,88913,36,,,0,30,,100633,36,,,0,74,,88916,36,,,0,30,,88919,36,,,0,70,,88918,36,,,0,30,,100634,36,,,0,72,,88921,36,,,0,30,,88922,36,,,0,91,,100635,36,0,5,0,101,,88924,36,0,5,0,110,,100636,36,0,5,0
3001,'5456',622,,101846,27,,,0,31,,101847,27,,,0,74,,101848,27,,,0,29,,101849,27,,,0,70,,101850,27,,,0,33,,101851,27,,,0,67,,101852,27,,,0,30,,101853,27,,,0,69,,101854,27,,,0,31,,101855,27,,,0,70,,101856,27,,,0,30,,101857,27,,,0,72,,101858,27,,,0,30,,101859,27,,,0,70,,101860,27,,,0,72,,101861,27,,,0,30,,101862,27,,,0,71,,91611,27,,,0,34,,91612,27,,,0,72,,101863,27,,,0,32,,101864,27,,,0,72,,101865,27,,,0,33,,101866,27,,,0,68,,101867,27,,,0,27,,101868,27,,,0,76,,91619,27,,,0,39,,101869,27,,,0,78,,91621,27,,,0,94,,101870,27,,,0,99,,101871,27,,,0,108,,91624,27,,,0,90,,101872,27,,,0
3001,'5458',622,,101873,27,,,0,31,,101874,27,,,0,74,,101875,27,,,0,29,,101876,27,,,0,70,,101877,27,,,0,33,,101878,27,,,0,67,,101879,27,,,0,30,,101880,27,,,0,69,,101881,27,,,0,31,,101882,27,,,0,70,,101883,27,,,0,30,,101884,27,,,0,72,,101885,27,,,0,30,,101886,27,,,0,70,,101887,27,,,0,72,,101888,27,,,0,30,,101889,27,,,0,71,,91643,27,,,0,34,,91644,27,,,0,72,,101890,27,,,0,32,,101891,27,,,0,72,,101892,27,,,0,33,,101893,27,,,0,68,,101894,27,,,0,27,,101895,27,,,0,76,,91651,27,,,0,39,,101896,27,,,0,78,,91653,27,,,0,94,,101897,27,,,0,99,,101898,27,,,0,108,,91656,27,,,0,90,,101899,27,,,0
3001,'5459',650,,101901,27,,,0,87,,101902,27,,,0,80,,91661,27,,,0,33,,101900,27,,,0,71,,101903,27,,,0,32,,101904,27,,,0,72,,101905,27,,,0,29,,101906,27,,,0,70,,101907,27,,,0,30,,101908,27,,,0,70,,101909,27,,,0,29,,101910,27,,,0,68,,101911,27,,,0,30,,101912,27,,,0,70,,101913,27,,,0,30,,101914,27,,,0,70,,101915,27,,,0,30,,101916,27,,,0,71,,101917,27,,,0,30,,101918,27,,,0,70,,101919,27,,,0,31,,91679,27,,,0,75,,101920,27,,,0,80,,101921,27,,,0,40,,101922,27,,,0,81,,101923,27,,,0,95,,91684,27,,,0,100,,101924,27,,,0,111,,91686,27,,,0,91,,91687,27,,,0
3001,'5460',751,,101925,27,,,0,102,,101926,27,,,0,81,,101927,27,,,0,80,,101928,27,,,0,38,,101929,27,,,0,70,,101930,27,,,0,30,,101931,27,,,0,70,,101932,27,,,0,30,,91696,27,,,0,70,,91697,27,,,0,30,,101933,27,,,0,70,,101934,27,,,0,30,,91700,27,,,0,70,,101935,27,,,0,30,,101936,27,,,0,70,,91703,27,,,0,30,,101937,27,,,0,70,,101938,27,,,0,32,,101939,27,,,0,75,,101940,27,,,0,80,,101941,27,,,0,40,,101942,27,,,0,81,,101943,27,,,0,95,,101944,27,,,0,100,,101945,27,,,0,106,,91713,27,,,0,105,,101946,27,,,0
3001,'5461',751,,101947,27,,,0,102,,101948,27,,,0,81,,101949,27,,,0,80,,101950,27,,,0,38,,101951,27,,,0,70,,101952,27,,,0,30,,101953,27,,,0,70,,101954,27,,,0,30,,101955,27,,,0,70,,101956,27,,,0,30,,101957,27,,,0,70,,101958,27,,,0,30,,101959,27,,,0,70,,101960,27,,,0,30,,101961,27,,,0,70,,101962,27,,,0,30,,101963,27,,,0,70,,91732,27,,,0,32,,101964,27,,,0,75,,101965,27,,,0,80,,101966,27,,,0,40,,101967,27,,,0,81,,101968,27,,,0,95,,91738,27,,,0,100,,101969,27,,,0,106,,101970,27,,,0,105,,91741,27,,,0
3001,'5462',751,,101971,27,,,0,102,,101972,27,,,0,81,,101973,27,,,0,80,,101974,27,,,0,38,,101975,27,,,0,70,,101976,27,,,0,30,,101977,27,,,0,70,,101978,27,,,0,30,,101979,27,,,0,70,,101980,27,,,0,30,,101981,27,,,0,70,,101982,27,,,0,30,,101983,27,,,0,70,,101984,27,,,0,30,,101985,27,,,0,70,,101986,27,,,0,30,,101987,27,,,0,70,,91759,27,,,0,32,,101988,27,,,0,75,,101989,27,,,0,80,,101990,27,,,0,40,,101991,27,,,0,81,,101992,27,,,0,95,,91765,27,,,0,100,,101993,27,,,0,106,,101994,27,,,0,105,,91768,27,,,0
3001,'5463',751,,101995,27,,,0,102,,101996,27,,,0,81,,101997,27,,,0,80,,101998,27,,,0,38,,101999,27,,,0,70,,102000,27,,,0,30,,102001,27,,,0,70,,102002,27,,,0,30,,102003,27,,,0,70,,102004,27,,,0,30,,102005,27,,,0,70,,102006,27,,,0,30,,102007,27,,,0,70,,102008,27,,,0,30,,102009,27,,,0,70,,102010,27,,,0,30,,102011,27,,,0,70,,91786,27,,,0,32,,102012,27,,,0,75,,102013,27,,,0,80,,102014,27,,,0,40,,102015,27,,,0,81,,102016,27,,,0,95,,91792,27,,,0,100,,102017,27,,,0,106,,102018,27,,,0,105,,91795,27,,,0
3101,'5456',602,,92000,23,,,0,36,,102195,23,,,0,74,,92002,23,,,0,29,,102196,23,,,0,70,,102197,23,,,0,30,,92005,23,,,0,70,,102198,23,,,0,30,,102199,23,,,0,69,,92008,23,,,0,30,,102200,23,,,0,69,,92010,23,,,0,32,,92011,23,,,0,71,,102201,23,,,0,31,,92013,23,,,0,70,,92014,23,,,0,31,,92015,23,,,0,71,,92016,23,,,0,29,,102202,23,,,0,73,,92019,23,,,0,33,,102203,23,,,0,71,,102204,23,,,0,35,,102205,23,,,0,72,,102206,23,,,0,29,,102207,23,,,0,69,,102208,23,,,0,28,,102209,23,,,0,82,,102210,23,,,0,74,,102211,23,,,0,46,,92028,23,,,0,100,,92029,23,,,0,99,,102212,23,,,0,101,,102213,23,,,0
3101,'5458',602,,92033,23,,,0,36,,102215,23,,,0,74,,92035,23,,,0,29,,102216,23,,,0,70,,102217,23,,,0,30,,92038,23,,,0,70,,102218,23,,,0,30,,102219,23,,,0,69,,92041,23,,,0,30,,102220,23,,,0,69,,92043,23,,,0,32,,92044,23,,,0,71,,102221,23,,,0,31,,92046,23,,,0,70,,92047,23,,,0,31,,92048,23,,,0,71,,92049,23,,,0,29,,102222,23,,,0,73,,92052,23,,,0,33,,102223,23,,,0,71,,102224,23,,,0,35,,102225,23,,,0,72,,102226,23,,,0,29,,102227,23,,,0,69,,102228,23,,,0,28,,102229,23,,,0,82,,102230,23,,,0,74,,102231,23,,,0,46,,92061,23,,,0,100,,92062,23,,,0,99,,102232,23,,,0,101,,102233,23,,,0
3101,'5459',711,,102235,23,,,0,46,,92067,23,,,0,77,,102236,23,,,0,71,,102237,23,,,0,32,,92070,23,,,0,72,,102238,23,,,0,30,,102239,23,,,0,70,,102240,23,,,0,30,,102241,23,,,0,70,,102242,23,,,0,29,,102243,23,,,0,68,,102244,23,,,0,30,,102245,23,,,0,70,,102246,23,,,0,30,,102247,23,,,0,70,,102248,23,,,0,30,,102249,23,,,0,71,,102250,23,,,0,30,,92084,23,,,0,70,,102251,23,,,0,31,,102252,23,,,0,70,,92087,23,,,0,40,,92088,23,,,0,80,,92089,23,,,0,80,,92090,23,,,0,46,,102253,23,,,0,100,,102254,23,,,0,101,,102255,23,,,0,150,,102256,23,,,0
3101,'5460',721,,102259,23,,,0,102,,102260,23,,,0,91,,102261,23,,,0,40,,102262,23,,,0,78,,102258,23,,,0,75,,102263,23,,,0,30,,102264,23,,,0,70,,92103,23,,,0,30,,102265,23,,,0,70,,102266,23,,,0,30,,92106,23,,,0,70,,102267,23,,,0,30,,102268,23,,,0,70,,102269,23,,,0,30,,102270,23,,,0,70,,102271,23,,,0,30,,102272,23,,,0,70,,92113,23,,,0,31,,102273,23,,,0,71,,102274,23,,,0,40,,92116,23,,,0,80,,92117,23,,,0,81,,102275,23,,,0,47,,102276,23,,,0,98,,102277,23,,,0,100,,102278,23,,,0,154,,102279,23,,,0
3101,'5461',721,,102281,23,,,0,102,,102282,23,,,0,91,,102283,23,,,0,40,,102284,23,,,0,78,,102280,23,,,0,75,,102285,23,,,0,30,,102286,23,,,0,70,,92130,23,,,0,30,,102287,23,,,0,70,,102288,23,,,0,30,,92133,23,,,0,70,,102289,23,,,0,30,,102290,23,,,0,70,,102291,23,,,0,30,,102292,23,,,0,70,,102293,23,,,0,30,,102294,23,,,0,70,,102295,23,,,0,31,,102296,23,,,0,71,,102297,23,,,0,40,,92143,23,,,0,80,,92144,23,,,0,81,,92145,23,,,0,47,,102298,23,,,0,98,,102299,23,,,0,100,,102300,23,,,0,154,,102301,23,,,0
3101,'5462',721,,102303,23,,,0,102,,102304,23,,,0,91,,102305,23,,,0,40,,102306,23,,,0,78,,102302,23,,,0,75,,102307,23,,,0,30,,102308,23,,,0,70,,92157,23,,,0,30,,102309,23,,,0,70,,102310,23,,,0,30,,92160,23,,,0,70,,102311,23,,,0,30,,102312,23,,,0,70,,102313,23,,,0,30,,102314,23,,,0,70,,102315,23,,,0,30,,102316,23,,,0,70,,102317,23,,,0,31,,102318,23,,,0,71,,102319,23,,,0,40,,92170,23,,,0,80,,92171,23,,,0,81,,92172,23,,,0,47,,102320,23,,,0,98,,102321,23,,,0,100,,102322,23,,,0,154,,102323,23,,,0
3101,'5463',721,,102325,23,,,0,102,,102326,23,,,0,91,,102327,23,,,0,40,,102328,23,,,0,78,,102324,23,,,0,75,,102329,23,,,0,30,,102330,23,,,0,70,,92184,23,,,0,30,,102331,23,,,0,70,,102332,23,,,0,30,,92187,23,,,0,70,,102333,23,,,0,30,,102334,23,,,0,70,,102335,23,,,0,30,,102336,23,,,0,70,,102337,23,,,0,30,,102338,23,,,0,70,,102339,23,,,0,31,,102340,23,,,0,71,,102341,23,,,0,40,,92197,23,,,0,80,,92198,23,,,0,81,,92199,23,,,0,47,,102342,23,,,0,98,,102343,23,,,0,100,,102344,23,,,0,154,,102345,23,,,0
3201,'5456',725,,102387,32,,,0,84,,92305,32,,,0
3201,'5458',725,,102397,32,,,0,84,,92323,32,,,0
4700,'5456',705,,93089,48,,,0,25,,93087,48,,,0,28,,102670,48,,,0
4700,'5458',705,,93092,48,,,0,25,,93090,48,,,0,28,,102671,48,,,0
4800,'5456',702,,102672,52,,,0,28,,102673,52,,,0,71,,102674,52,,,0
4800,'5458',702,,102675,52,,,0,28,,102676,52,,,0,71,,102677,52,,,0
5300,'5456',738,,93664,45,,,0
5300,'5458',738,,93675,45,,,0
6100,'5456',606,,94909,72,,,0,44,,94907,72,,,0,56,,94908,72,,,0,21,,103334,72,,,0,26,,94900,72,,,0,59,,94895,72,,,0,19,,94894,72,,,0,26,,94893,72,,,0
6100,'5458',606,,94948,72,,,0,44,,94946,72,,,0,56,,94947,72,,,0,21,,103342,72,,,0,26,,94939,72,,,0,59,,94934,72,,,0,19,,94933,72,,,0,26,,94932,72,,,0
6500,'5456',632,,103386,57,,,0,103,,95290,57,,,0,68,,95289,57,,,0,42,,95288,57,,,0
6500,'5458',632,,103387,57,,,0,103,,95294,57,,,0,68,,95293,57,,,0,42,,95292,57,,,0
7001,'5456',739,,103511,15,,,0,107,,95461,15,,,0,96,,103512,15,,,0,99,,103518,15,,,0,104,,103513,15,,,0,99,,103514,15,,,0,101,,103515,15,,,0,101,,103516,15,,,0,108,,103517,15,,,0,98,,103519,15,,,0,68,,103522,15,,,0,31,,103520,15,,,0,95,,103521,15,,,0,97,,103523,15,,,0,199,,103524,15,,,0,198,,103525,15,,,0
7001,'5458',739,,103526,15,,,0,107,,95477,15,,,0,96,,103527,15,,,0,99,,103533,15,,,0,104,,103528,15,,,0,99,,103529,15,,,0,101,,103530,15,,,0,101,,103531,15,,,0,108,,103532,15,,,0,98,,103534,15,,,0,68,,103537,15,,,0,31,,103535,15,,,0,95,,103536,15,,,0,97,,103538,15,,,0,199,,103539,15,,,0,198,,103540,15,,,0
7001,'5459',940,,103541,15,,,0,102,,95484,15,,,0,102,,103542,15,,,0,100,,103543,15,,,0,102,,95487,15,,,0,104,,103544,15,,,0,100,,103545,15,,,0,99,,95490,15,,,0,92,,103546,15,,,0,99,,103547,15,,,0,98,,103548,15,,,0,200,,103549,15,,,0,200,,103550,15,,,0
7001,'5460',938,,95496,15,,,0,201,,103551,15,,,0,101,,95498,15,,,0,103,,103552,15,,,0,101,,103553,15,,,0,100,,103554,15,,,0,99,,103555,15,,,0,102,,103556,15,,,0,97,,103557,15,,,0,100,,103558,15,,,0,100,,103559,15,,,0,97,,103560,15,,,0,199,,103561,15,,,0,98,,95509,15,,,0
7001,'5461',938,,103562,15,,,0,102,,103573,15,,,0,99,,103563,15,,,0,101,,95512,15,,,0,103,,103564,15,,,0,101,,103565,15,,,0,100,,103566,15,,,0,99,,103567,15,,,0,102,,103568,15,,,0,97,,95518,15,,,0,100,,103569,15,,,0,100,,103570,15,,,0,97,,95521,15,,,0,101,,103574,15,,,0,98,,103571,15,,,0,98,,103572,15,,,0
7001,'5462',938,,103575,15,,,0,102,,103586,15,,,0,99,,103576,15,,,0,101,,95528,15,,,0,103,,103577,15,,,0,101,,103578,15,,,0,100,,103579,15,,,0,99,,103580,15,,,0,102,,103581,15,,,0,97,,95534,15,,,0,100,,103582,15,,,0,100,,103583,15,,,0,97,,95537,15,,,0,101,,103587,15,,,0,98,,103584,15,,,0,98,,103585,15,,,0
7001,'5463',938,,103588,15,,,0,201,,95543,15,,,0,101,,95544,15,,,0,103,,103589,15,,,0,101,,103590,15,,,0,100,,103591,15,,,0,99,,103592,15,,,0,102,,103593,15,,,0,97,,103594,15,,,0,100,,103595,15,,,0,100,,103596,15,,,0,97,,103597,15,,,0,199,,103598,15,,,0,98,,103599,15,,,0
7101,'5456',642,,103604,35,,,0,72,,103605,35,,,0,91,,103606,35,,,0
7101,'5458',642,,103607,35,,,0,72,,103608,35,,,0,91,,103609,35,,,0
7201,'5456',624,,103795,56,,,0,82,,103798,56,,,0,33,,103796,56,,,0,75,,103800,56,,,0,32,,103810,56,,,0,60,,103805,56,,,0,27,,103797,56,,,0,69,,103799,56,,,0,30,,103803,56,,,0,71,,103801,56,,,0,31,,103802,56,,,0,73,,103809,56,,,0,30,,103804,56,,,0,70,,103806,56,,,0,31,,103807,56,,,0,70,,103814,56,,,0,31,,103817,56,,,0,72,,103808,56,,,0,34,,103819,56,,,0,71,,103823,56,,,0,31,,103811,56,,,0,66,,103812,56,,,0,28,,103818,56,,,0,68,,103825,56,,,0,29,,103813,56,,,0,67,,103820,56,,,0,29,,103822,56,,,0,68,,103815,56,,,0,30,,103816,56,,,0,70,,103824,56,,,0,30,,103826,56,,,0,70,,103821,56,,,0
7201,'5457',1521,,103827,52,,,0
7201,'5458',624,,103828,56,,,0,82,,103831,56,,,0,33,,103829,56,,,0,75,,103833,56,,,0,32,,103844,56,,,0,60,,103838,56,,,0,27,,103830,56,,,0,69,,103832,56,,,0,30,,103836,56,,,0,71,,103834,56,,,0,31,,103835,56,,,0,73,,103843,56,,,0,30,,103837,56,,,0,70,,103839,56,,,0,31,,103840,56,,,0,70,,103848,56,,,0,31,,103851,56,,,0,72,,103842,56,,,0,10,,103841,52,,,0,24,,103853,56,,,0,71,,103857,56,,,0,31,,103845,56,,,0,66,,103846,56,,,0,28,,103852,56,,,0,68,,103859,56,,,0,29,,103847,56,,,0,67,,103854,56,,,0,29,,103856,56,,,0,68,,103849,56,,,0,30,,103850,56,,,0,70,,103858,56,,,0,30,,103860,56,,,0,70,,103855,56,,,0
7201,'5459',651,,103885,56,,,0,105,,95838,56,,,0,100,,103862,56,,,0,73,,103863,56,,,0,73,,103864,56,,,0,30,,103865,56,,,0,72,,95843,56,,,0,31,,103866,56,,,0,71,,103867,56,,,0,30,,103868,56,,,0,71,,103861,56,,,0,30,,103869,56,,,0,69,,103870,56,,,0,32,,103871,56,,,0,74,,103872,56,,,0,30,,103873,56,,,0,68,,103874,56,,,0,32,,103875,56,,,0,68,,103876,56,,,0,27,,103877,56,,,0,67,,103878,56,,,0,30,,103879,56,,,0,68,,103880,56,,,0,29,,103881,56,,,0,28,,95860,56,,,0,70,,95861,56,,,0,71,,103882,56,,,0,28,,103883,56,,,0,30,,103884,56,,,0
7201,'5460',754,,103887,56,,,0,102,,95868,56,,,0,102,,103888,56,,,0,146,,103889,56,,,0,100,,103891,56,,,0,30,,103892,56,,,0,70,,103886,56,,,0,31,,103890,56,,,0,70,,103893,56,,,0,30,,103895,56,,,0,70,,103896,56,,,0,31,,103897,56,,,0,69,,103894,56,,,0,29,,103898,56,,,0,69,,103899,56,,,0,30,,103900,56,,,0,74,,103901,56,,,0,28,,103902,56,,,0,70,,103903,56,,,0,29,,103904,56,,,0,70,,95887,56,,,0,29,,103905,56,,,0,70,,103906,56,,,0,29,,103907,56,,,0,69,,95890,56,,,0
7201,'5461',754,,103909,56,,,0,102,,103910,56,,,0,102,,103911,56,,,0,146,,103912,56,,,0,100,,103914,56,,,0,30,,103915,56,,,0,70,,103908,56,,,0,31,,103913,56,,,0,70,,103916,56,,,0,30,,103918,56,,,0,70,,103919,56,,,0,31,,103920,56,,,0,69,,103917,56,,,0,29,,103921,56,,,0,69,,103922,56,,,0,30,,103923,56,,,0,74,,103924,56,,,0,28,,103925,56,,,0,70,,103926,56,,,0,29,,103927,56,,,0,70,,103929,56,,,0,29,,103928,56,,,0,70,,103930,56,,,0,29,,103931,56,,,0,69,,103932,56,,,0
7201,'5462',754,,103934,56,,,0,102,,103935,56,,,0,102,,103936,56,,,0,146,,103937,56,,,0,100,,103939,56,,,0,30,,103940,56,,,0,70,,103933,56,,,0,31,,103938,56,,,0,70,,103941,56,,,0,30,,103943,56,,,0,70,,103944,56,,,0,31,,103945,56,,,0,69,,103942,56,,,0,29,,103946,56,,,0,69,,103947,56,,,0,30,,103948,56,,,0,74,,103949,56,,,0,28,,103950,56,,,0,70,,103951,56,,,0,29,,103952,56,,,0,70,,103954,56,,,0,29,,103953,56,,,0,70,,103955,56,,,0,29,,103956,56,,,0,69,,103957,56,,,0
7201,'5463',754,,103959,56,,,0,102,,103960,56,,,0,102,,103961,56,,,0,146,,103962,56,,,0,100,,103964,56,,,0,30,,103965,56,,,0,70,,103958,56,,,0,31,,103963,56,,,0,70,,103966,56,,,0,30,,103968,56,,,0,70,,103969,56,,,0,31,,103970,56,,,0,69,,103967,56,,,0,29,,103971,56,,,0,69,,103972,56,,,0,30,,103973,56,,,0,74,,103974,56,,,0,28,,103975,56,,,0,70,,103976,56,,,0,29,,103977,56,,,0,70,,95962,56,,,0,29,,103978,56,,,0,70,,103979,56,,,0,29,,103980,56,,,0,69,,103981,56,,,0
7501,'5456',619,,96154,51,,,0,30,,96151,51,,,0,63,,96152,51,,,0,22,,104088,51,,,0,24,,104090,51,,,0,66,,104087,51,,,0,19,,96163,51,,,0,16,,104091,51,,,0,68,,96155,51,,,0,32,,104089,53,,,0,79,,96159,53,,,0,71,,104092,53,,,0,34,,104093,53,,,0,68,,96164,53,,,0,30,,104094,53,,,0,71,,96166,53,,,0,30,,104095,53,,,0,70,,96168,53,,,0,33,,104096,53,,,0,72,,104097,53,,,0,34,,104098,53,,,0,60,,104106,53,,,0,10,,104099,53,,,0,19,,96174,53,,,0,14,,96173,53,,,0,49,,96182,51,,,0,9,,104105,32,,,0,10,,104100,53,,,0,27,,96176,53,,,0,66,,104101,53,,,0,29,,96178,53,,,0,97,,96179,53,,,0,96,,96180,53,,,0,100,,104102,53,,,0,98,,104103,53,,,0
7501,'5458',619,,96191,51,,,0,30,,96188,51,,,0,63,,96189,51,,,0,22,,104108,51,,,0,24,,104110,51,,,0,66,,104107,51,,,0,19,,96200,51,,,0,16,,104111,51,,,0,68,,96192,51,,,0,32,,104109,53,,,0,79,,96196,53,,,0,71,,104112,53,,,0,34,,104113,53,,,0,68,,96201,53,,,0,30,,104114,53,,,0,71,,96203,53,,,0,30,,104115,53,,,0,70,,96205,53,,,0,33,,104116,53,,,0,72,,104117,53,,,0,34,,104118,53,,,0,60,,104126,53,,,0,10,,104119,53,,,0,19,,96211,53,,,0,14,,96210,53,,,0,49,,96219,51,,,0,9,,104125,32,,,0,10,,104120,53,,,0,27,,96213,53,,,0,66,,104121,53,,,0,29,,96215,53,,,0,97,,96216,53,,,0,96,,96217,53,,,0,100,,104122,53,,,0,98,,104123,53,,,0
7501,'5459',822,,96226,51,,,0,102,,104128,51,,,0,114,,104129,53,,,0,104,,96229,53,,,0,102,,96230,53,,,0,70,,104130,53,,,0,31,,104131,53,,,0,70,,104132,53,,,0,30,,104133,53,,,0,73,,96235,53,,,0,30,,104134,53,,,0,70,,96237,53,,,0,30,,96238,53,,,0,69,,104135,53,,,0,30,,104136,53,,,0,96,,104137,53,,,0,94,,96242,53,,,0,98,,96243,53,,,0,100,,104138,53,,,0,100,,104139,53,,,0
7501,'5460',923,,96250,51,,,0,112,,104142,53,,,0,101,,96252,53,,,0,104,,104143,53,,,0,71,,104144,53,,,0,30,,96255,53,,,0,70,,104145,53,,,0,30,,96257,53,,,0,71,,104146,53,,,0,31,,104147,53,,,0,70,,104148,53,,,0,30,,104149,53,,,0,100,,104150,53,,,0,101,,104151,53,,,0,98,,104152,53,,,0,97,,96265,53,,,0,99,,104153,53,,,0,100,,104154,53,,,0
7501,'5461',923,,96272,51,,,0,112,,96273,53,,,0,101,,96274,53,,,0,104,,96275,53,,,0,71,,104158,53,,,0,30,,96277,53,,,0,70,,104159,53,,,0,30,,96279,53,,,0,71,,104160,53,,,0,31,,104161,53,,,0,70,,104162,53,,,0,30,,104163,53,,,0,100,,104164,53,,,0,101,,104165,53,,,0,98,,104166,53,,,0,97,,104167,53,,,0,99,,104168,53,,,0,100,,96289,53,,,0
7501,'5462',923,,96294,51,,,0,112,,96295,53,,,0,101,,96296,53,,,0,104,,96297,53,,,0,71,,104172,53,,,0,30,,96299,53,,,0,70,,104173,53,,,0,30,,96301,53,,,0,71,,104174,53,,,0,31,,104175,53,,,0,70,,104176,53,,,0,30,,104177,53,,,0,100,,104178,53,,,0,101,,104179,53,,,0,98,,104180,53,,,0,97,,104181,53,,,0,99,,104182,53,,,0,100,,96311,53,,,0
7501,'5463',923,,96316,51,,,0,112,,96317,53,,,0,101,,96318,53,,,0,104,,96319,53,,,0,71,,104186,53,,,0,30,,96321,53,,,0,70,,104187,53,,,0,30,,96323,53,,,0,71,,104188,53,,,0,31,,104189,53,,,0,70,,104190,53,,,0,30,,104191,53,,,0,100,,104192,53,,,0,101,,104193,53,,,0,98,,104194,53,,,0,97,,104195,53,,,0,99,,104196,53,,,0,100,,96333,53,,,0
1002201,'5456',713,,105669,38,,,0,218,,105670,38,,,0,200,,105671,38,,,0,197,,105672,24,,,0,174,,105673,24,,,0,26,,105675,24,0,5 49,0,175,,105674,24,,,0,132,,98214,24,,,0,172,,98215,24,,,0
1002201,'5458',713,,105676,38,,,0,218,,105677,38,,,0,200,,105678,38,,,0,197,,105679,24,,,0,99,,105680,24,0,5 49,0,75,,105681,24,,,0,201,,105682,24,,,0,132,,98223,24,,,0,172,,98224,24,,,0
1007201,'5456',2305,,105692,59,,,0,96,,105694,59,,,0,58,,105693,59,,,0
1007201,'5458',2305,,105695,59,,,0,96,,105697,59,,,0,58,,105696,59,,,0
1007201,'5459',2306,,98271,59,,,0,96,,105698,59,,,0,56,,105699,59,,,0
1007201,'5460',2304,,98274,59,,,0,96,,105700,59,,,0
1007201,'5461',2304,,105701,59,,,0,96,,105702,59,,,0
1007201,'5462',2304,,105703,59,,,0,96,,105704,59,,,0
1007201,'5463',2304,,98280,59,,,0,96,,105705,59,,,0
24007001,'5458',1338,,98631,14,,,0,208,,98632,14,,,0,198,,98633,14,,,0,192,,98635,14,,,0,199,,98634,14,,,0
24007001,'5459',1138,,98636,14,,,0,199,,98637,14,,,0,204,,105772,14,,,0,194,,105773,14,,,0,199,,105774,14,,,0,198,,105775,14,,,0
24007001,'5460',1133,,98643,14,,,0,205,,105776,14,,,0,203,,98645,14,,,0,196,,105777,14,,,0,200,,105778,14,,,0,197,,105779,14,,,0
24007001,'5461',1133,,105781,14,,,0,108,,105786,14,,,0,97,,105782,14,,,0,102,,105788,14,,,0,101,,98652,14,,,0,100,,105787,14,,,0,96,,105783,14,,,0,101,,105789,14,,,0,99,,105784,14,,,0,197,,105785,14,,,0
24007001,'5462',1133,,105790,14,,,0,108,,105795,14,,,0,97,,105791,14,,,0,102,,105797,14,,,0,101,,98663,14,,,0,100,,105796,14,,,0,96,,105792,14,,,0,101,,105798,14,,,0,99,,105793,14,,,0,197,,105794,14,,,0
24007001,'5463',1133,,105799,14,,,0,108,,105804,14,,,0,97,,105800,14,,,0,203,,98674,14,,,0,100,,98680,14,,,0,96,,105801,14,,,0,200,,105802,14,,,0,197,,105803,14,,,0
