7500,'5456',543,,95966,48,0,42 43,0,58,,95968,48,0,13 14,0,19,,95972,48,0,13 14,0,20,,95975,48,0,13 14,0,17,,95978,48,0,13 14,0,58,,95980,48,0,13 14,0,15,,95970,48,0,42 43,0,18,,95983,48,0,13 14 49,0,8,,95983,59,0,13 14,0,53,,95967,48,0,13 14,0,21,,95969,48,0,13 14,0,21,,95971,48,0,42 43,0,69,,95974,50,0,13 14,0,28,,95973,50,0,42 43,0,74,,95977,50,0,13 14,0,27,,95976,50,0,42 43,0,70,,95979,50,0,13 14,0,29,,95987,50,0,42 43,0,70,,95981,50,0,13 14,0,30,,95982,50,0,42 43,0,70,,95984,50,0,13 14,0,29,,95985,50,0,42 43,0,70,,95986,50,0,13 14,0,26,,95988,50,0,42 43,0,70,,95989,50,0,42 43,0,34,,95990,50,0,42 43,0,70,,95991,50,0,13 14,0,31,,95992,50,0,42 43,0,61,,96002,48,0,13 14 49,0,8,,96002,59,0,13 14,0,11,,95993,48,0,42 43,0,8,,95993,59,0,42 43,0,17,,95995,50,0,13 14 49,0,49,,95995,61,0,13 14,0,3,,95994,48,0,13 14 49,0,8,,95994,59,0,13 14,0,16,,96001,50,0,13 14,0,15,,95996,48,0,42 43,0,8,,95996,59,0,42 43,0,64,,95997,50,0,13 14,0,36,,95998,50,0,42 43,0,148,,95999,50,0,42 43,0,55,,96000,50,0,13 14,0,99,,96003,48,0,13 14,0,148,,96004,48,0,13 14,0
7500,'5458',543,,96005,48,0,42 43,0,58,,96007,48,0,13 14,0,19,,96011,48,0,13 14,0,20,,96014,48,0,13 14,0,17,,96017,48,0,13 14,0,58,,96019,48,0,13 14,0,15,,96009,48,0,42 43,0,18,,96022,48,0,13 14 49,0,8,,96022,59,0,13 14,0,53,,96006,48,0,13 14,0,21,,96008,48,0,13 14,0,21,,96010,48,0,42 43,0,69,,96013,50,0,13 14,0,28,,96012,50,0,42 43,0,74,,96016,50,0,13 14,0,27,,96015,50,0,42 43,0,70,,96018,50,0,13 14,0,29,,96026,50,0,42 43,0,70,,96020,50,0,13 14,0,30,,96021,50,0,42 43,0,70,,96023,50,0,13 14,0,29,,96024,50,0,42 43,0,70,,96025,50,0,13 14,0,26,,96027,50,0,42 43,0,70,,96028,50,0,42 43,0,34,,96029,50,0,42 43,0,70,,96030,50,0,13 14,0,31,,96031,50,0,42 43,0,61,,96041,48,0,13 14 49,0,8,,96041,59,0,13 14,0,11,,96032,48,0,42 43,0,8,,96032,59,0,42 43,0,17,,96034,50,0,13 14 49,0,49,,96034,61,0,13 14,0,3,,96033,48,0,13 14 49,0,8,,96033,59,0,13 14,0,16,,96040,50,0,13 14,0,15,,96035,48,0,42 43,0,8,,96035,59,0,42 43,0,64,,96036,50,0,13 14,0,36,,96037,50,0,42 43,0,148,,96038,50,0,42 43,0,55,,96039,50,0,13 14,0,99,,96042,48,0,13 14,0,148,,96043,48,0,13 14,0
7500,'5459',700,,96045,48,0,13 14,0,54,,96046,48,0,42 43,0,99,,96047,48,0,42 43,0,99,,96044,50,0,42 43,0,98,,96048,50,0,42 43,0,101,,96049,50,0,42 43,0,70,,96050,50,0,13 14,0,30,,96051,50,0,42 43,0,69,,96052,50,0,13 14,0,31,,96053,50,0,42 43,0,64,,96054,50,0,13 14,0,36,,96055,50,0,42 43,0,70,,96056,50,0,13 14,0,30,,96057,50,0,42 43,0,71,,96058,50,0,13 14,0,30,,96059,50,0,42 43,0,100,,96060,50,0,42 43,0,102,,96061,50,0,42 43,0,101,,96062,50,0,42 43,0,102,,96063,50,0,42 43,0,98,,96064,50,0,13 14,0,101,,96065,48,0,13 14,0,101,,96066,48,0,13 14,0
7500,'5460',654,,96067,48,0,13 14,0,99,,96068,48,0,42 43,0,101,,96069,48,0,42 43,0,99,,96070,50,0,42 43,0,98,,96071,50,0,42 43,0,100,,96072,50,0,42 43,0,70,,96073,50,0,13 14,0,30,,96074,50,0,42 43,0,70,,96075,50,0,13 14,0,30,,96076,50,0,42 43,0,70,,96077,50,0,13 14,0,30,,96078,50,0,42 43,0,70,,96079,50,0,13 14,0,30,,96080,50,0,42 43,0,100,,96081,50,0,42 43,0,101,,96082,50,0,42 43,0,102,,96083,50,0,42 43,0,103,,96084,50,0,42 43,0,144,,96085,50,0,42 43,0,56,,96086,50,0,13 14,0,169,,96087,48,0,13 14,0
7500,'5461',654,,96088,48,0,13 14,0,99,,96089,48,0,42 43,0,101,,96090,48,0,42 43,0,99,,96091,50,0,42 43,0,98,,96092,50,0,42 43,0,100,,96093,50,0,42 43,0,70,,96094,50,0,13 14,0,30,,96095,50,0,42 43,0,70,,96096,50,0,13 14,0,30,,96097,50,0,42 43,0,70,,96098,50,0,13 14,0,30,,96099,50,0,42 43,0,70,,96100,50,0,13 14,0,30,,96101,50,0,42 43,0,100,,96102,50,0,42 43,0,101,,96103,50,0,42 43,0,102,,96104,50,0,42 43,0,103,,96105,50,0,42 43,0,144,,96106,50,0,42 43,0,56,,96107,50,0,13 14,0,169,,96108,48,0,13 14,0
7500,'5462',654,,96109,48,0,13 14,0,99,,96110,48,0,42 43,0,101,,96111,48,0,42 43,0,99,,96112,50,0,42 43,0,98,,96113,50,0,42 43,0,100,,96114,50,0,42 43,0,70,,96115,50,0,13 14,0,30,,96116,50,0,42 43,0,70,,96117,50,0,13 14,0,30,,96118,50,0,42 43,0,70,,96119,50,0,13 14,0,30,,96120,50,0,42 43,0,70,,96121,50,0,13 14,0,30,,96122,50,0,42 43,0,100,,96123,50,0,42 43,0,101,,96124,50,0,42 43,0,102,,96125,50,0,42 43,0,103,,96126,50,0,42 43,0,144,,96127,50,0,42 43,0,56,,96128,50,0,13 14,0,169,,96129,48,0,13 14,0
7500,'5463',654,,96130,48,0,13 14,0,99,,96131,48,0,42 43,0,101,,96132,48,0,42 43,0,99,,96133,50,0,42 43,0,98,,96134,50,0,42 43,0,100,,96135,50,0,42 43,0,70,,96136,50,0,13 14,0,30,,96137,50,0,42 43,0,70,,96138,50,0,13 14,0,30,,96139,50,0,42 43,0,70,,96140,50,0,13 14,0,30,,96141,50,0,42 43,0,70,,96142,50,0,13 14,0,30,,96143,50,0,42 43,0,100,,96144,50,0,42 43,0,101,,96145,50,0,42 43,0,102,,96146,50,0,42 43,0,103,,96147,50,0,42 43,0,144,,96148,50,0,42 43,0,56,,96149,50,0,13 14,0,169,,96150,48,0,13 14,0
8301,'5456',716,,96579,32,,,0,97,,96577,32,,,0,209,,96578,32,,,0,181,,96581,32,,,0,155,,96580,32,,,0,251,,96582,32,,,0,212,,96583,32,,,0,199,,96584,32,,,0
8301,'5458',716,,96587,32,,,0,97,,96585,32,,,0,209,,96586,32,,,0,181,,96589,32,,,0,155,,96588,32,,,0,251,,96590,32,,,0,212,,96591,32,,,0,199,,96592,32,,,0
8301,'5459',958,,96596,32,,,0,300,,96594,32,,,0,345,,96595,32,,,0,299,,96593,32,,,0
8301,'5460',957,,96599,32,,,0,300,,96600,32,,,0,345,,96598,32,,,0,299,,96597,32,,,0
8301,'5461',957,,96603,32,,,0,300,,96604,32,,,0,345,,96602,32,,,0,299,,96601,32,,,0
8301,'5462',957,,96607,32,,,0,300,,96608,32,,,0,345,,96606,32,,,0,299,,96605,32,,,0
8301,'5463',957,,96611,32,,,0,300,,96612,32,,,0,345,,96610,32,,,0,299,,96609,32,,,0
