2100,'5456',635,,88096,5,0,18 19,0,512,,88132,33,0,18 19,0,503,,88137,33,0,18 19,0
2100,'5458',635,,88143,5,0,18 19,0,512,,88179,33,0,18 19,0,503,,88184,33,0,18 19,0
2100,'5459',855,,88198,33,0,18 19,0,387,,100408,33,0,18 19,0,199,,100409,33,0,18 19,0,202,,88204,33,0,18 19,0,199,,100414,33,0,18 19,0
2100,'5460',915,,88219,33,0,18 19,0,322,,100420,33,0,18 19,0,203,,100422,33,0,18 19,0,200,,88229,33,0,18 19,0,197,,88235,33,0,18 19,0
2100,'5461',915,,88244,33,0,18 19,0,322,,88242,33,0,18 19,0,203,,100427,33,0,18 19,0,200,,100428,33,0,18 19,0,197,,88260,33,0,18 19,0
2100,'5462',915,,88269,33,0,18 19,0,322,,88267,33,0,18 19,0,203,,100432,33,0,18 19,0,200,,100433,33,0,18 19,0,197,,88285,33,0,18 19,0
2100,'5463',915,,88294,33,0,18 19,0,322,,88292,33,0,18 19,0,203,,100437,33,0,18 19,0,200,,100438,33,0,18 19,0,197,,88310,33,0,18 19,0
8301,'5456',733,,96579,55,,,0,98,,96577,55,,,0,208,,96578,55,,,0,181,,105877,55,,,0,195,,105876,55,,,0,213,,96582,55,,,0,210,,96583,55,,,0,199,,96584,55,,,0
8301,'5458',733,,96587,55,,,0,98,,96585,55,,,0,208,,96586,55,,,0,181,,105879,55,,,0,195,,105878,55,,,0,213,,96590,55,,,0,210,,96591,55,,,0,199,,96592,55,,,0
8301,'5459',1015,,104345,55,,,0,300,,104343,55,,,0,305,,104344,55,,,0,299,,104342,55,,,0
8301,'5460',1013,,104348,55,,,0,300,,104349,55,,,0,305,,104347,55,,,0,299,,104346,55,,,0
8301,'5461',1013,,104352,55,,,0,300,,104353,55,,,0,305,,104351,55,,,0,299,,104350,55,,,0
8301,'5462',1013,,104356,55,,,0,300,,104357,55,,,0,305,,104355,55,,,0,299,,104354,55,,,0
8301,'5463',1013,,105882,55,,,0,300,,105883,55,,,0,305,,105881,55,,,0,299,,105880,55,,,0
