400,'5456',608,,82744,22,,,0,22,,82741,22,,,0,20,,82757,22,,,0,63,,82738,22,,,0,15,,82767,22,,,0,16,,82804,22,,,0,58,,82785,22,,,0,11,,98726,16,,,0,4,,82778,22,,,0,6,,98719,16,,,0,5,,98720,22,,,0,4,,82742,22,,,0,9,,98722,16,,,0,5,,82762,22,,,0,7,,82755,16,,,0,47,,82768,22,,,0,6,,82748,16,,,0,8,,82749,22,,,0,7,,98721,16,,,0,7,,82758,22,,,0,12,,82750,22,,,0,13,,82772,22,,,0,54,,82752,22,,,0,14,,82770,22,,,0,13,,82775,22,,,0,13,,98725,22,,,0,53,,82780,22,,,0,13,,82779,22,,,0,14,,82781,22,,,0,14,,82790,22,,,0,15,,82792,22,,,0,53,,82799,22,,,0,14,,98727,22,,,0,13,,82794,22,,,0,14,,82809,22,,,0,53,,82805,22,,,0,15,,82760,22,,,0,15,,82814,22,,,0,4,,98728,15,,,0,9,,82751,22,,,0,54,,82765,22,,,0,14,,82766,22,,,0,12,,82745,22,,,0,13,,82746,22,,,0,13,,82773,22,,,0,54,,82740,22,,,0,15,,82771,22,,,0,18,,82774,22,,,0,18,,82783,22,,,0,57,,82787,22,,,0,17,,82782,22,,,0,19,,82786,22,,,0,55,,82791,22,,,0,17,,82789,22,,,0,17,,82796,22,,,0,14,,82793,22,,,0,53,,82798,22,,,0,12,,82802,22,,,0,14,,82810,22,,,0,15,,82815,22,,,0,54,,82739,22,,,0,14,,82763,22,,,0,15,,82753,22,,,0,15,,82756,22,,,0,55,,82776,22,,,0,13,,82795,22,,,0,15,,98724,22,,,0,16,,82788,22,,,0,57,,82764,22,,,0,17,,82800,22,,,0,14,,98723,22,,,0,16,,82811,22,,,0,58,,82801,22,,,0,20,,82806,22,,,0,20,,82812,22,,,0,62,,82807,22,,,0,24,,82813,22,,,0,69,,82808,22,,,0,28,,82803,22,,,0
400,'5458',608,,82824,22,,,0,22,,82821,22,,,0,20,,82838,22,,,0,63,,82817,22,,,0,15,,82848,22,,,0,16,,82885,22,,,0,58,,82866,22,,,0,11,,98736,16,,,0,4,,82859,22,,,0,6,,98729,16,,,0,5,,98730,22,,,0,4,,82822,22,,,0,9,,98732,16,,,0,5,,82843,22,,,0,7,,82836,16,,,0,47,,82849,22,,,0,6,,82828,16,,,0,8,,82829,22,,,0,7,,98731,16,,,0,7,,82839,22,,,0,12,,82830,22,,,0,13,,82853,22,,,0,54,,82832,22,,,0,14,,82851,22,,,0,13,,82856,22,,,0,13,,98735,22,,,0,53,,82861,22,,,0,13,,82860,22,,,0,14,,82862,22,,,0,14,,82871,22,,,0,15,,82873,22,,,0,53,,82880,22,,,0,14,,98737,22,,,0,13,,82875,22,,,0,14,,82890,22,,,0,53,,82886,22,,,0,15,,82841,22,,,0,15,,82897,22,,,0,4,,98738,15,,,0,9,,82831,22,,,0,54,,82846,22,,,0,14,,82847,22,,,0,12,,82825,22,,,0,13,,82826,22,,,0,13,,82854,22,,,0,54,,82820,22,,,0,15,,82852,22,,,0,18,,82855,22,,,0,18,,82864,22,,,0,57,,82868,22,,,0,17,,82863,22,,,0,19,,82867,22,,,0,55,,82872,22,,,0,17,,82870,22,,,0,17,,82877,22,,,0,14,,82874,22,,,0,53,,82879,22,,,0,12,,82883,22,,,0,14,,82891,22,,,0,15,,82898,22,,,0,54,,82819,22,,,0,14,,82844,22,,,0,15,,82833,22,,,0,15,,82837,22,,,0,55,,82857,22,,,0,13,,82876,22,,,0,15,,98734,22,,,0,16,,82869,22,,,0,57,,82845,22,,,0,17,,82881,22,,,0,14,,98733,22,,,0,16,,82892,22,,,0,58,,82882,22,,,0,20,,82887,22,,,0,20,,82894,22,,,0,62,,82888,22,,,0,24,,82895,22,,,0,69,,82889,22,,,0,28,,82884,22,,,0,30,,82893,22,,,0,70,,82896,22,,,0,30,,82899,22,,,0,70,,82818,22,,,0,30,,82834,22,,,0
400,'5459',655,,98748,22,,,0,66,,82925,22,,,0,21,,82930,22,,,0,60,,82937,22,,,0,21,,82919,22,,,0,18,,82935,22,,,0,18,,98746,22,,,0,56,,82920,22,,,0,16,,82910,22,,,0,16,,82936,22,,,0,56,,98747,22,,,0,16,,98739,22,,,0,16,,82913,22,,,0,15,,82907,22,,,0,56,,82966,22,,,0,17,,98740,22,,,0,15,,82926,22,,,0,16,,82902,22,,,0,56,,82914,22,,,0,15,,82924,22,,,0,15,,98745,22,,,0,15,,82943,22,,,0,55,,82901,22,,,0,16,,82908,22,,,0,16,,82918,22,,,0,17,,98741,22,,,0,56,,82938,22,,,0,16,,82906,22,,,0,15,,82911,22,,,0,56,,82921,22,,,0,16,,98744,22,,,0,16,,82941,22,,,0,16,,82903,22,,,0,56,,82917,22,,,0,15,,82912,22,,,0,16,,98742,22,,,0,16,,82940,22,,,0,55,,82915,22,,,0,16,,82922,22,,,0,15,,82905,22,,,0,16,,98743,22,,,0,55,,82929,22,,,0,16,,82916,22,,,0,15,,82909,22,,,0,18,,82923,22,,,0,58,,98749,22,,,0,18,,82945,22,,,0,18,,82947,22,,,0,58,,82946,22,,,0,17,,98755,22,,,0,17,,82954,22,,,0,58,,82953,22,,,0,18,,82955,22,,,0,18,,98752,22,,,0,18,,98756,22,,,0,58,,82959,22,,,0,24,,82960,22,,,0,63,,98754,22,,,0,30,,98753,22,,,0,70,,82961,22,,,0,30,,98757,22,,,0,69,,82965,22,,,0,28,,98751,22,,,0,30,,82949,22,,,0,70,,98750,22,,,0,30,,82951,22,,,0
400,'5460',803,,82967,22,,,0,30,,82968,22,,,0,72,,82969,22,,,0,31,,82970,22,,,0,70,,82971,22,,,0,30,,82972,22,,,0,20,,98758,22,,,0,61,,82974,22,,,0,20,,82975,22,,,0,20,,82976,22,,,0,60,,82977,22,,,0,21,,82978,22,,,0,21,,82979,22,,,0,60,,82980,22,,,0,20,,82981,22,,,0,20,,82982,22,,,0,60,,82983,22,,,0,19,,83010,22,,,0,18,,82984,22,,,0,57,,82985,22,,,0,16,,82986,22,,,0,16,,82987,22,,,0,56,,83012,22,,,0,16,,82988,22,,,0,16,,82989,22,,,0,16,,82990,22,,,0,56,,82991,22,,,0,15,,83011,22,,,0,14,,82992,22,,,0,17,,82993,22,,,0,57,,82994,22,,,0,18,,82995,22,,,0,17,,82996,22,,,0,57,,82997,22,,,0,18,,82998,22,,,0,18,,82999,22,,,0,18,,83000,22,,,0,58,,83013,22,,,0,17,,83001,22,,,0,20,,83002,22,,,0,60,,83003,22,,,0,24,,83004,22,,,0,70,,98759,22,,,0,31,,83006,22,,,0,69,,83007,22,,,0,29,,83008,22,,,0,81,,83009,22,,,0
400,'5461',803,,83014,22,,,0,30,,83015,22,,,0,72,,83016,22,,,0,31,,98760,22,,,0,70,,83018,22,,,0,30,,83019,22,,,0,20,,83020,22,,,0,61,,83021,22,,,0,20,,83022,22,,,0,20,,83023,22,,,0,60,,98761,22,,,0,21,,83025,22,,,0,21,,83026,22,,,0,60,,83027,22,,,0,20,,98762,22,,,0,20,,83029,22,,,0,60,,83030,22,,,0,19,,83057,22,,,0,18,,98763,22,,,0,57,,98764,22,,,0,16,,83033,22,,,0,16,,83034,22,,,0,56,,83059,22,,,0,16,,98765,22,,,0,16,,98766,22,,,0,16,,83037,22,,,0,56,,83038,22,,,0,15,,83058,22,,,0,14,,98767,22,,,0,17,,98768,22,,,0,57,,83041,22,,,0,18,,83042,22,,,0,17,,98769,22,,,0,57,,83044,22,,,0,18,,83045,22,,,0,18,,83046,22,,,0,18,,83047,22,,,0,58,,98777,22,,,0,17,,98770,22,,,0,20,,83049,22,,,0,60,,83050,22,,,0,24,,98771,22,,,0,70,,98772,22,,,0,31,,98773,22,,,0,69,,98774,22,,,0,29,,98775,22,,,0,81,,98776,22,,,0
400,'5462',803,,83061,22,,,0,30,,83062,22,,,0,72,,83063,22,,,0,31,,98778,22,,,0,70,,83065,22,,,0,30,,83066,22,,,0,20,,83067,22,,,0,61,,83068,22,,,0,20,,83069,22,,,0,20,,83070,22,,,0,60,,98779,22,,,0,21,,83072,22,,,0,21,,83073,22,,,0,60,,83074,22,,,0,20,,98780,22,,,0,20,,83076,22,,,0,60,,83077,22,,,0,19,,83104,22,,,0,18,,98781,22,,,0,57,,98782,22,,,0,16,,83080,22,,,0,16,,83081,22,,,0,56,,83106,22,,,0,16,,98783,22,,,0,16,,98784,22,,,0,16,,83084,22,,,0,56,,83085,22,,,0,15,,83105,22,,,0,14,,98785,22,,,0,17,,98786,22,,,0,57,,83088,22,,,0,18,,83089,22,,,0,17,,98787,22,,,0,57,,83091,22,,,0,18,,83092,22,,,0,18,,83093,22,,,0,18,,83094,22,,,0,58,,98795,22,,,0,17,,98788,22,,,0,20,,83096,22,,,0,60,,83097,22,,,0,24,,98789,22,,,0,70,,98790,22,,,0,31,,98791,22,,,0,69,,98792,22,,,0,29,,98793,22,,,0,81,,98794,22,,,0
400,'5463',803,,83108,22,,,0,30,,83109,22,,,0,72,,83110,22,,,0,31,,98796,22,,,0,70,,83112,22,,,0,30,,83113,22,,,0,20,,83114,22,,,0,61,,83115,22,,,0,20,,83116,22,,,0,20,,83117,22,,,0,60,,98797,22,,,0,21,,83119,22,,,0,21,,83120,22,,,0,60,,83121,22,,,0,20,,98798,22,,,0,20,,83123,22,,,0,60,,83124,22,,,0,19,,83151,22,,,0,18,,98799,22,,,0,57,,98800,22,,,0,16,,83127,22,,,0,16,,83128,22,,,0,56,,83153,22,,,0,16,,98801,22,,,0,16,,98802,22,,,0,16,,83131,22,,,0,56,,83132,22,,,0,15,,83152,22,,,0,14,,98803,22,,,0,17,,98804,22,,,0,57,,83135,22,,,0,18,,83136,22,,,0,17,,98805,22,,,0,57,,83138,22,,,0,18,,83139,22,,,0,18,,83140,22,,,0,18,,83141,22,,,0,58,,98813,22,,,0,17,,98806,22,,,0,20,,83143,22,,,0,60,,83144,22,,,0,24,,98807,22,,,0,70,,98808,22,,,0,31,,98809,22,,,0,69,,98810,22,,,0,29,,98811,22,,,0,81,,98812,22,,,0
701,'5456',622,,84790,27,,,0,30,,84805,27,,,0,65,,84792,27,,,0,15,,84819,27,,,0,17,,84791,27,,,0,52,,99327,27,,,0,6,,84827,27,,,0,10,,84833,27,,,0,7,,84813,27,,,0,10,,84834,27,,,0,8,,84794,27,,,0,16,,84816,27,,,0,57,,84806,27,,,0,14,,84825,27,,,0,19,,84795,27,,,0,60,,84796,27,,,0,20,,84829,27,,,0,19,,84812,27,,,0,61,,84793,27,,,0,20,,84817,27,,,0,21,,84823,27,,,0,60,,84797,27,,,0,20,,84798,27,,,0,25,,84831,27,,,0,60,,84814,27,,,0,20,,84800,27,,,0,21,,99326,27,,,0,59,,84824,27,,,0,22,,84799,27,,,0,23,,84801,27,,,0,62,,84835,27,,,0,19,,84828,27,,,0,18,,84807,27,,,0,54,,99325,27,,,0,24,,84837,27,,,0,19,,84815,27,,,0,57,,84820,27,,,0,19,,84803,27,,,0,14,,84804,27,,,0,56,,84836,27,,,0,18,,84826,27,,,0,19,,84809,27,,,0,17,,84810,27,,,0,70,,84821,27,,,0,29,,84808,27,,,0,70,,84830,27,,,0,29,,84811,27,,,0,70,,84822,27,,,0
701,'5458',622,,84838,27,,,0,30,,84853,27,,,0,65,,84840,27,,,0,15,,84867,27,,,0,17,,84839,27,,,0,52,,99330,27,,,0,6,,84875,27,,,0,10,,84881,27,,,0,7,,84861,27,,,0,10,,84882,27,,,0,8,,84842,27,,,0,16,,84864,27,,,0,57,,84854,27,,,0,14,,84873,27,,,0,19,,84843,27,,,0,60,,84844,27,,,0,20,,84877,27,,,0,19,,84860,27,,,0,61,,84841,27,,,0,20,,84865,27,,,0,21,,84871,27,,,0,60,,84845,27,,,0,20,,84846,27,,,0,25,,84879,27,,,0,60,,84862,27,,,0,20,,84848,27,,,0,21,,99329,27,,,0,59,,84872,27,,,0,22,,84847,27,,,0,23,,84849,27,,,0,62,,84883,27,,,0,19,,84876,27,,,0,18,,84855,27,,,0,54,,99328,27,,,0,24,,84885,27,,,0,19,,84863,27,,,0,57,,84868,27,,,0,19,,84851,27,,,0,14,,84852,27,,,0,56,,84884,27,,,0,18,,84874,27,,,0,19,,84857,27,,,0,17,,84858,27,,,0,70,,84869,27,,,0,29,,84856,27,,,0,70,,84878,27,,,0,29,,84859,27,,,0,70,,84870,27,,,0
701,'5459',711,,84913,27,,,0,30,,84897,27,,,0,73,,99339,27,,,0,32,,84890,27,,,0,70,,84914,27,,,0,29,,84898,27,,,0,73,,99340,27,,,0,27,,84886,27,,,0,70,,99331,27,,,0,29,,99341,27,,,0,71,,99335,27,,,0,29,,99338,27,,,0,68,,84887,27,,,0,31,,99332,27,,,0,70,,84909,27,,,0,30,,99334,27,,,0,69,,84902,27,,,0,31,,99333,27,,,0,70,,84892,27,,,0,33,,84910,27,,,0,70,,99336,27,,,0,29,,84904,27,,,0,71,,84896,27,,,0,29,,99337,27,,,0,69,,84911,27,,,0,30,,84900,27,,,0,75,,84905,27,,,0,36,,84903,27,,,0,68,,84912,27,,,0
701,'5460',720,,99345,27,,,0,80,,84916,27,,,0,41,,84928,27,,,0,76,,84929,27,,,0,25,,84915,27,,,0,69,,84917,27,,,0,31,,99346,27,,,0,69,,84918,27,,,0,31,,84933,27,,,0,69,,99342,27,,,0,31,,99343,27,,,0,70,,99348,27,,,0,28,,99347,27,,,0,70,,84934,27,,,0,30,,99349,27,,,0,69,,84922,27,,,0,31,,99344,27,,,0,73,,84925,27,,,0,32,,84924,27,,,0,69,,84921,27,,,0,30,,84926,27,,,0,69,,84936,27,,,0,32,,84937,27,,,0,74,,99350,27,,,0,34,,84940,27,,,0,69,,84939,27,,,0
701,'5461',720,,84953,27,,,0,80,,99352,27,,,0,41,,84954,27,,,0,76,,84955,27,,,0,25,,99351,27,,,0,69,,84943,27,,,0,31,,84956,27,,,0,69,,84944,27,,,0,31,,84959,27,,,0,69,,84945,27,,,0,31,,99353,27,,,0,70,,99356,27,,,0,28,,99355,27,,,0,70,,84960,27,,,0,30,,99357,27,,,0,69,,84948,27,,,0,31,,99354,27,,,0,73,,84951,27,,,0,32,,84950,27,,,0,69,,84947,27,,,0,30,,84952,27,,,0,69,,84962,27,,,0,32,,84963,27,,,0,74,,99358,27,,,0,34,,99359,27,,,0,69,,84965,27,,,0
701,'5462',720,,84979,27,,,0,80,,99361,27,,,0,41,,84980,27,,,0,76,,84981,27,,,0,25,,99360,27,,,0,69,,84969,27,,,0,31,,84982,27,,,0,69,,84970,27,,,0,31,,84985,27,,,0,69,,84971,27,,,0,31,,99362,27,,,0,70,,99365,27,,,0,28,,99364,27,,,0,70,,84986,27,,,0,30,,99366,27,,,0,69,,84974,27,,,0,31,,99363,27,,,0,73,,84977,27,,,0,32,,84976,27,,,0,69,,84973,27,,,0,30,,84978,27,,,0,69,,84988,27,,,0,32,,84989,27,,,0,74,,99367,27,,,0,34,,99368,27,,,0,69,,84991,27,,,0
701,'5463',720,,85005,27,,,0,80,,99370,27,,,0,41,,85006,27,,,0,76,,85007,27,,,0,25,,99369,27,,,0,69,,84995,27,,,0,31,,85008,27,,,0,69,,84996,27,,,0,31,,85011,27,,,0,69,,84997,27,,,0,31,,99371,27,,,0,70,,99374,27,,,0,28,,99373,27,,,0,70,,85012,27,,,0,30,,99375,27,,,0,69,,85000,27,,,0,31,,99372,27,,,0,73,,85003,27,,,0,32,,85002,27,,,0,69,,84999,27,,,0,30,,85004,27,,,0,69,,85014,27,,,0,32,,85015,27,,,0,74,,99376,27,,,0,34,,99377,27,,,0,69,,85017,27,,,0
900,'5456',720,,85245,27,,,0,15,,99400,27,,,0,17,,85244,46,,,0,55,,85241,27,,,0,28,,99399,46,,,0
900,'5458',720,,85250,27,,,0,15,,99402,27,,,0,17,,85249,46,,,0,55,,85246,27,,,0,28,,99401,46,,,0
14000701,'5456',2154,,98463,32,,,0,72,,98467,32,,,0,28,,98462,32,,,0,70,,98465,32,,,0,76,,98464,32,,,0,28,,98466,32,,,0
14000701,'5458',2154,,98469,32,,,0,72,,98473,32,,,0,28,,98468,32,,,0,70,,98471,32,,,0,76,,98470,32,,,0,28,,98472,32,,,0
14000701,'5459',2155,,98474,32,,,0,72,,98475,32,,,0,29,,98477,32,,,0,69,,98476,32,,,0,75,,98478,32,,,0,27,,98479,32,,,0
14000701,'5460',2054,,105746,32,,,0,70,,98482,32,,,0,79,,98481,32,,,0,22,,98483,32,,,0,99,,98484,32,,,0,103,,98485,32,,,0
14000701,'5461',2054,,98486,32,,,0,70,,98488,32,,,0,79,,105747,32,,,0,22,,98489,32,,,0,99,,98490,32,,,0,103,,98491,32,,,0
14000701,'5462',2054,,98492,32,,,0,70,,98494,32,,,0,79,,105748,32,,,0,22,,98495,32,,,0,99,,98496,32,,,0,103,,98497,32,,,0
14000701,'5463',2054,,98498,32,,,0,70,,98500,32,,,0,79,,105749,32,,,0,22,,98501,32,,,0,99,,98502,32,,,0,103,,98503,32,,,0
