400,'5456',610,,82744,25,,,0,22,,82741,25,,,0,19,,82757,25,,,0,63,,82738,25,,,0,15,,82767,25,,,0,16,,82804,25,,,0,59,,82785,25,,,0,11,,98726,19,,,0,4,,82778,25,,,0,6,,98719,19,,,0,5,,98720,25,,,0,4,,82742,25,,,0,9,,98722,19,,,0,5,,82762,25,,,0,7,,82755,19,,,0,47,,82768,25,,,0,6,,82748,19,,,0,8,,82749,25,,,0,7,,98721,19,,,0,7,,82758,25,,,0,12,,82750,25,,,0,13,,82772,25,,,0,54,,82752,25,,,0,14,,82770,25,,,0,13,,82775,25,,,0,13,,98725,25,,,0,53,,82780,25,,,0,13,,82779,25,,,0,14,,82781,25,,,0,14,,82790,25,,,0,15,,82792,25,,,0,53,,82799,25,,,0,14,,98727,25,,,0,13,,82794,25,,,0,14,,82809,25,,,0,53,,82805,25,,,0,15,,82760,25,,,0,15,,82814,25,,,0,4,,98728,18,,,0,9,,82751,25,,,0,54,,82765,25,,,0,14,,82766,25,,,0,12,,82745,25,,,0,13,,82746,25,,,0,13,,82773,25,,,0,54,,82740,25,,,0,15,,82771,25,,,0,18,,82774,25,,,0,18,,82783,25,,,0,57,,82787,25,,,0,17,,82782,25,,,0,19,,82786,25,,,0,55,,82791,25,,,0,17,,82789,25,,,0,17,,82796,25,,,0,14,,82793,25,,,0,53,,82798,25,,,0,12,,82802,25,,,0,14,,82810,25,,,0,15,,82815,25,,,0,53,,82739,25,,,0,14,,82763,25,,,0,15,,82753,25,,,0,15,,82756,25,,,0,55,,82776,25,,,0,14,,82795,25,,,0,15,,98724,25,,,0,16,,82788,25,,,0,57,,82764,25,,,0,17,,82800,25,,,0,14,,98723,25,,,0,16,,82811,25,,,0,58,,82801,25,,,0,20,,82806,25,,,0,20,,82812,25,,,0,62,,82807,25,,,0,24,,82813,25,,,0,69,,82808,25,,,0,28,,82803,25,,,0
400,'5458',610,,82824,25,,,0,22,,82821,25,,,0,19,,82838,25,,,0,63,,82817,25,,,0,15,,82848,25,,,0,16,,82885,25,,,0,59,,82866,25,,,0,11,,98736,19,,,0,4,,82859,25,,,0,6,,98729,19,,,0,5,,98730,25,,,0,4,,82822,25,,,0,9,,98732,19,,,0,5,,82843,25,,,0,7,,82836,19,,,0,47,,82849,25,,,0,6,,82828,19,,,0,8,,82829,25,,,0,7,,98731,19,,,0,7,,82839,25,,,0,12,,82830,25,,,0,13,,82853,25,,,0,54,,82832,25,,,0,14,,82851,25,,,0,13,,82856,25,,,0,13,,98735,25,,,0,53,,82861,25,,,0,13,,82860,25,,,0,14,,82862,25,,,0,14,,82871,25,,,0,15,,82873,25,,,0,53,,82880,25,,,0,14,,98737,25,,,0,13,,82875,25,,,0,14,,82890,25,,,0,53,,82886,25,,,0,15,,82841,25,,,0,15,,82897,25,,,0,4,,98738,18,,,0,9,,82831,25,,,0,54,,82846,25,,,0,14,,82847,25,,,0,12,,82825,25,,,0,13,,82826,25,,,0,13,,82854,25,,,0,54,,82820,25,,,0,15,,82852,25,,,0,18,,82855,25,,,0,18,,82864,25,,,0,57,,82868,25,,,0,17,,82863,25,,,0,19,,82867,25,,,0,55,,82872,25,,,0,17,,82870,25,,,0,17,,82877,25,,,0,14,,82874,25,,,0,53,,82879,25,,,0,12,,82883,25,,,0,14,,82891,25,,,0,15,,82898,25,,,0,53,,82819,25,,,0,14,,82844,25,,,0,15,,82833,25,,,0,15,,82837,25,,,0,55,,82857,25,,,0,14,,82876,25,,,0,15,,98734,25,,,0,16,,82869,25,,,0,57,,82845,25,,,0,17,,82881,25,,,0,14,,98733,25,,,0,16,,82892,25,,,0,58,,82882,25,,,0,20,,82887,25,,,0,20,,82894,25,,,0,62,,82888,25,,,0,24,,82895,25,,,0,69,,82889,25,,,0,28,,82884,25,,,0,70,,82893,25,,,0,30,,82896,25,,,0,69,,82899,25,,,0,30,,82818,25,,,0,70,,82834,25,,,0
400,'5459',656,,98748,25,,,0,66,,82925,25,,,0,21,,82930,25,,,0,60,,82937,25,,,0,21,,82919,25,,,0,18,,82935,25,,,0,58,,98746,25,,,0,16,,82920,25,,,0,16,,82910,25,,,0,16,,82936,25,,,0,56,,98747,25,,,0,16,,98739,25,,,0,17,,82913,25,,,0,15,,82907,25,,,0,56,,82966,25,,,0,17,,98740,25,,,0,15,,82926,25,,,0,16,,82902,25,,,0,56,,82914,25,,,0,15,,82924,25,,,0,15,,98745,25,,,0,15,,82943,25,,,0,55,,82901,25,,,0,16,,82908,25,,,0,16,,82918,25,,,0,56,,98741,25,,,0,16,,82938,25,,,0,16,,82906,25,,,0,15,,82911,25,,,0,56,,82921,25,,,0,16,,98744,25,,,0,16,,82941,25,,,0,16,,82903,25,,,0,56,,82917,25,,,0,15,,82912,25,,,0,16,,98742,25,,,0,16,,82940,25,,,0,55,,82915,25,,,0,16,,82922,25,,,0,15,,82905,25,,,0,16,,98743,25,,,0,55,,82929,25,,,0,16,,82916,25,,,0,16,,82909,25,,,0,58,,82923,25,,,0,18,,98749,25,,,0,18,,82945,25,,,0,18,,82947,25,,,0,58,,82946,25,,,0,17,,98755,25,,,0,17,,82954,25,,,0,58,,82953,25,,,0,18,,82955,25,,,0,18,,98752,25,,,0,18,,98756,25,,,0,58,,82959,25,,,0,24,,82960,25,,,0,63,,98754,25,,,0,29,,98753,25,,,0,70,,82961,25,,,0,30,,98757,25,,,0,69,,82965,25,,,0,28,,98751,25,,,0,70,,82949,25,,,0,30,,98750,25,,,0,70,,82951,25,,,0
400,'5460',804,,82967,25,,,0,30,,82968,25,,,0,72,,82969,25,,,0,31,,82970,25,,,0,71,,82971,25,,,0,30,,82972,25,,,0,20,,98758,25,,,0,61,,82974,25,,,0,20,,82975,25,,,0,20,,82976,25,,,0,60,,82977,25,,,0,21,,82978,25,,,0,61,,82979,25,,,0,20,,82980,25,,,0,20,,82981,25,,,0,60,,82982,25,,,0,20,,82983,25,,,0,19,,83010,25,,,0,18,,82984,25,,,0,56,,82985,25,,,0,16,,82986,25,,,0,16,,82987,25,,,0,56,,83012,25,,,0,16,,82988,25,,,0,16,,82989,25,,,0,16,,82990,25,,,0,56,,82991,25,,,0,15,,83011,25,,,0,15,,82992,25,,,0,17,,82993,25,,,0,57,,82994,25,,,0,18,,82995,25,,,0,17,,82996,25,,,0,56,,82997,25,,,0,18,,82998,25,,,0,18,,82999,25,,,0,18,,83000,25,,,0,58,,83013,25,,,0,17,,83001,25,,,0,20,,83002,25,,,0,60,,83003,25,,,0,24,,83004,25,,,0,70,,98759,25,,,0,31,,83006,25,,,0,69,,83007,25,,,0,29,,83008,25,,,0,81,,83009,25,,,0
400,'5461',804,,83014,25,,,0,30,,83015,25,,,0,72,,83016,25,,,0,31,,98760,25,,,0,71,,83018,25,,,0,30,,83019,25,,,0,20,,83020,25,,,0,61,,83021,25,,,0,20,,83022,25,,,0,20,,83023,25,,,0,60,,98761,25,,,0,21,,83025,25,,,0,61,,83026,25,,,0,20,,83027,25,,,0,20,,98762,25,,,0,60,,83029,25,,,0,20,,83030,25,,,0,19,,83057,25,,,0,18,,98763,25,,,0,56,,98764,25,,,0,16,,83033,25,,,0,16,,83034,25,,,0,56,,83059,25,,,0,16,,98765,25,,,0,16,,98766,25,,,0,16,,83037,25,,,0,56,,83038,25,,,0,15,,83058,25,,,0,15,,98767,25,,,0,17,,98768,25,,,0,57,,83041,25,,,0,18,,83042,25,,,0,17,,98769,25,,,0,56,,83044,25,,,0,18,,83045,25,,,0,18,,83046,25,,,0,18,,83047,25,,,0,58,,98777,25,,,0,17,,98770,25,,,0,20,,83049,25,,,0,60,,83050,25,,,0,24,,98771,25,,,0,70,,98772,25,,,0,31,,98773,25,,,0,69,,98774,25,,,0,29,,98775,25,,,0,81,,98776,25,,,0
400,'5462',804,,83061,25,,,0,30,,83062,25,,,0,72,,83063,25,,,0,31,,98778,25,,,0,71,,83065,25,,,0,30,,83066,25,,,0,20,,83067,25,,,0,61,,83068,25,,,0,20,,83069,25,,,0,20,,83070,25,,,0,60,,98779,25,,,0,21,,83072,25,,,0,61,,83073,25,,,0,20,,83074,25,,,0,20,,98780,25,,,0,60,,83076,25,,,0,20,,83077,25,,,0,19,,83104,25,,,0,18,,98781,25,,,0,56,,98782,25,,,0,16,,83080,25,,,0,16,,83081,25,,,0,56,,83106,25,,,0,16,,98783,25,,,0,16,,98784,25,,,0,16,,83084,25,,,0,56,,83085,25,,,0,15,,83105,25,,,0,15,,98785,25,,,0,17,,98786,25,,,0,57,,83088,25,,,0,18,,83089,25,,,0,17,,98787,25,,,0,56,,83091,25,,,0,18,,83092,25,,,0,18,,83093,25,,,0,18,,83094,25,,,0,58,,98795,25,,,0,17,,98788,25,,,0,20,,83096,25,,,0,60,,83097,25,,,0,24,,98789,25,,,0,70,,98790,25,,,0,31,,98791,25,,,0,69,,98792,25,,,0,29,,98793,25,,,0,81,,98794,25,,,0
400,'5463',804,,83108,25,,,0,30,,83109,25,,,0,72,,83110,25,,,0,31,,98796,25,,,0,71,,83112,25,,,0,30,,83113,25,,,0,20,,83114,25,,,0,61,,83115,25,,,0,20,,83116,25,,,0,20,,83117,25,,,0,60,,98797,25,,,0,21,,83119,25,,,0,61,,83120,25,,,0,20,,83121,25,,,0,20,,98798,25,,,0,60,,83123,25,,,0,20,,83124,25,,,0,19,,83151,25,,,0,18,,98799,25,,,0,56,,98800,25,,,0,16,,83127,25,,,0,16,,83128,25,,,0,56,,83153,25,,,0,16,,98801,25,,,0,16,,98802,25,,,0,16,,83131,25,,,0,56,,83132,25,,,0,15,,83152,25,,,0,15,,98803,25,,,0,17,,98804,25,,,0,57,,83135,25,,,0,18,,83136,25,,,0,17,,98805,25,,,0,56,,83138,25,,,0,18,,83139,25,,,0,18,,83140,25,,,0,18,,83141,25,,,0,58,,98813,25,,,0,17,,98806,25,,,0,20,,83143,25,,,0,60,,83144,25,,,0,24,,98807,25,,,0,70,,98808,25,,,0,31,,98809,25,,,0,69,,98810,25,,,0,29,,98811,25,,,0,81,,98812,25,,,0
701,'5456',623,,84790,30,,,0,30,,84805,30,,,0,65,,84792,30,,,0,15,,84819,30,,,0,18,,84791,30,,,0,51,,99327,30,,,0,7,,84827,30,,,0,10,,84833,30,,,0,7,,84813,30,,,0,10,,84834,30,,,0,8,,84794,30,,,0,56,,84816,30,,,0,17,,84806,30,,,0,14,,84825,30,,,0,19,,84795,30,,,0,60,,84796,30,,,0,20,,84829,30,,,0,19,,84812,30,,,0,61,,84793,30,,,0,20,,84817,30,,,0,21,,84823,30,,,0,60,,84797,30,,,0,20,,84798,30,,,0,25,,84831,30,,,0,60,,84814,30,,,0,20,,84800,30,,,0,21,,99326,30,,,0,59,,84824,30,,,0,22,,84799,30,,,0,63,,84801,30,,,0,22,,84835,30,,,0,19,,84828,30,,,0,58,,84807,30,,,0,14,,99325,30,,,0,24,,84837,30,,,0,19,,84815,30,,,0,56,,84820,30,,,0,19,,84803,30,,,0,14,,84804,30,,,0,56,,84836,30,,,0,18,,84826,30,,,0,19,,84809,30,,,0,17,,84810,30,,,0,70,,84821,30,,,0,29,,84808,30,,,0,70,,84830,30,,,0,29,,84811,30,,,0,70,,84822,30,,,0
701,'5458',623,,84838,30,,,0,30,,84853,30,,,0,65,,84840,30,,,0,15,,84867,30,,,0,18,,84839,30,,,0,51,,99330,30,,,0,7,,84875,30,,,0,10,,84881,30,,,0,7,,84861,30,,,0,10,,84882,30,,,0,8,,84842,30,,,0,56,,84864,30,,,0,17,,84854,30,,,0,14,,84873,30,,,0,19,,84843,30,,,0,60,,84844,30,,,0,20,,84877,30,,,0,19,,84860,30,,,0,61,,84841,30,,,0,20,,84865,30,,,0,21,,84871,30,,,0,60,,84845,30,,,0,20,,84846,30,,,0,25,,84879,30,,,0,60,,84862,30,,,0,20,,84848,30,,,0,21,,99329,30,,,0,59,,84872,30,,,0,22,,84847,30,,,0,63,,84849,30,,,0,22,,84883,30,,,0,19,,84876,30,,,0,58,,84855,30,,,0,14,,99328,30,,,0,24,,84885,30,,,0,19,,84863,30,,,0,56,,84868,30,,,0,19,,84851,30,,,0,14,,84852,30,,,0,56,,84884,30,,,0,18,,84874,30,,,0,19,,84857,30,,,0,17,,84858,30,,,0,70,,84869,30,,,0,29,,84856,30,,,0,70,,84878,30,,,0,29,,84859,30,,,0,70,,84870,30,,,0
701,'5459',713,,84913,30,,,0,30,,84897,30,,,0,73,,99339,30,,,0,31,,84890,30,,,0,70,,84914,30,,,0,29,,84898,30,,,0,73,,99340,30,,,0,27,,84886,30,,,0,70,,99331,30,,,0,29,,99341,30,,,0,71,,99335,30,,,0,29,,99338,30,,,0,68,,84887,30,,,0,31,,99332,30,,,0,70,,84909,30,,,0,30,,99334,30,,,0,69,,84902,30,,,0,31,,99333,30,,,0,70,,84892,30,,,0,33,,84910,30,,,0,70,,99336,30,,,0,29,,84904,30,,,0,71,,84896,30,,,0,29,,99337,30,,,0,69,,84911,30,,,0,30,,84900,30,,,0,75,,84905,30,,,0,36,,84903,30,,,0,68,,84912,30,,,0
701,'5460',722,,99345,30,,,0,80,,84916,30,,,0,40,,84928,30,,,0,76,,84929,30,,,0,25,,84915,30,,,0,69,,84917,30,,,0,31,,99346,30,,,0,69,,84918,30,,,0,31,,84933,30,,,0,69,,99342,30,,,0,31,,99343,30,,,0,70,,99348,30,,,0,28,,99347,30,,,0,70,,84934,30,,,0,30,,99349,30,,,0,69,,84922,30,,,0,31,,99344,30,,,0,73,,84925,30,,,0,32,,84924,30,,,0,69,,84921,30,,,0,30,,84926,30,,,0,69,,84936,30,,,0,32,,84937,30,,,0,74,,99350,30,,,0,34,,84940,30,,,0,69,,84939,30,,,0
701,'5461',722,,84953,30,,,0,80,,99352,30,,,0,40,,84954,30,,,0,76,,84955,30,,,0,25,,99351,30,,,0,69,,84943,30,,,0,31,,84956,30,,,0,69,,84944,30,,,0,31,,84959,30,,,0,69,,84945,30,,,0,31,,99353,30,,,0,70,,99356,30,,,0,28,,99355,30,,,0,70,,84960,30,,,0,30,,99357,30,,,0,69,,84948,30,,,0,31,,99354,30,,,0,73,,84951,30,,,0,32,,84950,30,,,0,69,,84947,30,,,0,30,,84952,30,,,0,69,,84962,30,,,0,32,,84963,30,,,0,74,,99358,30,,,0,34,,99359,30,,,0,69,,84965,30,,,0
701,'5462',722,,84979,30,,,0,80,,99361,30,,,0,40,,84980,30,,,0,76,,84981,30,,,0,25,,99360,30,,,0,69,,84969,30,,,0,31,,84982,30,,,0,69,,84970,30,,,0,31,,84985,30,,,0,69,,84971,30,,,0,31,,99362,30,,,0,70,,99365,30,,,0,28,,99364,30,,,0,70,,84986,30,,,0,30,,99366,30,,,0,69,,84974,30,,,0,31,,99363,30,,,0,73,,84977,30,,,0,32,,84976,30,,,0,69,,84973,30,,,0,30,,84978,30,,,0,69,,84988,30,,,0,32,,84989,30,,,0,74,,99367,30,,,0,34,,99368,30,,,0,69,,84991,30,,,0
701,'5463',722,,85005,30,,,0,80,,99370,30,,,0,40,,85006,30,,,0,76,,85007,30,,,0,25,,99369,30,,,0,69,,84995,30,,,0,31,,85008,30,,,0,69,,84996,30,,,0,31,,85011,30,,,0,69,,84997,30,,,0,31,,99371,30,,,0,70,,99374,30,,,0,28,,99373,30,,,0,70,,85012,30,,,0,30,,99375,30,,,0,69,,85000,30,,,0,31,,99372,30,,,0,73,,85003,30,,,0,32,,85002,30,,,0,69,,84999,30,,,0,30,,85004,30,,,0,69,,85014,30,,,0,32,,85015,30,,,0,74,,99376,30,,,0,34,,99377,30,,,0,69,,85017,30,,,0
900,'5456',722,,85245,30,,,0,15,,99400,30,,,0,16,,85244,49,,,0,56,,85241,30,,,0,28,,99399,49,,,0
900,'5458',722,,85250,30,,,0,15,,99402,30,,,0,16,,85249,49,,,0,56,,85246,30,,,0,28,,99401,49,,,0
14000701,'5456',2155,,98463,35,,,0,72,,98467,35,,,0,28,,98462,35,,,0,70,,98465,35,,,0,76,,98464,35,,,0,28,,98466,35,,,0
14000701,'5458',2155,,98469,35,,,0,72,,98473,35,,,0,28,,98468,35,,,0,70,,98471,35,,,0,76,,98470,35,,,0,28,,98472,35,,,0
14000701,'5459',2156,,98474,35,,,0,72,,98475,35,,,0,30,,98477,35,,,0,69,,98476,35,,,0,75,,98478,35,,,0,27,,98479,35,,,0
14000701,'5460',2055,,105746,35,,,0,70,,98482,35,,,0,80,,98481,35,,,0,22,,98483,35,,,0,99,,98484,35,,,0,103,,98485,35,,,0
14000701,'5461',2055,,98486,35,,,0,70,,98488,35,,,0,80,,105747,35,,,0,22,,98489,35,,,0,99,,98490,35,,,0,103,,98491,35,,,0
14000701,'5462',2055,,98492,35,,,0,70,,98494,35,,,0,80,,105748,35,,,0,22,,98495,35,,,0,99,,98496,35,,,0,103,,98497,35,,,0
14000701,'5463',2055,,98498,35,,,0,70,,98500,35,,,0,80,,105749,35,,,0,22,,98501,35,,,0,99,,98502,35,,,0,103,,98503,35,,,0
