2400,'5456',643,,88926,42,,,0,75,,100637,42,,,0,39,,100638,42,,,0,102,,88929,42,,,0,149,,100640,42,,,0,101,,100639,42,,,0,101,,100641,42,,,0,100,,100642,42,,,0,101,,100643,42,,,0,100,,100644,42,,,0,89,,100645,42,,,0,41,,100646,42,,,0,91,,100647,42,,,0,95,,100648,42,,,0,100,,100649,42,,,0,110,,100650,42,,,0,121,,100651,42,,,0,170,,100652,42,,,0,130,,100653,42,,,0
2400,'5458',643,,88945,42,,,0,75,,100654,42,,,0,39,,100655,42,,,0,102,,88948,42,,,0,149,,100657,42,,,0,101,,100656,42,,,0,101,,100658,42,,,0,100,,100659,42,,,0,101,,100660,42,,,0,100,,100661,42,,,0,89,,100662,42,,,0,41,,100663,42,,,0,91,,100664,42,,,0,95,,100665,42,,,0,100,,100666,42,,,0,110,,100667,42,,,0,121,,100668,42,,,0,170,,100669,42,,,0,130,,100670,42,,,0
2400,'5459',723,,100673,42,,,0,123,,100672,42,,,0,106,,100671,42,,,0,152,,88965,42,,,0,100,,88967,42,,,0,100,,100674,42,,,0,98,,88970,42,,,0,100,,88969,42,,,0,100,,88972,42,,,0,57,,88971,42,,,0,143,,88974,42,,,0,112,,88975,42,,,0,123,,100675,42,,,0,165,,100676,42,,,0,126,,100677,42,,,0
2400,'5460',735,,88980,8,,,0,107,,88979,42,,,0,171,,100679,42,,,0,130,,100678,42,,,0,173,,100680,42,,,0,130,,100681,42,,,0,170,,100682,42,,,0,130,,100683,42,,,0,167,,100684,42,,,0,125,,100685,42,,,0,163,,100686,42,,,0,127,,100687,42,,,0
2400,'5461',735,,100689,8,,,0,107,,100688,42,,,0,171,,100691,42,,,0,130,,100690,42,,,0,173,,100692,42,,,0,130,,100693,42,,,0,170,,100694,42,,,0,130,,100695,42,,,0,167,,100696,42,,,0,125,,100697,42,,,0,163,,100698,42,,,0,127,,100699,42,,,0
2400,'5462',735,,100701,8,,,0,107,,100700,42,,,0,171,,100703,42,,,0,130,,100702,42,,,0,173,,100704,42,,,0,130,,100705,42,,,0,170,,100706,42,,,0,130,,100707,42,,,0,167,,100708,42,,,0,125,,100709,42,,,0,163,,100710,42,,,0,127,,100711,42,,,0
2400,'5463',735,,100713,8,,,0,107,,100712,42,,,0,171,,100715,42,,,0,130,,100714,42,,,0,173,,100716,42,,,0,130,,100717,42,,,0,170,,100718,42,,,0,130,,100719,42,,,0,167,,100720,42,,,0,125,,100721,42,,,0,163,,100722,42,,,0,127,,100723,42,,,0
2500,'5456',622,,100808,49,,,0,37,,89131,49,,,0,74,,89135,49,,,0,80,,100809,49,,,0,28,,100810,49,,,0,93,,100811,49,,,0,104,,100812,49,,,0,101,,100813,49,,,0,101,,100814,49,,,0,100,,100815,49,,,0,100,,100816,49,,,0,100,,89140,41,,,0,80,,89141,49,,,0,87,,100817,49,,,0,51,,100818,49,,,0,99,,100819,49,,,0,100,,100820,49,,,0,160,,100821,49,,,0,127,,100822,49,,,0
2500,'5458',622,,100824,49,,,0,37,,89151,49,,,0,74,,89155,49,,,0,80,,100825,49,,,0,28,,100826,49,,,0,93,,100827,49,,,0,104,,100828,49,,,0,101,,100829,49,,,0,101,,100830,49,,,0,100,,100831,49,,,0,100,,100832,49,,,0,100,,89160,41,,,0,80,,89161,49,,,0,87,,100833,49,,,0,51,,100834,49,,,0,99,,100835,49,,,0,100,,100836,49,,,0,160,,100837,49,,,0,127,,100838,49,,,0
2500,'5459',806,,100841,49,,,0,110,,100840,49,,,0,116,,100842,49,,,0,102,,89171,49,,,0,100,,89169,49,,,0,99,,89170,49,,,0,100,,89172,49,,,0,100,,89176,49,,,0,99,,89174,49,,,0,100,,100843,49,,,0,102,,100844,49,,,0,123,,100845,49,,,0,161,,89181,49,,,0,127,,100846,49,,,0
2500,'5460',757,,100847,49,,,0,171,,89184,49,,,0,130,,89185,49,,,0,170,,100848,49,,,0,173,,100849,49,,,0,130,,100850,49,,,0,170,,100851,49,,,0,127,,100852,49,,,0,130,,100853,49,,,0,159,,100854,49,,,0,127,,100855,49,,,0
2500,'5461',757,,89197,49,,,0,171,,100856,49,,,0,130,,100857,49,,,0,170,,100858,49,,,0,173,,100859,49,,,0,130,,100860,49,,,0,170,,100861,49,,,0,127,,100862,49,,,0,130,,100863,49,,,0,159,,89204,49,,,0,127,,89205,49,,,0
2500,'5462',757,,89208,49,,,0,171,,100864,49,,,0,130,,100865,49,,,0,170,,100866,49,,,0,173,,100867,49,,,0,130,,100868,49,,,0,170,,100869,49,,,0,127,,100870,49,,,0,130,,100871,49,,,0,159,,89215,49,,,0,127,,89216,49,,,0
2500,'5463',757,,89219,49,,,0,171,,100872,49,,,0,130,,100873,49,,,0,170,,100874,49,,,0,173,,100875,49,,,0,130,,100876,49,,,0,170,,100877,49,,,0,127,,100878,49,,,0,130,,100879,49,,,0,159,,89226,49,,,0,127,,89227,49,,,0
