2401,'5456',505,,100724,19,,,0,51,,100725,19,,,0,89,,100726,19,,,0,84,,89030,19,,,0,73,,100727,19,,,0,56,,100728,19,,,0,146,,100729,19,,,0,100,,100730,19,,,0,100,,100731,19,,,0,100,,100732,19,,,0,111,,100733,19,,,0,99,,100734,19,,,0,89,,100735,19,,,0,50,,100736,19,,,0,79,,100737,19,,,0,91,,100738,19,,,0,85,,100739,19,,,0,103,,100740,19,,,0,115,,100741,19,,,0,131,,100742,19,,,0,161,,100743,19,,,0
2401,'5458',505,,100744,19,,,0,51,,100745,19,,,0,89,,100746,19,,,0,84,,89051,19,,,0,73,,100747,19,,,0,56,,100748,19,,,0,146,,100749,19,,,0,100,,100750,19,,,0,100,,100751,19,,,0,100,,100752,19,,,0,111,,100753,19,,,0,99,,100754,19,,,0,89,,100755,19,,,0,50,,100756,19,,,0,79,,100757,19,,,0,91,,100758,19,,,0,85,,100759,19,,,0,103,,100760,19,,,0,115,,100761,19,,,0,131,,100762,19,,,0,161,,100763,19,,,0
2401,'5459',654,,100765,19,,,0,147,,100764,19,,,0,104,,100766,19,,,0,100,,89072,19,,,0,101,,89069,19,,,0,98,,89070,19,,,0,55,,89071,19,,,0,100,,89078,19,,,0,98,,89073,19,,,0,143,,100767,19,,,0,104,,100768,19,,,0,128,,100769,19,,,0,124,,89081,19,,,0,170,,100770,19,,,0,131,,89083,19,,,0,161,,100771,19,,,0
2401,'5460',801,,89085,19,,,0,130,,89086,19,,,0,171,,100772,19,,,0,127,,100773,19,,,0,171,,100774,19,,,0,132,,100775,19,,,0,170,,100776,19,,,0,129,,100777,19,,,0,170,,100778,19,,,0,125,,100779,19,,,0,130,,100780,19,,,0
2401,'5461',801,,100781,19,,,0,130,,100782,19,,,0,171,,100783,19,,,0,127,,100784,19,,,0,171,,100785,19,,,0,132,,100786,19,,,0,170,,100787,19,,,0,129,,100788,19,,,0,170,,89104,19,,,0,125,,89105,19,,,0,130,,100789,19,,,0
2401,'5462',801,,100790,19,,,0,130,,100791,19,,,0,171,,100792,19,,,0,127,,100793,19,,,0,171,,100794,19,,,0,132,,100795,19,,,0,170,,100796,19,,,0,129,,100797,19,,,0,170,,89115,19,,,0,125,,89116,19,,,0,130,,100798,19,,,0
2401,'5463',801,,100799,19,,,0,130,,100800,19,,,0,171,,100801,19,,,0,127,,100802,19,,,0,171,,100803,19,,,0,132,,100804,19,,,0,170,,100805,19,,,0,129,,100806,19,,,0,170,,89126,19,,,0,125,,89127,19,,,0,130,,100807,19,,,0
2501,'5456',625,,100880,25,,,0,80,,100881,25,,,0,37,,89230,25,0,6 7,0,79,,89233,25,,,0,113,,100882,25,,,0,100,,100883,25,,,0,100,,100884,25,,,0,100,,100885,25,,,0,100,,100886,25,,,0,105,,100887,25,,,0,94,,100888,25,,,0,100,,89239,25,,,0,80,,89240,25,,,0,45,,100889,25,,,0,85,,100890,25,,,0,95,,100891,25,,,0,103,,100892,25,,,0,171,,100893,25,,,0,130,,100894,25,,,0
2501,'5458',625,,100895,25,,,0,80,,100896,25,,,0,37,,89249,25,0,6 7,0,79,,89252,25,,,0,113,,100897,25,,,0,100,,100898,25,,,0,100,,100899,25,,,0,100,,100900,25,,,0,100,,100901,25,,,0,105,,100902,25,,,0,94,,100903,25,,,0,100,,89258,25,,,0,80,,89259,25,,,0,45,,100904,25,,,0,85,,100905,25,,,0,95,,100906,25,,,0,103,,100907,25,,,0,171,,100908,25,,,0,130,,100909,25,,,0
2501,'5459',731,,100912,25,,,0,99,,100910,25,,,0,105,,89268,25,,,0,102,,100911,25,,,0,97,,100913,25,,,0,95,,89272,25,,,0,100,,89271,25,,,0,98,,89270,25,,,0,100,,89273,25,,,0,102,,89274,25,,,0,118,,89276,25,,,0,169,,100914,25,,,0,126,,100915,25,,,0,170,,100916,25,,,0,130,,100917,25,,,0
2501,'5460',846,,100919,25,,,0,171,,100918,25,,,0,127,,100920,25,,,0,170,,100921,25,,,0,132,,100922,25,,,0,171,,100923,25,,,0,129,,100924,25,,,0,170,,100925,25,,,0,130,,100926,25,,,0,166,,100927,25,,,0,129,,100928,25,,,0
2501,'5461',846,,100930,25,,,0,171,,100929,25,,,0,127,,100931,25,,,0,170,,100932,25,,,0,132,,100933,25,,,0,171,,100934,25,,,0,129,,100935,25,,,0,170,,100936,25,,,0,130,,100937,25,,,0,166,,100938,25,,,0,129,,100939,25,,,0
2501,'5462',846,,100941,25,,,0,171,,100940,25,,,0,127,,100942,25,,,0,170,,100943,25,,,0,132,,100944,25,,,0,171,,100945,25,,,0,129,,100946,25,,,0,170,,100947,25,,,0,130,,100948,25,,,0,166,,100949,25,,,0,129,,100950,25,,,0
2501,'5463',846,,100952,25,,,0,171,,100951,25,,,0,127,,100953,25,,,0,170,,100954,25,,,0,132,,100955,25,,,0,171,,100956,25,,,0,129,,100957,25,,,0,170,,100958,25,,,0,130,,100959,25,,,0,166,,100960,25,,,0,129,,100961,25,,,0
