7201,'5456',600,,95769,39,,,0,40,,95772,39,,,0,71,,95770,39,,,0,32,,95774,39,,,0,72,,95784,39,,,0,21,,95779,39,,,0,67,,95771,39,,,0,30,,95773,39,,,0,70,,95777,39,,,0,30,,95775,39,,,0,70,,95776,39,,,0,33,,95783,39,,,0,70,,95778,39,,,0,30,,95780,39,,,0,71,,95781,39,,,0,30,,95788,39,,,0,70,,95791,39,,,0,31,,95782,39,,,0,71,,95793,39,,,0,30,,95797,39,,,0,71,,95785,39,,,0,27,,95786,39,,,0,70,,95792,39,,,0,31,,95800,39,,,0,70,,95787,39,,,0,27,,95794,39,,,0,70,,95796,39,,,0,29,,95789,39,,,0,70,,95790,39,,,0,30,,95799,39,,,0,70,,95801,39,,,0,30,,95795,39,,,0
7201,'5457',1448,,95802,35,,,0
7201,'5458',600,,95803,39,,,0,40,,95806,39,,,0,71,,95804,39,,,0,32,,95808,39,,,0,72,,95819,39,,,0,21,,95813,39,,,0,67,,95805,39,,,0,30,,95807,39,,,0,70,,95811,39,,,0,30,,95809,39,,,0,70,,95810,39,,,0,33,,95818,39,,,0,70,,95812,39,,,0,30,,95814,39,,,0,71,,95815,39,,,0,30,,95823,39,,,0,70,,95826,39,,,0,31,,95817,39,,,0,10,,95816,35,,,0,61,,95828,39,,,0,30,,95832,39,,,0,71,,95820,39,,,0,27,,95821,39,,,0,70,,95827,39,,,0,31,,95835,39,,,0,70,,95822,39,,,0,27,,95829,39,,,0,70,,95831,39,,,0,29,,95824,39,,,0,70,,95825,39,,,0,30,,95834,39,,,0,70,,95836,39,,,0,30,,95830,39,,,0
7201,'5459',627,,95865,39,,,0,103,,95838,39,,,0,99,,95839,39,,,0,73,,95840,39,,,0,31,,95841,39,,,0,70,,95842,39,,,0,31,,95843,39,,,0,70,,95844,39,,,0,31,,95845,39,,,0,70,,95846,39,,,0,30,,95837,39,,,0,70,,95847,39,,,0,30,,95848,39,,,0,71,,95849,39,,,0,34,,95850,39,,,0,71,,95851,39,,,0,29,,95852,39,,,0,71,,95853,39,,,0,29,,95854,39,,,0,66,,95855,39,,,0,27,,95856,39,,,0,70,,95857,39,,,0,29,,95858,39,,,0,70,,95859,39,,,0,29,,95860,39,,,0,70,,95861,39,,,0,31,,95862,39,,,0,69,,95863,39,,,0,30,,95864,39,,,0
7201,'5460',729,,95867,39,,,0,100,,95868,39,,,0,100,,95869,39,,,0,106,,95870,39,,,0,100,,95872,39,,,0,70,,95873,39,,,0,30,,95866,39,,,0,69,,95871,39,,,0,30,,95874,39,,,0,70,,95876,39,,,0,30,,95877,39,,,0,71,,95878,39,,,0,30,,95875,39,,,0,70,,95879,39,,,0,29,,95880,39,,,0,70,,95881,39,,,0,34,,95882,39,,,0,68,,95883,39,,,0,31,,95884,39,,,0,70,,95885,39,,,0,30,,95887,39,,,0,69,,95886,39,,,0,30,,95888,39,,,0,70,,95889,39,,,0,30,,95890,39,,,0
7201,'5461',729,,95892,39,,,0,100,,95893,39,,,0,100,,95894,39,,,0,106,,95895,39,,,0,100,,95897,39,,,0,70,,95898,39,,,0,30,,95891,39,,,0,69,,95896,39,,,0,30,,95899,39,,,0,70,,95901,39,,,0,30,,95902,39,,,0,71,,95903,39,,,0,30,,95900,39,,,0,70,,95904,39,,,0,29,,95905,39,,,0,70,,95906,39,,,0,34,,95907,39,,,0,68,,95908,39,,,0,31,,95909,39,,,0,70,,95910,39,,,0,30,,95912,39,,,0,69,,95911,39,,,0,30,,95913,39,,,0,70,,95914,39,,,0,30,,95915,39,,,0
7201,'5462',729,,95917,39,,,0,100,,95918,39,,,0,100,,95919,39,,,0,106,,95920,39,,,0,100,,95922,39,,,0,70,,95923,39,,,0,30,,95916,39,,,0,69,,95921,39,,,0,30,,95924,39,,,0,70,,95926,39,,,0,30,,95927,39,,,0,71,,95928,39,,,0,30,,95925,39,,,0,70,,95929,39,,,0,29,,95930,39,,,0,70,,95931,39,,,0,34,,95932,39,,,0,68,,95933,39,,,0,31,,95934,39,,,0,70,,95935,39,,,0,30,,95937,39,,,0,69,,95936,39,,,0,30,,95938,39,,,0,70,,95939,39,,,0,30,,95940,39,,,0
7201,'5463',729,,95942,39,,,0,100,,95943,39,,,0,100,,95944,39,,,0,106,,95945,39,,,0,100,,95947,39,,,0,70,,95948,39,,,0,30,,95941,39,,,0,69,,95946,39,,,0,30,,95949,39,,,0,70,,95951,39,,,0,30,,95952,39,,,0,71,,95953,39,,,0,30,,95950,39,,,0,70,,95954,39,,,0,29,,95955,39,,,0,70,,95956,39,,,0,34,,95957,39,,,0,68,,95958,39,,,0,31,,95959,39,,,0,70,,95960,39,,,0,30,,95962,39,,,0,69,,95961,39,,,0,30,,95963,39,,,0,70,,95964,39,,,0,30,,95965,39,,,0
1007201,'5456',2239,,98265,42,,,0,99,,98267,42,,,0,99,,98266,42,,,0
1007201,'5458',2239,,98268,42,,,0,99,,98270,42,,,0,99,,98269,42,,,0
1007201,'5459',2240,,98271,42,,,0,98,,98272,42,,,0,99,,98273,42,,,0
1007201,'5460',2239,,98274,42,,,0,99,,98275,42,,,0
1007201,'5461',2239,,98276,42,,,0,99,,98277,42,,,0
1007201,'5462',2239,,98278,42,,,0,99,,98279,42,,,0
1007201,'5463',2239,,98280,42,,,0,99,,98281,42,,,0
