2501,'5456',657,,89228,65,,,0,81,,89229,65,,,0,120,,89233,65,,,0,150,,89231,65,,,0,102,,89232,65,,,0,101,,89234,65,,,0,100,,89235,65,,,0,100,,89236,65,,,0,119,,89237,65,,,0,94,,89238,65,,,0,91,,89239,65,,,0,36,,89240,65,,,0,83,,89241,65,,,0,83,,89242,65,,,0,92,,89243,65,,,0,103,,89244,65,,,0,130,,89245,65,,,0,168,,89246,65,,,0
2501,'5458',657,,89247,65,,,0,81,,89248,65,,,0,120,,89252,65,,,0,150,,89250,65,,,0,102,,89251,65,,,0,101,,89253,65,,,0,100,,89254,65,,,0,100,,89255,65,,,0,119,,89256,65,,,0,94,,89257,65,,,0,91,,89258,65,,,0,36,,89259,65,,,0,83,,89260,65,,,0,83,,89261,65,,,0,92,,89262,65,,,0,103,,89263,65,,,0,130,,89264,65,,,0,168,,89265,65,,,0
2501,'5459',759,,89269,65,,,0,142,,89266,65,,,0,106,,89268,65,,,0,103,,89267,65,,,0,99,,89275,65,,,0,96,,89272,65,,,0,100,,89271,65,,,0,99,,89270,65,,,0,99,,89273,65,,,0,101,,89274,65,,,0,118,,89276,65,,,0,126,,89277,65,,,0,165,,89278,65,,,0,129,,89279,65,,,0,169,,89280,65,,,0
2501,'5460',916,,89282,65,,,0,132,,89281,65,,,0,171,,89283,65,,,0,131,,89284,65,,,0,171,,89285,65,,,0,131,,89286,65,,,0,167,,89287,65,,,0,129,,89288,65,,,0,168,,89289,65,,,0,124,,89290,65,,,0,169,,89291,65,,,0
2501,'5461',916,,89293,65,,,0,132,,89292,65,,,0,171,,89294,65,,,0,131,,89295,65,,,0,171,,89296,65,,,0,131,,89297,65,,,0,167,,89298,65,,,0,129,,89299,65,,,0,168,,89300,65,,,0,124,,89301,65,,,0,169,,89302,65,,,0
2501,'5462',916,,89304,65,,,0,132,,89303,65,,,0,171,,89305,65,,,0,131,,89306,65,,,0,171,,89307,65,,,0,131,,89308,65,,,0,167,,89309,65,,,0,129,,89310,65,,,0,168,,89311,65,,,0,124,,89312,65,,,0,169,,89313,65,,,0
2501,'5463',916,,89315,65,,,0,132,,89314,65,,,0,171,,89316,65,,,0,131,,89317,65,,,0,171,,89318,65,,,0,131,,89319,65,,,0,167,,89320,65,,,0,129,,89321,65,,,0,168,,89322,65,,,0,124,,89323,65,,,0,169,,89324,65,,,0
2600,'5456',554,,89325,13,,,0,69,,89326,13,,,0,22,,89327,13,,,0,58,,89328,13,,,0,11,,89329,13,,,0,15,,89331,13,,,0,5,,89332,13,,,0,7,,89333,13,,,0,7,,89334,13,,,0,8,,89335,13,,,0,56,,89337,13,,,0,16,,89339,13,,,0,16,,89341,13,,,0,56,,89343,13,,,0,16,,89345,13,,,0,16,,89347,13,,,0,16,,89349,13,,,0,57,,89350,13,,,0,16,,89351,13,,,0,13,,89352,13,,,0,15,,89353,13,,,0,55,,89354,13,,,0,17,,89355,13,,,0,14,,89356,13,,,0,16,,89357,13,,,0,56,,89358,13,,,0,15,,89359,13,,,0,14,,89360,13,,,0,15,,89361,13,,,0,55,,89362,13,,,0,16,,89363,13,,,0,14,,89364,13,,,0,15,,89366,13,,,0,55,,89367,13,,,0,13,,89368,13,,,0,13,,89369,13,,,0,12,,89370,13,,,0,10,,89372,13,,,0,53,,89373,13,,,0,14,,89374,13,,,0,12,,89375,13,,,0,12,,89376,13,,,0,12,,89377,13,,,0,53,,89378,13,,,0,12,,89379,13,,,0,11,,89380,13,,,0,11,,89381,13,,,0,14,,89382,13,,,0,51,,89383,13,,,0,13,,89384,13,,,0,13,,89385,13,,,0,16,,89386,13,,,0,55,,89387,13,,,0,15,,89388,13,,,0,17,,89389,13,,,0,13,,89390,13,,,0,55,,89391,13,,,0,15,,89392,13,,,0,20,,89393,13,,,0,60,,89394,13,,,0,20,,89395,13,,,0,20,,89396,13,,,0,60,,89397,13,,,0,19,,89398,13,,,0,23,,89399,13,,,0,72,,89400,13,,,0,30,,89401,13,,,0,70,,89402,13,,,0,29,,89403,13,,,0,72,,89404,13,,,0,30,,89405,13,,,0
2600,'5458',554,,89407,13,,,0,69,,89408,13,,,0,22,,89409,13,,,0,58,,89410,13,,,0,11,,89411,13,,,0,15,,89413,13,,,0,5,,89414,13,,,0,7,,89415,13,,,0,7,,89416,13,,,0,8,,89417,13,,,0,56,,89419,13,,,0,16,,89421,13,,,0,16,,89423,13,,,0,56,,89425,13,,,0,16,,89427,13,,,0,16,,89429,13,,,0,16,,89431,13,,,0,57,,89432,13,,,0,16,,89433,13,,,0,13,,89434,13,,,0,15,,89435,13,,,0,55,,89436,13,,,0,17,,89437,13,,,0,14,,89438,13,,,0,16,,89439,13,,,0,56,,89440,13,,,0,15,,89441,13,,,0,14,,89442,13,,,0,15,,89443,13,,,0,55,,89444,13,,,0,16,,89445,13,,,0,14,,89446,13,,,0,15,,89448,13,,,0,55,,89449,13,,,0,13,,89450,13,,,0,13,,89451,13,,,0,12,,89452,13,,,0,10,,89454,13,,,0,53,,89455,13,,,0,14,,89456,13,,,0,12,,89457,13,,,0,12,,89458,13,,,0,12,,89459,13,,,0,53,,89460,13,,,0,12,,89461,13,,,0,11,,89462,13,,,0,11,,89463,13,,,0,14,,89464,13,,,0,51,,89465,13,,,0,13,,89466,13,,,0,13,,89467,13,,,0,16,,89468,13,,,0,55,,89469,13,,,0,15,,89470,13,,,0,17,,89471,13,,,0,13,,89472,13,,,0,55,,89473,13,,,0,15,,89474,13,,,0,20,,89475,13,,,0,60,,89476,13,,,0,20,,89477,13,,,0,20,,89478,13,,,0,60,,89479,13,,,0,19,,89480,13,,,0,23,,89481,13,,,0,72,,89482,13,,,0,30,,89483,13,,,0,70,,89484,13,,,0,29,,89485,13,,,0,72,,89486,13,,,0,30,,89487,13,,,0,100,,89488,13,,,0
2600,'5459',638,,89491,13,,,0,71,,89492,13,,,0,30,,89493,13,,,0,18,,89494,13,,,0,57,,89495,13,,,0,18,,89496,13,,,0,17,,89497,13,,,0,57,,89498,13,,,0,17,,89499,13,,,0,17,,89500,13,,,0,17,,89501,13,,,0,57,,89502,13,,,0,17,,89503,13,,,0,17,,89504,13,,,0,58,,89505,13,,,0,17,,89490,13,,,0,18,,89506,13,,,0,59,,89507,13,,,0,17,,89508,13,,,0,17,,89509,13,,,0,17,,89510,13,,,0,57,,89511,13,,,0,17,,89512,13,,,0,17,,89513,13,,,0,58,,89514,13,,,0,16,,89515,13,,,0,16,,89516,13,,,0,17,,89517,13,,,0,57,,89518,13,,,0,17,,89519,13,,,0,17,,89520,13,,,0,17,,89521,13,,,0,56,,89522,13,,,0,15,,89523,13,,,0,15,,89524,13,,,0,16,,89525,13,,,0,56,,89526,13,,,0,17,,89527,13,,,0,16,,89528,13,,,0,57,,89529,13,,,0,17,,89530,13,,,0,20,,89531,13,,,0,59,,89532,13,,,0,20,,89533,13,,,0,20,,89534,13,,,0,60,,89535,13,,,0,20,,89536,13,,,0,20,,89537,13,,,0,59,,89538,13,,,0,20,,89539,13,,,0,25,,89540,13,,,0,70,,89541,13,,,0,30,,89542,13,,,0,71,,89543,13,,,0,30,,89544,13,,,0,70,,89545,13,,,0,31,,89546,13,,,0,101,,89547,13,,,0
2600,'5460',702,,89564,13,,,0,27,,89572,13,,,0,21,,89554,13,,,0,63,,89548,13,,,0,23,,89566,13,,,0,20,,89573,13,,,0,67,,89555,13,,,0,23,,89549,13,,,0,60,,89567,13,,,0,24,,89558,13,,,0,20,,89550,13,,,0,58,,89556,13,,,0,18,,89552,13,,,0,19,,89565,13,,,0,59,,89553,13,,,0,19,,89570,13,,,0,18,,89551,13,,,0,18,,89568,13,,,0,58,,89560,13,,,0,18,,89563,13,,,0,20,,89561,13,,,0,58,,89571,13,,,0,18,,89557,13,,,0,18,,89569,13,,,0,58,,89559,13,,,0,17,,89562,13,,,0,18,,89578,13,,,0,58,,89582,13,,,0,17,,89575,13,,,0,18,,89584,13,,,0,18,,89577,13,,,0,58,,89580,13,,,0,17,,89576,13,,,0,17,,89585,13,,,0,56,,89574,13,,,0,20,,89583,13,,,0,19,,89579,13,,,0,19,,89581,13,,,0,59,,89589,13,,,0,20,,89587,13,,,0,19,,89591,13,,,0,60,,89588,13,,,0,20,,89590,13,,,0,20,,89592,13,,,0,60,,89586,13,,,0,30,,89594,13,,,0,69,,89593,13,,,0,30,,89595,13,,,0,70,,89596,13,,,0,38,,89597,13,,,0
2600,'5461',702,,89614,13,,,0,27,,89622,13,,,0,21,,89604,13,,,0,63,,89598,13,,,0,23,,89616,13,,,0,20,,89623,13,,,0,67,,89605,13,,,0,23,,89599,13,,,0,60,,89617,13,,,0,24,,89608,13,,,0,20,,89600,13,,,0,58,,89606,13,,,0,18,,89602,13,,,0,19,,89615,13,,,0,59,,89603,13,,,0,19,,89620,13,,,0,18,,89601,13,,,0,18,,89618,13,,,0,58,,89610,13,,,0,18,,89613,13,,,0,20,,89611,13,,,0,58,,89621,13,,,0,18,,89607,13,,,0,18,,89619,13,,,0,58,,89609,13,,,0,17,,89612,13,,,0,18,,89628,13,,,0,58,,89632,13,,,0,17,,89625,13,,,0,18,,89634,13,,,0,18,,89627,13,,,0,58,,89630,13,,,0,17,,89626,13,,,0,17,,89635,13,,,0,56,,89624,13,,,0,20,,89633,13,,,0,19,,89629,13,,,0,19,,89631,13,,,0,59,,89639,13,,,0,20,,89637,13,,,0,19,,89641,13,,,0,60,,89638,13,,,0,20,,89640,13,,,0,20,,89642,13,,,0,60,,89636,13,,,0,30,,89644,13,,,0,69,,89643,13,,,0,30,,89645,13,,,0,70,,89646,13,,,0,38,,89647,13,,,0
2600,'5462',702,,89664,13,,,0,27,,89672,13,,,0,21,,89654,13,,,0,63,,89648,13,,,0,23,,89666,13,,,0,20,,89673,13,,,0,67,,89655,13,,,0,23,,89649,13,,,0,60,,89667,13,,,0,24,,89658,13,,,0,20,,89650,13,,,0,58,,89656,13,,,0,18,,89652,13,,,0,19,,89665,13,,,0,59,,89653,13,,,0,19,,89670,13,,,0,18,,89651,13,,,0,18,,89668,13,,,0,58,,89660,13,,,0,18,,89663,13,,,0,20,,89661,13,,,0,58,,89671,13,,,0,18,,89657,13,,,0,18,,89669,13,,,0,58,,89659,13,,,0,17,,89662,13,,,0,18,,89678,13,,,0,58,,89682,13,,,0,17,,89675,13,,,0,18,,89684,13,,,0,18,,89677,13,,,0,58,,89680,13,,,0,17,,89676,13,,,0,17,,89685,13,,,0,56,,89674,13,,,0,20,,89683,13,,,0,19,,89679,13,,,0,19,,89681,13,,,0,59,,89689,13,,,0,20,,89687,13,,,0,19,,89691,13,,,0,60,,89688,13,,,0,20,,89690,13,,,0,20,,89692,13,,,0,60,,89686,13,,,0,30,,89694,13,,,0,69,,89693,13,,,0,30,,89695,13,,,0,70,,89696,13,,,0,38,,89697,13,,,0
2600,'5463',702,,89714,13,,,0,27,,89722,13,,,0,21,,89704,13,,,0,63,,89698,13,,,0,23,,89716,13,,,0,20,,89723,13,,,0,67,,89705,13,,,0,23,,89699,13,,,0,60,,89717,13,,,0,24,,89708,13,,,0,20,,89700,13,,,0,58,,89706,13,,,0,18,,89702,13,,,0,19,,89715,13,,,0,59,,89703,13,,,0,19,,89720,13,,,0,18,,89701,13,,,0,18,,89718,13,,,0,58,,89710,13,,,0,18,,89713,13,,,0,20,,89711,13,,,0,58,,89721,13,,,0,18,,89707,13,,,0,18,,89719,13,,,0,58,,89709,13,,,0,17,,89712,13,,,0,18,,89728,13,,,0,58,,89732,13,,,0,17,,89725,13,,,0,18,,89734,13,,,0,18,,89727,13,,,0,58,,89730,13,,,0,17,,89726,13,,,0,17,,89735,13,,,0,56,,89724,13,,,0,20,,89733,13,,,0,19,,89729,13,,,0,19,,89731,13,,,0,59,,89739,13,,,0,20,,89737,13,,,0,19,,89741,13,,,0,60,,89738,13,,,0,20,,89740,13,,,0,20,,89742,13,,,0,60,,89736,13,,,0,30,,89744,13,,,0,69,,89743,13,,,0,30,,89745,13,,,0,70,,89746,13,,,0,38,,89747,13,,,0
