300,'5456',642,,82371,13,,,0,114,,82379,13,,,0,153,,82373,13,,,0,99,,82374,13,,,0,98,,82376,13,,,0,105,,82380,13,,,0,100,,82385,13,,,0,104,,82395,13,,,0,109,,82383,13,,,0,34,,82394,13,,,0,73,,82386,13,,,0,109,,82393,13,,,0,99,,82389,13,,,0,95,,82390,13,,,0,96,,82397,13,,,0
300,'5458',642,,82400,13,,,0,114,,82408,13,,,0,153,,82402,13,,,0,99,,82403,13,,,0,98,,82405,13,,,0,105,,82409,13,,,0,100,,82414,13,,,0,104,,82424,13,,,0,109,,82412,13,,,0,34,,82423,13,,,0,73,,82415,13,,,0,109,,82422,13,,,0,99,,82418,13,,,0,95,,82419,13,,,0,96,,82426,13,,,0
300,'5459',717,,82433,13,,,0,97,,82442,13,,,0,99,,82452,13,,,0,100,,82428,13,,,0,98,,82440,13,,,0,99,,82453,13,,,0,101,,82430,13,,,0,103,,82429,13,,,0,109,,82434,13,,,0,109,,82432,13,,,0,101,,82445,13,,,0,101,,82444,13,,,0,96,,82448,13,,,0,101,,82451,13,,,0
300,'5460',746,,82458,13,,,0,163,,82465,13,,,0,115,,82456,13,,,0,89,,82461,13,,,0,98,,82462,13,,,0,99,,82459,13,,,0,108,,82464,13,,,0,108,,82468,13,,,0,99,,82472,13,,,0,98,,82474,13,,,0,102,,82476,13,,,0,105,,82479,13,,,0
300,'5461',746,,82483,13,,,0,163,,82490,13,,,0,115,,82481,13,,,0,89,,82486,13,,,0,98,,82487,13,,,0,99,,82484,13,,,0,108,,82489,13,,,0,108,,82493,13,,,0,99,,82497,13,,,0,98,,82499,13,,,0,102,,82501,13,,,0,105,,82504,13,,,0
300,'5462',746,,82508,13,,,0,163,,82515,13,,,0,115,,82506,13,,,0,89,,82511,13,,,0,98,,82512,13,,,0,99,,82509,13,,,0,108,,82514,13,,,0,108,,82518,13,,,0,99,,82522,13,,,0,98,,82524,13,,,0,102,,82526,13,,,0,105,,82529,13,,,0
300,'5463',746,,82533,13,,,0,163,,82540,13,,,0,115,,82531,13,,,0,89,,82536,13,,,0,98,,82537,13,,,0,99,,82534,13,,,0,108,,82539,13,,,0,108,,82543,13,,,0,99,,82547,13,,,0,98,,82549,13,,,0,102,,82551,13,,,0,105,,82554,13,,,0
301,'5456',652,,82556,34,,,0,155,,82559,34,,,0,117,,82560,34,,,0,177,,82562,34,,,0,101,,82564,34,,,0,106,,82568,34,,,0,133,,82570,34,,,0,108,,82572,34,,,0,74,,82573,34,,,0,35,,82581,34,,,0,73,,82574,34,,,0,70,,82575,34,,,0,58,,82576,34,,,0,99,,82584,34,,,0,89,,82579,34,,,0
301,'5458',652,,82585,34,,,0,155,,82588,34,,,0,117,,82589,34,,,0,177,,82591,34,,,0,101,,82593,34,,,0,106,,82597,34,,,0,133,,82599,34,,,0,108,,82601,34,,,0,74,,82602,34,,,0,35,,82610,34,,,0,73,,82603,34,,,0,70,,82604,34,,,0,58,,82605,34,,,0,99,,82613,34,,,0,89,,82608,34,,,0
301,'5459',731,,82635,34,,,0,101,,82614,34,,,0,101,,82622,34,,,0,102,,82626,34,,,0,100,,82637,34,,,0,102,,82617,34,,,0,100,,82628,34,,,0,101,,82623,34,,,0,107,,82618,34,,,0,106,,82624,34,,,0,100,,82625,34,,,0,102,,82631,34,,,0,95,,82634,34,,,0,100,,82636,34,,,0
301,'5460',746,,82655,34,,,0,166,,82656,34,,,0,122,,82654,34,,,0,100,,82650,34,,,0,101,,82644,34,,,0,102,,82648,34,,,0,100,,82646,34,,,0,105,,82653,34,,,0,103,,82657,34,,,0,99,,82663,34,,,0,99,,82660,34,,,0,100,,82664,34,,,0
301,'5461',746,,82679,34,,,0,166,,82680,34,,,0,122,,82678,34,,,0,100,,82674,34,,,0,101,,82668,34,,,0,102,,82672,34,,,0,100,,82670,34,,,0,105,,82677,34,,,0,103,,82681,34,,,0,99,,82687,34,,,0,99,,82684,34,,,0,100,,82688,34,,,0
301,'5462',746,,82703,34,,,0,166,,82704,34,,,0,122,,82702,34,,,0,100,,82698,34,,,0,101,,82692,34,,,0,102,,82696,34,,,0,100,,82694,34,,,0,105,,82701,34,,,0,103,,82705,34,,,0,99,,82711,34,,,0,99,,82708,34,,,0,100,,82712,34,,,0
301,'5463',746,,82727,34,,,0,166,,82728,34,,,0,122,,82726,34,,,0,100,,82722,34,,,0,101,,82716,34,,,0,102,,82720,34,,,0,100,,82718,34,,,0,105,,82725,34,,,0,103,,82729,34,,,0,99,,82735,34,,,0,99,,82732,34,,,0,100,,82736,34,,,0
