4700,'5456',638,,93089,34,,,0,21,,93087,34,,,0,65,,93088,34,,,0
4700,'5458',638,,93092,34,,,0,21,,93090,34,,,0,65,,93091,34,,,0
4701,'5456',1658,,93093,28,,,0,67,,93094,28,,,0,29,,93095,28,,,0
4701,'5458',1658,,93096,28,,,0,67,,93097,28,,,0,29,,93098,28,,,0
5701,'5456',602,,94106,10,,,0,49,,94109,10,,,0,85,,94119,10,,,0,78,,94125,10,,,0,10,,94111,10,,,0,83,,94108,10,,,0,47,,94107,10,,,0,85,,94110,10,,,0,85,,94112,10,,,0,85,,94113,10,,,0,46,,94114,10,,,0,85,,94115,10,,,0,89,,94116,10,,,0,100,,94126,10,,,0,72,,94127,10,,,0,43,,94117,10,,,0,87,,94118,10,,,0,87,,94120,10,,,0,88,,94121,10,,,0,99,,94122,10,,,0,115,,94123,10,,,0,110,,94124,10,,,0
5701,'5458',602,,94128,10,,,0,49,,94131,10,,,0,85,,94141,10,,,0,78,,94147,10,,,0,10,,94133,10,,,0,83,,94130,10,,,0,47,,94129,10,,,0,85,,94132,10,,,0,85,,94134,10,,,0,85,,94135,10,,,0,46,,94136,10,,,0,85,,94137,10,,,0,89,,94138,10,,,0,100,,94148,10,,,0,72,,94149,10,,,0,43,,94139,10,,,0,87,,94140,10,,,0,87,,94142,10,,,0,88,,94143,10,,,0,99,,94144,10,,,0,115,,94145,10,,,0,110,,94146,10,,,0
5701,'5459',629,,94161,10,,,0,107,,94151,10,,,0,97,,94162,10,,,0,105,,94165,10,,,0,102,,94163,10,,,0,107,,94164,10,,,0,110,,94150,10,,,0,100,,94156,10,,,0,150,,94160,10,,,0,101,,94157,10,,,0,108,,94152,10,,,0,91,,94154,10,,,0,113,,94158,10,,,0,100,,94159,10,,,0,99,,94155,10,,,0,113,,94153,10,,,0
5701,'5460',736,,94169,10,,,0,99,,94166,10,,,0,105,,94168,10,,,0,100,,94167,10,,,0,107,,94170,10,,,0,110,,94173,10,,,0,100,,94171,10,,,0,150,,94174,10,,,0,100,,94172,10,,,0,109,,94178,10,,,0,90,,94180,10,,,0,113,,94179,10,,,0,100,,94177,10,,,0,100,,94176,10,,,0,85,,94175,10,,,0
5701,'5461',736,,94184,10,,,0,99,,94181,10,,,0,105,,94183,10,,,0,100,,94182,10,,,0,107,,94185,10,,,0,110,,94188,10,,,0,100,,94186,10,,,0,150,,94189,10,,,0,100,,94187,10,,,0,109,,94193,10,,,0,90,,94195,10,,,0,113,,94194,10,,,0,100,,94192,10,,,0,100,,94191,10,,,0,85,,94190,10,,,0
5701,'5462',736,,94199,10,,,0,99,,94196,10,,,0,105,,94198,10,,,0,100,,94197,10,,,0,107,,94200,10,,,0,110,,94203,10,,,0,100,,94201,10,,,0,150,,94204,10,,,0,100,,94202,10,,,0,109,,94208,10,,,0,90,,94210,10,,,0,113,,94209,10,,,0,100,,94207,10,,,0,100,,94206,10,,,0,85,,94205,10,,,0
5701,'5463',736,,94214,10,,,0,99,,94211,10,,,0,105,,94213,10,,,0,100,,94212,10,,,0,107,,94215,10,,,0,110,,94218,10,,,0,100,,94216,10,,,0,150,,94219,10,,,0,100,,94217,10,,,0,109,,94223,10,,,0,90,,94225,10,,,0,113,,94224,10,,,0,100,,94222,10,,,0,100,,94221,10,,,0,85,,94220,10,,,0
