4701,'5456',1643,,93093,17,,,0,68,,93094,17,,,0,30,,93095,17,,,0
4701,'5458',1643,,93096,17,,,0,68,,93097,17,,,0,30,,93098,17,,,0
4801,'5456',1642,,93107,17,,,0,67,,93106,17,,,0,30,,93105,17,,,0
4801,'5458',1642,,93110,17,,,0,67,,93109,17,,,0,30,,93108,17,,,0
6101,'5456',1533,,95101,17,,,0,70,,103354,17,,,0,34,,95076,17,,,0,64,,95074,17,,,0,17,,95083,17,,,0,21,,95069,17,,,0,80,,103353,17,,,0
6101,'5458',1533,,95138,17,,,0,70,,103361,17,,,0,34,,95113,17,,,0,64,,95111,17,,,0,17,,95119,17,,,0,21,,95106,17,,,0,80,,103360,17,,,0
6501,'5456',1621,,103388,17,,,0,28,,95299,17,,,0,74,,95296,17,,,0,28,,95298,17,,,0
6501,'5458',1621,,103389,17,,,0,28,,95303,17,,,0,74,,95300,17,,,0,28,,95302,17,,,0
9501,'5456',524,,105008,12,0,15,0,26,,105009,12,0,15,0,60,,105010,12,0,15,0,13,,105011,12,0,15,0,12,,105015,12,0,15,0,14,,105014,12,0,15,0,52,,105017,12,0,15,0,12,,105012,12,0,15,0,13,,105024,12,0,15,0,12,,105026,12,0,15,0,13,,105025,12,0,15,0,52,,105016,12,0,15,0,13,,105023,12,0,15,0,13,,105022,12,0,15,0,13,,105013,12,0,15,0,12,,105018,12,0,15,0,51,,105021,12,0,15,0,12,,105020,12,0,15,0,12,,105019,12,0,15,0,12,,105027,12,0,15,0,12,,105041,12,0,15,0,52,,105031,12,0,15,0,12,,105040,12,0,15,0,12,,105045,12,0,15,0,12,,105029,12,0,15,0,11,,105042,12,0,15,0,53,,105037,12,0,15,0,12,,105039,12,0,15,0,12,,105034,12,0,15,0,12,,105044,12,0,15,0,12,,105035,12,0,15,0,52,,105030,12,0,15,0,12,,105036,12,0,15,0,12,,105032,12,0,15,0,12,,105028,12,0,15,0,12,,105043,12,0,15,0,51,,105033,12,0,15,0,12,,105038,12,0,15,0,10,,97466,12,0,15,0,10,,105055,12,0,15,0,10,,105059,12,0,15,0,10,,105054,12,0,15,0,50,,105047,12,0,15,0,10,,105090,12,0,15,0,10,,105053,12,0,15,0,10,,105048,12,0,15,0,11,,97467,12,0,15,0,11,,105058,12,0,15,0,50,,105051,12,0,15,0,10,,105052,12,0,15,0,11,,105057,12,0,15,0,11,,97464,12,0,15,0,10,,105056,12,0,15,0,50,,105060,12,0,15,0,10,,105049,12,0,15,0,9,,105092,12,0,15,0,8,,105046,12,0,15,0,8,,105087,12,0,15,0,8,,105050,12,0,15,0,8,,105097,12,0,15,0,8,,105062,12,0,15,0,48,,97468,12,0,15,0,8,,105074,12,0,15,0,6,,97482,12,0,15,0,1,,105067,12,0,15,0,7,,97465,12,0,15,0,7,,105066,12,0,15,0,8,,105072,12,0,15,0,8,,97481,12,0,15,0,50,,105070,12,0,15,0,8,,105069,12,0,15,0,7,,105076,12,0,15,0,10,,105064,12,0,15,0,10,,105091,12,0,15,0,10,,105089,12,0,15,0,11,,105096,12,0,15,0,52,,105061,12,0,15,0,12,,105068,12,0,15,0,11,,105065,12,0,15,0,12,,105073,12,0,15,0,12,,105071,12,0,15,0,52,,105075,12,0,15,0,14,,105063,12,0,15,0,15,,105088,12,0,15,0,15,,105095,12,0,15,0,55,,105081,12,0,15,0,15,,105080,12,0,15,0,15,,105082,12,0,15,0,15,,105084,12,0,15,0,54,,105078,12,0,15,0,19,,105086,12,0,15,0,20,,105093,12,0,15,0,60,,105079,12,0,15,0,20,,105083,12,0,15,0,27,,105077,12,0,15,0,69,,105094,12,0,15,0,30,,105085,12,0,15,0
9501,'5458',524,,105098,12,0,15,0,26,,105099,12,0,15,0,60,,105100,12,0,15,0,13,,105101,12,0,15,0,12,,105105,12,0,15,0,14,,105104,12,0,15,0,52,,105107,12,0,15,0,12,,105102,12,0,15,0,13,,105114,12,0,15,0,12,,105116,12,0,15,0,13,,105115,12,0,15,0,52,,105106,12,0,15,0,13,,105113,12,0,15,0,13,,105112,12,0,15,0,13,,105103,12,0,15,0,12,,105108,12,0,15,0,51,,105111,12,0,15,0,12,,105110,12,0,15,0,12,,105109,12,0,15,0,12,,105117,12,0,15,0,12,,105131,12,0,15,0,52,,105121,12,0,15,0,12,,105130,12,0,15,0,12,,105135,12,0,15,0,12,,105119,12,0,15,0,11,,105132,12,0,15,0,53,,105127,12,0,15,0,12,,105129,12,0,15,0,12,,105124,12,0,15,0,12,,105134,12,0,15,0,12,,105125,12,0,15,0,52,,105120,12,0,15,0,12,,105126,12,0,15,0,12,,105122,12,0,15,0,12,,105118,12,0,15,0,12,,105133,12,0,15,0,51,,105123,12,0,15,0,12,,105128,12,0,15,0,10,,97565,12,0,15,0,10,,105145,12,0,15,0,10,,105149,12,0,15,0,10,,105144,12,0,15,0,50,,105137,12,0,15,0,10,,105181,12,0,15,0,10,,105143,12,0,15,0,10,,105138,12,0,15,0,11,,97566,12,0,15,0,11,,105148,12,0,15,0,50,,105141,12,0,15,0,10,,105142,12,0,15,0,11,,105147,12,0,15,0,11,,97563,12,0,15,0,10,,105146,12,0,15,0,50,,105150,12,0,15,0,10,,105139,12,0,15,0,9,,105183,12,0,15,0,8,,105136,12,0,15,0,8,,105178,12,0,15,0,8,,105140,12,0,15,0,8,,105188,12,0,15,0,8,,105152,12,0,15,0,48,,97567,12,0,15,0,8,,105164,12,0,15,0,6,,97584,12,0,15,0,1,,105157,12,0,15,0,7,,97564,12,0,15,0,7,,105156,12,0,15,0,8,,105162,12,0,15,0,8,,97580,12,0,15,0,50,,105160,12,0,15,0,8,,105159,12,0,15,0,7,,105166,12,0,15,0,10,,105154,12,0,15,0,10,,105182,12,0,15,0,10,,105180,12,0,15,0,11,,105187,12,0,15,0,52,,105151,12,0,15,0,12,,105158,12,0,15,0,11,,105155,12,0,15,0,12,,105163,12,0,15,0,12,,105161,12,0,15,0,52,,105165,12,0,15,0,14,,105153,12,0,15,0,15,,105179,12,0,15,0,15,,105186,12,0,15,0,55,,105171,12,0,15,0,15,,105170,12,0,15,0,15,,105172,12,0,15,0,15,,105174,12,0,15,0,54,,105168,12,0,15,0,19,,105177,12,0,15,0,20,,105184,12,0,15,0,60,,105169,12,0,15,0,20,,105173,12,0,15,0,27,,105167,12,0,15,0,69,,105185,12,0,15,0,30,,105176,12,0,15,0,70,,105175,12,0,15,0,30,,105189,12,0,15,0,70,,105190,12,0,15,0,30,,97583,12,0,15,0
9501,'5459',622,,105192,12,0,15,0,37,,105193,12,0,15,0,60,,105194,12,0,15,0,19,,105195,12,0,15,0,20,,105196,12,0,15,0,55,,105197,12,0,15,0,15,,105191,12,0,15,0,15,,105198,12,0,15,0,16,,105199,12,0,15,0,55,,105200,12,0,15,0,15,,105201,12,0,15,0,15,,105202,12,0,15,0,56,,105203,12,0,15,0,15,,105204,12,0,15,0,15,,105205,12,0,15,0,15,,105206,12,0,15,0,56,,105207,12,0,15,0,15,,105208,12,0,15,0,15,,105209,12,0,15,0,16,,105210,12,0,15,0,55,,105211,12,0,15,0,15,,105212,12,0,15,0,14,,105213,12,0,15,0,13,,105214,12,0,15,0,12,,105215,12,0,15,0,52,,105216,12,0,15,0,13,,105217,12,0,15,0,12,,105218,12,0,15,0,12,,97613,12,0,15,0,12,,105219,12,0,15,0,52,,105220,12,0,15,0,12,,105221,12,0,15,0,13,,105222,12,0,15,0,13,,105223,12,0,15,0,12,,105224,12,0,15,0,52,,105225,12,0,15,0,12,,105226,12,0,15,0,13,,105227,12,0,15,0,12,,105228,12,0,15,0,52,,97624,12,0,15,0,11,,105229,12,0,15,0,12,,105230,12,0,15,0,12,,105231,12,0,15,0,11,,105232,12,0,15,0,11,,105233,12,0,15,0,52,,105234,12,0,15,0,12,,105235,12,0,15,0,12,,105236,12,0,15,0,12,,105237,12,0,15,0,12,,105238,12,0,15,0,52,,105239,12,0,15,0,12,,105240,12,0,15,0,12,,105241,12,0,15,0,12,,105242,12,0,15,0,12,,105243,12,0,15,0,52,,105244,12,0,15,0,15,,105245,12,0,15,0,15,,105246,12,0,15,0,15,,105247,12,0,15,0,54,,105248,12,0,15,0,15,,105249,12,0,15,0,15,,105250,12,0,15,0,15,,105251,12,0,15,0,55,,105252,12,0,15,0,15,,105253,12,0,15,0,15,,105254,12,0,15,0,15,,105255,12,0,15,0,55,,105256,12,0,15,0,20,,105257,12,0,15,0,20,,105258,12,0,15,0,60,,105259,12,0,15,0,20,,105260,12,0,15,0,26,,105261,12,0,15,0,68,,105262,12,0,15,0,30,,105263,12,0,15,0,70,,105264,12,0,15,0,29,,105265,12,0,15,0,70,,105266,12,0,15,0,30,,97663,12,0,15,0
9501,'5460',705,,105267,12,0,15,0,30,,105268,12,0,15,0,19,,105269,12,0,15,0,60,,105270,12,0,15,0,20,,105271,12,0,15,0,15,,105272,12,0,15,0,55,,105273,12,0,15,0,16,,105274,12,0,15,0,15,,105275,12,0,15,0,16,,105276,12,0,15,0,55,,105277,12,0,15,0,15,,105278,12,0,15,0,15,,105283,12,0,15,0,15,,105279,12,0,15,0,55,,105280,12,0,15,0,15,,105281,12,0,15,0,15,,105284,12,0,15,0,16,,105285,12,0,15,0,55,,105282,12,0,15,0,15,,105286,12,0,15,0,15,,105287,12,0,15,0,15,,105288,12,0,15,0,55,,105289,12,0,15,0,15,,105290,12,0,15,0,15,,105291,12,0,15,0,16,,105292,12,0,15,0,55,,105293,12,0,15,0,15,,105294,12,0,15,0,15,,105295,12,0,15,0,15,,105296,12,0,15,0,55,,105297,12,0,15,0,15,,105298,12,0,15,0,15,,105299,12,0,15,0,16,,105300,12,0,15,0,53,,105301,12,0,15,0,12,,105302,12,0,15,0,11,,105303,12,0,15,0,13,,105304,12,0,15,0,12,,105305,12,0,15,0,52,,105306,12,0,15,0,13,,105307,12,0,15,0,12,,105308,12,0,15,0,12,,105309,12,0,15,0,12,,105310,12,0,15,0,54,,105311,12,0,15,0,15,,105312,12,0,15,0,14,,105313,12,0,15,0,15,,105314,12,0,15,0,54,,105315,12,0,15,0,15,,105316,12,0,15,0,15,,105317,12,0,15,0,15,,105318,12,0,15,0,55,,105319,12,0,15,0,15,,105320,12,0,15,0,14,,105321,12,0,15,0,15,,105322,12,0,15,0,55,,105323,12,0,15,0,15,,105324,12,0,15,0,15,,105325,12,0,15,0,15,,105326,12,0,15,0,55,,105328,12,0,15,0,20,,105327,12,0,15,0,20,,105329,12,0,15,0,58,,105330,12,0,15,0,20,,105331,12,0,15,0,32,,105332,12,0,15,0,75,,105333,12,0,15,0
9501,'5461',705,,105334,12,0,15,0,30,,105335,12,0,15,0,19,,105336,12,0,15,0,60,,105337,12,0,15,0,20,,105338,12,0,15,0,15,,105339,12,0,15,0,55,,105340,12,0,15,0,16,,105341,12,0,15,0,15,,105342,12,0,15,0,16,,105343,12,0,15,0,55,,105344,12,0,15,0,15,,105345,12,0,15,0,15,,105350,12,0,15,0,15,,105346,12,0,15,0,55,,105347,12,0,15,0,15,,105348,12,0,15,0,15,,105351,12,0,15,0,16,,105352,12,0,15,0,55,,105349,12,0,15,0,15,,105353,12,0,15,0,15,,105354,12,0,15,0,15,,105355,12,0,15,0,55,,105356,12,0,15,0,15,,105357,12,0,15,0,15,,105358,12,0,15,0,16,,105359,12,0,15,0,55,,105360,12,0,15,0,15,,105361,12,0,15,0,15,,105362,12,0,15,0,15,,105363,12,0,15,0,55,,105364,12,0,15,0,15,,105365,12,0,15,0,15,,105366,12,0,15,0,16,,105367,12,0,15,0,53,,105368,12,0,15,0,12,,105369,12,0,15,0,11,,105370,12,0,15,0,13,,105371,12,0,15,0,12,,105372,12,0,15,0,52,,105373,12,0,15,0,13,,105374,12,0,15,0,12,,105375,12,0,15,0,12,,105376,12,0,15,0,12,,105377,12,0,15,0,54,,105378,12,0,15,0,15,,105379,12,0,15,0,14,,105380,12,0,15,0,15,,105381,12,0,15,0,54,,105382,12,0,15,0,15,,105383,12,0,15,0,15,,105384,12,0,15,0,15,,105385,12,0,15,0,55,,105386,12,0,15,0,15,,105387,12,0,15,0,14,,105388,12,0,15,0,15,,105389,12,0,15,0,55,,105390,12,0,15,0,15,,105391,12,0,15,0,15,,105392,12,0,15,0,15,,105393,12,0,15,0,55,,105395,12,0,15,0,20,,105394,12,0,15,0,20,,105396,12,0,15,0,58,,105397,12,0,15,0,20,,105398,12,0,15,0,32,,105399,12,0,15,0,75,,105400,12,0,15,0
9501,'5462',705,,105401,12,0,15,0,30,,105402,12,0,15,0,19,,105403,12,0,15,0,60,,105404,12,0,15,0,20,,105405,12,0,15,0,15,,105406,12,0,15,0,55,,105407,12,0,15,0,16,,105408,12,0,15,0,15,,105409,12,0,15,0,16,,105410,12,0,15,0,55,,105411,12,0,15,0,15,,105412,12,0,15,0,15,,105417,12,0,15,0,15,,105413,12,0,15,0,55,,105414,12,0,15,0,15,,105415,12,0,15,0,15,,105418,12,0,15,0,16,,105419,12,0,15,0,55,,105416,12,0,15,0,15,,105420,12,0,15,0,15,,105421,12,0,15,0,15,,105422,12,0,15,0,55,,105423,12,0,15,0,15,,105424,12,0,15,0,15,,105425,12,0,15,0,16,,105426,12,0,15,0,55,,105427,12,0,15,0,15,,105428,12,0,15,0,15,,105429,12,0,15,0,15,,105430,12,0,15,0,55,,105431,12,0,15,0,15,,105432,12,0,15,0,15,,105433,12,0,15,0,16,,105434,12,0,15,0,53,,105435,12,0,15,0,12,,105436,12,0,15,0,11,,105437,12,0,15,0,13,,105438,12,0,15,0,12,,105439,12,0,15,0,52,,105440,12,0,15,0,13,,105441,12,0,15,0,12,,105442,12,0,15,0,12,,105443,12,0,15,0,12,,105444,12,0,15,0,54,,105445,12,0,15,0,15,,105446,12,0,15,0,14,,105447,12,0,15,0,15,,105448,12,0,15,0,54,,105449,12,0,15,0,15,,105450,12,0,15,0,15,,105451,12,0,15,0,15,,105452,12,0,15,0,55,,105453,12,0,15,0,15,,105454,12,0,15,0,14,,105455,12,0,15,0,15,,105456,12,0,15,0,55,,105457,12,0,15,0,15,,105458,12,0,15,0,15,,105459,12,0,15,0,15,,105460,12,0,15,0,55,,105462,12,0,15,0,20,,105461,12,0,15,0,20,,105463,12,0,15,0,58,,105464,12,0,15,0,20,,105465,12,0,15,0,32,,105466,12,0,15,0,75,,105467,12,0,15,0
9501,'5463',705,,105468,12,0,15,0,30,,105469,12,0,15,0,19,,105470,12,0,15,0,60,,105471,12,0,15,0,20,,105472,12,0,15,0,15,,105473,12,0,15,0,55,,105474,12,0,15,0,16,,105475,12,0,15,0,15,,105476,12,0,15,0,16,,105477,12,0,15,0,55,,105478,12,0,15,0,15,,105479,12,0,15,0,15,,105484,12,0,15,0,15,,105480,12,0,15,0,55,,105481,12,0,15,0,15,,105482,12,0,15,0,15,,105485,12,0,15,0,16,,105486,12,0,15,0,55,,105483,12,0,15,0,15,,105487,12,0,15,0,15,,105488,12,0,15,0,15,,105489,12,0,15,0,55,,105490,12,0,15,0,15,,105491,12,0,15,0,15,,105492,12,0,15,0,16,,105493,12,0,15,0,55,,105494,12,0,15,0,15,,105495,12,0,15,0,15,,105496,12,0,15,0,15,,105497,12,0,15,0,55,,105498,12,0,15,0,15,,105499,12,0,15,0,15,,105500,12,0,15,0,16,,105501,12,0,15,0,53,,105502,12,0,15,0,12,,105503,12,0,15,0,11,,105504,12,0,15,0,13,,105505,12,0,15,0,12,,105506,12,0,15,0,52,,105507,12,0,15,0,13,,105508,12,0,15,0,12,,105509,12,0,15,0,12,,105510,12,0,15,0,12,,105511,12,0,15,0,54,,105512,12,0,15,0,15,,105513,12,0,15,0,14,,105514,12,0,15,0,15,,105515,12,0,15,0,54,,105516,12,0,15,0,15,,105517,12,0,15,0,15,,105518,12,0,15,0,15,,105519,12,0,15,0,55,,105520,12,0,15,0,15,,105521,12,0,15,0,14,,105522,12,0,15,0,15,,105523,12,0,15,0,55,,105524,12,0,15,0,15,,105525,12,0,15,0,15,,105526,12,0,15,0,15,,105527,12,0,15,0,55,,105529,12,0,15,0,20,,105528,12,0,15,0,20,,105530,12,0,15,0,58,,105531,12,0,15,0,20,,105532,12,0,15,0,32,,105533,12,0,15,0,75,,105534,12,0,15,0
24005101,'5456',750,,105766,13,,,0,72,,98605,13,,,0,36,,98606,13,,,0,98,,105767,13,,,0,98,,98604,13,,,0,101,,98609,13,,,0,100,,105765,13,,,0,102,,98610,13,,,0,146,,98602,13,,,0,30,,98598,13,0,30 14,0,12,,98596,13,,,0,62,,98600,13,,,0,29,,98599,13,,,0,74,,98593,13,,,0,26,,98601,13,,,0,67,,98597,13,,,0,98,,98594,13,,,0,100,,105764,13,,,0
24005101,'5458',750,,105770,13,,,0,72,,98623,13,,,0,36,,98624,13,,,0,98,,105771,13,,,0,98,,98622,13,,,0,101,,98627,13,,,0,100,,105769,13,,,0,102,,98628,13,,,0,146,,98620,13,,,0,30,,98616,13,0,30 14,0,12,,98614,13,,,0,62,,98618,13,,,0,29,,98617,13,,,0,74,,98611,13,,,0,26,,98619,13,,,0,67,,98615,13,,,0,98,,98612,13,,,0,100,,105768,13,,,0
