1201,'5456',653,,86128,9,,,0,81,,86129,9,,,0,68,,99784,9,,,0,32,,99788,9,,,0,70,,99782,9,,,0,31,,99786,9,,,0,69,,86123,9,,,0,30,,99780,9,,,0,70,,86115,9,,,0,30,,99785,9,,,0,70,,86118,9,,,0,30,,99781,9,,,0,70,,86116,9,,,0,29,,86127,9,,,0,72,,86117,9,,,0,31,,86112,9,,,0,22,,86119,9,,,0,49,,86109,9,,,0,25,,86120,9,,,0,75,,86121,9,,,0,20,,86133,9,,,0,24,,86114,9,,,0,56,,86134,9,,,0,30,,86113,9,,,0,70,,99783,9,,,0,36,,99787,9,,,0,71,,86132,9,,,0
1201,'5458',653,,86155,9,,,0,81,,86156,9,,,0,68,,99793,9,,,0,32,,99797,9,,,0,70,,99791,9,,,0,31,,99795,9,,,0,69,,86150,9,,,0,30,,99789,9,,,0,70,,86142,9,,,0,30,,99794,9,,,0,70,,86145,9,,,0,30,,99790,9,,,0,70,,86143,9,,,0,29,,86154,9,,,0,72,,86144,9,,,0,31,,86139,9,,,0,22,,86146,9,,,0,49,,86136,9,,,0,25,,86147,9,,,0,75,,86148,9,,,0,20,,86160,9,,,0,24,,86141,9,,,0,56,,86161,9,,,0,30,,86140,9,,,0,70,,99792,9,,,0,36,,99796,9,,,0,71,,86159,9,,,0
1201,'5459',908,,86165,9,,,0,100,,86168,9,,,0,100,,86171,9,,,0,100,,99798,9,,,0,100,,99799,9,,,0,100,,99801,9,,,0,100,,99802,9,,,0,100,,99800,9,,,0,103,,86167,9,,,0,100,,86170,9,,,0,100,,99803,9,,,0
1201,'5460',908,,86174,9,,,0,100,,86175,9,,,0,100,,99805,9,,,0,100,,86176,9,,,0,100,,99804,9,,,0,100,,99806,9,,,0,100,,99808,9,,,0,100,,99807,9,,,0,103,,86182,9,,,0,100,,86183,9,,,0,100,,86184,9,,,0
1201,'5461',908,,86185,9,,,0,100,,99809,9,,,0,100,,86189,9,,,0,100,,86187,9,,,0,100,,99810,9,,,0,100,,99811,9,,,0,100,,99813,9,,,0,100,,99812,9,,,0,103,,86193,9,,,0,100,,86194,9,,,0,100,,86195,9,,,0
1201,'5462',908,,86196,9,,,0,100,,99814,9,,,0,100,,86200,9,,,0,100,,86198,9,,,0,100,,99815,9,,,0,100,,99816,9,,,0,100,,99818,9,,,0,100,,99817,9,,,0,103,,86204,9,,,0,100,,86205,9,,,0,100,,86206,9,,,0
1201,'5463',908,,86207,9,,,0,100,,99819,9,,,0,100,,86211,9,,,0,100,,86209,9,,,0,100,,99820,9,,,0,100,,99821,9,,,0,100,,99823,9,,,0,100,,99822,9,,,0,103,,86215,9,,,0,100,,86216,9,,,0,100,,86217,9,,,0
2701,'5456',521,,90458,3,,,0,81,,90459,3,,,0,27,,90460,3,,,0,22,,90461,3,,,0,70,,90462,3,,,0,24,,90463,3,,,0,63,,90464,3,,,0,29,,90465,3,,,0,20,,90466,3,,,0,63,,90467,3,,,0,24,,90468,3,,,0,64,,90469,3,,,0,26,,90470,3,,,0,66,,90471,3,,,0,28,,90472,3,,,0,26,,90473,3,,,0,66,,90474,3,,,0,26,,90475,3,,,0,66,,90476,3,,,0,26,,90477,3,,,0,65,,90478,3,,,0,25,,90479,3,,,0,24,,90480,3,,,0,62,,90514,3,,,0,3,,90503,3,0,31 49,0,5,,90481,3,,,0,18,,90482,3,,,0,1,,90504,3,0,31 49,0,14,,90505,3,0,31 49,0,55,,90506,3,0,31 49,0,1,,90483,3,,,0,13,,90507,3,0,31 49,0,18,,90508,3,0,31 49,0,16,,90509,3,0,31 49,0,57,,90510,3,0,31 49,0,14,,90511,3,0,31 49,0,18,,90512,3,0,31 49,0,2,,90486,3,,,0,54,,90487,3,,,0,12,,90488,3,,,0,2,,90513,3,0,31 49,0,14,,90489,3,,,0,15,,90490,3,,,0,56,,90491,3,,,0,20,,90492,3,,,0,23,,90493,3,,,0,66,,90494,3,,,0,28,,90495,3,,,0,69,,90496,3,,,0,28,,90497,3,,,0,69,,90498,3,,,0,30,,90499,3,,,0,76,,90500,3,,,0,39,,90501,3,,,0,77,,90502,3,,,0
2701,'5458',521,,90515,3,,,0,81,,90516,3,,,0,27,,90517,3,,,0,22,,90518,3,,,0,70,,90519,3,,,0,24,,90520,3,,,0,63,,90521,3,,,0,29,,90522,3,,,0,20,,90523,3,,,0,63,,90524,3,,,0,24,,90525,3,,,0,64,,90526,3,,,0,26,,90527,3,,,0,66,,90528,3,,,0,28,,90529,3,,,0,26,,90530,3,,,0,66,,90531,3,,,0,26,,90532,3,,,0,66,,90533,3,,,0,26,,90534,3,,,0,64,,90536,3,,,0,1,,101384,3,,,0,25,,90537,3,,,0,24,,90538,3,,,0,62,,90575,3,,,0,3,,90564,3,0,31 49,0,23,,101385,3,,,0,1,,90565,3,0,31 49,0,14,,90566,3,0,31 49,0,55,,90567,3,0,31 49,0,1,,90540,3,,,0,13,,101399,3,0,31 49,0,18,,90569,3,0,31 49,0,16,,90570,3,0,31 49,0,57,,101400,3,0,31 49,0,14,,90572,3,0,31 49,0,18,,90573,3,0,31 49,0,2,,90543,3,,,0,54,,90544,3,,,0,12,,101386,3,,,0,2,,90574,3,0,31 49,0,14,,101387,3,,,0,15,,90547,3,,,0,56,,101388,3,,,0,20,,90549,3,,,0,23,,101389,3,,,0,66,,90551,3,,,0,28,,90552,3,,,0,69,,101390,3,,,0,28,,90554,3,,,0,69,,90555,3,,,0,30,,101391,3,,,0,76,,101392,3,,,0,39,,101393,3,,,0,77,,101394,3,,,0,82,,101395,3,,,0,40,,101396,3,,,0,78,,101397,3,0,16 49,0,78,,101398,3,0,16 49,0
2701,'5459',624,,101401,3,,,0,80,,101402,3,,,0,30,,101403,3,,,0,70,,101404,3,,,0,29,,101405,3,,,0,26,,101406,3,,,0,66,,101407,3,,,0,27,,101408,3,,,0,67,,101409,3,,,0,25,,90585,3,,,0,62,,101410,3,,,0,22,,101411,3,,,0,22,,101412,3,,,0,61,,90589,3,,,0,22,,101413,3,,,0,23,,101414,3,,,0,64,,101415,3,,,0,22,,90593,3,,,0,63,,101416,3,,,0,23,,101417,3,,,0,21,,90596,3,,,0,61,,101418,3,,,0,22,,90598,3,,,0,22,,101419,3,,,0,60,,90600,3,,,0,21,,101420,3,,,0,20,,90602,3,,,0,61,,101421,3,,,0,21,,101422,3,,,0,20,,90605,3,,,0,58,,101423,3,,,0,20,,90607,3,,,0,20,,101424,3,,,0,61,,90609,3,,,0,26,,101425,3,,,0,66,,101426,3,,,0,28,,101427,3,,,0,70,,101428,3,,,0,29,,101429,3,,,0,69,,101430,3,,,0,30,,101431,3,,,0,72,,101432,3,,,0,31,,101433,3,,,0,71,,101434,3,,,0,31,,101435,3,,,0,69,,101436,3,,,0,29,,101437,3,,,0,70,,101438,3,,,0,30,,101439,3,0,16 49,0,68,,101440,3,0,16 49,0
2701,'5460',653,,101441,3,,,0,83,,90628,3,,,0,70,,101442,3,,,0,29,,90630,3,,,0,71,,90631,3,,,0,31,,90626,3,,,0,70,,90632,3,,,0,25,,90633,3,,,0,27,,90634,3,,,0,67,,90635,3,,,0,25,,101443,3,,,0,65,,90637,3,,,0,24,,90638,3,,,0,63,,90639,3,,,0,22,,101444,3,,,0,23,,90641,3,,,0,64,,90642,3,,,0,23,,90643,3,,,0,23,,101445,3,,,0,63,,90645,3,,,0,23,,90646,3,,,0,63,,90647,3,,,0,24,,101446,3,,,0,22,,90649,3,,,0,63,,90650,3,,,0,23,,90651,3,,,0,63,,101447,3,,,0,22,,90653,3,,,0,24,,90654,3,,,0,66,,101448,3,,,0,25,,101449,3,,,0,68,,90657,3,,,0,28,,101450,3,,,0,70,,101451,3,,,0,30,,90660,3,,,0,75,,101452,3,,,0,42,,90662,3,,,0,79,,101453,3,,,0,102,,101454,3,0,16 49,0
2701,'5461',653,,90666,3,,,0,83,,90667,3,,,0,70,,90668,3,,,0,29,,90669,3,,,0,71,,101456,3,,,0,31,,101455,3,,,0,70,,90671,3,,,0,25,,101457,3,,,0,27,,101458,3,,,0,67,,90674,3,,,0,25,,101459,3,,,0,65,,90676,3,,,0,24,,90677,3,,,0,63,,90678,3,,,0,22,,101460,3,,,0,23,,90680,3,,,0,64,,90681,3,,,0,23,,90682,3,,,0,23,,101461,3,,,0,63,,90684,3,,,0,23,,90685,3,,,0,63,,90686,3,,,0,24,,101462,3,,,0,22,,90688,3,,,0,63,,90689,3,,,0,23,,90690,3,,,0,63,,101463,3,,,0,22,,90692,3,,,0,24,,90693,3,,,0,66,,90694,3,,,0,25,,101464,3,,,0,68,,90696,3,,,0,28,,90697,3,,,0,70,,101465,3,,,0,30,,90699,3,,,0,75,,101466,3,,,0,42,,90701,3,,,0,79,,101467,3,,,0,102,,101468,3,0,16 49,0
2701,'5462',653,,90705,3,,,0,83,,90706,3,,,0,70,,90707,3,,,0,29,,90708,3,,,0,71,,101470,3,,,0,31,,101469,3,,,0,70,,90710,3,,,0,25,,101471,3,,,0,27,,101472,3,,,0,67,,90713,3,,,0,25,,101473,3,,,0,65,,90715,3,,,0,24,,90716,3,,,0,63,,90717,3,,,0,22,,101474,3,,,0,23,,90719,3,,,0,64,,90720,3,,,0,23,,90721,3,,,0,23,,101475,3,,,0,63,,90723,3,,,0,23,,90724,3,,,0,63,,90725,3,,,0,24,,101476,3,,,0,22,,90727,3,,,0,63,,90728,3,,,0,23,,90729,3,,,0,63,,101477,3,,,0,22,,90731,3,,,0,24,,90732,3,,,0,66,,90733,3,,,0,25,,101478,3,,,0,68,,90735,3,,,0,28,,90736,3,,,0,70,,101479,3,,,0,30,,90738,3,,,0,75,,101480,3,,,0,42,,90740,3,,,0,79,,101481,3,,,0,102,,101482,3,0,16 49,0
2701,'5463',653,,90744,3,,,0,83,,90745,3,,,0,70,,90746,3,,,0,29,,90747,3,,,0,71,,101484,3,,,0,31,,101483,3,,,0,70,,90749,3,,,0,25,,101485,3,,,0,27,,101486,3,,,0,67,,90752,3,,,0,25,,101487,3,,,0,65,,90754,3,,,0,24,,90755,3,,,0,63,,90756,3,,,0,22,,101488,3,,,0,23,,90758,3,,,0,64,,90759,3,,,0,23,,90760,3,,,0,23,,101489,3,,,0,63,,90762,3,,,0,23,,90763,3,,,0,63,,90764,3,,,0,24,,101490,3,,,0,22,,90766,3,,,0,63,,90767,3,,,0,23,,90768,3,,,0,63,,101491,3,,,0,22,,90770,3,,,0,24,,90771,3,,,0,66,,90772,3,,,0,25,,101492,3,,,0,68,,90774,3,,,0,28,,90775,3,,,0,70,,101493,3,,,0,30,,90777,3,,,0,75,,101494,3,,,0,42,,90779,3,,,0,79,,101495,3,,,0,102,,101496,3,0,16 49,0
