200,'5456',600,,81973,22,,,0,41,,81974,22,,,0,61,,81975,22,,,0,31,,81976,22,,,0,71,,81977,22,,,0,31,,81978,22,,,0,71,,81979,22,,,0,30,,81980,22,,,0,86,,81982,22,,,0,78,,81983,22,,,0,41,,81984,22,,,0,80,,81985,22,,,0,80,,81986,22,,,0,41,,81987,22,,,0,79,,81988,22,,,0,79,,81989,22,,,0,36,,82007,22,,,0,77,,82003,22,,,0,36,,82005,22,,,0,88,,81997,22,,,0,72,,81995,22,,,0,40,,82002,22,,,0,89,,81994,22,,,0,79,,82001,22,,,0,42,,81993,22,,,0,80,,82000,22,,,0,78,,81992,22,,,0,39,,81999,22,,,0,79,,81991,22,,,0,78,,81998,22,,,0
200,'5458',600,,82008,22,,,0,41,,82009,22,,,0,61,,82010,22,,,0,31,,82011,22,,,0,71,,82012,22,,,0,31,,82013,22,,,0,71,,82014,22,,,0,30,,82015,22,,,0,86,,82017,22,,,0,78,,82018,22,,,0,41,,82019,22,,,0,80,,82020,22,,,0,80,,82021,22,,,0,41,,82022,22,,,0,79,,82023,22,,,0,79,,82024,22,,,0,36,,82043,22,,,0,77,,82039,22,,,0,36,,82041,22,,,0,88,,82033,22,,,0,72,,82031,22,,,0,40,,82038,22,,,0,89,,82030,22,,,0,79,,82037,22,,,0,42,,82029,22,,,0,80,,82036,22,,,0,78,,82028,22,,,0,39,,82035,22,,,0,79,,82027,22,,,0,78,,82034,22,,,0
200,'5459',610,,98692,22,,,0,113,,98695,22,,,0,121,,98693,22,,,0,80,,98685,22,,,0,86,,98694,22,,,0,40,,98684,22,,,0,80,,82044,22,,,0,81,,82051,22,,,0,40,,98681,22,,,0,80,,98688,22,,,0,81,,98682,22,,,0,41,,82049,22,,,0,80,,82048,22,,,0,79,,98683,22,,,0,40,,98690,22,,,0,79,,98691,22,,,0,75,,82060,22,,,0,40,,82054,22,,,0,75,,98686,22,,,0,94,,82057,22,,,0,40,,98687,22,,,0,85,,82072,22,,,0,80,,98696,22,,,0,80,,82068,22,,,0,38,,98697,22,,,0,79,,82067,22,,,0
200,'5460',706,,82096,22,,,0,121,,82095,22,,,0,122,,82094,22,,,0,101,,82075,22,,,0,80,,82093,22,,,0,81,,82081,22,,,0,40,,82079,22,,,0,80,,82074,22,,,0,81,,82076,22,,,0,40,,82087,22,,,0,80,,82082,22,,,0,80,,82077,22,,,0,39,,82080,22,,,0,80,,82078,22,,,0,74,,82088,22,,,0,40,,82084,22,,,0,94,,82089,22,,,0,80,,82085,22,,,0,40,,82091,22,,,0,79,,82092,22,,,0,80,,82090,22,,,0,39,,82097,22,,,0,79,,82098,22,,,0
200,'5461',706,,82121,22,,,0,121,,82120,22,,,0,122,,82119,22,,,0,101,,82100,22,,,0,80,,82118,22,,,0,81,,82106,22,,,0,40,,82104,22,,,0,80,,82099,22,,,0,81,,82101,22,,,0,40,,82112,22,,,0,80,,82107,22,,,0,80,,82102,22,,,0,39,,82105,22,,,0,80,,82103,22,,,0,74,,82113,22,,,0,40,,82109,22,,,0,94,,82114,22,,,0,80,,82110,22,,,0,40,,82116,22,,,0,79,,82117,22,,,0,80,,82115,22,,,0,39,,82122,22,,,0,79,,82123,22,,,0
200,'5462',706,,82146,22,,,0,121,,82145,22,,,0,122,,82144,22,,,0,101,,82125,22,,,0,80,,82143,22,,,0,81,,82131,22,,,0,40,,82129,22,,,0,80,,82124,22,,,0,81,,82126,22,,,0,40,,82137,22,,,0,80,,82132,22,,,0,80,,82127,22,,,0,39,,82130,22,,,0,80,,82128,22,,,0,74,,82138,22,,,0,40,,82134,22,,,0,94,,82139,22,,,0,80,,82135,22,,,0,40,,82141,22,,,0,79,,82142,22,,,0,80,,82140,22,,,0,39,,82147,22,,,0,79,,82148,22,,,0
200,'5463',706,,82171,22,,,0,121,,82170,22,,,0,122,,82169,22,,,0,101,,82150,22,,,0,80,,82168,22,,,0,81,,82156,22,,,0,40,,82154,22,,,0,80,,82149,22,,,0,81,,82151,22,,,0,40,,82162,22,,,0,80,,82157,22,,,0,80,,82152,22,,,0,39,,82155,22,,,0,80,,82153,22,,,0,74,,82163,22,,,0,40,,82159,22,,,0,94,,82164,22,,,0,80,,82160,22,,,0,40,,82166,22,,,0,79,,82167,22,,,0,80,,82165,22,,,0,39,,82172,22,,,0,79,,82173,22,,,0
500,'5456',620,,83563,22,,,0,97,,83564,22,,,0,32,,83565,22,,,0,71,,83566,22,,,0,31,,83567,22,,,0,69,,83568,22,,,0,87,,83569,22,,,0,33,,83570,22,,,0,80,,83571,22,,,0,81,,83572,22,,,0,40,,83573,22,,,0,82,,83574,22,,,0,78,,83575,22,,,0,40,,83576,22,,,0,77,,83581,22,,,0,36,,83579,22,,,0,77,,83577,22,,,0,74,,83580,22,,,0,48,,83582,22,,,0,76,,83584,22,,,0,84,,83578,22,,,0,45,,83583,22,,,0
500,'5458',620,,83585,22,,,0,97,,83586,22,,,0,32,,83587,22,,,0,71,,83588,22,,,0,31,,83589,22,,,0,69,,83590,22,,,0,87,,83591,22,,,0,33,,83592,22,,,0,80,,83593,22,,,0,81,,83594,22,,,0,40,,83595,22,,,0,82,,83596,22,,,0,78,,83597,22,,,0,40,,83598,22,,,0,77,,83603,22,,,0,36,,83601,22,,,0,77,,83599,22,,,0,74,,83602,22,,,0,48,,83604,22,,,0,76,,83606,22,,,0,84,,83600,22,,,0,45,,83605,22,,,0
500,'5459',646,,98908,22,,,0,157,,98906,22,,,0,101,,83617,22,,,0,41,,98902,22,,,0,85,,83615,22,,,0,80,,98903,22,,,0,41,,98913,22,,,0,80,,98907,22,,,0,80,,83607,22,,,0,41,,83613,22,,,0,80,,98904,22,,,0,81,,98910,22,,,0,40,,98905,22,,,0,79,,83612,22,,,0,79,,83621,22,,,0,35,,98911,22,,,0,80,,98912,22,,,0,80,,98909,22,,,0,49,,98914,22,,,0
500,'5460',747,,98917,22,,,0,161,,98916,22,,,0,122,,98915,22,,,0,80,,83632,22,,,0,40,,83626,22,,,0,81,,83627,22,,,0,80,,83640,22,,,0,40,,83633,22,,,0,81,,83630,22,,,0,80,,83628,22,,,0,40,,83629,22,,,0,80,,83641,22,,,0,79,,83634,22,,,0,35,,83631,22,,,0,79,,83635,22,,,0,80,,83636,22,,,0
500,'5461',747,,83655,22,,,0,161,,83652,22,,,0,122,,83654,22,,,0,80,,83648,22,,,0,40,,83642,22,,,0,81,,83643,22,,,0,80,,83656,22,,,0,40,,83649,22,,,0,81,,83646,22,,,0,80,,83644,22,,,0,40,,83645,22,,,0,80,,83657,22,,,0,79,,83650,22,,,0,35,,83647,22,,,0,79,,83651,22,,,0,80,,83653,22,,,0
500,'5462',747,,83671,22,,,0,161,,83670,22,,,0,122,,83669,22,,,0,80,,83664,22,,,0,40,,83658,22,,,0,81,,83659,22,,,0,80,,83672,22,,,0,40,,83665,22,,,0,81,,83662,22,,,0,80,,83660,22,,,0,40,,83661,22,,,0,80,,83673,22,,,0,79,,83666,22,,,0,35,,83663,22,,,0,79,,83667,22,,,0,80,,83668,22,,,0
500,'5463',747,,83687,22,,,0,161,,83686,22,,,0,122,,83685,22,,,0,80,,83680,22,,,0,40,,83674,22,,,0,81,,83675,22,,,0,80,,83688,22,,,0,40,,83681,22,,,0,81,,83678,22,,,0,80,,83676,22,,,0,40,,83677,22,,,0,80,,83689,22,,,0,79,,83682,22,,,0,35,,83679,22,,,0,79,,83683,22,,,0,80,,83684,22,,,0
2400,'5456',638,,88926,37,,,0,75,,100637,37,,,0,40,,100638,37,,,0,102,,88929,37,,,0,149,,100640,37,,,0,100,,100639,37,,,0,101,,100641,37,,,0,100,,100642,37,,,0,100,,100643,37,,,0,100,,100644,37,,,0,50,,100645,37,,,0,80,,100646,37,,,0,91,,100647,37,,,0,97,,100648,37,,,0,99,,100649,37,,,0,110,,100650,37,,,0,122,,100651,37,,,0,170,,100652,37,,,0,130,,100653,37,,,0
2400,'5458',638,,88945,37,,,0,75,,100654,37,,,0,40,,100655,37,,,0,102,,88948,37,,,0,149,,100657,37,,,0,100,,100656,37,,,0,101,,100658,37,,,0,100,,100659,37,,,0,100,,100660,37,,,0,100,,100661,37,,,0,50,,100662,37,,,0,80,,100663,37,,,0,91,,100664,37,,,0,97,,100665,37,,,0,99,,100666,37,,,0,110,,100667,37,,,0,122,,100668,37,,,0,170,,100669,37,,,0,130,,100670,37,,,0
2400,'5459',719,,100673,37,,,0,123,,100672,37,,,0,105,,100671,37,,,0,153,,88965,37,,,0,100,,88967,37,,,0,100,,100674,37,,,0,58,,88970,37,,,0,100,,88969,37,,,0,100,,88972,37,,,0,97,,88971,37,,,0,103,,88974,37,,,0,152,,88975,37,,,0,122,,100675,37,,,0,125,,100676,37,,,0,167,,100677,37,,,0
2400,'5460',731,,88980,3,,,0,107,,88979,37,,,0,170,,100679,37,,,0,131,,100678,37,,,0,173,,100680,37,,,0,130,,100681,37,,,0,170,,100682,37,,,0,130,,100683,37,,,0,166,,100684,37,,,0,125,,100685,37,,,0,124,,100686,37,,,0,167,,100687,37,,,0
2400,'5461',731,,100689,3,,,0,107,,100688,37,,,0,170,,100691,37,,,0,131,,100690,37,,,0,173,,100692,37,,,0,130,,100693,37,,,0,170,,100694,37,,,0,130,,100695,37,,,0,166,,100696,37,,,0,125,,100697,37,,,0,124,,100698,37,,,0,167,,100699,37,,,0
2400,'5462',731,,100701,3,,,0,107,,100700,37,,,0,170,,100703,37,,,0,131,,100702,37,,,0,173,,100704,37,,,0,130,,100705,37,,,0,170,,100706,37,,,0,130,,100707,37,,,0,166,,100708,37,,,0,125,,100709,37,,,0,124,,100710,37,,,0,167,,100711,37,,,0
2400,'5463',731,,100713,3,,,0,107,,100712,37,,,0,170,,100715,37,,,0,131,,100714,37,,,0,173,,100716,37,,,0,130,,100717,37,,,0,170,,100718,37,,,0,130,,100719,37,,,0,166,,100720,37,,,0,125,,100721,37,,,0,124,,100722,37,,,0,167,,100723,37,,,0
2500,'5456',618,,100808,44,,,0,37,,89131,44,,,0,74,,89135,44,,,0,79,,100809,44,,,0,28,,100810,44,,,0,94,,100811,44,,,0,104,,100812,44,,,0,100,,100813,44,,,0,101,,100814,44,,,0,100,,100815,44,,,0,100,,100816,44,,,0,100,,89140,36,,,0,80,,89141,44,,,0,87,,100817,44,,,0,51,,100818,44,,,0,100,,100819,44,,,0,99,,100820,44,,,0,160,,100821,44,,,0,127,,100822,44,,,0
2500,'5458',618,,100824,44,,,0,37,,89151,44,,,0,74,,89155,44,,,0,79,,100825,44,,,0,28,,100826,44,,,0,94,,100827,44,,,0,104,,100828,44,,,0,100,,100829,44,,,0,101,,100830,44,,,0,100,,100831,44,,,0,100,,100832,44,,,0,100,,89160,36,,,0,80,,89161,44,,,0,87,,100833,44,,,0,51,,100834,44,,,0,100,,100835,44,,,0,99,,100836,44,,,0,160,,100837,44,,,0,127,,100838,44,,,0
2500,'5459',802,,100841,44,,,0,110,,100840,44,,,0,115,,100842,44,,,0,103,,89171,44,,,0,100,,89169,44,,,0,98,,89170,44,,,0,100,,89172,44,,,0,100,,89176,44,,,0,100,,89174,44,,,0,100,,100843,44,,,0,102,,100844,44,,,0,122,,100845,44,,,0,161,,89181,44,,,0,127,,100846,44,,,0
2500,'5460',753,,100847,44,,,0,170,,89184,44,,,0,130,,89185,44,,,0,171,,100848,44,,,0,133,,100849,44,,,0,170,,100850,44,,,0,130,,100851,44,,,0,167,,100852,44,,,0,129,,100853,44,,,0,160,,100854,44,,,0,127,,100855,44,,,0
2500,'5461',753,,89197,44,,,0,170,,100856,44,,,0,130,,100857,44,,,0,171,,100858,44,,,0,133,,100859,44,,,0,170,,100860,44,,,0,130,,100861,44,,,0,167,,100862,44,,,0,129,,100863,44,,,0,160,,89204,44,,,0,127,,89205,44,,,0
2500,'5462',753,,89208,44,,,0,170,,100864,44,,,0,130,,100865,44,,,0,171,,100866,44,,,0,133,,100867,44,,,0,170,,100868,44,,,0,130,,100869,44,,,0,167,,100870,44,,,0,129,,100871,44,,,0,160,,89215,44,,,0,127,,89216,44,,,0
2500,'5463',753,,89219,44,,,0,170,,100872,44,,,0,130,,100873,44,,,0,171,,100874,44,,,0,133,,100875,44,,,0,170,,100876,44,,,0,130,,100877,44,,,0,167,,100878,44,,,0,129,,100879,44,,,0,160,,89226,44,,,0,127,,89227,44,,,0
2700,'5456',713,,90146,6,,,0,107,,90147,6,,,0,25,,90148,6,,,0,65,,90149,6,,,0,24,,90150,6,,,0,66,,90151,6,,,0,26,,90152,6,,,0,25,,90153,6,,,0,66,,90154,6,,,0,26,,90155,6,,,0,66,,90156,6,,,0,26,,90157,6,,,0,66,,90158,6,,,0,25,,90159,6,,,0,23,,90160,6,,,0,63,,90161,6,,,0,24,,90162,6,,,0,64,,90163,6,,,0,14,,90164,6,,,0,18,,90165,6,,,0,14,,90166,6,,,0,58,,90167,6,,,0,16,,90168,6,,,0,17,,90169,6,,,0,14,,90170,6,,,0,58,,90171,6,,,0,16,,90172,6,,,0,13,,90173,6,,,0,17,,90174,6,,,0,56,,90175,6,,,0,16,,90176,6,,,0,20,,90177,6,,,0,64,,90178,6,,,0,26,,90179,6,,,0,68,,90180,6,,,0,29,,90181,6,,,0,68,,90182,6,,,0,29,,90183,6,,,0,70,,90184,6,,,0,37,,90185,6,,,0,81,,90186,6,,,0,38,,90187,6,,,0
2700,'5458',713,,90197,6,,,0,107,,90198,6,,,0,25,,90199,6,,,0,65,,90200,6,,,0,24,,90201,6,,,0,66,,90202,6,,,0,26,,90203,6,,,0,25,,90204,6,,,0,66,,90205,6,,,0,26,,90206,6,,,0,66,,90207,6,,,0,26,,90208,6,,,0,66,,90209,6,,,0,25,,101273,6,,,0,23,,90211,6,,,0,63,,90212,6,,,0,24,,90213,6,,,0,64,,90214,6,,,0,14,,90215,6,,,0,18,,90216,6,,,0,14,,101274,6,,,0,58,,90218,6,,,0,16,,90219,6,,,0,17,,90220,6,,,0,14,,90221,6,,,0,58,,90222,6,,,0,16,,90223,6,,,0,13,,101275,6,,,0,17,,101276,6,,,0,56,,90226,6,,,0,16,,101277,6,,,0,20,,90228,6,,,0,64,,101278,6,,,0,26,,90230,6,,,0,68,,90231,6,,,0,29,,101279,6,,,0,68,,90233,6,,,0,29,,90234,6,,,0,70,,101280,6,,,0,37,,101281,6,,,0,81,,101282,6,,,0,38,,101283,6,,,0,82,,101284,6,,,0,80,,101285,6,,,0,40,,101286,6,,,0,79,,101287,6,,,0
2700,'5459',636,,101289,6,,,0,70,,101290,6,,,0,29,,101291,6,,,0,69,,101292,6,,,0,25,,101293,6,,,0,26,,101294,6,,,0,67,,101295,6,,,0,26,,101296,6,,,0,64,,90261,6,,,0,22,,101297,6,,,0,21,,101298,6,,,0,62,,101299,6,,,0,20,,90265,6,,,0,21,,101300,6,,,0,63,,101301,6,,,0,22,,101302,6,,,0,62,,90269,6,,,0,23,,101303,6,,,0,23,,101304,6,,,0,61,,90272,6,,,0,21,,101305,6,,,0,21,,90274,6,,,0,62,,101306,6,,,0,21,,90276,6,,,0,21,,101307,6,,,0,61,,90278,6,,,0,21,,101308,6,,,0,61,,101309,6,,,0,20,,90281,6,,,0,18,,101310,6,,,0,61,,90283,6,,,0,20,,101311,6,,,0,21,,90285,6,,,0,66,,101312,6,,,0,26,,101313,6,,,0,70,,101314,6,,,0,30,,101315,6,,,0,68,,101316,6,,,0,29,,101317,6,,,0,71,,101318,6,,,0,33,,101319,6,,,0,72,,101320,6,,,0,32,,101321,6,,,0,71,,101322,6,,,0,30,,101323,6,,,0,69,,101324,6,,,0,30,,101325,6,,,0,70,,101326,6,,,0,28,,101327,6,,,0
2700,'5460',706,,90304,6,,,0,29,,101329,6,,,0,71,,90306,6,,,0,30,,90307,6,,,0,70,,90302,6,,,0,28,,90308,6,,,0,25,,90309,6,,,0,67,,90310,6,,,0,27,,90311,6,,,0,65,,101330,6,,,0,23,,90313,6,,,0,63,,90314,6,,,0,23,,90315,6,,,0,22,,101331,6,,,0,63,,90317,6,,,0,24,,90318,6,,,0,23,,90319,6,,,0,63,,101332,6,,,0,23,,90321,6,,,0,63,,90322,6,,,0,22,,90323,6,,,0,24,,101333,6,,,0,62,,90325,6,,,0,23,,90326,6,,,0,63,,90327,6,,,0,23,,101334,6,,,0,24,,90329,6,,,0,64,,90330,6,,,0,27,,101335,6,,,0,65,,101336,6,,,0,29,,90333,6,,,0,68,,101337,6,,,0,30,,101338,6,,,0,71,,90336,6,,,0,35,,101339,6,,,0,83,,90338,6,,,0,80,,101340,6,,,0,102,,101341,6,,,0
2700,'5461',706,,90343,6,,,0,29,,90344,6,,,0,71,,90345,6,,,0,30,,101343,6,,,0,70,,101342,6,,,0,28,,90347,6,,,0,25,,101344,6,,,0,67,,101345,6,,,0,27,,90350,6,,,0,65,,101346,6,,,0,23,,90352,6,,,0,63,,90353,6,,,0,23,,90354,6,,,0,22,,101347,6,,,0,63,,90356,6,,,0,24,,90357,6,,,0,23,,90358,6,,,0,63,,101348,6,,,0,23,,90360,6,,,0,63,,90361,6,,,0,22,,90362,6,,,0,24,,101349,6,,,0,62,,90364,6,,,0,23,,90365,6,,,0,63,,90366,6,,,0,23,,101350,6,,,0,24,,90368,6,,,0,64,,90369,6,,,0,27,,90370,6,,,0,65,,101351,6,,,0,29,,90372,6,,,0,68,,90373,6,,,0,30,,101352,6,,,0,71,,90375,6,,,0,35,,101353,6,,,0,83,,90377,6,,,0,80,,101354,6,,,0,102,,101355,6,,,0
2700,'5462',706,,90382,6,,,0,29,,90383,6,,,0,71,,90384,6,,,0,30,,101357,6,,,0,70,,101356,6,,,0,28,,90386,6,,,0,25,,101358,6,,,0,67,,101359,6,,,0,27,,90389,6,,,0,65,,101360,6,,,0,23,,90391,6,,,0,63,,90392,6,,,0,23,,90393,6,,,0,22,,101361,6,,,0,63,,90395,6,,,0,24,,90396,6,,,0,23,,90397,6,,,0,63,,101362,6,,,0,23,,90399,6,,,0,63,,90400,6,,,0,22,,90401,6,,,0,24,,101363,6,,,0,62,,90403,6,,,0,23,,90404,6,,,0,63,,90405,6,,,0,23,,101364,6,,,0,24,,90407,6,,,0,64,,90408,6,,,0,27,,90409,6,,,0,65,,101365,6,,,0,29,,90411,6,,,0,68,,90412,6,,,0,30,,101366,6,,,0,71,,90414,6,,,0,35,,101367,6,,,0,83,,90416,6,,,0,80,,101368,6,,,0,102,,101369,6,,,0
2700,'5463',706,,90421,6,,,0,29,,90422,6,,,0,71,,90423,6,,,0,30,,101371,6,,,0,70,,101370,6,,,0,28,,90425,6,,,0,25,,101372,6,,,0,67,,101373,6,,,0,27,,90428,6,,,0,65,,101374,6,,,0,23,,90430,6,,,0,63,,90431,6,,,0,23,,90432,6,,,0,22,,101375,6,,,0,63,,90434,6,,,0,24,,90435,6,,,0,23,,90436,6,,,0,63,,101376,6,,,0,23,,90438,6,,,0,63,,90439,6,,,0,22,,90440,6,,,0,24,,101377,6,,,0,62,,90442,6,,,0,23,,90443,6,,,0,63,,90444,6,,,0,23,,101378,6,,,0,24,,90446,6,,,0,64,,90447,6,,,0,27,,90448,6,,,0,65,,101379,6,,,0,29,,90450,6,,,0,68,,90451,6,,,0,30,,101380,6,,,0,71,,90453,6,,,0,35,,101381,6,,,0,83,,90455,6,,,0,80,,101382,6,,,0,102,,101383,6,,,0
2800,'5456',548,,90782,6,,,0,62,,90783,6,,,0,22,,101497,6,,,0,13,,90785,6,,,0,11,,90786,6,,,0,50,,90787,6,,,0,20,,90788,6,,,0,11,,90789,6,,,0,14,,90790,6,,,0,56,,90791,6,,,0,27,,90792,6,,,0,25,,90793,6,,,0,64,,90794,6,,,0,24,,90795,6,,,0,66,,90796,6,,,0,26,,90797,6,,,0,66,,90798,6,,,0,26,,90799,6,,,0,25,,90800,6,,,0,66,,90801,6,,,0,26,,90802,6,,,0,66,,90803,6,,,0,24,,90804,6,,,0,63,,90805,6,,,0,24,,90806,6,,,0,23,,90807,6,,,0,74,,90808,6,,,0,32,,90809,6,,,0,60,,90829,6,,,0,15,,90810,6,,,0,71,,90811,6,,,0,32,,90812,6,,,0,72,,90813,6,,,0,14,,90814,6,,,0,18,,90815,6,,,0,21,,90816,6,,,0,66,,90817,6,,,0,29,,90818,6,,,0,67,,90819,6,,,0,27,,90820,6,,,0,69,,90821,6,,,0,30,,90822,6,,,0,72,,90823,6,,,0,42,,90824,6,,,0,79,,90825,6,,,0,80,,90826,6,,,0
2800,'5458',548,,90830,6,,,0,62,,90831,6,,,0,22,,101499,6,,,0,13,,90833,6,,,0,11,,90834,6,,,0,50,,90835,6,,,0,20,,90836,6,,,0,11,,90837,6,,,0,14,,90838,6,,,0,56,,90839,6,,,0,27,,90840,6,,,0,25,,90841,6,,,0,64,,90842,6,,,0,24,,90843,6,,,0,66,,90844,6,,,0,26,,90845,6,,,0,66,,90846,6,,,0,26,,90847,6,,,0,25,,90848,6,,,0,66,,90849,6,,,0,26,,90850,6,,,0,66,,90851,6,,,0,24,,90852,6,,,0,63,,90853,6,,,0,24,,90854,6,,,0,23,,90855,6,,,0,74,,90856,6,,,0,32,,90857,6,,,0,60,,90880,6,,,0,15,,90858,6,,,0,71,,90859,6,,,0,32,,90860,6,,,0,72,,90861,6,,,0,14,,90862,6,,,0,18,,90863,6,,,0,21,,90864,6,,,0,66,,101500,6,,,0,29,,101501,6,,,0,67,,90867,6,,,0,27,,101502,6,,,0,69,,101503,6,,,0,30,,90870,6,,,0,72,,101504,6,,,0,42,,90872,6,,,0,79,,101505,6,,,0,80,,90874,6,,,0,40,,101506,6,,,0,79,,90876,6,,,0,82,,101507,6,,,0
2800,'5459',750,,101513,6,,,0,68,,101514,6,,,0,25,,101515,6,,,0,66,,101509,6,,,0,26,,101516,6,,,0,66,,101517,6,,,0,22,,101518,6,,,0,22,,101519,6,,,0,62,,90892,6,,,0,20,,101520,6,,,0,20,,90894,6,,,0,62,,101521,6,,,0,24,,90896,6,,,0,21,,101522,6,,,0,64,,90898,6,,,0,20,,101523,6,,,0,64,,90900,6,,,0,21,,101524,6,,,0,21,,90902,6,,,0,62,,101525,6,,,0,21,,101526,6,,,0,21,,90905,6,,,0,61,,101527,6,,,0,20,,90907,6,,,0,22,,101528,6,,,0,60,,90909,6,,,0,20,,101529,6,,,0,18,,90911,6,,,0,61,,101530,6,,,0,20,,101531,6,,,0,23,,90914,6,,,0,66,,90915,6,,,0,27,,101532,6,,,0,71,,90917,6,,,0,30,,90918,6,,,0,68,,101533,6,,,0,31,,101534,6,,,0,70,,101535,6,,,0,33,,101536,6,,,0,72,,101537,6,,,0,32,,101538,6,,,0,71,,101539,6,,,0,29,,101540,6,,,0,70,,101541,6,,,0,30,,101542,6,,,0,70,,101543,6,,,0
2800,'5460',821,,90934,6,,,0,31,,101544,6,,,0,69,,90936,6,,,0,26,,101545,6,,,0,66,,101546,6,,,0,26,,90939,6,,,0,67,,90940,6,,,0,25,,90941,6,,,0,23,,90942,6,,,0,63,,90943,6,,,0,22,,90944,6,,,0,62,,90945,6,,,0,24,,90946,6,,,0,24,,90947,6,,,0,63,,90948,6,,,0,22,,90949,6,,,0,23,,90950,6,,,0,63,,90951,6,,,0,23,,90952,6,,,0,62,,101547,6,,,0,23,,90954,6,,,0,22,,90955,6,,,0,64,,90956,6,,,0,23,,101548,6,,,0,64,,90958,6,,,0,24,,101549,6,,,0,28,,101550,6,,,0,66,,101551,6,,,0,29,,101552,6,,,0,69,,101553,6,,,0,31,,101554,6,,,0,70,,101555,6,,,0,40,,101556,6,,,0,83,,101557,6,,,0,87,,101558,6,,,0,86,,101559,6,0,31 49,0
2800,'5461',821,,90974,6,,,0,31,,90975,6,,,0,69,,90976,6,,,0,26,,101562,6,,,0,66,,90978,6,,,0,26,,90979,6,,,0,67,,90980,6,,,0,25,,90981,6,,,0,23,,90982,6,,,0,63,,90983,6,,,0,22,,90984,6,,,0,62,,90985,6,,,0,24,,90986,6,,,0,24,,90987,6,,,0,63,,90988,6,,,0,22,,90989,6,,,0,23,,90990,6,,,0,63,,90991,6,,,0,23,,90992,6,,,0,62,,90993,6,,,0,23,,90994,6,,,0,22,,90995,6,,,0,64,,90996,6,,,0,23,,101563,6,,,0,64,,90998,6,,,0,24,,101564,6,,,0,28,,101565,6,,,0,66,,91001,6,,,0,29,,101566,6,,,0,69,,101567,6,,,0,31,,91004,6,,,0,70,,101568,6,,,0,40,,101569,6,,,0,83,,101570,6,,,0,87,,101571,6,,,0,86,,101572,6,0,31 49,0
2800,'5462',821,,91014,6,,,0,31,,91015,6,,,0,69,,91016,6,,,0,26,,101575,6,,,0,66,,91018,6,,,0,26,,91019,6,,,0,67,,91020,6,,,0,25,,91021,6,,,0,23,,91022,6,,,0,63,,91023,6,,,0,22,,91024,6,,,0,62,,91025,6,,,0,24,,91026,6,,,0,24,,91027,6,,,0,63,,91028,6,,,0,22,,91029,6,,,0,23,,91030,6,,,0,63,,91031,6,,,0,23,,91032,6,,,0,62,,91033,6,,,0,23,,91034,6,,,0,22,,91035,6,,,0,64,,91036,6,,,0,23,,101576,6,,,0,64,,91038,6,,,0,24,,101577,6,,,0,28,,101578,6,,,0,66,,91041,6,,,0,29,,101579,6,,,0,69,,101580,6,,,0,31,,91044,6,,,0,70,,101581,6,,,0,40,,101582,6,,,0,83,,101583,6,,,0,87,,101584,6,,,0,86,,101585,6,0,31 49,0
2800,'5463',821,,91054,6,,,0,31,,91055,6,,,0,69,,91056,6,,,0,26,,101588,6,,,0,66,,91058,6,,,0,26,,91059,6,,,0,67,,91060,6,,,0,25,,91061,6,,,0,23,,91062,6,,,0,63,,91063,6,,,0,22,,91064,6,,,0,62,,91065,6,,,0,24,,91066,6,,,0,24,,91067,6,,,0,63,,91068,6,,,0,22,,91069,6,,,0,23,,91070,6,,,0,63,,91071,6,,,0,23,,91072,6,,,0,62,,91073,6,,,0,23,,91074,6,,,0,22,,91075,6,,,0,64,,91076,6,,,0,23,,101589,6,,,0,64,,91078,6,,,0,24,,101590,6,,,0,28,,101591,6,,,0,66,,91081,6,,,0,29,,101592,6,,,0,69,,101593,6,,,0,31,,91084,6,,,0,70,,101594,6,,,0,40,,101595,6,,,0,83,,101596,6,,,0,87,,101597,6,,,0,86,,101598,6,0,31 49,0
24002800,'5456',1507,,98547,6,,,0,33,,98548,6,,,0,71,,98549,6,,,0,32,,98550,6,,,0,75,,98551,6,,,0,30,,98552,6,,,0
24002800,'5458',1507,,105754,6,,,0,33,,98554,6,,,0,71,,98555,6,,,0,32,,105755,6,,,0,75,,98557,6,,,0,30,,98558,6,,,0
