401,'5460',2404,,83414,21,4,,0
401,'5461',2404,,83462,21,4,,0
401,'5462',2404,,83510,21,4,,0
401,'5463',2404,,83558,21,4,,0
901,'5456',1519,,85251,21,0,24 49,0,16,,85253,21,0,24 49,0,74,,85254,21,0,24 49,0,34,,85255,21,0,24 49,0,60,,85256,21,,,0,13,,85252,21,0,24 49,0,13,,85258,21,0,24 49,0,15,,85257,21,,,0
901,'5458',1519,,85259,21,0,24 49,0,16,,85261,21,0,24 49,0,74,,85262,21,0,24 49,0,34,,85263,21,0,24 49,0,60,,85264,21,,,0,13,,85260,21,0,24 49,0,13,,85266,21,0,24 49,0,15,,85265,21,,,0
1101,'5456',609,,85737,47,,,0,31,,85738,47,,,0,61,,85746,47,,,0,23,,85740,47,,,0,21,,85756,47,,,0,60,,85744,47,,,0,20,,85739,47,,,0,20,,85752,47,,,0,60,,85741,47,,,0,18,,85747,47,,,0,19,,85762,47,,,0,60,,85742,47,,,0,25,,85743,47,,,0,26,,85745,47,,,0,65,,85754,47,,,0,26,,85748,47,,,0,65,,85761,47,,,0,25,,85750,47,,,0,25,,85749,47,,,0,66,,85751,47,,,0,25,,85753,47,,,0,67,,85755,47,,,0,25,,85763,47,,,0,59,,85780,47,,,0,18,,85757,47,,,0,20,,85758,47,,,0,16,,85766,47,,,0,57,,85759,47,,,0,17,,85760,47,,,0,20,,85784,47,,,0,58,,85765,47,,,0,19,,85764,47,,,0,18,,85781,47,,,0,60,,85767,47,,,0,21,,85769,47,,,0,23,,85770,47,,,0,55,,85768,47,,,0,17,,85783,47,,,0,20,,85771,47,,,0,70,,85779,47,,,0,34,,85772,47,,,0,70,,85773,47,,,0,35,,85775,47,,,0,69,,85778,47,,,0,35,,85774,47,,,0,67,,85776,47,,,0,28,,85777,47,,,0,85,,85782,47,,,0
1101,'5458',609,,85785,47,,,0,31,,85786,47,,,0,61,,85794,47,,,0,23,,85788,47,,,0,21,,85804,47,,,0,60,,85792,47,,,0,20,,85787,47,,,0,20,,85800,47,,,0,60,,85789,47,,,0,18,,85795,47,,,0,19,,85810,47,,,0,60,,85790,47,,,0,25,,85791,47,,,0,26,,85793,47,,,0,65,,85802,47,,,0,26,,85796,47,,,0,65,,85809,47,,,0,25,,85798,47,,,0,25,,85797,47,,,0,66,,85799,47,,,0,25,,85801,47,,,0,67,,85803,47,,,0,25,,85811,47,,,0,59,,85828,47,,,0,18,,85805,47,,,0,20,,85806,47,,,0,16,,85814,47,,,0,57,,85807,47,,,0,17,,85808,47,,,0,20,,85832,47,,,0,58,,85813,47,,,0,19,,85812,47,,,0,18,,85829,47,,,0,60,,85815,47,,,0,21,,85817,47,,,0,23,,85818,47,,,0,55,,85816,47,,,0,17,,85831,47,,,0,20,,85819,47,,,0,70,,85827,47,,,0,34,,85820,47,,,0,70,,85821,47,,,0,35,,85823,47,,,0,69,,85826,47,,,0,35,,85822,47,,,0,67,,85824,47,,,0,28,,85825,47,,,0,85,,85830,47,,,0
1101,'5459',706,,85846,47,,,0,36,,85834,47,,,0,75,,85839,47,,,0,30,,85864,47,,,0,77,,85847,47,,,0,30,,85833,47,,,0,70,,85842,47,,,0,31,,85858,47,,,0,65,,85836,47,,,0,20,,85860,47,,,0,66,,85848,47,,,0,25,,85835,47,,,0,26,,85840,47,,,0,65,,85857,47,,,0,25,,85837,47,,,0,66,,85855,47,,,0,25,,85845,47,,,0,65,,85838,47,,,0,25,,85844,47,,,0,25,,85866,47,,,0,65,,85841,47,,,0,24,,85859,47,,,0,65,,85849,47,,,0,25,,85843,47,,,0,25,,85865,47,,,0,64,,85856,47,,,0,24,,85862,47,,,0,65,,85863,47,,,0,24,,85850,47,,,0,25,,85861,47,,,0,65,,85854,47,,,0,25,,85853,47,,,0,65,,85851,47,,,0,35,,85852,47,,,0,70,,85869,47,,,0,29,,85867,47,,,0,72,,85868,47,,,0,28,,85870,47,,,0,85,,85871,47,,,0
1101,'5460',726,,85872,47,,,0,85,,85877,47,,,0,46,,85874,47,,,0,86,,85873,47,,,0,76,,85875,47,,,0,31,,85876,47,,,0,70,,85878,47,,,0,30,,85879,47,,,0,68,,85880,47,,,0,30,,85881,47,,,0,71,,85883,47,,,0,27,,85885,47,,,0,70,,85884,47,,,0,30,,85882,47,,,0,71,,85886,47,,,0,30,,85887,47,,,0,69,,85888,47,,,0,30,,85889,47,,,0,70,,85891,47,,,0,29,,85890,47,,,0,70,,85893,47,,,0,29,,85892,47,,,0,70,,85895,47,,,0,35,,85894,47,,,0,84,,85896,47,,,0,80,,85897,47,,,0,44,,85898,47,,,0,84,,85899,47,,,0,78,,85900,47,,,0,86,,85901,47,,,0
1101,'5461',726,,85902,47,,,0,85,,85907,47,,,0,46,,85904,47,,,0,86,,85903,47,,,0,76,,85905,47,,,0,31,,85906,47,,,0,70,,85908,47,,,0,30,,85909,47,,,0,68,,85910,47,,,0,30,,85911,47,,,0,71,,85913,47,,,0,27,,85915,47,,,0,70,,85914,47,,,0,30,,85912,47,,,0,71,,85916,47,,,0,30,,85917,47,,,0,69,,85918,47,,,0,30,,85919,47,,,0,70,,85921,47,,,0,29,,85920,47,,,0,70,,85923,47,,,0,29,,85922,47,,,0,70,,85925,47,,,0,35,,85924,47,,,0,84,,85926,47,,,0,80,,85927,47,,,0,44,,85928,47,,,0,84,,85929,47,,,0,78,,85930,47,,,0,86,,85931,47,,,0
1101,'5462',726,,85932,47,,,0,85,,85937,47,,,0,46,,85934,47,,,0,86,,85933,47,,,0,76,,85935,47,,,0,31,,85936,47,,,0,70,,85938,47,,,0,30,,85939,47,,,0,68,,85940,47,,,0,30,,85941,47,,,0,71,,85943,47,,,0,27,,85945,47,,,0,70,,85944,47,,,0,30,,85942,47,,,0,71,,85946,47,,,0,30,,85947,47,,,0,69,,85948,47,,,0,30,,85949,47,,,0,70,,85951,47,,,0,29,,85950,47,,,0,70,,85953,47,,,0,29,,85952,47,,,0,70,,85955,47,,,0,35,,85954,47,,,0,84,,85956,47,,,0,80,,85957,47,,,0,44,,85958,47,,,0,84,,85959,47,,,0,78,,85960,47,,,0,86,,85961,47,,,0
1101,'5463',726,,85962,47,,,0,85,,85967,47,,,0,46,,85964,47,,,0,86,,85963,47,,,0,76,,85965,47,,,0,31,,85966,47,,,0,70,,85968,47,,,0,30,,85969,47,,,0,68,,85970,47,,,0,30,,85971,47,,,0,71,,85973,47,,,0,27,,85975,47,,,0,70,,85974,47,,,0,30,,85972,47,,,0,71,,85976,47,,,0,30,,85977,47,,,0,69,,85978,47,,,0,30,,85979,47,,,0,70,,85981,47,,,0,29,,85980,47,,,0,70,,85983,47,,,0,29,,85982,47,,,0,70,,85985,47,,,0,35,,85984,47,,,0,84,,85986,47,,,0,80,,85987,47,,,0,44,,85988,47,,,0,84,,85989,47,,,0,78,,85990,47,,,0,86,,85991,47,,,0
