800,'5456',648,,85019,37,,,0,90,,85020,37,,,0,74,,85021,37,,,0,20,,85043,37,,,0,20,,85023,37,,,0,86,,85022,37,,,0,75,,85025,37,,,0,41,,85024,37,,,0,84,,85026,37,,,0,78,,85029,37,,,0,84,,85027,37,,,0,44,,85028,37,,,0,84,,85031,37,,,0,102,,85030,37,,,0,83,,85033,37,,,0,46,,85032,37,,,0,69,,85035,37,,,0,72,,85034,37,,,0,32,,85037,37,,,0,69,,85036,37,,,0,29,,85038,37,,,0,94,,85039,37,,,0,83,,85040,37,,,0,96,,85041,37,,,0,42,,85042,37,,,0
800,'5458',648,,85045,37,,,0,90,,85046,37,,,0,74,,85047,37,,,0,20,,85069,37,,,0,20,,85049,37,,,0,86,,85048,37,,,0,75,,85051,37,,,0,41,,85050,37,,,0,84,,85052,37,,,0,78,,85055,37,,,0,84,,85053,37,,,0,44,,85054,37,,,0,84,,85057,37,,,0,102,,85056,37,,,0,83,,85059,37,,,0,46,,85058,37,,,0,69,,85061,37,,,0,72,,85060,37,,,0,32,,85063,37,,,0,69,,85062,37,,,0,29,,85064,37,,,0,94,,85065,37,,,0,83,,85066,37,,,0,96,,85067,37,,,0,42,,85068,37,,,0
800,'5459',735,,85077,26,,,0,85,,85078,26,,,0,86,,85079,26,,,0,47,,85072,26,,,0,90,,85073,26,,,0,87,,85071,26,,,0,90,,85074,26,,,0,91,,85075,26,,,0,92,,85076,26,,,0,52,,85080,26,,,0,90,,85081,26,,,0,91,,85082,26,,,0,88,,85083,26,,,0,84,,85084,26,,,0,45,,85085,26,,,0
800,'5460',905,,85087,26,,,0,47,,85088,26,,,0,90,,85089,26,,,0,86,,85090,26,,,0,91,,85091,26,,,0,92,,85086,26,,,0,90,,85092,26,,,0,52,,85093,26,,,0,91,,85094,26,,,0,91,,85095,26,,,0,88,,85096,26,,,0
800,'5461',905,,85098,26,,,0,47,,85099,26,,,0,90,,85100,26,,,0,86,,85101,26,,,0,91,,85102,26,,,0,92,,85097,26,,,0,90,,85103,26,,,0,52,,85104,26,,,0,91,,85105,26,,,0,91,,85106,26,,,0,88,,85107,26,,,0
800,'5462',905,,85109,26,,,0,47,,85110,26,,,0,90,,85111,26,,,0,86,,85112,26,,,0,91,,85113,26,,,0,92,,85108,26,,,0,90,,85114,26,,,0,52,,85115,26,,,0,91,,85116,26,,,0,91,,85117,26,,,0,88,,85118,26,,,0
800,'5463',905,,85120,26,,,0,47,,85121,26,,,0,90,,85122,26,,,0,86,,85123,26,,,0,91,,85124,26,,,0,92,,85119,26,,,0,90,,85125,26,,,0,52,,85126,26,,,0,91,,85127,26,,,0,91,,85128,26,,,0,88,,85129,26,,,0
1401,'5456',549,,86705,17,,,0,64,,86706,17,,,0,21,,86707,17,,,0,15,,86708,17,,,0,53,,86709,17,,,0,12,,86710,17,,,0,13,,86711,17,,,0,11,,86712,17,,,0,14,,86713,17,,,0,55,,86714,17,,,0,14,,86715,17,,,0,13,,86716,17,,,0,13,,86717,17,,,0,54,,86718,17,,,0,14,,86719,17,,,0,13,,86720,17,,,0,13,,86721,17,,,0,13,,86722,17,,,0,53,,86723,17,,,0,13,,86724,17,,,0,13,,86725,17,,,0,13,,86726,17,,,0,54,,86727,17,,,0,13,,86728,17,,,0,14,,86729,17,,,0,13,,86730,17,,,0,13,,86731,17,,,0,53,,86732,17,,,0,14,,86733,17,,,0,13,,86734,17,,,0,13,,86735,17,,,0,13,,86736,17,,,0,52,,86737,17,,,0,12,,86738,17,,,0,12,,86739,17,,,0,11,,86740,17,,,0,10,,86741,17,,,0,50,,86779,17,,,0,3,,86742,17,,,0,10,,86743,17,,,0,4,,86744,17,,,0,7,,86690,17,0,5,0,6,,86745,17,,,0,7,,86691,17,0,5,0,6,,86746,17,,,0,8,,86747,17,,,0,45,,86748,17,,,0,6,,86692,17,0,5,0,9,,86749,17,,,0,9,,86693,17,0,5,0,8,,86750,17,,,0,7,,86694,17,0,5,0,9,,86751,17,,,0,8,,86695,17,0,5,0,48,,86752,17,,,0,7,,86696,17,0,5,0,7,,86780,17,0,5,0,1,,86697,17,0,5,0,3,,86753,17,,,0,11,,86698,17,0,5,0,6,,86754,17,,,0,8,,86699,17,0,5,0,8,,86755,17,,,0,47,,86700,17,0,5,0,8,,86756,17,,,0,9,,86701,17,0,5,0,7,,86757,17,,,0,8,,86702,17,0,5,0,9,,86758,17,,,0,8,,86703,17,0,5,0,5,,86759,17,,,0,49,,86704,17,0,5,0,5,,86760,17,,,0,15,,86761,17,,,0,15,,86762,17,,,0,14,,86763,17,,,0,55,,86764,17,,,0,15,,86765,17,,,0,15,,86766,17,,,0,15,,86767,17,,,0,57,,86768,17,,,0,20,,86769,17,,,0,20,,86770,17,,,0,59,,86771,17,,,0,20,,86772,17,,,0,20,,86773,17,,,0,63,,86774,17,,,0,32,,86775,17,,,0,73,,86776,17,,,0,28,,86777,17,,,0,70,,86778,17,,,0
1401,'5458',549,,86796,17,,,0,64,,86797,17,,,0,21,,86798,17,,,0,15,,86799,17,,,0,53,,86800,17,,,0,12,,86801,17,,,0,13,,86802,17,,,0,11,,86803,17,,,0,14,,86804,17,,,0,55,,86805,17,,,0,14,,86806,17,,,0,13,,86807,17,,,0,13,,86808,17,,,0,54,,86809,17,,,0,14,,86810,17,,,0,13,,86811,17,,,0,13,,86812,17,,,0,13,,86813,17,,,0,53,,86814,17,,,0,13,,86815,17,,,0,13,,86816,17,,,0,13,,86817,17,,,0,54,,86818,17,,,0,13,,86819,17,,,0,14,,86820,17,,,0,13,,86821,17,,,0,13,,86822,17,,,0,53,,86823,17,,,0,14,,86824,17,,,0,13,,86825,17,,,0,13,,86826,17,,,0,13,,86827,17,,,0,52,,86828,17,,,0,12,,86829,17,,,0,12,,86830,17,,,0,11,,86831,17,,,0,10,,86832,17,,,0,50,,86872,17,,,0,3,,86833,17,,,0,10,,86834,17,,,0,4,,86835,17,,,0,7,,86781,17,0,5,0,6,,86836,17,,,0,7,,86782,17,0,5,0,6,,86837,17,,,0,8,,86838,17,,,0,45,,86839,17,,,0,6,,86783,17,0,5,0,9,,86840,17,,,0,9,,86784,17,0,5,0,8,,86841,17,,,0,7,,86785,17,0,5,0,9,,86842,17,,,0,8,,86786,17,0,5,0,48,,86843,17,,,0,7,,86787,17,0,5,0,7,,86873,17,0,5,0,1,,86788,17,0,5,0,3,,86844,17,,,0,11,,86789,17,0,5,0,6,,86845,17,,,0,8,,86790,17,0,5,0,8,,86846,17,,,0,47,,86791,17,0,5,0,8,,86847,17,,,0,9,,86792,17,0,5,0,7,,86848,17,,,0,8,,86793,17,0,5,0,9,,86849,17,,,0,8,,86794,17,0,5,0,5,,86850,17,,,0,49,,86795,17,0,5,0,5,,86851,17,,,0,15,,86852,17,,,0,15,,86853,17,,,0,14,,86854,17,,,0,55,,86855,17,,,0,15,,86856,17,,,0,15,,86857,17,,,0,15,,86858,17,,,0,57,,86859,17,,,0,20,,86860,17,,,0,20,,86861,17,,,0,59,,86862,17,,,0,20,,86863,17,,,0,20,,86864,17,,,0,63,,86865,17,,,0,32,,86866,17,,,0,73,,86867,17,,,0,28,,86868,17,,,0,70,,86869,17,,,0,30,,86870,17,,,0,70,,86871,17,,,0
1401,'5459',603,,86916,17,,,0,30,,86915,17,,,0,26,,86881,17,,,0,61,,86884,17,,,0,17,,86917,17,,,0,15,,86918,17,,,0,54,,86883,17,,,0,14,,86879,17,,,0,15,,86919,17,,,0,15,,86878,17,,,0,55,,86885,17,,,0,14,,86882,17,,,0,15,,86921,17,,,0,14,,86920,17,,,0,54,,86886,17,,,0,14,,86875,17,,,0,14,,86925,17,,,0,15,,86874,17,,,0,55,,86892,17,,,0,15,,86893,17,,,0,15,,86926,17,,,0,14,,86876,17,,,0,15,,86923,17,,,0,55,,86888,17,,,0,15,,86889,17,,,0,15,,86924,17,,,0,15,,86887,17,,,0,54,,86890,17,,,0,15,,86891,17,,,0,15,,86922,17,,,0,15,,86894,17,,,0,55,,86902,17,,,0,15,,86877,17,,,0,15,,86880,17,,,0,15,,86900,17,,,0,55,,86908,17,,,0,15,,86904,17,,,0,15,,86905,17,,,0,15,,86907,17,,,0,55,,86901,17,,,0,16,,86896,17,,,0,15,,86906,17,,,0,15,,86903,17,,,0,55,,86909,17,,,0,15,,86897,17,,,0,15,,86910,17,,,0,56,,86899,17,,,0,15,,86898,17,,,0,15,,86914,17,,,0,15,,86911,17,,,0,55,,86912,17,,,0,15,,86895,17,,,0,19,,86913,17,,,0,20,,86930,17,,,0,60,,86928,17,,,0,20,,86927,17,,,0,20,,86929,17,,,0,60,,86931,17,,,0,20,,86935,17,,,0,20,,86934,17,,,0,60,,86933,17,,,0,28,,86932,17,,,0,72,,86936,17,,,0,31,,86937,17,,,0,71,,86938,17,,,0,30,,86939,17,,,0,70,,86940,17,,,0
1401,'5460',634,,86997,17,,,0,24,,86984,17,,,0,66,,86983,17,,,0,17,,86967,17,,,0,15,,87001,17,,,0,54,,86974,17,,,0,14,,86999,17,,,0,15,,86990,17,,,0,15,,87000,17,,,0,54,,86958,17,,,0,15,,86989,17,,,0,15,,86955,17,,,0,15,,86959,17,,,0,55,,86968,17,,,0,15,,86992,17,,,0,15,,86946,17,,,0,15,,86976,17,,,0,55,,86947,17,,,0,15,,86977,17,,,0,14,,86948,17,,,0,15,,86960,17,,,0,56,,86969,17,,,0,15,,86993,17,,,0,15,,86943,17,,,0,15,,86978,17,,,0,56,,86945,17,,,0,15,,86975,17,,,0,15,,86944,17,,,0,15,,86961,17,,,0,55,,86941,17,,,0,15,,86970,17,,,0,15,,86991,17,,,0,15,,86951,17,,,0,55,,86979,17,,,0,15,,86950,17,,,0,15,,86981,17,,,0,15,,86949,17,,,0,55,,86962,17,,,0,15,,86942,17,,,0,15,,86971,17,,,0,15,,86994,17,,,0,55,,86952,17,,,0,15,,86980,17,,,0,15,,86953,17,,,0,16,,86982,17,,,0,55,,86957,17,,,0,15,,86966,17,,,0,15,,86956,17,,,0,17,,86973,17,,,0,58,,86996,17,,,0,20,,86986,17,,,0,18,,86988,17,,,0,60,,86954,17,,,0,20,,86965,17,,,0,20,,86972,17,,,0,61,,86998,17,,,0,31,,86987,17,,,0,70,,86964,17,,,0,31,,86963,17,,,0,71,,86995,17,,,0,83,,86985,17,,,0
1401,'5461',634,,87058,17,,,0,24,,87045,17,,,0,66,,87044,17,,,0,17,,87028,17,,,0,15,,87062,17,,,0,54,,87035,17,,,0,14,,87060,17,,,0,15,,87051,17,,,0,15,,87061,17,,,0,54,,87019,17,,,0,15,,87050,17,,,0,15,,87016,17,,,0,15,,87020,17,,,0,55,,87029,17,,,0,15,,87053,17,,,0,15,,87007,17,,,0,15,,87037,17,,,0,55,,87008,17,,,0,15,,87038,17,,,0,14,,87009,17,,,0,15,,87021,17,,,0,56,,87030,17,,,0,15,,87054,17,,,0,15,,87004,17,,,0,15,,87039,17,,,0,56,,87006,17,,,0,15,,87036,17,,,0,15,,87005,17,,,0,15,,87022,17,,,0,55,,87002,17,,,0,15,,87031,17,,,0,15,,87052,17,,,0,15,,87012,17,,,0,55,,87040,17,,,0,15,,87011,17,,,0,15,,87042,17,,,0,15,,87010,17,,,0,55,,87023,17,,,0,15,,87003,17,,,0,15,,87032,17,,,0,15,,87055,17,,,0,55,,87013,17,,,0,15,,87041,17,,,0,15,,87014,17,,,0,16,,87043,17,,,0,55,,87018,17,,,0,15,,87027,17,,,0,15,,87017,17,,,0,17,,87034,17,,,0,58,,87057,17,,,0,20,,87047,17,,,0,18,,87049,17,,,0,60,,87015,17,,,0,20,,87026,17,,,0,20,,87033,17,,,0,61,,87059,17,,,0,31,,87048,17,,,0,70,,87025,17,,,0,31,,87024,17,,,0,71,,87056,17,,,0,83,,87046,17,,,0
1401,'5462',634,,87119,17,,,0,24,,87106,17,,,0,66,,87105,17,,,0,17,,87089,17,,,0,15,,87123,17,,,0,54,,87096,17,,,0,14,,87121,17,,,0,15,,87112,17,,,0,15,,87122,17,,,0,54,,87080,17,,,0,15,,87111,17,,,0,15,,87077,17,,,0,15,,87081,17,,,0,55,,87090,17,,,0,15,,87114,17,,,0,15,,87068,17,,,0,15,,87098,17,,,0,55,,87069,17,,,0,15,,87099,17,,,0,14,,87070,17,,,0,15,,87082,17,,,0,56,,87091,17,,,0,15,,87115,17,,,0,15,,87065,17,,,0,15,,87100,17,,,0,56,,87067,17,,,0,15,,87097,17,,,0,15,,87066,17,,,0,15,,87083,17,,,0,55,,87063,17,,,0,15,,87092,17,,,0,15,,87113,17,,,0,15,,87073,17,,,0,55,,87101,17,,,0,15,,87072,17,,,0,15,,87103,17,,,0,15,,87071,17,,,0,55,,87084,17,,,0,15,,87064,17,,,0,15,,87093,17,,,0,15,,87116,17,,,0,55,,87074,17,,,0,15,,87102,17,,,0,15,,87075,17,,,0,16,,87104,17,,,0,55,,87079,17,,,0,15,,87088,17,,,0,15,,87078,17,,,0,17,,87095,17,,,0,58,,87118,17,,,0,20,,87108,17,,,0,18,,87110,17,,,0,60,,87076,17,,,0,20,,87087,17,,,0,20,,87094,17,,,0,61,,87120,17,,,0,31,,87109,17,,,0,70,,87086,17,,,0,31,,87085,17,,,0,71,,87117,17,,,0,83,,87107,17,,,0
1401,'5463',634,,87180,17,,,0,24,,87167,17,,,0,66,,87166,17,,,0,17,,87150,17,,,0,15,,87184,17,,,0,54,,87157,17,,,0,14,,87182,17,,,0,15,,87173,17,,,0,15,,87183,17,,,0,54,,87141,17,,,0,15,,87172,17,,,0,15,,87138,17,,,0,15,,87142,17,,,0,55,,87151,17,,,0,15,,87175,17,,,0,15,,87129,17,,,0,15,,87159,17,,,0,55,,87130,17,,,0,15,,87160,17,,,0,14,,87131,17,,,0,15,,87143,17,,,0,56,,87152,17,,,0,15,,87176,17,,,0,15,,87126,17,,,0,15,,87161,17,,,0,56,,87128,17,,,0,15,,87158,17,,,0,15,,87127,17,,,0,15,,87144,17,,,0,55,,87124,17,,,0,15,,87153,17,,,0,15,,87174,17,,,0,15,,87134,17,,,0,55,,87162,17,,,0,15,,87133,17,,,0,15,,87164,17,,,0,15,,87132,17,,,0,55,,87145,17,,,0,15,,87125,17,,,0,15,,87154,17,,,0,15,,87177,17,,,0,55,,87135,17,,,0,15,,87163,17,,,0,15,,87136,17,,,0,16,,87165,17,,,0,55,,87140,17,,,0,15,,87149,17,,,0,15,,87139,17,,,0,17,,87156,17,,,0,58,,87179,17,,,0,20,,87169,17,,,0,18,,87171,17,,,0,60,,87137,17,,,0,20,,87148,17,,,0,20,,87155,17,,,0,61,,87181,17,,,0,31,,87170,17,,,0,70,,87147,17,,,0,31,,87146,17,,,0,71,,87178,17,,,0,83,,87168,17,,,0
