4701,'5456',1633,,93093,14,,,0,68,,93094,14,,,0,31,,93095,14,,,0
4701,'5458',1633,,93096,14,,,0,68,,93097,14,,,0,31,,93098,14,,,0
4801,'5456',1632,,93107,14,,,0,68,,93106,14,,,0,32,,93105,14,,,0
4801,'5458',1632,,93110,14,,,0,68,,93109,14,,,0,32,,93108,14,,,0
5301,'5456',1635,,93723,14,,,0
5301,'5458',1635,,93733,14,,,0
6101,'5456',1523,,95101,14,,,0,30,,95087,14,,,0,74,,95076,14,,,0,24,,95074,14,,,0,57,,95083,14,,,0,23,,95069,14,,,0,80,,95078,14,,,0
6101,'5458',1523,,95138,14,,,0,30,,95124,14,,,0,74,,95113,14,,,0,24,,95111,14,,,0,57,,95119,14,,,0,23,,95106,14,,,0,80,,95115,14,,,0
6501,'5456',1613,,95297,14,,,0,28,,95299,14,,,0,75,,95296,14,,,0,29,,95298,14,,,0
6501,'5458',1613,,95301,14,,,0,28,,95303,14,,,0,75,,95300,14,,,0,29,,95302,14,,,0
