600,'5456',548,,83825,9,,,0,70,,83826,9,,,0,30,,83827,9,,,0,65,,83828,9,,,0,24,,83829,9,,,0,64,,83845,9,,,0,19,,83847,9,,,0,20,,83836,9,,,0,19,,83830,9,,,0,60,,98935,9,,,0,25,,83832,9,,,0,64,,83833,9,,,0,22,,83840,9,,,0,25,,83834,9,,,0,63,,83835,9,,,0,24,,83837,9,,,0,64,,98936,9,,,0,24,,83839,9,,,0,24,,83841,9,,,0,65,,83842,9,,,0,26,,83843,9,,,0,63,,83844,9,,,0,21,,83846,9,,,0,20,,83848,9,,,0,60,,98937,9,,,0,17,,83855,9,,,0,14,,83850,9,,,0,17,,83851,9,,,0,54,,83858,9,,,0,16,,83852,9,,,0,15,,98938,9,,,0,14,,83854,9,,,0,54,,83856,9,,,0,16,,83857,9,,,0,14,,83859,9,,,0,15,,83860,9,,,0,57,,98939,9,,,0,17,,83862,9,,,0,23,,83863,9,,,0,64,,83865,9,,,0,29,,83864,9,,,0,73,,98940,9,,,0,18,,83866,9,,,0,75,,83868,9,,,0,18,,98941,9,,,0,78,,83871,9,,,0,19,,83870,9,,,0,100,,83872,9,,,0,99,,83873,9,,,0
600,'5458',548,,83875,9,,,0,70,,83876,9,,,0,30,,83877,9,,,0,65,,83878,9,,,0,24,,83879,9,,,0,64,,98946,9,,,0,19,,83897,9,,,0,20,,83886,9,,,0,19,,83880,9,,,0,60,,98942,9,,,0,25,,83882,9,,,0,64,,83883,9,,,0,22,,83890,9,,,0,25,,98943,9,,,0,63,,83885,9,,,0,24,,83887,9,,,0,64,,98944,9,,,0,24,,83889,9,,,0,24,,83891,9,,,0,65,,83892,9,,,0,26,,98945,9,,,0,63,,83894,9,,,0,21,,83896,9,,,0,20,,83898,9,,,0,60,,98947,9,,,0,17,,83905,9,,,0,14,,83900,9,,,0,17,,83901,9,,,0,54,,83908,9,,,0,16,,83902,9,,,0,15,,98948,9,,,0,14,,83904,9,,,0,54,,83906,9,,,0,16,,83907,9,,,0,14,,83909,9,,,0,15,,83910,9,,,0,57,,98949,9,,,0,17,,83912,9,,,0,23,,83913,9,,,0,64,,83915,9,,,0,29,,83914,9,,,0,73,,98950,9,,,0,18,,83916,9,,,0,75,,83918,9,,,0,18,,98951,9,,,0,78,,83921,9,,,0,19,,83920,9,,,0,100,,83922,9,,,0,99,,83923,9,,,0,30,,98953,9,,,0,70,,83925,9,,,0,30,,98954,9,,,0,70,,83924,9,,,0,30,,98952,9,,,0
600,'5459',553,,98955,9,,,0,70,,83931,9,,,0,83,,83932,9,,,0,20,,83933,9,,,0,76,,98956,9,,,0,20,,98957,9,,,0,18,,98958,9,,,0,70,,98959,9,,,0,15,,83929,9,,,0,15,,98960,9,,,0,66,,98961,9,,,0,13,,98962,9,,,0,13,,98963,9,,,0,12,,83942,9,,,0,64,,98964,9,,,0,12,,83944,9,,,0,12,,98965,9,,,0,25,,98966,9,,,0,52,,83947,9,,,0,12,,83948,9,,,0,24,,83949,9,,,0,12,,98967,9,,,0,52,,98968,9,,,0,24,,83952,9,,,0,12,,83953,9,,,0,12,,98969,9,,,0,60,,98970,9,,,0,10,,98971,9,,,0,10,,83957,9,,,0,21,,83958,9,,,0,51,,83967,9,,,0,10,,98972,9,,,0,21,,98973,9,,,0,11,,98978,9,,,0,50,,83961,9,,,0,20,,83962,9,,,0,11,,83969,9,,,0,10,,98974,9,,,0,60,,98975,9,,,0,11,,98976,9,,,0,12,,83970,9,,,0,12,,98977,9,,,0,64,,98979,9,,,0,12,,98980,9,,,0,12,,83973,9,,,0,12,,98981,9,,,0,65,,98983,9,,,0,15,,98984,9,,,0,14,,98985,9,,,0,70,,98986,9,,,0,15,,98987,9,,,0,17,,98982,9,,,0,76,,83981,9,,,0,18,,98988,9,,,0,74,,98989,9,,,0,21,,83984,9,,,0,20,,83985,9,,,0,90,,83986,9,,,0,94,,98990,9,,,0,30,,83988,9,,,0,70,,98991,9,,,0,30,,98992,9,,,0,69,,98993,9,,,0,29,,98994,9,,,0
600,'5460',629,,99014,9,,,0,78,,84032,9,,,0,95,,99004,9,,,0,25,,84030,9,,,0,80,,99005,9,,,0,21,,98996,9,,,0,78,,99009,9,,,0,15,,99024,9,,,0,16,,84003,9,,,0,72,,84034,9,,,0,15,,99013,9,,,0,15,,98995,9,,,0,70,,98997,9,,,0,12,,98999,9,,,0,12,,84037,9,,,0,12,,99016,9,,,0,64,,98998,9,,,0,12,,84007,9,,,0,12,,99000,9,,,0,12,,99003,9,,,0,64,,99015,9,,,0,12,,99001,9,,,0,12,,99002,9,,,0,12,,84008,9,,,0,64,,99008,9,,,0,12,,84038,9,,,0,12,,84022,9,,,0,12,,84012,9,,,0,64,,84010,9,,,0,12,,99007,9,,,0,12,,99006,9,,,0,12,,84036,9,,,0,64,,84005,9,,,0,12,,99011,9,,,0,12,,99010,9,,,0,12,,99025,9,,,0,65,,84027,9,,,0,15,,84013,9,,,0,15,,99012,9,,,0,72,,99017,9,,,0,17,,84029,9,,,0,18,,99018,9,,,0,74,,99019,9,,,0,17,,84028,9,,,0,74,,99021,9,,,0,17,,99022,9,,,0,18,,84026,9,,,0,88,,99020,9,,,0,96,,99023,9,,,0,89,,84039,9,,,0
600,'5461',629,,99043,9,,,0,78,,84082,9,,,0,95,,99033,9,,,0,25,,84080,9,,,0,80,,99035,9,,,0,21,,99027,9,,,0,78,,99039,9,,,0,15,,99052,9,,,0,16,,99034,9,,,0,72,,84084,9,,,0,15,,99042,9,,,0,15,,99026,9,,,0,70,,84045,9,,,0,12,,99029,9,,,0,12,,84087,9,,,0,12,,99045,9,,,0,64,,99028,9,,,0,12,,99037,9,,,0,12,,84048,9,,,0,12,,99032,9,,,0,64,,99044,9,,,0,12,,99030,9,,,0,12,,99031,9,,,0,12,,84058,9,,,0,64,,99038,9,,,0,12,,84088,9,,,0,12,,84072,9,,,0,12,,84062,9,,,0,64,,84060,9,,,0,12,,84059,9,,,0,12,,99036,9,,,0,12,,84086,9,,,0,64,,84055,9,,,0,12,,99040,9,,,0,12,,84065,9,,,0,12,,99053,9,,,0,65,,84077,9,,,0,15,,84063,9,,,0,15,,99041,9,,,0,72,,99046,9,,,0,17,,84079,9,,,0,18,,99047,9,,,0,74,,99048,9,,,0,17,,84078,9,,,0,74,,84083,9,,,0,17,,99050,9,,,0,18,,84076,9,,,0,88,,99049,9,,,0,96,,99051,9,,,0,89,,84089,9,,,0
600,'5462',629,,99071,9,,,0,78,,84132,9,,,0,95,,99061,9,,,0,25,,84130,9,,,0,80,,99063,9,,,0,21,,99055,9,,,0,78,,99067,9,,,0,15,,99080,9,,,0,16,,99062,9,,,0,72,,84134,9,,,0,15,,99070,9,,,0,15,,99054,9,,,0,70,,84095,9,,,0,12,,99057,9,,,0,12,,84137,9,,,0,12,,99073,9,,,0,64,,99056,9,,,0,12,,99065,9,,,0,12,,84098,9,,,0,12,,99060,9,,,0,64,,99072,9,,,0,12,,99058,9,,,0,12,,99059,9,,,0,12,,84108,9,,,0,64,,99066,9,,,0,12,,84138,9,,,0,12,,84122,9,,,0,12,,84112,9,,,0,64,,84110,9,,,0,12,,84109,9,,,0,12,,99064,9,,,0,12,,84136,9,,,0,64,,84105,9,,,0,12,,99068,9,,,0,12,,84115,9,,,0,12,,99081,9,,,0,65,,84127,9,,,0,15,,84113,9,,,0,15,,99069,9,,,0,72,,99074,9,,,0,17,,84129,9,,,0,18,,99075,9,,,0,74,,99076,9,,,0,17,,84128,9,,,0,74,,84133,9,,,0,17,,99078,9,,,0,18,,84126,9,,,0,88,,99077,9,,,0,96,,99079,9,,,0,89,,84139,9,,,0
600,'5463',629,,99099,9,,,0,78,,84182,9,,,0,95,,99089,9,,,0,25,,84180,9,,,0,80,,99091,9,,,0,21,,99083,9,,,0,78,,99095,9,,,0,15,,99108,9,,,0,16,,99090,9,,,0,72,,84184,9,,,0,15,,99098,9,,,0,15,,99082,9,,,0,70,,84145,9,,,0,12,,99085,9,,,0,12,,84187,9,,,0,12,,99101,9,,,0,64,,99084,9,,,0,12,,99093,9,,,0,12,,84148,9,,,0,12,,99088,9,,,0,64,,99100,9,,,0,12,,99086,9,,,0,12,,99087,9,,,0,12,,84158,9,,,0,64,,99094,9,,,0,12,,84188,9,,,0,12,,84172,9,,,0,12,,84162,9,,,0,64,,84160,9,,,0,12,,84159,9,,,0,12,,99092,9,,,0,12,,84186,9,,,0,64,,84155,9,,,0,12,,99096,9,,,0,12,,84165,9,,,0,12,,99109,9,,,0,65,,84177,9,,,0,15,,84163,9,,,0,15,,99097,9,,,0,72,,99102,9,,,0,17,,84179,9,,,0,18,,99103,9,,,0,74,,99104,9,,,0,17,,84178,9,,,0,74,,84183,9,,,0,17,,99106,9,,,0,18,,84176,9,,,0,88,,99105,9,,,0,96,,99107,9,,,0,89,,84189,9,,,0
1000600,'5456',603,,105535,9,,,0,97,,97934,9,,,0,49,,105536,9,,,0,81,,97935,9,,,0,78,,97940,9,,,0,48,,97936,9,,,0,86,,105537,9,,,0,88,,97938,9,,,0,88,,97939,9,,,0,89,,97941,9,,,0,50,,97942,9,,,0,82,,97943,9,,,0,80,,97944,9,,,0,29,,97945,9,,,0,71,,97946,9,,,0,30,,105538,9,,,0,69,,97948,9,,,0,29,,97949,9,,,0,72,,105539,9,,,0,85,,105540,9,,,0,96,,97952,9,,,0,53,,97953,9,,,0,94,,97954,9,,,0,109,,97955,9,,,0,99,,105541,9,,,0
1000600,'5458',603,,105542,9,,,0,97,,97959,9,,,0,49,,105543,9,,,0,81,,97960,9,,,0,78,,97965,9,,,0,48,,97961,9,,,0,86,,105544,9,,,0,88,,97963,9,,,0,88,,105545,9,,,0,89,,97966,9,,,0,50,,97967,9,,,0,82,,97968,9,,,0,80,,97969,9,,,0,29,,97970,9,,,0,71,,97971,9,,,0,30,,105546,9,,,0,69,,97973,9,,,0,29,,97974,9,,,0,72,,105547,9,,,0,85,,105548,9,,,0,96,,97977,9,,,0,53,,97978,9,,,0,94,,97979,9,,,0,109,,97980,9,,,0,99,,105549,9,,,0
1000600,'5459',646,,105550,9,,,0,98,,105551,9,,,0,111,,105552,9,,,0,98,,105553,9,,,0,103,,97986,9,,,0,89,,105554,9,,,0,88,,105555,9,,,0,88,,105556,9,,,0,86,,97990,9,,,0,40,,105557,9,,,0,83,,97992,9,,,0,81,,105558,9,,,0,41,,97995,9,,,0,97,,97994,9,,,0,100,,97996,9,,,0,97,,97997,9,,,0,105,,105559,9,,,0,92,,105560,9,,,0,164,,105561,9,,,0,95,,98001,9,,,0
1000600,'5460',737,,105568,9,,,0,110,,105569,9,,,0,101,,98016,9,,,0,105,,105562,9,,,0,101,,98005,9,,,0,103,,105563,9,,,0,100,,98017,9,,,0,100,,105564,9,,,0,100,,105565,9,,,0,100,,98007,9,,,0,100,,105567,9,,,0,98,,105566,9,,,0,150,,105570,9,,,0,50,,105571,9,,,0,152,,105572,9,,,0,94,,98014,9,,,0
1000600,'5461',737,,105578,9,,,0,110,,105579,9,,,0,101,,98032,9,,,0,105,,105573,9,,,0,101,,105575,9,,,0,103,,105574,9,,,0,100,,98033,9,,,0,100,,98020,9,,,0,100,,105576,9,,,0,100,,98023,9,,,0,100,,105577,9,,,0,98,,98024,9,,,0,150,,98028,9,,,0,50,,105580,9,,,0,152,,105581,9,,,0,94,,98030,9,,,0
1000600,'5462',737,,105587,9,,,0,110,,105588,9,,,0,101,,98048,9,,,0,105,,105582,9,,,0,101,,105584,9,,,0,103,,105583,9,,,0,100,,98049,9,,,0,100,,98036,9,,,0,100,,105585,9,,,0,100,,98039,9,,,0,100,,105586,9,,,0,98,,98040,9,,,0,150,,98044,9,,,0,50,,105589,9,,,0,152,,105590,9,,,0,94,,98046,9,,,0
1000600,'5463',737,,105596,9,,,0,110,,105597,9,,,0,101,,98064,9,,,0,105,,105591,9,,,0,101,,105593,9,,,0,103,,105592,9,,,0,100,,98065,9,,,0,100,,98052,9,,,0,100,,105594,9,,,0,100,,98055,9,,,0,100,,105595,9,,,0,98,,98056,9,,,0,150,,98060,9,,,0,50,,105598,9,,,0,152,,105599,9,,,0,94,,98062,9,,,0
2000600,'5456',633,,98346,9,,,0,92,,105726,9,,,0,85,,98347,9,,,0,39,,98350,9,,,0,83,,98348,9,,,0,87,,98351,9,,,0,88,,98352,9,,,0,47,,98354,9,,,0,88,,98353,9,,,0,90,,105727,9,,,0,87,,98356,9,,,0,40,,105729,9,,,0,74,,105728,9,,,0,72,,98359,9,,,0,30,,98360,9,,,0,68,,98361,9,,,0,30,,98362,9,,,0,71,,98363,9,,,0,37,,98364,9,,,0,89,,105730,9,,,0
2000600,'5458',633,,98366,9,,,0,92,,105732,9,,,0,85,,98367,9,,,0,39,,98370,9,,,0,83,,105731,9,,,0,87,,98371,9,,,0,88,,98372,9,,,0,47,,98374,9,,,0,88,,98373,9,,,0,90,,105733,9,,,0,87,,98376,9,,,0,40,,105735,9,,,0,74,,105734,9,,,0,72,,98379,9,,,0,30,,98380,9,,,0,68,,98381,9,,,0,30,,98382,9,,,0,71,,98383,9,,,0,37,,98384,9,,,0,89,,105736,9,,,0
