4800,'5456',613,,93099,5,,,0,23,,93100,5,,,0,65,,93101,5,,,0
4800,'5458',613,,93102,5,,,0,23,,93103,5,,,0,65,,93104,5,,,0
5200,'5456',504,,93221,20,,,0,31,,93225,20,,,0,70,,93223,20,,,0,20,,93234,20,,,0,19,,93222,20,,,0,63,,93251,20,,,0,29,,93224,20,,,0,23,,93252,20,,,0,50,,93226,20,,,0,17,,93253,20,,,0,10,,93233,20,,,0,70,,93227,20,,,0,32,,93247,20,,,0,65,,93228,20,,,0,30,,93229,20,,,0,75,,93230,20,,,0,31,,93248,20,,,0,71,,93231,20,,,0,30,,93232,20,,,0,76,,93235,20,,,0,34,,93249,20,,,0,73,,93236,20,,,0,31,,93237,20,,,0,74,,93254,20,,,0,31,,93238,20,,,0,71,,93250,20,,,0,28,,93239,20,,,0,69,,93240,20,,,0,32,,93255,20,,,0,70,,93241,20,,,0,74,,93242,20,,,0,30,,93243,20,,,0,69,,93256,20,,,0,27,,93244,20,,,0,72,,93245,20,,,0,56,,93258,20,,,0,98,,93246,20,,,0,103,,93257,20,,,0
5200,'5458',504,,93260,20,,,0,31,,93264,20,,,0,70,,93262,20,,,0,20,,93273,20,,,0,19,,93261,20,,,0,63,,93290,20,,,0,29,,93263,20,,,0,23,,93291,20,,,0,50,,93265,20,,,0,17,,93292,20,,,0,10,,93272,20,,,0,70,,93266,20,,,0,32,,93286,20,,,0,65,,93267,20,,,0,30,,93268,20,,,0,75,,93269,20,,,0,31,,93287,20,,,0,71,,93270,20,,,0,30,,93271,20,,,0,76,,93274,20,,,0,34,,93288,20,,,0,73,,93275,20,,,0,31,,93276,20,,,0,74,,93293,20,,,0,31,,93277,20,,,0,71,,93289,20,,,0,28,,93278,20,,,0,69,,93279,20,,,0,32,,93294,20,,,0,70,,93280,20,,,0,74,,93281,20,,,0,30,,93282,20,,,0,69,,93295,20,,,0,27,,93283,20,,,0,72,,93284,20,,,0,56,,93297,20,,,0,98,,93285,20,,,0,103,,93296,20,,,0
5200,'5459',637,,93316,20,,,0,70,,93315,20,,,0,41,,93310,20,,,0,74,,93318,20,,,0,31,,93313,20,,,0,73,,93299,20,,,0,30,,93306,20,,,0,70,,93325,20,,,0,31,,93304,20,,,0,74,,93301,20,,,0,72,,93307,20,,,0,32,,93327,20,,,0,75,,93302,20,,,0,33,,93300,20,,,0,76,,93309,20,,,0,26,,93326,20,,,0,74,,93305,20,,,0,32,,93312,20,,,0,75,,93308,20,,,0,29,,93323,20,,,0,70,,93303,20,,,0,30,,93314,20,,,0,62,,93320,20,,,0,25,,93311,20,,,0,64,,93319,20,,,0,24,,93322,20,,,0,29,,93321,20,,,0,68,,93317,20,,,0,30,,93324,20,,,0,100,,93328,20,,,0,94,,93329,20,,,0,108,,93330,20,,,0
5200,'5460',707,,93352,20,,,0,32,,93334,20,,,0,80,,93337,20,,,0,31,,93351,20,,,0,72,,93345,20,,,0,32,,93333,20,,,0,71,,93336,20,,,0,31,,93347,20,,,0,71,,93341,20,,,0,31,,93332,20,,,0,73,,93335,20,,,0,70,,93350,20,,,0,31,,93343,20,,,0,78,,93331,20,,,0,29,,93339,20,,,0,74,,93349,20,,,0,35,,93342,20,,,0,73,,93358,20,,,0,29,,93338,20,,,0,70,,93348,20,,,0,28,,93344,20,,,0,70,,93346,20,,,0,29,,93340,20,,,0,69,,93354,20,,,0,39,,93353,20,,,0,100,,93355,20,,,0,98,,93357,20,,,0,147,,93356,20,,,0
5200,'5461',707,,93380,20,,,0,32,,93362,20,,,0,80,,93365,20,,,0,31,,93379,20,,,0,72,,93373,20,,,0,32,,93361,20,,,0,71,,93364,20,,,0,31,,93375,20,,,0,71,,93369,20,,,0,31,,93360,20,,,0,73,,93363,20,,,0,70,,93378,20,,,0,31,,93371,20,,,0,78,,93359,20,,,0,29,,93367,20,,,0,74,,93377,20,,,0,35,,93370,20,,,0,73,,93386,20,,,0,29,,93366,20,,,0,70,,93376,20,,,0,28,,93372,20,,,0,70,,93374,20,,,0,29,,93368,20,,,0,69,,93382,20,,,0,39,,93381,20,,,0,100,,93383,20,,,0,98,,93385,20,,,0,147,,93384,20,,,0
5200,'5462',707,,93408,20,,,0,32,,93390,20,,,0,80,,93393,20,,,0,31,,93407,20,,,0,72,,93401,20,,,0,32,,93389,20,,,0,71,,93392,20,,,0,31,,93403,20,,,0,71,,93397,20,,,0,31,,93388,20,,,0,73,,93391,20,,,0,70,,93406,20,,,0,31,,93399,20,,,0,78,,93387,20,,,0,29,,93395,20,,,0,74,,93405,20,,,0,35,,93398,20,,,0,73,,93414,20,,,0,29,,93394,20,,,0,70,,93404,20,,,0,28,,93400,20,,,0,70,,93402,20,,,0,29,,93396,20,,,0,69,,93410,20,,,0,39,,93409,20,,,0,100,,93411,20,,,0,98,,93413,20,,,0,147,,93412,20,,,0
5200,'5463',707,,93436,20,,,0,32,,93418,20,,,0,80,,93421,20,,,0,31,,93435,20,,,0,72,,93429,20,,,0,32,,93417,20,,,0,71,,93420,20,,,0,31,,93431,20,,,0,71,,93425,20,,,0,31,,93416,20,,,0,73,,93419,20,,,0,70,,93434,20,,,0,31,,93427,20,,,0,78,,93415,20,,,0,29,,93423,20,,,0,74,,93433,20,,,0,35,,93426,20,,,0,73,,93442,20,,,0,29,,93422,20,,,0,70,,93432,20,,,0,28,,93428,20,,,0,70,,93430,20,,,0,29,,93424,20,,,0,69,,93438,20,,,0,39,,93437,20,,,0,100,,93439,20,,,0,98,,93441,20,,,0,147,,93440,20,,,0
6101,'5456',519,,95096,5,,,0,28,,95094,5,,,0,67,,95089,5,,,0,27,,95088,5,,,0,77,,95099,5,,,0,38,,95095,5,,,0,78,,95090,5,,,0,66,,95100,5,,,0,34,,95085,5,,,0,88,,95092,5,,,0,37,,95098,5,,,0,77,,95086,5,,,0,77,,95091,5,,,0,37,,95097,5,,,0,65,,95084,5,,,0,37,,95093,5,,,0,71,,95082,5,,,0,30,,95080,5,,,0,72,,95079,5,,,0,84,,95075,5,,,0,239,,95077,5,,,0,70,,95070,5,,,0,86,,95068,5,,,0,49,,95071,5,,,0,98,,95066,5,,,0,85,,95073,5,,,0,97,,95067,5,,,0,85,,95072,5,,,0
6101,'5458',519,,95133,5,,,0,28,,95131,5,,,0,67,,95126,5,,,0,27,,95125,5,,,0,77,,95136,5,,,0,38,,95132,5,,,0,78,,95127,5,,,0,66,,95137,5,,,0,34,,95122,5,,,0,88,,95129,5,,,0,37,,95135,5,,,0,77,,95123,5,,,0,77,,95128,5,,,0,37,,95134,5,,,0,65,,95121,5,,,0,37,,95130,5,,,0,71,,95118,5,,,0,30,,95117,5,,,0,72,,95116,5,,,0,84,,95112,5,,,0,239,,95114,5,,,0,70,,95107,5,,,0,86,,95105,5,,,0,49,,95108,5,,,0,98,,95103,5,,,0,85,,95110,5,,,0,97,,95104,5,,,0,85,,95109,5,,,0,99,,95102,5,,,0
6101,'5459',552,,95139,4,,,0,95,,95140,5,,,0,78,,95141,5,,,0,101,,95142,5,,,0,83,,95143,5,,,0,49,,95144,5,,,0,71,,95145,5,,,0,87,,95146,5,,,0,32,,95147,5,,,0,72,,95148,5,,,0,83,,95149,5,,,0,38,,95150,5,,,0,76,,95151,5,,,0,36,,95152,5,,,0,66,,95153,5,,,0,36,,95154,5,,,0,77,,95155,5,,,0,74,,95156,5,,,0,34,,95157,5,,,0,76,,95158,5,,,0,36,,95159,5,,,0,76,,95160,5,,,0,81,,95161,5,,,0,43,,95162,5,,,0,98,,95163,5,,,0,86,,95164,5,,,0,99,,95165,5,,,0,84,,95166,5,,,0,100,,95167,5,,,0
6101,'5460',557,,95170,4,,,0,102,,95168,4,,,0,73,,95171,5,,,0,89,,95169,5,,,0,94,,95172,5,,,0,86,,95173,5,,,0,47,,95174,5,,,0,87,,95175,5,,,0,102,,95176,5,,,0,86,,95177,5,,,0,101,,95178,5,,,0,85,,95179,5,,,0,100,,95180,5,,,0,41,,95181,5,,,0,100,,95182,5,,,0,90,,95183,5,,,0,97,,95184,5,,,0,100,,95185,5,,,0,81,,95186,5,,,0,100,,95187,5,,,0,96,,95188,5,,,0
6101,'5461',557,,95191,4,,,0,102,,95189,4,,,0,73,,95192,5,,,0,89,,95190,5,,,0,94,,95193,5,,,0,86,,95194,5,,,0,47,,95195,5,,,0,87,,95196,5,,,0,102,,95197,5,,,0,86,,95198,5,,,0,101,,95199,5,,,0,85,,95200,5,,,0,100,,95201,5,,,0,41,,95202,5,,,0,100,,95203,5,,,0,90,,95204,5,,,0,97,,95205,5,,,0,100,,95206,5,,,0,81,,95207,5,,,0,100,,95208,5,,,0,96,,95209,5,,,0
6101,'5462',557,,95212,4,,,0,102,,95210,4,,,0,73,,95213,5,,,0,89,,95211,5,,,0,94,,95214,5,,,0,86,,95215,5,,,0,47,,95216,5,,,0,87,,95217,5,,,0,102,,95218,5,,,0,86,,95219,5,,,0,101,,95220,5,,,0,85,,95221,5,,,0,100,,95222,5,,,0,41,,95223,5,,,0,100,,95224,5,,,0,90,,95225,5,,,0,97,,95226,5,,,0,100,,95227,5,,,0,81,,95228,5,,,0,100,,95229,5,,,0,96,,95230,5,,,0
6101,'5463',557,,95233,4,,,0,102,,95231,4,,,0,73,,95234,5,,,0,89,,95232,5,,,0,94,,95235,5,,,0,86,,95236,5,,,0,47,,95237,5,,,0,87,,95238,5,,,0,102,,95239,5,,,0,86,,95240,5,,,0,101,,95241,5,,,0,85,,95242,5,,,0,100,,95243,5,,,0,41,,95244,5,,,0,100,,95245,5,,,0,90,,95246,5,,,0,97,,95247,5,,,0,100,,95248,5,,,0,81,,95249,5,,,0,100,,95250,5,,,0,96,,95251,5,,,0
6401,'5456',638,,95278,5,,,0,577,,95275,5,,,0,501,,95279,5,0,34 35 36,0
6401,'5458',638,,95285,5,,,0,577,,95282,5,,,0,501,,95286,5,0,34 35 36,0
