4801,'5456',1707,,93107,38,,,0,28,,93106,38,,,0,66,,93105,38,,,0
4801,'5458',1707,,93110,38,,,0,28,,93109,38,,,0,66,,93108,38,,,0
5400,'5456',625,,93776,32,,,0,100,,103153,32,,,0,130,,103152,32,,,0,203,,93777,32,,,0,176,,103154,32,,,0,202,,103157,32,,,0,105,,93782,32,,,0,194,,103156,32,,,0,193,,93785,32,,,0,191,,103155,32,,,0
5400,'5458',625,,93786,32,,,0,100,,103159,32,,,0,130,,103158,32,,,0,203,,93787,32,,,0,176,,103160,32,,,0,202,,103163,32,,,0,105,,93792,32,,,0,194,,103162,32,,,0,193,,93795,32,,,0,191,,103161,32,,,0
5400,'5459',721,,93802,32,,,0,204,,93801,32,,,0,211,,93796,32,,,0,207,,93799,32,,,0,206,,93800,32,,,0,209,,93798,32,,,0,243,,93797,32,,,0
5400,'5460',720,,103164,32,,,0,203,,103165,32,,,0,212,,93806,32,,,0,207,,93807,32,,,0,205,,93804,32,,,0,210,,93808,32,,,0,243,,93809,32,,,0
5400,'5461',720,,93810,32,,,0,203,,103166,32,,,0,212,,93813,32,,,0,207,,93814,32,,,0,205,,93811,32,,,0,210,,93815,32,,,0,243,,93816,32,,,0
5400,'5462',720,,93817,32,,,0,203,,103167,32,,,0,212,,93820,32,,,0,207,,93821,32,,,0,205,,93818,32,,,0,210,,93822,32,,,0,243,,93823,32,,,0
5400,'5463',720,,93824,32,,,0,203,,103168,32,,,0,212,,93827,32,,,0,207,,93828,32,,,0,205,,93825,32,,,0,210,,93829,32,,,0,243,,93830,32,,,0
6000,'5456',650,,94679,21,,,0,73,,94672,21,,,0,31,,94675,21,,,0,146,,94680,21,,,0,101,,103304,21,,,0,101,,103303,21,,,0,57,,94673,21,,,0,143,,94674,21,,,0,102,,94676,21,,,0,111,,94677,21,,,0,31,,94686,22,,,0,71,,94684,21,,,0,40,,94687,21,,,0,82,,94678,21,,,0,82,,94688,21,,,0,81,,94685,21,,,0,103,,94689,21,,,0,104,,94690,21,,,0,114,,94683,21,,,0
6000,'5458',650,,94698,21,,,0,73,,94691,21,,,0,31,,94694,21,,,0,146,,94699,21,,,0,101,,103306,21,,,0,101,,103305,21,,,0,57,,94692,21,,,0,143,,94693,21,,,0,102,,94695,21,,,0,44,,94703,22,,,0,67,,94696,21,,,0,102,,94704,21,,,0,40,,94706,21,,,0,82,,94697,21,,,0,82,,94707,21,,,0,81,,94705,21,,,0,103,,94708,21,,,0,104,,94709,21,,,0,114,,94702,21,,,0
6000,'5459',723,,94722,21,,,0,100,,94723,21,,,0,101,,94721,21,,,0,101,,94720,21,,,0,106,,94719,21,,,0,105,,94718,21,,,0,105,,94717,21,,,0,106,,94716,21,,,0,106,,94714,21,,,0,102,,94715,21,,,0,103,,94710,21,,,0,144,,94711,21,,,0,105,,94712,21,,,0,120,,94713,21,,,0
6000,'5460',824,,94724,21,,,0,101,,94725,21,,,0,101,,94727,21,,,0,106,,94726,21,,,0,105,,94731,21,,,0,105,,94730,21,,,0,105,,94729,21,,,0,105,,94728,21,,,0,102,,94734,21,,,0,103,,94735,21,,,0,144,,94736,21,,,0,105,,94733,21,,,0,120,,94732,21,,,0
6000,'5461',824,,94737,21,,,0,101,,94738,21,,,0,101,,94740,21,,,0,106,,94739,21,,,0,105,,94744,21,,,0,105,,103308,21,,,0,105,,103307,21,,,0,105,,94741,21,,,0,102,,94747,21,,,0,103,,103310,21,,,0,144,,103311,21,,,0,105,,103309,21,,,0,120,,94745,21,,,0
6000,'5462',824,,94750,21,,,0,101,,94751,21,,,0,101,,94753,21,,,0,106,,94752,21,,,0,105,,94757,21,,,0,105,,103313,21,,,0,105,,103312,21,,,0,105,,94754,21,,,0,102,,94760,21,,,0,103,,103315,21,,,0,144,,103316,21,,,0,105,,103314,21,,,0,120,,94758,21,,,0
6000,'5463',824,,94763,21,,,0,101,,94764,21,,,0,101,,94766,21,,,0,106,,94765,21,,,0,105,,94770,21,,,0,105,,103318,21,,,0,105,,103317,21,,,0,105,,94767,21,,,0,102,,94773,21,,,0,103,,103320,21,,,0,144,,103321,21,,,0,105,,103319,21,,,0,120,,94771,21,,,0
