200,'5456',607,,81973,35,,,0,41,,81974,35,,,0,61,,81975,35,,,0,32,,81976,35,,,0,73,,81977,35,,,0,31,,81978,35,,,0,71,,81979,35,,,0,29,,81980,35,,,0,86,,81982,35,,,0,78,,81983,35,,,0,41,,81984,35,,,0,81,,81985,35,,,0,80,,81986,35,,,0,41,,81987,35,,,0,80,,81988,35,,,0,79,,81989,35,,,0,35,,82007,35,,,0,77,,82003,35,,,0,36,,82005,35,,,0,88,,81997,35,,,0,72,,81995,35,,,0,38,,82002,35,,,0,89,,81994,35,,,0,78,,82001,35,,,0,82,,81993,35,,,0,40,,82000,35,,,0,78,,81992,35,,,0,79,,81999,35,,,0,39,,81991,35,,,0,78,,81998,35,,,0
200,'5458',607,,82008,35,,,0,41,,82009,35,,,0,61,,82010,35,,,0,32,,82011,35,,,0,73,,82012,35,,,0,31,,82013,35,,,0,71,,82014,35,,,0,29,,82015,35,,,0,86,,82017,35,,,0,78,,82018,35,,,0,41,,82019,35,,,0,81,,82020,35,,,0,80,,82021,35,,,0,41,,82022,35,,,0,80,,82023,35,,,0,79,,82024,35,,,0,35,,82043,35,,,0,77,,82039,35,,,0,36,,82041,35,,,0,88,,82033,35,,,0,72,,82031,35,,,0,38,,82038,35,,,0,89,,82030,35,,,0,78,,82037,35,,,0,82,,82029,35,,,0,40,,82036,35,,,0,78,,82028,35,,,0,79,,82035,35,,,0,39,,82027,35,,,0,78,,82034,35,,,0
200,'5459',617,,82063,35,,,0,113,,82066,35,,,0,121,,82064,35,,,0,80,,82052,35,,,0,88,,82065,35,,,0,40,,82050,35,,,0,80,,82044,35,,,0,81,,82051,35,,,0,80,,82045,35,,,0,41,,82058,35,,,0,81,,82046,35,,,0,81,,82049,35,,,0,40,,82048,35,,,0,79,,82047,35,,,0,79,,82061,35,,,0,39,,82062,35,,,0,74,,82060,35,,,0,40,,82054,35,,,0,75,,82055,35,,,0,94,,82057,35,,,0,80,,82056,35,,,0,45,,82072,35,,,0,80,,82069,35,,,0,80,,82068,35,,,0,37,,82070,35,,,0,79,,82067,35,,,0
200,'5460',713,,82096,35,,,0,121,,82095,35,,,0,122,,82094,35,,,0,101,,82075,35,,,0,81,,82093,35,,,0,81,,82081,35,,,0,40,,82079,35,,,0,80,,82074,35,,,0,82,,82076,35,,,0,80,,82087,35,,,0,40,,82082,35,,,0,80,,82077,35,,,0,79,,82080,35,,,0,39,,82078,35,,,0,74,,82088,35,,,0,39,,82084,35,,,0,94,,82089,35,,,0,80,,82085,35,,,0,80,,82091,35,,,0,39,,82092,35,,,0,80,,82090,35,,,0,79,,82097,35,,,0,39,,82098,35,,,0
200,'5461',713,,82121,35,,,0,121,,82120,35,,,0,122,,82119,35,,,0,101,,82100,35,,,0,81,,82118,35,,,0,81,,82106,35,,,0,40,,82104,35,,,0,80,,82099,35,,,0,82,,82101,35,,,0,80,,82112,35,,,0,40,,82107,35,,,0,80,,82102,35,,,0,79,,82105,35,,,0,39,,82103,35,,,0,74,,82113,35,,,0,39,,82109,35,,,0,94,,82114,35,,,0,80,,82110,35,,,0,80,,82116,35,,,0,39,,82117,35,,,0,80,,82115,35,,,0,79,,82122,35,,,0,39,,82123,35,,,0
200,'5462',713,,82146,35,,,0,121,,82145,35,,,0,122,,82144,35,,,0,101,,82125,35,,,0,81,,82143,35,,,0,81,,82131,35,,,0,40,,82129,35,,,0,80,,82124,35,,,0,82,,82126,35,,,0,80,,82137,35,,,0,40,,82132,35,,,0,80,,82127,35,,,0,79,,82130,35,,,0,39,,82128,35,,,0,74,,82138,35,,,0,39,,82134,35,,,0,94,,82139,35,,,0,80,,82135,35,,,0,80,,82141,35,,,0,39,,82142,35,,,0,80,,82140,35,,,0,79,,82147,35,,,0,39,,82148,35,,,0
200,'5463',713,,82171,35,,,0,121,,82170,35,,,0,122,,82169,35,,,0,101,,82150,35,,,0,81,,82168,35,,,0,81,,82156,35,,,0,40,,82154,35,,,0,80,,82149,35,,,0,82,,82151,35,,,0,80,,82162,35,,,0,40,,82157,35,,,0,80,,82152,35,,,0,79,,82155,35,,,0,39,,82153,35,,,0,74,,82163,35,,,0,39,,82159,35,,,0,94,,82164,35,,,0,80,,82160,35,,,0,80,,82166,35,,,0,39,,82167,35,,,0,80,,82165,35,,,0,79,,82172,35,,,0,39,,82173,35,,,0
500,'5456',627,,83563,35,,,0,97,,83564,35,,,0,34,,83565,35,,,0,71,,83566,35,,,0,71,,83567,35,,,0,28,,83568,35,,,0,87,,83569,35,,,0,33,,83570,35,,,0,80,,83571,35,,,0,82,,83572,35,,,0,41,,83573,35,,,0,82,,83574,35,,,0,78,,83575,35,,,0,40,,83576,35,,,0,77,,83581,35,,,0,76,,83579,35,,,0,37,,83577,35,,,0,74,,83580,35,,,0,87,,83582,35,,,0,36,,83584,35,,,0,83,,83578,35,,,0,85,,83583,35,,,0
500,'5458',627,,83585,35,,,0,97,,83586,35,,,0,34,,83587,35,,,0,71,,83588,35,,,0,71,,83589,35,,,0,28,,83590,35,,,0,87,,83591,35,,,0,33,,83592,35,,,0,80,,83593,35,,,0,82,,83594,35,,,0,41,,83595,35,,,0,82,,83596,35,,,0,78,,83597,35,,,0,40,,83598,35,,,0,77,,83603,35,,,0,76,,83601,35,,,0,37,,83599,35,,,0,74,,83602,35,,,0,87,,83604,35,,,0,36,,83606,35,,,0,83,,83600,35,,,0,85,,83605,35,,,0
500,'5459',652,,83618,35,,,0,157,,83614,35,,,0,102,,83617,35,,,0,42,,83608,35,,,0,85,,83615,35,,,0,80,,83609,35,,,0,41,,83624,35,,,0,80,,83616,35,,,0,81,,83607,35,,,0,81,,83613,35,,,0,40,,83610,35,,,0,81,,83620,35,,,0,80,,83611,35,,,0,39,,83612,35,,,0,79,,83621,35,,,0,35,,83622,35,,,0,79,,83623,35,,,0,80,,83619,35,,,0,89,,83625,35,,,0
500,'5460',754,,83639,35,,,0,161,,83638,35,,,0,122,,83637,35,,,0,81,,83632,35,,,0,40,,83626,35,,,0,81,,83627,35,,,0,80,,83640,35,,,0,81,,83633,35,,,0,41,,83630,35,,,0,80,,83628,35,,,0,80,,83629,35,,,0,40,,83641,35,,,0,78,,83634,35,,,0,35,,83631,35,,,0,78,,83635,35,,,0,80,,83636,35,,,0
500,'5461',754,,83655,35,,,0,161,,83652,35,,,0,122,,83654,35,,,0,81,,83648,35,,,0,40,,83642,35,,,0,81,,83643,35,,,0,80,,83656,35,,,0,81,,83649,35,,,0,41,,83646,35,,,0,80,,83644,35,,,0,80,,83645,35,,,0,40,,83657,35,,,0,78,,83650,35,,,0,35,,83647,35,,,0,78,,83651,35,,,0,80,,83653,35,,,0
500,'5462',754,,83671,35,,,0,161,,83670,35,,,0,122,,83669,35,,,0,81,,83664,35,,,0,40,,83658,35,,,0,81,,83659,35,,,0,80,,83672,35,,,0,81,,83665,35,,,0,41,,83662,35,,,0,80,,83660,35,,,0,80,,83661,35,,,0,40,,83673,35,,,0,78,,83666,35,,,0,35,,83663,35,,,0,78,,83667,35,,,0,80,,83668,35,,,0
500,'5463',754,,83687,35,,,0,161,,83686,35,,,0,122,,83685,35,,,0,81,,83680,35,,,0,40,,83674,35,,,0,81,,83675,35,,,0,80,,83688,35,,,0,81,,83681,35,,,0,41,,83678,35,,,0,80,,83676,35,,,0,80,,83677,35,,,0,40,,83689,35,,,0,78,,83682,35,,,0,35,,83679,35,,,0,78,,83683,35,,,0,80,,83684,35,,,0
800,'5456',652,,85019,43,,,0,91,,85020,43,,,0,74,,85021,43,,,0,20,,85043,43,,,0,20,,85023,43,,,0,86,,85022,43,,,0,75,,85025,43,,,0,41,,85024,43,,,0,84,,85026,43,,,0,78,,85029,43,,,0,84,,85027,43,,,0,44,,85028,43,,,0,84,,85031,43,,,0,102,,85030,43,,,0,83,,85033,43,,,0,86,,85032,43,,,0,29,,85035,43,,,0,72,,85034,43,,,0,31,,85037,43,,,0,69,,85036,43,,,0,29,,85038,43,,,0,94,,85039,43,,,0,83,,85040,43,,,0,96,,85041,43,,,0,42,,85042,43,,,0
800,'5458',652,,85045,43,,,0,91,,85046,43,,,0,74,,85047,43,,,0,20,,85069,43,,,0,20,,85049,43,,,0,86,,85048,43,,,0,75,,85051,43,,,0,41,,85050,43,,,0,84,,85052,43,,,0,78,,85055,43,,,0,84,,85053,43,,,0,44,,85054,43,,,0,84,,85057,43,,,0,102,,85056,43,,,0,83,,85059,43,,,0,86,,85058,43,,,0,29,,85061,43,,,0,72,,85060,43,,,0,31,,85063,43,,,0,69,,85062,43,,,0,29,,85064,43,,,0,94,,85065,43,,,0,83,,85066,43,,,0,96,,85067,43,,,0,42,,85068,43,,,0
800,'5459',739,,85077,32,,,0,85,,85078,32,,,0,86,,85079,32,,,0,47,,85072,32,,,0,91,,85073,32,,,0,87,,85071,32,,,0,90,,85074,32,,,0,91,,85075,32,,,0,92,,85076,32,,,0,92,,85080,32,,,0,50,,85081,32,,,0,91,,85082,32,,,0,88,,85083,32,,,0,84,,85084,32,,,0,44,,85085,32,,,0
800,'5460',909,,85087,32,,,0,47,,85088,32,,,0,90,,85089,32,,,0,87,,85090,32,,,0,91,,85091,32,,,0,92,,85086,32,,,0,90,,85092,32,,,0,52,,85093,32,,,0,91,,85094,32,,,0,91,,85095,32,,,0,87,,85096,32,,,0
800,'5461',909,,85098,32,,,0,47,,85099,32,,,0,90,,85100,32,,,0,87,,85101,32,,,0,91,,85102,32,,,0,92,,85097,32,,,0,90,,85103,32,,,0,52,,85104,32,,,0,91,,85105,32,,,0,91,,85106,32,,,0,87,,85107,32,,,0
800,'5462',909,,85109,32,,,0,47,,85110,32,,,0,90,,85111,32,,,0,87,,85112,32,,,0,91,,85113,32,,,0,92,,85108,32,,,0,90,,85114,32,,,0,52,,85115,32,,,0,91,,85116,32,,,0,91,,85117,32,,,0,87,,85118,32,,,0
800,'5463',909,,85120,32,,,0,47,,85121,32,,,0,90,,85122,32,,,0,87,,85123,32,,,0,91,,85124,32,,,0,92,,85119,32,,,0,90,,85125,32,,,0,52,,85126,32,,,0,91,,85127,32,,,0,91,,85128,32,,,0,87,,85129,32,,,0
