401,'5456',551,,83165,6,,,0,57,,83171,6,,,0,19,,83215,6,,,0,15,,83158,6,,,0,15,,83157,6,,,0,53,,83228,6,,,0,15,,83156,6,,,0,15,,83174,6,,,0,13,,83186,6,,,0,53,,83182,6,,,0,12,,83170,6,,,0,14,,83213,6,,,0,13,,83162,6,,,0,14,,83219,6,,,0,55,,83212,6,,,0,14,,83223,6,,,0,13,,83218,6,,,0,13,,83225,6,,,0,53,,83220,6,,,0,13,,83224,6,,,0,13,,83221,6,,,0,14,,83226,6,,,0,12,,83222,6,,,0,52,,83177,6,,,0,13,,83159,6,,,0,13,,83207,6,,,0,14,,83163,6,,,0,53,,83185,6,,,0,15,,83208,6,,,0,14,,83178,6,,,0,14,,83204,6,,,0,54,,83227,6,,,0,14,,83214,6,,,0,11,,83169,6,,,0,13,,83209,6,,,0,13,,83164,6,,,0,53,,83176,6,,,0,14,,83172,6,,,0,14,,83195,6,,,0,10,,83155,6,,,0,8,,83216,6,,,0,55,,83199,6,,,0,17,,83166,6,,,0,8,,83167,6,,,0,10,,83196,6,,,0,15,,83179,6,,,0,48,,83205,6,,,0,11,,83184,6,,,0,19,,83203,6,,,0,16,,83201,6,,,0,57,,83183,6,,,0,14,,83160,6,,,0,15,,83191,6,,,0,17,,83190,6,,,0,55,,83189,6,,,0,16,,83192,6,,,0,16,,83188,6,,,0,15,,83198,6,,,0,56,,83194,6,,,0,16,,83202,6,,,0,15,,83200,6,,,0,16,,83193,6,,,0,58,,83168,6,,,0,17,,83197,6,,,0,15,,83206,6,,,0,56,,83173,6,,,0,19,,83180,6,,,0,20,,83161,6,,,0,60,,83175,6,,,0,24,,83187,6,,,0,25,,83181,6,,,0,69,,83217,6,,,0,31,,83211,6,,,0,71,,83210,6,,,0
401,'5458',551,,83240,6,,,0,57,,83247,6,,,0,19,,83293,6,,,0,15,,83232,6,,,0,15,,83231,6,,,0,53,,83306,6,,,0,15,,83230,6,,,0,15,,83251,6,,,0,13,,83264,6,,,0,53,,83260,6,,,0,12,,83246,6,,,0,14,,83291,6,,,0,13,,83236,6,,,0,14,,83297,6,,,0,55,,83290,6,,,0,14,,83301,6,,,0,13,,83296,6,,,0,13,,83303,6,,,0,53,,83298,6,,,0,13,,83302,6,,,0,13,,83299,6,,,0,14,,83304,6,,,0,12,,83300,6,,,0,52,,83255,6,,,0,13,,83233,6,,,0,13,,83285,6,,,0,14,,83238,6,,,0,53,,83263,6,,,0,15,,83286,6,,,0,14,,83256,6,,,0,14,,83282,6,,,0,54,,83305,6,,,0,14,,83292,6,,,0,11,,83244,6,,,0,13,,83287,6,,,0,13,,83239,6,,,0,53,,83254,6,,,0,14,,83249,6,,,0,14,,83273,6,,,0,10,,83229,6,,,0,8,,83294,6,,,0,55,,83277,6,,,0,17,,83241,6,,,0,8,,83242,6,,,0,10,,83274,6,,,0,15,,83257,6,,,0,48,,83283,6,,,0,11,,83262,6,,,0,19,,83281,6,,,0,16,,83279,6,,,0,57,,83261,6,,,0,14,,83234,6,,,0,15,,83269,6,,,0,17,,83268,6,,,0,55,,83267,6,,,0,16,,83270,6,,,0,16,,83266,6,,,0,15,,83276,6,,,0,56,,83272,6,,,0,16,,83280,6,,,0,15,,83278,6,,,0,16,,83271,6,,,0,58,,83243,6,,,0,17,,83275,6,,,0,15,,83284,6,,,0,56,,83250,6,,,0,19,,83258,6,,,0,20,,83235,6,,,0,60,,83253,6,,,0,24,,83265,6,,,0,25,,83259,6,,,0,69,,83295,6,,,0,31,,83289,6,,,0,71,,83288,6,,,0,30,,83248,6,,,0,71,,83245,6,,,0,30,,83237,6,,,0,70,,83252,6,,,0
401,'5459',659,,83341,6,,,0,60,,83350,6,,,0,20,,83323,6,,,0,18,,83333,6,,,0,56,,83343,6,,,0,16,,83313,6,,,0,16,,83331,6,,,0,56,,83332,6,,,0,15,,83346,6,,,0,15,,83307,6,,,0,15,,83319,6,,,0,55,,83321,6,,,0,15,,83370,6,,,0,15,,83335,6,,,0,15,,83348,6,,,0,56,,83308,6,,,0,14,,83317,6,,,0,15,,83329,6,,,0,15,,83340,6,,,0,55,,83345,6,,,0,15,,83309,6,,,0,16,,83318,6,,,0,15,,83324,6,,,0,55,,83342,6,,,0,16,,83349,6,,,0,16,,83322,6,,,0,15,,83314,6,,,0,56,,83325,6,,,0,16,,83338,6,,,0,16,,83344,6,,,0,16,,83310,6,,,0,56,,83316,6,,,0,15,,83311,6,,,0,16,,83334,6,,,0,16,,83347,6,,,0,57,,83327,6,,,0,17,,83315,6,,,0,16,,83312,6,,,0,56,,83337,6,,,0,15,,83339,6,,,0,17,,83320,6,,,0,18,,83326,6,,,0,58,,83328,6,,,0,18,,83336,6,,,0,19,,83330,6,,,0,58,,83352,6,,,0,18,,83351,6,,,0,18,,83353,6,,,0,18,,83357,6,,,0,58,,83358,6,,,0,18,,83360,6,,,0,18,,83361,6,,,0,58,,83359,6,,,0,18,,83363,6,,,0,25,,83367,6,,,0,64,,83362,6,,,0,30,,83365,6,,,0,72,,83364,6,,,0,31,,83368,6,,,0,71,,83366,6,,,0,30,,83369,6,,,0,70,,83356,6,,,0,31,,83355,6,,,0,70,,83354,6,,,0
401,'5460',722,,83371,6,,,0,30,,83372,6,,,0,71,,83373,6,,,0,29,,83374,6,,,0,67,,83375,6,,,0,30,,83376,6,,,0,59,,83377,6,,,0,19,,83378,6,,,0,20,,83379,6,,,0,59,,83380,6,,,0,20,,83381,6,,,0,20,,83382,6,,,0,60,,83383,6,,,0,20,,83384,6,,,0,19,,83385,6,,,0,60,,83386,6,,,0,20,,83387,6,,,0,17,,83415,6,,,0,58,,83388,6,,,0,16,,83389,6,,,0,16,,83390,6,,,0,16,,83391,6,,,0,57,,83417,6,,,0,17,,83392,6,,,0,16,,83393,6,,,0,16,,83394,6,,,0,57,,83395,6,,,0,16,,83416,6,,,0,16,,83396,6,,,0,57,,83397,6,,,0,17,,83398,6,,,0,18,,83399,6,,,0,19,,83400,6,,,0,58,,83401,6,,,0,18,,83402,6,,,0,19,,83403,6,,,0,58,,83404,6,,,0,19,,83418,6,,,0,18,,83405,6,,,0,60,,83406,6,,,0,20,,83407,6,,,0,24,,83408,6,,,0,72,,83409,6,,,0,32,,83410,6,,,0,69,,83411,6,,,0,32,,83412,6,,,0,71,,83413,6,,,0,29,,83414,6,0,23 49,0
401,'5461',722,,83419,6,,,0,30,,83420,6,,,0,71,,83421,6,,,0,29,,83422,6,,,0,67,,83423,6,,,0,30,,83424,6,,,0,59,,83425,6,,,0,19,,83426,6,,,0,20,,83427,6,,,0,59,,83428,6,,,0,20,,83429,6,,,0,20,,83430,6,,,0,60,,83431,6,,,0,20,,83432,6,,,0,19,,83433,6,,,0,60,,83434,6,,,0,20,,83435,6,,,0,17,,83463,6,,,0,58,,83436,6,,,0,16,,83437,6,,,0,16,,83438,6,,,0,16,,83439,6,,,0,57,,83465,6,,,0,17,,83440,6,,,0,16,,83441,6,,,0,16,,83442,6,,,0,57,,83443,6,,,0,16,,83464,6,,,0,16,,83444,6,,,0,57,,83445,6,,,0,17,,83446,6,,,0,18,,83447,6,,,0,19,,83448,6,,,0,58,,83449,6,,,0,18,,83450,6,,,0,19,,83451,6,,,0,58,,83452,6,,,0,19,,83466,6,,,0,18,,83453,6,,,0,60,,83454,6,,,0,20,,83455,6,,,0,24,,83456,6,,,0,72,,83457,6,,,0,32,,83458,6,,,0,69,,83459,6,,,0,32,,83460,6,,,0,71,,83461,6,,,0,29,,83462,6,0,23 49,0
401,'5462',722,,83467,6,,,0,30,,83468,6,,,0,71,,83469,6,,,0,29,,83470,6,,,0,67,,83471,6,,,0,30,,83472,6,,,0,59,,83473,6,,,0,19,,83474,6,,,0,20,,83475,6,,,0,59,,83476,6,,,0,20,,83477,6,,,0,20,,83478,6,,,0,60,,83479,6,,,0,20,,83480,6,,,0,19,,83481,6,,,0,60,,83482,6,,,0,20,,83483,6,,,0,17,,83511,6,,,0,58,,83484,6,,,0,16,,83485,6,,,0,16,,83486,6,,,0,16,,83487,6,,,0,57,,83513,6,,,0,17,,83488,6,,,0,16,,83489,6,,,0,16,,83490,6,,,0,57,,83491,6,,,0,16,,83512,6,,,0,16,,83492,6,,,0,57,,83493,6,,,0,17,,83494,6,,,0,18,,83495,6,,,0,19,,83496,6,,,0,58,,83497,6,,,0,18,,83498,6,,,0,19,,83499,6,,,0,58,,83500,6,,,0,19,,83514,6,,,0,18,,83501,6,,,0,60,,83502,6,,,0,20,,83503,6,,,0,24,,83504,6,,,0,72,,83505,6,,,0,32,,83506,6,,,0,69,,83507,6,,,0,32,,83508,6,,,0,71,,83509,6,,,0,29,,83510,6,0,23 49,0
401,'5463',722,,83515,6,,,0,30,,83516,6,,,0,71,,83517,6,,,0,29,,83518,6,,,0,67,,83519,6,,,0,30,,83520,6,,,0,59,,83521,6,,,0,19,,83522,6,,,0,20,,83523,6,,,0,59,,83524,6,,,0,20,,83525,6,,,0,20,,83526,6,,,0,60,,83527,6,,,0,20,,83528,6,,,0,19,,83529,6,,,0,60,,83530,6,,,0,20,,83531,6,,,0,17,,83559,6,,,0,58,,83532,6,,,0,16,,83533,6,,,0,16,,83534,6,,,0,16,,83535,6,,,0,57,,83561,6,,,0,17,,83536,6,,,0,16,,83537,6,,,0,16,,83538,6,,,0,57,,83539,6,,,0,16,,83560,6,,,0,16,,83540,6,,,0,57,,83541,6,,,0,17,,83542,6,,,0,18,,83543,6,,,0,19,,83544,6,,,0,58,,83545,6,,,0,18,,83546,6,,,0,19,,83547,6,,,0,58,,83548,6,,,0,19,,83562,6,,,0,18,,83549,6,,,0,60,,83550,6,,,0,20,,83551,6,,,0,24,,83552,6,,,0,72,,83553,6,,,0,32,,83554,6,,,0,69,,83555,6,,,0,32,,83556,6,,,0,71,,83557,6,,,0,29,,83558,6,0,23 49,0
700,'5456',600,,84561,6,0,5,0,27,,84582,6,0,5,0,17,,84562,6,0,5,0,14,,84587,6,0,5,0,54,,84572,6,0,5,0,13,,84594,6,0,5,0,16,,84566,6,0,5,0,15,,84591,6,0,5,0,60,,84565,6,0,5,0,18,,84602,6,0,5,0,18,,84580,6,0,5,0,61,,84563,6,0,5,0,21,,84586,6,0,5,0,20,,84596,6,0,5,0,60,,84564,6,0,5,0,20,,84567,6,0,5,0,20,,84600,6,0,5,0,60,,84581,6,0,5,0,20,,84568,6,0,5,0,20,,84588,6,0,5,0,60,,84593,6,0,5,0,20,,84570,6,0,5,0,20,,84571,6,0,5,0,57,,84605,6,0,5,0,19,,84601,6,0,5,0,16,,84583,6,0,5,0,55,,84569,6,0,5,0,17,,84607,6,0,5,0,17,,84589,6,0,5,0,17,,84595,6,0,5,0,53,,84608,6,0,5,0,7,,84575,6,0,5,0,18,,84576,6,0,5,0,19,,84604,6,0,5,0,58,,84603,6,0,5,0,18,,84584,6,0,5,0,19,,84573,6,0,5,0,59,,84606,6,0,5,0,19,,84590,6,0,5,0,16,,84597,6,0,5,0,18,,84574,6,0,5,0,57,,84585,6,0,5,0,31,,84598,6,0,5,0,70,,84577,6,0,5,0,33,,84592,6,0,5,0,69,,84578,6,0,5,0,30,,84599,6,0,5,0,72,,84579,6,0,5,0
700,'5458',600,,84609,6,0,5,0,27,,84630,6,0,5,0,17,,84610,6,0,5,0,14,,84635,6,0,5,0,54,,84620,6,0,5,0,13,,84642,6,0,5,0,16,,84614,6,0,5,0,15,,84639,6,0,5,0,60,,84613,6,0,5,0,18,,84650,6,0,5,0,18,,84628,6,0,5,0,61,,84611,6,0,5,0,21,,84634,6,0,5,0,20,,84644,6,0,5,0,60,,84612,6,0,5,0,20,,84615,6,0,5,0,20,,84648,6,0,5,0,60,,84629,6,0,5,0,20,,84616,6,0,5,0,20,,84636,6,0,5,0,60,,84641,6,0,5,0,20,,84618,6,0,5,0,20,,84619,6,0,5,0,57,,84653,6,0,5,0,19,,84649,6,0,5,0,16,,84631,6,0,5,0,55,,84617,6,0,5,0,17,,84655,6,0,5,0,17,,84637,6,0,5,0,17,,84643,6,0,5,0,53,,84656,6,0,5,0,7,,84623,6,0,5,0,18,,84624,6,0,5,0,19,,84652,6,0,5,0,58,,84651,6,0,5,0,18,,84632,6,0,5,0,19,,84621,6,0,5,0,59,,84654,6,0,5,0,19,,84638,6,0,5,0,16,,84645,6,0,5,0,18,,84622,6,0,5,0,57,,84633,6,0,5,0,31,,84646,6,0,5,0,70,,84625,6,0,5,0,33,,84640,6,0,5,0,69,,84626,6,0,5,0,30,,84647,6,0,5,0,72,,84627,6,0,5,0
700,'5459',647,,84678,6,0,5,0,85,,84685,6,0,5,0,80,,84668,6,0,5,0,29,,84679,6,0,5,0,79,,84660,6,0,5,0,29,,84680,6,0,5,0,70,,84663,6,0,5,0,31,,84671,6,0,5,0,69,,84657,6,0,5,0,31,,84658,6,0,5,0,70,,84681,6,0,5,0,30,,84664,6,0,5,0,70,,84672,6,0,5,0,28,,84659,6,0,5,0,72,,84661,6,0,5,0,30,,84682,6,0,5,0,70,,84665,6,0,5,0,31,,84673,6,0,5,0,70,,84662,6,0,5,0,30,,84667,6,0,5,0,71,,84683,6,0,5,0,30,,84666,6,0,5,0,69,,84675,6,0,5,0,29,,84670,6,0,5,0,68,,84669,6,0,5,0,31,,84684,6,0,5,0,70,,84674,6,0,5,0,28,,84676,6,0,5,0,70,,84677,6,0,5,0
700,'5460',713,,84702,6,0,5,0,35,,84704,6,0,5,0,84,,84690,6,0,5,0,77,,84703,6,0,5,0,40,,84705,6,0,5,0,70,,84686,6,0,5,0,30,,84691,6,0,5,0,70,,84693,6,0,5,0,29,,84688,6,0,5,0,71,,84692,6,0,5,0,30,,84689,6,0,5,0,70,,84687,6,0,5,0,30,,84694,6,0,5,0,70,,84695,6,0,5,0,30,,84696,6,0,5,0,70,,84697,6,0,5,0,30,,84699,6,0,5,0,70,,84698,6,0,5,0,30,,84701,6,0,5,0,70,,84700,6,0,5,0,30,,84706,6,0,5,0,70,,84709,6,0,5,0,30,,84708,6,0,5,0,70,,84707,6,0,5,0,30,,84711,6,0,5,0,71,,84710,6,0,5,0
700,'5461',713,,84728,6,0,5,0,35,,84730,6,0,5,0,84,,84716,6,0,5,0,77,,84729,6,0,5,0,40,,84731,6,0,5,0,70,,84712,6,0,5,0,30,,84717,6,0,5,0,70,,84719,6,0,5,0,29,,84714,6,0,5,0,71,,84718,6,0,5,0,30,,84715,6,0,5,0,70,,84713,6,0,5,0,30,,84720,6,0,5,0,70,,84721,6,0,5,0,30,,84722,6,0,5,0,70,,84723,6,0,5,0,30,,84725,6,0,5,0,70,,84724,6,0,5,0,30,,84727,6,0,5,0,70,,84726,6,0,5,0,30,,84732,6,0,5,0,70,,84735,6,0,5,0,30,,84734,6,0,5,0,70,,84733,6,0,5,0,30,,84737,6,0,5,0,71,,84736,6,0,5,0
700,'5462',713,,84754,6,0,5,0,35,,84756,6,0,5,0,84,,84742,6,0,5,0,77,,84755,6,0,5,0,40,,84757,6,0,5,0,70,,84738,6,0,5,0,30,,84743,6,0,5,0,70,,84745,6,0,5,0,29,,84740,6,0,5,0,71,,84744,6,0,5,0,30,,84741,6,0,5,0,70,,84739,6,0,5,0,30,,84746,6,0,5,0,70,,84747,6,0,5,0,30,,84748,6,0,5,0,70,,84749,6,0,5,0,30,,84751,6,0,5,0,70,,84750,6,0,5,0,30,,84753,6,0,5,0,70,,84752,6,0,5,0,30,,84758,6,0,5,0,70,,84761,6,0,5,0,30,,84760,6,0,5,0,70,,84759,6,0,5,0,30,,84763,6,0,5,0,71,,84762,6,0,5,0
700,'5463',713,,84780,6,0,5,0,35,,84782,6,0,5,0,84,,84768,6,0,5,0,77,,84781,6,0,5,0,40,,84783,6,0,5,0,70,,84764,6,0,5,0,30,,84769,6,0,5,0,70,,84771,6,0,5,0,29,,84766,6,0,5,0,71,,84770,6,0,5,0,30,,84767,6,0,5,0,70,,84765,6,0,5,0,30,,84772,6,0,5,0,70,,84773,6,0,5,0,30,,84774,6,0,5,0,70,,84775,6,0,5,0,30,,84777,6,0,5,0,70,,84776,6,0,5,0,30,,84779,6,0,5,0,70,,84778,6,0,5,0,30,,84784,6,0,5,0,70,,84787,6,0,5,0,30,,84786,6,0,5,0,70,,84785,6,0,5,0,30,,84789,6,0,5,0,71,,84788,6,0,5,0
901,'5456',1458,,85251,6,0,24 49,0,55,,85253,6,0,24 49,0,35,,85254,6,0,24 49,0,75,,85255,6,0,24 49,0,21,,85256,6,,,0,15,,85252,6,0,24 49,0,54,,85258,6,0,24 49,0,15,,85257,6,,,0
901,'5458',1458,,85259,6,0,24 49,0,55,,85261,6,0,24 49,0,35,,85262,6,0,24 49,0,75,,85263,6,0,24 49,0,21,,85264,6,,,0,15,,85260,6,0,24 49,0,54,,85266,6,0,24 49,0,15,,85265,6,,,0
1501,'5456',543,,87634,3,,,0,67,,87635,3,,,0,17,,87636,3,,,0,19,,87637,3,,,0,56,,87638,3,,,0,13,,87639,3,,,0,15,,87640,3,,,0,15,,87641,3,,,0,57,,87632,3,,,0,16,,87642,3,,,0,16,,87643,3,,,0,16,,87644,3,,,0,56,,87645,3,,,0,15,,87646,3,,,0,15,,87647,3,,,0,15,,87648,3,,,0,55,,87649,3,,,0,16,,87650,3,,,0,15,,87651,3,,,0,15,,87652,3,,,0,54,,87653,3,,,0,15,,87654,3,,,0,15,,87655,3,,,0,15,,87656,3,,,0,55,,87657,3,,,0,15,,87658,3,,,0,15,,87659,3,,,0,15,,87660,3,,,0,54,,87661,3,,,0,13,,87662,3,,,0,15,,87663,3,,,0,15,,87664,3,,,0,54,,87665,3,,,0,13,,87666,3,,,0,11,,87667,3,,,0,11,,87668,3,,,0,11,,87669,3,,,0,9,,87670,3,,,0,55,,87671,3,,,0,13,,87672,3,,,0,12,,87673,3,,,0,12,,87674,3,,,0,52,,87675,3,,,0,11,,87676,3,,,0,11,,87677,3,,,0,12,,87678,3,,,0,10,,87679,3,,,0,10,,87680,3,,,0,52,,87681,3,,,0,11,,87682,3,,,0,12,,87683,3,,,0,12,,87684,3,,,0,12,,87685,3,,,0,51,,87686,3,,,0,15,,87687,3,,,0,15,,87688,3,,,0,17,,87689,3,,,0,55,,87690,3,,,0,16,,87691,3,,,0,15,,87692,3,,,0,15,,87693,3,,,0,54,,87694,3,,,0,19,,87695,3,,,0,20,,87696,3,,,0,61,,87697,3,,,0,20,,87698,3,,,0,24,,87699,3,,,0,71,,87700,3,,,0,35,,87701,3,,,0,72,,87702,3,,,0,30,,87703,3,,,0,72,,87704,3,,,0
1501,'5458',543,,87707,3,,,0,67,,87708,3,,,0,17,,87709,3,,,0,19,,87710,3,,,0,56,,87711,3,,,0,13,,87712,3,,,0,15,,87713,3,,,0,15,,87714,3,,,0,57,,87705,3,,,0,16,,87715,3,,,0,16,,87716,3,,,0,16,,87717,3,,,0,56,,87718,3,,,0,15,,87719,3,,,0,15,,87720,3,,,0,15,,87721,3,,,0,55,,87722,3,,,0,16,,87723,3,,,0,15,,87724,3,,,0,15,,87725,3,,,0,54,,87726,3,,,0,15,,87727,3,,,0,15,,87728,3,,,0,15,,87729,3,,,0,55,,87730,3,,,0,15,,87731,3,,,0,15,,87732,3,,,0,15,,87733,3,,,0,54,,87734,3,,,0,13,,87735,3,,,0,15,,87736,3,,,0,15,,87737,3,,,0,54,,87738,3,,,0,13,,87739,3,,,0,11,,87740,3,,,0,11,,87741,3,,,0,11,,87742,3,,,0,9,,87743,3,,,0,55,,87744,3,,,0,13,,87745,3,,,0,12,,87746,3,,,0,12,,87747,3,,,0,52,,87748,3,,,0,11,,87749,3,,,0,11,,87750,3,,,0,12,,87751,3,,,0,10,,87752,3,,,0,10,,87753,3,,,0,52,,87754,3,,,0,11,,87755,3,,,0,12,,87756,3,,,0,12,,87757,3,,,0,12,,87758,3,,,0,51,,87759,3,,,0,15,,87760,3,,,0,15,,87761,3,,,0,17,,87762,3,,,0,55,,87763,3,,,0,16,,87764,3,,,0,15,,87765,3,,,0,15,,87766,3,,,0,54,,87767,3,,,0,19,,87768,3,,,0,20,,87769,3,,,0,61,,87770,3,,,0,20,,87771,3,,,0,24,,87772,3,,,0,71,,87773,3,,,0,35,,87774,3,,,0,72,,87775,3,,,0,30,,87776,3,,,0,72,,87777,3,,,0,70,,87778,3,,,0,30,,87779,3,,,0,70,,87780,3,,,0,30,,87781,3,,,0
1501,'5459',643,,87822,3,,,0,63,,87836,3,,,0,20,,87821,3,,,0,15,,87797,3,,,0,14,,87817,3,,,0,54,,87818,3,,,0,14,,87796,3,,,0,15,,87835,3,,,0,15,,87819,3,,,0,55,,87795,3,,,0,15,,87820,3,,,0,15,,87812,3,,,0,13,,87793,3,,,0,54,,87794,3,,,0,14,,87834,3,,,0,14,,87813,3,,,0,15,,87792,3,,,0,55,,87815,3,,,0,15,,87816,3,,,0,15,,87789,3,,,0,15,,87791,3,,,0,55,,87833,3,,,0,14,,87814,3,,,0,15,,87790,3,,,0,15,,87811,3,,,0,55,,87810,3,,,0,15,,87788,3,,,0,15,,87785,3,,,0,15,,87832,3,,,0,56,,87809,3,,,0,14,,87787,3,,,0,16,,87807,3,,,0,15,,87808,3,,,0,55,,87786,3,,,0,15,,87801,3,,,0,15,,87837,3,,,0,15,,87830,3,,,0,55,,87802,3,,,0,15,,87803,3,,,0,15,,87805,3,,,0,15,,87782,3,,,0,55,,87784,3,,,0,15,,87831,3,,,0,14,,87804,3,,,0,15,,87783,3,,,0,55,,87806,3,,,0,15,,87829,3,,,0,15,,87800,3,,,0,15,,87798,3,,,0,55,,87838,3,,,0,17,,87826,3,,,0,20,,87799,3,,,0,61,,87824,3,,,0,20,,87825,3,,,0,20,,87823,3,,,0,60,,87827,3,,,0,20,,87828,3,,,0,20,,87841,3,,,0,60,,87840,3,,,0,23,,87839,3,,,0,31,,87842,3,,,0,71,,87843,3,,,0,33,,87844,3,,,0,70,,87845,3,,,0,30,,87846,3,,,0,70,,87847,3,,,0,72,,87848,3,,,0,30,,87849,3,,,0
1501,'5460',641,,87867,3,,,0,68,,87854,3,,,0,19,,87868,3,,,0,16,,87855,3,,,0,15,,87909,3,,,0,55,,87869,3,,,0,15,,87856,3,,,0,15,,87908,3,,,0,13,,87870,3,,,0,55,,87857,3,,,0,15,,87871,3,,,0,15,,87851,3,,,0,15,,87865,3,,,0,54,,87850,3,,,0,15,,87874,3,,,0,16,,87861,3,,,0,15,,87875,3,,,0,55,,87853,3,,,0,14,,87863,3,,,0,15,,87852,3,,,0,15,,87862,3,,,0,55,,87876,3,,,0,15,,87858,3,,,0,15,,87877,3,,,0,16,,87859,3,,,0,55,,87866,3,,,0,15,,87864,3,,,0,15,,87860,3,,,0,15,,87878,3,,,0,55,,87880,3,,,0,15,,87879,3,,,0,15,,87881,3,,,0,15,,87873,3,,,0,55,,87883,3,,,0,15,,87872,3,,,0,15,,87884,3,,,0,15,,87890,3,,,0,55,,87889,3,,,0,15,,87885,3,,,0,15,,87882,3,,,0,15,,87887,3,,,0,56,,87886,3,,,0,15,,87888,3,,,0,15,,87904,3,,,0,15,,87901,3,,,0,55,,87898,3,,,0,15,,87902,3,,,0,15,,87891,3,,,0,58,,87903,3,,,0,20,,87892,3,,,0,19,,87893,3,,,0,19,,87895,3,,,0,60,,87897,3,,,0,20,,87896,3,,,0,20,,87894,3,,,0,66,,87900,3,,,0,31,,87899,3,,,0,71,,87905,3,,,0,31,,87906,3,,,0,71,,87907,3,,,0
1501,'5461',641,,87927,3,,,0,68,,87914,3,,,0,19,,87928,3,,,0,16,,87915,3,,,0,15,,87969,3,,,0,55,,87929,3,,,0,15,,87916,3,,,0,15,,87968,3,,,0,13,,87930,3,,,0,55,,87917,3,,,0,15,,87931,3,,,0,15,,87911,3,,,0,15,,87925,3,,,0,54,,87910,3,,,0,15,,87934,3,,,0,16,,87921,3,,,0,15,,87935,3,,,0,55,,87913,3,,,0,14,,87923,3,,,0,15,,87912,3,,,0,15,,87922,3,,,0,55,,87936,3,,,0,15,,87918,3,,,0,15,,87937,3,,,0,16,,87919,3,,,0,55,,87926,3,,,0,15,,87924,3,,,0,15,,87920,3,,,0,15,,87938,3,,,0,55,,87940,3,,,0,15,,87939,3,,,0,15,,87941,3,,,0,15,,87933,3,,,0,55,,87943,3,,,0,15,,87932,3,,,0,15,,87944,3,,,0,15,,87950,3,,,0,55,,87949,3,,,0,15,,87945,3,,,0,15,,87942,3,,,0,15,,87947,3,,,0,56,,87946,3,,,0,15,,87948,3,,,0,15,,87964,3,,,0,15,,87961,3,,,0,55,,87958,3,,,0,15,,87962,3,,,0,15,,87951,3,,,0,58,,87963,3,,,0,20,,87952,3,,,0,19,,87953,3,,,0,19,,87955,3,,,0,60,,87957,3,,,0,20,,87956,3,,,0,20,,87954,3,,,0,66,,87960,3,,,0,31,,87959,3,,,0,71,,87965,3,,,0,31,,87966,3,,,0,71,,87967,3,,,0
1501,'5462',641,,87987,3,,,0,68,,87974,3,,,0,19,,87988,3,,,0,16,,87975,3,,,0,15,,88029,3,,,0,55,,87989,3,,,0,15,,87976,3,,,0,15,,88028,3,,,0,13,,87990,3,,,0,55,,87977,3,,,0,15,,87991,3,,,0,15,,87971,3,,,0,15,,87985,3,,,0,54,,87970,3,,,0,15,,87994,3,,,0,16,,87981,3,,,0,15,,87995,3,,,0,55,,87973,3,,,0,14,,87983,3,,,0,15,,87972,3,,,0,15,,87982,3,,,0,55,,87996,3,,,0,15,,87978,3,,,0,15,,87997,3,,,0,16,,87979,3,,,0,55,,87986,3,,,0,15,,87984,3,,,0,15,,87980,3,,,0,15,,87998,3,,,0,55,,88000,3,,,0,15,,87999,3,,,0,15,,88001,3,,,0,15,,87993,3,,,0,55,,88003,3,,,0,15,,87992,3,,,0,15,,88004,3,,,0,15,,88010,3,,,0,55,,88009,3,,,0,15,,88005,3,,,0,15,,88002,3,,,0,15,,88007,3,,,0,56,,88006,3,,,0,15,,88008,3,,,0,15,,88024,3,,,0,15,,88021,3,,,0,55,,88018,3,,,0,15,,88022,3,,,0,15,,88011,3,,,0,58,,88023,3,,,0,20,,88012,3,,,0,19,,88013,3,,,0,19,,88015,3,,,0,60,,88017,3,,,0,20,,88016,3,,,0,20,,88014,3,,,0,66,,88020,3,,,0,31,,88019,3,,,0,71,,88025,3,,,0,31,,88026,3,,,0,71,,88027,3,,,0
1501,'5463',641,,88047,3,,,0,68,,88034,3,,,0,19,,88048,3,,,0,16,,88035,3,,,0,15,,88089,3,,,0,55,,88049,3,,,0,15,,88036,3,,,0,15,,88088,3,,,0,13,,88050,3,,,0,55,,88037,3,,,0,15,,88051,3,,,0,15,,88031,3,,,0,15,,88045,3,,,0,54,,88030,3,,,0,15,,88054,3,,,0,16,,88041,3,,,0,15,,88055,3,,,0,55,,88033,3,,,0,14,,88043,3,,,0,15,,88032,3,,,0,15,,88042,3,,,0,55,,88056,3,,,0,15,,88038,3,,,0,15,,88057,3,,,0,16,,88039,3,,,0,55,,88046,3,,,0,15,,88044,3,,,0,15,,88040,3,,,0,15,,88058,3,,,0,55,,88060,3,,,0,15,,88059,3,,,0,15,,88061,3,,,0,15,,88053,3,,,0,55,,88063,3,,,0,15,,88052,3,,,0,15,,88064,3,,,0,15,,88070,3,,,0,55,,88069,3,,,0,15,,88065,3,,,0,15,,88062,3,,,0,15,,88067,3,,,0,56,,88066,3,,,0,15,,88068,3,,,0,15,,88084,3,,,0,15,,88081,3,,,0,55,,88078,3,,,0,15,,88082,3,,,0,15,,88071,3,,,0,58,,88083,3,,,0,20,,88072,3,,,0,19,,88073,3,,,0,19,,88075,3,,,0,60,,88077,3,,,0,20,,88076,3,,,0,20,,88074,3,,,0,66,,88080,3,,,0,31,,88079,3,,,0,71,,88085,3,,,0,31,,88086,3,,,0,71,,88087,3,,,0
14000700,'5456',2146,,98428,6,0,5,0,70,,98424,6,0,5,0,32,,98429,6,0,5,0,69,,98425,6,0,5,0,31,,98427,6,0,5,0,70,,98426,6,0,5,0
14000700,'5458',2146,,98434,6,0,5,0,70,,98430,6,0,5,0,32,,98435,6,0,5,0,69,,98431,6,0,5,0,31,,98433,6,0,5,0,70,,98432,6,0,5,0
14000700,'5459',2145,,98436,6,0,5,0,74,,98437,6,0,5,0,30,,98438,6,0,5,0,69,,98439,6,0,5,0,30,,98440,6,0,5,0,72,,98441,6,0,5,0
14000700,'5460',2048,,98442,6,0,5,0,71,,98443,6,0,5,0,30,,98444,6,0,5,0,100,,98445,6,0,5,0,99,,98446,6,0,5,0
14000700,'5461',2048,,98447,6,0,5,0,71,,98448,6,0,5,0,30,,98449,6,0,5,0,100,,98450,6,0,5,0,99,,98451,6,0,5,0
14000700,'5462',2048,,98452,6,0,5,0,71,,98453,6,0,5,0,30,,98454,6,0,5,0,100,,98455,6,0,5,0,99,,98456,6,0,5,0
14000700,'5463',2048,,98457,6,0,5,0,71,,98458,6,0,5,0,30,,98459,6,0,5,0,100,,98460,6,0,5,0,99,,98461,6,0,5,0
