7500,'5456',753,,95983,55,0,13 14 49,0,961,,96002,55,0,13 14 49,0,19,,95993,55,0,42 43,0,26,,95995,57,0,13 14 49,0,51,,95994,55,0,13 14 49,0,39,,95996,55,0,42 43,0
7500,'5458',753,,96022,55,0,13 14 49,0,961,,96041,55,0,13 14 49,0,19,,96032,55,0,42 43,0,26,,96034,57,0,13 14 49,0,51,,96033,55,0,13 14 49,0,39,,96035,55,0,42 43,0
7501,'5456',539,,96154,12,,,0,70,,96151,12,,,0,22,,96152,12,,,0,18,,96156,12,,,0,63,,96158,12,,,0,26,,96153,12,,,0,17,,96163,12,,,0,57,,96160,12,,,0,30,,96155,12,,,0,69,,96157,12,,,0,39,,96159,12,,,0,70,,96161,12,,,0,33,,96162,12,,,0,68,,96164,12,,,0,30,,96165,12,,,0,71,,96166,12,,,0,30,,96167,12,,,0,70,,96168,12,,,0,30,,96169,12,,,0,70,,96170,12,,,0,31,,96171,12,,,0,59,,96187,12,,,0,11,,96172,12,,,0,20,,96174,12,,,0,14,,96173,12,,,0,53,,96182,12,,,0,17,,96175,12,,,0,28,,96176,12,,,0,68,,96177,12,,,0,30,,96178,12,,,0,99,,96179,12,,,0,97,,96180,12,,,0,100,,96181,12,,,0,99,,96183,12,,,0,94,,96184,12,0,28 29 14,0,98,,96185,12,0,28 29 14,0
7501,'5458',539,,96191,12,,,0,70,,96188,12,,,0,22,,96189,12,,,0,18,,96193,12,,,0,63,,96195,12,,,0,26,,96190,12,,,0,17,,96200,12,,,0,57,,96197,12,,,0,30,,96192,12,,,0,69,,96194,12,,,0,39,,96196,12,,,0,70,,96198,12,,,0,33,,96199,12,,,0,68,,96201,12,,,0,30,,96202,12,,,0,71,,96203,12,,,0,30,,96204,12,,,0,70,,96205,12,,,0,30,,96206,12,,,0,70,,96207,12,,,0,31,,96208,12,,,0,59,,96224,12,,,0,11,,96209,12,,,0,20,,96211,12,,,0,14,,96210,12,,,0,53,,96219,12,,,0,17,,96212,12,,,0,28,,96213,12,,,0,68,,96214,12,,,0,30,,96215,12,,,0,99,,96216,12,,,0,97,,96217,12,,,0,100,,96218,12,,,0,99,,96220,12,,,0,94,,96221,12,0,28 29 14,0,98,,96222,12,0,28 29 14,0
7501,'5459',627,,96225,6,0,28 29 14,0,113,,96226,12,,,0,100,,96227,12,,,0,108,,96228,12,,,0,103,,96229,12,,,0,101,,96230,12,,,0,70,,96231,12,,,0,30,,96232,12,,,0,70,,96233,12,,,0,30,,96234,12,,,0,74,,96235,12,,,0,30,,96236,12,,,0,70,,96237,12,,,0,30,,96238,12,,,0,70,,96239,12,,,0,30,,96240,12,,,0,96,,96241,12,,,0,97,,96242,12,,,0,99,,96243,12,,,0,100,,96244,12,,,0,100,,96245,12,,,0,95,,96246,12,0,28 29 14,0,98,,96247,12,0,28 29 14,0
7501,'5460',738,,96249,12,0,28 29 14,0,103,,96250,12,,,0,105,,96251,12,,,0,101,,96252,12,,,0,103,,96253,12,,,0,71,,96254,12,,,0,30,,96255,12,,,0,70,,96256,12,,,0,30,,96257,12,,,0,70,,96258,12,,,0,31,,96259,12,,,0,70,,96260,12,,,0,30,,96261,12,,,0,100,,96262,12,,,0,102,,96263,12,,,0,100,,96264,12,,,0,100,,96265,12,,,0,99,,96266,12,,,0,100,,96267,12,,,0,88,,96268,12,0,28 29 14,0,112,,96269,12,0,28 29 14,0
7501,'5461',738,,96271,12,0,28 29 14,0,103,,96272,12,,,0,105,,96273,12,,,0,101,,96274,12,,,0,103,,96275,12,,,0,71,,96276,12,,,0,30,,96277,12,,,0,70,,96278,12,,,0,30,,96279,12,,,0,70,,96280,12,,,0,31,,96281,12,,,0,70,,96282,12,,,0,30,,96283,12,,,0,100,,96284,12,,,0,102,,96285,12,,,0,100,,96286,12,,,0,100,,96287,12,,,0,99,,96288,12,,,0,100,,96289,12,,,0,88,,96290,12,0,28 29 14,0,112,,96291,12,0,28 29 14,0
7501,'5462',738,,96293,12,0,28 29 14,0,103,,96294,12,,,0,105,,96295,12,,,0,101,,96296,12,,,0,103,,96297,12,,,0,71,,96298,12,,,0,30,,96299,12,,,0,70,,96300,12,,,0,30,,96301,12,,,0,70,,96302,12,,,0,31,,96303,12,,,0,70,,96304,12,,,0,30,,96305,12,,,0,100,,96306,12,,,0,102,,96307,12,,,0,100,,96308,12,,,0,100,,96309,12,,,0,99,,96310,12,,,0,100,,96311,12,,,0,88,,96312,12,0,28 29 14,0,112,,96313,12,0,28 29 14,0
7501,'5463',738,,96315,12,0,28 29 14,0,103,,96316,12,,,0,105,,96317,12,,,0,101,,96318,12,,,0,103,,96319,12,,,0,71,,96320,12,,,0,30,,96321,12,,,0,70,,96322,12,,,0,30,,96323,12,,,0,70,,96324,12,,,0,31,,96325,12,,,0,70,,96326,12,,,0,30,,96327,12,,,0,100,,96328,12,,,0,102,,96329,12,,,0,100,,96330,12,,,0,100,,96331,12,,,0,99,,96332,12,,,0,100,,96333,12,,,0,88,,96334,12,0,28 29 14,0,112,,96335,12,0,28 29 14,0
8301,'5456',712,,96579,28,,,0,98,,96577,28,,,0,208,,96578,28,,,0,141,,96581,28,,,0,195,,96580,28,,,0,252,,96582,28,,,0,211,,96583,28,,,0,199,,96584,28,,,0
8301,'5458',712,,96587,28,,,0,98,,96585,28,,,0,208,,96586,28,,,0,141,,96589,28,,,0,195,,96588,28,,,0,252,,96590,28,,,0,211,,96591,28,,,0,199,,96592,28,,,0
8301,'5459',954,,96596,28,,,0,300,,96594,28,,,0,305,,96595,28,,,0,299,,96593,28,,,0
8301,'5460',953,,96599,28,,,0,300,,96600,28,,,0,305,,96598,28,,,0,299,,96597,28,,,0
8301,'5461',953,,96603,28,,,0,300,,96604,28,,,0,305,,96602,28,,,0,299,,96601,28,,,0
8301,'5462',953,,96607,28,,,0,300,,96608,28,,,0,305,,96606,28,,,0,299,,96605,28,,,0
8301,'5463',953,,96611,28,,,0,300,,96612,28,,,0,305,,96610,28,,,0,299,,96609,28,,,0
