1500,'5456',520,,87185,1,,,0,19,,87186,1,,,0,19,,87187,1,,,0,55,,100107,1,,,0,16,,100108,1,,,0,16,,100109,1,,,0,55,,87191,1,,,0,14,,87192,1,,,0,13,,100110,1,,,0,12,,87194,1,,,0,11,,87195,1,,,0,50,,100111,1,,,0,11,,100112,1,,,0,11,,100113,1,,,0,11,,87199,1,,,0,11,,87200,1,,,0,12,,87201,1,,,0,52,,87202,1,,,0,11,,87203,1,,,0,14,,87204,1,,,0,15,,87205,1,,,0,55,,100114,1,,,0,15,,100115,1,,,0,15,,87208,1,,,0,15,,87209,1,,,0,55,,100116,1,,,0,15,,100117,1,,,0,14,,100118,1,,,0,15,,100119,1,,,0,55,,100120,1,,,0,15,,100121,1,,,0,15,,87216,1,,,0,15,,87217,1,,,0,55,,100122,1,,,0,15,,87219,1,,,0,15,,100123,1,,,0,15,,100124,1,,,0,55,,100125,1,,,0,15,,87223,1,,,0,15,,100126,1,,,0,15,,87225,1,,,0,54,,100127,1,,,0,13,,87227,1,,,0,15,,100128,1,,,0,15,,87229,1,,,0,15,,87230,1,,,0,55,,100129,1,,,0,16,,100130,1,,,0,15,,100131,1,,,0,55,,100132,1,,,0,17,,87235,1,,,0,15,,100133,1,,,0,15,,100134,1,,,0,55,,87238,1,,,0,18,,100135,1,,,0,15,,87240,1,,,0,15,,100136,1,,,0,55,,100137,1,,,0,15,,87243,1,,,0,20,,100138,1,,,0,60,,100139,1,,,0,20,,87246,1,,,0,20,,87247,1,,,0,62,,100140,1,,,0,20,,100141,1,,,0,20,,87250,1,,,0,60,,87251,1,,,0,25,,100142,1,,,0,30,,87253,1,,,0,71,,87254,1,,,0,31,,100143,1,,,0,70,,100144,1,,,0
1500,'5458',520,,87258,1,,,0,19,,87259,1,,,0,19,,87260,1,,,0,55,,100145,1,,,0,16,,100146,1,,,0,16,,100147,1,,,0,55,,87264,1,,,0,14,,87265,1,,,0,13,,100148,1,,,0,12,,87267,1,,,0,11,,87268,1,,,0,50,,100149,1,,,0,11,,100150,1,,,0,11,,100151,1,,,0,11,,87272,1,,,0,11,,87273,1,,,0,12,,87274,1,,,0,52,,87275,1,,,0,11,,87276,1,,,0,14,,87277,1,,,0,15,,87278,1,,,0,55,,100152,1,,,0,15,,100153,1,,,0,15,,87281,1,,,0,15,,87282,1,,,0,55,,100154,1,,,0,15,,100155,1,,,0,14,,100156,1,,,0,15,,100157,1,,,0,55,,100158,1,,,0,15,,100159,1,,,0,15,,87289,1,,,0,15,,87290,1,,,0,55,,100160,1,,,0,15,,87292,1,,,0,15,,100161,1,,,0,15,,100162,1,,,0,55,,100163,1,,,0,15,,87296,1,,,0,15,,100164,1,,,0,15,,87298,1,,,0,54,,100165,1,,,0,13,,87300,1,,,0,15,,100166,1,,,0,15,,87302,1,,,0,15,,87303,1,,,0,55,,100167,1,,,0,16,,100168,1,,,0,15,,100169,1,,,0,55,,100170,1,,,0,17,,87308,1,,,0,15,,100171,1,,,0,15,,100172,1,,,0,55,,87311,1,,,0,18,,100173,1,,,0,15,,87313,1,,,0,15,,100174,1,,,0,55,,100175,1,,,0,15,,87316,1,,,0,20,,100176,1,,,0,60,,100177,1,,,0,20,,87319,1,,,0,20,,87320,1,,,0,62,,100178,1,,,0,20,,100179,1,,,0,20,,87323,1,,,0,60,,87324,1,,,0,25,,100180,1,,,0,30,,87326,1,,,0,71,,87327,1,,,0,31,,100181,1,,,0,70,,100182,1,,,0,30,,87330,1,,,0,70,,87331,1,,,0,30,,100183,1,,,0,70,,87333,1,,,0
1500,'5459',618,,87391,1,,,0,25,,87378,1,,,0,61,,87376,1,,,0,19,,87377,1,,,0,16,,87353,1,,,0,15,,100201,1,,,0,55,,87371,1,,,0,14,,87350,1,,,0,14,,87375,1,,,0,15,,87374,1,,,0,54,,87352,1,,,0,15,,100202,1,,,0,15,,87372,1,,,0,15,,87351,1,,,0,55,,87373,1,,,0,15,,87370,1,,,0,15,,100189,1,,,0,15,,87349,1,,,0,55,,100200,1,,,0,15,,87369,1,,,0,16,,87348,1,,,0,15,,87368,1,,,0,55,,87367,1,,,0,15,,100190,1,,,0,15,,87346,1,,,0,15,,87387,1,,,0,54,,87366,1,,,0,15,,87344,1,,,0,16,,100194,1,,,0,15,,87365,1,,,0,55,,87342,1,,,0,15,,100188,1,,,0,16,,100199,1,,,0,15,,87363,1,,,0,55,,87341,1,,,0,15,,100193,1,,,0,16,,87361,1,,,0,15,,87339,1,,,0,55,,100187,1,,,0,15,,100198,1,,,0,14,,87360,1,,,0,15,,100184,1,,,0,56,,100192,1,,,0,15,,87358,1,,,0,15,,87337,1,,,0,15,,100186,1,,,0,55,,100197,1,,,0,14,,87357,1,,,0,15,,100185,1,,,0,15,,100191,1,,,0,55,,87359,1,,,0,16,,87354,1,,,0,19,,100195,1,,,0,60,,87382,1,,,0,20,,100196,1,,,0,20,,87380,1,,,0,60,,87379,1,,,0,20,,87393,1,,,0,20,,87392,1,,,0,60,,100203,1,,,0,24,,87395,1,,,0,30,,100204,1,,,0,72,,100205,1,,,0,30,,100206,1,,,0,71,,100207,1,,,0,29,,100208,1,,,0,69,,100209,1,,,0,30,,87402,1,,,0,70,,100210,1,,,0
1500,'5460',640,,87444,1,,,0,70,,87443,1,,,0,28,,87419,1,,,0,20,,100213,1,,,0,57,,87460,1,,,0,15,,87409,1,,,0,15,,87421,1,,,0,55,,87408,1,,,0,15,,100211,1,,,0,15,,100214,1,,,0,15,,87413,1,,,0,55,,87425,1,,,0,15,,87405,1,,,0,15,,87410,1,,,0,15,,100212,1,,,0,14,,87407,1,,,0,55,,100215,1,,,0,15,,87417,1,,,0,15,,87426,1,,,0,15,,87414,1,,,0,55,,87416,1,,,0,15,,87411,1,,,0,14,,87412,1,,,0,15,,100216,1,,,0,55,,87418,1,,,0,15,,87430,1,,,0,15,,87415,1,,,0,15,,87431,1,,,0,55,,87432,1,,,0,15,,87427,1,,,0,15,,100218,1,,,0,15,,87438,1,,,0,55,,87436,1,,,0,15,,87434,1,,,0,15,,87439,1,,,0,15,,87441,1,,,0,55,,87435,1,,,0,15,,100217,1,,,0,15,,87440,1,,,0,15,,87433,1,,,0,55,,87420,1,,,0,15,,87424,1,,,0,16,,87448,1,,,0,56,,87447,1,,,0,15,,100219,1,,,0,15,,87450,1,,,0,15,,87455,1,,,0,60,,100221,1,,,0,20,,87445,1,,,0,20,,100220,1,,,0,60,,87454,1,,,0,27,,100222,1,,,0,69,,87449,1,,,0,30,,87456,1,,,0,71,,87457,1,,,0,30,,87459,1,,,0,70,,100223,1,,,0
1500,'5461',640,,87501,1,,,0,70,,87500,1,,,0,28,,87476,1,,,0,20,,87479,1,,,0,57,,87517,1,,,0,15,,87466,1,,,0,15,,87478,1,,,0,55,,87465,1,,,0,15,,87461,1,,,0,15,,87480,1,,,0,15,,100225,1,,,0,55,,87482,1,,,0,15,,87462,1,,,0,15,,100224,1,,,0,15,,87463,1,,,0,14,,87464,1,,,0,55,,87485,1,,,0,15,,87474,1,,,0,15,,87483,1,,,0,15,,87471,1,,,0,55,,87473,1,,,0,15,,87468,1,,,0,14,,87469,1,,,0,15,,87486,1,,,0,55,,87475,1,,,0,15,,87487,1,,,0,15,,87472,1,,,0,15,,100228,1,,,0,55,,87489,1,,,0,15,,100227,1,,,0,15,,87499,1,,,0,15,,87495,1,,,0,55,,87493,1,,,0,15,,87491,1,,,0,15,,100230,1,,,0,15,,87498,1,,,0,55,,100229,1,,,0,15,,87494,1,,,0,15,,87497,1,,,0,15,,87490,1,,,0,55,,87477,1,,,0,15,,100226,1,,,0,16,,87505,1,,,0,56,,100231,1,,,0,15,,87503,1,,,0,15,,100232,1,,,0,15,,87512,1,,,0,60,,87509,1,,,0,20,,87502,1,,,0,20,,87508,1,,,0,60,,87511,1,,,0,27,,87510,1,,,0,69,,87506,1,,,0,30,,87513,1,,,0,71,,100233,1,,,0,30,,87516,1,,,0,70,,87515,1,,,0
1500,'5462',640,,87558,1,,,0,70,,87557,1,,,0,28,,87533,1,,,0,20,,87536,1,,,0,57,,87574,1,,,0,15,,87523,1,,,0,15,,87535,1,,,0,55,,87522,1,,,0,15,,87518,1,,,0,15,,87537,1,,,0,15,,100235,1,,,0,55,,87539,1,,,0,15,,87519,1,,,0,15,,100234,1,,,0,15,,87520,1,,,0,14,,87521,1,,,0,55,,87542,1,,,0,15,,87531,1,,,0,15,,87540,1,,,0,15,,87528,1,,,0,55,,87530,1,,,0,15,,87525,1,,,0,14,,87526,1,,,0,15,,87543,1,,,0,55,,87532,1,,,0,15,,87544,1,,,0,15,,87529,1,,,0,15,,100238,1,,,0,55,,87546,1,,,0,15,,100237,1,,,0,15,,87556,1,,,0,15,,87552,1,,,0,55,,87550,1,,,0,15,,87548,1,,,0,15,,100240,1,,,0,15,,87555,1,,,0,55,,100239,1,,,0,15,,87551,1,,,0,15,,87554,1,,,0,15,,87547,1,,,0,55,,87534,1,,,0,15,,100236,1,,,0,16,,87562,1,,,0,56,,100241,1,,,0,15,,87560,1,,,0,15,,100242,1,,,0,15,,87569,1,,,0,60,,87566,1,,,0,20,,87559,1,,,0,20,,87565,1,,,0,60,,87568,1,,,0,27,,87567,1,,,0,69,,87563,1,,,0,30,,87570,1,,,0,71,,100243,1,,,0,30,,87573,1,,,0,70,,87572,1,,,0
1500,'5463',640,,87615,1,,,0,70,,87614,1,,,0,28,,87590,1,,,0,20,,87593,1,,,0,57,,87631,1,,,0,15,,87580,1,,,0,15,,87592,1,,,0,55,,87579,1,,,0,15,,87575,1,,,0,15,,87594,1,,,0,15,,100245,1,,,0,55,,87596,1,,,0,15,,87576,1,,,0,15,,100244,1,,,0,15,,87577,1,,,0,14,,87578,1,,,0,55,,87599,1,,,0,15,,87588,1,,,0,15,,87597,1,,,0,15,,87585,1,,,0,55,,87587,1,,,0,15,,87582,1,,,0,14,,87583,1,,,0,15,,87600,1,,,0,55,,87589,1,,,0,15,,87601,1,,,0,15,,87586,1,,,0,15,,100248,1,,,0,55,,87603,1,,,0,15,,100247,1,,,0,15,,87613,1,,,0,15,,87609,1,,,0,55,,87607,1,,,0,15,,87605,1,,,0,15,,100250,1,,,0,15,,87612,1,,,0,55,,100249,1,,,0,15,,87608,1,,,0,15,,87611,1,,,0,15,,87604,1,,,0,55,,87591,1,,,0,15,,100246,1,,,0,16,,87619,1,,,0,56,,100251,1,,,0,15,,87617,1,,,0,15,,100252,1,,,0,15,,87626,1,,,0,60,,87623,1,,,0,20,,87616,1,,,0,20,,87622,1,,,0,60,,87625,1,,,0,27,,87624,1,,,0,69,,87620,1,,,0,30,,87627,1,,,0,71,,100253,1,,,0,30,,87630,1,,,0,70,,87629,1,,,0
1501,'5456',540,,100254,18,4,,0,70,,100255,29,4,,0,29,,87635,29,4,,0,18,,87636,29,4,,0,60,,87637,29,4,,0,17,,100256,29,4,,0,15,,100257,29,4,,0,55,,87640,29,4,,0,16,,87641,29,4,,0,17,,87632,29,4,,0,17,,87642,29,4,,0,56,,100258,29,4,,0,15,,100259,29,4,,0,15,,100260,29,4,,0,15,,100261,29,4,,0,55,,87647,29,4,,0,15,,87648,29,4,,0,15,,100262,29,4,,0,16,,100263,29,4,,0,56,,87651,29,4,,0,15,,87652,29,4,,0,15,,100264,29,4,,0,15,,100265,29,4,,0,55,,87655,29,4,,0,15,,87656,29,4,,0,15,,100266,29,4,,0,15,,100267,29,4,,0,55,,100268,29,4,,0,15,,100269,29,4,,0,15,,100270,29,4,,0,13,,100271,29,4,,0,55,,100272,29,4,,0,17,,100273,29,4,,0,14,,100274,29,4,,0,13,,100275,29,4,,0,52,,100276,29,4,,0,11,,100277,29,4,,0,11,,100278,29,4,,0,9,,100279,29,4,,0,16,,87671,29,4,,0,53,,87672,29,4,,0,12,,100280,29,4,,0,12,,87674,29,4,,0,12,,100281,29,4,,0,11,,100282,29,4,,0,51,,100283,29,4,,0,12,,100284,29,4,,0,10,,87679,29,4,,0,8,,100285,29,4,,0,12,,100286,29,4,,0,11,,100287,29,4,,0,51,,100288,29,4,,0,11,,87684,29,4,,0,11,,87685,29,4,,0,10,,100289,29,4,,0,14,,87687,29,4,,0,55,,87688,29,4,,0,15,,100290,29,4,,0,15,,87690,29,4,,0,15,,87691,29,4,,0,55,,87692,29,4,,0,15,,87693,29,4,,0,14,,87694,29,4,,0,19,,100291,29,4,,0,60,,100292,29,4,,0,21,,87697,29,4,,0,19,,87698,29,4,,0,64,,100293,29,4,,0,31,,87700,29,4,,0,73,,87701,29,4,,0,30,,100294,29,4,,0,70,,100295,29,4,,0,30,,87704,29,4,,0
1501,'5458',540,,100296,18,4,,0,70,,100297,29,4,,0,29,,87708,29,4,,0,18,,87709,29,4,,0,60,,87710,29,4,,0,17,,100298,29,4,,0,15,,100299,29,4,,0,55,,87713,29,4,,0,16,,87714,29,4,,0,17,,87705,29,4,,0,17,,87715,29,4,,0,56,,100300,29,4,,0,15,,100301,29,4,,0,15,,100302,29,4,,0,15,,100303,29,4,,0,55,,87720,29,4,,0,15,,87721,29,4,,0,15,,100304,29,4,,0,16,,100305,29,4,,0,56,,87724,29,4,,0,15,,87725,29,4,,0,15,,100306,29,4,,0,15,,100307,29,4,,0,55,,87728,29,4,,0,15,,87729,29,4,,0,15,,100308,29,4,,0,15,,100309,29,4,,0,55,,100310,29,4,,0,15,,100311,29,4,,0,15,,100312,29,4,,0,13,,100313,29,4,,0,55,,100314,29,4,,0,17,,100315,29,4,,0,14,,100316,29,4,,0,13,,100317,29,4,,0,52,,100318,29,4,,0,11,,100319,29,4,,0,11,,100320,29,4,,0,9,,100321,29,4,,0,16,,87744,29,4,,0,53,,87745,29,4,,0,12,,100322,29,4,,0,12,,87747,29,4,,0,12,,100323,29,4,,0,11,,100324,29,4,,0,51,,100325,29,4,,0,12,,100326,29,4,,0,10,,87752,29,4,,0,8,,100327,29,4,,0,12,,100328,29,4,,0,11,,100329,29,4,,0,51,,100330,29,4,,0,11,,87757,29,4,,0,11,,87758,29,4,,0,10,,100331,29,4,,0,14,,87760,29,4,,0,55,,87761,29,4,,0,15,,100332,29,4,,0,15,,87763,29,4,,0,15,,87764,29,4,,0,55,,87765,29,4,,0,15,,87766,29,4,,0,14,,87767,29,4,,0,19,,100333,29,4,,0,60,,100334,29,4,,0,21,,87770,29,4,,0,19,,87771,29,4,,0,64,,100335,29,4,,0,31,,87773,29,4,,0,73,,87774,29,4,,0,30,,100336,29,4,,0,70,,100337,29,4,,0,30,,87777,29,4,,0,70,,87778,29,4,,0,30,,100338,29,4,,0,70,,87780,29,4,,0,30,,100339,29,4,,0
1501,'5459',709,,87822,29,4,,0,25,,100355,29,4,,0,20,,87821,29,4,,0,55,,87797,29,4,,0,14,,87817,29,4,,0,15,,87818,29,4,,0,16,,87796,29,4,,0,55,,100354,29,4,,0,15,,87819,29,4,,0,15,,87795,29,4,,0,16,,87820,29,4,,0,55,,87812,29,4,,0,13,,87793,29,4,,0,14,,87794,29,4,,0,14,,100353,29,4,,0,55,,87813,29,4,,0,15,,87792,29,4,,0,16,,87815,29,4,,0,15,,87816,29,4,,0,55,,100343,29,4,,0,15,,87791,29,4,,0,15,,87833,29,4,,0,14,,87814,29,4,,0,56,,87790,29,4,,0,15,,100350,29,4,,0,15,,87810,29,4,,0,15,,87788,29,4,,0,56,,100342,29,4,,0,15,,87832,29,4,,0,16,,87809,29,4,,0,14,,87787,29,4,,0,55,,100349,29,4,,0,15,,87808,29,4,,0,15,,87786,29,4,,0,15,,100346,29,4,,0,55,,100356,29,4,,0,15,,87830,29,4,,0,15,,87802,29,4,,0,15,,100347,29,4,,0,55,,87805,29,4,,0,15,,87782,29,4,,0,15,,100341,29,4,,0,15,,100352,29,4,,0,54,,87804,29,4,,0,14,,100340,29,4,,0,15,,100348,29,4,,0,15,,87829,29,4,,0,55,,87800,29,4,,0,15,,100344,29,4,,0,15,,100357,29,4,,0,17,,87826,29,4,,0,59,,100345,29,4,,0,20,,87824,29,4,,0,20,,87825,29,4,,0,60,,87823,29,4,,0,20,,87827,29,4,,0,20,,100351,29,4,,0,60,,87841,29,4,,0,20,,100358,29,4,,0,23,,87839,29,4,,0,69,,100359,29,4,,0,30,,100360,29,4,,0,70,,100361,29,4,,0,29,,100362,29,4,,0,70,,100363,29,4,,0,30,,87847,29,4,,0,72,,100364,29,4,,0,30,,87849,29,4,,0
1501,'5460',706,,87867,29,4,,0,29,,87854,29,4,,0,20,,100366,29,4,,0,57,,87855,29,4,,0,15,,87909,29,4,,0,15,,87869,29,4,,0,15,,87856,29,4,,0,55,,100378,29,4,,0,15,,100367,29,4,,0,15,,87857,29,4,,0,15,,87871,29,4,,0,55,,87851,29,4,,0,15,,87865,29,4,,0,15,,100365,29,4,,0,16,,100368,29,4,,0,56,,87861,29,4,,0,16,,87875,29,4,,0,15,,87853,29,4,,0,55,,87863,29,4,,0,15,,87852,29,4,,0,15,,87862,29,4,,0,15,,100369,29,4,,0,55,,87858,29,4,,0,15,,87877,29,4,,0,17,,87859,29,4,,0,15,,87866,29,4,,0,55,,87864,29,4,,0,15,,87860,29,4,,0,15,,100370,29,4,,0,15,,87880,29,4,,0,55,,87879,29,4,,0,15,,87881,29,4,,0,15,,87873,29,4,,0,15,,87883,29,4,,0,55,,87872,29,4,,0,15,,100371,29,4,,0,15,,87890,29,4,,0,15,,87889,29,4,,0,55,,87885,29,4,,0,15,,87882,29,4,,0,15,,87887,29,4,,0,14,,87886,29,4,,0,55,,100372,29,4,,0,15,,87904,29,4,,0,14,,87901,29,4,,0,15,,87898,29,4,,0,55,,100375,29,4,,0,14,,87891,29,4,,0,18,,100376,29,4,,0,19,,87892,29,4,,0,59,,87893,29,4,,0,19,,100373,29,4,,0,19,,87897,29,4,,0,60,,100374,29,4,,0,20,,87894,29,4,,0,26,,87900,29,4,,0,69,,87899,29,4,,0,31,,100377,29,4,,0,70,,87906,29,4,,0,30,,87907,29,4,,0
1501,'5461',706,,87927,29,4,,0,29,,87914,29,4,,0,20,,87928,29,4,,0,57,,87915,29,4,,0,15,,87969,29,4,,0,15,,87929,29,4,,0,15,,87916,29,4,,0,55,,87968,29,4,,0,15,,87930,29,4,,0,15,,100379,29,4,,0,15,,87931,29,4,,0,55,,87911,29,4,,0,15,,100381,29,4,,0,15,,87910,29,4,,0,16,,87934,29,4,,0,56,,87921,29,4,,0,16,,87935,29,4,,0,15,,87913,29,4,,0,55,,87923,29,4,,0,15,,87912,29,4,,0,15,,87922,29,4,,0,15,,87936,29,4,,0,55,,87918,29,4,,0,15,,87937,29,4,,0,17,,87919,29,4,,0,15,,100382,29,4,,0,55,,87924,29,4,,0,15,,100380,29,4,,0,15,,87938,29,4,,0,15,,87940,29,4,,0,55,,87939,29,4,,0,15,,87941,29,4,,0,15,,100384,29,4,,0,15,,87943,29,4,,0,55,,100383,29,4,,0,15,,87944,29,4,,0,15,,87950,29,4,,0,15,,87949,29,4,,0,55,,87945,29,4,,0,15,,100385,29,4,,0,15,,87947,29,4,,0,14,,100386,29,4,,0,55,,87948,29,4,,0,15,,87964,29,4,,0,14,,87961,29,4,,0,15,,87958,29,4,,0,55,,87962,29,4,,0,14,,87951,29,4,,0,18,,87963,29,4,,0,19,,87952,29,4,,0,59,,87953,29,4,,0,19,,87955,29,4,,0,19,,87957,29,4,,0,60,,87956,29,4,,0,20,,87954,29,4,,0,26,,100387,29,4,,0,69,,87959,29,4,,0,31,,87965,29,4,,0,70,,87966,29,4,,0,30,,87967,29,4,,0
1501,'5462',706,,87987,29,4,,0,29,,87974,29,4,,0,20,,87988,29,4,,0,57,,87975,29,4,,0,15,,88029,29,4,,0,15,,87989,29,4,,0,15,,87976,29,4,,0,55,,88028,29,4,,0,15,,87990,29,4,,0,15,,100388,29,4,,0,15,,87991,29,4,,0,55,,87971,29,4,,0,15,,100390,29,4,,0,15,,87970,29,4,,0,16,,87994,29,4,,0,56,,87981,29,4,,0,16,,87995,29,4,,0,15,,87973,29,4,,0,55,,87983,29,4,,0,15,,87972,29,4,,0,15,,87982,29,4,,0,15,,87996,29,4,,0,55,,87978,29,4,,0,15,,87997,29,4,,0,17,,87979,29,4,,0,15,,100391,29,4,,0,55,,87984,29,4,,0,15,,100389,29,4,,0,15,,87998,29,4,,0,15,,88000,29,4,,0,55,,87999,29,4,,0,15,,88001,29,4,,0,15,,100393,29,4,,0,15,,88003,29,4,,0,55,,100392,29,4,,0,15,,88004,29,4,,0,15,,88010,29,4,,0,15,,88009,29,4,,0,55,,88005,29,4,,0,15,,100394,29,4,,0,15,,88007,29,4,,0,14,,100395,29,4,,0,55,,88008,29,4,,0,15,,88024,29,4,,0,14,,88021,29,4,,0,15,,88018,29,4,,0,55,,88022,29,4,,0,14,,88011,29,4,,0,18,,88023,29,4,,0,19,,88012,29,4,,0,59,,88013,29,4,,0,19,,88015,29,4,,0,19,,88017,29,4,,0,60,,88016,29,4,,0,20,,88014,29,4,,0,26,,100396,29,4,,0,69,,88019,29,4,,0,31,,88025,29,4,,0,70,,88026,29,4,,0,30,,88027,29,4,,0
1501,'5463',706,,88047,29,4,,0,29,,88034,29,4,,0,20,,88048,29,4,,0,57,,88035,29,4,,0,15,,88089,29,4,,0,15,,88049,29,4,,0,15,,88036,29,4,,0,55,,88088,29,4,,0,15,,88050,29,4,,0,15,,100397,29,4,,0,15,,88051,29,4,,0,55,,88031,29,4,,0,15,,100399,29,4,,0,15,,88030,29,4,,0,16,,88054,29,4,,0,56,,88041,29,4,,0,16,,88055,29,4,,0,15,,88033,29,4,,0,55,,88043,29,4,,0,15,,88032,29,4,,0,15,,88042,29,4,,0,15,,88056,29,4,,0,55,,88038,29,4,,0,15,,88057,29,4,,0,17,,88039,29,4,,0,15,,100400,29,4,,0,55,,88044,29,4,,0,15,,100398,29,4,,0,15,,88058,29,4,,0,15,,88060,29,4,,0,55,,88059,29,4,,0,15,,88061,29,4,,0,15,,100402,29,4,,0,15,,88063,29,4,,0,55,,100401,29,4,,0,15,,88064,29,4,,0,15,,88070,29,4,,0,15,,88069,29,4,,0,55,,88065,29,4,,0,15,,100403,29,4,,0,15,,88067,29,4,,0,14,,100404,29,4,,0,55,,88068,29,4,,0,15,,88084,29,4,,0,14,,88081,29,4,,0,15,,88078,29,4,,0,55,,88082,29,4,,0,14,,88071,29,4,,0,18,,88083,29,4,,0,19,,88072,29,4,,0,59,,88073,29,4,,0,19,,88075,29,4,,0,19,,88077,29,4,,0,60,,88076,29,4,,0,20,,88074,29,4,,0,26,,100405,29,4,,0,69,,88079,29,4,,0,31,,88085,29,4,,0,70,,88086,29,4,,0,30,,88087,29,4,,0
2600,'5456',545,,100962,1,,,0,68,,89326,1,,,0,22,,89327,1,,,0,17,,89328,1,,,0,51,,89329,1,,,0,15,,100963,1,,,0,5,,89332,1,,,0,7,,89333,1,,,0,7,,89334,1,,,0,8,,100964,1,,,0,55,,89337,1,,,0,16,,89339,1,,,0,15,,89341,1,,,0,17,,89343,1,,,0,57,,89345,1,,,0,16,,100966,1,,,0,16,,100968,1,,,0,17,,100969,1,,,0,56,,100970,1,,,0,13,,89352,1,,,0,15,,89353,1,,,0,15,,89354,1,,,0,57,,89355,1,,,0,14,,89356,1,,,0,15,,89357,1,,,0,16,,100971,1,,,0,55,,89359,1,,,0,14,,89360,1,,,0,15,,89361,1,,,0,15,,100972,1,,,0,56,,100973,1,,,0,14,,100974,1,,,0,15,,100976,1,,,0,15,,100977,1,,,0,53,,89368,1,,,0,13,,89369,1,,,0,12,,100978,1,,,0,9,,100980,1,,,0,13,,100981,1,,,0,52,,100982,1,,,0,12,,100983,1,,,0,12,,89376,1,,,0,12,,100984,1,,,0,12,,100985,1,,,0,51,,89379,1,,,0,13,,89380,1,,,0,12,,89381,1,,,0,15,,89382,1,,,0,12,,100986,1,,,0,53,,100987,1,,,0,13,,100988,1,,,0,16,,89386,1,,,0,16,,100989,1,,,0,55,,89388,1,,,0,18,,89389,1,,,0,13,,89390,1,,,0,15,,100990,1,,,0,55,,100991,1,,,0,20,,89393,1,,,0,21,,89394,1,,,0,60,,89395,1,,,0,20,,89396,1,,,0,20,,100992,1,,,0,59,,89398,1,,,0,23,,89399,1,,,0,73,,89400,1,,,0,30,,100993,1,,,0,70,,89402,1,,,0,30,,89403,1,,,0,72,,100994,1,,,0,30,,89405,1,,,0
2600,'5458',545,,100995,1,,,0,68,,89408,1,,,0,22,,89409,1,,,0,17,,89410,1,,,0,51,,89411,1,,,0,15,,100996,1,,,0,5,,89414,1,,,0,7,,89415,1,,,0,7,,89416,1,,,0,8,,100997,1,,,0,55,,89419,1,,,0,16,,89421,1,,,0,15,,89423,1,,,0,17,,89425,1,,,0,57,,89427,1,,,0,16,,100999,1,,,0,16,,101001,1,,,0,17,,101002,1,,,0,56,,101003,1,,,0,13,,89434,1,,,0,15,,89435,1,,,0,15,,89436,1,,,0,57,,89437,1,,,0,14,,89438,1,,,0,15,,89439,1,,,0,16,,101004,1,,,0,55,,89441,1,,,0,14,,89442,1,,,0,15,,89443,1,,,0,15,,101005,1,,,0,56,,101006,1,,,0,14,,101007,1,,,0,15,,101009,1,,,0,15,,101010,1,,,0,53,,89450,1,,,0,13,,89451,1,,,0,12,,101011,1,,,0,9,,101013,1,,,0,13,,101014,1,,,0,52,,101015,1,,,0,12,,101016,1,,,0,12,,89458,1,,,0,12,,101017,1,,,0,12,,101018,1,,,0,51,,89461,1,,,0,13,,89462,1,,,0,12,,89463,1,,,0,15,,89464,1,,,0,12,,101019,1,,,0,53,,101020,1,,,0,13,,101021,1,,,0,16,,89468,1,,,0,16,,101022,1,,,0,55,,89470,1,,,0,18,,89471,1,,,0,13,,89472,1,,,0,15,,101023,1,,,0,55,,101024,1,,,0,20,,89475,1,,,0,21,,89476,1,,,0,60,,89477,1,,,0,20,,89478,1,,,0,20,,101025,1,,,0,59,,89480,1,,,0,23,,89481,1,,,0,73,,89482,1,,,0,30,,101026,1,,,0,70,,89484,1,,,0,30,,89485,1,,,0,72,,101027,1,,,0,30,,89487,1,,,0,100,,101028,1,,,0
2600,'5459',630,,101029,1,,,0,70,,89492,1,,,0,30,,89493,1,,,0,18,,101030,1,,,0,57,,101031,1,,,0,17,,89496,1,,,0,17,,89497,1,,,0,17,,89498,1,,,0,57,,89499,1,,,0,17,,101032,1,,,0,17,,89501,1,,,0,56,,101033,1,,,0,17,,89503,1,,,0,17,,89504,1,,,0,18,,89505,1,,,0,57,,89490,1,,,0,18,,89506,1,,,0,18,,101034,1,,,0,57,,89508,1,,,0,17,,101035,1,,,0,17,,101036,1,,,0,17,,89511,1,,,0,57,,89512,1,,,0,17,,89513,1,,,0,18,,101037,1,,,0,56,,89515,1,,,0,17,,89516,1,,,0,17,,101038,1,,,0,17,,101039,1,,,0,57,,89519,1,,,0,17,,89520,1,,,0,17,,101040,1,,,0,56,,89522,1,,,0,15,,89523,1,,,0,15,,89524,1,,,0,16,,101041,1,,,0,56,,89526,1,,,0,17,,89527,1,,,0,16,,101042,1,,,0,17,,101043,1,,,0,57,,89530,1,,,0,20,,101044,1,,,0,20,,89532,1,,,0,60,,89533,1,,,0,20,,101045,1,,,0,20,,89535,1,,,0,60,,101046,1,,,0,20,,89537,1,,,0,20,,89538,1,,,0,60,,101047,1,,,0,25,,89540,1,,,0,70,,101048,1,,,0,30,,89542,1,,,0,72,,89543,1,,,0,30,,101049,1,,,0,70,,89545,1,,,0,32,,89546,1,,,0,100,,89547,1,,,0
2600,'5460',653,,89564,1,,,0,67,,101055,1,,,0,22,,101050,1,,,0,63,,89548,1,,,0,22,,89566,1,,,0,20,,101056,1,,,0,67,,101051,1,,,0,22,,89549,1,,,0,20,,89567,1,,,0,64,,101052,1,,,0,19,,89550,1,,,0,18,,89556,1,,,0,58,,89552,1,,,0,19,,89565,1,,,0,19,,89553,1,,,0,59,,101053,1,,,0,18,,89551,1,,,0,18,,89568,1,,,0,58,,89560,1,,,0,18,,89563,1,,,0,20,,89561,1,,,0,58,,101054,1,,,0,18,,89557,1,,,0,18,,89569,1,,,0,18,,89559,1,,,0,57,,89562,1,,,0,18,,89578,1,,,0,18,,101057,1,,,0,57,,89575,1,,,0,18,,89584,1,,,0,18,,89577,1,,,0,58,,89580,1,,,0,17,,89576,1,,,0,17,,101058,1,,,0,17,,89574,1,,,0,60,,89583,1,,,0,19,,89579,1,,,0,20,,89581,1,,,0,59,,89589,1,,,0,20,,89587,1,,,0,19,,89591,1,,,0,60,,89588,1,,,0,20,,89590,1,,,0,20,,89592,1,,,0,60,,89586,1,,,0,30,,89594,1,,,0,70,,101059,1,,,0,30,,89595,1,,,0,70,,89596,1,,,0,38,,101060,1,,,0
2600,'5461',653,,101065,1,,,0,67,,89622,1,,,0,22,,89604,1,,,0,63,,89598,1,,,0,22,,89616,1,,,0,20,,89623,1,,,0,67,,89605,1,,,0,22,,89599,1,,,0,20,,89617,1,,,0,64,,89608,1,,,0,19,,101061,1,,,0,18,,89606,1,,,0,58,,89602,1,,,0,19,,89615,1,,,0,19,,89603,1,,,0,59,,89620,1,,,0,18,,101062,1,,,0,18,,101066,1,,,0,58,,89610,1,,,0,18,,89613,1,,,0,20,,89611,1,,,0,58,,89621,1,,,0,18,,101063,1,,,0,18,,101067,1,,,0,18,,101064,1,,,0,57,,89612,1,,,0,18,,89628,1,,,0,18,,89632,1,,,0,57,,101069,1,,,0,18,,89634,1,,,0,18,,101070,1,,,0,58,,89630,1,,,0,17,,89626,1,,,0,17,,89635,1,,,0,17,,101068,1,,,0,60,,89633,1,,,0,19,,89629,1,,,0,20,,101071,1,,,0,59,,101074,1,,,0,20,,101073,1,,,0,19,,101076,1,,,0,60,,89638,1,,,0,20,,101075,1,,,0,20,,101077,1,,,0,60,,101072,1,,,0,30,,101078,1,,,0,70,,89643,1,,,0,30,,101079,1,,,0,70,,101080,1,,,0,38,,101081,1,,,0
2600,'5462',653,,101086,1,,,0,67,,89672,1,,,0,22,,89654,1,,,0,63,,89648,1,,,0,22,,89666,1,,,0,20,,89673,1,,,0,67,,89655,1,,,0,22,,89649,1,,,0,20,,89667,1,,,0,64,,89658,1,,,0,19,,101082,1,,,0,18,,89656,1,,,0,58,,89652,1,,,0,19,,89665,1,,,0,19,,89653,1,,,0,59,,89670,1,,,0,18,,101083,1,,,0,18,,101087,1,,,0,58,,89660,1,,,0,18,,89663,1,,,0,20,,89661,1,,,0,58,,89671,1,,,0,18,,101084,1,,,0,18,,101088,1,,,0,18,,101085,1,,,0,57,,89662,1,,,0,18,,89678,1,,,0,18,,89682,1,,,0,57,,101090,1,,,0,18,,89684,1,,,0,18,,101091,1,,,0,58,,89680,1,,,0,17,,89676,1,,,0,17,,89685,1,,,0,17,,101089,1,,,0,60,,89683,1,,,0,19,,89679,1,,,0,20,,101092,1,,,0,59,,101095,1,,,0,20,,101094,1,,,0,19,,101097,1,,,0,60,,89688,1,,,0,20,,101096,1,,,0,20,,101098,1,,,0,60,,101093,1,,,0,30,,101099,1,,,0,70,,89693,1,,,0,30,,101100,1,,,0,70,,101101,1,,,0,38,,101102,1,,,0
2600,'5463',653,,101107,1,,,0,67,,89722,1,,,0,22,,89704,1,,,0,63,,89698,1,,,0,22,,89716,1,,,0,20,,89723,1,,,0,67,,89705,1,,,0,22,,89699,1,,,0,20,,89717,1,,,0,64,,89708,1,,,0,19,,101103,1,,,0,18,,89706,1,,,0,58,,89702,1,,,0,19,,89715,1,,,0,19,,89703,1,,,0,59,,89720,1,,,0,18,,101104,1,,,0,18,,101108,1,,,0,58,,89710,1,,,0,18,,89713,1,,,0,20,,89711,1,,,0,58,,89721,1,,,0,18,,101105,1,,,0,18,,101109,1,,,0,18,,101106,1,,,0,57,,89712,1,,,0,18,,89728,1,,,0,18,,89732,1,,,0,57,,101111,1,,,0,18,,89734,1,,,0,18,,101112,1,,,0,58,,89730,1,,,0,17,,89726,1,,,0,17,,89735,1,,,0,17,,101110,1,,,0,60,,89733,1,,,0,19,,89729,1,,,0,20,,101113,1,,,0,59,,101116,1,,,0,20,,101115,1,,,0,19,,101118,1,,,0,60,,89738,1,,,0,20,,101117,1,,,0,20,,101119,1,,,0,60,,101114,1,,,0,30,,101120,1,,,0,70,,89743,1,,,0,30,,101121,1,,,0,70,,101122,1,,,0,38,,101123,1,,,0
2601,'5456',625,,89748,43,4,,0,24,,89749,43,4,,0,58,,101124,43,4,,0,17,,89751,43,4,,0,15,,89752,43,4,,0,15,,101125,43,4,,0,56,,101126,43,4,,0,19,,89755,43,4,,0,16,,89756,43,4,,0,12,,101127,43,4,,0,50,,89758,43,4,,0,14,,89759,43,4,,0,14,,101128,43,4,,0,13,,101129,43,4,,0,55,,101130,43,4,,0,15,,89763,43,4,,0,15,,89764,43,4,,0,15,,89765,43,4,,0,56,,101131,43,4,,0,15,,101132,43,4,,0,15,,101133,43,4,,0,15,,89769,43,4,,0,56,,101134,43,4,,0,15,,89771,43,4,,0,15,,89772,43,4,,0,16,,89773,43,4,,0,54,,89774,43,4,,0,15,,89775,43,4,,0,16,,101135,43,4,,0,15,,89777,43,4,,0,54,,89778,43,4,,0,13,,89779,43,4,,0,15,,89780,43,4,,0,12,,101136,43,4,,0,55,,89782,43,4,,0,15,,89783,43,4,,0,14,,89784,43,4,,0,16,,89785,43,4,,0,14,,101137,43,4,,0,55,,89787,43,4,,0,14,,101138,43,4,,0,16,,101139,43,4,,0,57,,89790,43,4,,0,16,,101140,43,4,,0,16,,89792,43,4,,0,15,,89793,43,4,,0,55,,89794,43,4,,0,13,,89795,43,4,,0,17,,101141,43,4,,0,16,,101142,43,4,,0,52,,101143,43,4,,0,15,,89799,43,4,,0,14,,89800,43,4,,0,16,,101144,43,4,,0,55,,89802,43,4,,0,20,,101145,43,4,,0,19,,101146,43,4,,0,60,,89805,43,4,,0,17,,89806,43,4,,0,20,,89807,43,4,,0,20,,89808,43,4,,0,69,,101147,43,4,,0,31,,89810,43,4,,0,70,,89811,43,4,,0,28,,101148,43,4,,0,68,,89813,43,4,,0,31,,89814,43,4,,0
2601,'5458',625,,89815,43,4,,0,24,,89816,43,4,,0,58,,101149,43,4,,0,17,,89818,43,4,,0,15,,89819,43,4,,0,15,,101150,43,4,,0,56,,101151,43,4,,0,19,,89822,43,4,,0,16,,89823,43,4,,0,12,,101152,43,4,,0,50,,89825,43,4,,0,14,,89826,43,4,,0,14,,101153,43,4,,0,13,,101154,43,4,,0,55,,101155,43,4,,0,15,,89830,43,4,,0,15,,89831,43,4,,0,15,,89832,43,4,,0,56,,101156,43,4,,0,15,,101157,43,4,,0,15,,101158,43,4,,0,15,,89836,43,4,,0,56,,101159,43,4,,0,15,,89838,43,4,,0,15,,89839,43,4,,0,16,,89840,43,4,,0,54,,89841,43,4,,0,15,,89842,43,4,,0,16,,101160,43,4,,0,15,,89844,43,4,,0,54,,89845,43,4,,0,13,,89846,43,4,,0,15,,89847,43,4,,0,12,,101161,43,4,,0,55,,89849,43,4,,0,15,,89850,43,4,,0,14,,89851,43,4,,0,16,,89852,43,4,,0,14,,101162,43,4,,0,55,,89854,43,4,,0,14,,101163,43,4,,0,16,,101164,43,4,,0,57,,89857,43,4,,0,16,,101165,43,4,,0,16,,89859,43,4,,0,15,,89860,43,4,,0,55,,89861,43,4,,0,13,,89862,43,4,,0,17,,101166,43,4,,0,16,,101167,43,4,,0,52,,101168,43,4,,0,15,,89866,43,4,,0,14,,89867,43,4,,0,16,,101169,43,4,,0,55,,89869,43,4,,0,20,,101170,43,4,,0,19,,101171,43,4,,0,60,,89872,43,4,,0,17,,89873,43,4,,0,20,,89874,43,4,,0,20,,89875,43,4,,0,69,,101172,43,4,,0,31,,89877,43,4,,0,70,,89878,43,4,,0,28,,101173,43,4,,0,68,,89880,43,4,,0,31,,89881,43,4,,0,69,,101174,43,4,,0
2601,'5459',650,,89884,43,4,,0,70,,89885,43,4,,0,27,,101176,43,4,,0,57,,89887,43,4,,0,17,,89888,43,4,,0,17,,89889,43,4,,0,19,,89890,43,4,,0,59,,101177,43,4,,0,18,,89892,43,4,,0,17,,101178,43,4,,0,58,,89894,43,4,,0,17,,89895,43,4,,0,18,,89896,43,4,,0,57,,89897,43,4,,0,17,,89898,43,4,,0,19,,101179,43,4,,0,17,,89900,43,4,,0,58,,101175,43,4,,0,17,,101180,43,4,,0,17,,89902,43,4,,0,57,,89903,43,4,,0,17,,89904,43,4,,0,17,,101181,43,4,,0,16,,89906,43,4,,0,57,,89907,43,4,,0,17,,101182,43,4,,0,17,,101183,43,4,,0,57,,89910,43,4,,0,17,,89911,43,4,,0,16,,101184,43,4,,0,17,,89913,43,4,,0,56,,89914,43,4,,0,15,,89915,43,4,,0,16,,101185,43,4,,0,17,,89917,43,4,,0,57,,89918,43,4,,0,16,,101186,43,4,,0,17,,101187,43,4,,0,57,,89921,43,4,,0,20,,101188,43,4,,0,20,,89923,43,4,,0,59,,89924,43,4,,0,19,,101189,43,4,,0,20,,89926,43,4,,0,19,,101190,43,4,,0,58,,89928,43,4,,0,20,,89929,43,4,,0,19,,101191,43,4,,0,60,,89931,43,4,,0,19,,101192,43,4,,0,20,,89933,43,4,,0,60,,89934,43,4,,0,19,,101193,43,4,,0,21,,89936,43,4,,0,70,,101194,43,4,,0,30,,89938,43,4,,0,68,,89939,43,4,,0,30,,101195,43,4,,0,72,,89941,43,4,,0
2601,'5460',710,,101199,43,4,,0,22,,101197,43,4,,0,23,,89942,43,4,,0,62,,89961,43,4,,0,20,,101200,43,4,,0,67,,101196,43,4,,0,22,,89944,43,4,,0,20,,89962,43,4,,0,64,,101198,43,4,,0,19,,89945,43,4,,0,18,,89949,43,4,,0,58,,89943,43,4,,0,19,,89963,43,4,,0,18,,89947,43,4,,0,59,,101202,43,4,,0,18,,89946,43,4,,0,18,,89950,43,4,,0,18,,89948,43,4,,0,58,,89959,43,4,,0,19,,89956,43,4,,0,18,,101203,43,4,,0,58,,89953,43,4,,0,18,,89964,43,4,,0,18,,89957,43,4,,0,58,,89960,43,4,,0,18,,89958,43,4,,0,18,,101201,43,4,,0,17,,89954,43,4,,0,58,,89978,43,4,,0,18,,89973,43,4,,0,18,,89977,43,4,,0,57,,89971,43,4,,0,17,,101204,43,4,,0,17,,89970,43,4,,0,60,,89976,43,4,,0,19,,89974,43,4,,0,20,,89975,43,4,,0,19,,89979,43,4,,0,60,,89972,43,4,,0,19,,89982,43,4,,0,19,,89988,43,4,,0,60,,89984,43,4,,0,20,,89987,43,4,,0,20,,89983,43,4,,0,59,,89981,43,4,,0,20,,89985,43,4,,0,22,,101205,43,4,,0,70,,89989,43,4,,0,29,,89990,43,4,,0,68,,101206,43,4,,0,30,,89992,43,4,,0
2601,'5461',710,,90016,43,4,,0,22,,90003,43,4,,0,23,,89993,43,4,,0,62,,90012,43,4,,0,20,,90017,43,4,,0,67,,90002,43,4,,0,22,,89995,43,4,,0,20,,90013,43,4,,0,64,,90006,43,4,,0,19,,101207,43,4,,0,18,,90000,43,4,,0,58,,89994,43,4,,0,19,,90014,43,4,,0,18,,89998,43,4,,0,59,,90019,43,4,,0,18,,101208,43,4,,0,18,,101209,43,4,,0,18,,89999,43,4,,0,58,,90010,43,4,,0,19,,90007,43,4,,0,18,,90020,43,4,,0,58,,101210,43,4,,0,18,,101213,43,4,,0,18,,101212,43,4,,0,58,,90011,43,4,,0,18,,90009,43,4,,0,18,,90018,43,4,,0,17,,101211,43,4,,0,58,,90029,43,4,,0,18,,101216,43,4,,0,18,,90028,43,4,,0,57,,90022,43,4,,0,17,,90031,43,4,,0,17,,101214,43,4,,0,60,,90027,43,4,,0,19,,101217,43,4,,0,20,,101218,43,4,,0,19,,101219,43,4,,0,60,,101215,43,4,,0,19,,101221,43,4,,0,19,,90039,43,4,,0,60,,101223,43,4,,0,20,,101224,43,4,,0,20,,101222,43,4,,0,59,,101220,43,4,,0,20,,90036,43,4,,0,22,,90037,43,4,,0,70,,101225,43,4,,0,29,,101226,43,4,,0,68,,101227,43,4,,0,30,,101228,43,4,,0
2601,'5462',710,,90067,43,4,,0,22,,90054,43,4,,0,23,,90044,43,4,,0,62,,90063,43,4,,0,20,,90068,43,4,,0,67,,90053,43,4,,0,22,,90046,43,4,,0,20,,90064,43,4,,0,64,,90057,43,4,,0,19,,101229,43,4,,0,18,,90051,43,4,,0,58,,90045,43,4,,0,19,,90065,43,4,,0,18,,90049,43,4,,0,59,,90070,43,4,,0,18,,101230,43,4,,0,18,,101231,43,4,,0,18,,90050,43,4,,0,58,,90061,43,4,,0,19,,90058,43,4,,0,18,,90071,43,4,,0,58,,101232,43,4,,0,18,,101235,43,4,,0,18,,101234,43,4,,0,58,,90062,43,4,,0,18,,90060,43,4,,0,18,,90069,43,4,,0,17,,101233,43,4,,0,58,,90080,43,4,,0,18,,101238,43,4,,0,18,,90079,43,4,,0,57,,90073,43,4,,0,17,,90082,43,4,,0,17,,101236,43,4,,0,60,,90078,43,4,,0,19,,101239,43,4,,0,20,,101240,43,4,,0,19,,101241,43,4,,0,60,,101237,43,4,,0,19,,101243,43,4,,0,19,,90090,43,4,,0,60,,101245,43,4,,0,20,,101246,43,4,,0,20,,101244,43,4,,0,59,,101242,43,4,,0,20,,90087,43,4,,0,22,,90088,43,4,,0,70,,101247,43,4,,0,29,,101248,43,4,,0,68,,101249,43,4,,0,30,,101250,43,4,,0
2601,'5463',710,,90118,43,4,,0,22,,90105,43,4,,0,23,,90095,43,4,,0,62,,90114,43,4,,0,20,,90119,43,4,,0,67,,90104,43,4,,0,22,,90097,43,4,,0,20,,90115,43,4,,0,64,,90108,43,4,,0,19,,101251,43,4,,0,18,,90102,43,4,,0,58,,90096,43,4,,0,19,,90116,43,4,,0,18,,90100,43,4,,0,59,,90121,43,4,,0,18,,101252,43,4,,0,18,,101253,43,4,,0,18,,90101,43,4,,0,58,,90112,43,4,,0,19,,90109,43,4,,0,18,,90122,43,4,,0,58,,101254,43,4,,0,18,,101257,43,4,,0,18,,101256,43,4,,0,58,,90113,43,4,,0,18,,90111,43,4,,0,18,,90120,43,4,,0,17,,101255,43,4,,0,58,,90131,43,4,,0,18,,101260,43,4,,0,18,,90130,43,4,,0,57,,90124,43,4,,0,17,,90133,43,4,,0,17,,101258,43,4,,0,60,,90129,43,4,,0,19,,101261,43,4,,0,20,,101262,43,4,,0,19,,101263,43,4,,0,60,,101259,43,4,,0,19,,101265,43,4,,0,19,,90141,43,4,,0,60,,101267,43,4,,0,20,,101268,43,4,,0,20,,101266,43,4,,0,59,,101264,43,4,,0,20,,90138,43,4,,0,22,,90139,43,4,,0,70,,101269,43,4,,0,29,,101270,43,4,,0,68,,101271,43,4,,0,30,,101272,43,4,,0
4000,'5456',632,,102555,1,,,0,80,,92842,1,,,0,27,,92840,1,,,0,65,,102554,1,,,0,108,,102549,1,,,0,103,,102550,1,,,0,98,,102547,1,,,0,101,,102552,1,,,0,98,,92828,1,,,0,97,,102551,1,,,0,96,,92827,1,,,0,44,,102545,1,,,0,69,,102548,1,,,0,34,,102544,1,,,0,76,,102546,1,,,0,95,,102553,1,,,0,103,,92829,1,,,0,130,,92831,1,,,0,384,,102543,1,,,0
4000,'5458',632,,102568,1,,,0,80,,92861,1,,,0,27,,92859,1,,,0,65,,102567,1,,,0,108,,102562,1,,,0,103,,102563,1,,,0,98,,102560,1,,,0,101,,102565,1,,,0,98,,92847,1,,,0,97,,102564,1,,,0,96,,92846,1,,,0,44,,102558,1,,,0,69,,102561,1,,,0,34,,102557,1,,,0,76,,102559,1,,,0,95,,102566,1,,,0,103,,92848,1,,,0,130,,92850,1,,,0,384,,102556,1,,,0
4000,'5459',710,,92871,1,,,0,130,,92872,1,,,0,100,,92862,1,,,0,100,,92865,1,,,0,100,,92867,1,,,0,100,,92873,1,,,0,100,,102569,1,,,0,100,,102570,1,,,0,100,,102572,1,,,0,100,,92874,1,,,0,100,,102571,1,,,0,100,,92870,1,,,0,100,,92869,1,,,0,95,,102573,1,,,0
4000,'5460',805,,92877,1,,,0,135,,92876,1,,,0,100,,92878,1,,,0,100,,92879,1,,,0,100,,92880,1,,,0,100,,92881,1,,,0,100,,102576,1,,,0,100,,102575,1,,,0,100,,102574,1,,,0,100,,102577,1,,,0,100,,92886,1,,,0,100,,92887,1,,,0
4000,'5461',805,,102578,1,,,0,135,,92888,1,,,0,100,,102579,1,,,0,100,,92891,1,,,0,100,,92892,1,,,0,100,,92893,1,,,0,100,,102582,1,,,0,100,,102581,1,,,0,100,,102580,1,,,0,100,,102583,1,,,0,100,,92898,1,,,0,100,,92899,1,,,0
4000,'5462',805,,102584,1,,,0,135,,92900,1,,,0,100,,102585,1,,,0,100,,92903,1,,,0,100,,92904,1,,,0,100,,92905,1,,,0,100,,102588,1,,,0,100,,102587,1,,,0,100,,102586,1,,,0,100,,102589,1,,,0,100,,92910,1,,,0,100,,92911,1,,,0
4000,'5463',805,,102590,1,,,0,135,,92912,1,,,0,100,,102591,1,,,0,100,,92915,1,,,0,100,,92916,1,,,0,100,,92917,1,,,0,100,,102594,1,,,0,100,,102593,1,,,0,100,,102592,1,,,0,100,,102595,1,,,0,100,,92922,1,,,0,100,,92923,1,,,0
4001,'5456',616,,102606,37,4,,0,100,,92940,37,4,,0,28,,102605,37,4,,0,97,,92939,37,4,,0,94,,92935,37,4,,0,99,,92933,37,4,,0,100,,102604,37,4,,0,104,,102598,37,4,,0,102,,102601,37,4,,0,101,,92927,37,4,,0,111,,102603,37,4,,0,75,,102597,37,4,,0,74,,92926,37,4,,0,31,,102596,37,4,,0,73,,102602,37,4,,0,43,,102599,37,4,,0,94,,102600,37,4,,0,98,,92929,37,4,,0,164,,92931,37,4,,0
4001,'5458',616,,102617,37,4,,0,100,,92959,37,4,,0,28,,102616,37,4,,0,97,,92958,37,4,,0,94,,92954,37,4,,0,99,,92952,37,4,,0,100,,102615,37,4,,0,104,,102609,37,4,,0,102,,102612,37,4,,0,101,,92946,37,4,,0,111,,102614,37,4,,0,75,,102608,37,4,,0,74,,92945,37,4,,0,31,,102607,37,4,,0,73,,102613,37,4,,0,43,,102610,37,4,,0,94,,102611,37,4,,0,98,,92948,37,4,,0,164,,92950,37,4,,0
4001,'5459',654,,92971,37,4,,0,168,,92974,37,4,,0,102,,92962,37,4,,0,100,,92964,37,4,,0,101,,92970,37,4,,0,101,,92972,37,4,,0,100,,102618,37,4,,0,101,,102619,37,4,,0,100,,102621,37,4,,0,100,,102622,37,4,,0,100,,102620,37,4,,0,97,,92967,37,4,,0,99,,92969,37,4,,0,97,,102623,37,4,,0,130,,102624,37,4,,0
4001,'5460',750,,92978,37,4,,0,173,,92977,37,4,,0,101,,92979,37,4,,0,100,,92980,37,4,,0,102,,92982,37,4,,0,100,,92981,37,4,,0,101,,102628,37,4,,0,100,,102626,37,4,,0,100,,102627,37,4,,0,99,,102625,37,4,,0,97,,92988,37,4,,0,99,,92987,37,4,,0,98,,92989,37,4,,0
4001,'5461',750,,102629,37,4,,0,173,,92990,37,4,,0,101,,102630,37,4,,0,100,,92993,37,4,,0,102,,92995,37,4,,0,100,,92994,37,4,,0,101,,102634,37,4,,0,100,,102632,37,4,,0,100,,102633,37,4,,0,99,,102631,37,4,,0,97,,93001,37,4,,0,99,,93000,37,4,,0,98,,102635,37,4,,0
4001,'5462',750,,102636,37,4,,0,173,,93003,37,4,,0,101,,102637,37,4,,0,100,,93006,37,4,,0,102,,93008,37,4,,0,100,,93007,37,4,,0,101,,102641,37,4,,0,100,,102639,37,4,,0,100,,102640,37,4,,0,99,,102638,37,4,,0,97,,93014,37,4,,0,99,,93013,37,4,,0,98,,102642,37,4,,0
4001,'5463',750,,102643,37,4,,0,173,,93016,37,4,,0,101,,102644,37,4,,0,100,,93019,37,4,,0,102,,93021,37,4,,0,100,,93020,37,4,,0,101,,102648,37,4,,0,100,,102646,37,4,,0,100,,102647,37,4,,0,99,,102645,37,4,,0,97,,93027,37,4,,0,99,,93026,37,4,,0,98,,102649,37,4,,0
4600,'5456',622,,102654,37,4,,0,20,,93037,37,4,,0,73,,93046,37,4,,0,30,,93048,37,4,,0,75,,93038,37,4,,0,96,,93035,37,4,,0,94,,93047,37,4,,0,339,,102656,37,4,,0,152,,93039,37,4,,0,33,,102657,37,4,,0,77,,93040,37,4,,0,95,,93041,37,4,,0,28,,102655,37,4,,0,87,,93043,37,4,,0
4600,'5458',622,,102658,37,4,,0,20,,93051,37,4,,0,73,,93060,37,4,,0,30,,93062,37,4,,0,75,,93052,37,4,,0,96,,93049,37,4,,0,94,,93061,37,4,,0,339,,102660,37,4,,0,152,,93053,37,4,,0,33,,102661,37,4,,0,77,,93054,37,4,,0,95,,93055,37,4,,0,28,,102659,37,4,,0,87,,93057,37,4,,0
4601,'5456',654,,93064,1,,,0,147,,93073,1,,,0,127,,93063,1,,,0,93,,93072,1,,,0,379,,102663,1,,,0,115,,93065,1,,,0,33,,102664,1,,,0,77,,93066,1,,,0,92,,93067,1,,,0,28,,102662,1,,,0,89,,93071,1,,,0
4601,'5458',654,,93076,1,,,0,147,,93085,1,,,0,127,,93075,1,,,0,93,,93084,1,,,0,379,,102667,1,,,0,115,,93077,1,,,0,33,,102668,1,,,0,77,,93078,1,,,0,92,,93079,1,,,0,28,,102666,1,,,0,89,,93083,1,,,0
