2401,'5456',504,,100724,17,,,0,50,,100725,17,,,0,89,,100726,17,,,0,84,,89030,17,,,0,32,,100727,17,,,0,96,,100728,17,,,0,147,,100729,17,,,0,100,,100730,17,,,0,99,,100731,17,,,0,100,,100732,17,,,0,111,,100733,17,,,0,100,,100734,17,,,0,88,,100735,17,,,0,51,,100736,17,,,0,79,,100737,17,,,0,91,,100738,17,,,0,85,,100739,17,,,0,103,,100740,17,,,0,115,,100741,17,,,0,131,,100742,17,,,0,162,,100743,17,,,0
2401,'5458',504,,100744,17,,,0,50,,100745,17,,,0,89,,100746,17,,,0,84,,89051,17,,,0,32,,100747,17,,,0,96,,100748,17,,,0,147,,100749,17,,,0,100,,100750,17,,,0,99,,100751,17,,,0,100,,100752,17,,,0,111,,100753,17,,,0,100,,100754,17,,,0,88,,100755,17,,,0,51,,100756,17,,,0,79,,100757,17,,,0,91,,100758,17,,,0,85,,100759,17,,,0,103,,100760,17,,,0,115,,100761,17,,,0,131,,100762,17,,,0,162,,100763,17,,,0
2401,'5459',653,,100765,17,,,0,106,,100764,17,,,0,144,,100766,17,,,0,100,,89072,17,,,0,101,,89069,17,,,0,98,,89070,17,,,0,55,,89071,17,,,0,100,,89078,17,,,0,98,,89073,17,,,0,103,,100767,17,,,0,144,,100768,17,,,0,128,,100769,17,,,0,124,,89081,17,,,0,170,,100770,17,,,0,131,,89083,17,,,0,162,,100771,17,,,0
2401,'5460',759,,89085,17,,,0,170,,89086,17,,,0,171,,100772,17,,,0,127,,100773,17,,,0,131,,100774,17,,,0,172,,100775,17,,,0,170,,100776,17,,,0,129,,100777,17,,,0,130,,100778,17,,,0,165,,100779,17,,,0,130,,100780,17,,,0
2401,'5461',759,,100781,17,,,0,170,,100782,17,,,0,171,,100783,17,,,0,127,,100784,17,,,0,131,,100785,17,,,0,172,,100786,17,,,0,170,,100787,17,,,0,129,,100788,17,,,0,130,,89104,17,,,0,165,,89105,17,,,0,130,,100789,17,,,0
2401,'5462',759,,100790,17,,,0,170,,100791,17,,,0,171,,100792,17,,,0,127,,100793,17,,,0,131,,100794,17,,,0,172,,100795,17,,,0,170,,100796,17,,,0,129,,100797,17,,,0,130,,89115,17,,,0,165,,89116,17,,,0,130,,100798,17,,,0
2401,'5463',759,,100799,17,,,0,170,,100800,17,,,0,171,,100801,17,,,0,127,,100802,17,,,0,131,,100803,17,,,0,172,,100804,17,,,0,170,,100805,17,,,0,129,,100806,17,,,0,130,,89126,17,,,0,165,,89127,17,,,0,130,,100807,17,,,0
2501,'5456',623,,100880,23,,,0,80,,100881,23,,,0,36,,89230,23,0,6 7,0,79,,89233,23,,,0,114,,100882,23,,,0,100,,100883,23,,,0,99,,100884,23,,,0,100,,100885,23,,,0,100,,100886,23,,,0,106,,100887,23,,,0,93,,100888,23,,,0,100,,89239,23,,,0,80,,89240,23,,,0,45,,100889,23,,,0,86,,100890,23,,,0,95,,100891,23,,,0,103,,100892,23,,,0,171,,100893,23,,,0,130,,100894,23,,,0
2501,'5458',623,,100895,23,,,0,80,,100896,23,,,0,36,,89249,23,0,6 7,0,79,,89252,23,,,0,114,,100897,23,,,0,100,,100898,23,,,0,99,,100899,23,,,0,100,,100900,23,,,0,100,,100901,23,,,0,106,,100902,23,,,0,93,,100903,23,,,0,100,,89258,23,,,0,80,,89259,23,,,0,45,,100904,23,,,0,86,,100905,23,,,0,95,,100906,23,,,0,103,,100907,23,,,0,171,,100908,23,,,0,130,,100909,23,,,0
2501,'5459',729,,100912,23,,,0,99,,100910,23,,,0,105,,89268,23,,,0,102,,100911,23,,,0,97,,100913,23,,,0,95,,89272,23,,,0,100,,89271,23,,,0,98,,89270,23,,,0,100,,89273,23,,,0,102,,89274,23,,,0,118,,89276,23,,,0,169,,100914,23,,,0,126,,100915,23,,,0,170,,100916,23,,,0,130,,100917,23,,,0
2501,'5460',844,,100919,23,,,0,171,,100918,23,,,0,127,,100920,23,,,0,170,,100921,23,,,0,131,,100922,23,,,0,172,,100923,23,,,0,129,,100924,23,,,0,170,,100925,23,,,0,130,,100926,23,,,0,166,,100927,23,,,0,129,,100928,23,,,0
2501,'5461',844,,100930,23,,,0,171,,100929,23,,,0,127,,100931,23,,,0,170,,100932,23,,,0,131,,100933,23,,,0,172,,100934,23,,,0,129,,100935,23,,,0,170,,100936,23,,,0,130,,100937,23,,,0,166,,100938,23,,,0,129,,100939,23,,,0
2501,'5462',844,,100941,23,,,0,171,,100940,23,,,0,127,,100942,23,,,0,170,,100943,23,,,0,131,,100944,23,,,0,172,,100945,23,,,0,129,,100946,23,,,0,170,,100947,23,,,0,130,,100948,23,,,0,166,,100949,23,,,0,129,,100950,23,,,0
2501,'5463',844,,100952,23,,,0,171,,100951,23,,,0,127,,100953,23,,,0,170,,100954,23,,,0,131,,100955,23,,,0,172,,100956,23,,,0,129,,100957,23,,,0,170,,100958,23,,,0,130,,100959,23,,,0,166,,100960,23,,,0,129,,100961,23,,,0
