2200,'5456',621,,88565,38,,,0,30,,88567,38,,,0,70,,88566,38,,,0,32,,88569,38,,,0,74,,88568,38,,,0,22,,88572,38,,,0,69,,88570,38,,,0,102,,88571,38,,,0,26,,88573,38,,,0,70,,88574,38,,,0,103,,88577,38,0,21 22,0,30,,88575,38,0,21 22,0,70,,88578,38,0,21 22,0,30,,88579,38,0,21 22,0,101,,88580,38,0,21 22,0,63,,88593,8,,,0,8,,88581,38,0,21 22,0,36,,88582,38,0,21 22,0,102,,88583,38,0,21 22,0,96,,88584,38,0,21 22,0,68,,88585,38,,,0,24,,88586,38,,,0,98,,88587,38,,,0,70,,88588,38,,,0,29,,88589,38,,,0,68,,88590,38,,,0
2200,'5458',621,,88594,38,,,0,30,,88596,38,,,0,70,,88595,38,,,0,32,,88598,38,,,0,74,,88597,38,,,0,22,,88601,38,,,0,69,,88599,38,,,0,102,,88600,38,,,0,26,,88602,38,,,0,70,,88603,38,,,0,103,,88606,38,0,21 22,0,30,,88604,38,0,21 22,0,70,,88607,38,0,21 22,0,30,,88608,38,0,21 22,0,63,,88611,8,,,0,38,,88609,38,0,21 22,0,71,,88610,38,0,21 22,0,36,,88612,38,0,21 22,0,102,,88613,38,0,21 22,0,96,,88614,38,0,21 22,0,68,,88615,38,,,0,24,,88616,38,,,0,98,,88617,38,,,0,70,,88618,38,,,0,29,,88619,38,,,0,68,,88620,38,,,0
2200,'5459',709,,88642,38,,,0,40,,88628,38,,,0,80,,88632,38,,,0,80,,88645,38,,,0,32,,88629,38,,,0,70,,88623,38,,,0,32,,88630,38,,,0,72,,88644,38,,,0,31,,88627,38,,,0,71,,88626,38,,,0,31,,88631,38,,,0,70,,88624,38,,,0,31,,88649,38,,,0,70,,88625,38,,,0,30,,88638,38,,,0,70,,88634,38,,,0,30,,88637,38,,,0,69,,88648,38,,,0,29,,88639,38,,,0,71,,88633,38,,,0,30,,88641,38,,,0,72,,88640,38,,,0,30,,88636,38,,,0,68,,88635,38,,,0,29,,88650,38,,,0,69,,88651,38,,,0,27,,88647,38,,,0,68,,88643,38,,,0
2200,'5460',758,,88656,38,,,0,101,,88657,38,,,0,81,,88658,38,,,0,71,,88653,38,,,0,32,,88654,38,,,0,70,,88655,38,,,0,30,,88660,38,,,0,69,,88661,38,,,0,32,,88659,38,,,0,70,,88662,38,,,0,30,,88663,38,,,0,70,,88671,38,,,0,31,,88670,38,,,0,70,,88664,38,,,0,30,,88665,38,,,0,70,,88666,38,,,0,30,,88667,38,,,0,72,,88668,38,,,0,30,,88669,38,,,0,69,,88672,38,,,0,29,,88673,38,,,0,68,,88674,38,,,0,30,,88675,38,,,0,114,,88676,21,,,0
2200,'5461',758,,88680,38,,,0,101,,88681,38,,,0,81,,88682,38,,,0,71,,88677,38,,,0,32,,88678,38,,,0,70,,88679,38,,,0,30,,88684,38,,,0,69,,88685,38,,,0,32,,88683,38,,,0,70,,88686,38,,,0,30,,88687,38,,,0,70,,88695,38,,,0,31,,88694,38,,,0,70,,88688,38,,,0,30,,88689,38,,,0,70,,88690,38,,,0,30,,88691,38,,,0,72,,88692,38,,,0,30,,88693,38,,,0,69,,88696,38,,,0,29,,88697,38,,,0,68,,88698,38,,,0,30,,88699,38,,,0,114,,88700,21,,,0
2200,'5462',758,,88704,38,,,0,101,,88705,38,,,0,81,,88706,38,,,0,71,,88701,38,,,0,32,,88702,38,,,0,70,,88703,38,,,0,30,,88708,38,,,0,69,,88709,38,,,0,32,,88707,38,,,0,70,,88710,38,,,0,30,,88711,38,,,0,70,,88719,38,,,0,31,,88718,38,,,0,70,,88712,38,,,0,30,,88713,38,,,0,70,,88714,38,,,0,30,,88715,38,,,0,72,,88716,38,,,0,30,,88717,38,,,0,69,,88720,38,,,0,29,,88721,38,,,0,68,,88722,38,,,0,30,,88723,38,,,0,114,,88724,21,,,0
2200,'5463',758,,88728,38,,,0,101,,88729,38,,,0,81,,88730,38,,,0,71,,88725,38,,,0,32,,88726,38,,,0,70,,88727,38,,,0,30,,88732,38,,,0,69,,88733,38,,,0,32,,88731,38,,,0,70,,88734,38,,,0,30,,88735,38,,,0,70,,88743,38,,,0,31,,88742,38,,,0,70,,88736,38,,,0,30,,88737,38,,,0,70,,88738,38,,,0,30,,88739,38,,,0,72,,88740,38,,,0,30,,88741,38,,,0,69,,88744,38,,,0,29,,88745,38,,,0,68,,88746,38,,,0,30,,88747,38,,,0,114,,88748,21,,,0
1002200,'5456',950,,98195,38,,,0,196,,98196,38,0,21 22,0,272,,98197,38,0,21 22,0,210,,98198,38,0,21 22,0,98,,98199,38,0,21 22,0,193,,98200,38,0,21 22,0
1002200,'5458',950,,98201,38,,,0,196,,98202,38,0,21 22,0,272,,98203,38,0,21 22,0,210,,98204,38,0,21 22,0,98,,98205,38,0,21 22,0,193,,98206,38,0,21 22,0
14002100,'5456',2126,,98507,23,,,0,30,,98504,23,,,0,70,,98506,23,,,0,99,,98508,23,,,0,98,,98505,23,,,0
14002100,'5458',2126,,98512,23,,,0,30,,98509,23,,,0,70,,98511,23,,,0,99,,98513,23,,,0,98,,98510,23,,,0
14002100,'5459',2126,,98514,23,,,0,30,,98515,23,,,0,70,,98516,23,,,0,102,,98517,23,,,0,98,,98518,23,,,0
14002100,'5460',2128,,98519,23,,,0,100,,98520,23,,,0,99,,98521,23,,,0
14002100,'5461',2128,,98522,23,,,0,100,,98523,23,,,0,99,,98524,23,,,0
14002100,'5462',2128,,98525,23,,,0,100,,98526,23,,,0,99,,98527,23,,,0
14002100,'5463',2128,,98528,23,,,0,100,,98529,23,,,0,99,,98530,23,,,0
