2701,'5456',537,,90458,25,,,0,82,,90459,25,,,0,28,,90460,25,,,0,62,,90461,25,,,0,31,,90462,25,,,0,65,,90463,25,,,0,23,,90464,25,,,0,29,,90465,25,,,0,60,,90466,25,,,0,23,,90467,25,,,0,64,,90468,25,,,0,24,,90469,25,,,0,26,,90470,25,,,0,66,,90471,25,,,0,28,,90472,25,,,0,67,,90473,25,,,0,26,,90474,25,,,0,66,,90475,25,,,0,26,,90476,25,,,0,26,,90477,25,,,0,65,,90478,25,,,0,26,,90479,25,,,0,66,,90480,25,,,0,21,,90514,25,,,0,7,,90481,25,,,0,61,,90482,25,,,0,33,,90483,25,,,0,71,,90484,25,,,0,33,,90485,25,,,0,67,,90486,25,,,0,14,,90487,25,,,0,12,,90488,25,,,0,15,,90489,25,,,0,55,,90490,25,,,0,16,,90491,25,,,0,19,,90492,25,,,0,63,,90493,25,,,0,26,,90494,25,,,0,28,,90495,25,,,0,69,,90496,25,,,0,26,,90497,25,,,0,69,,90498,25,,,0,30,,90499,25,,,0,76,,90500,25,,,0,79,,90501,25,,,0,37,,90502,25,,,0
2701,'5458',537,,90515,25,,,0,82,,90516,25,,,0,28,,90517,25,,,0,62,,90518,25,,,0,31,,90519,25,,,0,65,,90520,25,,,0,23,,90521,25,,,0,29,,90522,25,,,0,60,,90523,25,,,0,23,,90524,25,,,0,64,,90525,25,,,0,24,,90526,25,,,0,26,,90527,25,,,0,66,,90528,25,,,0,28,,90529,25,,,0,67,,90530,25,,,0,26,,90531,25,,,0,66,,90532,25,,,0,26,,90533,25,,,0,26,,90534,25,,,0,64,,90536,25,,,0,1,,101384,25,,,0,26,,90537,25,,,0,66,,90538,25,,,0,21,,90575,25,,,0,68,,101385,25,,,0,33,,90540,25,,,0,71,,90541,25,,,0,33,,90542,25,,,0,67,,90543,25,,,0,14,,90544,25,,,0,12,,101386,25,,,0,15,,101387,25,,,0,55,,90547,25,,,0,16,,101388,25,,,0,19,,90549,25,,,0,63,,101389,25,,,0,26,,90551,25,,,0,28,,90552,25,,,0,69,,101390,25,,,0,26,,90554,25,,,0,69,,90555,25,,,0,30,,101391,25,,,0,76,,101392,25,,,0,79,,101393,25,,,0,37,,101394,25,,,0,81,,101395,25,,,0,80,,101396,25,,,0
2701,'5459',640,,101401,25,,,0,81,,101402,25,,,0,30,,101403,25,,,0,70,,101404,25,,,0,30,,101405,25,,,0,66,,101406,25,,,0,27,,101407,25,,,0,68,,101408,25,,,0,27,,101409,25,,,0,65,,90585,25,,,0,22,,101410,25,,,0,22,,101411,25,,,0,62,,101412,25,,,0,21,,90589,25,,,0,22,,101413,25,,,0,63,,101414,25,,,0,24,,101415,25,,,0,62,,90593,25,,,0,24,,101416,25,,,0,23,,101417,25,,,0,61,,90596,25,,,0,21,,101418,25,,,0,21,,90598,25,,,0,62,,101419,25,,,0,20,,90600,25,,,0,20,,101420,25,,,0,60,,90602,25,,,0,21,,101421,25,,,0,20,,101422,25,,,0,60,,90605,25,,,0,18,,101423,25,,,0,20,,90607,25,,,0,60,,101424,25,,,0,21,,90609,25,,,0,66,,101425,25,,,0,26,,101426,25,,,0,28,,101427,25,,,0,70,,101428,25,,,0,29,,101429,25,,,0,69,,101430,25,,,0,29,,101431,25,,,0,71,,101432,25,,,0,31,,101433,25,,,0,70,,101434,25,,,0,31,,101435,25,,,0,69,,101436,25,,,0,29,,101437,25,,,0,70,,101438,25,,,0
2701,'5460',710,,101441,25,,,0,43,,90628,25,,,0,71,,101442,25,,,0,29,,90630,25,,,0,71,,90631,25,,,0,31,,90626,25,,,0,72,,90632,25,,,0,25,,90633,25,,,0,67,,90634,25,,,0,27,,90635,25,,,0,65,,101443,25,,,0,25,,90637,25,,,0,64,,90638,25,,,0,23,,90639,25,,,0,22,,101444,25,,,0,63,,90641,25,,,0,24,,90642,25,,,0,23,,90643,25,,,0,62,,101445,25,,,0,23,,90645,25,,,0,63,,90646,25,,,0,23,,90647,25,,,0,23,,101446,25,,,0,62,,90649,25,,,0,23,,90650,25,,,0,23,,90651,25,,,0,63,,101447,25,,,0,22,,90653,25,,,0,63,,90654,25,,,0,26,,101448,25,,,0,25,,101449,25,,,0,68,,90657,25,,,0,28,,101450,25,,,0,70,,101451,25,,,0,29,,90660,25,,,0,75,,101452,25,,,0,82,,90662,25,,,0,37,,101453,25,,,0
2701,'5461',710,,90666,25,,,0,43,,90667,25,,,0,71,,90668,25,,,0,29,,90669,25,,,0,71,,101456,25,,,0,31,,101455,25,,,0,72,,90671,25,,,0,25,,101457,25,,,0,67,,101458,25,,,0,27,,90674,25,,,0,65,,101459,25,,,0,25,,90676,25,,,0,64,,90677,25,,,0,23,,90678,25,,,0,22,,101460,25,,,0,63,,90680,25,,,0,24,,90681,25,,,0,23,,90682,25,,,0,62,,101461,25,,,0,23,,90684,25,,,0,63,,90685,25,,,0,23,,90686,25,,,0,23,,101462,25,,,0,62,,90688,25,,,0,23,,90689,25,,,0,23,,90690,25,,,0,63,,101463,25,,,0,22,,90692,25,,,0,63,,90693,25,,,0,26,,90694,25,,,0,25,,101464,25,,,0,68,,90696,25,,,0,28,,90697,25,,,0,70,,101465,25,,,0,29,,90699,25,,,0,75,,101466,25,,,0,82,,90701,25,,,0,37,,101467,25,,,0
2701,'5462',710,,90705,25,,,0,43,,90706,25,,,0,71,,90707,25,,,0,29,,90708,25,,,0,71,,101470,25,,,0,31,,101469,25,,,0,72,,90710,25,,,0,25,,101471,25,,,0,67,,101472,25,,,0,27,,90713,25,,,0,65,,101473,25,,,0,25,,90715,25,,,0,64,,90716,25,,,0,23,,90717,25,,,0,22,,101474,25,,,0,63,,90719,25,,,0,24,,90720,25,,,0,23,,90721,25,,,0,62,,101475,25,,,0,23,,90723,25,,,0,63,,90724,25,,,0,23,,90725,25,,,0,23,,101476,25,,,0,62,,90727,25,,,0,23,,90728,25,,,0,23,,90729,25,,,0,63,,101477,25,,,0,22,,90731,25,,,0,63,,90732,25,,,0,26,,90733,25,,,0,25,,101478,25,,,0,68,,90735,25,,,0,28,,90736,25,,,0,70,,101479,25,,,0,29,,90738,25,,,0,75,,101480,25,,,0,82,,90740,25,,,0,37,,101481,25,,,0
2701,'5463',710,,90744,25,,,0,43,,90745,25,,,0,71,,90746,25,,,0,29,,90747,25,,,0,71,,101484,25,,,0,31,,101483,25,,,0,72,,90749,25,,,0,25,,101485,25,,,0,67,,101486,25,,,0,27,,90752,25,,,0,65,,101487,25,,,0,25,,90754,25,,,0,64,,90755,25,,,0,23,,90756,25,,,0,22,,101488,25,,,0,63,,90758,25,,,0,24,,90759,25,,,0,23,,90760,25,,,0,62,,101489,25,,,0,23,,90762,25,,,0,63,,90763,25,,,0,23,,90764,25,,,0,23,,101490,25,,,0,62,,90766,25,,,0,23,,90767,25,,,0,23,,90768,25,,,0,63,,101491,25,,,0,22,,90770,25,,,0,63,,90771,25,,,0,26,,90772,25,,,0,25,,101492,25,,,0,68,,90774,25,,,0,28,,90775,25,,,0,70,,101493,25,,,0,29,,90777,25,,,0,75,,101494,25,,,0,82,,90779,25,,,0,37,,101495,25,,,0
2801,'5456',605,,101599,30,,,0,28,,91091,30,,,0,26,,91092,30,,,0,62,,101600,30,,,0,13,,91094,30,,,0,12,,91095,30,,,0,11,,91096,30,,,0,52,,91097,30,,,0,12,,91098,30,,,0,12,,91099,30,,,0,15,,91100,30,,,0,59,,91101,30,,,0,21,,91102,30,,,0,25,,91103,30,,,0,64,,91104,30,,,0,24,,91105,30,,,0,66,,91106,30,,,0,27,,91107,30,,,0,67,,91108,30,,,0,27,,91109,30,,,0,26,,91110,30,,,0,66,,91111,30,,,0,26,,91112,30,,,0,66,,91113,30,,,0,26,,91114,30,,,0,64,,91115,30,,,0,27,,91116,30,,,0,21,,91117,30,,,0,72,,91118,30,,,0,32,,91119,30,,,0,61,,91137,30,,,0,13,,91120,30,,,0,29,,91121,30,,,0,173,,91122,30,,,0,20,,91123,30,,,0,66,,91124,30,,,0,29,,91125,30,,,0,66,,91126,30,,,0,26,,91127,30,,,0,69,,91128,30,,,0,30,,91129,30,,,0,71,,91130,30,,,0,38,,91131,30,,,0,77,,91132,30,,,0,80,,91133,30,,,0
2801,'5458',605,,101601,30,,,0,28,,91139,30,,,0,26,,91140,30,,,0,62,,101602,30,,,0,13,,91142,30,,,0,12,,91143,30,,,0,11,,91144,30,,,0,52,,91145,30,,,0,12,,91146,30,,,0,12,,91147,30,,,0,15,,91148,30,,,0,59,,91149,30,,,0,21,,91150,30,,,0,25,,91151,30,,,0,64,,91152,30,,,0,24,,91153,30,,,0,66,,91154,30,,,0,27,,91155,30,,,0,67,,91156,30,,,0,27,,91157,30,,,0,26,,91158,30,,,0,66,,91159,30,,,0,26,,91160,30,,,0,66,,91161,30,,,0,26,,91162,30,,,0,64,,91163,30,,,0,27,,91164,30,,,0,21,,91165,30,,,0,72,,91166,30,,,0,32,,91167,30,,,0,61,,91188,30,,,0,13,,91168,30,,,0,29,,91169,30,,,0,173,,91170,30,,,0,20,,91171,30,,,0,66,,101603,30,,,0,29,,101604,30,,,0,66,,91174,30,,,0,26,,101605,30,,,0,69,,101606,30,,,0,30,,91177,30,,,0,71,,101607,30,,,0,38,,91179,30,,,0,77,,101608,30,,,0,80,,91181,30,,,0,40,,101609,30,,,0
2801,'5459',701,,101612,30,,,0,35,,101613,30,,,0,70,,101614,30,,,0,30,,101611,30,,,0,68,,101615,30,,,0,27,,101616,30,,,0,27,,101617,30,,,0,67,,101618,30,,,0,26,,101619,30,,,0,63,,101620,30,,,0,23,,101621,30,,,0,22,,91200,30,,,0,62,,101622,30,,,0,21,,91202,30,,,0,62,,101623,30,,,0,24,,91204,30,,,0,22,,101624,30,,,0,65,,91206,30,,,0,21,,101625,30,,,0,64,,91208,30,,,0,20,,101626,30,,,0,20,,91210,30,,,0,63,,101627,30,,,0,20,,101628,30,,,0,21,,91213,30,,,0,60,,101629,30,,,0,20,,91215,30,,,0,21,,101630,30,,,0,60,,91217,30,,,0,20,,101631,30,,,0,18,,91219,30,,,0,61,,101632,30,,,0,20,,101633,30,,,0,23,,91222,30,,,0,66,,91223,30,,,0,27,,101634,30,,,0,69,,91225,30,,,0,30,,91226,30,,,0,69,,101635,30,,,0,28,,101636,30,,,0,69,,101637,30,,,0,33,,101638,30,,,0,70,,101639,30,,,0,30,,101640,30,,,0,71,,101641,30,,,0,28,,101642,30,,,0,70,,101643,30,,,0
2801,'5460',640,,91238,30,,,0,98,,91239,30,,,0,70,,91240,30,,,0,32,,91241,30,,,0,68,,91242,30,,,0,31,,101646,30,,,0,71,,91244,30,,,0,29,,101647,30,,,0,67,,101648,30,,,0,26,,91247,30,,,0,27,,91248,30,,,0,64,,91249,30,,,0,24,,91250,30,,,0,64,,91251,30,,,0,22,,91252,30,,,0,22,,91253,30,,,0,64,,91254,30,,,0,24,,91255,30,,,0,63,,91256,30,,,0,22,,91257,30,,,0,23,,91258,30,,,0,63,,91259,30,,,0,24,,91260,30,,,0,62,,101649,30,,,0,23,,91262,30,,,0,22,,91263,30,,,0,63,,91264,30,,,0,22,,101650,30,,,0,23,,91266,30,,,0,64,,101651,30,,,0,27,,101652,30,,,0,66,,101653,30,,,0,29,,101654,30,,,0,69,,101655,30,,,0,29,,101656,30,,,0,70,,101657,30,,,0,40,,101658,30,,,0,79,,101659,30,,,0,86,,101660,30,,,0
2801,'5461',640,,91277,30,,,0,98,,91278,30,,,0,70,,101661,30,,,0,32,,101662,30,,,0,68,,91281,30,,,0,31,,91282,30,,,0,71,,91283,30,,,0,29,,101663,30,,,0,67,,91285,30,,,0,26,,91286,30,,,0,27,,91287,30,,,0,64,,91288,30,,,0,24,,91289,30,,,0,64,,91290,30,,,0,22,,91291,30,,,0,22,,91292,30,,,0,64,,91293,30,,,0,24,,91294,30,,,0,63,,91295,30,,,0,22,,91296,30,,,0,23,,91297,30,,,0,63,,91298,30,,,0,24,,91299,30,,,0,62,,91300,30,,,0,23,,91301,30,,,0,22,,91302,30,,,0,63,,91303,30,,,0,22,,101664,30,,,0,23,,91305,30,,,0,64,,101665,30,,,0,27,,101666,30,,,0,66,,91308,30,,,0,29,,101667,30,,,0,69,,101668,30,,,0,29,,91311,30,,,0,70,,101669,30,,,0,40,,101670,30,,,0,79,,101671,30,,,0,86,,101672,30,,,0
2801,'5462',640,,91316,30,,,0,98,,91317,30,,,0,70,,101673,30,,,0,32,,101674,30,,,0,68,,91320,30,,,0,31,,91321,30,,,0,71,,91322,30,,,0,29,,101675,30,,,0,67,,91324,30,,,0,26,,91325,30,,,0,27,,91326,30,,,0,64,,91327,30,,,0,24,,91328,30,,,0,64,,91329,30,,,0,22,,91330,30,,,0,22,,91331,30,,,0,64,,91332,30,,,0,24,,91333,30,,,0,63,,91334,30,,,0,22,,91335,30,,,0,23,,91336,30,,,0,63,,91337,30,,,0,24,,91338,30,,,0,62,,91339,30,,,0,23,,91340,30,,,0,22,,91341,30,,,0,63,,91342,30,,,0,22,,101676,30,,,0,23,,91344,30,,,0,64,,101677,30,,,0,27,,101678,30,,,0,66,,91347,30,,,0,29,,101679,30,,,0,69,,101680,30,,,0,29,,91350,30,,,0,70,,101681,30,,,0,40,,101682,30,,,0,79,,101683,30,,,0,86,,101684,30,,,0
2801,'5463',640,,91355,30,,,0,98,,91356,30,,,0,70,,101685,30,,,0,32,,101686,30,,,0,68,,91359,30,,,0,31,,91360,30,,,0,71,,91361,30,,,0,29,,101687,30,,,0,67,,91363,30,,,0,26,,91364,30,,,0,27,,91365,30,,,0,64,,91366,30,,,0,24,,91367,30,,,0,64,,91368,30,,,0,22,,91369,30,,,0,22,,91370,30,,,0,64,,91371,30,,,0,24,,91372,30,,,0,63,,91373,30,,,0,22,,91374,30,,,0,23,,91375,30,,,0,63,,91376,30,,,0,24,,91377,30,,,0,62,,91378,30,,,0,23,,91379,30,,,0,22,,91380,30,,,0,63,,91381,30,,,0,22,,101688,30,,,0,23,,91383,30,,,0,64,,101689,30,,,0,27,,101690,30,,,0,66,,91386,30,,,0,29,,101691,30,,,0,69,,101692,30,,,0,29,,91389,30,,,0,70,,101693,30,,,0,40,,101694,30,,,0,79,,101695,30,,,0,86,,101696,30,,,0
