4801,'5456',1723,,93107,56,,,0,28,,93106,56,,,0,66,,93105,56,,,0
4801,'5458',1723,,93110,56,,,0,28,,93109,56,,,0,66,,93108,56,,,0
5201,'5456',520,,93444,34,,,0,36,,93443,34,,,0,78,,93446,34,,,0,78,,93445,34,,,0,26,,93454,34,,,0,70,,93447,35,,,0,33,,93471,35,,,0,64,,93448,34,,,0,34,,93449,35,,,0,75,,93450,34,,,0,29,,93472,34,,,0,70,,93452,34,,,0,28,,93451,34,,,0,75,,93453,34,,,0,34,,93470,34,,,0,71,,93456,34,,,0,30,,93455,34,,,0,70,,93476,34,,,0,31,,93457,35,,,0,60,,93480,34,0,38 3 39 49,0,8,,93469,35,,,0,25,,93481,19,0,30 14,0,3,,93482,19,0,30 14,0,73,,93459,35,,,0,36,,93477,35,,,0,63,,93460,35,,,0,25,,93468,35,,,0,62,,93461,34,,,0,30,,93462,34,,,0,69,,93478,34,,,0,29,,93463,34,,,0,73,,93464,34,,,0,29,,93466,34,,,0,68,,93479,34,,,0,26,,93465,34,0,38 3 39 49,0,74,,93467,34,,,0,98,,93475,34,,,0,99,,93473,34,,,0
5201,'5458',520,,93484,34,,,0,36,,93483,34,,,0,78,,93486,34,,,0,78,,93485,34,,,0,26,,93494,34,,,0,70,,93487,35,,,0,33,,93511,35,,,0,64,,93488,34,,,0,34,,93489,35,,,0,75,,93490,34,,,0,29,,93512,34,,,0,70,,93492,34,,,0,28,,93491,34,,,0,75,,93493,34,,,0,34,,93510,34,,,0,71,,93496,34,,,0,30,,93495,34,,,0,70,,93516,34,,,0,26,,93520,19,0,30 14,0,5,,93497,35,,,0,60,,93521,34,0,38 3 39 49,0,8,,93509,35,,,0,28,,93522,19,0,30 14,0,73,,93499,35,,,0,36,,93517,35,,,0,63,,93500,35,,,0,25,,93508,35,,,0,62,,93501,34,,,0,30,,93502,34,,,0,69,,93518,34,,,0,29,,93503,34,,,0,73,,93504,34,,,0,29,,93506,34,,,0,68,,93519,34,,,0,26,,93505,34,0,38 3 39 49,0,74,,93507,34,,,0,98,,93515,34,,,0,99,,93513,34,,,0
5201,'5459',701,,93532,34,,,0,32,,93542,34,,,0,70,,93540,34,,,0,31,,93523,34,,,0,70,,93530,34,,,0,30,,93549,34,,,0,70,,93527,34,,,0,32,,93524,34,,,0,70,,93531,34,,,0,30,,93550,34,,,0,71,,93528,34,,,0,31,,93525,34,,,0,75,,93534,34,,,0,30,,93552,34,,,0,75,,93529,34,,,0,35,,93539,34,,,0,75,,93533,34,,,0,30,,93551,34,,,0,70,,93526,34,,,0,30,,93537,34,,,0,63,,93545,34,,,0,25,,93536,34,,,0,64,,93541,34,,,0,25,,93538,34,,,0,70,,93535,34,,,0,29,,93548,34,,,0,72,,93543,34,,,0,30,,93547,34,,,0,70,,93544,34,,,0,24,,93546,34,0,38 3 39 49,0,70,,93553,34,,,0,103,,93554,34,,,0,100,,93555,34,,,0
5201,'5460',732,,93561,34,,,0,70,,93577,34,,,0,31,,93569,34,,,0,71,,93557,34,,,0,30,,93564,34,,,0,70,,93571,34,,,0,31,,93566,34,,,0,70,,93558,34,,,0,31,,93563,34,,,0,70,,93572,34,,,0,30,,93568,34,,,0,75,,93556,34,,,0,30,,93562,34,,,0,75,,93575,34,,,0,35,,93567,34,,,0,75,,93582,34,,,0,29,,93560,34,,,0,70,,93574,34,,,0,30,,93565,34,,,0,70,,93570,34,,,0,30,,93559,34,,,0,70,,93573,34,,,0,79,,93576,34,,,0,100,,93578,34,,,0,99,,93579,34,,,0,100,,93580,34,,,0,100,,93581,34,,,0
5201,'5461',732,,93588,34,,,0,70,,93604,34,,,0,31,,93596,34,,,0,71,,93584,34,,,0,30,,93591,34,,,0,70,,93598,34,,,0,31,,93593,34,,,0,70,,93585,34,,,0,31,,93590,34,,,0,70,,93599,34,,,0,30,,93595,34,,,0,75,,93583,34,,,0,30,,93589,34,,,0,75,,93602,34,,,0,35,,93594,34,,,0,75,,93609,34,,,0,29,,93587,34,,,0,70,,93601,34,,,0,30,,93592,34,,,0,70,,93597,34,,,0,30,,93586,34,,,0,70,,93600,34,,,0,79,,93603,34,,,0,100,,93605,34,,,0,99,,93606,34,,,0,100,,93607,34,,,0,100,,93608,34,,,0
5201,'5462',732,,93615,34,,,0,70,,93631,34,,,0,31,,93623,34,,,0,71,,93611,34,,,0,30,,93618,34,,,0,70,,93625,34,,,0,31,,93620,34,,,0,70,,93612,34,,,0,31,,93617,34,,,0,70,,93626,34,,,0,30,,93622,34,,,0,75,,93610,34,,,0,30,,93616,34,,,0,75,,93629,34,,,0,35,,93621,34,,,0,75,,93636,34,,,0,29,,93614,34,,,0,70,,93628,34,,,0,30,,93619,34,,,0,70,,93624,34,,,0,30,,93613,34,,,0,70,,93627,34,,,0,79,,93630,34,,,0,100,,93632,34,,,0,99,,93633,34,,,0,100,,93634,34,,,0,100,,93635,34,,,0
5201,'5463',732,,93642,34,,,0,70,,93658,34,,,0,31,,93650,34,,,0,71,,93638,34,,,0,30,,93645,34,,,0,70,,93652,34,,,0,31,,93647,34,,,0,70,,93639,34,,,0,31,,93644,34,,,0,70,,93653,34,,,0,30,,93649,34,,,0,75,,93637,34,,,0,30,,93643,34,,,0,75,,93656,34,,,0,35,,93648,34,,,0,75,,93663,34,,,0,29,,93641,34,,,0,70,,93655,34,,,0,30,,93646,34,,,0,70,,93651,34,,,0,30,,93640,34,,,0,70,,93654,34,,,0,79,,93657,34,,,0,100,,93659,34,,,0,99,,93660,34,,,0,100,,93661,34,,,0,100,,93662,34,,,0
6100,'5456',839,,94913,33,0,30 14,0,80,,94906,33,0,30 14,0,36,,94902,33,0,30 14,0,64,,94911,33,0,30 14,0,36,,94896,33,0,30 14,0,88,,94903,33,0,30 14,0,76,,94910,33,0,30 14,0,35,,94897,33,0,30 14,0,74,,94904,33,0,30 14,0,79,,94912,33,0,30 14,0,30,,94898,33,0,30 14,0,80,,94905,33,0,30 14,0,33,,94892,33,0,30 14,0,67,,94914,33,0,30 14,0,15,,94891,33,0,30 14,0,26,,94890,33,0,30 14,0,79,,94887,33,0,30 14,0,69,,94899,33,0,30 14,0,25,,94889,33,0,30 14,0,28,,94882,33,0,30 14,0,72,,94881,33,0,30 14,0,70,,94888,33,0,30 14,0,30,,94883,33,0,30 14,0,95,,94878,33,0,30 14,0,81,,94884,33,0,30 14,0,103,,94879,33,0,30 14,0,33,,94885,33,0,30 14,0,100,,94880,33,0,30 14,0,74,,94886,33,0,30 14,0
6100,'5458',839,,94952,33,0,30 14,0,80,,94945,33,0,30 14,0,36,,94941,33,0,30 14,0,64,,94950,33,0,30 14,0,36,,94935,33,0,30 14,0,88,,94942,33,0,30 14,0,76,,94949,33,0,30 14,0,35,,94936,33,0,30 14,0,74,,94943,33,0,30 14,0,79,,94951,33,0,30 14,0,30,,94937,33,0,30 14,0,68,,94931,33,0,30 14,0,12,,94944,33,0,30 14,0,33,,94930,33,0,30 14,0,82,,94929,33,0,30 14,0,26,,94928,33,0,30 14,0,79,,94925,33,0,30 14,0,69,,94938,33,0,30 14,0,25,,94927,33,0,30 14,0,28,,94920,33,0,30 14,0,72,,94919,33,0,30 14,0,70,,94926,33,0,30 14,0,30,,94921,33,0,30 14,0,95,,94916,33,0,30 14,0,81,,94922,33,0,30 14,0,103,,94917,33,0,30 14,0,33,,94923,33,0,30 14,0,100,,94918,33,0,30 14,0,74,,94924,33,0,30 14,0,100,,94915,33,0,30,0
6100,'5459',655,,94954,33,0,30 14,0,100,,94955,33,0,30 14,0,82,,94953,33,0,30 14,0,98,,94956,33,0,30 14,0,95,,94957,33,0,30 14,0,82,,94958,33,0,30 14,0,35,,94959,33,0,30 14,0,88,,94960,33,0,30 14,0,75,,94961,33,0,30 14,0,35,,94962,33,0,30 14,0,76,,94963,33,0,30 14,0,36,,94964,33,0,30 14,0,77,,94965,33,0,30 14,0,77,,94966,33,0,30 14,0,26,,94967,33,0,30 14,0,78,,94968,33,0,30 14,0,41,,94969,33,0,30 14,0,72,,94970,33,0,30 14,0,31,,94971,33,0,30 14,0,71,,94972,33,0,30 14,0,73,,94973,33,0,30 14,0,43,,94974,33,0,30 14,0,81,,94975,33,0,30 14,0,80,,94976,33,0,30 14,0,103,,94977,33,0,30 14,0,32,,94978,33,0,30 14,0,100,,94979,33,0,30 14,0,78,,94980,33,0,30,0,99,,94981,33,0,30,0
6100,'5460',658,,94982,33,0,30 14,0,144,,94983,33,0,30 14,0,43,,94984,33,0,30 14,0,97,,94985,33,0,30 14,0,83,,94986,33,0,30 14,0,86,,94987,33,0,30 14,0,97,,94988,33,0,30 14,0,43,,94989,33,0,30 14,0,101,,94990,33,0,30 14,0,93,,94991,33,0,30 14,0,103,,94992,33,0,30 14,0,78,,94993,33,0,30 14,0,102,,94994,33,0,30 14,0,86,,94995,33,0,30 14,0,103,,94996,33,0,30 14,0,86,,94997,33,0,30 14,0,45,,94998,33,0,30 14,0,101,,94999,33,0,30 14,0,93,,95000,33,0,30 14,0,101,,95001,33,0,30 14,0,74,,95002,33,0,30,0
6100,'5461',658,,95003,33,0,30 14,0,144,,95004,33,0,30 14,0,43,,95005,33,0,30 14,0,97,,95006,33,0,30 14,0,83,,95007,33,0,30 14,0,86,,95008,33,0,30 14,0,97,,95009,33,0,30 14,0,43,,95010,33,0,30 14,0,101,,95011,33,0,30 14,0,93,,95012,33,0,30 14,0,103,,95013,33,0,30 14,0,78,,95014,33,0,30 14,0,102,,95015,33,0,30 14,0,86,,95016,33,0,30 14,0,103,,95017,33,0,30 14,0,86,,95018,33,0,30 14,0,45,,95019,33,0,30 14,0,101,,95020,33,0,30 14,0,93,,95021,33,0,30 14,0,101,,95022,33,0,30 14,0,74,,95023,33,0,30,0
6100,'5462',658,,95024,33,0,30 14,0,144,,95025,33,0,30 14,0,43,,95026,33,0,30 14,0,97,,95027,33,0,30 14,0,83,,95028,33,0,30 14,0,86,,95029,33,0,30 14,0,97,,95030,33,0,30 14,0,43,,95031,33,0,30 14,0,101,,95032,33,0,30 14,0,93,,95033,33,0,30 14,0,103,,95034,33,0,30 14,0,78,,95035,33,0,30 14,0,102,,95036,33,0,30 14,0,86,,95037,33,0,30 14,0,103,,95038,33,0,30 14,0,86,,95039,33,0,30 14,0,45,,95040,33,0,30 14,0,101,,95041,33,0,30 14,0,93,,95042,33,0,30 14,0,101,,95043,33,0,30 14,0,74,,95044,33,0,30,0
6100,'5463',658,,95045,33,0,30 14,0,144,,95046,33,0,30 14,0,43,,95047,33,0,30 14,0,97,,95048,33,0,30 14,0,83,,95049,33,0,30 14,0,86,,95050,33,0,30 14,0,97,,95051,33,0,30 14,0,43,,95052,33,0,30 14,0,101,,95053,33,0,30 14,0,93,,95054,33,0,30 14,0,103,,95055,33,0,30 14,0,78,,95056,33,0,30 14,0,102,,95057,33,0,30 14,0,86,,95058,33,0,30 14,0,103,,95059,33,0,30 14,0,86,,95060,33,0,30 14,0,45,,95061,33,0,30 14,0,101,,95062,33,0,30 14,0,93,,95063,33,0,30 14,0,101,,95064,33,0,30 14,0,74,,95065,33,0,30,0
6400,'5456',742,,95261,58,,,0,507,,95264,89,,,0,580,,95263,74,,,0
6400,'5458',742,,95268,58,,,0,507,,95271,89,,,0,580,,95270,74,,,0
