201,'5456',559,,82174,18,0,46 37,0,61,,82175,18,0,46 37,0,26,,82176,18,0,46 37,0,69,,82177,18,0,46 37,0,30,,82178,18,0,46 37,0,70,,82179,18,0,46 37,0,32,,82180,18,0,46 37,0,71,,82181,18,0,46 37,0,33,,82182,18,0,46 37,0,78,,82183,18,0,46 37,0,79,,82184,18,0,46 37,0,39,,82185,18,0,46 37,0,80,,82186,18,0,46 37,0,79,,82187,18,0,46 37,0,40,,82188,18,0,46 37,0,92,,82190,18,0,46 37,0,73,,82202,18,0,46 37,0,37,,82204,18,0,46 37,0,75,,82205,18,0,46 37,0,77,,82201,18,0,46 37,0,37,,82203,18,0,46 37,0,89,,82196,18,0,46 37,0,25,,82195,18,0,46 37,0,82,,82200,18,0,46 37,0,83,,82194,18,0,46 37,0,41,,82199,18,0,46 37,0,78,,82193,18,0,46 37,0,81,,82198,18,0,46 37,0,41,,82192,18,0,46 37,0,81,,82197,18,0,46 37,0,72,,82191,18,0,46 37,0
201,'5458',559,,82207,18,0,46 37,0,61,,82208,18,0,46 37,0,26,,82209,18,0,46 37,0,69,,82210,18,0,46 37,0,30,,82211,18,0,46 37,0,70,,82212,18,0,46 37,0,32,,82213,18,0,46 37,0,71,,82214,18,0,46 37,0,33,,82215,18,0,46 37,0,78,,82216,18,0,46 37,0,79,,82217,18,0,46 37,0,39,,82218,18,0,46 37,0,80,,82219,18,0,46 37,0,79,,82220,18,0,46 37,0,40,,82221,18,0,46 37,0,92,,82223,18,0,46 37,0,73,,82236,18,0,46 37,0,37,,82238,18,0,46 37,0,75,,82239,18,0,46 37,0,77,,82235,18,0,46 37,0,37,,82237,18,0,46 37,0,89,,82230,18,0,46 37,0,25,,82229,18,0,46 37,0,82,,82234,18,0,46 37,0,83,,82228,18,0,46 37,0,41,,82233,18,0,46 37,0,78,,82227,18,0,46 37,0,81,,82232,18,0,46 37,0,41,,82226,18,0,46 37,0,81,,82231,18,0,46 37,0,72,,82225,18,0,46 37,0
201,'5459',642,,82261,18,0,46 37,0,158,,82262,18,0,46 37,0,124,,82256,18,0,46 37,0,79,,82249,18,0,46 37,0,97,,82259,18,0,46 37,0,38,,82250,18,0,46 37,0,80,,82242,18,0,46 37,0,38,,82245,18,0,46 37,0,78,,82244,18,0,46 37,0,81,,82254,18,0,46 37,0,40,,82246,18,0,46 37,0,81,,82243,18,0,46 37,0,81,,82247,18,0,46 37,0,36,,82255,18,0,46 37,0,81,,82258,18,0,46 37,0,81,,82257,18,0,46 37,0,37,,82260,18,0,46 37,0,76,,82251,18,0,46 37,0,80,,82252,18,0,46 37,0,45,,82253,18,0,46 37,0,81,,82266,18,0,46 37,0,81,,82263,18,0,46 37,0,43,,82264,18,0,46 37,0,81,,82265,18,0,46 37,0,76,,82267,18,0,46 37,0
201,'5460',629,,82283,18,0,46 37,0,119,,82290,18,0,46 37,0,158,,82284,18,0,46 37,0,135,,82291,18,0,46 37,0,100,,82270,18,0,46 37,0,79,,82281,18,0,46 37,0,39,,82277,18,0,46 37,0,79,,82276,18,0,46 37,0,81,,82272,18,0,46 37,0,40,,82273,18,0,46 37,0,80,,82282,18,0,46 37,0,81,,82278,18,0,46 37,0,36,,82274,18,0,46 37,0,80,,82275,18,0,46 37,0,81,,82279,18,0,46 37,0,37,,82288,18,0,46 37,0,81,,82280,18,0,46 37,0,80,,82287,18,0,46 37,0,41,,82286,18,0,46 37,0,80,,82289,18,0,46 37,0,81,,82285,18,0,46 37,0,42,,82292,18,0,46 37,0,81,,82293,18,0,46 37,0
201,'5461',629,,82308,18,0,46 37,0,119,,82315,18,0,46 37,0,158,,82309,18,0,46 37,0,135,,82316,18,0,46 37,0,100,,82295,18,0,46 37,0,79,,82306,18,0,46 37,0,39,,82302,18,0,46 37,0,79,,82301,18,0,46 37,0,81,,82297,18,0,46 37,0,40,,82298,18,0,46 37,0,80,,82307,18,0,46 37,0,81,,82303,18,0,46 37,0,36,,82299,18,0,46 37,0,80,,82300,18,0,46 37,0,81,,82304,18,0,46 37,0,37,,82313,18,0,46 37,0,81,,82305,18,0,46 37,0,80,,82312,18,0,46 37,0,41,,82311,18,0,46 37,0,80,,82314,18,0,46 37,0,81,,82310,18,0,46 37,0,42,,82317,18,0,46 37,0,81,,82318,18,0,46 37,0
201,'5462',629,,82333,18,0,46 37,0,119,,82340,18,0,46 37,0,158,,82334,18,0,46 37,0,135,,82341,18,0,46 37,0,100,,82320,18,0,46 37,0,79,,82331,18,0,46 37,0,39,,82327,18,0,46 37,0,79,,82326,18,0,46 37,0,81,,82322,18,0,46 37,0,40,,82323,18,0,46 37,0,80,,82332,18,0,46 37,0,81,,82328,18,0,46 37,0,36,,82324,18,0,46 37,0,80,,82325,18,0,46 37,0,81,,82329,18,0,46 37,0,37,,82338,18,0,46 37,0,81,,82330,18,0,46 37,0,80,,82337,18,0,46 37,0,41,,82336,18,0,46 37,0,80,,82339,18,0,46 37,0,81,,82335,18,0,46 37,0,42,,82342,18,0,46 37,0,81,,82343,18,0,46 37,0
201,'5463',629,,82358,18,0,46 37,0,119,,82365,18,0,46 37,0,158,,82359,18,0,46 37,0,135,,82366,18,0,46 37,0,100,,82345,18,0,46 37,0,79,,82356,18,0,46 37,0,39,,82352,18,0,46 37,0,79,,82351,18,0,46 37,0,81,,82347,18,0,46 37,0,40,,82348,18,0,46 37,0,80,,82357,18,0,46 37,0,81,,82353,18,0,46 37,0,36,,82349,18,0,46 37,0,80,,82350,18,0,46 37,0,81,,82354,18,0,46 37,0,37,,82363,18,0,46 37,0,81,,82355,18,0,46 37,0,80,,82362,18,0,46 37,0,41,,82361,18,0,46 37,0,80,,82364,18,0,46 37,0,81,,82360,18,0,46 37,0,42,,82367,18,0,46 37,0,81,,82368,18,0,46 37,0
501,'5456',631,,83690,13,,,0,71,,83691,13,,,0,27,,83692,13,,,0,71,,83693,13,,,0,31,,83694,13,,,0,73,,83695,13,,,0,30,,83696,13,,,0,77,,83697,13,,,0,39,,83698,13,,,0,78,,83699,13,,,0,79,,83700,13,,,0,40,,83701,13,,,0,79,,83702,13,,,0,94,,83703,13,,,0,36,,83704,13,,,0,73,,83706,13,,,0,77,,83710,13,,,0,35,,83708,13,,,0,76,,83705,13,,,0,83,,83709,13,,,0,111,,83712,13,,,0,43,,83707,13,,,0,82,,83711,13,,,0
501,'5458',631,,83713,13,,,0,71,,83714,13,,,0,27,,83715,13,,,0,71,,83716,13,,,0,31,,83717,13,,,0,73,,83718,13,,,0,30,,83719,13,,,0,77,,83720,13,,,0,39,,83721,13,,,0,78,,83722,13,,,0,79,,83723,13,,,0,40,,83724,13,,,0,79,,83725,13,,,0,94,,83726,13,,,0,36,,83727,13,,,0,73,,83729,13,,,0,77,,83733,13,,,0,35,,83731,13,,,0,76,,83728,13,,,0,83,,83732,13,,,0,111,,83735,13,,,0,43,,83730,13,,,0,82,,83734,13,,,0
501,'5459',721,,83744,13,,,0,120,,83746,13,,,0,103,,83743,13,,,0,79,,83737,13,,,0,96,,83745,13,,,0,39,,83736,13,,,0,79,,83752,13,,,0,78,,83741,13,,,0,38,,83742,13,,,0,82,,83739,13,,,0,80,,83740,13,,,0,41,,83750,13,,,0,82,,83753,13,,,0,75,,83749,13,,,0,42,,83751,13,,,0,77,,83755,13,,,0,75,,83754,13,,,0,41,,83747,13,,,0,85,,83748,13,,,0
501,'5460',709,,83770,13,,,0,118,,83769,13,,,0,117,,83768,13,,,0,79,,83762,13,,,0,98,,83765,13,,,0,79,,83761,13,,,0,40,,83757,13,,,0,78,,83756,13,,,0,41,,83772,13,,,0,80,,83764,13,,,0,80,,83760,13,,,0,40,,83759,13,,,0,82,,83758,13,,,0,75,,83771,13,,,0,40,,83766,13,,,0,76,,83763,13,,,0,83,,83767,13,,,0
501,'5461',709,,83787,13,,,0,118,,83786,13,,,0,117,,83785,13,,,0,79,,83779,13,,,0,98,,83782,13,,,0,79,,83778,13,,,0,40,,83774,13,,,0,78,,83773,13,,,0,41,,83789,13,,,0,80,,83781,13,,,0,80,,83777,13,,,0,40,,83776,13,,,0,82,,83775,13,,,0,75,,83788,13,,,0,40,,83783,13,,,0,76,,83780,13,,,0,83,,83784,13,,,0
501,'5462',709,,83804,13,,,0,118,,83803,13,,,0,117,,83802,13,,,0,79,,83796,13,,,0,98,,83799,13,,,0,79,,83795,13,,,0,40,,83791,13,,,0,78,,83790,13,,,0,41,,83806,13,,,0,80,,83798,13,,,0,80,,83794,13,,,0,40,,83793,13,,,0,82,,83792,13,,,0,75,,83805,13,,,0,40,,83800,13,,,0,76,,83797,13,,,0,83,,83801,13,,,0
501,'5463',709,,83821,13,,,0,118,,83820,13,,,0,117,,83819,13,,,0,79,,83813,13,,,0,98,,83816,13,,,0,79,,83812,13,,,0,40,,83808,13,,,0,78,,83807,13,,,0,41,,83823,13,,,0,80,,83815,13,,,0,80,,83811,13,,,0,40,,83810,13,,,0,82,,83809,13,,,0,75,,83822,13,,,0,40,,83817,13,,,0,76,,83814,13,,,0,83,,83818,13,,,0
801,'5456',643,,85130,9,,,0,76,,85131,9,,,0,24,,85134,9,,,0,64,,85132,9,,,0,35,,85135,9,,,0,87,,85133,9,,,0,83,,85136,9,,,0,32,,85138,9,,,0,82,,85137,9,,,0,84,,85140,9,,,0,39,,85139,9,,,0,85,,85143,9,,,0,87,,85141,9,,,0,26,,85155,9,0,8 9,0,57,,85142,9,,,0,32,,85145,9,,,0,74,,85144,9,,,0,37,,85147,9,,,0,84,,85146,9,,,0,72,,85149,9,,,0,32,,85148,9,,,0,74,,85150,9,,,0,47,,85151,9,,,0,97,,85152,9,,,0,85,,85153,9,,,0
801,'5458',643,,85156,9,,,0,76,,85157,9,,,0,24,,85160,9,,,0,64,,85158,9,,,0,35,,85161,9,,,0,87,,85159,9,,,0,83,,85162,9,,,0,32,,85164,9,,,0,82,,85163,9,,,0,84,,85166,9,,,0,39,,85165,9,,,0,85,,85169,9,,,0,87,,85167,9,,,0,26,,85181,9,0,8 9,0,57,,85168,9,,,0,32,,85171,9,,,0,74,,85170,9,,,0,37,,85173,9,,,0,84,,85172,9,,,0,72,,85175,9,,,0,32,,85174,9,,,0,74,,85176,9,,,0,47,,85177,9,,,0,97,,85178,9,,,0,85,,85179,9,,,0
801,'5459',720,,85183,9,0,8 9,0,85,,85184,9,0,8 9,0,45,,85185,9,0,8 9,0,86,,85186,9,0,8 9,0,85,,85187,9,0,8 9,0,90,,85188,9,0,8 9,0,48,,85189,9,0,8 9,0,91,,85190,9,0,8 9,0,92,,85182,9,0,8 9,0,90,,85191,9,0,8 9,0,92,,85192,9,0,8 9,0,90,,85193,9,0,8 9,0,91,,85194,9,0,8 9,0,47,,85195,9,0,8 9,0,84,,85196,9,0,8 9,0
801,'5460',936,,85198,9,0,8 9,0,85,,85199,9,0,8 9,0,90,,85200,9,0,8 9,0,48,,85201,9,0,8 9,0,90,,85197,9,0,8 9,0,92,,85202,9,0,8 9,0,91,,85203,9,0,8 9,0,92,,85204,9,0,8 9,0,90,,85205,9,0,8 9,0,91,,85206,9,0,8 9,0,47,,85207,9,0,8 9,0
801,'5461',936,,85209,9,0,8 9,0,85,,85210,9,0,8 9,0,90,,85211,9,0,8 9,0,48,,85212,9,0,8 9,0,90,,85208,9,0,8 9,0,92,,85213,9,0,8 9,0,91,,85214,9,0,8 9,0,92,,85215,9,0,8 9,0,90,,85216,9,0,8 9,0,91,,85217,9,0,8 9,0,47,,85218,9,0,8 9,0
801,'5462',936,,85220,9,0,8 9,0,85,,85221,9,0,8 9,0,90,,85222,9,0,8 9,0,48,,85223,9,0,8 9,0,90,,85219,9,0,8 9,0,92,,85224,9,0,8 9,0,91,,85225,9,0,8 9,0,92,,85226,9,0,8 9,0,90,,85227,9,0,8 9,0,91,,85228,9,0,8 9,0,47,,85229,9,0,8 9,0
801,'5463',936,,85231,9,0,8 9,0,85,,85232,9,0,8 9,0,90,,85233,9,0,8 9,0,48,,85234,9,0,8 9,0,90,,85230,9,0,8 9,0,92,,85235,9,0,8 9,0,91,,85236,9,0,8 9,0,92,,85237,9,0,8 9,0,90,,85238,9,0,8 9,0,91,,85239,9,0,8 9,0,47,,85240,9,0,8 9,0
