3200,'5456',641,,92204,5,,,0,81,,92208,5,,,0,81,,92210,5,,,0,110,,92205,5,,,0,100,,92206,5,,,0,105,,92207,5,,,0,105,,92209,5,,,0,104,,92211,5,,,0,107,,92212,5,,,0,111,,92213,5,,,0,103,,92215,5,,,0,72,,92217,25,,,0,33,,92214,5,,,0,150,,92216,5,,,0,100,,92219,5,,,0,100,,92218,5,,,0,99,,92220,5,,,0
3200,'5458',641,,92221,5,,,0,81,,92225,5,,,0,81,,92227,5,,,0,110,,92222,5,,,0,100,,92223,5,,,0,105,,92224,5,,,0,105,,92226,5,,,0,104,,92228,5,,,0,107,,92229,5,,,0,111,,92230,5,,,0,103,,92232,5,,,0,72,,92234,25,,,0,33,,92231,5,,,0,150,,92233,5,,,0,100,,92236,5,,,0,100,,92235,5,,,0,99,,92237,5,,,0
3200,'5459',802,,92242,5,,,0,100,,92245,5,,,0,101,,92249,5,,,0,100,,92240,5,,,0,100,,92243,5,,,0,100,,92246,5,,,0,100,,92250,5,,,0,100,,92241,5,,,0,100,,92244,5,,,0,100,,92247,5,,,0,100,,92251,5,,,0,99,,92248,5,,,0,100,,92252,5,,,0,100,,92238,5,,,0,100,,92239,5,,,0
3200,'5460',802,,92253,5,,,0,100,,92254,5,,,0,100,,92255,5,,,0,101,,92257,5,,,0,100,,92258,5,,,0,100,,92256,5,,,0,100,,92262,5,,,0,100,,92261,5,,,0,100,,92259,5,,,0,100,,92260,5,,,0,100,,92264,5,,,0,100,,92263,5,,,0
3200,'5461',802,,92265,5,,,0,100,,92266,5,,,0,100,,92267,5,,,0,101,,92269,5,,,0,100,,92270,5,,,0,100,,92268,5,,,0,100,,92274,5,,,0,100,,92273,5,,,0,100,,92271,5,,,0,100,,92272,5,,,0,100,,92276,5,,,0,100,,92275,5,,,0
3200,'5462',802,,92277,5,,,0,100,,92278,5,,,0,100,,92279,5,,,0,101,,92281,5,,,0,100,,92282,5,,,0,100,,92280,5,,,0,100,,92286,5,,,0,100,,92285,5,,,0,100,,92283,5,,,0,100,,92284,5,,,0,100,,92288,5,,,0,100,,92287,5,,,0
3200,'5463',802,,92289,5,,,0,100,,92290,5,,,0,100,,92291,5,,,0,101,,92293,5,,,0,100,,92294,5,,,0,100,,92292,5,,,0,100,,92298,5,,,0,100,,92297,5,,,0,100,,92295,5,,,0,100,,92296,5,,,0,100,,92300,5,,,0,100,,92299,5,,,0
3900,'5456',647,,92569,11,,,0,60,,92550,5,,,0,14,,92559,11,,,0,12,,92552,5,,,0,11,,92558,5,,,0,11,,92563,11,,,0,4,,92570,5,,,0,49,,92560,11,,,0,15,,92551,11,,,0,11,,92571,5,,,0,3,,92541,11,,,0,10,,92572,5,,,0,7,,92553,11,,,0,54,,92562,11,,,0,22,,92561,11,,,0,26,,92537,11,,,0,70,,92542,11,,,0,29,,92564,11,,,0,70,,92543,11,,,0,31,,92538,11,,,0,71,,92544,11,,,0,30,,92565,11,,,0,71,,92545,11,,,0,31,,92539,11,,,0,73,,92546,11,,,0,71,,92566,11,,,0,22,,92534,11,,,0,16,,92531,11,,,0,17,,92547,11,,,0,54,,92540,11,,,0,17,,92567,11,,,0,14,,92530,11,,,0,13,,92535,11,,,0,56,,92532,11,,,0,16,,92548,11,,,0,12,,92549,11,,,0,16,,92568,11,,,0,58,,92536,11,,,0,20,,92533,11,,,0,18,,92557,11,,,0,78,,92555,11,,,0,82,,92554,11,,,0,107,,92556,11,,,0
3900,'5458',647,,92612,11,,,0,60,,92593,5,,,0,14,,92602,11,,,0,12,,92595,5,,,0,11,,92601,5,,,0,11,,92606,11,,,0,4,,92613,5,,,0,49,,92603,11,,,0,15,,92594,11,,,0,11,,92614,5,,,0,3,,92584,11,,,0,10,,92615,5,,,0,7,,92596,11,,,0,54,,92605,11,,,0,22,,92604,11,,,0,26,,92580,11,,,0,70,,92585,11,,,0,29,,92607,11,,,0,70,,92586,11,,,0,31,,92581,11,,,0,71,,92587,11,,,0,30,,92608,11,,,0,71,,92588,11,,,0,31,,92582,11,,,0,73,,92589,11,,,0,71,,92609,11,,,0,22,,92577,11,,,0,16,,92574,11,,,0,17,,92590,11,,,0,54,,92583,11,,,0,17,,92610,11,,,0,14,,92573,11,,,0,13,,92578,11,,,0,56,,92575,11,,,0,16,,92591,11,,,0,12,,92592,11,,,0,16,,92611,11,,,0,58,,92579,11,,,0,20,,92576,11,,,0,18,,92600,11,,,0,78,,92598,11,,,0,82,,92597,11,,,0,107,,92599,11,,,0
3900,'5459',712,,92617,5,,,0,126,,92618,5,,,0,100,,92622,5,,,0,100,,92626,5,,,0,100,,92616,5,,,0,100,,92620,5,,,0,100,,92623,5,,,0,100,,92627,5,,,0,100,,92619,5,,,0,100,,92621,5,,,0,100,,92624,5,,,0,100,,92628,5,,,0,100,,92625,5,,,0
3900,'5460',838,,92630,5,,,0,100,,92629,5,,,0,100,,92631,5,,,0,100,,92633,5,,,0,100,,92632,5,,,0,100,,92637,5,,,0,100,,92634,5,,,0,100,,92635,5,,,0,100,,92636,5,,,0,100,,92638,5,,,0,100,,92639,5,,,0,100,,92640,5,,,0
3900,'5461',838,,92642,5,,,0,100,,92641,5,,,0,100,,92643,5,,,0,100,,92645,5,,,0,100,,92644,5,,,0,100,,92649,5,,,0,100,,92646,5,,,0,100,,92647,5,,,0,100,,92648,5,,,0,100,,92650,5,,,0,100,,92651,5,,,0,100,,92652,5,,,0
3900,'5462',838,,92654,5,,,0,100,,92653,5,,,0,100,,92655,5,,,0,100,,92657,5,,,0,100,,92656,5,,,0,100,,92661,5,,,0,100,,92658,5,,,0,100,,92659,5,,,0,100,,92660,5,,,0,100,,92662,5,,,0,100,,92663,5,,,0,100,,92664,5,,,0
3900,'5463',838,,92666,5,,,0,100,,92665,5,,,0,100,,92667,5,,,0,100,,92669,5,,,0,100,,92668,5,,,0,100,,92673,5,,,0,100,,92670,5,,,0,100,,92671,5,,,0,100,,92672,5,,,0,100,,92674,5,,,0,100,,92675,5,,,0,100,,92676,5,,,0
1000601,'5456',601,,98066,5,,,0,47,,98070,5,,,0,72,,98076,5,,,0,29,,98067,5,,,0,74,,98073,5,,,0,35,,98068,5,,,0,79,,98069,5,,,0,86,,98071,5,,,0,86,,98074,5,,,0,48,,98072,5,,,0,90,,98075,5,,,0,86,,98078,5,,,0,80,,98080,5,,,0,39,,98077,5,,,0,83,,98079,5,,,0,76,,98081,5,,,0,44,,98082,5,,,0,91,,98083,5,,,0,105,,98084,5,,,0,107,,98085,5,,,0,95,,98086,5,,,0,100,,98087,5,,,0,101,,98088,5,,,0
1000601,'5458',601,,98089,5,,,0,47,,98093,5,,,0,72,,98099,5,,,0,29,,98090,5,,,0,74,,98096,5,,,0,35,,98091,5,,,0,79,,98092,5,,,0,86,,98094,5,,,0,86,,98097,5,,,0,48,,98095,5,,,0,90,,98098,5,,,0,86,,98101,5,,,0,80,,98103,5,,,0,39,,98100,5,,,0,83,,98102,5,,,0,76,,98104,5,,,0,44,,98105,5,,,0,91,,98106,5,,,0,105,,98107,5,,,0,107,,98108,5,,,0,95,,98109,5,,,0,100,,98110,5,,,0,101,,98111,5,,,0
1000601,'5459',654,,98112,5,,,0,149,,98113,5,,,0,99,,98114,5,,,0,49,,98115,5,,,0,88,,98116,5,,,0,87,,98117,5,,,0,87,,98118,5,,,0,87,,98119,5,,,0,42,,98121,5,,,0,82,,98120,5,,,0,82,,98122,5,,,0,43,,98123,5,,,0,93,,98124,5,,,0,101,,98125,5,,,0,109,,98126,5,,,0,103,,98127,5,,,0,94,,98128,5,,,0,99,,98129,5,,,0,110,,98130,5,,,0
1000601,'5460',702,,98138,5,,,0,50,,98144,5,,,0,97,,98132,5,,,0,106,,98136,5,,,0,101,,98131,5,,,0,94,,98146,5,,,0,100,,98133,5,,,0,100,,98134,5,,,0,100,,98140,5,,,0,101,,98137,5,,,0,101,,98135,5,,,0,149,,98139,5,,,0,110,,98141,5,,,0,93,,98143,5,,,0,51,,98142,5,,,0,148,,98145,5,,,0
1000601,'5461',702,,98154,5,,,0,50,,98160,5,,,0,97,,98148,5,,,0,106,,98152,5,,,0,101,,98147,5,,,0,94,,98162,5,,,0,100,,98149,5,,,0,100,,98150,5,,,0,100,,98156,5,,,0,101,,98153,5,,,0,101,,98151,5,,,0,149,,98155,5,,,0,110,,98157,5,,,0,93,,98159,5,,,0,51,,98158,5,,,0,148,,98161,5,,,0
1000601,'5462',702,,98170,5,,,0,50,,98176,5,,,0,97,,98164,5,,,0,106,,98168,5,,,0,101,,98163,5,,,0,94,,98178,5,,,0,100,,98165,5,,,0,100,,98166,5,,,0,100,,98172,5,,,0,101,,98169,5,,,0,101,,98167,5,,,0,149,,98171,5,,,0,110,,98173,5,,,0,93,,98175,5,,,0,51,,98174,5,,,0,148,,98177,5,,,0
1000601,'5463',702,,98186,5,,,0,50,,98192,5,,,0,97,,98180,5,,,0,106,,98184,5,,,0,101,,98179,5,,,0,94,,98194,5,,,0,100,,98181,5,,,0,100,,98182,5,,,0,100,,98188,5,,,0,101,,98185,5,,,0,101,,98183,5,,,0,149,,98187,5,,,0,110,,98189,5,,,0,93,,98191,5,,,0,51,,98190,5,,,0,148,,98193,5,,,0
