2401,'5456',502,,89027,14,,,0,50,,89028,14,,,0,88,,89029,14,,,0,84,,89030,14,,,0,32,,89031,14,,,0,96,,89032,14,,,0,107,,89033,14,,,0,100,,89034,14,,,0,99,,89035,14,,,0,100,,89036,14,,,0,151,,89037,14,,,0,99,,89038,14,,,0,48,,89039,14,,,0,91,,89040,14,,,0,80,,89041,14,,,0,91,,89042,14,,,0,86,,89043,14,,,0,103,,89044,14,,,0,115,,89045,14,,,0,131,,89046,14,,,0,162,,89047,14,,,0
2401,'5458',502,,89048,14,,,0,50,,89049,14,,,0,88,,89050,14,,,0,84,,89051,14,,,0,32,,89052,14,,,0,96,,89053,14,,,0,107,,89054,14,,,0,100,,89055,14,,,0,99,,89056,14,,,0,100,,89057,14,,,0,151,,89058,14,,,0,99,,89059,14,,,0,48,,89060,14,,,0,91,,89061,14,,,0,80,,89062,14,,,0,91,,89063,14,,,0,86,,89064,14,,,0,103,,89065,14,,,0,115,,89066,14,,,0,131,,89067,14,,,0,162,,89068,14,,,0
2401,'5459',651,,89075,14,,,0,106,,89074,14,,,0,144,,89076,14,,,0,100,,89072,14,,,0,100,,89069,14,,,0,58,,89070,14,,,0,95,,89071,14,,,0,100,,89078,14,,,0,98,,89073,14,,,0,103,,89077,14,,,0,104,,89079,14,,,0,168,,89080,14,,,0,125,,89081,14,,,0,170,,89082,14,,,0,131,,89083,14,,,0,162,,89084,14,,,0
2401,'5460',757,,89085,14,,,0,170,,89086,14,,,0,130,,89087,14,,,0,167,,89088,14,,,0,131,,89089,14,,,0,172,,89090,14,,,0,130,,89091,14,,,0,170,,89092,14,,,0,130,,89093,14,,,0,165,,89094,14,,,0,130,,89095,14,,,0
2401,'5461',757,,89096,14,,,0,170,,89097,14,,,0,130,,89098,14,,,0,167,,89099,14,,,0,131,,89100,14,,,0,172,,89101,14,,,0,130,,89102,14,,,0,170,,89103,14,,,0,130,,89104,14,,,0,165,,89105,14,,,0,130,,89106,14,,,0
2401,'5462',757,,89107,14,,,0,170,,89108,14,,,0,130,,89109,14,,,0,167,,89110,14,,,0,131,,89111,14,,,0,172,,89112,14,,,0,130,,89113,14,,,0,170,,89114,14,,,0,130,,89115,14,,,0,165,,89116,14,,,0,130,,89117,14,,,0
2401,'5463',757,,89118,14,,,0,170,,89119,14,,,0,130,,89120,14,,,0,167,,89121,14,,,0,131,,89122,14,,,0,172,,89123,14,,,0,130,,89124,14,,,0,170,,89125,14,,,0,130,,89126,14,,,0,165,,89127,14,,,0,130,,89128,14,,,0
2501,'5456',620,,89228,20,,,0,80,,89229,20,,,0,36,,89230,20,0,6 7,0,79,,89233,20,,,0,114,,89231,20,,,0,100,,89232,20,,,0,99,,89234,20,,,0,100,,89235,20,,,0,100,,89236,20,,,0,105,,89237,20,,,0,93,,89238,20,,,0,101,,89239,20,,,0,80,,89240,20,,,0,45,,89241,20,,,0,86,,89242,20,,,0,96,,89243,20,,,0,103,,89244,20,,,0,171,,89245,20,,,0,130,,89246,20,,,0
2501,'5458',620,,89247,20,,,0,80,,89248,20,,,0,36,,89249,20,0,6 7,0,79,,89252,20,,,0,114,,89250,20,,,0,100,,89251,20,,,0,99,,89253,20,,,0,100,,89254,20,,,0,100,,89255,20,,,0,105,,89256,20,,,0,93,,89257,20,,,0,101,,89258,20,,,0,80,,89259,20,,,0,45,,89260,20,,,0,86,,89261,20,,,0,96,,89262,20,,,0,103,,89263,20,,,0,171,,89264,20,,,0,130,,89265,20,,,0
2501,'5459',727,,89269,20,,,0,99,,89266,20,,,0,105,,89268,20,,,0,101,,89267,20,,,0,97,,89275,20,,,0,95,,89272,20,,,0,100,,89271,20,,,0,98,,89270,20,,,0,100,,89273,20,,,0,102,,89274,20,,,0,118,,89276,20,,,0,170,,89277,20,,,0,126,,89278,20,,,0,170,,89279,20,,,0,130,,89280,20,,,0
2501,'5460',842,,89282,20,,,0,170,,89281,20,,,0,127,,89283,20,,,0,170,,89284,20,,,0,131,,89285,20,,,0,172,,89286,20,,,0,130,,89287,20,,,0,170,,89288,20,,,0,130,,89289,20,,,0,166,,89290,20,,,0,129,,89291,20,,,0
2501,'5461',842,,89293,20,,,0,170,,89292,20,,,0,127,,89294,20,,,0,170,,89295,20,,,0,131,,89296,20,,,0,172,,89297,20,,,0,130,,89298,20,,,0,170,,89299,20,,,0,130,,89300,20,,,0,166,,89301,20,,,0,129,,89302,20,,,0
2501,'5462',842,,89304,20,,,0,170,,89303,20,,,0,127,,89305,20,,,0,170,,89306,20,,,0,131,,89307,20,,,0,172,,89308,20,,,0,130,,89309,20,,,0,170,,89310,20,,,0,130,,89311,20,,,0,166,,89312,20,,,0,129,,89313,20,,,0
2501,'5463',842,,89315,20,,,0,170,,89314,20,,,0,127,,89316,20,,,0,170,,89317,20,,,0,131,,89318,20,,,0,172,,89319,20,,,0,130,,89320,20,,,0,170,,89321,20,,,0,130,,89322,20,,,0,166,,89323,20,,,0,129,,89324,20,,,0
