100,'5456',1501,,81957,1,,,0
100,'5458',1501,,81962,1,,,0
101,'5456',655,,81965,19,,,0,82,,81964,19,,,0,96,,81963,19,,,0,711,,81967,19,,,0,99,,81966,19,,,0
101,'5458',655,,81970,19,,,0,82,,81969,19,,,0,96,,81968,19,,,0,711,,81972,19,,,0,99,,81971,19,,,0
400,'5456',553,,82744,1,,,0,60,,82741,1,,,0,18,,82757,1,,,0,22,,82738,1,,,0,55,,82767,1,,,0,15,,82804,1,,,0,15,,82785,1,,,0,15,,82778,1,,,0,51,,98720,1,,,0,4,,82742,1,,,0,15,,82762,1,,,0,14,,82768,1,,,0,14,,82749,1,,,0,54,,82758,1,,,0,12,,82750,1,,,0,13,,82772,1,,,0,14,,82752,1,,,0,14,,82770,1,,,0,53,,82775,1,,,0,13,,98725,1,,,0,13,,82780,1,,,0,13,,82779,1,,,0,54,,82781,1,,,0,14,,82790,1,,,0,13,,82792,1,,,0,13,,82799,1,,,0,14,,98727,1,,,0,53,,82794,1,,,0,14,,82809,1,,,0,13,,82805,1,,,0,15,,82760,1,,,0,55,,82814,1,,,0,13,,82751,1,,,0,14,,82765,1,,,0,14,,82766,1,,,0,52,,82745,1,,,0,13,,82746,1,,,0,13,,82773,1,,,0,14,,82740,1,,,0,14,,82771,1,,,0,58,,82774,1,,,0,18,,82783,1,,,0,16,,82787,1,,,0,57,,82782,1,,,0,19,,82786,1,,,0,15,,82791,1,,,0,18,,82789,1,,,0,59,,82796,1,,,0,15,,82793,1,,,0,13,,82798,1,,,0,12,,82802,1,,,0,54,,82810,1,,,0,15,,82815,1,,,0,15,,82739,1,,,0,15,,82763,1,,,0,55,,82753,1,,,0,15,,82756,1,,,0,15,,82776,1,,,0,15,,82795,1,,,0,55,,98724,1,,,0,16,,82788,1,,,0,17,,82764,1,,,0,17,,82800,1,,,0,55,,98723,1,,,0,16,,82811,1,,,0,18,,82801,1,,,0,60,,82806,1,,,0,20,,82812,1,,,0,23,,82807,1,,,0,64,,82813,1,,,0,29,,82808,1,,,0,69,,82803,1,,,0
400,'5458',553,,82824,1,,,0,60,,82821,1,,,0,18,,82838,1,,,0,22,,82817,1,,,0,55,,82848,1,,,0,15,,82885,1,,,0,15,,82866,1,,,0,15,,82859,1,,,0,51,,98730,1,,,0,4,,82822,1,,,0,15,,82843,1,,,0,14,,82849,1,,,0,14,,82829,1,,,0,54,,82839,1,,,0,12,,82830,1,,,0,13,,82853,1,,,0,14,,82832,1,,,0,14,,82851,1,,,0,53,,82856,1,,,0,13,,98735,1,,,0,13,,82861,1,,,0,13,,82860,1,,,0,54,,82862,1,,,0,14,,82871,1,,,0,13,,82873,1,,,0,13,,82880,1,,,0,14,,98737,1,,,0,53,,82875,1,,,0,14,,82890,1,,,0,13,,82886,1,,,0,15,,82841,1,,,0,55,,82897,1,,,0,13,,82831,1,,,0,14,,82846,1,,,0,14,,82847,1,,,0,52,,82825,1,,,0,13,,82826,1,,,0,13,,82854,1,,,0,14,,82820,1,,,0,14,,82852,1,,,0,58,,82855,1,,,0,18,,82864,1,,,0,16,,82868,1,,,0,57,,82863,1,,,0,19,,82867,1,,,0,15,,82872,1,,,0,18,,82870,1,,,0,59,,82877,1,,,0,15,,82874,1,,,0,13,,82879,1,,,0,12,,82883,1,,,0,54,,82891,1,,,0,15,,82898,1,,,0,15,,82819,1,,,0,15,,82844,1,,,0,55,,82833,1,,,0,15,,82837,1,,,0,15,,82857,1,,,0,15,,82876,1,,,0,55,,98734,1,,,0,16,,82869,1,,,0,17,,82845,1,,,0,17,,82881,1,,,0,55,,98733,1,,,0,16,,82892,1,,,0,18,,82882,1,,,0,60,,82887,1,,,0,20,,82894,1,,,0,23,,82888,1,,,0,64,,82895,1,,,0,29,,82889,1,,,0,69,,82884,1,,,0,30,,82893,1,,,0,70,,82896,1,,,0,30,,82899,1,,,0,70,,82818,1,,,0,30,,82834,1,,,0
400,'5459',639,,98748,1,,,0,65,,82925,1,,,0,20,,82930,1,,,0,20,,82937,1,,,0,60,,82919,1,,,0,18,,82935,1,,,0,17,,98746,1,,,0,16,,82920,1,,,0,56,,82910,1,,,0,16,,82936,1,,,0,16,,98747,1,,,0,16,,98739,1,,,0,56,,82913,1,,,0,15,,82907,1,,,0,16,,82966,1,,,0,55,,98740,1,,,0,15,,82926,1,,,0,16,,82902,1,,,0,15,,82914,1,,,0,55,,82924,1,,,0,15,,98745,1,,,0,15,,82943,1,,,0,15,,82901,1,,,0,56,,82908,1,,,0,16,,82918,1,,,0,15,,98741,1,,,0,16,,82938,1,,,0,56,,82906,1,,,0,15,,82911,1,,,0,16,,82921,1,,,0,16,,98744,1,,,0,56,,82941,1,,,0,16,,82903,1,,,0,16,,82917,1,,,0,15,,82912,1,,,0,56,,98742,1,,,0,16,,82940,1,,,0,16,,82915,1,,,0,56,,82922,1,,,0,16,,82905,1,,,0,16,,98743,1,,,0,15,,82929,1,,,0,56,,82916,1,,,0,17,,82909,1,,,0,18,,82923,1,,,0,18,,98749,1,,,0,58,,82945,1,,,0,18,,82947,1,,,0,18,,82946,1,,,0,58,,98755,1,,,0,17,,82954,1,,,0,18,,82953,1,,,0,58,,82955,1,,,0,18,,98752,1,,,0,18,,98756,1,,,0,18,,82959,1,,,0,65,,82960,1,,,0,23,,98754,1,,,0,70,,98753,1,,,0,31,,82961,1,,,0,70,,98757,1,,,0,30,,82965,1,,,0,69,,98751,1,,,0,30,,82949,1,,,0,70,,98750,1,,,0,30,,82951,1,,,0
400,'5460',745,,82967,1,,,0,70,,82968,1,,,0,32,,82969,1,,,0,70,,82970,1,,,0,29,,82971,1,,,0,70,,82972,1,,,0,20,,98758,1,,,0,20,,82974,1,,,0,60,,82975,1,,,0,20,,82976,1,,,0,20,,82977,1,,,0,60,,82978,1,,,0,20,,82979,1,,,0,20,,82980,1,,,0,60,,82981,1,,,0,20,,82982,1,,,0,20,,82983,1,,,0,58,,83010,1,,,0,18,,82984,1,,,0,16,,82985,1,,,0,56,,82986,1,,,0,16,,82987,1,,,0,16,,83012,1,,,0,16,,82988,1,,,0,56,,82989,1,,,0,16,,82990,1,,,0,16,,82991,1,,,0,16,,83011,1,,,0,56,,82992,1,,,0,17,,82993,1,,,0,17,,82994,1,,,0,58,,82995,1,,,0,18,,82996,1,,,0,17,,82997,1,,,0,18,,82998,1,,,0,58,,82999,1,,,0,18,,83000,1,,,0,18,,83013,1,,,0,58,,83001,1,,,0,20,,83002,1,,,0,20,,83003,1,,,0,64,,83004,1,,,0,30,,98759,1,,,0,72,,83006,1,,,0,29,,83007,1,,,0,70,,83008,1,,,0,41,,83009,1,,,0
400,'5461',745,,83014,1,,,0,70,,83015,1,,,0,32,,83016,1,,,0,70,,98760,1,,,0,29,,83018,1,,,0,70,,83019,1,,,0,20,,83020,1,,,0,20,,83021,1,,,0,60,,83022,1,,,0,20,,83023,1,,,0,20,,98761,1,,,0,60,,83025,1,,,0,20,,83026,1,,,0,20,,83027,1,,,0,60,,98762,1,,,0,20,,83029,1,,,0,20,,83030,1,,,0,58,,83057,1,,,0,18,,98763,1,,,0,16,,98764,1,,,0,56,,83033,1,,,0,16,,83034,1,,,0,16,,83059,1,,,0,16,,98765,1,,,0,56,,98766,1,,,0,16,,83037,1,,,0,16,,83038,1,,,0,16,,83058,1,,,0,56,,98767,1,,,0,17,,98768,1,,,0,17,,83041,1,,,0,58,,83042,1,,,0,18,,98769,1,,,0,17,,83044,1,,,0,18,,83045,1,,,0,58,,83046,1,,,0,18,,83047,1,,,0,18,,98777,1,,,0,58,,98770,1,,,0,20,,83049,1,,,0,20,,83050,1,,,0,64,,98771,1,,,0,30,,98772,1,,,0,72,,98773,1,,,0,29,,98774,1,,,0,70,,98775,1,,,0,41,,98776,1,,,0
400,'5462',745,,83061,1,,,0,70,,83062,1,,,0,32,,83063,1,,,0,70,,98778,1,,,0,29,,83065,1,,,0,70,,83066,1,,,0,20,,83067,1,,,0,20,,83068,1,,,0,60,,83069,1,,,0,20,,83070,1,,,0,20,,98779,1,,,0,60,,83072,1,,,0,20,,83073,1,,,0,20,,83074,1,,,0,60,,98780,1,,,0,20,,83076,1,,,0,20,,83077,1,,,0,58,,83104,1,,,0,18,,98781,1,,,0,16,,98782,1,,,0,56,,83080,1,,,0,16,,83081,1,,,0,16,,83106,1,,,0,16,,98783,1,,,0,56,,98784,1,,,0,16,,83084,1,,,0,16,,83085,1,,,0,16,,83105,1,,,0,56,,98785,1,,,0,17,,98786,1,,,0,17,,83088,1,,,0,58,,83089,1,,,0,18,,98787,1,,,0,17,,83091,1,,,0,18,,83092,1,,,0,58,,83093,1,,,0,18,,83094,1,,,0,18,,98795,1,,,0,58,,98788,1,,,0,20,,83096,1,,,0,20,,83097,1,,,0,64,,98789,1,,,0,30,,98790,1,,,0,72,,98791,1,,,0,29,,98792,1,,,0,70,,98793,1,,,0,41,,98794,1,,,0
400,'5463',745,,83108,1,,,0,70,,83109,1,,,0,32,,83110,1,,,0,70,,98796,1,,,0,29,,83112,1,,,0,70,,83113,1,,,0,20,,83114,1,,,0,20,,83115,1,,,0,60,,83116,1,,,0,20,,83117,1,,,0,20,,98797,1,,,0,60,,83119,1,,,0,20,,83120,1,,,0,20,,83121,1,,,0,60,,98798,1,,,0,20,,83123,1,,,0,20,,83124,1,,,0,58,,83151,1,,,0,18,,98799,1,,,0,16,,98800,1,,,0,56,,83127,1,,,0,16,,83128,1,,,0,16,,83153,1,,,0,16,,98801,1,,,0,56,,98802,1,,,0,16,,83131,1,,,0,16,,83132,1,,,0,16,,83152,1,,,0,56,,98803,1,,,0,17,,98804,1,,,0,17,,83135,1,,,0,58,,83136,1,,,0,18,,98805,1,,,0,17,,83138,1,,,0,18,,83139,1,,,0,58,,83140,1,,,0,18,,83141,1,,,0,18,,98813,1,,,0,58,,98806,1,,,0,20,,83143,1,,,0,20,,83144,1,,,0,64,,98807,1,,,0,30,,98808,1,,,0,72,,98809,1,,,0,29,,98810,1,,,0,70,,98811,1,,,0,41,,98812,1,,,0
401,'5456',611,,83165,26,4,,0,18,,83171,26,4,,0,21,,83215,26,4,,0,55,,83158,26,4,,0,15,,83157,26,4,,0,15,,83228,26,4,,0,15,,83156,26,4,,0,55,,83174,26,4,,0,15,,83186,26,4,,0,14,,83182,26,4,,0,13,,83170,26,4,,0,54,,83213,26,4,,0,12,,83162,26,4,,0,13,,83219,26,4,,0,15,,83212,26,4,,0,14,,83223,26,4,,0,53,,83218,26,4,,0,13,,98819,26,4,,0,13,,83220,26,4,,0,13,,83224,26,4,,0,53,,83221,26,4,,0,14,,83226,26,4,,0,13,,83222,26,4,,0,13,,83177,26,4,,0,14,,98815,26,4,,0,53,,83207,26,4,,0,14,,83163,26,4,,0,13,,83185,26,4,,0,15,,83208,26,4,,0,55,,83178,26,4,,0,13,,83204,26,4,,0,14,,83227,26,4,,0,14,,83214,26,4,,0,12,,83169,26,4,,0,53,,83209,26,4,,0,13,,83164,26,4,,0,14,,83176,26,4,,0,14,,83172,26,4,,0,57,,83195,26,4,,0,10,,98814,26,4,,0,8,,83216,26,4,,0,16,,83199,26,4,,0,17,,83166,26,4,,0,48,,98816,26,4,,0,11,,83196,26,4,,0,15,,83179,26,4,,0,7,,83205,26,4,,0,11,,83184,26,4,,0,59,,83203,26,4,,0,15,,83201,26,4,,0,14,,83183,26,4,,0,12,,83160,26,4,,0,54,,83191,26,4,,0,16,,83190,26,4,,0,15,,83189,26,4,,0,15,,83192,26,4,,0,55,,83188,26,4,,0,15,,83198,26,4,,0,15,,83194,26,4,,0,15,,83202,26,4,,0,55,,98817,26,4,,0,16,,83193,26,4,,0,18,,83168,26,4,,0,17,,83197,26,4,,0,55,,98818,26,4,,0,16,,83173,26,4,,0,18,,83180,26,4,,0,60,,83161,26,4,,0,20,,83175,26,4,,0,23,,83187,26,4,,0,64,,83181,26,4,,0,29,,83217,26,4,,0,69,,83211,26,4,,0,30,,83210,26,4,,0
401,'5458',611,,83240,26,4,,0,18,,83247,26,4,,0,21,,83293,26,4,,0,55,,83232,26,4,,0,15,,83231,26,4,,0,15,,83306,26,4,,0,15,,83230,26,4,,0,55,,83251,26,4,,0,15,,83264,26,4,,0,14,,83260,26,4,,0,13,,83246,26,4,,0,54,,83291,26,4,,0,12,,83236,26,4,,0,13,,83297,26,4,,0,15,,83290,26,4,,0,14,,83301,26,4,,0,53,,83296,26,4,,0,13,,98825,26,4,,0,13,,83298,26,4,,0,13,,83302,26,4,,0,53,,83299,26,4,,0,14,,83304,26,4,,0,13,,83300,26,4,,0,13,,83255,26,4,,0,14,,98821,26,4,,0,53,,83285,26,4,,0,14,,83238,26,4,,0,13,,83263,26,4,,0,15,,83286,26,4,,0,55,,83256,26,4,,0,13,,83282,26,4,,0,14,,83305,26,4,,0,14,,83292,26,4,,0,12,,83244,26,4,,0,53,,83287,26,4,,0,13,,83239,26,4,,0,14,,83254,26,4,,0,14,,83249,26,4,,0,57,,83273,26,4,,0,10,,98820,26,4,,0,8,,83294,26,4,,0,16,,83277,26,4,,0,17,,83241,26,4,,0,48,,98822,26,4,,0,11,,83274,26,4,,0,15,,83257,26,4,,0,7,,83283,26,4,,0,11,,83262,26,4,,0,59,,83281,26,4,,0,15,,83279,26,4,,0,14,,83261,26,4,,0,12,,83234,26,4,,0,54,,83269,26,4,,0,16,,83268,26,4,,0,15,,83267,26,4,,0,15,,83270,26,4,,0,55,,83266,26,4,,0,15,,83276,26,4,,0,15,,83272,26,4,,0,15,,83280,26,4,,0,55,,98823,26,4,,0,16,,83271,26,4,,0,18,,83243,26,4,,0,17,,83275,26,4,,0,55,,98824,26,4,,0,16,,83250,26,4,,0,18,,83258,26,4,,0,60,,83235,26,4,,0,20,,83253,26,4,,0,23,,83265,26,4,,0,64,,83259,26,4,,0,29,,83295,26,4,,0,69,,83289,26,4,,0,30,,83288,26,4,,0,70,,83248,26,4,,0,30,,83245,26,4,,0,70,,83237,26,4,,0,30,,83252,26,4,,0
401,'5459',722,,83341,26,4,,0,20,,83350,26,4,,0,60,,83323,26,4,,0,18,,83333,26,4,,0,17,,98834,26,4,,0,16,,83313,26,4,,0,56,,83331,26,4,,0,16,,83332,26,4,,0,16,,98835,26,4,,0,16,,98826,26,4,,0,55,,83319,26,4,,0,15,,83321,26,4,,0,16,,83370,26,4,,0,15,,98828,26,4,,0,55,,83348,26,4,,0,16,,83308,26,4,,0,15,,83317,26,4,,0,15,,83329,26,4,,0,55,,98832,26,4,,0,15,,83345,26,4,,0,15,,83309,26,4,,0,56,,83318,26,4,,0,16,,83324,26,4,,0,15,,98833,26,4,,0,16,,83349,26,4,,0,56,,83322,26,4,,0,15,,83314,26,4,,0,16,,83325,26,4,,0,16,,98831,26,4,,0,56,,83344,26,4,,0,16,,83310,26,4,,0,16,,83316,26,4,,0,15,,83311,26,4,,0,56,,98827,26,4,,0,16,,83347,26,4,,0,16,,83327,26,4,,0,16,,83315,26,4,,0,56,,83312,26,4,,0,16,,98830,26,4,,0,15,,83339,26,4,,0,57,,83320,26,4,,0,17,,83326,26,4,,0,18,,83328,26,4,,0,18,,98829,26,4,,0,58,,83330,26,4,,0,18,,83352,26,4,,0,18,,83351,26,4,,0,58,,98836,26,4,,0,17,,83357,26,4,,0,18,,83358,26,4,,0,18,,83360,26,4,,0,58,,98839,26,4,,0,18,,98838,26,4,,0,18,,83363,26,4,,0,65,,83367,26,4,,0,23,,98840,26,4,,0,70,,83365,26,4,,0,31,,83364,26,4,,0,70,,98841,26,4,,0,30,,83366,26,4,,0,69,,98842,26,4,,0,30,,83356,26,4,,0,70,,98837,26,4,,0,30,,83354,26,4,,0
401,'5460',743,,83371,26,4,,0,70,,83372,26,4,,0,32,,83373,26,4,,0,70,,83374,26,4,,0,28,,83375,26,4,,0,70,,83376,26,4,,0,20,,98843,26,4,,0,20,,83378,26,4,,0,60,,83379,26,4,,0,20,,83380,26,4,,0,20,,83381,26,4,,0,60,,83382,26,4,,0,20,,83383,26,4,,0,20,,83384,26,4,,0,60,,83385,26,4,,0,20,,83386,26,4,,0,20,,83387,26,4,,0,58,,83415,26,4,,0,18,,83388,26,4,,0,16,,83389,26,4,,0,56,,83390,26,4,,0,16,,83391,26,4,,0,16,,83417,26,4,,0,16,,83392,26,4,,0,56,,83393,26,4,,0,16,,83394,26,4,,0,16,,83395,26,4,,0,16,,83416,26,4,,0,56,,83396,26,4,,0,17,,83397,26,4,,0,17,,83398,26,4,,0,58,,83399,26,4,,0,18,,83400,26,4,,0,17,,83401,26,4,,0,18,,83402,26,4,,0,58,,83403,26,4,,0,18,,83404,26,4,,0,18,,83418,26,4,,0,58,,83405,26,4,,0,20,,83406,26,4,,0,20,,83407,26,4,,0,64,,83408,26,4,,0,31,,98844,26,4,,0,72,,83410,26,4,,0,29,,83411,26,4,,0,70,,83412,26,4,,0,30,,83413,26,4,,0
401,'5461',743,,83419,26,4,,0,70,,83420,26,4,,0,32,,83421,26,4,,0,70,,98845,26,4,,0,28,,83423,26,4,,0,70,,83424,26,4,,0,20,,83425,26,4,,0,20,,83426,26,4,,0,60,,83427,26,4,,0,20,,83428,26,4,,0,20,,98846,26,4,,0,60,,83430,26,4,,0,20,,83431,26,4,,0,20,,83432,26,4,,0,60,,98847,26,4,,0,20,,83434,26,4,,0,20,,83435,26,4,,0,58,,83463,26,4,,0,18,,98848,26,4,,0,16,,98849,26,4,,0,56,,83438,26,4,,0,16,,83439,26,4,,0,16,,83465,26,4,,0,16,,98850,26,4,,0,56,,98851,26,4,,0,16,,83442,26,4,,0,16,,83443,26,4,,0,16,,83464,26,4,,0,56,,98852,26,4,,0,17,,98853,26,4,,0,17,,83446,26,4,,0,58,,83447,26,4,,0,18,,98854,26,4,,0,17,,83449,26,4,,0,18,,83450,26,4,,0,58,,83451,26,4,,0,18,,83452,26,4,,0,18,,98863,26,4,,0,58,,98855,26,4,,0,20,,83454,26,4,,0,20,,83455,26,4,,0,64,,98856,26,4,,0,31,,98857,26,4,,0,72,,98858,26,4,,0,29,,98859,26,4,,0,70,,98860,26,4,,0,30,,98861,26,4,,0
401,'5462',743,,83467,26,4,,0,70,,83468,26,4,,0,32,,83469,26,4,,0,70,,98864,26,4,,0,28,,83471,26,4,,0,70,,83472,26,4,,0,20,,83473,26,4,,0,20,,83474,26,4,,0,60,,83475,26,4,,0,20,,83476,26,4,,0,20,,98865,26,4,,0,60,,83478,26,4,,0,20,,83479,26,4,,0,20,,83480,26,4,,0,60,,98866,26,4,,0,20,,83482,26,4,,0,20,,83483,26,4,,0,58,,83511,26,4,,0,18,,98867,26,4,,0,16,,98868,26,4,,0,56,,83486,26,4,,0,16,,83487,26,4,,0,16,,83513,26,4,,0,16,,98869,26,4,,0,56,,98870,26,4,,0,16,,83490,26,4,,0,16,,83491,26,4,,0,16,,83512,26,4,,0,56,,98871,26,4,,0,17,,98872,26,4,,0,17,,83494,26,4,,0,58,,83495,26,4,,0,18,,98873,26,4,,0,17,,83497,26,4,,0,18,,83498,26,4,,0,58,,83499,26,4,,0,18,,83500,26,4,,0,18,,98882,26,4,,0,58,,98874,26,4,,0,20,,83502,26,4,,0,20,,83503,26,4,,0,64,,98875,26,4,,0,31,,98876,26,4,,0,72,,98877,26,4,,0,29,,98878,26,4,,0,70,,98879,26,4,,0,30,,98880,26,4,,0
401,'5463',743,,83515,26,4,,0,70,,83516,26,4,,0,32,,83517,26,4,,0,70,,98883,26,4,,0,28,,83519,26,4,,0,70,,83520,26,4,,0,20,,83521,26,4,,0,20,,83522,26,4,,0,60,,83523,26,4,,0,20,,83524,26,4,,0,20,,98884,26,4,,0,60,,83526,26,4,,0,20,,83527,26,4,,0,20,,83528,26,4,,0,60,,98885,26,4,,0,20,,83530,26,4,,0,20,,83531,26,4,,0,58,,83559,26,4,,0,18,,98886,26,4,,0,16,,98887,26,4,,0,56,,83534,26,4,,0,16,,83535,26,4,,0,16,,83561,26,4,,0,16,,98888,26,4,,0,56,,98889,26,4,,0,16,,83538,26,4,,0,16,,83539,26,4,,0,16,,83560,26,4,,0,56,,98890,26,4,,0,17,,98891,26,4,,0,17,,83542,26,4,,0,58,,83543,26,4,,0,18,,98892,26,4,,0,17,,83545,26,4,,0,18,,83546,26,4,,0,58,,83547,26,4,,0,18,,83548,26,4,,0,18,,98901,26,4,,0,58,,98893,26,4,,0,20,,83550,26,4,,0,20,,83551,26,4,,0,64,,98894,26,4,,0,31,,98895,26,4,,0,72,,98896,26,4,,0,29,,98897,26,4,,0,70,,98898,26,4,,0,30,,98899,26,4,,0
700,'5456',616,,84561,34,4,,0,28,,84582,34,4,,0,57,,84562,34,4,,0,15,,84587,34,4,,0,16,,84572,34,4,,0,13,,84594,34,4,,0,57,,84566,34,4,,0,16,,84591,34,4,,0,20,,84565,34,4,,0,18,,84602,34,4,,0,58,,84580,34,4,,0,20,,84563,34,4,,0,21,,84586,34,4,,0,60,,84596,34,4,,0,20,,84564,34,4,,0,20,,84567,34,4,,0,60,,84600,34,4,,0,20,,84581,34,4,,0,21,,84568,34,4,,0,60,,84588,34,4,,0,20,,84593,34,4,,0,20,,84570,34,4,,0,60,,84571,34,4,,0,17,,84605,34,4,,0,19,,84601,34,4,,0,56,,84583,34,4,,0,15,,84569,34,4,,0,18,,84607,34,4,,0,18,,84589,34,4,,0,57,,84595,34,4,,0,15,,84608,34,4,,0,5,,84575,34,4,,0,18,,84576,34,4,,0,58,,84604,34,4,,0,18,,84603,34,4,,0,18,,84584,34,4,,0,59,,99287,34,4,,0,19,,84606,34,4,,0,18,,84590,34,4,,0,56,,84597,34,4,,0,16,,84574,34,4,,0,16,,84585,34,4,,0,71,,84598,34,4,,0,30,,84577,34,4,,0,73,,84592,34,4,,0,29,,84578,34,4,,0,70,,84599,34,4,,0,30,,84579,34,4,,0
700,'5458',616,,84609,34,4,,0,28,,84630,34,4,,0,57,,84610,34,4,,0,15,,84635,34,4,,0,16,,84620,34,4,,0,13,,84642,34,4,,0,57,,84614,34,4,,0,16,,84639,34,4,,0,20,,84613,34,4,,0,18,,84650,34,4,,0,58,,84628,34,4,,0,20,,84611,34,4,,0,21,,84634,34,4,,0,60,,84644,34,4,,0,20,,84612,34,4,,0,20,,84615,34,4,,0,60,,84648,34,4,,0,20,,84629,34,4,,0,21,,84616,34,4,,0,60,,84636,34,4,,0,20,,84641,34,4,,0,20,,84618,34,4,,0,60,,84619,34,4,,0,17,,84653,34,4,,0,19,,84649,34,4,,0,56,,84631,34,4,,0,15,,84617,34,4,,0,18,,84655,34,4,,0,18,,84637,34,4,,0,57,,84643,34,4,,0,15,,84656,34,4,,0,5,,84623,34,4,,0,18,,84624,34,4,,0,58,,84652,34,4,,0,18,,84651,34,4,,0,18,,84632,34,4,,0,59,,99288,34,4,,0,19,,84654,34,4,,0,18,,84638,34,4,,0,56,,84645,34,4,,0,16,,84622,34,4,,0,16,,84633,34,4,,0,71,,84646,34,4,,0,30,,84625,34,4,,0,73,,84640,34,4,,0,29,,84626,34,4,,0,70,,84647,34,4,,0,30,,84627,34,4,,0
700,'5459',705,,99297,34,4,,0,45,,84685,34,4,,0,80,,84668,34,4,,0,70,,99298,34,4,,0,39,,84660,34,4,,0,70,,84680,34,4,,0,31,,99291,34,4,,0,71,,99296,34,4,,0,30,,84657,34,4,,0,71,,99289,34,4,,0,30,,84681,34,4,,0,70,,99292,34,4,,0,30,,84672,34,4,,0,68,,99290,34,4,,0,32,,84661,34,4,,0,70,,84682,34,4,,0,30,,99293,34,4,,0,70,,84673,34,4,,0,30,,84662,34,4,,0,70,,99295,34,4,,0,30,,84683,34,4,,0,70,,99294,34,4,,0,28,,84675,34,4,,0,69,,84670,34,4,,0,28,,84669,34,4,,0,70,,84684,34,4,,0,30,,84674,34,4,,0,68,,84676,34,4,,0,30,,84677,34,4,,0
700,'5460',730,,84702,34,4,,0,75,,84704,34,4,,0,45,,84690,34,4,,0,77,,99305,34,4,,0,82,,84705,34,4,,0,30,,99299,34,4,,0,70,,99302,34,4,,0,30,,84693,34,4,,0,70,,99300,34,4,,0,31,,84692,34,4,,0,70,,99301,34,4,,0,30,,84687,34,4,,0,70,,99303,34,4,,0,30,,84695,34,4,,0,70,,84696,34,4,,0,30,,84697,34,4,,0,70,,84699,34,4,,0,30,,84698,34,4,,0,70,,84701,34,4,,0,29,,99304,34,4,,0,70,,84706,34,4,,0,28,,84709,34,4,,0,70,,84708,34,4,,0,30,,99306,34,4,,0,70,,84711,34,4,,0,30,,105805,34,0,5,0
700,'5461',730,,84728,34,4,,0,75,,84730,34,4,,0,45,,84716,34,4,,0,77,,84729,34,4,,0,82,,84731,34,4,,0,30,,84712,34,4,,0,70,,99307,34,4,,0,30,,84719,34,4,,0,70,,84714,34,4,,0,31,,84718,34,4,,0,70,,84715,34,4,,0,30,,84713,34,4,,0,70,,99308,34,4,,0,30,,84721,34,4,,0,70,,84722,34,4,,0,30,,84723,34,4,,0,70,,99309,34,4,,0,30,,84724,34,4,,0,70,,84727,34,4,,0,29,,84726,34,4,,0,70,,84732,34,4,,0,28,,99311,34,4,,0,70,,84734,34,4,,0,30,,99310,34,4,,0,70,,84737,34,4,,0,30,,105806,34,0,5,0
700,'5462',730,,84754,34,4,,0,75,,84756,34,4,,0,45,,84742,34,4,,0,77,,84755,34,4,,0,82,,84757,34,4,,0,30,,84738,34,4,,0,70,,99313,34,4,,0,30,,84745,34,4,,0,70,,84740,34,4,,0,31,,84744,34,4,,0,70,,84741,34,4,,0,30,,84739,34,4,,0,70,,99314,34,4,,0,30,,84747,34,4,,0,70,,84748,34,4,,0,30,,84749,34,4,,0,70,,99315,34,4,,0,30,,84750,34,4,,0,70,,84753,34,4,,0,29,,84752,34,4,,0,70,,84758,34,4,,0,28,,99317,34,4,,0,70,,84760,34,4,,0,30,,99316,34,4,,0,70,,84763,34,4,,0,30,,105807,34,0,5,0
700,'5463',730,,84780,34,4,,0,75,,84782,34,4,,0,45,,84768,34,4,,0,77,,84781,34,4,,0,82,,84783,34,4,,0,30,,84764,34,4,,0,70,,99319,34,4,,0,30,,84771,34,4,,0,70,,84766,34,4,,0,31,,84770,34,4,,0,70,,84767,34,4,,0,30,,84765,34,4,,0,70,,99320,34,4,,0,30,,84773,34,4,,0,70,,84774,34,4,,0,30,,84775,34,4,,0,70,,99321,34,4,,0,30,,84776,34,4,,0,70,,84779,34,4,,0,29,,84778,34,4,,0,70,,84784,34,4,,0,28,,99323,34,4,,0,70,,84786,34,4,,0,30,,99322,34,4,,0,70,,84789,34,4,,0,30,,105808,34,0,5,0
2100,'5456',616,,88095,1,,,0,28,,88115,1,,,0,57,,88094,1,,,0,15,,88120,1,,,0,9,,88135,1,0,17,0,7,,88108,1,,,0,9,,88140,1,,,0,4,,88128,1,,,0,57,,88099,1,,,0,16,,88123,1,,,0,20,,88098,1,0,17,0,18,,88130,1,,,0,58,,88114,1,0,17,0,20,,88100,1,,,0,21,,88119,1,0,17,0,60,,88127,1,,,0,20,,88097,1,0,17,0,20,,88101,1,,,0,60,,88132,1,0,18 19,0,20,,88113,1,,,0,21,,88102,1,0,17,0,60,,88121,1,,,0,20,,88126,1,0,17,0,20,,88103,1,,,0,60,,88105,1,0,17,0,17,,88136,1,,,0,19,,88133,1,,,0,56,,88116,1,,,0,15,,88104,1,0,17,0,18,,88139,1,,,0,18,,88118,1,,,0,57,,88124,1,,,0,20,,88107,1,,,0,18,,88106,1,,,0,58,,88137,1,0,18 19,0,18,,88134,1,,,0,18,,88117,1,,,0,59,,100406,1,,,0,19,,88138,1,0,17,0,18,,88122,1,0,17,0,56,,88129,1,0,17,0,32,,88110,1,0,17,0,71,,88131,1,0,17,0,30,,88111,1,0,17,0,73,,88125,1,0,17,0,29,,88112,1,0,17,0
2100,'5458',616,,88142,1,,,0,28,,88162,1,,,0,57,,88141,1,,,0,15,,88167,1,,,0,9,,88182,1,0,17,0,7,,88155,1,,,0,9,,88187,1,,,0,4,,88175,1,,,0,57,,88146,1,,,0,16,,88170,1,,,0,20,,88145,1,0,17,0,18,,88177,1,,,0,58,,88161,1,0,17,0,20,,88147,1,,,0,21,,88166,1,0,17,0,60,,88174,1,,,0,20,,88144,1,0,17,0,20,,88148,1,,,0,60,,88179,1,0,18 19,0,20,,88160,1,,,0,21,,88149,1,0,17,0,60,,88168,1,,,0,20,,88173,1,0,17,0,20,,88150,1,,,0,60,,88152,1,0,17,0,17,,88183,1,,,0,19,,88180,1,,,0,56,,88163,1,,,0,15,,88151,1,0,17,0,18,,88186,1,,,0,18,,88165,1,,,0,57,,88171,1,,,0,20,,88154,1,,,0,18,,88153,1,,,0,58,,88184,1,0,18 19,0,18,,88181,1,,,0,18,,88164,1,,,0,59,,100407,1,,,0,19,,88185,1,0,17,0,18,,88169,1,0,17,0,56,,88176,1,0,17,0,32,,88157,1,0,17,0,71,,88178,1,0,17,0,30,,88158,1,0,17,0,73,,88172,1,0,17,0,29,,88159,1,0,17,0
2100,'5459',705,,100416,1,0,17,0,45,,88214,1,0,17,0,80,,88198,1,0,18 19,0,70,,100417,1,0,17,0,39,,88191,1,0,17,0,70,,88209,1,0,17,0,31,,100410,1,0,17,0,71,,100415,1,0,17,0,30,,88188,1,0,17,0,71,,100408,1,0,18 19,0,30,,88210,1,0,17,0,70,,100411,1,0,17,0,30,,88202,1,0,17,0,68,,100409,1,0,18 19,0,32,,88192,1,0,17,0,70,,88211,1,0,17,0,30,,100412,1,0,17,0,70,,88204,1,0,18 19,0,30,,88196,1,0,17,0,70,,100413,1,0,17,0,30,,88213,1,0,17,0,70,,100414,1,0,18 19,0,28,,88205,1,0,17,0,69,,88200,1,0,17,0,28,,88201,1,0,17,0,70,,88212,1,0,17,0,30,,88206,1,0,17,0
2100,'5460',730,,88232,1,0,17,0,75,,88231,1,0,17,0,45,,88219,1,0,18 19,0,77,,100423,1,0,17,0,82,,88233,1,0,17,0,30,,100418,1,0,17,0,70,,100421,1,0,17,0,30,,88221,1,0,17,0,70,,100420,1,0,18 19,0,31,,88220,1,0,17,0,70,,100419,1,0,17,0,30,,88222,1,0,17,0,70,,100422,1,0,18 19,0,30,,88225,1,0,17,0,70,,88226,1,0,17,0,30,,88224,1,0,17,0,70,,88229,1,0,18 19,0,30,,88227,1,0,17,0,70,,88228,1,0,17,0,29,,100424,1,0,17,0,70,,88235,1,0,18 19,0,28,,88237,1,0,17,0,70,,88236,1,0,17,0,30,,100425,1,0,17,0,70,,88238,1,0,17,0
2100,'5461',730,,88257,1,0,17,0,75,,88256,1,0,17,0,45,,88244,1,0,18 19,0,77,,88255,1,0,17,0,82,,88258,1,0,17,0,30,,88240,1,0,17,0,70,,100426,1,0,17,0,30,,88246,1,0,17,0,70,,88242,1,0,18 19,0,31,,88245,1,0,17,0,70,,88241,1,0,17,0,30,,88247,1,0,17,0,70,,100427,1,0,18 19,0,30,,88250,1,0,17,0,70,,88251,1,0,17,0,30,,88249,1,0,17,0,70,,100428,1,0,18 19,0,30,,88252,1,0,17,0,70,,88253,1,0,17,0,29,,88259,1,0,17,0,70,,88260,1,0,18 19,0,28,,100429,1,0,17,0,70,,88261,1,0,17,0,30,,100430,1,0,17,0,70,,88263,1,0,17,0
2100,'5462',730,,88282,1,0,17,0,75,,88281,1,0,17,0,45,,88269,1,0,18 19,0,77,,88280,1,0,17,0,82,,88283,1,0,17,0,30,,88265,1,0,17,0,70,,100431,1,0,17,0,30,,88271,1,0,17,0,70,,88267,1,0,18 19,0,31,,88270,1,0,17,0,70,,88266,1,0,17,0,30,,88272,1,0,17,0,70,,100432,1,0,18 19,0,30,,88275,1,0,17,0,70,,88276,1,0,17,0,30,,88274,1,0,17,0,70,,100433,1,0,18 19,0,30,,88277,1,0,17,0,70,,88278,1,0,17,0,29,,88284,1,0,17,0,70,,88285,1,0,18 19,0,28,,100434,1,0,17,0,70,,88286,1,0,17,0,30,,100435,1,0,17,0,70,,88288,1,0,17,0
2100,'5463',730,,88307,1,0,17,0,75,,88306,1,0,17,0,45,,88294,1,0,18 19,0,77,,88305,1,0,17,0,82,,88308,1,0,17,0,30,,88290,1,0,17,0,70,,100436,1,0,17,0,30,,88296,1,0,17,0,70,,88292,1,0,18 19,0,31,,88295,1,0,17,0,70,,88291,1,0,17,0,30,,88297,1,0,17,0,70,,100437,1,0,18 19,0,30,,88300,1,0,17,0,70,,88301,1,0,17,0,30,,88299,1,0,17,0,70,,100438,1,0,18 19,0,30,,88302,1,0,17,0,70,,88303,1,0,17,0,29,,88309,1,0,17,0,70,,88310,1,0,18 19,0,28,,100439,1,0,17,0,70,,88311,1,0,17,0,30,,100440,1,0,17,0,70,,88313,1,0,17,0
14000700,'5456',2205,,98428,38,4,,0,29,,98424,38,4,,0,71,,98429,38,4,,0,29,,98425,38,4,,0,71,,98427,38,4,,0,29,,98426,38,4,,0
14000700,'5458',2205,,98434,38,4,,0,29,,98430,38,4,,0,71,,98435,38,4,,0,29,,98431,38,4,,0,71,,98433,38,4,,0,29,,98432,38,4,,0
14000700,'5459',2205,,98436,38,4,,0,33,,98437,38,4,,0,69,,98438,38,4,,0,29,,98439,38,4,,0,70,,98440,38,4,,0,31,,98441,38,4,,0
14000700,'5460',2107,,98442,38,4,,0,31,,98443,38,4,,0,69,,98444,38,4,,0,100,,98445,38,4,,0,97,,98446,38,4,,0
14000700,'5461',2107,,98447,38,4,,0,31,,98448,38,4,,0,69,,98449,38,4,,0,100,,98450,38,4,,0,97,,98451,38,4,,0
14000700,'5462',2107,,98452,38,4,,0,31,,98453,38,4,,0,69,,98454,38,4,,0,100,,98455,38,4,,0,97,,98456,38,4,,0
14000700,'5463',2107,,98457,38,4,,0,31,,98458,38,4,,0,69,,98459,38,4,,0,100,,98460,38,4,,0,97,,98461,38,4,,0
14002100,'5456',2105,,98507,1,,,0,30,,98504,1,,,0,70,,98506,1,,,0,100,,98508,1,,,0,100,,98505,1,,,0
14002100,'5458',2105,,98512,1,,,0,30,,98509,1,,,0,70,,98511,1,,,0,100,,98513,1,,,0,100,,98510,1,,,0
14002100,'5459',2105,,98514,1,,,0,30,,98515,1,,,0,70,,98516,1,,,0,102,,98517,1,,,0,99,,98518,1,,,0
14002100,'5460',2107,,98519,1,,,0,100,,98520,1,,,0,100,,98521,1,,,0
14002100,'5461',2107,,98522,1,,,0,100,,98523,1,,,0,100,,98524,1,,,0
14002100,'5462',2107,,98525,1,,,0,100,,98526,1,,,0,100,,98527,1,,,0
14002100,'5463',2107,,98528,1,,,0,100,,98529,1,,,0,100,,98530,1,,,0
