2100,'5456',631,,88095,14,,,0,28,,88115,14,,,0,58,,88094,14,,,0,16,,88120,14,,,0,9,,88135,14,0,17,0,7,,88108,14,,,0,9,,88140,14,,,0,44,,88128,14,,,0,17,,88099,14,,,0,16,,88123,14,,,0,20,,88098,14,0,17,0,58,,88130,14,,,0,18,,88114,14,0,17,0,20,,88100,14,,,0,61,,88119,14,0,17,0,20,,88127,14,,,0,20,,88097,14,0,17,0,60,,88101,14,,,0,20,,88132,14,0,18 19,0,21,,88113,14,,,0,61,,88102,14,0,17,0,20,,88121,14,,,0,20,,88126,14,0,17,0,60,,88103,14,,,0,21,,88105,14,0,17,0,17,,88136,14,,,0,59,,88133,14,,,0,16,,88116,14,,,0,15,,88104,14,0,17,0,60,,88139,14,,,0,18,,88118,14,,,0,17,,88124,14,,,0,20,,88107,14,,,0,58,,88106,14,,,0,18,,88137,14,0,18 19,0,18,,88134,14,,,0,58,,88117,14,,,0,19,,100406,14,,,0,18,,88138,14,0,17,0,56,,88122,14,0,17,0,16,,88129,14,0,17,0,32,,88110,14,0,17,0,69,,88131,14,0,17,0,29,,88111,14,0,17,0,73,,88125,14,0,17,0,29,,88112,14,0,17,0
2100,'5458',631,,88142,14,,,0,28,,88162,14,,,0,58,,88141,14,,,0,16,,88167,14,,,0,9,,88182,14,0,17,0,7,,88155,14,,,0,9,,88187,14,,,0,44,,88175,14,,,0,17,,88146,14,,,0,16,,88170,14,,,0,20,,88145,14,0,17,0,58,,88177,14,,,0,18,,88161,14,0,17,0,20,,88147,14,,,0,61,,88166,14,0,17,0,20,,88174,14,,,0,20,,88144,14,0,17,0,60,,88148,14,,,0,20,,88179,14,0,18 19,0,21,,88160,14,,,0,61,,88149,14,0,17,0,20,,88168,14,,,0,20,,88173,14,0,17,0,60,,88150,14,,,0,21,,88152,14,0,17,0,17,,88183,14,,,0,59,,88180,14,,,0,16,,88163,14,,,0,15,,88151,14,0,17,0,60,,88186,14,,,0,18,,88165,14,,,0,17,,88171,14,,,0,20,,88154,14,,,0,58,,88153,14,,,0,18,,88184,14,0,18 19,0,18,,88181,14,,,0,58,,88164,14,,,0,19,,100407,14,,,0,18,,88185,14,0,17,0,56,,88169,14,0,17,0,16,,88176,14,0,17,0,32,,88157,14,0,17,0,69,,88178,14,0,17,0,29,,88158,14,0,17,0,73,,88172,14,0,17,0,29,,88159,14,0,17,0
2100,'5459',719,,100416,14,0,17,0,85,,88214,14,0,17,0,40,,88198,14,0,18 19,0,71,,100417,14,0,17,0,39,,88191,14,0,17,0,70,,88209,14,0,17,0,33,,100410,14,0,17,0,71,,100415,14,0,17,0,30,,88188,14,0,17,0,71,,100408,14,0,18 19,0,30,,88210,14,0,17,0,71,,100411,14,0,17,0,70,,88202,14,0,17,0,28,,100409,14,0,18 19,0,72,,88192,14,0,17,0,30,,88211,14,0,17,0,29,,100412,14,0,17,0,70,,88204,14,0,18 19,0,30,,88196,14,0,17,0,70,,100413,14,0,17,0,30,,88213,14,0,17,0,70,,100414,14,0,18 19,0,28,,88205,14,0,17,0,69,,88200,14,0,17,0,28,,88201,14,0,17,0,68,,88212,14,0,17,0,30,,88206,14,0,17,0
2100,'5460',744,,88232,14,0,17,0,75,,88231,14,0,17,0,85,,88219,14,0,18 19,0,37,,100423,14,0,17,0,84,,88233,14,0,17,0,30,,100418,14,0,17,0,70,,100421,14,0,17,0,30,,88221,14,0,17,0,70,,100420,14,0,18 19,0,31,,88220,14,0,17,0,70,,100419,14,0,17,0,30,,88222,14,0,17,0,70,,100422,14,0,18 19,0,30,,88225,14,0,17,0,70,,88226,14,0,17,0,30,,88224,14,0,17,0,70,,88229,14,0,18 19,0,30,,88227,14,0,17,0,70,,88228,14,0,17,0,29,,100424,14,0,17,0,70,,88235,14,0,18 19,0,28,,88237,14,0,17,0,69,,88236,14,0,17,0,30,,100425,14,0,17,0,70,,88238,14,0,17,0
2100,'5461',744,,88257,14,0,17,0,75,,88256,14,0,17,0,85,,88244,14,0,18 19,0,37,,88255,14,0,17,0,84,,88258,14,0,17,0,30,,88240,14,0,17,0,70,,100426,14,0,17,0,30,,88246,14,0,17,0,70,,88242,14,0,18 19,0,31,,88245,14,0,17,0,70,,88241,14,0,17,0,30,,88247,14,0,17,0,70,,100427,14,0,18 19,0,30,,88250,14,0,17,0,70,,88251,14,0,17,0,30,,88249,14,0,17,0,70,,100428,14,0,18 19,0,30,,88252,14,0,17,0,70,,88253,14,0,17,0,29,,88259,14,0,17,0,70,,88260,14,0,18 19,0,28,,100429,14,0,17,0,69,,88261,14,0,17,0,30,,100430,14,0,17,0,70,,88263,14,0,17,0
2100,'5462',744,,88282,14,0,17,0,75,,88281,14,0,17,0,85,,88269,14,0,18 19,0,37,,88280,14,0,17,0,84,,88283,14,0,17,0,30,,88265,14,0,17,0,70,,100431,14,0,17,0,30,,88271,14,0,17,0,70,,88267,14,0,18 19,0,31,,88270,14,0,17,0,70,,88266,14,0,17,0,30,,88272,14,0,17,0,70,,100432,14,0,18 19,0,30,,88275,14,0,17,0,70,,88276,14,0,17,0,30,,88274,14,0,17,0,70,,100433,14,0,18 19,0,30,,88277,14,0,17,0,70,,88278,14,0,17,0,29,,88284,14,0,17,0,70,,88285,14,0,18 19,0,28,,100434,14,0,17,0,69,,88286,14,0,17,0,30,,100435,14,0,17,0,70,,88288,14,0,17,0
2100,'5463',744,,88307,14,0,17,0,75,,88306,14,0,17,0,85,,88294,14,0,18 19,0,37,,88305,14,0,17,0,84,,88308,14,0,17,0,30,,88290,14,0,17,0,70,,100436,14,0,17,0,30,,88296,14,0,17,0,70,,88292,14,0,18 19,0,31,,88295,14,0,17,0,70,,88291,14,0,17,0,30,,88297,14,0,17,0,70,,100437,14,0,18 19,0,30,,88300,14,0,17,0,70,,88301,14,0,17,0,30,,88299,14,0,17,0,70,,100438,14,0,18 19,0,30,,88302,14,0,17,0,70,,88303,14,0,17,0,29,,88309,14,0,17,0,70,,88310,14,0,18 19,0,28,,100439,14,0,17,0,69,,88311,14,0,17,0,30,,100440,14,0,17,0,70,,88313,14,0,17,0
2200,'5456',615,,100489,29,,,0,30,,88567,29,,,0,69,,100490,29,,,0,30,,100492,29,,,0,68,,88576,12,0,20 7,0,6,,100491,29,,,0,23,,100495,29,,,0,70,,100493,29,,,0,102,,100494,29,,,0,26,,100496,29,,,0,70,,88574,29,,,0,102,,100498,29,0,21 22,0,30,,100497,29,0,21 22,0,70,,100499,29,0,21 22,0,30,,100500,29,0,21 22,0,101,,100501,29,0,21 22,0,70,,100502,29,0,21 22,0,36,,100503,29,0,21 22,0,102,,88583,29,0,21 22,0,97,,100504,29,0,21 22,0,69,,100505,29,,,0,25,,100506,29,,,0,98,,88587,29,,,0,70,,88588,29,,,0,29,,100507,29,,,0,68,,88590,29,,,0
2200,'5458',615,,100508,29,,,0,30,,88596,29,,,0,69,,100509,29,,,0,30,,100511,29,,,0,68,,88605,12,0,20 7,0,6,,100510,29,,,0,23,,100514,29,,,0,70,,100512,29,,,0,102,,100513,29,,,0,26,,100515,29,,,0,70,,88603,29,,,0,102,,100517,29,0,21 22,0,30,,100516,29,0,21 22,0,70,,100518,29,0,21 22,0,30,,100519,29,0,21 22,0,101,,100520,29,0,21 22,0,70,,100521,29,0,21 22,0,36,,100522,29,0,21 22,0,102,,88613,29,0,21 22,0,97,,100523,29,0,21 22,0,69,,100524,29,,,0,25,,100525,29,,,0,98,,88617,29,,,0,70,,88618,29,,,0,29,,100526,29,,,0,68,,88620,29,,,0
2200,'5459',704,,100537,29,,,0,40,,88628,29,,,0,80,,88632,29,,,0,80,,100540,29,,,0,32,,88629,29,,,0,70,,88623,29,,,0,31,,88630,29,,,0,72,,100539,29,,,0,31,,88627,29,,,0,70,,88626,29,,,0,31,,88631,29,,,0,70,,88624,29,,,0,31,,100544,29,,,0,70,,100527,29,,,0,30,,100533,29,,,0,70,,100529,29,,,0,30,,100532,29,,,0,69,,100543,29,,,0,29,,100534,29,,,0,71,,100528,29,,,0,30,,100536,29,,,0,73,,100535,29,,,0,30,,100531,29,,,0,68,,100530,29,,,0,29,,100545,29,,,0,69,,100546,29,,,0,27,,100542,29,,,0,68,,100538,29,,,0
2200,'5460',753,,88656,29,,,0,101,,100551,29,,,0,80,,88658,29,,,0,71,,100548,29,,,0,32,,100549,29,,,0,70,,100550,29,,,0,30,,88660,29,,,0,69,,100553,29,,,0,32,,100552,29,,,0,70,,88662,29,,,0,30,,88663,29,,,0,70,,100554,29,,,0,30,,88670,29,,,0,70,,88664,29,,,0,30,,88665,29,,,0,70,,105816,29,,,0,30,,88667,29,,,0,72,,88668,29,,,0,30,,88669,29,,,0,70,,105817,29,,,0,29,,88673,29,,,0,68,,88674,29,,,0,30,,88675,29,,,0,115,,105818,12,,,0
2200,'5461',753,,88680,29,,,0,101,,88681,29,,,0,80,,88682,29,,,0,71,,88677,29,,,0,32,,88678,29,,,0,70,,88679,29,,,0,30,,88684,29,,,0,69,,88685,29,,,0,32,,88683,29,,,0,70,,88686,29,,,0,30,,88687,29,,,0,70,,88695,29,,,0,30,,88694,29,,,0,70,,88688,29,,,0,30,,88689,29,,,0,70,,88690,29,,,0,30,,100555,29,,,0,72,,88692,29,,,0,30,,88693,29,,,0,70,,88696,29,,,0,29,,100556,29,,,0,68,,88698,29,,,0,30,,88699,29,,,0,115,,105819,12,,,0
2200,'5462',753,,88704,29,,,0,101,,88705,29,,,0,80,,88706,29,,,0,71,,88701,29,,,0,32,,88702,29,,,0,70,,88703,29,,,0,30,,88708,29,,,0,69,,88709,29,,,0,32,,88707,29,,,0,70,,88710,29,,,0,30,,88711,29,,,0,70,,88719,29,,,0,30,,88718,29,,,0,70,,88712,29,,,0,30,,88713,29,,,0,70,,88714,29,,,0,30,,100558,29,,,0,72,,88716,29,,,0,30,,88717,29,,,0,70,,88720,29,,,0,29,,100559,29,,,0,68,,88722,29,,,0,30,,88723,29,,,0,115,,105820,12,,,0
2200,'5463',753,,88728,29,,,0,101,,88729,29,,,0,80,,88730,29,,,0,71,,88725,29,,,0,32,,88726,29,,,0,70,,88727,29,,,0,30,,88732,29,,,0,69,,88733,29,,,0,32,,88731,29,,,0,70,,88734,29,,,0,30,,88735,29,,,0,70,,88743,29,,,0,30,,88742,29,,,0,70,,88736,29,,,0,30,,88737,29,,,0,70,,88738,29,,,0,30,,100561,29,,,0,72,,88740,29,,,0,30,,88741,29,,,0,70,,88744,29,,,0,29,,100562,29,,,0,68,,88746,29,,,0,30,,88747,29,,,0,115,,105821,12,,,0
2601,'5456',612,,89748,25,,,0,22,,89749,25,,,0,18,,101124,25,,,0,56,,89751,25,,,0,14,,89752,25,,,0,15,,101125,25,,,0,16,,101126,25,,,0,58,,89755,25,,,0,16,,89756,25,,,0,12,,101127,25,,,0,10,,89758,25,,,0,55,,89759,25,,,0,14,,101128,25,,,0,14,,101129,25,,,0,15,,101130,25,,,0,55,,89763,25,,,0,15,,89764,25,,,0,15,,89765,25,,,0,15,,101131,25,,,0,55,,101132,25,,,0,15,,101133,25,,,0,15,,89769,25,,,0,15,,101134,25,,,0,55,,89771,25,,,0,15,,89772,25,,,0,16,,89773,25,,,0,14,,89774,25,,,0,55,,89775,25,,,0,16,,101135,25,,,0,15,,89777,25,,,0,14,,89778,25,,,0,12,,89779,25,,,0,53,,89780,25,,,0,12,,101136,25,,,0,14,,89782,25,,,0,15,,89783,25,,,0,53,,89784,25,,,0,15,,89785,25,,,0,15,,101137,25,,,0,16,,89787,25,,,0,55,,101138,25,,,0,16,,101139,25,,,0,17,,89790,25,,,0,16,,101140,25,,,0,57,,89792,25,,,0,16,,89793,25,,,0,15,,89794,25,,,0,14,,89795,25,,,0,57,,101141,25,,,0,17,,101142,25,,,0,12,,101143,25,,,0,15,,89799,25,,,0,55,,89800,25,,,0,16,,101144,25,,,0,15,,89802,25,,,0,60,,101145,25,,,0,20,,101146,25,,,0,20,,89805,25,,,0,58,,89806,25,,,0,20,,89807,25,,,0,20,,89808,25,,,0,69,,101147,25,,,0,31,,89810,25,,,0,70,,89811,25,,,0,30,,101148,25,,,0,68,,89813,25,,,0,31,,89814,25,,,0
2601,'5458',612,,89815,25,,,0,22,,89816,25,,,0,18,,101149,25,,,0,56,,89818,25,,,0,14,,89819,25,,,0,15,,101150,25,,,0,16,,101151,25,,,0,58,,89822,25,,,0,16,,89823,25,,,0,12,,101152,25,,,0,10,,89825,25,,,0,55,,89826,25,,,0,14,,101153,25,,,0,14,,101154,25,,,0,15,,101155,25,,,0,55,,89830,25,,,0,15,,89831,25,,,0,15,,89832,25,,,0,15,,101156,25,,,0,55,,101157,25,,,0,15,,101158,25,,,0,15,,89836,25,,,0,15,,101159,25,,,0,55,,89838,25,,,0,15,,89839,25,,,0,16,,89840,25,,,0,14,,89841,25,,,0,55,,89842,25,,,0,16,,101160,25,,,0,15,,89844,25,,,0,14,,89845,25,,,0,12,,89846,25,,,0,53,,89847,25,,,0,12,,101161,25,,,0,14,,89849,25,,,0,15,,89850,25,,,0,53,,89851,25,,,0,15,,89852,25,,,0,15,,101162,25,,,0,16,,89854,25,,,0,55,,101163,25,,,0,16,,101164,25,,,0,17,,89857,25,,,0,16,,101165,25,,,0,57,,89859,25,,,0,16,,89860,25,,,0,15,,89861,25,,,0,14,,89862,25,,,0,57,,101166,25,,,0,17,,101167,25,,,0,12,,101168,25,,,0,15,,89866,25,,,0,55,,89867,25,,,0,16,,101169,25,,,0,15,,89869,25,,,0,60,,101170,25,,,0,20,,101171,25,,,0,20,,89872,25,,,0,58,,89873,25,,,0,20,,89874,25,,,0,20,,89875,25,,,0,69,,101172,25,,,0,31,,89877,25,,,0,70,,89878,25,,,0,30,,101173,25,,,0,68,,89880,25,,,0,31,,89881,25,,,0,70,,101174,25,,,0
2601,'5459',637,,89884,25,,,0,70,,89885,25,,,0,26,,101176,25,,,0,17,,89887,25,,,0,57,,89888,25,,,0,17,,89889,25,,,0,18,,89890,25,,,0,59,,101177,25,,,0,17,,89892,25,,,0,17,,101178,25,,,0,17,,89894,25,,,0,57,,89895,25,,,0,17,,89896,25,,,0,17,,89897,25,,,0,57,,89898,25,,,0,19,,101179,25,,,0,17,,89900,25,,,0,18,,101175,25,,,0,57,,101180,25,,,0,17,,89902,25,,,0,17,,89903,25,,,0,57,,89904,25,,,0,17,,101181,25,,,0,16,,89906,25,,,0,17,,89907,25,,,0,57,,101182,25,,,0,17,,101183,25,,,0,17,,89910,25,,,0,57,,89911,25,,,0,16,,101184,25,,,0,16,,89913,25,,,0,16,,89914,25,,,0,55,,89915,25,,,0,17,,101185,25,,,0,17,,89917,25,,,0,17,,89918,25,,,0,56,,101186,25,,,0,17,,101187,25,,,0,18,,89921,25,,,0,60,,101188,25,,,0,20,,89923,25,,,0,19,,89924,25,,,0,60,,101189,25,,,0,20,,89926,25,,,0,20,,101190,25,,,0,58,,89928,25,,,0,20,,89929,25,,,0,19,,101191,25,,,0,60,,89931,25,,,0,20,,101192,25,,,0,20,,89933,25,,,0,60,,89934,25,,,0,20,,101193,25,,,0,21,,89936,25,,,0,70,,101194,25,,,0,30,,89938,25,,,0,69,,89939,25,,,0,30,,101195,25,,,0,72,,89941,25,,,0
2601,'5460',657,,101199,25,,,0,62,,101197,25,,,0,23,,89942,25,,,0,62,,89961,25,,,0,20,,101200,25,,,0,26,,101196,25,,,0,62,,89944,25,,,0,20,,89962,25,,,0,23,,101198,25,,,0,58,,89945,25,,,0,18,,89949,25,,,0,18,,89943,25,,,0,58,,89963,25,,,0,18,,89947,25,,,0,19,,101202,25,,,0,58,,89946,25,,,0,18,,89950,25,,,0,18,,89948,25,,,0,18,,89959,25,,,0,59,,89956,25,,,0,18,,101203,25,,,0,18,,89953,25,,,0,58,,89964,25,,,0,18,,89957,25,,,0,18,,89960,25,,,0,58,,89958,25,,,0,18,,101201,25,,,0,17,,89954,25,,,0,18,,89978,25,,,0,58,,89973,25,,,0,18,,89977,25,,,0,17,,89971,25,,,0,57,,101204,25,,,0,17,,89970,25,,,0,20,,89976,25,,,0,60,,89974,25,,,0,20,,89975,25,,,0,20,,89979,25,,,0,60,,89972,25,,,0,19,,89982,25,,,0,19,,89988,25,,,0,60,,89984,25,,,0,20,,89987,25,,,0,20,,89983,25,,,0,60,,89981,25,,,0,20,,89985,25,,,0,22,,101205,25,,,0,70,,89989,25,,,0,29,,89990,25,,,0,70,,101206,25,,,0,30,,89992,25,,,0
2601,'5461',657,,90016,25,,,0,62,,90003,25,,,0,23,,89993,25,,,0,62,,90012,25,,,0,20,,90017,25,,,0,26,,90002,25,,,0,62,,89995,25,,,0,20,,90013,25,,,0,23,,90006,25,,,0,58,,101207,25,,,0,18,,90000,25,,,0,18,,89994,25,,,0,58,,90014,25,,,0,18,,89998,25,,,0,19,,90019,25,,,0,58,,101208,25,,,0,18,,101209,25,,,0,18,,89999,25,,,0,18,,90010,25,,,0,59,,90007,25,,,0,18,,90020,25,,,0,18,,101210,25,,,0,58,,101213,25,,,0,18,,101212,25,,,0,18,,90011,25,,,0,58,,90009,25,,,0,18,,90018,25,,,0,17,,101211,25,,,0,18,,90029,25,,,0,58,,101216,25,,,0,18,,90028,25,,,0,17,,90022,25,,,0,57,,90031,25,,,0,17,,101214,25,,,0,20,,90027,25,,,0,60,,101217,25,,,0,20,,101218,25,,,0,20,,101219,25,,,0,60,,101215,25,,,0,19,,101221,25,,,0,19,,90039,25,,,0,60,,101223,25,,,0,20,,101224,25,,,0,20,,101222,25,,,0,60,,101220,25,,,0,20,,90036,25,,,0,22,,90037,25,,,0,70,,101225,25,,,0,29,,101226,25,,,0,70,,101227,25,,,0,30,,101228,25,,,0
2601,'5462',657,,90067,25,,,0,62,,90054,25,,,0,23,,90044,25,,,0,62,,90063,25,,,0,20,,90068,25,,,0,26,,90053,25,,,0,62,,90046,25,,,0,20,,90064,25,,,0,23,,90057,25,,,0,58,,101229,25,,,0,18,,90051,25,,,0,18,,90045,25,,,0,58,,90065,25,,,0,18,,90049,25,,,0,19,,90070,25,,,0,58,,101230,25,,,0,18,,101231,25,,,0,18,,90050,25,,,0,18,,90061,25,,,0,59,,90058,25,,,0,18,,90071,25,,,0,18,,101232,25,,,0,58,,101235,25,,,0,18,,101234,25,,,0,18,,90062,25,,,0,58,,90060,25,,,0,18,,90069,25,,,0,17,,101233,25,,,0,18,,90080,25,,,0,58,,101238,25,,,0,18,,90079,25,,,0,17,,90073,25,,,0,57,,90082,25,,,0,17,,101236,25,,,0,20,,90078,25,,,0,60,,101239,25,,,0,20,,101240,25,,,0,20,,101241,25,,,0,60,,101237,25,,,0,19,,101243,25,,,0,19,,90090,25,,,0,60,,101245,25,,,0,20,,101246,25,,,0,20,,101244,25,,,0,60,,101242,25,,,0,20,,90087,25,,,0,22,,90088,25,,,0,70,,101247,25,,,0,29,,101248,25,,,0,70,,101249,25,,,0,30,,101250,25,,,0
2601,'5463',657,,90118,25,,,0,62,,90105,25,,,0,23,,90095,25,,,0,62,,90114,25,,,0,20,,90119,25,,,0,26,,90104,25,,,0,62,,90097,25,,,0,20,,90115,25,,,0,23,,90108,25,,,0,58,,101251,25,,,0,18,,90102,25,,,0,18,,90096,25,,,0,58,,90116,25,,,0,18,,90100,25,,,0,19,,90121,25,,,0,58,,101252,25,,,0,18,,101253,25,,,0,18,,90101,25,,,0,18,,90112,25,,,0,59,,90109,25,,,0,18,,90122,25,,,0,18,,101254,25,,,0,58,,101257,25,,,0,18,,101256,25,,,0,18,,90113,25,,,0,58,,90111,25,,,0,18,,90120,25,,,0,17,,101255,25,,,0,18,,90131,25,,,0,58,,101260,25,,,0,18,,90130,25,,,0,17,,90124,25,,,0,57,,90133,25,,,0,17,,101258,25,,,0,20,,90129,25,,,0,60,,101261,25,,,0,20,,101262,25,,,0,20,,101263,25,,,0,60,,101259,25,,,0,19,,101265,25,,,0,19,,90141,25,,,0,60,,101267,25,,,0,20,,101268,25,,,0,20,,101266,25,,,0,60,,101264,25,,,0,20,,90138,25,,,0,22,,90139,25,,,0,70,,101269,25,,,0,29,,101270,25,,,0,70,,101271,25,,,0,30,,101272,25,,,0
1002200,'5456',944,,105661,29,,,0,195,,98196,29,0,21 22,0,272,,105662,29,0,21 22,0,209,,105663,29,0,21 22,0,98,,105664,29,0,21 22,0,195,,98200,29,0,21 22,0
1002200,'5458',944,,105665,29,,,0,195,,98202,29,0,21 22,0,272,,105666,29,0,21 22,0,209,,105667,29,0,21 22,0,98,,105668,29,0,21 22,0,195,,98206,29,0,21 22,0
14002100,'5456',2120,,98507,14,,,0,30,,98504,14,,,0,70,,98506,14,,,0,100,,98508,14,,,0,99,,98505,14,,,0
14002100,'5458',2120,,98512,14,,,0,30,,98509,14,,,0,70,,98511,14,,,0,100,,98513,14,,,0,99,,98510,14,,,0
14002100,'5459',2120,,98514,14,,,0,30,,98515,14,,,0,70,,98516,14,,,0,102,,98517,14,,,0,98,,98518,14,,,0
14002100,'5460',2122,,98519,14,,,0,100,,98520,14,,,0,99,,98521,14,,,0
14002100,'5461',2122,,98522,14,,,0,100,,98523,14,,,0,99,,98524,14,,,0
14002100,'5462',2122,,98525,14,,,0,100,,98526,14,,,0,99,,98527,14,,,0
14002100,'5463',2122,,98528,14,,,0,100,,98529,14,,,0,99,,98530,14,,,0
