1701,'5456',1506,,88092,10,,,0
1701,'5458',1506,,88093,10,,,0
2500,'5456',632,,89129,66,,,0,77,,89131,66,,,0,37,,89135,66,,,0,81,,89130,66,,,0,27,,89132,66,,,0,93,,89133,66,,,0,103,,89134,66,,,0,101,,89136,66,,,0,101,,89137,66,,,0,100,,89138,66,,,0,101,,89139,66,,,0,102,,89140,58,,,0,80,,89141,66,,,0,87,,89142,66,,,0,89,,89143,66,,,0,98,,89144,66,,,0,99,,89145,66,,,0,120,,89146,66,,,0,127,,89147,66,,,0
2500,'5458',632,,89149,66,,,0,77,,89151,66,,,0,37,,89155,66,,,0,81,,89150,66,,,0,27,,89152,66,,,0,93,,89153,66,,,0,103,,89154,66,,,0,101,,89156,66,,,0,101,,89157,66,,,0,100,,89158,66,,,0,101,,89159,66,,,0,102,,89160,58,,,0,80,,89161,66,,,0,87,,89162,66,,,0,89,,89163,66,,,0,98,,89164,66,,,0,99,,89165,66,,,0,120,,89166,66,,,0,127,,89167,66,,,0
2500,'5459',816,,89175,66,,,0,111,,89173,66,,,0,116,,89177,66,,,0,103,,89171,66,,,0,101,,89169,66,,,0,99,,89170,66,,,0,100,,89172,66,,,0,100,,89176,66,,,0,99,,89174,66,,,0,100,,89178,66,,,0,102,,89179,66,,,0,162,,89180,66,,,0,120,,89181,66,,,0,127,,89182,66,,,0
2500,'5460',807,,89186,66,,,0,131,,89184,66,,,0,171,,89185,66,,,0,131,,89187,66,,,0,174,,89188,66,,,0,130,,89189,66,,,0,170,,89190,66,,,0,126,,89191,66,,,0,169,,89192,66,,,0,119,,89193,66,,,0,126,,89194,66,,,0
2500,'5461',807,,89197,66,,,0,131,,89195,66,,,0,171,,89196,66,,,0,131,,89198,66,,,0,174,,89199,66,,,0,130,,89200,66,,,0,170,,89201,66,,,0,126,,89202,66,,,0,169,,89203,66,,,0,119,,89204,66,,,0,126,,89205,66,,,0
2500,'5462',807,,89208,66,,,0,131,,89206,66,,,0,171,,89207,66,,,0,131,,89209,66,,,0,174,,89210,66,,,0,130,,89211,66,,,0,170,,89212,66,,,0,126,,89213,66,,,0,169,,89214,66,,,0,119,,89215,66,,,0,126,,89216,66,,,0
2500,'5463',807,,89219,66,,,0,131,,89217,66,,,0,171,,89218,66,,,0,131,,89220,66,,,0,174,,89221,66,,,0,130,,89222,66,,,0,170,,89223,66,,,0,126,,89224,66,,,0,169,,89225,66,,,0,119,,89226,66,,,0,126,,89227,66,,,0
2601,'5456',559,,89748,12,,,0,62,,89749,12,,,0,17,,89750,12,,,0,16,,89751,12,,,0,54,,89752,12,,,0,15,,89753,12,,,0,16,,89754,12,,,0,16,,89755,12,,,0,55,,89756,12,,,0,12,,89757,12,,,0,12,,89758,12,,,0,15,,89759,12,,,0,55,,89760,12,,,0,14,,89761,12,,,0,15,,89762,12,,,0,15,,89763,12,,,0,55,,89764,12,,,0,15,,89765,12,,,0,15,,89766,12,,,0,15,,89767,12,,,0,55,,89768,12,,,0,15,,89769,12,,,0,14,,89770,12,,,0,14,,89771,12,,,0,55,,89772,12,,,0,16,,89773,12,,,0,14,,89774,12,,,0,15,,89775,12,,,0,55,,89776,12,,,0,15,,89777,12,,,0,14,,89778,12,,,0,12,,89779,12,,,0,13,,89780,12,,,0,52,,89781,12,,,0,14,,89782,12,,,0,15,,89783,12,,,0,9,,89784,12,,,0,55,,89785,12,,,0,15,,89786,12,,,0,16,,89787,12,,,0,15,,89788,12,,,0,57,,89789,12,,,0,17,,89790,12,,,0,16,,89791,12,,,0,18,,89792,12,,,0,57,,89793,12,,,0,17,,89794,12,,,0,15,,89795,12,,,0,57,,89796,12,,,0,17,,89797,12,,,0,13,,89798,12,,,0,15,,89799,12,,,0,55,,89800,12,,,0,16,,89801,12,,,0,15,,89802,12,,,0,20,,89803,12,,,0,60,,89804,12,,,0,20,,89805,12,,,0,18,,89806,12,,,0,60,,89807,12,,,0,20,,89808,12,,,0,30,,89809,12,,,0,71,,89810,12,,,0,72,,89811,12,,,0,30,,89812,12,,,0,69,,89813,12,,,0,31,,89814,12,,,0
2601,'5458',559,,89815,12,,,0,62,,89816,12,,,0,17,,89817,12,,,0,16,,89818,12,,,0,54,,89819,12,,,0,15,,89820,12,,,0,16,,89821,12,,,0,16,,89822,12,,,0,55,,89823,12,,,0,12,,89824,12,,,0,12,,89825,12,,,0,15,,89826,12,,,0,55,,89827,12,,,0,14,,89828,12,,,0,15,,89829,12,,,0,15,,89830,12,,,0,55,,89831,12,,,0,15,,89832,12,,,0,15,,89833,12,,,0,15,,89834,12,,,0,55,,89835,12,,,0,15,,89836,12,,,0,14,,89837,12,,,0,14,,89838,12,,,0,55,,89839,12,,,0,16,,89840,12,,,0,14,,89841,12,,,0,15,,89842,12,,,0,55,,89843,12,,,0,15,,89844,12,,,0,14,,89845,12,,,0,12,,89846,12,,,0,13,,89847,12,,,0,52,,89848,12,,,0,14,,89849,12,,,0,15,,89850,12,,,0,9,,89851,12,,,0,55,,89852,12,,,0,15,,89853,12,,,0,16,,89854,12,,,0,15,,89855,12,,,0,57,,89856,12,,,0,17,,89857,12,,,0,16,,89858,12,,,0,18,,89859,12,,,0,57,,89860,12,,,0,17,,89861,12,,,0,15,,89862,12,,,0,57,,89863,12,,,0,17,,89864,12,,,0,13,,89865,12,,,0,15,,89866,12,,,0,55,,89867,12,,,0,16,,89868,12,,,0,15,,89869,12,,,0,20,,89870,12,,,0,60,,89871,12,,,0,20,,89872,12,,,0,18,,89873,12,,,0,60,,89874,12,,,0,20,,89875,12,,,0,30,,89876,12,,,0,71,,89877,12,,,0,72,,89878,12,,,0,30,,89879,12,,,0,69,,89880,12,,,0,31,,89881,12,,,0,70,,89882,12,,,0
2601,'5459',626,,89884,12,,,0,30,,89885,12,,,0,65,,89886,12,,,0,17,,89887,12,,,0,17,,89888,12,,,0,57,,89889,12,,,0,17,,89890,12,,,0,18,,89891,12,,,0,57,,89892,12,,,0,17,,89893,12,,,0,17,,89894,12,,,0,17,,89895,12,,,0,57,,89896,12,,,0,17,,89897,12,,,0,17,,89898,12,,,0,57,,89899,12,,,0,17,,89900,12,,,0,17,,89883,12,,,0,17,,89901,12,,,0,57,,89902,12,,,0,17,,89903,12,,,0,17,,89904,12,,,0,56,,89905,12,,,0,17,,89906,12,,,0,17,,89907,12,,,0,17,,89908,12,,,0,56,,89909,12,,,0,17,,89910,12,,,0,17,,89911,12,,,0,16,,89912,12,,,0,56,,89913,12,,,0,16,,89914,12,,,0,16,,89915,12,,,0,57,,89916,12,,,0,17,,89917,12,,,0,17,,89918,12,,,0,18,,89919,12,,,0,57,,89920,12,,,0,18,,89921,12,,,0,20,,89922,12,,,0,60,,89923,12,,,0,20,,89924,12,,,0,20,,89925,12,,,0,60,,89926,12,,,0,20,,89927,12,,,0,18,,89928,12,,,0,60,,89929,12,,,0,20,,89930,12,,,0,20,,89931,12,,,0,60,,89932,12,,,0,20,,89933,12,,,0,20,,89934,12,,,0,60,,89935,12,,,0,22,,89936,12,,,0,71,,89937,12,,,0,30,,89938,12,,,0,70,,89939,12,,,0,30,,89940,12,,,0,71,,89941,12,,,0
2601,'5460',646,,89965,12,,,0,62,,89952,12,,,0,22,,89942,12,,,0,22,,89961,12,,,0,60,,89966,12,,,0,26,,89951,12,,,0,20,,89944,12,,,0,60,,89962,12,,,0,23,,89955,12,,,0,18,,89945,12,,,0,58,,89949,12,,,0,18,,89943,12,,,0,18,,89963,12,,,0,58,,89947,12,,,0,19,,89968,12,,,0,18,,89946,12,,,0,58,,89950,12,,,0,18,,89948,12,,,0,18,,89959,12,,,0,58,,89956,12,,,0,18,,89969,12,,,0,18,,89953,12,,,0,18,,89964,12,,,0,58,,89957,12,,,0,18,,89960,12,,,0,18,,89958,12,,,0,58,,89967,12,,,0,18,,89954,12,,,0,18,,89978,12,,,0,58,,89973,12,,,0,18,,89977,12,,,0,17,,89971,12,,,0,17,,89980,12,,,0,57,,89970,12,,,0,20,,89976,12,,,0,20,,89974,12,,,0,60,,89975,12,,,0,20,,89979,12,,,0,20,,89972,12,,,0,59,,89982,12,,,0,20,,89988,12,,,0,20,,89984,12,,,0,60,,89987,12,,,0,20,,89983,12,,,0,20,,89981,12,,,0,60,,89985,12,,,0,22,,89986,12,,,0,70,,89989,12,,,0,30,,89990,12,,,0,71,,89991,12,,,0,30,,89992,12,,,0
2601,'5461',646,,90016,12,,,0,62,,90003,12,,,0,22,,89993,12,,,0,22,,90012,12,,,0,60,,90017,12,,,0,26,,90002,12,,,0,20,,89995,12,,,0,60,,90013,12,,,0,23,,90006,12,,,0,18,,89996,12,,,0,58,,90000,12,,,0,18,,89994,12,,,0,18,,90014,12,,,0,58,,89998,12,,,0,19,,90019,12,,,0,18,,89997,12,,,0,58,,90001,12,,,0,18,,89999,12,,,0,18,,90010,12,,,0,58,,90007,12,,,0,18,,90020,12,,,0,18,,90004,12,,,0,18,,90015,12,,,0,58,,90008,12,,,0,18,,90011,12,,,0,18,,90009,12,,,0,58,,90018,12,,,0,18,,90005,12,,,0,18,,90029,12,,,0,58,,90024,12,,,0,18,,90028,12,,,0,17,,90022,12,,,0,17,,90031,12,,,0,57,,90021,12,,,0,20,,90027,12,,,0,20,,90025,12,,,0,60,,90026,12,,,0,20,,90030,12,,,0,20,,90023,12,,,0,59,,90033,12,,,0,20,,90039,12,,,0,20,,90035,12,,,0,60,,90038,12,,,0,20,,90034,12,,,0,20,,90032,12,,,0,60,,90036,12,,,0,22,,90037,12,,,0,70,,90040,12,,,0,30,,90041,12,,,0,71,,90042,12,,,0,30,,90043,12,,,0
2601,'5462',646,,90067,12,,,0,62,,90054,12,,,0,22,,90044,12,,,0,22,,90063,12,,,0,60,,90068,12,,,0,26,,90053,12,,,0,20,,90046,12,,,0,60,,90064,12,,,0,23,,90057,12,,,0,18,,90047,12,,,0,58,,90051,12,,,0,18,,90045,12,,,0,18,,90065,12,,,0,58,,90049,12,,,0,19,,90070,12,,,0,18,,90048,12,,,0,58,,90052,12,,,0,18,,90050,12,,,0,18,,90061,12,,,0,58,,90058,12,,,0,18,,90071,12,,,0,18,,90055,12,,,0,18,,90066,12,,,0,58,,90059,12,,,0,18,,90062,12,,,0,18,,90060,12,,,0,58,,90069,12,,,0,18,,90056,12,,,0,18,,90080,12,,,0,58,,90075,12,,,0,18,,90079,12,,,0,17,,90073,12,,,0,17,,90082,12,,,0,57,,90072,12,,,0,20,,90078,12,,,0,20,,90076,12,,,0,60,,90077,12,,,0,20,,90081,12,,,0,20,,90074,12,,,0,59,,90084,12,,,0,20,,90090,12,,,0,20,,90086,12,,,0,60,,90089,12,,,0,20,,90085,12,,,0,20,,90083,12,,,0,60,,90087,12,,,0,22,,90088,12,,,0,70,,90091,12,,,0,30,,90092,12,,,0,71,,90093,12,,,0,30,,90094,12,,,0
2601,'5463',646,,90118,12,,,0,62,,90105,12,,,0,22,,90095,12,,,0,22,,90114,12,,,0,60,,90119,12,,,0,26,,90104,12,,,0,20,,90097,12,,,0,60,,90115,12,,,0,23,,90108,12,,,0,18,,90098,12,,,0,58,,90102,12,,,0,18,,90096,12,,,0,18,,90116,12,,,0,58,,90100,12,,,0,19,,90121,12,,,0,18,,90099,12,,,0,58,,90103,12,,,0,18,,90101,12,,,0,18,,90112,12,,,0,58,,90109,12,,,0,18,,90122,12,,,0,18,,90106,12,,,0,18,,90117,12,,,0,58,,90110,12,,,0,18,,90113,12,,,0,18,,90111,12,,,0,58,,90120,12,,,0,18,,90107,12,,,0,18,,90131,12,,,0,58,,90126,12,,,0,18,,90130,12,,,0,17,,90124,12,,,0,17,,90133,12,,,0,57,,90123,12,,,0,20,,90129,12,,,0,20,,90127,12,,,0,60,,90128,12,,,0,20,,90132,12,,,0,20,,90125,12,,,0,59,,90135,12,,,0,20,,90141,12,,,0,20,,90137,12,,,0,60,,90140,12,,,0,20,,90136,12,,,0,20,,90134,12,,,0,60,,90138,12,,,0,22,,90139,12,,,0,70,,90142,12,,,0,30,,90143,12,,,0,71,,90144,12,,,0,30,,90145,12,,,0
4001,'5456',559,,92942,12,,,0,96,,92940,12,,,0,67,,92941,12,,,0,93,,92939,12,,,0,98,,92935,12,,,0,98,,92933,12,,,0,100,,92938,12,,,0,102,,92928,12,,,0,101,,92934,12,,,0,100,,92927,12,,,0,107,,92937,12,,,0,35,,92925,12,,,0,76,,92926,12,,,0,74,,92924,12,,,0,34,,92936,12,,,0,85,,92930,12,,,0,94,,92932,12,,,0,100,,92929,12,,,0,124,,92931,12,,,0
4001,'5458',559,,92961,12,,,0,96,,92959,12,,,0,67,,92960,12,,,0,93,,92958,12,,,0,98,,92954,12,,,0,98,,92952,12,,,0,100,,92957,12,,,0,102,,92947,12,,,0,101,,92953,12,,,0,100,,92946,12,,,0,107,,92956,12,,,0,35,,92944,12,,,0,76,,92945,12,,,0,74,,92943,12,,,0,34,,92955,12,,,0,85,,92949,12,,,0,94,,92951,12,,,0,100,,92948,12,,,0,124,,92950,12,,,0
4001,'5459',633,,92971,12,,,0,125,,92974,12,,,0,101,,92962,12,,,0,100,,92964,12,,,0,141,,92970,12,,,0,100,,92972,12,,,0,100,,92963,12,,,0,100,,92965,12,,,0,100,,92968,12,,,0,100,,92973,12,,,0,100,,92966,12,,,0,100,,92967,12,,,0,59,,92969,12,,,0,99,,92975,12,,,0,170,,92976,12,,,0
4001,'5460',727,,92978,12,,,0,131,,92977,12,,,0,101,,92979,12,,,0,100,,92980,12,,,0,141,,92982,12,,,0,100,,92981,12,,,0,100,,92986,12,,,0,100,,92984,12,,,0,100,,92985,12,,,0,59,,92983,12,,,0,100,,92988,12,,,0,99,,92987,12,,,0,100,,92989,12,,,0
4001,'5461',727,,92991,12,,,0,131,,92990,12,,,0,101,,92992,12,,,0,100,,92993,12,,,0,141,,92995,12,,,0,100,,92994,12,,,0,100,,92999,12,,,0,100,,92997,12,,,0,100,,92998,12,,,0,59,,92996,12,,,0,100,,93001,12,,,0,99,,93000,12,,,0,100,,93002,12,,,0
4001,'5462',727,,93004,12,,,0,131,,93003,12,,,0,101,,93005,12,,,0,100,,93006,12,,,0,141,,93008,12,,,0,100,,93007,12,,,0,100,,93012,12,,,0,100,,93010,12,,,0,100,,93011,12,,,0,59,,93009,12,,,0,100,,93014,12,,,0,99,,93013,12,,,0,100,,93015,12,,,0
4001,'5463',727,,93017,12,,,0,131,,93016,12,,,0,101,,93018,12,,,0,100,,93019,12,,,0,141,,93021,12,,,0,100,,93020,12,,,0,100,,93025,12,,,0,100,,93023,12,,,0,100,,93024,12,,,0,59,,93022,12,,,0,100,,93027,12,,,0,99,,93026,12,,,0,100,,93028,12,,,0
1002601,'5456',1430,,98226,12,,,0,12,,98227,12,,,0,14,,98228,12,,,0,52,,98229,12,,,0,14,,98230,10,,,0,4,,98231,12,,,0,12,,98232,12,,,0,14,,98233,12,,,0,58,,98234,12,,,0,17,,98235,12,,,0,18,,98225,12,,,0,56,,98236,12,,,0,19,,98237,12,,,0,15,,98238,12,,,0,17,,98239,12,,,0,54,,98240,12,,,0
1002601,'5458',1404,,98242,10,,,0,26,,98243,12,,,0,12,,98244,12,,,0,14,,98245,12,,,0,52,,98246,12,,,0,18,,98247,12,,,0,12,,98248,12,,,0,14,,98249,12,,,0,58,,98250,12,,,0,17,,98251,12,,,0,18,,98241,12,,,0,56,,98252,12,,,0,19,,98253,12,,,0,15,,98254,12,,,0,17,,98255,12,,,0,54,,98256,12,,,0
