1700,'5456',813,,88090,22,,,0
1700,'5458',813,,88091,22,,,0
2501,'5456',611,,89228,6,,,0,40,,89229,6,,,0,76,,89230,6,0,6 7,0,77,,89233,6,,,0,115,,89231,6,,,0,101,,89232,6,,,0,99,,89234,6,,,0,100,,89235,6,,,0,100,,89236,6,,,0,105,,89237,6,,,0,91,,89238,6,,,0,101,,89239,6,,,0,41,,89240,6,,,0,86,,89241,6,,,0,86,,89242,6,,,0,97,,89243,6,,,0,103,,89244,6,,,0,171,,89245,6,,,0,131,,89246,6,,,0
2501,'5458',611,,89247,6,,,0,40,,89248,6,,,0,76,,89249,6,0,6 7,0,77,,89252,6,,,0,115,,89250,6,,,0,101,,89251,6,,,0,99,,89253,6,,,0,100,,89254,6,,,0,100,,89255,6,,,0,105,,89256,6,,,0,91,,89257,6,,,0,101,,89258,6,,,0,41,,89259,6,,,0,86,,89260,6,,,0,86,,89261,6,,,0,97,,89262,6,,,0,103,,89263,6,,,0,171,,89264,6,,,0,131,,89265,6,,,0
2501,'5459',719,,89269,6,,,0,99,,89266,6,,,0,104,,89268,6,,,0,101,,89267,6,,,0,97,,89275,6,,,0,95,,89272,6,,,0,100,,89271,6,,,0,98,,89270,6,,,0,100,,89273,6,,,0,102,,89274,6,,,0,118,,89276,6,,,0,170,,89277,6,,,0,126,,89278,6,,,0,171,,89279,6,,,0,130,,89280,6,,,0
2501,'5460',833,,89282,6,,,0,170,,89281,6,,,0,127,,89283,6,,,0,170,,89284,6,,,0,131,,89285,6,,,0,172,,89286,6,,,0,131,,89287,6,,,0,170,,89288,6,,,0,130,,89289,6,,,0,166,,89290,6,,,0,130,,89291,6,,,0
2501,'5461',833,,89293,6,,,0,170,,89292,6,,,0,127,,89294,6,,,0,170,,89295,6,,,0,131,,89296,6,,,0,172,,89297,6,,,0,131,,89298,6,,,0,170,,89299,6,,,0,130,,89300,6,,,0,166,,89301,6,,,0,130,,89302,6,,,0
2501,'5462',833,,89304,6,,,0,170,,89303,6,,,0,127,,89305,6,,,0,170,,89306,6,,,0,131,,89307,6,,,0,172,,89308,6,,,0,131,,89309,6,,,0,170,,89310,6,,,0,130,,89311,6,,,0,166,,89312,6,,,0,130,,89313,6,,,0
2501,'5463',833,,89315,6,,,0,170,,89314,6,,,0,127,,89316,6,,,0,170,,89317,6,,,0,131,,89318,6,,,0,172,,89319,6,,,0,131,,89320,6,,,0,170,,89321,6,,,0,130,,89322,6,,,0,166,,89323,6,,,0,130,,89324,6,,,0
2600,'5456',609,,89325,30,,,0,30,,89326,30,,,0,62,,89327,30,,,0,20,,89328,30,,,0,12,,89329,30,,,0,10,,89330,12,,,0,6,,89331,30,,,0,6,,89332,30,,,0,47,,89406,12,,,0,9,,89334,30,,,0,8,,89335,30,,,0,8,,89336,10,,,0,8,,89337,30,,,0,7,,89338,10,,,0,8,,89339,30,,,0,9,,89340,10,,,0,46,,89341,30,,,0,7,,89342,10,,,0,9,,89343,30,,,0,7,,89344,10,,,0,8,,89345,30,,,0,7,,89346,10,,,0,8,,89347,30,,,0,49,,89348,10,,,0,7,,89349,30,,,0,16,,89350,30,,,0,16,,89351,30,,,0,14,,89352,30,,,0,55,,89353,30,,,0,15,,89354,30,,,0,17,,89355,30,,,0,15,,89356,30,,,0,56,,89357,30,,,0,16,,89358,30,,,0,15,,89359,30,,,0,14,,89360,30,,,0,54,,89361,30,,,0,15,,89362,30,,,0,16,,89363,30,,,0,14,,89364,30,,,0,45,,89365,10,,,0,10,,89366,30,,,0,16,,89367,30,,,0,14,,89368,30,,,0,13,,89369,30,,,0,53,,89370,30,,,0,7,,89371,10,,,0,5,,89372,30,,,0,14,,89373,30,,,0,15,,89374,30,,,0,12,,89375,30,,,0,50,,89376,30,,,0,12,,89377,30,,,0,14,,89378,30,,,0,13,,89379,30,,,0,11,,89380,30,,,0,49,,89381,30,,,0,12,,89382,30,,,0,11,,89383,30,,,0,12,,89384,30,,,0,12,,89385,30,,,0,56,,89386,30,,,0,13,,89387,30,,,0,15,,89388,30,,,0,17,,89389,30,,,0,53,,89390,30,,,0,14,,89391,30,,,0,15,,89392,30,,,0,19,,89393,30,,,0,60,,89394,30,,,0,20,,89395,30,,,0,20,,89396,30,,,0,60,,89397,30,,,0,18,,89398,30,,,0,23,,89399,30,,,0,71,,89400,30,,,0,29,,89401,30,,,0,70,,89402,30,,,0,28,,89403,30,,,0,70,,89404,30,,,0,30,,89405,30,,,0
2600,'5458',609,,89407,30,,,0,30,,89408,30,,,0,62,,89409,30,,,0,20,,89410,30,,,0,12,,89411,30,,,0,10,,89412,12,,,0,6,,89413,30,,,0,6,,89414,30,,,0,47,,89489,12,,,0,9,,89416,30,,,0,8,,89417,30,,,0,8,,89418,10,,,0,8,,89419,30,,,0,7,,89420,10,,,0,8,,89421,30,,,0,9,,89422,10,,,0,46,,89423,30,,,0,7,,89424,10,,,0,9,,89425,30,,,0,7,,89426,10,,,0,8,,89427,30,,,0,7,,89428,10,,,0,8,,89429,30,,,0,49,,89430,10,,,0,7,,89431,30,,,0,16,,89432,30,,,0,16,,89433,30,,,0,14,,89434,30,,,0,55,,89435,30,,,0,15,,89436,30,,,0,17,,89437,30,,,0,15,,89438,30,,,0,56,,89439,30,,,0,16,,89440,30,,,0,15,,89441,30,,,0,14,,89442,30,,,0,54,,89443,30,,,0,15,,89444,30,,,0,16,,89445,30,,,0,14,,89446,30,,,0,45,,89447,10,,,0,10,,89448,30,,,0,16,,89449,30,,,0,14,,89450,30,,,0,13,,89451,30,,,0,53,,89452,30,,,0,7,,89453,10,,,0,5,,89454,30,,,0,14,,89455,30,,,0,15,,89456,30,,,0,12,,89457,30,,,0,50,,89458,30,,,0,12,,89459,30,,,0,14,,89460,30,,,0,13,,89461,30,,,0,11,,89462,30,,,0,49,,89463,30,,,0,12,,89464,30,,,0,11,,89465,30,,,0,12,,89466,30,,,0,12,,89467,30,,,0,56,,89468,30,,,0,13,,89469,30,,,0,15,,89470,30,,,0,17,,89471,30,,,0,53,,89472,30,,,0,14,,89473,30,,,0,15,,89474,30,,,0,19,,89475,30,,,0,60,,89476,30,,,0,20,,89477,30,,,0,20,,89478,30,,,0,60,,89479,30,,,0,18,,89480,30,,,0,23,,89481,30,,,0,71,,89482,30,,,0,29,,89483,30,,,0,70,,89484,30,,,0,28,,89485,30,,,0,70,,89486,30,,,0,30,,89487,30,,,0,100,,89488,30,,,0
2600,'5459',652,,89491,30,,,0,71,,89492,30,,,0,30,,89493,30,,,0,58,,89494,30,,,0,17,,89495,30,,,0,19,,89496,30,,,0,58,,89497,30,,,0,18,,89498,30,,,0,17,,89499,30,,,0,18,,89500,30,,,0,57,,89501,30,,,0,17,,89502,30,,,0,17,,89503,30,,,0,58,,89504,30,,,0,18,,89505,30,,,0,17,,89490,30,,,0,59,,89506,30,,,0,19,,89507,30,,,0,17,,89508,30,,,0,17,,89509,30,,,0,57,,89510,30,,,0,17,,89511,30,,,0,17,,89512,30,,,0,57,,89513,30,,,0,18,,89514,30,,,0,16,,89515,30,,,0,16,,89516,30,,,0,58,,89517,30,,,0,17,,89518,30,,,0,17,,89519,30,,,0,57,,89520,30,,,0,16,,89521,30,,,0,16,,89522,30,,,0,14,,89523,30,,,0,55,,89524,30,,,0,16,,89525,30,,,0,16,,89526,30,,,0,16,,89527,30,,,0,56,,89528,30,,,0,17,,89529,30,,,0,17,,89530,30,,,0,60,,89531,30,,,0,19,,89532,30,,,0,20,,89533,30,,,0,19,,89534,30,,,0,60,,89535,30,,,0,19,,89536,30,,,0,19,,89537,30,,,0,59,,89538,30,,,0,20,,89539,30,,,0,65,,89540,30,,,0,29,,89541,30,,,0,30,,89542,30,,,0,70,,89543,30,,,0,29,,89544,30,,,0,70,,89545,30,,,0,30,,89546,30,,,0,101,,89547,30,,,0
2600,'5460',715,,89564,30,,,0,27,,89572,30,,,0,61,,89554,30,,,0,23,,89548,30,,,0,24,,89566,30,,,0,61,,89573,30,,,0,27,,89555,30,,,0,65,,89549,30,,,0,20,,89567,30,,,0,24,,89558,30,,,0,60,,89550,30,,,0,18,,89556,30,,,0,18,,89552,30,,,0,60,,89565,30,,,0,19,,89553,30,,,0,20,,89570,30,,,0,58,,89551,30,,,0,18,,89568,30,,,0,19,,89560,30,,,0,18,,89563,30,,,0,60,,89561,30,,,0,18,,89571,30,,,0,17,,89557,30,,,0,58,,89569,30,,,0,18,,89559,30,,,0,17,,89562,30,,,0,58,,89578,30,,,0,18,,89582,30,,,0,16,,89575,30,,,0,18,,89584,30,,,0,58,,89577,30,,,0,18,,89580,30,,,0,17,,89576,30,,,0,56,,89585,30,,,0,16,,89574,30,,,0,20,,89583,30,,,0,19,,89579,30,,,0,58,,89581,30,,,0,18,,89589,30,,,0,20,,89587,30,,,0,59,,89591,30,,,0,20,,89588,30,,,0,19,,89590,30,,,0,60,,89592,30,,,0,20,,89586,30,,,0,70,,89594,30,,,0,28,,89593,30,,,0,30,,89595,30,,,0,70,,89596,30,,,0,78,,89597,30,,,0
2600,'5461',715,,89614,30,,,0,27,,89622,30,,,0,61,,89604,30,,,0,23,,89598,30,,,0,24,,89616,30,,,0,61,,89623,30,,,0,27,,89605,30,,,0,65,,89599,30,,,0,20,,89617,30,,,0,24,,89608,30,,,0,60,,89600,30,,,0,18,,89606,30,,,0,18,,89602,30,,,0,60,,89615,30,,,0,19,,89603,30,,,0,20,,89620,30,,,0,58,,89601,30,,,0,18,,89618,30,,,0,19,,89610,30,,,0,18,,89613,30,,,0,60,,89611,30,,,0,18,,89621,30,,,0,17,,89607,30,,,0,58,,89619,30,,,0,18,,89609,30,,,0,17,,89612,30,,,0,58,,89628,30,,,0,18,,89632,30,,,0,16,,89625,30,,,0,18,,89634,30,,,0,58,,89627,30,,,0,18,,89630,30,,,0,17,,89626,30,,,0,56,,89635,30,,,0,16,,89624,30,,,0,20,,89633,30,,,0,19,,89629,30,,,0,58,,89631,30,,,0,18,,89639,30,,,0,20,,89637,30,,,0,59,,89641,30,,,0,20,,89638,30,,,0,19,,89640,30,,,0,60,,89642,30,,,0,20,,89636,30,,,0,70,,89644,30,,,0,28,,89643,30,,,0,30,,89645,30,,,0,70,,89646,30,,,0,78,,89647,30,,,0
2600,'5462',715,,89664,30,,,0,27,,89672,30,,,0,61,,89654,30,,,0,23,,89648,30,,,0,24,,89666,30,,,0,61,,89673,30,,,0,27,,89655,30,,,0,65,,89649,30,,,0,20,,89667,30,,,0,24,,89658,30,,,0,60,,89650,30,,,0,18,,89656,30,,,0,18,,89652,30,,,0,60,,89665,30,,,0,19,,89653,30,,,0,20,,89670,30,,,0,58,,89651,30,,,0,18,,89668,30,,,0,19,,89660,30,,,0,18,,89663,30,,,0,60,,89661,30,,,0,18,,89671,30,,,0,17,,89657,30,,,0,58,,89669,30,,,0,18,,89659,30,,,0,17,,89662,30,,,0,58,,89678,30,,,0,18,,89682,30,,,0,16,,89675,30,,,0,18,,89684,30,,,0,58,,89677,30,,,0,18,,89680,30,,,0,17,,89676,30,,,0,56,,89685,30,,,0,16,,89674,30,,,0,20,,89683,30,,,0,19,,89679,30,,,0,58,,89681,30,,,0,18,,89689,30,,,0,20,,89687,30,,,0,59,,89691,30,,,0,20,,89688,30,,,0,19,,89690,30,,,0,60,,89692,30,,,0,20,,89686,30,,,0,70,,89694,30,,,0,28,,89693,30,,,0,30,,89695,30,,,0,70,,89696,30,,,0,78,,89697,30,,,0
2600,'5463',715,,89714,30,,,0,27,,89722,30,,,0,61,,89704,30,,,0,23,,89698,30,,,0,24,,89716,30,,,0,61,,89723,30,,,0,27,,89705,30,,,0,65,,89699,30,,,0,20,,89717,30,,,0,24,,89708,30,,,0,60,,89700,30,,,0,18,,89706,30,,,0,18,,89702,30,,,0,60,,89715,30,,,0,19,,89703,30,,,0,20,,89720,30,,,0,58,,89701,30,,,0,18,,89718,30,,,0,19,,89710,30,,,0,18,,89713,30,,,0,60,,89711,30,,,0,18,,89721,30,,,0,17,,89707,30,,,0,58,,89719,30,,,0,18,,89709,30,,,0,17,,89712,30,,,0,58,,89728,30,,,0,18,,89732,30,,,0,16,,89725,30,,,0,18,,89734,30,,,0,58,,89727,30,,,0,18,,89730,30,,,0,17,,89726,30,,,0,56,,89735,30,,,0,16,,89724,30,,,0,20,,89733,30,,,0,19,,89729,30,,,0,58,,89731,30,,,0,18,,89739,30,,,0,20,,89737,30,,,0,59,,89741,30,,,0,20,,89738,30,,,0,19,,89740,30,,,0,60,,89742,30,,,0,20,,89736,30,,,0,70,,89744,30,,,0,28,,89743,30,,,0,30,,89745,30,,,0,70,,89746,30,,,0,78,,89747,30,,,0
4000,'5456',649,,92841,25,,,0,83,,92842,25,,,0,70,,92840,25,,,0,26,,92839,25,,,0,107,,92834,25,,,0,99,,92835,25,,,0,101,,92832,25,,,0,101,,92837,25,,,0,99,,92828,25,,,0,100,,92836,25,,,0,105,,92827,25,,,0,81,,92826,25,,,0,32,,92833,25,,,0,65,,92825,25,,,0,31,,92830,25,,,0,94,,92838,25,,,0,101,,92829,25,,,0,169,,92831,25,,,0,342,,92824,25,,,0
4000,'5458',649,,92860,25,,,0,83,,92861,25,,,0,70,,92859,25,,,0,26,,92858,25,,,0,107,,92853,25,,,0,99,,92854,25,,,0,101,,92851,25,,,0,101,,92856,25,,,0,99,,92847,25,,,0,100,,92855,25,,,0,105,,92846,25,,,0,81,,92845,25,,,0,32,,92852,25,,,0,65,,92844,25,,,0,31,,92849,25,,,0,94,,92857,25,,,0,101,,92848,25,,,0,169,,92850,25,,,0,342,,92843,25,,,0
4000,'5459',728,,92871,25,,,0,172,,92872,25,,,0,100,,92862,25,,,0,102,,92865,25,,,0,100,,92867,25,,,0,101,,92873,25,,,0,101,,92863,25,,,0,101,,92864,25,,,0,100,,92868,25,,,0,100,,92874,25,,,0,97,,92866,25,,,0,98,,92870,25,,,0,100,,92869,25,,,0,54,,92875,25,,,0
4000,'5460',825,,92877,25,,,0,175,,92876,25,,,0,101,,92878,25,,,0,100,,92879,25,,,0,101,,92880,25,,,0,101,,92881,25,,,0,101,,92884,25,,,0,100,,92883,25,,,0,100,,92882,25,,,0,98,,92885,25,,,0,98,,92886,25,,,0,100,,92887,25,,,0
4000,'5461',825,,92889,25,,,0,175,,92888,25,,,0,101,,92890,25,,,0,100,,92891,25,,,0,101,,92892,25,,,0,101,,92893,25,,,0,101,,92896,25,,,0,100,,92895,25,,,0,100,,92894,25,,,0,98,,92897,25,,,0,98,,92898,25,,,0,100,,92899,25,,,0
4000,'5462',825,,92901,25,,,0,175,,92900,25,,,0,101,,92902,25,,,0,100,,92903,25,,,0,101,,92904,25,,,0,101,,92905,25,,,0,101,,92908,25,,,0,100,,92907,25,,,0,100,,92906,25,,,0,98,,92909,25,,,0,98,,92910,25,,,0,100,,92911,25,,,0
4000,'5463',825,,92913,25,,,0,175,,92912,25,,,0,101,,92914,25,,,0,100,,92915,25,,,0,101,,92916,25,,,0,101,,92917,25,,,0,101,,92920,25,,,0,100,,92919,25,,,0,100,,92918,25,,,0,98,,92921,25,,,0,98,,92922,25,,,0,100,,92923,25,,,0
