1401,'5456',613,,86705,48,,,0,26,,86706,48,,,0,63,,86707,48,,,0,16,,86708,48,,,0,13,,86709,48,,,0,12,,86710,48,,,0,14,,86711,48,,,0,53,,86712,48,,,0,14,,86713,48,,,0,15,,86714,48,,,0,14,,86715,48,,,0,53,,86716,48,,,0,13,,86717,48,,,0,12,,86718,48,,,0,13,,86719,48,,,0,13,,86720,48,,,0,53,,86721,48,,,0,13,,86722,48,,,0,14,,86723,48,,,0,13,,86724,48,,,0,53,,86725,48,,,0,13,,86726,48,,,0,14,,86727,48,,,0,14,,86728,48,,,0,15,,86729,48,,,0,53,,86730,48,,,0,14,,86731,48,,,0,13,,86732,48,,,0,14,,86733,48,,,0,54,,86734,48,,,0,13,,86735,48,,,0,13,,86736,48,,,0,12,,86737,48,,,0,12,,86738,48,,,0,52,,86739,48,,,0,12,,86740,48,,,0,10,,86741,48,,,0,12,,86779,48,,,0,2,,86742,48,,,0,12,,86743,48,,,0,44,,86744,48,,,0,15,,86745,48,,,0,13,,86746,48,,,0,10,,86747,48,,,0,5,,86748,48,,,0,14,,86749,48,,,0,56,,86750,48,,,0,16,,86751,48,,,0,16,,86752,48,,,0,58,,86753,48,,,0,17,,86754,48,,,0,15,,86755,48,,,0,15,,86756,48,,,0,53,,86757,48,,,0,15,,86758,48,,,0,13,,86759,48,,,0,11,,86760,48,,,0,15,,86761,48,,,0,54,,86762,48,,,0,13,,86763,48,,,0,15,,86764,48,,,0,15,,86765,48,,,0,55,,86766,48,,,0,15,,86767,48,,,0,17,,86768,48,,,0,59,,86769,48,,,0,20,,86770,48,,,0,19,,86771,48,,,0,60,,86772,48,,,0,20,,86773,48,,,0,23,,86774,48,,,0,71,,86775,48,,,0,31,,86776,48,,,0,67,,86777,48,,,0,30,,86778,48,,,0
1401,'5458',613,,86796,48,,,0,26,,86797,48,,,0,63,,86798,48,,,0,16,,86799,48,,,0,13,,86800,48,,,0,12,,86801,48,,,0,14,,86802,48,,,0,53,,86803,48,,,0,14,,86804,48,,,0,15,,86805,48,,,0,14,,86806,48,,,0,53,,86807,48,,,0,13,,86808,48,,,0,12,,86809,48,,,0,13,,86810,48,,,0,13,,86811,48,,,0,53,,86812,48,,,0,13,,86813,48,,,0,14,,86814,48,,,0,13,,86815,48,,,0,53,,86816,48,,,0,13,,86817,48,,,0,14,,86818,48,,,0,14,,86819,48,,,0,15,,86820,48,,,0,53,,86821,48,,,0,14,,86822,48,,,0,13,,86823,48,,,0,14,,86824,48,,,0,54,,86825,48,,,0,13,,86826,48,,,0,13,,86827,48,,,0,12,,86828,48,,,0,12,,86829,48,,,0,52,,86830,48,,,0,12,,86831,48,,,0,10,,86832,48,,,0,12,,86872,48,,,0,2,,86833,48,,,0,12,,86834,48,,,0,44,,86835,48,,,0,15,,86836,48,,,0,13,,86837,48,,,0,10,,86838,48,,,0,5,,86839,48,,,0,14,,86840,48,,,0,56,,86841,48,,,0,16,,86842,48,,,0,16,,86843,48,,,0,58,,86844,48,,,0,17,,86845,48,,,0,15,,86846,48,,,0,15,,86847,48,,,0,53,,86848,48,,,0,15,,86849,48,,,0,13,,86850,48,,,0,11,,86851,48,,,0,15,,86852,48,,,0,54,,86853,48,,,0,13,,86854,48,,,0,15,,86855,48,,,0,15,,86856,48,,,0,55,,86857,48,,,0,15,,86858,48,,,0,17,,86859,48,,,0,59,,86860,48,,,0,20,,86861,48,,,0,19,,86862,48,,,0,60,,86863,48,,,0,20,,86864,48,,,0,23,,86865,48,,,0,71,,86866,48,,,0,31,,86867,48,,,0,67,,86868,48,,,0,30,,86869,48,,,0,70,,86870,48,,,0,30,,86871,48,,,0
1401,'5459',627,,86916,48,,,0,30,,86915,48,,,0,66,,86881,48,,,0,21,,86884,48,,,0,57,,86917,48,,,0,15,,86918,48,,,0,15,,86883,48,,,0,15,,86879,48,,,0,55,,86919,48,,,0,15,,86878,48,,,0,16,,86885,48,,,0,15,,86882,48,,,0,55,,86921,48,,,0,14,,86920,48,,,0,14,,86886,48,,,0,16,,86875,48,,,0,54,,86925,48,,,0,15,,86874,48,,,0,15,,86892,48,,,0,16,,86893,48,,,0,55,,86926,48,,,0,14,,86876,48,,,0,15,,86923,48,,,0,15,,86888,48,,,0,55,,86889,48,,,0,15,,86924,48,,,0,15,,86887,48,,,0,14,,86890,48,,,0,56,,86891,48,,,0,15,,86922,48,,,0,15,,86894,48,,,0,15,,86902,48,,,0,55,,86877,48,,,0,15,,86880,48,,,0,15,,86900,48,,,0,15,,86908,48,,,0,55,,86904,48,,,0,15,,86905,48,,,0,15,,86907,48,,,0,15,,86901,48,,,0,55,,86896,48,,,0,15,,86906,48,,,0,15,,86903,48,,,0,15,,86909,48,,,0,55,,86897,48,,,0,15,,86910,48,,,0,15,,86899,48,,,0,15,,86898,48,,,0,55,,86914,48,,,0,14,,86911,48,,,0,15,,86912,48,,,0,15,,86895,48,,,0,59,,86913,48,,,0,20,,86930,48,,,0,20,,86928,48,,,0,60,,86927,48,,,0,20,,86929,48,,,0,20,,86931,48,,,0,59,,86935,48,,,0,20,,86934,48,,,0,20,,86933,48,,,0,68,,86932,48,,,0,29,,86936,48,,,0,70,,86937,48,,,0,31,,86938,48,,,0,70,,86939,48,,,0,30,,86940,48,,,0
1401,'5460',657,,86997,48,,,0,65,,86984,48,,,0,26,,86983,48,,,0,57,,86967,48,,,0,15,,87001,48,,,0,15,,86974,48,,,0,15,,86999,48,,,0,55,,86990,48,,,0,16,,87000,48,,,0,14,,86958,48,,,0,15,,86989,48,,,0,55,,86955,48,,,0,16,,86959,48,,,0,15,,86968,48,,,0,15,,86992,48,,,0,56,,86946,48,,,0,15,,86976,48,,,0,15,,86947,48,,,0,15,,86977,48,,,0,54,,86948,48,,,0,15,,86960,48,,,0,17,,86969,48,,,0,15,,86993,48,,,0,56,,86943,48,,,0,15,,86978,48,,,0,16,,86945,48,,,0,15,,86975,48,,,0,55,,86944,48,,,0,15,,86961,48,,,0,15,,86941,48,,,0,15,,86970,48,,,0,55,,86991,48,,,0,15,,86951,48,,,0,15,,86979,48,,,0,15,,86950,48,,,0,54,,86981,48,,,0,15,,86949,48,,,0,15,,86962,48,,,0,15,,86942,48,,,0,55,,86971,48,,,0,15,,86994,48,,,0,15,,86952,48,,,0,15,,86980,48,,,0,55,,86953,48,,,0,15,,86982,48,,,0,15,,86957,48,,,0,15,,86966,48,,,0,55,,86956,48,,,0,16,,86973,48,,,0,17,,86996,48,,,0,60,,86986,48,,,0,18,,86988,48,,,0,20,,86954,48,,,0,60,,86965,48,,,0,20,,86972,48,,,0,21,,86998,48,,,0,70,,86987,48,,,0,29,,86964,48,,,0,70,,86963,48,,,0,31,,86995,48,,,0,82,,86985,48,,,0
1401,'5461',657,,87058,48,,,0,65,,87045,48,,,0,26,,87044,48,,,0,57,,87028,48,,,0,15,,87062,48,,,0,15,,87035,48,,,0,15,,87060,48,,,0,55,,87051,48,,,0,16,,87061,48,,,0,14,,87019,48,,,0,15,,87050,48,,,0,55,,87016,48,,,0,16,,87020,48,,,0,15,,87029,48,,,0,15,,87053,48,,,0,56,,87007,48,,,0,15,,87037,48,,,0,15,,87008,48,,,0,15,,87038,48,,,0,54,,87009,48,,,0,15,,87021,48,,,0,17,,87030,48,,,0,15,,87054,48,,,0,56,,87004,48,,,0,15,,87039,48,,,0,16,,87006,48,,,0,15,,87036,48,,,0,55,,87005,48,,,0,15,,87022,48,,,0,15,,87002,48,,,0,15,,87031,48,,,0,55,,87052,48,,,0,15,,87012,48,,,0,15,,87040,48,,,0,15,,87011,48,,,0,54,,87042,48,,,0,15,,87010,48,,,0,15,,87023,48,,,0,15,,87003,48,,,0,55,,87032,48,,,0,15,,87055,48,,,0,15,,87013,48,,,0,15,,87041,48,,,0,55,,87014,48,,,0,15,,87043,48,,,0,15,,87018,48,,,0,15,,87027,48,,,0,55,,87017,48,,,0,16,,87034,48,,,0,17,,87057,48,,,0,60,,87047,48,,,0,18,,87049,48,,,0,20,,87015,48,,,0,60,,87026,48,,,0,20,,87033,48,,,0,21,,87059,48,,,0,70,,87048,48,,,0,29,,87025,48,,,0,70,,87024,48,,,0,31,,87056,48,,,0,82,,87046,48,,,0
1401,'5462',657,,87119,48,,,0,65,,87106,48,,,0,26,,87105,48,,,0,57,,87089,48,,,0,15,,87123,48,,,0,15,,87096,48,,,0,15,,87121,48,,,0,55,,87112,48,,,0,16,,87122,48,,,0,14,,87080,48,,,0,15,,87111,48,,,0,55,,87077,48,,,0,16,,87081,48,,,0,15,,87090,48,,,0,15,,87114,48,,,0,56,,87068,48,,,0,15,,87098,48,,,0,15,,87069,48,,,0,15,,87099,48,,,0,54,,87070,48,,,0,15,,87082,48,,,0,17,,87091,48,,,0,15,,87115,48,,,0,56,,87065,48,,,0,15,,87100,48,,,0,16,,87067,48,,,0,15,,87097,48,,,0,55,,87066,48,,,0,15,,87083,48,,,0,15,,87063,48,,,0,15,,87092,48,,,0,55,,87113,48,,,0,15,,87073,48,,,0,15,,87101,48,,,0,15,,87072,48,,,0,54,,87103,48,,,0,15,,87071,48,,,0,15,,87084,48,,,0,15,,87064,48,,,0,55,,87093,48,,,0,15,,87116,48,,,0,15,,87074,48,,,0,15,,87102,48,,,0,55,,87075,48,,,0,15,,87104,48,,,0,15,,87079,48,,,0,15,,87088,48,,,0,55,,87078,48,,,0,16,,87095,48,,,0,17,,87118,48,,,0,60,,87108,48,,,0,18,,87110,48,,,0,20,,87076,48,,,0,60,,87087,48,,,0,20,,87094,48,,,0,21,,87120,48,,,0,70,,87109,48,,,0,29,,87086,48,,,0,70,,87085,48,,,0,31,,87117,48,,,0,82,,87107,48,,,0
1401,'5463',657,,87180,48,,,0,65,,87167,48,,,0,26,,87166,48,,,0,57,,87150,48,,,0,15,,87184,48,,,0,15,,87157,48,,,0,15,,87182,48,,,0,55,,87173,48,,,0,16,,87183,48,,,0,14,,87141,48,,,0,15,,87172,48,,,0,55,,87138,48,,,0,16,,87142,48,,,0,15,,87151,48,,,0,15,,87175,48,,,0,56,,87129,48,,,0,15,,87159,48,,,0,15,,87130,48,,,0,15,,87160,48,,,0,54,,87131,48,,,0,15,,87143,48,,,0,17,,87152,48,,,0,15,,87176,48,,,0,56,,87126,48,,,0,15,,87161,48,,,0,16,,87128,48,,,0,15,,87158,48,,,0,55,,87127,48,,,0,15,,87144,48,,,0,15,,87124,48,,,0,15,,87153,48,,,0,55,,87174,48,,,0,15,,87134,48,,,0,15,,87162,48,,,0,15,,87133,48,,,0,54,,87164,48,,,0,15,,87132,48,,,0,15,,87145,48,,,0,15,,87125,48,,,0,55,,87154,48,,,0,15,,87177,48,,,0,15,,87135,48,,,0,15,,87163,48,,,0,55,,87136,48,,,0,15,,87165,48,,,0,15,,87140,48,,,0,15,,87149,48,,,0,55,,87139,48,,,0,16,,87156,48,,,0,17,,87179,48,,,0,60,,87169,48,,,0,18,,87171,48,,,0,20,,87137,48,,,0,60,,87148,48,,,0,20,,87155,48,,,0,21,,87181,48,,,0,70,,87170,48,,,0,29,,87147,48,,,0,70,,87146,48,,,0,31,,87178,48,,,0,82,,87168,48,,,0
2501,'5456',817,,89230,61,4,,0
2501,'5458',817,,89249,61,4,,0
4601,'5456',703,,93064,13,,,0,108,,93073,13,,,0,125,,93063,13,,,0,93,,93072,13,,,0,382,,93069,13,,,0,125,,93065,13,,,0,70,,93070,13,,,0,40,,93066,13,,,0,81,,93067,13,,,0,27,,93068,13,,,0,89,,93071,13,,,0
4601,'5458',703,,93076,13,,,0,108,,93085,13,,,0,125,,93075,13,,,0,93,,93084,13,,,0,382,,93081,13,,,0,125,,93077,13,,,0,70,,93082,13,,,0,40,,93078,13,,,0,81,,93079,13,,,0,27,,93080,13,,,0,89,,93083,13,,,0
