600,'5456',542,,83824,22,,,0,60,,83825,33,,,0,33,,83826,33,,,0,72,,83827,33,,,0,26,,83828,33,,,0,25,,83829,33,,,0,65,,83845,33,,,0,20,,83847,33,,,0,58,,83836,33,,,0,19,,83830,33,,,0,19,,83831,33,,,0,65,,83832,33,,,0,24,,83833,33,,,0,23,,83840,33,,,0,65,,83834,33,,,0,23,,83835,33,,,0,64,,83837,33,,,0,24,,83838,33,,,0,25,,83839,33,,,0,64,,83841,33,,,0,25,,83842,33,,,0,67,,83843,33,,,0,24,,83844,33,,,0,21,,83846,33,,,0,60,,83848,33,,,0,21,,83849,33,,,0,16,,83855,33,,,0,54,,83850,33,,,0,17,,83851,33,,,0,14,,83858,33,,,0,15,,83852,33,,,0,55,,83853,33,,,0,13,,83854,33,,,0,13,,83856,33,,,0,16,,83857,33,,,0,54,,83859,33,,,0,14,,83860,33,,,0,17,,83861,33,,,0,17,,83862,33,,,0,63,,83863,33,,,0,24,,83865,33,,,0,67,,83864,33,,,0,33,,83867,33,,,0,18,,83866,33,,,0,75,,83868,33,,,0,18,,83869,33,,,0,78,,83871,33,,,0,19,,83870,33,,,0,98,,83872,33,,,0,98,,83873,33,,,0
600,'5458',542,,83874,22,,,0,60,,83875,33,,,0,33,,83876,33,,,0,72,,83877,33,,,0,26,,83878,33,,,0,25,,83879,33,,,0,65,,83895,33,,,0,20,,83897,33,,,0,58,,83886,33,,,0,19,,83880,33,,,0,19,,83881,33,,,0,65,,83882,33,,,0,24,,83883,33,,,0,23,,83890,33,,,0,65,,83884,33,,,0,23,,83885,33,,,0,64,,83887,33,,,0,24,,83888,33,,,0,25,,83889,33,,,0,64,,83891,33,,,0,25,,83892,33,,,0,67,,83893,33,,,0,24,,83894,33,,,0,21,,83896,33,,,0,60,,83898,33,,,0,21,,83899,33,,,0,16,,83905,33,,,0,54,,83900,33,,,0,17,,83901,33,,,0,14,,83908,33,,,0,15,,83902,33,,,0,55,,83903,33,,,0,13,,83904,33,,,0,13,,83906,33,,,0,16,,83907,33,,,0,54,,83909,33,,,0,14,,83910,33,,,0,17,,83911,33,,,0,17,,83912,33,,,0,63,,83913,33,,,0,24,,83915,33,,,0,67,,83914,33,,,0,33,,83917,33,,,0,18,,83916,33,,,0,75,,83918,33,,,0,18,,83919,33,,,0,78,,83921,33,,,0,19,,83920,33,,,0,98,,83922,33,,,0,98,,83923,33,,,0,70,,83927,33,,,0,30,,83925,33,,,0,69,,83928,33,,,0,30,,83924,33,,,0,69,,83926,33,,,0
600,'5459',607,,83930,33,,,0,31,,83931,33,,,0,84,,83932,33,,,0,20,,83933,33,,,0,77,,83934,33,,,0,20,,83935,33,,,0,18,,83936,33,,,0,71,,83937,33,,,0,16,,83929,33,,,0,15,,83938,33,,,0,67,,83939,33,,,0,13,,83940,33,,,0,13,,83941,33,,,0,52,,83942,33,,,0,24,,83943,33,,,0,12,,83944,33,,,0,12,,83945,33,,,0,65,,83946,33,,,0,12,,83947,33,,,0,12,,83948,33,,,0,64,,83949,33,,,0,12,,83950,33,,,0,13,,83951,33,,,0,24,,83952,33,,,0,52,,83953,33,,,0,12,,83954,33,,,0,20,,83955,33,,,0,10,,83956,33,,,0,10,,83957,33,,,0,62,,83958,33,,,0,11,,83967,33,,,0,10,,83959,33,,,0,60,,83960,33,,,0,11,,83968,33,,,0,10,,83961,33,,,0,20,,83962,33,,,0,11,,83969,33,,,0,50,,83963,33,,,0,20,,83964,33,,,0,11,,83965,33,,,0,12,,83970,33,,,0,12,,83966,33,,,0,64,,83971,33,,,0,12,,83972,33,,,0,12,,83973,33,,,0,11,,83974,33,,,0,65,,83976,33,,,0,15,,83977,33,,,0,14,,83978,33,,,0,69,,83979,33,,,0,15,,83980,33,,,0,17,,83975,33,,,0,76,,83981,33,,,0,18,,83982,33,,,0,74,,83983,33,,,0,21,,83984,33,,,0,60,,83985,33,,,0,48,,83986,33,,,0,93,,83987,33,,,0,69,,83988,33,,,0,29,,83989,33,,,0,70,,83990,33,,,0,29,,83991,33,,,0,69,,83992,33,,,0
600,'5460',645,,84019,33,,,0,77,,84032,33,,,0,96,,84002,33,,,0,25,,84030,33,,,0,81,,84004,33,,,0,22,,83994,33,,,0,79,,84014,33,,,0,15,,84041,33,,,0,16,,84003,33,,,0,73,,84034,33,,,0,15,,84018,33,,,0,15,,83993,33,,,0,70,,83995,33,,,0,12,,83997,33,,,0,12,,84037,33,,,0,52,,84021,33,,,0,24,,83996,33,,,0,12,,84007,33,,,0,12,,83998,33,,,0,52,,84001,33,,,0,24,,84020,33,,,0,12,,83999,33,,,0,12,,84000,33,,,0,52,,84008,33,,,0,24,,84011,33,,,0,12,,84038,33,,,0,12,,84022,33,,,0,52,,84012,33,,,0,25,,84010,33,,,0,12,,84009,33,,,0,11,,84006,33,,,0,52,,84036,33,,,0,25,,84005,33,,,0,12,,84016,33,,,0,11,,84015,33,,,0,52,,84042,33,,,0,25,,84027,33,,,0,15,,84013,33,,,0,14,,84017,33,,,0,72,,84023,33,,,0,16,,84029,33,,,0,58,,84024,33,,,0,34,,84025,33,,,0,17,,84028,33,,,0,74,,84033,33,,,0,17,,84035,33,,,0,57,,84026,33,,,0,48,,84031,33,,,0,95,,84040,33,,,0,87,,84039,33,,,0
600,'5461',645,,84069,33,,,0,77,,84082,33,,,0,96,,84052,33,,,0,25,,84080,33,,,0,81,,84054,33,,,0,22,,84044,33,,,0,79,,84064,33,,,0,15,,84091,33,,,0,16,,84053,33,,,0,73,,84084,33,,,0,15,,84068,33,,,0,15,,84043,33,,,0,70,,84045,33,,,0,12,,84047,33,,,0,12,,84087,33,,,0,52,,84071,33,,,0,24,,84046,33,,,0,12,,84057,33,,,0,12,,84048,33,,,0,52,,84051,33,,,0,24,,84070,33,,,0,12,,84049,33,,,0,12,,84050,33,,,0,52,,84058,33,,,0,24,,84061,33,,,0,12,,84088,33,,,0,12,,84072,33,,,0,52,,84062,33,,,0,25,,84060,33,,,0,12,,84059,33,,,0,11,,84056,33,,,0,52,,84086,33,,,0,25,,84055,33,,,0,12,,84066,33,,,0,11,,84065,33,,,0,52,,84092,33,,,0,25,,84077,33,,,0,15,,84063,33,,,0,14,,84067,33,,,0,72,,84073,33,,,0,16,,84079,33,,,0,58,,84074,33,,,0,34,,84075,33,,,0,17,,84078,33,,,0,74,,84083,33,,,0,17,,84085,33,,,0,57,,84076,33,,,0,48,,84081,33,,,0,95,,84090,33,,,0,87,,84089,33,,,0
600,'5462',645,,84119,33,,,0,77,,84132,33,,,0,96,,84102,33,,,0,25,,84130,33,,,0,81,,84104,33,,,0,22,,84094,33,,,0,79,,84114,33,,,0,15,,84141,33,,,0,16,,84103,33,,,0,73,,84134,33,,,0,15,,84118,33,,,0,15,,84093,33,,,0,70,,84095,33,,,0,12,,84097,33,,,0,12,,84137,33,,,0,52,,84121,33,,,0,24,,84096,33,,,0,12,,84107,33,,,0,12,,84098,33,,,0,52,,84101,33,,,0,24,,84120,33,,,0,12,,84099,33,,,0,12,,84100,33,,,0,52,,84108,33,,,0,24,,84111,33,,,0,12,,84138,33,,,0,12,,84122,33,,,0,52,,84112,33,,,0,25,,84110,33,,,0,12,,84109,33,,,0,11,,84106,33,,,0,52,,84136,33,,,0,25,,84105,33,,,0,12,,84116,33,,,0,11,,84115,33,,,0,52,,84142,33,,,0,25,,84127,33,,,0,15,,84113,33,,,0,14,,84117,33,,,0,72,,84123,33,,,0,16,,84129,33,,,0,58,,84124,33,,,0,34,,84125,33,,,0,17,,84128,33,,,0,74,,84133,33,,,0,17,,84135,33,,,0,57,,84126,33,,,0,48,,84131,33,,,0,95,,84140,33,,,0,87,,84139,33,,,0
600,'5463',645,,84169,33,,,0,77,,84182,33,,,0,96,,84152,33,,,0,25,,84180,33,,,0,81,,84154,33,,,0,22,,84144,33,,,0,79,,84164,33,,,0,15,,84191,33,,,0,16,,84153,33,,,0,73,,84184,33,,,0,15,,84168,33,,,0,15,,84143,33,,,0,70,,84145,33,,,0,12,,84147,33,,,0,12,,84187,33,,,0,52,,84171,33,,,0,24,,84146,33,,,0,12,,84157,33,,,0,12,,84148,33,,,0,52,,84151,33,,,0,24,,84170,33,,,0,12,,84149,33,,,0,12,,84150,33,,,0,52,,84158,33,,,0,24,,84161,33,,,0,12,,84188,33,,,0,12,,84172,33,,,0,52,,84162,33,,,0,25,,84160,33,,,0,12,,84159,33,,,0,11,,84156,33,,,0,52,,84186,33,,,0,25,,84155,33,,,0,12,,84166,33,,,0,11,,84165,33,,,0,52,,84192,33,,,0,25,,84177,33,,,0,15,,84163,33,,,0,14,,84167,33,,,0,72,,84173,33,,,0,16,,84179,33,,,0,58,,84174,33,,,0,34,,84175,33,,,0,17,,84178,33,,,0,74,,84183,33,,,0,17,,84185,33,,,0,57,,84176,33,,,0,48,,84181,33,,,0,95,,84190,33,,,0,87,,84189,33,,,0
3100,'5456',639,,91796,32,,,0,78,,91797,32,,,0,34,,91798,32,,,0,74,,91799,32,,,0,29,,91800,32,,,0,70,,91801,32,,,0,29,,91802,32,,,0,71,,91803,32,,,0,30,,91804,32,,,0,70,,91805,32,,,0,32,,91806,32,,,0,70,,91807,32,,,0,30,,91808,32,,,0,71,,91809,32,,,0,30,,91810,32,,,0,69,,91811,32,,,0,32,,91812,32,,,0,72,,91813,32,,,0,73,,91814,32,,,0,33,,91815,32,,,0,74,,91816,32,,,0,29,,91817,32,,,0,70,,91818,32,,,0,29,,91819,32,,,0,65,,91820,32,,,0,27,,91821,32,,,0,27,,91822,32,,,0,77,,91823,32,,,0,78,,91824,32,,,0,93,,91825,32,,,0,97,,91826,32,,,0,112,,91827,32,,,0,94,,91828,32,,,0
3100,'5458',639,,91829,32,,,0,78,,91830,32,,,0,34,,91831,32,,,0,74,,91832,32,,,0,29,,91833,32,,,0,70,,91834,32,,,0,29,,91835,32,,,0,71,,91836,32,,,0,30,,91837,32,,,0,70,,91838,32,,,0,32,,91839,32,,,0,70,,91840,32,,,0,30,,91841,32,,,0,71,,91842,32,,,0,30,,91843,32,,,0,69,,91844,32,,,0,32,,91845,32,,,0,72,,91846,32,,,0,73,,91847,32,,,0,33,,91848,32,,,0,74,,91849,32,,,0,29,,91850,32,,,0,70,,91851,32,,,0,29,,91852,32,,,0,65,,91853,32,,,0,27,,91854,32,,,0,27,,91855,32,,,0,77,,91856,32,,,0,78,,91857,32,,,0,93,,91858,32,,,0,97,,91859,32,,,0,112,,91860,32,,,0,94,,91861,32,,,0
3100,'5459',726,,91862,32,,,0,88,,91863,32,,,0,42,,91864,32,,,0,75,,91865,32,,,0,71,,91866,32,,,0,32,,91867,32,,,0,74,,91868,32,,,0,30,,91869,32,,,0,70,,91870,32,,,0,30,,91871,32,,,0,70,,91872,32,,,0,31,,91873,32,,,0,71,,91874,32,,,0,30,,91875,32,,,0,70,,91876,32,,,0,31,,91877,32,,,0,69,,91878,32,,,0,30,,91879,32,,,0,68,,91880,32,,,0,30,,91881,32,,,0,69,,91882,32,,,0,30,,91883,32,,,0,74,,91884,32,,,0,39,,91885,32,,,0,79,,91886,32,,,0,79,,91887,32,,,0,95,,91888,32,,,0,100,,91889,32,,,0,115,,91890,32,,,0,91,,91891,32,,,0
3100,'5460',726,,91892,32,,,0,112,,91893,32,,,0,94,,91894,32,,,0,80,,91895,32,,,0,42,,91896,32,,,0,81,,91897,32,,,0,70,,91898,32,,,0,31,,91899,32,,,0,70,,91900,32,,,0,31,,91901,32,,,0,70,,91902,32,,,0,31,,91903,32,,,0,70,,91904,32,,,0,30,,91905,32,,,0,71,,91906,32,,,0,29,,91907,32,,,0,69,,91908,32,,,0,29,,91909,32,,,0,70,,91910,32,,,0,29,,91911,32,,,0,75,,91912,32,,,0,39,,91913,32,,,0,78,,91914,32,,,0,80,,91915,32,,,0,95,,91916,32,,,0,100,,91917,32,,,0,111,,91918,32,,,0
3100,'5461',726,,91919,32,,,0,112,,91920,32,,,0,94,,91921,32,,,0,80,,91922,32,,,0,42,,91923,32,,,0,81,,91924,32,,,0,70,,91925,32,,,0,31,,91926,32,,,0,70,,91927,32,,,0,31,,91928,32,,,0,70,,91929,32,,,0,31,,91930,32,,,0,70,,91931,32,,,0,30,,91932,32,,,0,71,,91933,32,,,0,29,,91934,32,,,0,69,,91935,32,,,0,29,,91936,32,,,0,70,,91937,32,,,0,29,,91938,32,,,0,75,,91939,32,,,0,39,,91940,32,,,0,78,,91941,32,,,0,80,,91942,32,,,0,95,,91943,32,,,0,100,,91944,32,,,0,111,,91945,32,,,0
3100,'5462',726,,91946,32,,,0,112,,91947,32,,,0,94,,91948,32,,,0,80,,91949,32,,,0,42,,91950,32,,,0,81,,91951,32,,,0,70,,91952,32,,,0,31,,91953,32,,,0,70,,91954,32,,,0,31,,91955,32,,,0,70,,91956,32,,,0,31,,91957,32,,,0,70,,91958,32,,,0,30,,91959,32,,,0,71,,91960,32,,,0,29,,91961,32,,,0,69,,91962,32,,,0,29,,91963,32,,,0,70,,91964,32,,,0,29,,91965,32,,,0,75,,91966,32,,,0,39,,91967,32,,,0,78,,91968,32,,,0,80,,91969,32,,,0,95,,91970,32,,,0,100,,91971,32,,,0,111,,91972,32,,,0
3100,'5463',726,,91973,32,,,0,112,,91974,32,,,0,94,,91975,32,,,0,80,,91976,32,,,0,42,,91977,32,,,0,81,,91978,32,,,0,70,,91979,32,,,0,31,,91980,32,,,0,70,,91981,32,,,0,31,,91982,32,,,0,70,,91983,32,,,0,31,,91984,32,,,0,70,,91985,32,,,0,30,,91986,32,,,0,71,,91987,32,,,0,29,,91988,32,,,0,69,,91989,32,,,0,29,,91990,32,,,0,70,,91991,32,,,0,29,,91992,32,,,0,75,,91993,32,,,0,39,,91994,32,,,0,78,,91995,32,,,0,80,,91996,32,,,0,95,,91997,32,,,0,100,,91998,32,,,0,111,,91999,32,,,0
3200,'5456',1713,,92217,18,,,0
3200,'5458',1713,,92234,18,,,0
