3000,'5456',553,,91394,11,,,0,92,,91395,11,,,0,72,,91396,11,,,0,32,,91397,11,,,0,71,,91398,11,,,0,32,,91399,11,,,0,69,,91400,11,,,0,30,,91401,11,,,0,71,,91402,11,,,0,30,,91403,11,,,0,70,,91404,11,,,0,30,,91405,11,,,0,70,,91406,11,,,0,30,,91407,11,,,0,71,,91408,11,,,0,30,,91409,11,,,0,67,,91410,11,,,0,32,,91411,11,,,0,72,,91412,11,,,0,32,,91413,11,,,0,75,,91414,11,,,0,72,,91415,11,,,0,32,,91416,11,,,0,70,,91417,11,,,0,26,,91418,11,,,0,28,,91419,11,,,0,68,,91420,11,,,0,73,,91421,11,,,0,33,,91422,11,,,0,86,,91423,11,,,0,100,,91424,11,,,0,99,,91425,11,,,0,108,,91426,11,,,0
3000,'5458',553,,91427,11,,,0,92,,91428,11,,,0,72,,91429,11,,,0,32,,91430,11,,,0,71,,91431,11,,,0,32,,91432,11,,,0,69,,91433,11,,,0,30,,91434,11,,,0,71,,91435,11,,,0,30,,91436,11,,,0,70,,91437,11,,,0,30,,91438,11,,,0,70,,91439,11,,,0,30,,91440,11,,,0,71,,91441,11,,,0,30,,91442,11,,,0,67,,91443,11,,,0,32,,91444,11,,,0,72,,91445,11,,,0,32,,91446,11,,,0,75,,91447,11,,,0,72,,91448,11,,,0,32,,91449,11,,,0,70,,91450,11,,,0,26,,91451,11,,,0,28,,91452,11,,,0,68,,91453,11,,,0,73,,91454,11,,,0,33,,91455,11,,,0,86,,91456,11,,,0,100,,91457,11,,,0,99,,91458,11,,,0,108,,91459,11,,,0
3000,'5459',642,,91460,11,,,0,100,,91461,11,,,0,78,,91462,11,,,0,38,,91463,11,,,0,72,,91464,11,,,0,72,,91465,11,,,0,33,,91466,11,,,0,71,,91467,11,,,0,30,,91468,11,,,0,70,,91469,11,,,0,30,,91470,11,,,0,69,,91471,11,,,0,31,,91472,11,,,0,70,,91473,11,,,0,30,,91474,11,,,0,70,,91475,11,,,0,31,,91476,11,,,0,69,,91477,11,,,0,30,,91478,11,,,0,69,,91479,11,,,0,30,,91480,11,,,0,69,,91481,11,,,0,30,,91482,11,,,0,80,,91483,11,,,0,40,,91484,11,,,0,79,,91485,11,,,0,85,,91486,11,,,0,100,,91487,11,,,0,100,,91488,11,,,0,107,,91489,11,,,0
3000,'5460',753,,91490,11,,,0,101,,91491,11,,,0,84,,91492,11,,,0,80,,91493,11,,,0,41,,91494,11,,,0,75,,91495,11,,,0,70,,91496,11,,,0,30,,91497,11,,,0,70,,91498,11,,,0,30,,91499,11,,,0,70,,91500,11,,,0,30,,91501,11,,,0,70,,91502,11,,,0,30,,91503,11,,,0,71,,91504,11,,,0,30,,91505,11,,,0,69,,91506,11,,,0,30,,91507,11,,,0,69,,91508,11,,,0,30,,91509,11,,,0,80,,91510,11,,,0,40,,91511,11,,,0,80,,91512,11,,,0,87,,91513,11,,,0,98,,91514,11,,,0,98,,91515,11,,,0
3000,'5461',753,,91516,11,,,0,101,,91517,11,,,0,84,,91518,11,,,0,80,,91519,11,,,0,41,,91520,11,,,0,75,,91521,11,,,0,70,,91522,11,,,0,30,,91523,11,,,0,70,,91524,11,,,0,30,,91525,11,,,0,70,,91526,11,,,0,30,,91527,11,,,0,70,,91528,11,,,0,30,,91529,11,,,0,71,,91530,11,,,0,30,,91531,11,,,0,69,,91532,11,,,0,30,,91533,11,,,0,69,,91534,11,,,0,30,,91535,11,,,0,80,,91536,11,,,0,40,,91537,11,,,0,80,,91538,11,,,0,87,,91539,11,,,0,98,,91540,11,,,0,98,,91541,11,,,0
3000,'5462',753,,91542,11,,,0,101,,91543,11,,,0,84,,91544,11,,,0,80,,91545,11,,,0,41,,91546,11,,,0,75,,91547,11,,,0,70,,91548,11,,,0,30,,91549,11,,,0,70,,91550,11,,,0,30,,91551,11,,,0,70,,91552,11,,,0,30,,91553,11,,,0,70,,91554,11,,,0,30,,91555,11,,,0,71,,91556,11,,,0,30,,91557,11,,,0,69,,91558,11,,,0,30,,91559,11,,,0,69,,91560,11,,,0,30,,91561,11,,,0,80,,91562,11,,,0,40,,91563,11,,,0,80,,91564,11,,,0,87,,91565,11,,,0,98,,91566,11,,,0,98,,91567,11,,,0
3000,'5463',753,,91568,11,,,0,101,,91569,11,,,0,84,,91570,11,,,0,80,,91571,11,,,0,41,,91572,11,,,0,75,,91573,11,,,0,70,,91574,11,,,0,30,,91575,11,,,0,70,,91576,11,,,0,30,,91577,11,,,0,70,,91578,11,,,0,30,,91579,11,,,0,70,,91580,11,,,0,30,,91581,11,,,0,71,,91582,11,,,0,30,,91583,11,,,0,69,,91584,11,,,0,30,,91585,11,,,0,69,,91586,11,,,0,30,,91587,11,,,0,80,,91588,11,,,0,40,,91589,11,,,0,80,,91590,11,,,0,87,,91591,11,,,0,98,,91592,11,,,0,98,,91593,11,,,0
3100,'5456',624,,91796,11,,,0,77,,91797,11,,,0,32,,91798,11,,,0,71,,91799,11,,,0,32,,91800,11,,,0,71,,91801,11,,,0,29,,91802,11,,,0,71,,91803,11,,,0,30,,91804,11,,,0,70,,91805,11,,,0,30,,91806,11,,,0,70,,91807,11,,,0,30,,91808,11,,,0,71,,91809,11,,,0,30,,91810,11,,,0,68,,91811,11,,,0,30,,91812,11,,,0,72,,91813,11,,,0,32,,91814,11,,,0,74,,91815,11,,,0,34,,91816,11,,,0,71,,91817,11,,,0,31,,91818,11,,,0,69,,91819,11,,,0,26,,91820,11,,,0,68,,91821,11,,,0,28,,91822,11,,,0,77,,91823,11,,,0,38,,91824,11,,,0,94,,91825,11,,,0,98,,91826,11,,,0,153,,91827,11,,,0,54,,91828,11,,,0
3100,'5458',624,,91829,11,,,0,77,,91830,11,,,0,32,,91831,11,,,0,71,,91832,11,,,0,32,,91833,11,,,0,71,,91834,11,,,0,29,,91835,11,,,0,71,,91836,11,,,0,30,,91837,11,,,0,70,,91838,11,,,0,30,,91839,11,,,0,70,,91840,11,,,0,30,,91841,11,,,0,71,,91842,11,,,0,30,,91843,11,,,0,68,,91844,11,,,0,30,,91845,11,,,0,72,,91846,11,,,0,32,,91847,11,,,0,74,,91848,11,,,0,34,,91849,11,,,0,71,,91850,11,,,0,31,,91851,11,,,0,69,,91852,11,,,0,26,,91853,11,,,0,68,,91854,11,,,0,28,,91855,11,,,0,77,,91856,11,,,0,38,,91857,11,,,0,94,,91858,11,,,0,98,,91859,11,,,0,153,,91860,11,,,0,54,,91861,11,,,0
3100,'5459',712,,91862,11,,,0,88,,91863,11,,,0,41,,91864,11,,,0,74,,91865,11,,,0,31,,91866,11,,,0,72,,91867,11,,,0,33,,91868,11,,,0,70,,91869,11,,,0,30,,91870,11,,,0,70,,91871,11,,,0,30,,91872,11,,,0,70,,91873,11,,,0,30,,91874,11,,,0,70,,91875,11,,,0,30,,91876,11,,,0,71,,91877,11,,,0,29,,91878,11,,,0,70,,91879,11,,,0,29,,91880,11,,,0,70,,91881,11,,,0,29,,91882,11,,,0,70,,91883,11,,,0,35,,91884,11,,,0,80,,91885,11,,,0,79,,91886,11,,,0,40,,91887,11,,,0,95,,91888,11,,,0,100,,91889,11,,,0,156,,91890,11,,,0,51,,91891,11,,,0
3100,'5460',712,,91892,11,,,0,112,,91893,11,,,0,94,,91894,11,,,0,40,,91895,11,,,0,81,,91896,11,,,0,80,,91897,11,,,0,30,,91898,11,,,0,70,,91899,11,,,0,30,,91900,11,,,0,70,,91901,11,,,0,30,,91902,11,,,0,70,,91903,11,,,0,30,,91904,11,,,0,70,,91905,11,,,0,31,,91906,11,,,0,70,,91907,11,,,0,29,,91908,11,,,0,70,,91909,11,,,0,30,,91910,11,,,0,69,,91911,11,,,0,35,,91912,11,,,0,80,,91913,11,,,0,80,,91914,11,,,0,40,,91915,11,,,0,95,,91916,11,,,0,100,,91917,11,,,0,152,,91918,11,,,0
3100,'5461',712,,91919,11,,,0,112,,91920,11,,,0,94,,91921,11,,,0,40,,91922,11,,,0,81,,91923,11,,,0,80,,91924,11,,,0,30,,91925,11,,,0,70,,91926,11,,,0,30,,91927,11,,,0,70,,91928,11,,,0,30,,91929,11,,,0,70,,91930,11,,,0,30,,91931,11,,,0,70,,91932,11,,,0,31,,91933,11,,,0,70,,91934,11,,,0,29,,91935,11,,,0,70,,91936,11,,,0,30,,91937,11,,,0,69,,91938,11,,,0,35,,91939,11,,,0,80,,91940,11,,,0,80,,91941,11,,,0,40,,91942,11,,,0,95,,91943,11,,,0,100,,91944,11,,,0,152,,91945,11,,,0
3100,'5462',712,,91946,11,,,0,112,,91947,11,,,0,94,,91948,11,,,0,40,,91949,11,,,0,81,,91950,11,,,0,80,,91951,11,,,0,30,,91952,11,,,0,70,,91953,11,,,0,30,,91954,11,,,0,70,,91955,11,,,0,30,,91956,11,,,0,70,,91957,11,,,0,30,,91958,11,,,0,70,,91959,11,,,0,31,,91960,11,,,0,70,,91961,11,,,0,29,,91962,11,,,0,70,,91963,11,,,0,30,,91964,11,,,0,69,,91965,11,,,0,35,,91966,11,,,0,80,,91967,11,,,0,80,,91968,11,,,0,40,,91969,11,,,0,95,,91970,11,,,0,100,,91971,11,,,0,152,,91972,11,,,0
3100,'5463',712,,91973,11,,,0,112,,91974,11,,,0,94,,91975,11,,,0,40,,91976,11,,,0,81,,91977,11,,,0,80,,91978,11,,,0,30,,91979,11,,,0,70,,91980,11,,,0,30,,91981,11,,,0,70,,91982,11,,,0,30,,91983,11,,,0,70,,91984,11,,,0,30,,91985,11,,,0,70,,91986,11,,,0,31,,91987,11,,,0,70,,91988,11,,,0,29,,91989,11,,,0,70,,91990,11,,,0,30,,91991,11,,,0,69,,91992,11,,,0,35,,91993,11,,,0,80,,91994,11,,,0,80,,91995,11,,,0,40,,91996,11,,,0,95,,91997,11,,,0,100,,91998,11,,,0,152,,91999,11,,,0
3200,'5456',1659,,92217,10,,,0
3200,'5458',1659,,92234,10,,,0
4701,'5456',1627,,93093,10,,,0,28,,93094,10,,,0,71,,93095,10,,,0
4701,'5458',1627,,93096,10,,,0,28,,93097,10,,,0,71,,93098,10,,,0
4801,'5456',1626,,93107,10,,,0,28,,93106,10,,,0,72,,93105,10,,,0
4801,'5458',1626,,93110,10,,,0,28,,93109,10,,,0,72,,93108,10,,,0
5301,'5456',1629,,93723,10,,,0
5301,'5458',1629,,93733,10,,,0
6101,'5456',1517,,95101,10,,,0,30,,95087,10,,,0,74,,95076,10,,,0,24,,95074,10,,,0,57,,95083,10,,,0,23,,95069,10,,,0,82,,95078,10,,,0
6101,'5458',1517,,95138,10,,,0,30,,95124,10,,,0,74,,95113,10,,,0,24,,95111,10,,,0,57,,95119,10,,,0,23,,95106,10,,,0,82,,95115,10,,,0
6501,'5456',1608,,95297,10,,,0,28,,95299,10,,,0,75,,95296,10,,,0,29,,95298,10,,,0
6501,'5458',1608,,95301,10,,,0,28,,95303,10,,,0,75,,95300,10,,,0,29,,95302,10,,,0
7000,'5456',504,,95304,10,,,0,50,,95305,10,,,0,92,,95313,10,,,0,103,,95306,10,,,0,101,,95315,10,,,0,99,,95309,10,,,0,99,,95307,10,,,0,98,,95308,10,,,0,100,,95312,10,,,0,99,,95310,10,,,0,100,,95311,10,,,0,97,,95314,10,,,0,103,,95316,10,,,0,107,,95317,10,,,0,200,,95318,10,,,0,251,,95319,10,,,0
7000,'5458',504,,95320,10,,,0,50,,95321,10,,,0,92,,95329,10,,,0,103,,95322,10,,,0,101,,95331,10,,,0,99,,95325,10,,,0,99,,95323,10,,,0,98,,95324,10,,,0,100,,95328,10,,,0,81,,95336,10,,,0,18,,95326,10,,,0,100,,95327,10,,,0,79,,95337,10,,,0,18,,95330,10,,,0,103,,95332,10,,,0,88,,95338,10,,,0,19,,95333,10,,,0,200,,95334,10,,,0,251,,95335,10,,,0
7000,'5459',502,,95359,10,,,0,55,,95358,10,,,0,99,,95360,10,,,0,83,,95340,10,,,0,14,,95341,10,,,0,98,,95342,10,,,0,87,,95343,10,,,0,13,,95339,10,,,0,97,,95344,10,,,0,84,,95345,10,,,0,16,,95346,10,,,0,99,,95347,10,,,0,85,,95348,10,,,0,15,,95349,10,,,0,101,,95350,10,,,0,84,,95351,10,,,0,15,,95352,10,,,0,101,,95353,10,,,0,84,,95354,10,,,0,17,,95355,10,,,0,204,,95356,10,,,0,254,,95357,10,,,0
7000,'5460',559,,95367,10,,,0,196,,95361,10,,,0,182,,95362,10,,,0,14,,95363,10,,,0,100,,95364,10,,,0,83,,95365,10,,,0,15,,95366,10,,,0,100,,95368,10,,,0,83,,95369,10,,,0,16,,95370,10,,,0,101,,95371,10,,,0,84,,95372,10,,,0,15,,95373,10,,,0,101,,95374,10,,,0,86,,95375,10,,,0,17,,95376,10,,,0,101,,95377,10,,,0,103,,95378,10,,,0,251,,95379,10,,,0
7000,'5461',559,,95386,10,,,0,98,,95399,10,,,0,98,,95380,10,,,0,98,,95401,10,,,0,84,,95381,10,,,0,14,,95382,10,,,0,85,,95400,10,,,0,15,,95383,10,,,0,83,,95384,10,,,0,15,,95385,10,,,0,86,,95402,10,,,0,14,,95387,10,,,0,83,,95388,10,,,0,16,,95389,10,,,0,88,,95403,10,,,0,13,,95390,10,,,0,84,,95391,10,,,0,15,,95392,10,,,0,87,,95404,10,,,0,14,,95393,10,,,0,86,,95394,10,,,0,17,,95395,10,,,0,101,,95396,10,,,0,103,,95397,10,,,0,251,,95398,10,,,0
7000,'5462',559,,95411,10,,,0,98,,95424,10,,,0,98,,95405,10,,,0,98,,95426,10,,,0,84,,95406,10,,,0,14,,95407,10,,,0,85,,95425,10,,,0,15,,95408,10,,,0,83,,95409,10,,,0,15,,95410,10,,,0,86,,95427,10,,,0,14,,95412,10,,,0,83,,95413,10,,,0,16,,95414,10,,,0,88,,95428,10,,,0,13,,95415,10,,,0,84,,95416,10,,,0,15,,95417,10,,,0,87,,95429,10,,,0,14,,95418,10,,,0,86,,95419,10,,,0,17,,95420,10,,,0,101,,95421,10,,,0,103,,95422,10,,,0,251,,95423,10,,,0
7000,'5463',559,,95436,10,,,0,98,,95449,10,,,0,98,,95430,10,,,0,182,,95431,10,,,0,14,,95432,10,,,0,85,,95450,10,,,0,15,,95433,10,,,0,83,,95434,10,,,0,15,,95435,10,,,0,100,,95437,10,,,0,83,,95438,10,,,0,16,,95439,10,,,0,101,,95440,10,,,0,84,,95441,10,,,0,15,,95442,10,,,0,101,,95443,10,,,0,86,,95444,10,,,0,17,,95445,10,,,0,101,,95446,10,,,0,103,,95447,10,,,0,251,,95448,10,,,0
7100,'5456',1518,,95557,10,,,0,105,,95558,10,,,0,106,,95556,10,,,0
7100,'5458',1518,,95560,10,,,0,105,,95561,10,,,0,106,,95559,10,,,0
7200,'5456',601,,95572,10,,,0,36,,95578,10,,,0,68,,95568,10,,,0,27,,95569,10,,,0,71,,95576,10,,,0,32,,95570,10,,,0,70,,95571,10,,,0,30,,95580,10,,,0,71,,95573,10,,,0,29,,95574,10,,,0,70,,95575,10,,,0,27,,95584,10,,,0,70,,95588,10,,,0,29,,95577,10,,,0,70,,95590,10,,,0,28,,95595,10,,,0,30,,95579,10,,,0,69,,95582,10,,,0,29,,95585,10,,,0,70,,95598,10,,,0,28,,95581,10,,,0,71,,95591,10,,,0,32,,95593,10,,,0,77,,95583,10,,,0,69,,95586,10,,,0,31,,95596,10,,,0,70,,95599,10,,,0,31,,95587,10,,,0,73,,95594,10,,,0,31,,95589,10,,,0,100,,95597,10,,,0,101,,95592,10,,,0,118,,95600,10,0,10 11 12,0
7200,'5458',601,,95605,10,,,0,36,,95611,10,,,0,68,,95601,10,,,0,27,,95602,10,,,0,71,,95609,10,,,0,32,,95603,10,,,0,70,,95604,10,,,0,30,,95613,10,,,0,71,,95606,10,,,0,29,,95607,10,,,0,70,,95608,10,,,0,27,,95617,10,,,0,70,,95621,10,,,0,29,,95610,10,,,0,70,,95623,10,,,0,28,,95628,10,,,0,30,,95612,10,,,0,69,,95615,10,,,0,29,,95618,10,,,0,70,,95631,10,,,0,28,,95614,10,,,0,71,,95624,10,,,0,32,,95626,10,,,0,77,,95616,10,,,0,69,,95619,10,,,0,31,,95629,10,,,0,70,,95632,10,,,0,31,,95620,10,,,0,73,,95627,10,,,0,31,,95622,10,,,0,100,,95630,10,,,0,101,,95625,10,,,0,118,,95633,10,0,10 11 12,0
7200,'5459',714,,95634,10,,,0,27,,95635,10,,,0,69,,95636,10,,,0,30,,95637,10,,,0,70,,95638,10,,,0,30,,95639,10,,,0,70,,95640,10,,,0,26,,95641,10,,,0,69,,95642,10,,,0,30,,95643,10,,,0,69,,95644,10,,,0,30,,95645,10,,,0,69,,95646,10,,,0,30,,95647,10,,,0,70,,95648,10,,,0,30,,95649,10,,,0,70,,95650,10,,,0,30,,95651,10,,,0,70,,95652,10,,,0,30,,95653,10,,,0,70,,95654,10,,,0,31,,95655,10,,,0,70,,95656,10,,,0,32,,95657,10,,,0,71,,95658,10,,,0,32,,95659,10,,,0,70,,95660,10,,,0,30,,95661,10,,,0,100,,95662,10,,,0,102,,95663,10,,,0,160,,95664,10,0,10 11 12,0
7200,'5460',741,,95665,10,,,0,100,,95668,10,,,0,98,,95666,10,,,0,98,,95667,10,,,0,70,,95669,10,,,0,29,,95670,10,,,0,69,,95671,10,,,0,29,,95672,10,,,0,70,,95673,10,,,0,30,,95674,10,,,0,70,,95675,10,,,0,30,,95676,10,,,0,70,,95677,10,,,0,30,,95678,10,,,0,70,,95679,10,,,0,30,,95680,10,,,0,72,,95681,10,,,0,31,,95682,10,,,0,71,,95683,10,,,0,30,,95684,10,,,0,70,,95685,10,,,0,33,,95686,10,,,0,99,,95687,10,,,0,101,,95688,10,,,0,103,,95689,10,,,0,76,,95690,10,0,10 11 12,0
7200,'5461',741,,95691,10,,,0,100,,95694,10,,,0,98,,95692,10,,,0,98,,95693,10,,,0,70,,95695,10,,,0,29,,95696,10,,,0,69,,95697,10,,,0,29,,95698,10,,,0,70,,95699,10,,,0,30,,95700,10,,,0,70,,95701,10,,,0,30,,95702,10,,,0,70,,95703,10,,,0,30,,95704,10,,,0,70,,95705,10,,,0,30,,95706,10,,,0,72,,95707,10,,,0,31,,95708,10,,,0,71,,95709,10,,,0,30,,95710,10,,,0,70,,95711,10,,,0,33,,95712,10,,,0,99,,95713,10,,,0,101,,95714,10,,,0,103,,95715,10,,,0,76,,95716,10,0,10 11 12,0
7200,'5462',741,,95717,10,,,0,100,,95720,10,,,0,98,,95718,10,,,0,98,,95719,10,,,0,70,,95721,10,,,0,29,,95722,10,,,0,69,,95723,10,,,0,29,,95724,10,,,0,70,,95725,10,,,0,30,,95726,10,,,0,70,,95727,10,,,0,30,,95728,10,,,0,70,,95729,10,,,0,30,,95730,10,,,0,70,,95731,10,,,0,30,,95732,10,,,0,72,,95733,10,,,0,31,,95734,10,,,0,71,,95735,10,,,0,30,,95736,10,,,0,70,,95737,10,,,0,33,,95738,10,,,0,99,,95739,10,,,0,101,,95740,10,,,0,103,,95741,10,,,0,76,,95742,10,0,10 11 12,0
7200,'5463',741,,95743,10,,,0,100,,95746,10,,,0,98,,95744,10,,,0,98,,95745,10,,,0,70,,95747,10,,,0,29,,95748,10,,,0,69,,95749,10,,,0,29,,95750,10,,,0,70,,95751,10,,,0,30,,95752,10,,,0,70,,95753,10,,,0,30,,95754,10,,,0,70,,95755,10,,,0,30,,95756,10,,,0,70,,95757,10,,,0,30,,95758,10,,,0,72,,95759,10,,,0,31,,95760,10,,,0,71,,95761,10,,,0,30,,95762,10,,,0,70,,95763,10,,,0,33,,95764,10,,,0,99,,95765,10,,,0,101,,95766,10,,,0,103,,95767,10,,,0,76,,95768,10,0,10 11 12,0
7500,'5456',508,,95966,11,0,13 14,0,18,,95968,11,0,13 14,0,16,,95972,11,0,13 14,0,59,,95975,11,0,13 14,0,17,,95978,11,0,13 14,0,17,,95980,11,0,13 14,0,15,,95970,11,0,13 14,0,55,,95983,11,0,13 14,0,16,,95967,11,0,13 14,0,23,,95969,11,0,13 14,0,63,,95971,11,0,13 14,0,26,,95974,11,0,13 14,0,69,,95973,11,0,13 14,0,34,,95977,11,0,13 14,0,68,,95976,11,0,13 14,0,30,,95979,11,0,13 14,0,67,,95987,11,0,13 14,0,29,,95981,11,0,13 14,0,70,,95982,11,0,13 14,0,30,,95984,11,0,13 14,0,29,,95985,11,0,13 14,0,70,,95986,11,0,13 14,0,23,,95988,11,0,13 14,0,71,,95989,11,0,13 14,0,34,,95990,11,0,13 14,0,67,,95991,11,0,13 14,0,31,,95992,11,0,13 14,0,66,,96002,11,0,13 14,0,20,,95993,11,0,13 14,0,61,,95995,11,0,13 14,0,18,,95994,11,0,13 14,0,22,,96001,11,0,13 14,0,59,,95996,11,0,13 14,0,28,,95997,11,0,13 14,0,77,,95998,11,0,13 14,0,110,,95999,11,0,13 14,0,96,,96000,11,0,13 14,0,105,,96003,11,0,13 14,0,110,,96004,11,0,13 14,0
7500,'5458',508,,96005,11,0,13 14,0,18,,96007,11,0,13 14,0,16,,96011,11,0,13 14,0,59,,96014,11,0,13 14,0,17,,96017,11,0,13 14,0,17,,96019,11,0,13 14,0,15,,96009,11,0,13 14,0,55,,96022,11,0,13 14,0,16,,96006,11,0,13 14,0,23,,96008,11,0,13 14,0,63,,96010,11,0,13 14,0,26,,96013,11,0,13 14,0,69,,96012,11,0,13 14,0,34,,96016,11,0,13 14,0,68,,96015,11,0,13 14,0,30,,96018,11,0,13 14,0,67,,96026,11,0,13 14,0,29,,96020,11,0,13 14,0,70,,96021,11,0,13 14,0,30,,96023,11,0,13 14,0,29,,96024,11,0,13 14,0,70,,96025,11,0,13 14,0,23,,96027,11,0,13 14,0,71,,96028,11,0,13 14,0,34,,96029,11,0,13 14,0,67,,96030,11,0,13 14,0,31,,96031,11,0,13 14,0,66,,96041,11,0,13 14,0,20,,96032,11,0,13 14,0,61,,96034,11,0,13 14,0,18,,96033,11,0,13 14,0,22,,96040,11,0,13 14,0,59,,96035,11,0,13 14,0,28,,96036,11,0,13 14,0,77,,96037,11,0,13 14,0,110,,96038,11,0,13 14,0,96,,96039,11,0,13 14,0,105,,96042,11,0,13 14,0,110,,96043,11,0,13 14,0
7500,'5459',621,,96045,11,0,13 14,0,93,,96046,11,0,13 14,0,98,,96047,11,0,13 14,0,95,,96044,11,0,13 14,0,97,,96048,11,0,13 14,0,99,,96049,11,0,13 14,0,30,,96050,11,0,13 14,0,70,,96051,11,0,13 14,0,29,,96052,11,0,13 14,0,71,,96053,11,0,13 14,0,24,,96054,11,0,13 14,0,76,,96055,11,0,13 14,0,30,,96056,11,0,13 14,0,70,,96057,11,0,13 14,0,31,,96058,11,0,13 14,0,70,,96059,11,0,13 14,0,100,,96060,11,0,13 14,0,102,,96061,11,0,13 14,0,102,,96062,11,0,13 14,0,104,,96063,11,0,13 14,0,98,,96064,11,0,13 14,0,106,,96065,11,0,13 14,0,102,,96066,11,0,13 14,0
7500,'5460',616,,96067,11,0,13 14,0,98,,96068,11,0,13 14,0,101,,96069,11,0,13 14,0,93,,96070,11,0,13 14,0,98,,96071,11,0,13 14,0,99,,96072,11,0,13 14,0,29,,96073,11,0,13 14,0,70,,96074,11,0,13 14,0,29,,96075,11,0,13 14,0,69,,96076,11,0,13 14,0,30,,96077,11,0,13 14,0,70,,96078,11,0,13 14,0,30,,96079,11,0,13 14,0,70,,96080,11,0,13 14,0,100,,96081,11,0,13 14,0,101,,96082,11,0,13 14,0,106,,96083,11,0,13 14,0,103,,96084,11,0,13 14,0,104,,96085,11,0,13 14,0,97,,96086,11,0,13 14,0,134,,96087,11,0,13 14,0
7500,'5461',616,,96088,11,0,13 14,0,98,,96089,11,0,13 14,0,101,,96090,11,0,13 14,0,93,,96091,11,0,13 14,0,98,,96092,11,0,13 14,0,99,,96093,11,0,13 14,0,29,,96094,11,0,13 14,0,70,,96095,11,0,13 14,0,29,,96096,11,0,13 14,0,69,,96097,11,0,13 14,0,30,,96098,11,0,13 14,0,70,,96099,11,0,13 14,0,30,,96100,11,0,13 14,0,70,,96101,11,0,13 14,0,100,,96102,11,0,13 14,0,101,,96103,11,0,13 14,0,106,,96104,11,0,13 14,0,103,,96105,11,0,13 14,0,104,,96106,11,0,13 14,0,97,,96107,11,0,13 14,0,134,,96108,11,0,13 14,0
7500,'5462',616,,96109,11,0,13 14,0,98,,96110,11,0,13 14,0,101,,96111,11,0,13 14,0,93,,96112,11,0,13 14,0,98,,96113,11,0,13 14,0,99,,96114,11,0,13 14,0,29,,96115,11,0,13 14,0,70,,96116,11,0,13 14,0,29,,96117,11,0,13 14,0,69,,96118,11,0,13 14,0,30,,96119,11,0,13 14,0,70,,96120,11,0,13 14,0,30,,96121,11,0,13 14,0,70,,96122,11,0,13 14,0,100,,96123,11,0,13 14,0,101,,96124,11,0,13 14,0,106,,96125,11,0,13 14,0,103,,96126,11,0,13 14,0,104,,96127,11,0,13 14,0,97,,96128,11,0,13 14,0,134,,96129,11,0,13 14,0
7500,'5463',616,,96130,11,0,13 14,0,98,,96131,11,0,13 14,0,101,,96132,11,0,13 14,0,93,,96133,11,0,13 14,0,98,,96134,11,0,13 14,0,99,,96135,11,0,13 14,0,29,,96136,11,0,13 14,0,70,,96137,11,0,13 14,0,29,,96138,11,0,13 14,0,69,,96139,11,0,13 14,0,30,,96140,11,0,13 14,0,70,,96141,11,0,13 14,0,30,,96142,11,0,13 14,0,70,,96143,11,0,13 14,0,100,,96144,11,0,13 14,0,101,,96145,11,0,13 14,0,106,,96146,11,0,13 14,0,103,,96147,11,0,13 14,0,104,,96148,11,0,13 14,0,97,,96149,11,0,13 14,0,134,,96150,11,0,13 14,0
1007200,'5456',525,,98257,10,,,0
1007200,'5458',525,,98258,10,,,0
1007200,'5459',537,,98259,10,,,0,96,,98260,10,,,0
1007200,'5460',634,,98261,10,,,0
1007200,'5461',634,,98262,10,,,0
1007200,'5462',634,,98263,10,,,0
1007200,'5463',634,,98264,10,,,0
