1101,'5456',618,,85737,57,,,0,32,,85738,57,,,0,61,,99563,57,,,0,23,,85740,57,,,0,21,,85756,57,,,0,61,,85744,57,,,0,20,,85739,57,,,0,20,,85752,57,,,0,59,,85741,57,,,0,18,,99564,57,,,0,19,,99566,57,,,0,61,,85742,57,,,0,25,,85743,57,,,0,66,,85745,57,,,0,25,,85754,57,,,0,26,,85748,57,,,0,65,,99565,57,,,0,25,,85750,57,,,0,66,,85749,57,,,0,26,,85751,57,,,0,65,,85753,57,,,0,28,,85755,57,,,0,25,,85763,57,,,0,59,,99579,57,,,0,18,,85757,57,,,0,20,,85758,57,,,0,56,,99567,57,,,0,18,,85759,57,,,0,17,,85760,57,,,0,60,,85784,57,,,0,17,,85765,57,,,0,18,,85764,57,,,0,18,,99580,57,,,0,60,,99568,57,,,0,20,,85769,57,,,0,23,,85770,57,,,0,54,,99569,57,,,0,17,,99582,57,,,0,20,,99570,57,,,0,70,,99578,57,,,0,34,,99571,57,,,0,70,,99572,57,,,0,34,,99574,57,,,0,69,,99577,57,,,0,75,,99573,57,,,0,26,,99575,57,,,0,28,,99576,57,,,0,85,,99581,57,,,0
1101,'5458',618,,85785,57,,,0,32,,85786,57,,,0,61,,99583,57,,,0,23,,85788,57,,,0,21,,85804,57,,,0,61,,85792,57,,,0,20,,85787,57,,,0,20,,85800,57,,,0,59,,85789,57,,,0,18,,99584,57,,,0,19,,99586,57,,,0,61,,85790,57,,,0,25,,85791,57,,,0,66,,85793,57,,,0,25,,85802,57,,,0,26,,85796,57,,,0,65,,99585,57,,,0,25,,85798,57,,,0,66,,85797,57,,,0,26,,85799,57,,,0,65,,85801,57,,,0,28,,85803,57,,,0,25,,85811,57,,,0,59,,99599,57,,,0,18,,85805,57,,,0,20,,85806,57,,,0,56,,99587,57,,,0,18,,85807,57,,,0,17,,85808,57,,,0,60,,85832,57,,,0,17,,85813,57,,,0,18,,85812,57,,,0,18,,99600,57,,,0,60,,99588,57,,,0,20,,85817,57,,,0,23,,85818,57,,,0,54,,99589,57,,,0,17,,99602,57,,,0,20,,99590,57,,,0,70,,99598,57,,,0,34,,99591,57,,,0,70,,99592,57,,,0,34,,99594,57,,,0,69,,99597,57,,,0,75,,99593,57,,,0,26,,99595,57,,,0,28,,99596,57,,,0,85,,99601,57,,,0
1101,'5459',714,,85846,57,,,0,37,,99604,57,,,0,75,,85839,57,,,0,30,,85864,57,,,0,78,,99610,57,,,0,70,,99603,57,,,0,30,,85842,57,,,0,72,,99620,57,,,0,25,,99605,57,,,0,20,,99622,57,,,0,66,,85848,57,,,0,25,,85835,57,,,0,67,,99607,57,,,0,25,,99619,57,,,0,25,,99606,57,,,0,66,,99617,57,,,0,25,,99609,57,,,0,65,,85838,57,,,0,25,,85844,57,,,0,65,,99627,57,,,0,25,,99608,57,,,0,24,,99621,57,,,0,65,,99611,57,,,0,24,,85843,57,,,0,65,,99626,57,,,0,24,,99618,57,,,0,24,,99624,57,,,0,65,,99625,57,,,0,22,,99612,57,,,0,65,,99623,57,,,0,25,,99616,57,,,0,25,,99615,57,,,0,65,,99613,57,,,0,35,,99614,57,,,0,70,,99630,57,,,0,29,,99628,57,,,0,72,,99629,57,,,0,28,,99631,57,,,0,84,,85871,57,,,0
1101,'5460',734,,85872,57,,,0,85,,99634,57,,,0,87,,85874,57,,,0,46,,85873,57,,,0,76,,99632,57,,,0,72,,99633,57,,,0,31,,99635,57,,,0,70,,99636,57,,,0,28,,99637,57,,,0,30,,99638,57,,,0,71,,99640,57,,,0,28,,99642,57,,,0,70,,99641,57,,,0,30,,99639,57,,,0,71,,99643,57,,,0,30,,99644,57,,,0,68,,99645,57,,,0,30,,99646,57,,,0,70,,99648,57,,,0,29,,99647,57,,,0,70,,99650,57,,,0,29,,99649,57,,,0,70,,99652,57,,,0,75,,99651,57,,,0,43,,99653,57,,,0,80,,99654,57,,,0,84,,99655,57,,,0,43,,99656,57,,,0,77,,99657,57,,,0,86,,99658,57,,,0
1101,'5461',734,,99659,57,,,0,85,,99662,57,,,0,87,,85904,57,,,0,46,,85903,57,,,0,76,,99660,57,,,0,72,,99661,57,,,0,31,,99663,57,,,0,70,,99664,57,,,0,28,,99665,57,,,0,30,,99666,57,,,0,71,,99667,57,,,0,28,,85915,57,,,0,70,,85914,57,,,0,30,,85912,57,,,0,71,,99668,57,,,0,30,,99669,57,,,0,68,,99670,57,,,0,30,,85919,57,,,0,70,,85921,57,,,0,29,,99671,57,,,0,70,,99673,57,,,0,29,,99672,57,,,0,70,,99675,57,,,0,75,,99674,57,,,0,43,,99676,57,,,0,80,,99677,57,,,0,84,,99678,57,,,0,43,,99679,57,,,0,77,,99680,57,,,0,86,,99681,57,,,0
1101,'5462',734,,99682,57,,,0,85,,99685,57,,,0,87,,85934,57,,,0,46,,85933,57,,,0,76,,99683,57,,,0,72,,99684,57,,,0,31,,99686,57,,,0,70,,99687,57,,,0,28,,99688,57,,,0,30,,99689,57,,,0,71,,99690,57,,,0,28,,85945,57,,,0,70,,85944,57,,,0,30,,85942,57,,,0,71,,99691,57,,,0,30,,99692,57,,,0,68,,99693,57,,,0,30,,85949,57,,,0,70,,85951,57,,,0,29,,99694,57,,,0,70,,99696,57,,,0,29,,99695,57,,,0,70,,99698,57,,,0,75,,99697,57,,,0,43,,99699,57,,,0,80,,99700,57,,,0,84,,99701,57,,,0,43,,99702,57,,,0,77,,99703,57,,,0,86,,99704,57,,,0
1101,'5463',734,,99705,57,,,0,85,,99708,57,,,0,87,,85964,57,,,0,46,,85963,57,,,0,76,,99706,57,,,0,72,,99707,57,,,0,31,,99709,57,,,0,70,,99710,57,,,0,28,,99711,57,,,0,30,,99712,57,,,0,71,,99713,57,,,0,28,,85975,57,,,0,70,,85974,57,,,0,30,,85972,57,,,0,71,,99714,57,,,0,30,,99715,57,,,0,68,,99716,57,,,0,30,,85979,57,,,0,70,,85981,57,,,0,29,,99717,57,,,0,70,,99719,57,,,0,29,,99718,57,,,0,70,,99721,57,,,0,75,,99720,57,,,0,43,,99722,57,,,0,80,,99723,57,,,0,84,,99724,57,,,0,43,,99725,57,,,0,77,,99726,57,,,0,86,,99727,57,,,0
2500,'5456',554,,100808,8,,,0,74,,89131,8,,,0,29,,89135,8,,,0,78,,100809,8,,,0,70,,100810,8,,,0,95,,100811,8,,,0,104,,100812,8,,,0,101,,100813,8,,,0,100,,100814,8,,,0,98,,100815,8,,,0,100,,100816,8,,,0,137,,89141,8,,,0,87,,100817,8,,,0,96,,100818,8,,,0,103,,100819,8,,,0,100,,100820,8,,,0,121,,100821,8,,,0,167,,100822,8,,,0,134,,100823,8,0,5,0
2500,'5458',554,,100824,8,,,0,74,,89151,8,,,0,29,,89155,8,,,0,78,,100825,8,,,0,70,,100826,8,,,0,95,,100827,8,,,0,104,,100828,8,,,0,101,,100829,8,,,0,100,,100830,8,,,0,98,,100831,8,,,0,100,,100832,8,,,0,137,,89161,8,,,0,87,,100833,8,,,0,96,,100834,8,,,0,103,,100835,8,,,0,100,,100836,8,,,0,121,,100837,8,,,0,167,,100838,8,,,0,134,,100839,8,0,5,0
2500,'5459',738,,100841,8,,,0,109,,100840,8,,,0,153,,100842,8,,,0,101,,89171,8,,,0,99,,89169,8,,,0,58,,89170,8,,,0,100,,89172,8,,,0,99,,89176,8,,,0,100,,89174,8,,,0,101,,100843,8,,,0,143,,100844,8,,,0,124,,100845,8,,,0,121,,89181,8,,,0,170,,100846,8,,,0,130,,89183,8,0,5,0
2500,'5460',729,,100847,8,,,0,127,,89184,8,,,0,169,,89185,8,,,0,130,,100848,8,,,0,172,,100849,8,,,0,129,,100850,8,,,0,173,,100851,8,,,0,129,,100852,8,,,0,170,,100853,8,,,0,122,,100854,8,,,0,168,,100855,8,,,0
2500,'5461',729,,89197,8,,,0,127,,100856,8,,,0,169,,100857,8,,,0,130,,100858,8,,,0,172,,100859,8,,,0,129,,100860,8,,,0,173,,100861,8,,,0,129,,100862,8,,,0,170,,100863,8,,,0,122,,89204,8,,,0,168,,89205,8,,,0
2500,'5462',729,,89208,8,,,0,127,,100864,8,,,0,169,,100865,8,,,0,130,,100866,8,,,0,172,,100867,8,,,0,129,,100868,8,,,0,173,,100869,8,,,0,129,,100870,8,,,0,170,,100871,8,,,0,122,,89215,8,,,0,168,,89216,8,,,0
2500,'5463',729,,89219,8,,,0,127,,100872,8,,,0,169,,100873,8,,,0,130,,100874,8,,,0,172,,100875,8,,,0,129,,100876,8,,,0,173,,100877,8,,,0,129,,100878,8,,,0,170,,100879,8,,,0,122,,89226,8,,,0,168,,89227,8,,,0
