1501,'5456',539,,100254,16,,,0,69,,100255,27,,,0,29,,87635,27,,,0,18,,87636,27,,,0,60,,87637,27,,,0,17,,100256,27,,,0,15,,100257,27,,,0,55,,87640,27,,,0,16,,87641,27,,,0,17,,87632,27,,,0,17,,87642,27,,,0,56,,100258,27,,,0,15,,100259,27,,,0,15,,100260,27,,,0,15,,100261,27,,,0,55,,87647,27,,,0,15,,87648,27,,,0,15,,100262,27,,,0,16,,100263,27,,,0,56,,87651,27,,,0,15,,87652,27,,,0,15,,100264,27,,,0,15,,100265,27,,,0,55,,87655,27,,,0,15,,87656,27,,,0,15,,100266,27,,,0,15,,100267,27,,,0,55,,100268,27,,,0,15,,100269,27,,,0,15,,100270,27,,,0,13,,100271,27,,,0,55,,100272,27,,,0,17,,100273,27,,,0,14,,100274,27,,,0,13,,100275,27,,,0,52,,100276,27,,,0,11,,100277,27,,,0,11,,100278,27,,,0,9,,100279,27,,,0,16,,87671,27,,,0,53,,87672,27,,,0,12,,100280,27,,,0,12,,87674,27,,,0,12,,100281,27,,,0,11,,100282,27,,,0,51,,100283,27,,,0,12,,100284,27,,,0,10,,87679,27,,,0,8,,100285,27,,,0,12,,100286,27,,,0,11,,100287,27,,,0,51,,100288,27,,,0,11,,87684,27,,,0,11,,87685,27,,,0,10,,100289,27,,,0,14,,87687,27,,,0,55,,87688,27,,,0,15,,100290,27,,,0,15,,87690,27,,,0,15,,87691,27,,,0,55,,87692,27,,,0,15,,87693,27,,,0,14,,87694,27,,,0,19,,100291,27,,,0,60,,100292,27,,,0,21,,87697,27,,,0,19,,87698,27,,,0,64,,100293,27,,,0,31,,87700,27,,,0,73,,87701,27,,,0,30,,100294,27,,,0,70,,100295,27,,,0,31,,87704,27,,,0
1501,'5458',539,,100296,16,,,0,69,,100297,27,,,0,29,,87708,27,,,0,18,,87709,27,,,0,60,,87710,27,,,0,17,,100298,27,,,0,15,,100299,27,,,0,55,,87713,27,,,0,16,,87714,27,,,0,17,,87705,27,,,0,17,,87715,27,,,0,56,,100300,27,,,0,15,,100301,27,,,0,15,,100302,27,,,0,15,,100303,27,,,0,55,,87720,27,,,0,15,,87721,27,,,0,15,,100304,27,,,0,16,,100305,27,,,0,56,,87724,27,,,0,15,,87725,27,,,0,15,,100306,27,,,0,15,,100307,27,,,0,55,,87728,27,,,0,15,,87729,27,,,0,15,,100308,27,,,0,15,,100309,27,,,0,55,,100310,27,,,0,15,,100311,27,,,0,15,,100312,27,,,0,13,,100313,27,,,0,55,,100314,27,,,0,17,,100315,27,,,0,14,,100316,27,,,0,13,,100317,27,,,0,52,,100318,27,,,0,11,,100319,27,,,0,11,,100320,27,,,0,9,,100321,27,,,0,16,,87744,27,,,0,53,,87745,27,,,0,12,,100322,27,,,0,12,,87747,27,,,0,12,,100323,27,,,0,11,,100324,27,,,0,51,,100325,27,,,0,12,,100326,27,,,0,10,,87752,27,,,0,8,,100327,27,,,0,12,,100328,27,,,0,11,,100329,27,,,0,51,,100330,27,,,0,11,,87757,27,,,0,11,,87758,27,,,0,10,,100331,27,,,0,14,,87760,27,,,0,55,,87761,27,,,0,15,,100332,27,,,0,15,,87763,27,,,0,15,,87764,27,,,0,55,,87765,27,,,0,15,,87766,27,,,0,14,,87767,27,,,0,19,,100333,27,,,0,60,,100334,27,,,0,21,,87770,27,,,0,19,,87771,27,,,0,64,,100335,27,,,0,31,,87773,27,,,0,73,,87774,27,,,0,30,,100336,27,,,0,70,,100337,27,,,0,31,,87777,27,,,0,70,,87778,27,,,0,30,,100338,27,,,0,70,,87780,27,,,0,30,,100339,27,,,0
1501,'5459',707,,87822,27,,,0,25,,100355,27,,,0,20,,87821,27,,,0,55,,87797,27,,,0,14,,87817,27,,,0,15,,87818,27,,,0,16,,87796,27,,,0,55,,100354,27,,,0,15,,87819,27,,,0,15,,87795,27,,,0,16,,87820,27,,,0,55,,87812,27,,,0,13,,87793,27,,,0,14,,87794,27,,,0,14,,100353,27,,,0,55,,87813,27,,,0,15,,87792,27,,,0,16,,87815,27,,,0,15,,87816,27,,,0,55,,100343,27,,,0,15,,87791,27,,,0,15,,87833,27,,,0,14,,87814,27,,,0,56,,87790,27,,,0,15,,100350,27,,,0,15,,87810,27,,,0,15,,87788,27,,,0,56,,100342,27,,,0,15,,87832,27,,,0,16,,87809,27,,,0,14,,87787,27,,,0,55,,100349,27,,,0,15,,87808,27,,,0,15,,87786,27,,,0,15,,100346,27,,,0,55,,100356,27,,,0,15,,87830,27,,,0,15,,87802,27,,,0,15,,100347,27,,,0,55,,87805,27,,,0,15,,87782,27,,,0,15,,100341,27,,,0,15,,100352,27,,,0,54,,87804,27,,,0,14,,100340,27,,,0,15,,100348,27,,,0,15,,87829,27,,,0,55,,87800,27,,,0,15,,100344,27,,,0,15,,100357,27,,,0,17,,87826,27,,,0,59,,100345,27,,,0,20,,87824,27,,,0,20,,87825,27,,,0,60,,87823,27,,,0,20,,87827,27,,,0,20,,100351,27,,,0,60,,87841,27,,,0,20,,100358,27,,,0,23,,87839,27,,,0,69,,100359,27,,,0,30,,100360,27,,,0,70,,100361,27,,,0,29,,100362,27,,,0,70,,100363,27,,,0,30,,87847,27,,,0,72,,100364,27,,,0,30,,87849,27,,,0
1501,'5460',704,,87867,27,,,0,29,,87854,27,,,0,20,,100366,27,,,0,57,,87855,27,,,0,15,,87909,27,,,0,15,,87869,27,,,0,15,,87856,27,,,0,55,,100378,27,,,0,15,,100367,27,,,0,15,,87857,27,,,0,15,,87871,27,,,0,55,,87851,27,,,0,15,,87865,27,,,0,15,,100365,27,,,0,16,,100368,27,,,0,56,,87861,27,,,0,16,,87875,27,,,0,15,,87853,27,,,0,15,,87863,27,,,0,55,,87852,27,,,0,15,,87862,27,,,0,15,,100369,27,,,0,15,,87858,27,,,0,55,,87877,27,,,0,17,,87859,27,,,0,15,,87866,27,,,0,55,,87864,27,,,0,15,,87860,27,,,0,15,,100370,27,,,0,15,,87880,27,,,0,55,,87879,27,,,0,15,,87881,27,,,0,15,,87873,27,,,0,15,,87883,27,,,0,55,,87872,27,,,0,15,,100371,27,,,0,15,,87890,27,,,0,15,,87889,27,,,0,55,,87885,27,,,0,15,,87882,27,,,0,15,,87887,27,,,0,14,,87886,27,,,0,15,,100372,27,,,0,55,,87904,27,,,0,14,,87901,27,,,0,15,,87898,27,,,0,15,,100375,27,,,0,54,,87891,27,,,0,18,,100376,27,,,0,19,,87892,27,,,0,59,,87893,27,,,0,19,,100373,27,,,0,19,,87897,27,,,0,60,,100374,27,,,0,20,,87894,27,,,0,26,,87900,27,,,0,69,,87899,27,,,0,31,,100377,27,,,0,70,,87906,27,,,0,30,,87907,27,,,0
1501,'5461',704,,87927,27,,,0,29,,87914,27,,,0,20,,87928,27,,,0,57,,87915,27,,,0,15,,87969,27,,,0,15,,87929,27,,,0,15,,87916,27,,,0,55,,87968,27,,,0,15,,87930,27,,,0,15,,100379,27,,,0,15,,87931,27,,,0,55,,87911,27,,,0,15,,100381,27,,,0,15,,87910,27,,,0,16,,87934,27,,,0,56,,87921,27,,,0,16,,87935,27,,,0,15,,87913,27,,,0,15,,87923,27,,,0,55,,87912,27,,,0,15,,87922,27,,,0,15,,87936,27,,,0,15,,87918,27,,,0,55,,87937,27,,,0,17,,87919,27,,,0,15,,100382,27,,,0,55,,87924,27,,,0,15,,100380,27,,,0,15,,87938,27,,,0,15,,87940,27,,,0,55,,87939,27,,,0,15,,87941,27,,,0,15,,100384,27,,,0,15,,87943,27,,,0,55,,100383,27,,,0,15,,87944,27,,,0,15,,87950,27,,,0,15,,87949,27,,,0,55,,87945,27,,,0,15,,100385,27,,,0,15,,87947,27,,,0,14,,100386,27,,,0,15,,87948,27,,,0,55,,87964,27,,,0,14,,87961,27,,,0,15,,87958,27,,,0,15,,87962,27,,,0,54,,87951,27,,,0,18,,87963,27,,,0,19,,87952,27,,,0,59,,87953,27,,,0,19,,87955,27,,,0,19,,87957,27,,,0,60,,87956,27,,,0,20,,87954,27,,,0,26,,100387,27,,,0,69,,87959,27,,,0,31,,87965,27,,,0,70,,87966,27,,,0,30,,87967,27,,,0
1501,'5462',704,,87987,27,,,0,29,,87974,27,,,0,20,,87988,27,,,0,57,,87975,27,,,0,15,,88029,27,,,0,15,,87989,27,,,0,15,,87976,27,,,0,55,,88028,27,,,0,15,,87990,27,,,0,15,,100388,27,,,0,15,,87991,27,,,0,55,,87971,27,,,0,15,,100390,27,,,0,15,,87970,27,,,0,16,,87994,27,,,0,56,,87981,27,,,0,16,,87995,27,,,0,15,,87973,27,,,0,15,,87983,27,,,0,55,,87972,27,,,0,15,,87982,27,,,0,15,,87996,27,,,0,15,,87978,27,,,0,55,,87997,27,,,0,17,,87979,27,,,0,15,,100391,27,,,0,55,,87984,27,,,0,15,,100389,27,,,0,15,,87998,27,,,0,15,,88000,27,,,0,55,,87999,27,,,0,15,,88001,27,,,0,15,,100393,27,,,0,15,,88003,27,,,0,55,,100392,27,,,0,15,,88004,27,,,0,15,,88010,27,,,0,15,,88009,27,,,0,55,,88005,27,,,0,15,,100394,27,,,0,15,,88007,27,,,0,14,,100395,27,,,0,15,,88008,27,,,0,55,,88024,27,,,0,14,,88021,27,,,0,15,,88018,27,,,0,15,,88022,27,,,0,54,,88011,27,,,0,18,,88023,27,,,0,19,,88012,27,,,0,59,,88013,27,,,0,19,,88015,27,,,0,19,,88017,27,,,0,60,,88016,27,,,0,20,,88014,27,,,0,26,,100396,27,,,0,69,,88019,27,,,0,31,,88025,27,,,0,70,,88026,27,,,0,30,,88027,27,,,0
1501,'5463',704,,88047,27,,,0,29,,88034,27,,,0,20,,88048,27,,,0,57,,88035,27,,,0,15,,88089,27,,,0,15,,88049,27,,,0,15,,88036,27,,,0,55,,88088,27,,,0,15,,88050,27,,,0,15,,100397,27,,,0,15,,88051,27,,,0,55,,88031,27,,,0,15,,100399,27,,,0,15,,88030,27,,,0,16,,88054,27,,,0,56,,88041,27,,,0,16,,88055,27,,,0,15,,88033,27,,,0,15,,88043,27,,,0,55,,88032,27,,,0,15,,88042,27,,,0,15,,88056,27,,,0,15,,88038,27,,,0,55,,88057,27,,,0,17,,88039,27,,,0,15,,100400,27,,,0,55,,88044,27,,,0,15,,100398,27,,,0,15,,88058,27,,,0,15,,88060,27,,,0,55,,88059,27,,,0,15,,88061,27,,,0,15,,100402,27,,,0,15,,88063,27,,,0,55,,100401,27,,,0,15,,88064,27,,,0,15,,88070,27,,,0,15,,88069,27,,,0,55,,88065,27,,,0,15,,100403,27,,,0,15,,88067,27,,,0,14,,100404,27,,,0,15,,88068,27,,,0,55,,88084,27,,,0,14,,88081,27,,,0,15,,88078,27,,,0,15,,88082,27,,,0,54,,88071,27,,,0,18,,88083,27,,,0,19,,88072,27,,,0,59,,88073,27,,,0,19,,88075,27,,,0,19,,88077,27,,,0,60,,88076,27,,,0,20,,88074,27,,,0,26,,100405,27,,,0,69,,88079,27,,,0,31,,88085,27,,,0,70,,88086,27,,,0,30,,88087,27,,,0
2601,'5456',623,,89748,41,,,0,24,,89749,41,,,0,58,,101124,41,,,0,16,,89751,41,,,0,15,,89752,41,,,0,15,,101125,41,,,0,56,,101126,41,,,0,19,,89755,41,,,0,16,,89756,41,,,0,12,,101127,41,,,0,50,,89758,41,,,0,14,,89759,41,,,0,14,,101128,41,,,0,13,,101129,41,,,0,55,,101130,41,,,0,15,,89763,41,,,0,15,,89764,41,,,0,15,,89765,41,,,0,56,,101131,41,,,0,15,,101132,41,,,0,15,,101133,41,,,0,15,,89769,41,,,0,56,,101134,41,,,0,15,,89771,41,,,0,15,,89772,41,,,0,16,,89773,41,,,0,54,,89774,41,,,0,15,,89775,41,,,0,16,,101135,41,,,0,15,,89777,41,,,0,54,,89778,41,,,0,13,,89779,41,,,0,14,,89780,41,,,0,12,,101136,41,,,0,15,,89782,41,,,0,55,,89783,41,,,0,14,,89784,41,,,0,16,,89785,41,,,0,14,,101137,41,,,0,56,,89787,41,,,0,14,,101138,41,,,0,16,,101139,41,,,0,17,,89790,41,,,0,56,,101140,41,,,0,16,,89792,41,,,0,15,,89793,41,,,0,55,,89794,41,,,0,13,,89795,41,,,0,17,,101141,41,,,0,16,,101142,41,,,0,12,,101143,41,,,0,55,,89799,41,,,0,14,,89800,41,,,0,16,,101144,41,,,0,15,,89802,41,,,0,60,,101145,41,,,0,20,,101146,41,,,0,20,,89805,41,,,0,57,,89806,41,,,0,20,,89807,41,,,0,20,,89808,41,,,0,69,,101147,41,,,0,31,,89810,41,,,0,70,,89811,41,,,0,28,,101148,41,,,0,68,,89813,41,,,0,31,,89814,41,,,0
2601,'5458',623,,89815,41,,,0,24,,89816,41,,,0,58,,101149,41,,,0,16,,89818,41,,,0,15,,89819,41,,,0,15,,101150,41,,,0,56,,101151,41,,,0,19,,89822,41,,,0,16,,89823,41,,,0,12,,101152,41,,,0,50,,89825,41,,,0,14,,89826,41,,,0,14,,101153,41,,,0,13,,101154,41,,,0,55,,101155,41,,,0,15,,89830,41,,,0,15,,89831,41,,,0,15,,89832,41,,,0,56,,101156,41,,,0,15,,101157,41,,,0,15,,101158,41,,,0,15,,89836,41,,,0,56,,101159,41,,,0,15,,89838,41,,,0,15,,89839,41,,,0,16,,89840,41,,,0,54,,89841,41,,,0,15,,89842,41,,,0,16,,101160,41,,,0,15,,89844,41,,,0,54,,89845,41,,,0,13,,89846,41,,,0,14,,89847,41,,,0,12,,101161,41,,,0,15,,89849,41,,,0,55,,89850,41,,,0,14,,89851,41,,,0,16,,89852,41,,,0,14,,101162,41,,,0,56,,89854,41,,,0,14,,101163,41,,,0,16,,101164,41,,,0,17,,89857,41,,,0,56,,101165,41,,,0,16,,89859,41,,,0,15,,89860,41,,,0,55,,89861,41,,,0,13,,89862,41,,,0,17,,101166,41,,,0,16,,101167,41,,,0,12,,101168,41,,,0,55,,89866,41,,,0,14,,89867,41,,,0,16,,101169,41,,,0,15,,89869,41,,,0,60,,101170,41,,,0,20,,101171,41,,,0,20,,89872,41,,,0,57,,89873,41,,,0,20,,89874,41,,,0,20,,89875,41,,,0,69,,101172,41,,,0,31,,89877,41,,,0,70,,89878,41,,,0,28,,101173,41,,,0,68,,89880,41,,,0,31,,89881,41,,,0,69,,101174,41,,,0
2601,'5459',648,,89884,41,,,0,70,,89885,41,,,0,27,,101176,41,,,0,57,,89887,41,,,0,17,,89888,41,,,0,17,,89889,41,,,0,18,,89890,41,,,0,59,,101177,41,,,0,18,,89892,41,,,0,17,,101178,41,,,0,58,,89894,41,,,0,17,,89895,41,,,0,18,,89896,41,,,0,17,,89897,41,,,0,57,,89898,41,,,0,19,,101179,41,,,0,17,,89900,41,,,0,58,,101175,41,,,0,17,,101180,41,,,0,17,,89902,41,,,0,57,,89903,41,,,0,17,,89904,41,,,0,17,,101181,41,,,0,16,,89906,41,,,0,57,,89907,41,,,0,17,,101182,41,,,0,17,,101183,41,,,0,17,,89910,41,,,0,57,,89911,41,,,0,16,,101184,41,,,0,17,,89913,41,,,0,56,,89914,41,,,0,15,,89915,41,,,0,16,,101185,41,,,0,17,,89917,41,,,0,57,,89918,41,,,0,16,,101186,41,,,0,17,,101187,41,,,0,17,,89921,41,,,0,60,,101188,41,,,0,20,,89923,41,,,0,19,,89924,41,,,0,59,,101189,41,,,0,20,,89926,41,,,0,20,,101190,41,,,0,58,,89928,41,,,0,20,,89929,41,,,0,19,,101191,41,,,0,60,,89931,41,,,0,19,,101192,41,,,0,20,,89933,41,,,0,60,,89934,41,,,0,19,,101193,41,,,0,21,,89936,41,,,0,70,,101194,41,,,0,30,,89938,41,,,0,68,,89939,41,,,0,30,,101195,41,,,0,72,,89941,41,,,0
2601,'5460',708,,101199,41,,,0,22,,101197,41,,,0,23,,89942,41,,,0,62,,89961,41,,,0,20,,101200,41,,,0,67,,101196,41,,,0,22,,89944,41,,,0,20,,89962,41,,,0,63,,101198,41,,,0,19,,89945,41,,,0,18,,89949,41,,,0,58,,89943,41,,,0,19,,89963,41,,,0,18,,89947,41,,,0,19,,101202,41,,,0,58,,89946,41,,,0,18,,89950,41,,,0,18,,89948,41,,,0,58,,89959,41,,,0,19,,89956,41,,,0,18,,101203,41,,,0,58,,89953,41,,,0,18,,89964,41,,,0,18,,89957,41,,,0,18,,89960,41,,,0,58,,89958,41,,,0,18,,101201,41,,,0,17,,89954,41,,,0,58,,89978,41,,,0,18,,89973,41,,,0,18,,89977,41,,,0,57,,89971,41,,,0,17,,101204,41,,,0,17,,89970,41,,,0,20,,89976,41,,,0,59,,89974,41,,,0,20,,89975,41,,,0,20,,89979,41,,,0,60,,89972,41,,,0,19,,89982,41,,,0,19,,89988,41,,,0,60,,89984,41,,,0,20,,89987,41,,,0,20,,89983,41,,,0,59,,89981,41,,,0,20,,89985,41,,,0,22,,101205,41,,,0,70,,89989,41,,,0,29,,89990,41,,,0,68,,101206,41,,,0,30,,89992,41,,,0
2601,'5461',708,,90016,41,,,0,22,,90003,41,,,0,23,,89993,41,,,0,62,,90012,41,,,0,20,,90017,41,,,0,67,,90002,41,,,0,22,,89995,41,,,0,20,,90013,41,,,0,63,,90006,41,,,0,19,,101207,41,,,0,18,,90000,41,,,0,58,,89994,41,,,0,19,,90014,41,,,0,18,,89998,41,,,0,19,,90019,41,,,0,58,,101208,41,,,0,18,,101209,41,,,0,18,,89999,41,,,0,58,,90010,41,,,0,19,,90007,41,,,0,18,,90020,41,,,0,58,,101210,41,,,0,18,,101213,41,,,0,18,,101212,41,,,0,18,,90011,41,,,0,58,,90009,41,,,0,18,,90018,41,,,0,17,,101211,41,,,0,58,,90029,41,,,0,18,,101216,41,,,0,18,,90028,41,,,0,57,,90022,41,,,0,17,,90031,41,,,0,17,,101214,41,,,0,20,,90027,41,,,0,59,,101217,41,,,0,20,,101218,41,,,0,20,,101219,41,,,0,60,,101215,41,,,0,19,,101221,41,,,0,19,,90039,41,,,0,60,,101223,41,,,0,20,,101224,41,,,0,20,,101222,41,,,0,59,,101220,41,,,0,20,,90036,41,,,0,22,,90037,41,,,0,70,,101225,41,,,0,29,,101226,41,,,0,68,,101227,41,,,0,30,,101228,41,,,0
2601,'5462',708,,90067,41,,,0,22,,90054,41,,,0,23,,90044,41,,,0,62,,90063,41,,,0,20,,90068,41,,,0,67,,90053,41,,,0,22,,90046,41,,,0,20,,90064,41,,,0,63,,90057,41,,,0,19,,101229,41,,,0,18,,90051,41,,,0,58,,90045,41,,,0,19,,90065,41,,,0,18,,90049,41,,,0,19,,90070,41,,,0,58,,101230,41,,,0,18,,101231,41,,,0,18,,90050,41,,,0,58,,90061,41,,,0,19,,90058,41,,,0,18,,90071,41,,,0,58,,101232,41,,,0,18,,101235,41,,,0,18,,101234,41,,,0,18,,90062,41,,,0,58,,90060,41,,,0,18,,90069,41,,,0,17,,101233,41,,,0,58,,90080,41,,,0,18,,101238,41,,,0,18,,90079,41,,,0,57,,90073,41,,,0,17,,90082,41,,,0,17,,101236,41,,,0,20,,90078,41,,,0,59,,101239,41,,,0,20,,101240,41,,,0,20,,101241,41,,,0,60,,101237,41,,,0,19,,101243,41,,,0,19,,90090,41,,,0,60,,101245,41,,,0,20,,101246,41,,,0,20,,101244,41,,,0,59,,101242,41,,,0,20,,90087,41,,,0,22,,90088,41,,,0,70,,101247,41,,,0,29,,101248,41,,,0,68,,101249,41,,,0,30,,101250,41,,,0
2601,'5463',708,,90118,41,,,0,22,,90105,41,,,0,23,,90095,41,,,0,62,,90114,41,,,0,20,,90119,41,,,0,67,,90104,41,,,0,22,,90097,41,,,0,20,,90115,41,,,0,63,,90108,41,,,0,19,,101251,41,,,0,18,,90102,41,,,0,58,,90096,41,,,0,19,,90116,41,,,0,18,,90100,41,,,0,19,,90121,41,,,0,58,,101252,41,,,0,18,,101253,41,,,0,18,,90101,41,,,0,58,,90112,41,,,0,19,,90109,41,,,0,18,,90122,41,,,0,58,,101254,41,,,0,18,,101257,41,,,0,18,,101256,41,,,0,18,,90113,41,,,0,58,,90111,41,,,0,18,,90120,41,,,0,17,,101255,41,,,0,58,,90131,41,,,0,18,,101260,41,,,0,18,,90130,41,,,0,57,,90124,41,,,0,17,,90133,41,,,0,17,,101258,41,,,0,20,,90129,41,,,0,59,,101261,41,,,0,20,,101262,41,,,0,20,,101263,41,,,0,60,,101259,41,,,0,19,,101265,41,,,0,19,,90141,41,,,0,60,,101267,41,,,0,20,,101268,41,,,0,20,,101266,41,,,0,59,,101264,41,,,0,20,,90138,41,,,0,22,,90139,41,,,0,70,,101269,41,,,0,29,,101270,41,,,0,68,,101271,41,,,0,30,,101272,41,,,0
4001,'5456',615,,102606,35,,,0,100,,92940,35,,,0,27,,102605,35,,,0,98,,92939,35,,,0,94,,92935,35,,,0,99,,92933,35,,,0,100,,102604,35,,,0,103,,102598,35,,,0,102,,102601,35,,,0,101,,92927,35,,,0,111,,102603,35,,,0,75,,102597,35,,,0,34,,92926,35,,,0,71,,102596,35,,,0,73,,102602,35,,,0,44,,102599,35,,,0,94,,102600,35,,,0,98,,92929,35,,,0,164,,92931,35,,,0
4001,'5458',615,,102617,35,,,0,100,,92959,35,,,0,27,,102616,35,,,0,98,,92958,35,,,0,94,,92954,35,,,0,99,,92952,35,,,0,100,,102615,35,,,0,103,,102609,35,,,0,102,,102612,35,,,0,101,,92946,35,,,0,111,,102614,35,,,0,75,,102608,35,,,0,34,,92945,35,,,0,71,,102607,35,,,0,73,,102613,35,,,0,44,,102610,35,,,0,94,,102611,35,,,0,98,,92948,35,,,0,164,,92950,35,,,0
4001,'5459',653,,92971,35,,,0,168,,92974,35,,,0,102,,92962,35,,,0,100,,92964,35,,,0,101,,92970,35,,,0,101,,92972,35,,,0,100,,102618,35,,,0,100,,102619,35,,,0,100,,102621,35,,,0,100,,102622,35,,,0,100,,102620,35,,,0,98,,92967,35,,,0,99,,92969,35,,,0,97,,102623,35,,,0,130,,102624,35,,,0
4001,'5460',749,,92978,35,,,0,173,,92977,35,,,0,101,,92979,35,,,0,100,,92980,35,,,0,102,,92982,35,,,0,100,,92981,35,,,0,100,,102628,35,,,0,100,,102626,35,,,0,100,,102627,35,,,0,99,,102625,35,,,0,98,,92988,35,,,0,99,,92987,35,,,0,98,,92989,35,,,0
4001,'5461',749,,102629,35,,,0,173,,92990,35,,,0,101,,102630,35,,,0,100,,92993,35,,,0,102,,92995,35,,,0,100,,92994,35,,,0,100,,102634,35,,,0,100,,102632,35,,,0,100,,102633,35,,,0,99,,102631,35,,,0,98,,93001,35,,,0,99,,93000,35,,,0,98,,102635,35,,,0
4001,'5462',749,,102636,35,,,0,173,,93003,35,,,0,101,,102637,35,,,0,100,,93006,35,,,0,102,,93008,35,,,0,100,,93007,35,,,0,100,,102641,35,,,0,100,,102639,35,,,0,100,,102640,35,,,0,99,,102638,35,,,0,98,,93014,35,,,0,99,,93013,35,,,0,98,,102642,35,,,0
4001,'5463',749,,102643,35,,,0,173,,93016,35,,,0,101,,102644,35,,,0,100,,93019,35,,,0,102,,93021,35,,,0,100,,93020,35,,,0,100,,102648,35,,,0,100,,102646,35,,,0,100,,102647,35,,,0,99,,102645,35,,,0,98,,93027,35,,,0,99,,93026,35,,,0,98,,102649,35,,,0
4600,'5456',621,,102654,35,,,0,19,,93037,35,,,0,72,,93046,35,,,0,30,,93048,35,,,0,76,,93038,35,,,0,96,,93035,35,,,0,94,,93047,35,,,0,339,,102656,35,,,0,112,,93039,35,,,0,73,,102657,35,,,0,77,,93040,35,,,0,95,,93041,35,,,0,28,,102655,35,,,0,87,,93043,35,,,0
4600,'5458',621,,102658,35,,,0,19,,93051,35,,,0,72,,93060,35,,,0,30,,93062,35,,,0,76,,93052,35,,,0,96,,93049,35,,,0,94,,93061,35,,,0,339,,102660,35,,,0,112,,93053,35,,,0,73,,102661,35,,,0,77,,93054,35,,,0,95,,93055,35,,,0,28,,102659,35,,,0,87,,93057,35,,,0
