1500,'5456',522,,87185,5,,,0,19,,87186,5,,,0,59,,87187,5,,,0,16,,87188,5,,,0,16,,87189,5,,,0,16,,87190,5,,,0,55,,87191,5,,,0,14,,87192,5,,,0,13,,87193,5,,,0,12,,87194,5,,,0,11,,87195,5,,,0,50,,87196,5,,,0,11,,87197,5,,,0,11,,87198,5,,,0,11,,87199,5,,,0,11,,87200,5,,,0,12,,87201,5,,,0,52,,87202,5,,,0,11,,87203,5,,,0,14,,87204,5,,,0,15,,87205,5,,,0,55,,87206,5,,,0,15,,87207,5,,,0,15,,87208,5,,,0,15,,87209,5,,,0,55,,87210,5,,,0,15,,87211,5,,,0,14,,87212,5,,,0,15,,87213,5,,,0,55,,87214,5,,,0,15,,87215,5,,,0,15,,87216,5,,,0,15,,87217,5,,,0,55,,87218,5,,,0,15,,87219,5,,,0,15,,87220,5,,,0,15,,87221,5,,,0,56,,87222,5,,,0,15,,87223,5,,,0,15,,87224,5,,,0,15,,87225,5,,,0,54,,87226,5,,,0,13,,87227,5,,,0,15,,87228,5,,,0,15,,87229,5,,,0,55,,87230,5,,,0,15,,87231,5,,,0,16,,87232,5,,,0,15,,87233,5,,,0,55,,87234,5,,,0,16,,87235,5,,,0,15,,87236,5,,,0,15,,87237,5,,,0,55,,87238,5,,,0,18,,87239,5,,,0,15,,87240,5,,,0,15,,87241,5,,,0,55,,87242,5,,,0,15,,87243,5,,,0,20,,87244,5,,,0,60,,87245,5,,,0,20,,87246,5,,,0,20,,87247,5,,,0,61,,87248,5,,,0,20,,87249,5,,,0,20,,87250,5,,,0,60,,87251,5,,,0,25,,87252,5,,,0,30,,87253,5,,,0,71,,87254,5,,,0,71,,87255,5,,,0,30,,87256,5,,,0
1500,'5458',522,,87258,5,,,0,19,,87259,5,,,0,59,,87260,5,,,0,16,,87261,5,,,0,16,,87262,5,,,0,16,,87263,5,,,0,55,,87264,5,,,0,14,,87265,5,,,0,13,,87266,5,,,0,12,,87267,5,,,0,11,,87268,5,,,0,50,,87269,5,,,0,11,,87270,5,,,0,11,,87271,5,,,0,11,,87272,5,,,0,11,,87273,5,,,0,12,,87274,5,,,0,52,,87275,5,,,0,11,,87276,5,,,0,14,,87277,5,,,0,15,,87278,5,,,0,55,,87279,5,,,0,15,,87280,5,,,0,15,,87281,5,,,0,15,,87282,5,,,0,55,,87283,5,,,0,15,,87284,5,,,0,14,,87285,5,,,0,15,,87286,5,,,0,55,,87287,5,,,0,15,,87288,5,,,0,15,,87289,5,,,0,15,,87290,5,,,0,55,,87291,5,,,0,15,,87292,5,,,0,15,,87293,5,,,0,15,,87294,5,,,0,56,,87295,5,,,0,15,,87296,5,,,0,15,,87297,5,,,0,15,,87298,5,,,0,54,,87299,5,,,0,13,,87300,5,,,0,15,,87301,5,,,0,15,,87302,5,,,0,55,,87303,5,,,0,15,,87304,5,,,0,16,,87305,5,,,0,15,,87306,5,,,0,55,,87307,5,,,0,16,,87308,5,,,0,15,,87309,5,,,0,15,,87310,5,,,0,55,,87311,5,,,0,18,,87312,5,,,0,15,,87313,5,,,0,15,,87314,5,,,0,55,,87315,5,,,0,15,,87316,5,,,0,20,,87317,5,,,0,60,,87318,5,,,0,20,,87319,5,,,0,20,,87320,5,,,0,61,,87321,5,,,0,20,,87322,5,,,0,20,,87323,5,,,0,60,,87324,5,,,0,25,,87325,5,,,0,30,,87326,5,,,0,71,,87327,5,,,0,71,,87328,5,,,0,30,,87329,5,,,0,70,,87330,5,,,0,30,,87331,5,,,0,70,,87332,5,,,0,30,,87333,5,,,0
1500,'5459',621,,87391,5,,,0,25,,87378,5,,,0,61,,87376,5,,,0,19,,87377,5,,,0,16,,87353,5,,,0,15,,87389,5,,,0,55,,87371,5,,,0,14,,87350,5,,,0,14,,87375,5,,,0,15,,87374,5,,,0,54,,87352,5,,,0,15,,87390,5,,,0,15,,87372,5,,,0,15,,87351,5,,,0,55,,87373,5,,,0,15,,87370,5,,,0,15,,87345,5,,,0,15,,87349,5,,,0,55,,87388,5,,,0,16,,87369,5,,,0,16,,87348,5,,,0,15,,87368,5,,,0,55,,87367,5,,,0,15,,87347,5,,,0,15,,87346,5,,,0,15,,87387,5,,,0,54,,87366,5,,,0,15,,87344,5,,,0,16,,87364,5,,,0,15,,87365,5,,,0,55,,87342,5,,,0,15,,87343,5,,,0,16,,87386,5,,,0,15,,87363,5,,,0,55,,87341,5,,,0,15,,87362,5,,,0,15,,87361,5,,,0,15,,87339,5,,,0,55,,87340,5,,,0,15,,87385,5,,,0,14,,87360,5,,,0,15,,87335,5,,,0,56,,87356,5,,,0,15,,87358,5,,,0,15,,87337,5,,,0,15,,87338,5,,,0,55,,87384,5,,,0,14,,87357,5,,,0,15,,87336,5,,,0,15,,87355,5,,,0,55,,87359,5,,,0,16,,87354,5,,,0,19,,87381,5,,,0,60,,87382,5,,,0,20,,87383,5,,,0,20,,87380,5,,,0,60,,87379,5,,,0,20,,87393,5,,,0,20,,87392,5,,,0,60,,87394,5,,,0,24,,87395,5,,,0,70,,87396,5,,,0,31,,87397,5,,,0,70,,87398,5,,,0,31,,87399,5,,,0,69,,87400,5,,,0,29,,87401,5,,,0,70,,87402,5,,,0,30,,87403,5,,,0
1500,'5460',643,,87444,5,,,0,70,,87443,5,,,0,28,,87419,5,,,0,60,,87422,5,,,0,17,,87460,5,,,0,15,,87409,5,,,0,15,,87421,5,,,0,55,,87408,5,,,0,15,,87404,5,,,0,15,,87423,5,,,0,15,,87413,5,,,0,55,,87425,5,,,0,15,,87405,5,,,0,15,,87410,5,,,0,15,,87406,5,,,0,54,,87407,5,,,0,15,,87428,5,,,0,15,,87417,5,,,0,15,,87426,5,,,0,55,,87414,5,,,0,15,,87416,5,,,0,15,,87411,5,,,0,14,,87412,5,,,0,55,,87429,5,,,0,15,,87418,5,,,0,15,,87430,5,,,0,15,,87415,5,,,0,55,,87431,5,,,0,15,,87432,5,,,0,15,,87427,5,,,0,15,,87442,5,,,0,55,,87438,5,,,0,15,,87436,5,,,0,15,,87434,5,,,0,15,,87439,5,,,0,55,,87441,5,,,0,15,,87435,5,,,0,15,,87437,5,,,0,15,,87440,5,,,0,55,,87433,5,,,0,15,,87420,5,,,0,15,,87424,5,,,0,16,,87448,5,,,0,56,,87447,5,,,0,15,,87446,5,,,0,15,,87450,5,,,0,15,,87455,5,,,0,60,,87452,5,,,0,20,,87445,5,,,0,20,,87451,5,,,0,60,,87454,5,,,0,27,,87453,5,,,0,69,,87449,5,,,0,30,,87456,5,,,0,70,,87457,5,,,0,30,,87459,5,,,0,70,,87458,5,,,0
1500,'5461',643,,87501,5,,,0,70,,87500,5,,,0,28,,87476,5,,,0,60,,87479,5,,,0,17,,87517,5,,,0,15,,87466,5,,,0,15,,87478,5,,,0,55,,87465,5,,,0,15,,87461,5,,,0,15,,87480,5,,,0,15,,87470,5,,,0,55,,87482,5,,,0,15,,87462,5,,,0,15,,87467,5,,,0,15,,87463,5,,,0,54,,87464,5,,,0,15,,87485,5,,,0,15,,87474,5,,,0,15,,87483,5,,,0,55,,87471,5,,,0,15,,87473,5,,,0,15,,87468,5,,,0,14,,87469,5,,,0,55,,87486,5,,,0,15,,87475,5,,,0,15,,87487,5,,,0,15,,87472,5,,,0,55,,87488,5,,,0,15,,87489,5,,,0,15,,87484,5,,,0,15,,87499,5,,,0,55,,87495,5,,,0,15,,87493,5,,,0,15,,87491,5,,,0,15,,87496,5,,,0,55,,87498,5,,,0,15,,87492,5,,,0,15,,87494,5,,,0,15,,87497,5,,,0,55,,87490,5,,,0,15,,87477,5,,,0,15,,87481,5,,,0,16,,87505,5,,,0,56,,87504,5,,,0,15,,87503,5,,,0,15,,87507,5,,,0,15,,87512,5,,,0,60,,87509,5,,,0,20,,87502,5,,,0,20,,87508,5,,,0,60,,87511,5,,,0,27,,87510,5,,,0,69,,87506,5,,,0,30,,87513,5,,,0,70,,87514,5,,,0,30,,87516,5,,,0,70,,87515,5,,,0
1500,'5462',643,,87558,5,,,0,70,,87557,5,,,0,28,,87533,5,,,0,60,,87536,5,,,0,17,,87574,5,,,0,15,,87523,5,,,0,15,,87535,5,,,0,55,,87522,5,,,0,15,,87518,5,,,0,15,,87537,5,,,0,15,,87527,5,,,0,55,,87539,5,,,0,15,,87519,5,,,0,15,,87524,5,,,0,15,,87520,5,,,0,54,,87521,5,,,0,15,,87542,5,,,0,15,,87531,5,,,0,15,,87540,5,,,0,55,,87528,5,,,0,15,,87530,5,,,0,15,,87525,5,,,0,14,,87526,5,,,0,55,,87543,5,,,0,15,,87532,5,,,0,15,,87544,5,,,0,15,,87529,5,,,0,55,,87545,5,,,0,15,,87546,5,,,0,15,,87541,5,,,0,15,,87556,5,,,0,55,,87552,5,,,0,15,,87550,5,,,0,15,,87548,5,,,0,15,,87553,5,,,0,55,,87555,5,,,0,15,,87549,5,,,0,15,,87551,5,,,0,15,,87554,5,,,0,55,,87547,5,,,0,15,,87534,5,,,0,15,,87538,5,,,0,16,,87562,5,,,0,56,,87561,5,,,0,15,,87560,5,,,0,15,,87564,5,,,0,15,,87569,5,,,0,60,,87566,5,,,0,20,,87559,5,,,0,20,,87565,5,,,0,60,,87568,5,,,0,27,,87567,5,,,0,69,,87563,5,,,0,30,,87570,5,,,0,70,,87571,5,,,0,30,,87573,5,,,0,70,,87572,5,,,0
1500,'5463',643,,87615,5,,,0,70,,87614,5,,,0,28,,87590,5,,,0,60,,87593,5,,,0,17,,87631,5,,,0,15,,87580,5,,,0,15,,87592,5,,,0,55,,87579,5,,,0,15,,87575,5,,,0,15,,87594,5,,,0,15,,87584,5,,,0,55,,87596,5,,,0,15,,87576,5,,,0,15,,87581,5,,,0,15,,87577,5,,,0,54,,87578,5,,,0,15,,87599,5,,,0,15,,87588,5,,,0,15,,87597,5,,,0,55,,87585,5,,,0,15,,87587,5,,,0,15,,87582,5,,,0,14,,87583,5,,,0,55,,87600,5,,,0,15,,87589,5,,,0,15,,87601,5,,,0,15,,87586,5,,,0,55,,87602,5,,,0,15,,87603,5,,,0,15,,87598,5,,,0,15,,87613,5,,,0,55,,87609,5,,,0,15,,87607,5,,,0,15,,87605,5,,,0,15,,87610,5,,,0,55,,87612,5,,,0,15,,87606,5,,,0,15,,87608,5,,,0,15,,87611,5,,,0,55,,87604,5,,,0,15,,87591,5,,,0,15,,87595,5,,,0,16,,87619,5,,,0,56,,87618,5,,,0,15,,87617,5,,,0,15,,87621,5,,,0,15,,87626,5,,,0,60,,87623,5,,,0,20,,87616,5,,,0,20,,87622,5,,,0,60,,87625,5,,,0,27,,87624,5,,,0,69,,87620,5,,,0,30,,87627,5,,,0,70,,87628,5,,,0,30,,87630,5,,,0,70,,87629,5,,,0
2600,'5456',547,,89325,5,,,0,68,,89326,5,,,0,22,,89327,5,,,0,18,,89328,5,,,0,51,,89329,5,,,0,15,,89331,5,,,0,5,,89332,5,,,0,7,,89333,5,,,0,7,,89334,5,,,0,8,,89335,5,,,0,55,,89337,5,,,0,16,,89339,5,,,0,15,,89341,5,,,0,17,,89343,5,,,0,57,,89345,5,,,0,16,,89347,5,,,0,16,,89349,5,,,0,17,,89350,5,,,0,56,,89351,5,,,0,13,,89352,5,,,0,15,,89353,5,,,0,15,,89354,5,,,0,57,,89355,5,,,0,14,,89356,5,,,0,15,,89357,5,,,0,16,,89358,5,,,0,55,,89359,5,,,0,14,,89360,5,,,0,15,,89361,5,,,0,15,,89362,5,,,0,56,,89363,5,,,0,14,,89364,5,,,0,15,,89366,5,,,0,15,,89367,5,,,0,53,,89368,5,,,0,13,,89369,5,,,0,12,,89370,5,,,0,9,,89372,5,,,0,13,,89373,5,,,0,53,,89374,5,,,0,12,,89375,5,,,0,12,,89376,5,,,0,12,,89377,5,,,0,12,,89378,5,,,0,51,,89379,5,,,0,13,,89380,5,,,0,12,,89381,5,,,0,14,,89382,5,,,0,52,,89383,5,,,0,13,,89384,5,,,0,13,,89385,5,,,0,16,,89386,5,,,0,16,,89387,5,,,0,55,,89388,5,,,0,17,,89389,5,,,0,13,,89390,5,,,0,15,,89391,5,,,0,55,,89392,5,,,0,20,,89393,5,,,0,21,,89394,5,,,0,60,,89395,5,,,0,20,,89396,5,,,0,20,,89397,5,,,0,59,,89398,5,,,0,23,,89399,5,,,0,73,,89400,5,,,0,30,,89401,5,,,0,70,,89402,5,,,0,30,,89403,5,,,0,72,,89404,5,,,0,30,,89405,5,,,0
2600,'5458',547,,89407,5,,,0,68,,89408,5,,,0,22,,89409,5,,,0,18,,89410,5,,,0,51,,89411,5,,,0,15,,89413,5,,,0,5,,89414,5,,,0,7,,89415,5,,,0,7,,89416,5,,,0,8,,89417,5,,,0,55,,89419,5,,,0,16,,89421,5,,,0,15,,89423,5,,,0,17,,89425,5,,,0,57,,89427,5,,,0,16,,89429,5,,,0,16,,89431,5,,,0,17,,89432,5,,,0,56,,89433,5,,,0,13,,89434,5,,,0,15,,89435,5,,,0,15,,89436,5,,,0,57,,89437,5,,,0,14,,89438,5,,,0,15,,89439,5,,,0,16,,89440,5,,,0,55,,89441,5,,,0,14,,89442,5,,,0,15,,89443,5,,,0,15,,89444,5,,,0,56,,89445,5,,,0,14,,89446,5,,,0,15,,89448,5,,,0,15,,89449,5,,,0,53,,89450,5,,,0,13,,89451,5,,,0,12,,89452,5,,,0,9,,89454,5,,,0,13,,89455,5,,,0,53,,89456,5,,,0,12,,89457,5,,,0,12,,89458,5,,,0,12,,89459,5,,,0,12,,89460,5,,,0,51,,89461,5,,,0,13,,89462,5,,,0,12,,89463,5,,,0,14,,89464,5,,,0,52,,89465,5,,,0,13,,89466,5,,,0,13,,89467,5,,,0,16,,89468,5,,,0,16,,89469,5,,,0,55,,89470,5,,,0,17,,89471,5,,,0,13,,89472,5,,,0,15,,89473,5,,,0,55,,89474,5,,,0,20,,89475,5,,,0,21,,89476,5,,,0,60,,89477,5,,,0,20,,89478,5,,,0,20,,89479,5,,,0,59,,89480,5,,,0,23,,89481,5,,,0,73,,89482,5,,,0,30,,89483,5,,,0,70,,89484,5,,,0,30,,89485,5,,,0,72,,89486,5,,,0,30,,89487,5,,,0,100,,89488,5,,,0
2600,'5459',632,,89491,5,,,0,70,,89492,5,,,0,30,,89493,5,,,0,18,,89494,5,,,0,57,,89495,5,,,0,17,,89496,5,,,0,17,,89497,5,,,0,17,,89498,5,,,0,57,,89499,5,,,0,17,,89500,5,,,0,17,,89501,5,,,0,57,,89502,5,,,0,17,,89503,5,,,0,17,,89504,5,,,0,18,,89505,5,,,0,57,,89490,5,,,0,18,,89506,5,,,0,18,,89507,5,,,0,57,,89508,5,,,0,17,,89509,5,,,0,17,,89510,5,,,0,17,,89511,5,,,0,57,,89512,5,,,0,17,,89513,5,,,0,18,,89514,5,,,0,56,,89515,5,,,0,17,,89516,5,,,0,17,,89517,5,,,0,17,,89518,5,,,0,57,,89519,5,,,0,17,,89520,5,,,0,17,,89521,5,,,0,56,,89522,5,,,0,15,,89523,5,,,0,15,,89524,5,,,0,16,,89525,5,,,0,56,,89526,5,,,0,17,,89527,5,,,0,16,,89528,5,,,0,17,,89529,5,,,0,57,,89530,5,,,0,20,,89531,5,,,0,19,,89532,5,,,0,60,,89533,5,,,0,20,,89534,5,,,0,20,,89535,5,,,0,60,,89536,5,,,0,20,,89537,5,,,0,20,,89538,5,,,0,60,,89539,5,,,0,25,,89540,5,,,0,70,,89541,5,,,0,30,,89542,5,,,0,72,,89543,5,,,0,30,,89544,5,,,0,70,,89545,5,,,0,32,,89546,5,,,0,100,,89547,5,,,0
2600,'5460',655,,89564,5,,,0,67,,89572,5,,,0,22,,89554,5,,,0,63,,89548,5,,,0,22,,89566,5,,,0,20,,89573,5,,,0,67,,89555,5,,,0,22,,89549,5,,,0,20,,89567,5,,,0,64,,89558,5,,,0,20,,89550,5,,,0,58,,89556,5,,,0,18,,89552,5,,,0,19,,89565,5,,,0,19,,89553,5,,,0,59,,89570,5,,,0,18,,89551,5,,,0,18,,89568,5,,,0,58,,89560,5,,,0,18,,89563,5,,,0,20,,89561,5,,,0,58,,89571,5,,,0,18,,89557,5,,,0,18,,89569,5,,,0,18,,89559,5,,,0,57,,89562,5,,,0,18,,89578,5,,,0,18,,89582,5,,,0,57,,89575,5,,,0,18,,89584,5,,,0,18,,89577,5,,,0,58,,89580,5,,,0,17,,89576,5,,,0,17,,89585,5,,,0,16,,89574,5,,,0,60,,89583,5,,,0,19,,89579,5,,,0,20,,89581,5,,,0,59,,89589,5,,,0,20,,89587,5,,,0,19,,89591,5,,,0,60,,89588,5,,,0,20,,89590,5,,,0,20,,89592,5,,,0,60,,89586,5,,,0,30,,89594,5,,,0,70,,89593,5,,,0,30,,89595,5,,,0,70,,89596,5,,,0,38,,89597,5,,,0
2600,'5461',655,,89614,5,,,0,67,,89622,5,,,0,22,,89604,5,,,0,63,,89598,5,,,0,22,,89616,5,,,0,20,,89623,5,,,0,67,,89605,5,,,0,22,,89599,5,,,0,20,,89617,5,,,0,64,,89608,5,,,0,20,,89600,5,,,0,58,,89606,5,,,0,18,,89602,5,,,0,19,,89615,5,,,0,19,,89603,5,,,0,59,,89620,5,,,0,18,,89601,5,,,0,18,,89618,5,,,0,58,,89610,5,,,0,18,,89613,5,,,0,20,,89611,5,,,0,58,,89621,5,,,0,18,,89607,5,,,0,18,,89619,5,,,0,18,,89609,5,,,0,57,,89612,5,,,0,18,,89628,5,,,0,18,,89632,5,,,0,57,,89625,5,,,0,18,,89634,5,,,0,18,,89627,5,,,0,58,,89630,5,,,0,17,,89626,5,,,0,17,,89635,5,,,0,16,,89624,5,,,0,60,,89633,5,,,0,19,,89629,5,,,0,20,,89631,5,,,0,59,,89639,5,,,0,20,,89637,5,,,0,19,,89641,5,,,0,60,,89638,5,,,0,20,,89640,5,,,0,20,,89642,5,,,0,60,,89636,5,,,0,30,,89644,5,,,0,70,,89643,5,,,0,30,,89645,5,,,0,70,,89646,5,,,0,38,,89647,5,,,0
2600,'5462',655,,89664,5,,,0,67,,89672,5,,,0,22,,89654,5,,,0,63,,89648,5,,,0,22,,89666,5,,,0,20,,89673,5,,,0,67,,89655,5,,,0,22,,89649,5,,,0,20,,89667,5,,,0,64,,89658,5,,,0,20,,89650,5,,,0,58,,89656,5,,,0,18,,89652,5,,,0,19,,89665,5,,,0,19,,89653,5,,,0,59,,89670,5,,,0,18,,89651,5,,,0,18,,89668,5,,,0,58,,89660,5,,,0,18,,89663,5,,,0,20,,89661,5,,,0,58,,89671,5,,,0,18,,89657,5,,,0,18,,89669,5,,,0,18,,89659,5,,,0,57,,89662,5,,,0,18,,89678,5,,,0,18,,89682,5,,,0,57,,89675,5,,,0,18,,89684,5,,,0,18,,89677,5,,,0,58,,89680,5,,,0,17,,89676,5,,,0,17,,89685,5,,,0,16,,89674,5,,,0,60,,89683,5,,,0,19,,89679,5,,,0,20,,89681,5,,,0,59,,89689,5,,,0,20,,89687,5,,,0,19,,89691,5,,,0,60,,89688,5,,,0,20,,89690,5,,,0,20,,89692,5,,,0,60,,89686,5,,,0,30,,89694,5,,,0,70,,89693,5,,,0,30,,89695,5,,,0,70,,89696,5,,,0,38,,89697,5,,,0
2600,'5463',655,,89714,5,,,0,67,,89722,5,,,0,22,,89704,5,,,0,63,,89698,5,,,0,22,,89716,5,,,0,20,,89723,5,,,0,67,,89705,5,,,0,22,,89699,5,,,0,20,,89717,5,,,0,64,,89708,5,,,0,20,,89700,5,,,0,58,,89706,5,,,0,18,,89702,5,,,0,19,,89715,5,,,0,19,,89703,5,,,0,59,,89720,5,,,0,18,,89701,5,,,0,18,,89718,5,,,0,58,,89710,5,,,0,18,,89713,5,,,0,20,,89711,5,,,0,58,,89721,5,,,0,18,,89707,5,,,0,18,,89719,5,,,0,18,,89709,5,,,0,57,,89712,5,,,0,18,,89728,5,,,0,18,,89732,5,,,0,57,,89725,5,,,0,18,,89734,5,,,0,18,,89727,5,,,0,58,,89730,5,,,0,17,,89726,5,,,0,17,,89735,5,,,0,16,,89724,5,,,0,60,,89733,5,,,0,19,,89729,5,,,0,20,,89731,5,,,0,59,,89739,5,,,0,20,,89737,5,,,0,19,,89741,5,,,0,60,,89738,5,,,0,20,,89740,5,,,0,20,,89742,5,,,0,60,,89736,5,,,0,30,,89744,5,,,0,70,,89743,5,,,0,30,,89745,5,,,0,70,,89746,5,,,0,38,,89747,5,,,0
