1701,'5456',1505,,88092,9,,,0
1701,'5458',1505,,88093,9,,,0
2500,'5456',631,,100808,65,,,0,77,,89131,65,,,0,37,,89135,65,,,0,81,,100809,65,,,0,27,,100810,65,,,0,93,,100811,65,,,0,103,,100812,65,,,0,101,,100813,65,,,0,101,,100814,65,,,0,100,,100815,65,,,0,101,,100816,65,,,0,102,,89140,57,,,0,80,,89141,65,,,0,87,,100817,65,,,0,89,,100818,65,,,0,98,,100819,65,,,0,99,,100820,65,,,0,120,,100821,65,,,0,127,,100822,65,,,0
2500,'5458',631,,100824,65,,,0,77,,89151,65,,,0,37,,89155,65,,,0,81,,100825,65,,,0,27,,100826,65,,,0,93,,100827,65,,,0,103,,100828,65,,,0,101,,100829,65,,,0,101,,100830,65,,,0,100,,100831,65,,,0,101,,100832,65,,,0,102,,89160,57,,,0,80,,89161,65,,,0,87,,100833,65,,,0,89,,100834,65,,,0,98,,100835,65,,,0,99,,100836,65,,,0,120,,100837,65,,,0,127,,100838,65,,,0
2500,'5459',815,,100841,65,,,0,111,,100840,65,,,0,116,,100842,65,,,0,103,,89171,65,,,0,101,,89169,65,,,0,99,,89170,65,,,0,100,,89172,65,,,0,100,,89176,65,,,0,99,,89174,65,,,0,100,,100843,65,,,0,102,,100844,65,,,0,162,,100845,65,,,0,120,,89181,65,,,0,127,,100846,65,,,0
2500,'5460',806,,100847,65,,,0,131,,89184,65,,,0,171,,89185,65,,,0,131,,100848,65,,,0,174,,100849,65,,,0,130,,100850,65,,,0,170,,100851,65,,,0,126,,100852,65,,,0,169,,100853,65,,,0,119,,100854,65,,,0,126,,100855,65,,,0
2500,'5461',806,,89197,65,,,0,131,,100856,65,,,0,171,,100857,65,,,0,131,,100858,65,,,0,174,,100859,65,,,0,130,,100860,65,,,0,170,,100861,65,,,0,126,,100862,65,,,0,169,,100863,65,,,0,119,,89204,65,,,0,126,,89205,65,,,0
2500,'5462',806,,89208,65,,,0,131,,100864,65,,,0,171,,100865,65,,,0,131,,100866,65,,,0,174,,100867,65,,,0,130,,100868,65,,,0,170,,100869,65,,,0,126,,100870,65,,,0,169,,100871,65,,,0,119,,89215,65,,,0,126,,89216,65,,,0
2500,'5463',806,,89219,65,,,0,131,,100872,65,,,0,171,,100873,65,,,0,131,,100874,65,,,0,174,,100875,65,,,0,130,,100876,65,,,0,170,,100877,65,,,0,126,,100878,65,,,0,169,,100879,65,,,0,119,,89226,65,,,0,126,,89227,65,,,0
2601,'5456',559,,89748,11,,,0,62,,89749,11,,,0,17,,101124,11,,,0,16,,89751,11,,,0,54,,89752,11,,,0,15,,101125,11,,,0,15,,101126,11,,,0,16,,89755,11,,,0,56,,89756,11,,,0,12,,101127,11,,,0,11,,89758,11,,,0,15,,89759,11,,,0,55,,101128,11,,,0,14,,101129,11,,,0,15,,101130,11,,,0,15,,89763,11,,,0,55,,89764,11,,,0,15,,89765,11,,,0,15,,101131,11,,,0,15,,101132,11,,,0,55,,101133,11,,,0,15,,89769,11,,,0,14,,101134,11,,,0,14,,89771,11,,,0,55,,89772,11,,,0,16,,89773,11,,,0,14,,89774,11,,,0,15,,89775,11,,,0,56,,101135,11,,,0,15,,89777,11,,,0,14,,89778,11,,,0,12,,89779,11,,,0,13,,89780,11,,,0,52,,101136,11,,,0,14,,89782,11,,,0,14,,89783,11,,,0,9,,89784,11,,,0,15,,89785,11,,,0,55,,101137,11,,,0,16,,89787,11,,,0,15,,101138,11,,,0,57,,101139,11,,,0,17,,89790,11,,,0,17,,101140,11,,,0,18,,89792,11,,,0,57,,89793,11,,,0,17,,89794,11,,,0,14,,89795,11,,,0,17,,101141,11,,,0,57,,101142,11,,,0,13,,101143,11,,,0,15,,89799,11,,,0,15,,89800,11,,,0,56,,101144,11,,,0,15,,89802,11,,,0,20,,101145,11,,,0,60,,101146,11,,,0,20,,89805,11,,,0,19,,89806,11,,,0,60,,89807,11,,,0,20,,89808,11,,,0,30,,101147,11,,,0,71,,89810,11,,,0,71,,89811,11,,,0,30,,101148,11,,,0,70,,89813,11,,,0,31,,89814,11,,,0
2601,'5458',559,,89815,11,,,0,62,,89816,11,,,0,17,,101149,11,,,0,16,,89818,11,,,0,54,,89819,11,,,0,15,,101150,11,,,0,15,,101151,11,,,0,16,,89822,11,,,0,56,,89823,11,,,0,12,,101152,11,,,0,11,,89825,11,,,0,15,,89826,11,,,0,55,,101153,11,,,0,14,,101154,11,,,0,15,,101155,11,,,0,15,,89830,11,,,0,55,,89831,11,,,0,15,,89832,11,,,0,15,,101156,11,,,0,15,,101157,11,,,0,55,,101158,11,,,0,15,,89836,11,,,0,14,,101159,11,,,0,14,,89838,11,,,0,55,,89839,11,,,0,16,,89840,11,,,0,14,,89841,11,,,0,15,,89842,11,,,0,56,,101160,11,,,0,15,,89844,11,,,0,14,,89845,11,,,0,12,,89846,11,,,0,13,,89847,11,,,0,52,,101161,11,,,0,14,,89849,11,,,0,14,,89850,11,,,0,9,,89851,11,,,0,15,,89852,11,,,0,55,,101162,11,,,0,16,,89854,11,,,0,15,,101163,11,,,0,57,,101164,11,,,0,17,,89857,11,,,0,17,,101165,11,,,0,18,,89859,11,,,0,57,,89860,11,,,0,17,,89861,11,,,0,14,,89862,11,,,0,17,,101166,11,,,0,57,,101167,11,,,0,13,,101168,11,,,0,15,,89866,11,,,0,15,,89867,11,,,0,56,,101169,11,,,0,15,,89869,11,,,0,20,,101170,11,,,0,60,,101171,11,,,0,20,,89872,11,,,0,19,,89873,11,,,0,60,,89874,11,,,0,20,,89875,11,,,0,30,,101172,11,,,0,71,,89877,11,,,0,71,,89878,11,,,0,30,,101173,11,,,0,70,,89880,11,,,0,31,,89881,11,,,0,70,,101174,11,,,0
2601,'5459',625,,89884,11,,,0,30,,89885,11,,,0,66,,101176,11,,,0,17,,89887,11,,,0,17,,89888,11,,,0,57,,89889,11,,,0,17,,89890,11,,,0,17,,101177,11,,,0,57,,89892,11,,,0,17,,101178,11,,,0,17,,89894,11,,,0,17,,89895,11,,,0,57,,89896,11,,,0,17,,89897,11,,,0,17,,89898,11,,,0,57,,101179,11,,,0,17,,89900,11,,,0,18,,101175,11,,,0,17,,101180,11,,,0,57,,89902,11,,,0,17,,89903,11,,,0,17,,89904,11,,,0,56,,101181,11,,,0,17,,89906,11,,,0,17,,89907,11,,,0,17,,101182,11,,,0,56,,101183,11,,,0,17,,89910,11,,,0,17,,89911,11,,,0,16,,101184,11,,,0,56,,89913,11,,,0,16,,89914,11,,,0,16,,89915,11,,,0,57,,101185,11,,,0,17,,89917,11,,,0,17,,89918,11,,,0,17,,101186,11,,,0,57,,101187,11,,,0,18,,89921,11,,,0,20,,101188,11,,,0,60,,89923,11,,,0,20,,89924,11,,,0,21,,101189,11,,,0,60,,89926,11,,,0,20,,101190,11,,,0,18,,89928,11,,,0,60,,89929,11,,,0,20,,101191,11,,,0,20,,89931,11,,,0,60,,101192,11,,,0,20,,89933,11,,,0,20,,89934,11,,,0,60,,101193,11,,,0,22,,89936,11,,,0,70,,101194,11,,,0,30,,89938,11,,,0,71,,89939,11,,,0,30,,101195,11,,,0,71,,89941,11,,,0
2601,'5460',645,,101199,11,,,0,62,,101197,11,,,0,23,,89942,11,,,0,22,,89961,11,,,0,60,,101200,11,,,0,26,,101196,11,,,0,20,,89944,11,,,0,60,,89962,11,,,0,22,,101198,11,,,0,18,,89945,11,,,0,58,,89949,11,,,0,18,,89943,11,,,0,18,,89963,11,,,0,58,,89947,11,,,0,19,,101202,11,,,0,18,,89946,11,,,0,58,,89950,11,,,0,18,,89948,11,,,0,18,,89959,11,,,0,18,,89956,11,,,0,58,,101203,11,,,0,18,,89953,11,,,0,18,,89964,11,,,0,58,,89957,11,,,0,18,,89960,11,,,0,18,,89958,11,,,0,58,,101201,11,,,0,18,,89954,11,,,0,18,,89978,11,,,0,18,,89973,11,,,0,58,,89977,11,,,0,17,,89971,11,,,0,17,,101204,11,,,0,57,,89970,11,,,0,20,,89976,11,,,0,20,,89974,11,,,0,60,,89975,11,,,0,20,,89979,11,,,0,20,,89972,11,,,0,60,,89982,11,,,0,20,,89988,11,,,0,20,,89984,11,,,0,60,,89987,11,,,0,20,,89983,11,,,0,20,,89981,11,,,0,60,,89985,11,,,0,22,,101205,11,,,0,70,,89989,11,,,0,30,,89990,11,,,0,70,,101206,11,,,0,31,,89992,11,,,0
2601,'5461',645,,90016,11,,,0,62,,90003,11,,,0,23,,89993,11,,,0,22,,90012,11,,,0,60,,90017,11,,,0,26,,90002,11,,,0,20,,89995,11,,,0,60,,90013,11,,,0,22,,90006,11,,,0,18,,101207,11,,,0,58,,90000,11,,,0,18,,89994,11,,,0,18,,90014,11,,,0,58,,89998,11,,,0,19,,90019,11,,,0,18,,101208,11,,,0,58,,101209,11,,,0,18,,89999,11,,,0,18,,90010,11,,,0,18,,90007,11,,,0,58,,90020,11,,,0,18,,101210,11,,,0,18,,101213,11,,,0,58,,101212,11,,,0,18,,90011,11,,,0,18,,90009,11,,,0,58,,90018,11,,,0,18,,101211,11,,,0,18,,90029,11,,,0,18,,101216,11,,,0,58,,90028,11,,,0,17,,90022,11,,,0,17,,90031,11,,,0,57,,101214,11,,,0,20,,90027,11,,,0,20,,101217,11,,,0,60,,101218,11,,,0,20,,101219,11,,,0,20,,101215,11,,,0,60,,101221,11,,,0,20,,90039,11,,,0,20,,101223,11,,,0,60,,101224,11,,,0,20,,101222,11,,,0,20,,101220,11,,,0,60,,90036,11,,,0,22,,90037,11,,,0,70,,101225,11,,,0,30,,101226,11,,,0,70,,101227,11,,,0,31,,101228,11,,,0
2601,'5462',645,,90067,11,,,0,62,,90054,11,,,0,23,,90044,11,,,0,22,,90063,11,,,0,60,,90068,11,,,0,26,,90053,11,,,0,20,,90046,11,,,0,60,,90064,11,,,0,22,,90057,11,,,0,18,,101229,11,,,0,58,,90051,11,,,0,18,,90045,11,,,0,18,,90065,11,,,0,58,,90049,11,,,0,19,,90070,11,,,0,18,,101230,11,,,0,58,,101231,11,,,0,18,,90050,11,,,0,18,,90061,11,,,0,18,,90058,11,,,0,58,,90071,11,,,0,18,,101232,11,,,0,18,,101235,11,,,0,58,,101234,11,,,0,18,,90062,11,,,0,18,,90060,11,,,0,58,,90069,11,,,0,18,,101233,11,,,0,18,,90080,11,,,0,18,,101238,11,,,0,58,,90079,11,,,0,17,,90073,11,,,0,17,,90082,11,,,0,57,,101236,11,,,0,20,,90078,11,,,0,20,,101239,11,,,0,60,,101240,11,,,0,20,,101241,11,,,0,20,,101237,11,,,0,60,,101243,11,,,0,20,,90090,11,,,0,20,,101245,11,,,0,60,,101246,11,,,0,20,,101244,11,,,0,20,,101242,11,,,0,60,,90087,11,,,0,22,,90088,11,,,0,70,,101247,11,,,0,30,,101248,11,,,0,70,,101249,11,,,0,31,,101250,11,,,0
2601,'5463',645,,90118,11,,,0,62,,90105,11,,,0,23,,90095,11,,,0,22,,90114,11,,,0,60,,90119,11,,,0,26,,90104,11,,,0,20,,90097,11,,,0,60,,90115,11,,,0,22,,90108,11,,,0,18,,101251,11,,,0,58,,90102,11,,,0,18,,90096,11,,,0,18,,90116,11,,,0,58,,90100,11,,,0,19,,90121,11,,,0,18,,101252,11,,,0,58,,101253,11,,,0,18,,90101,11,,,0,18,,90112,11,,,0,18,,90109,11,,,0,58,,90122,11,,,0,18,,101254,11,,,0,18,,101257,11,,,0,58,,101256,11,,,0,18,,90113,11,,,0,18,,90111,11,,,0,58,,90120,11,,,0,18,,101255,11,,,0,18,,90131,11,,,0,18,,101260,11,,,0,58,,90130,11,,,0,17,,90124,11,,,0,17,,90133,11,,,0,57,,101258,11,,,0,20,,90129,11,,,0,20,,101261,11,,,0,60,,101262,11,,,0,20,,101263,11,,,0,20,,101259,11,,,0,60,,101265,11,,,0,20,,90141,11,,,0,20,,101267,11,,,0,60,,101268,11,,,0,20,,101266,11,,,0,20,,101264,11,,,0,60,,90138,11,,,0,22,,90139,11,,,0,70,,101269,11,,,0,30,,101270,11,,,0,70,,101271,11,,,0,31,,101272,11,,,0
4001,'5456',559,,102606,11,,,0,95,,92940,11,,,0,67,,102605,11,,,0,93,,92939,11,,,0,99,,92935,11,,,0,98,,92933,11,,,0,100,,102604,11,,,0,102,,102598,11,,,0,100,,102601,11,,,0,100,,92927,11,,,0,107,,102603,11,,,0,36,,102597,11,,,0,75,,92926,11,,,0,74,,102596,11,,,0,34,,102602,11,,,0,85,,102599,11,,,0,95,,102600,11,,,0,99,,92929,11,,,0,124,,92931,11,,,0
4001,'5458',559,,102617,11,,,0,95,,92959,11,,,0,67,,102616,11,,,0,93,,92958,11,,,0,99,,92954,11,,,0,98,,92952,11,,,0,100,,102615,11,,,0,102,,102609,11,,,0,100,,102612,11,,,0,100,,92946,11,,,0,107,,102614,11,,,0,36,,102608,11,,,0,75,,92945,11,,,0,74,,102607,11,,,0,34,,102613,11,,,0,85,,102610,11,,,0,95,,102611,11,,,0,99,,92948,11,,,0,124,,92950,11,,,0
4001,'5459',632,,92971,11,,,0,126,,92974,11,,,0,100,,92962,11,,,0,100,,92964,11,,,0,101,,92970,11,,,0,100,,92972,11,,,0,100,,102618,11,,,0,100,,102619,11,,,0,100,,102621,11,,,0,100,,102622,11,,,0,100,,102620,11,,,0,100,,92967,11,,,0,99,,92969,11,,,0,100,,102623,11,,,0,170,,102624,11,,,0
4001,'5460',727,,92978,11,,,0,131,,92977,11,,,0,100,,92979,11,,,0,100,,92980,11,,,0,101,,92982,11,,,0,100,,92981,11,,,0,100,,102628,11,,,0,100,,102626,11,,,0,100,,102627,11,,,0,99,,102625,11,,,0,100,,92988,11,,,0,100,,92987,11,,,0,100,,92989,11,,,0
4001,'5461',727,,102629,11,,,0,131,,92990,11,,,0,100,,102630,11,,,0,100,,92993,11,,,0,101,,92995,11,,,0,100,,92994,11,,,0,100,,102634,11,,,0,100,,102632,11,,,0,100,,102633,11,,,0,99,,102631,11,,,0,100,,93001,11,,,0,100,,93000,11,,,0,100,,102635,11,,,0
4001,'5462',727,,102636,11,,,0,131,,93003,11,,,0,100,,102637,11,,,0,100,,93006,11,,,0,101,,93008,11,,,0,100,,93007,11,,,0,100,,102641,11,,,0,100,,102639,11,,,0,100,,102640,11,,,0,99,,102638,11,,,0,100,,93014,11,,,0,100,,93013,11,,,0,100,,102642,11,,,0
4001,'5463',727,,102643,11,,,0,131,,93016,11,,,0,100,,102644,11,,,0,100,,93019,11,,,0,101,,93021,11,,,0,100,,93020,11,,,0,100,,102648,11,,,0,100,,102646,11,,,0,100,,102647,11,,,0,99,,102645,11,,,0,100,,93027,11,,,0,100,,93026,11,,,0,100,,102649,11,,,0
1002601,'5456',1430,,98226,11,,,0,11,,98227,11,,,0,14,,98228,11,,,0,52,,98229,11,,,0,14,,98230,9,,,0,4,,98231,11,,,0,12,,98232,11,,,0,14,,98233,11,,,0,58,,98234,11,,,0,18,,98235,11,,,0,18,,98225,11,,,0,56,,98236,11,,,0,19,,98237,11,,,0,15,,98238,11,,,0,16,,98239,11,,,0,54,,105683,11,,,0
1002601,'5458',1404,,98242,9,,,0,26,,98243,11,,,0,11,,98244,11,,,0,14,,98245,11,,,0,52,,98246,11,,,0,18,,98247,11,,,0,12,,98248,11,,,0,14,,98249,11,,,0,58,,98250,11,,,0,18,,98251,11,,,0,18,,98241,11,,,0,56,,98252,11,,,0,19,,98253,11,,,0,15,,98254,11,,,0,16,,98255,11,,,0,54,,105684,11,,,0
24005101,'5456',737,,105766,5,,,0,71,,98605,5,,,0,37,,98606,5,,,0,98,,105767,5,,,0,98,,98604,5,,,0,101,,98609,5,,,0,100,,105765,5,,,0,100,,98610,5,,,0,103,,98602,5,,,0,67,,98598,5,0,30 14,0,13,,98596,5,,,0,21,,98600,5,,,0,70,,98599,5,,,0,35,,98593,5,,,0,69,,98601,5,,,0,29,,98597,5,,,0,99,,98594,5,,,0,100,,105764,5,,,0
24005101,'5458',737,,105770,5,,,0,71,,98623,5,,,0,37,,98624,5,,,0,98,,105771,5,,,0,98,,98622,5,,,0,101,,98627,5,,,0,100,,105769,5,,,0,100,,98628,5,,,0,103,,98620,5,,,0,67,,98616,5,0,30 14,0,13,,98614,5,,,0,21,,98618,5,,,0,70,,98617,5,,,0,35,,98611,5,,,0,69,,98619,5,,,0,29,,98615,5,,,0,99,,98612,5,,,0,100,,105768,5,,,0
