7100,'5456',1607,,103601,31,,,0,104,,95558,31,,,0,103,,103600,31,,,0
7100,'5458',1607,,103603,31,,,0,104,,95561,31,,,0,103,,103602,31,,,0
7200,'5456',649,,103614,50,,,0,80,,103620,50,,,0,29,,103610,50,,,0,70,,103611,50,,,0,30,,103618,50,,,0,71,,103612,50,,,0,29,,103613,50,,,0,70,,103622,50,,,0,31,,103615,50,,,0,69,,103616,50,,,0,72,,103617,50,,,0,28,,103626,50,,,0,30,,103630,50,,,0,69,,103619,50,,,0,30,,103632,50,,,0,70,,103637,50,,,0,30,,103621,50,,,0,70,,103624,50,,,0,30,,103627,50,,,0,70,,103640,50,,,0,29,,103623,50,,,0,71,,103633,50,,,0,30,,103635,50,,,0,73,,103625,50,,,0,28,,103628,50,,,0,71,,103638,50,,,0,29,,103641,50,,,0,70,,103629,50,,,0,31,,103636,50,,,0,70,,103631,50,,,0,100,,103639,50,,,0,99,,103634,50,,,0,116,,95600,50,0,10 11 12,0
7200,'5458',649,,103646,50,,,0,80,,103652,50,,,0,29,,103642,50,,,0,70,,103643,50,,,0,30,,103650,50,,,0,71,,103644,50,,,0,29,,103645,50,,,0,70,,103654,50,,,0,31,,103647,50,,,0,69,,103648,50,,,0,72,,103649,50,,,0,28,,103658,50,,,0,30,,103662,50,,,0,69,,103651,50,,,0,30,,103664,50,,,0,70,,103669,50,,,0,30,,103653,50,,,0,70,,103656,50,,,0,30,,103659,50,,,0,70,,103672,50,,,0,29,,103655,50,,,0,71,,103665,50,,,0,30,,103667,50,,,0,73,,103657,50,,,0,28,,103660,50,,,0,71,,103670,50,,,0,29,,103673,50,,,0,70,,103661,50,,,0,31,,103668,50,,,0,70,,103663,50,,,0,100,,103671,50,,,0,99,,103666,50,,,0,116,,95633,50,0,10 11 12,0
7200,'5459',801,,103674,50,,,0,29,,103675,50,,,0,29,,103676,50,,,0,70,,95637,50,,,0,30,,103677,50,,,0,70,,103678,50,,,0,30,,103679,50,,,0,70,,103680,50,,,0,30,,103681,50,,,0,70,,103682,50,,,0,30,,103683,50,,,0,70,,103684,50,,,0,29,,103685,50,,,0,70,,103686,50,,,0,30,,103687,50,,,0,70,,103688,50,,,0,30,,103689,50,,,0,70,,103690,50,,,0,30,,103691,50,,,0,70,,103692,50,,,0,30,,103693,50,,,0,70,,95655,50,,,0,30,,95656,50,,,0,70,,103694,50,,,0,31,,103695,50,,,0,70,,103696,50,,,0,30,,103697,50,,,0,70,,95661,50,,,0,100,,103698,50,,,0,100,,103699,50,,,0,117,,95664,50,0,10 11 12,0
7200,'5460',829,,103700,50,,,0,100,,103703,50,,,0,100,,103701,50,,,0,99,,103702,50,,,0,30,,103704,50,,,0,70,,103705,50,,,0,30,,103706,50,,,0,70,,103707,50,,,0,30,,103708,50,,,0,70,,103709,50,,,0,30,,103710,50,,,0,70,,103711,50,,,0,30,,103712,50,,,0,70,,103713,50,,,0,30,,103714,50,,,0,70,,103715,50,,,0,30,,103716,50,,,0,70,,95682,50,,,0,30,,103717,50,,,0,70,,103718,50,,,0,30,,103719,50,,,0,71,,95686,50,,,0,100,,95687,50,,,0,100,,103720,50,,,0,101,,95689,50,,,0,75,,103721,50,0,10 11 12,0
7200,'5461',829,,103722,50,,,0,100,,103725,50,,,0,100,,103723,50,,,0,99,,103724,50,,,0,30,,103726,50,,,0,70,,103727,50,,,0,30,,103728,50,,,0,70,,103729,50,,,0,30,,103730,50,,,0,70,,103731,50,,,0,30,,103732,50,,,0,70,,103733,50,,,0,30,,103734,50,,,0,70,,103735,50,,,0,30,,103736,50,,,0,70,,103737,50,,,0,30,,103738,50,,,0,70,,103739,50,,,0,30,,103740,50,,,0,70,,103741,50,,,0,30,,103742,50,,,0,71,,103743,50,,,0,100,,103744,50,,,0,100,,103745,50,,,0,101,,103746,50,,,0,75,,95716,50,0,10 11 12,0
7200,'5462',829,,103747,50,,,0,100,,103750,50,,,0,100,,103748,50,,,0,99,,103749,50,,,0,30,,103751,50,,,0,70,,103752,50,,,0,30,,103753,50,,,0,70,,103754,50,,,0,30,,103755,50,,,0,70,,103756,50,,,0,30,,103757,50,,,0,70,,103758,50,,,0,30,,103759,50,,,0,70,,103760,50,,,0,30,,103761,50,,,0,70,,103762,50,,,0,30,,103763,50,,,0,70,,103764,50,,,0,30,,103765,50,,,0,70,,103766,50,,,0,30,,103767,50,,,0,71,,103768,50,,,0,100,,103769,50,,,0,100,,103770,50,,,0,101,,103771,50,,,0,75,,95742,50,0,10 11 12,0
7200,'5463',829,,103772,50,,,0,100,,103775,50,,,0,100,,103773,50,,,0,99,,103774,50,,,0,30,,103776,50,,,0,70,,103777,50,,,0,30,,103778,50,,,0,70,,103779,50,,,0,30,,103780,50,,,0,70,,103781,50,,,0,30,,103782,50,,,0,70,,103783,50,,,0,30,,103784,50,,,0,70,,103785,50,,,0,30,,103786,50,,,0,70,,103787,50,,,0,30,,103788,50,,,0,70,,95760,50,,,0,30,,103789,50,,,0,70,,103790,50,,,0,30,,103791,50,,,0,71,,103792,50,,,0,100,,95765,50,,,0,100,,103793,50,,,0,101,,103794,50,,,0,75,,95768,50,0,10 11 12,0
1007200,'5456',620,,105685,53,,,0
1007200,'5458',620,,105686,53,,,0
1007200,'5459',630,,105687,53,,,0,99,,105688,53,,,0
1007200,'5460',729,,98261,53,,,0
1007200,'5461',729,,105689,53,,,0
1007200,'5462',729,,105690,53,,,0
1007200,'5463',729,,105691,53,,,0
