2200,'5456',1240,,88577,67,,,0,70,,88575,67,,,0,31,,88578,67,,,0,70,,88579,67,,,0,105,,88580,67,,,0,31,,88581,67,,,0,77,,88582,67,,,0,100,,88583,67,,,0,94,,88584,67,,,0
2200,'5458',1240,,88606,67,,,0,70,,88604,67,,,0,31,,88607,67,,,0,70,,88608,67,,,0,105,,88609,67,,,0,31,,88610,67,,,0,77,,88612,67,,,0,100,,88613,67,,,0,94,,88614,67,,,0
2201,'5456',550,,88749,6,,,0,67,,88752,6,,,0,112,,88750,12,,,0,25,,88751,12,,,0,76,,88753,12,,,0,106,,88755,12,,,0,69,,88754,12,,,0,29,,88757,12,,,0,98,,88758,12,,,0
2201,'5458',550,,88773,6,,,0,67,,88776,6,,,0,112,,88774,12,,,0,25,,88775,12,,,0,76,,88777,12,,,0,106,,88779,12,,,0,69,,88778,12,,,0,29,,88781,12,,,0,98,,88782,12,,,0
3800,'5456',604,,92431,6,,,0,20,,92430,26,,,0,25,,92432,26,,,0,57,,92434,26,,,0,14,,92437,26,,,0,16,,92438,26,,,0,18,,92440,26,,,0,71,,92433,26,,,0,78,,92435,26,,,0,29,,92436,26,,,0,98,,92442,26,,,0,100,,92439,26,,,0,102,,92443,26,,,0,103,,92441,26,,,0,95,,92444,26,,,0,80,,92445,26,,,0,31,,92450,26,,,0,71,,92446,26,,,0,33,,92453,26,,,0,71,,92447,26,,,0,32,,92448,26,,,0,81,,92451,26,,,0,102,,92449,26,,,0,104,,92452,26,,,0
3800,'5458',604,,92457,6,,,0,20,,92456,26,,,0,25,,92458,26,,,0,57,,92460,26,,,0,14,,92463,26,,,0,16,,92464,26,,,0,18,,92466,26,,,0,71,,92459,26,,,0,78,,92461,26,,,0,29,,92462,26,,,0,98,,92468,26,,,0,100,,92465,26,,,0,102,,92469,26,,,0,103,,92467,26,,,0,95,,92470,26,,,0,80,,92471,26,,,0,31,,92476,26,,,0,71,,92472,26,,,0,33,,92479,26,,,0,71,,92473,26,,,0,32,,92474,26,,,0,81,,92477,26,,,0,102,,92475,26,,,0,104,,92478,26,,,0
5300,'5456',643,,93666,31,0,25 40,0,75,,93664,31,,,0,184,,93668,31,0,25 40,0,143,,93665,31,0,25 40,0,170,,93671,31,0,25 40,0,133,,93670,40,0,25 40,0,190,,93672,40,0,25 40,0,104,,93669,40,0,25 40,0,168,,93667,40,0,25 40,0,126,,93673,40,0,25 40,0,170,,93674,40,0,25 40,0
5300,'5458',643,,93677,31,0,25 40,0,75,,93675,31,,,0,184,,93679,31,0,25 40,0,143,,93676,31,0,25 40,0,170,,93682,31,0,25 40,0,133,,93681,40,0,25 40,0,190,,93683,40,0,25 40,0,104,,93680,40,0,25 40,0,168,,93678,40,0,25 40,0,126,,93684,40,0,25 40,0,170,,93685,40,0,25 40,0
5300,'5459',723,,93686,31,0,25 40,0,201,,93690,31,0,25 40,0,211,,93691,31,0,25 40,0,218,,93692,40,0,25 40,0,250,,93689,40,0,25 40,0,209,,93687,40,0,25 40,0,204,,93688,40,0,25 40,0
5300,'5460',722,,93696,31,0,25 40,0,203,,93693,31,0,25 40,0,209,,93694,31,0,25 40,0,217,,93697,40,0,25 40,0,250,,93695,40,0,25 40,0,210,,93699,40,0,25 40,0,205,,93698,40,0,25 40,0
5300,'5461',722,,93703,31,0,25 40,0,203,,93700,31,0,25 40,0,209,,93701,31,0,25 40,0,217,,93704,40,0,25 40,0,250,,93702,40,0,25 40,0,210,,93706,40,0,25 40,0,205,,93705,40,0,25 40,0
5300,'5462',722,,93710,31,0,25 40,0,203,,93707,31,0,25 40,0,209,,93708,31,0,25 40,0,217,,93711,40,0,25 40,0,250,,93709,40,0,25 40,0,210,,93713,40,0,25 40,0,205,,93712,40,0,25 40,0
5300,'5463',722,,93717,31,0,25 40,0,203,,93714,31,0,25 40,0,209,,93715,31,0,25 40,0,217,,93718,40,0,25 40,0,250,,93716,40,0,25 40,0,210,,93720,40,0,25 40,0,205,,93719,40,0,25 40,0
1002200,'5456',1200,,98196,57,,,0,239,,98197,57,,,0,207,,98198,57,,,0,95,,98199,57,,,0,192,,98200,57,,,0
1002200,'5458',1200,,98202,57,,,0,239,,98203,57,,,0,207,,98204,57,,,0,95,,98205,57,,,0,192,,98206,57,,,0
1002201,'5456',652,,98207,12,,,0,256,,98208,12,,,0,200,,98209,12,,,0
1002201,'5458',652,,98216,12,,,0,256,,98217,12,,,0,200,,98218,12,,,0
