600,'5456',546,,83825,7,,,0,70,,83826,7,,,0,31,,83827,7,,,0,64,,83828,7,,,0,24,,83829,7,,,0,24,,83845,7,,,0,59,,83847,7,,,0,20,,83836,7,,,0,19,,83830,7,,,0,60,,83831,7,,,0,25,,83832,7,,,0,64,,83833,7,,,0,22,,83840,7,,,0,24,,83834,7,,,0,63,,83835,7,,,0,24,,83837,7,,,0,64,,83838,7,,,0,25,,83839,7,,,0,24,,83841,7,,,0,65,,83842,7,,,0,26,,83843,7,,,0,63,,83844,7,,,0,21,,83846,7,,,0,20,,83848,7,,,0,60,,83849,7,,,0,16,,83855,7,,,0,14,,83850,7,,,0,17,,83851,7,,,0,54,,83858,7,,,0,16,,83852,7,,,0,15,,83853,7,,,0,14,,83854,7,,,0,54,,83856,7,,,0,16,,83857,7,,,0,14,,83859,7,,,0,15,,83860,7,,,0,57,,83861,7,,,0,17,,83862,7,,,0,24,,83863,7,,,0,64,,83865,7,,,0,29,,83864,7,,,0,73,,83867,7,,,0,18,,83866,7,,,0,75,,83868,7,,,0,18,,83869,7,,,0,78,,83871,7,,,0,20,,83870,7,,,0,100,,83872,7,,,0,99,,83873,7,,,0
600,'5458',546,,83875,7,,,0,70,,83876,7,,,0,31,,83877,7,,,0,64,,83878,7,,,0,24,,83879,7,,,0,24,,83895,7,,,0,59,,83897,7,,,0,20,,83886,7,,,0,19,,83880,7,,,0,60,,83881,7,,,0,25,,83882,7,,,0,64,,83883,7,,,0,22,,83890,7,,,0,24,,83884,7,,,0,63,,83885,7,,,0,24,,83887,7,,,0,64,,83888,7,,,0,25,,83889,7,,,0,24,,83891,7,,,0,65,,83892,7,,,0,26,,83893,7,,,0,63,,83894,7,,,0,21,,83896,7,,,0,20,,83898,7,,,0,60,,83899,7,,,0,16,,83905,7,,,0,14,,83900,7,,,0,17,,83901,7,,,0,54,,83908,7,,,0,16,,83902,7,,,0,15,,83903,7,,,0,14,,83904,7,,,0,54,,83906,7,,,0,16,,83907,7,,,0,14,,83909,7,,,0,15,,83910,7,,,0,57,,83911,7,,,0,17,,83912,7,,,0,24,,83913,7,,,0,64,,83915,7,,,0,29,,83914,7,,,0,73,,83917,7,,,0,18,,83916,7,,,0,75,,83918,7,,,0,18,,83919,7,,,0,78,,83921,7,,,0,20,,83920,7,,,0,100,,83922,7,,,0,99,,83923,7,,,0,30,,83927,7,,,0,70,,83925,7,,,0,30,,83928,7,,,0,70,,83924,7,,,0,30,,83926,7,,,0
600,'5459',551,,83930,7,,,0,70,,83931,7,,,0,84,,83932,7,,,0,20,,83933,7,,,0,75,,83934,7,,,0,20,,83935,7,,,0,18,,83936,7,,,0,70,,83937,7,,,0,15,,83929,7,,,0,15,,83938,7,,,0,66,,83939,7,,,0,13,,83940,7,,,0,13,,83941,7,,,0,12,,83942,7,,,0,64,,83943,7,,,0,12,,83944,7,,,0,12,,83945,7,,,0,24,,83946,7,,,0,52,,83947,7,,,0,12,,83948,7,,,0,24,,83949,7,,,0,12,,83950,7,,,0,53,,83951,7,,,0,24,,83952,7,,,0,12,,83953,7,,,0,12,,83954,7,,,0,60,,83955,7,,,0,10,,83956,7,,,0,10,,83957,7,,,0,21,,83958,7,,,0,51,,83967,7,,,0,10,,83959,7,,,0,20,,83960,7,,,0,11,,83968,7,,,0,10,,83961,7,,,0,60,,83962,7,,,0,11,,83969,7,,,0,10,,83963,7,,,0,20,,83964,7,,,0,51,,83965,7,,,0,12,,83970,7,,,0,12,,83966,7,,,0,24,,83971,7,,,0,52,,83972,7,,,0,12,,83973,7,,,0,12,,83974,7,,,0,25,,83976,7,,,0,55,,83977,7,,,0,15,,83978,7,,,0,30,,83979,7,,,0,55,,83980,7,,,0,17,,83975,7,,,0,76,,83981,7,,,0,18,,83982,7,,,0,34,,83983,7,,,0,61,,83984,7,,,0,20,,83985,7,,,0,90,,83986,7,,,0,95,,83987,7,,,0,30,,83988,7,,,0,69,,83989,7,,,0,30,,83990,7,,,0,70,,83991,7,,,0,29,,83992,7,,,0
600,'5460',627,,84019,7,,,0,78,,84032,7,,,0,95,,84002,7,,,0,25,,84030,7,,,0,80,,84004,7,,,0,21,,83994,7,,,0,77,,84014,7,,,0,15,,84041,7,,,0,16,,84003,7,,,0,72,,84034,7,,,0,15,,84018,7,,,0,15,,83993,7,,,0,70,,83995,7,,,0,12,,83997,7,,,0,12,,84037,7,,,0,12,,84021,7,,,0,64,,83996,7,,,0,12,,84007,7,,,0,12,,83998,7,,,0,12,,84001,7,,,0,64,,84020,7,,,0,12,,83999,7,,,0,12,,84000,7,,,0,12,,84008,7,,,0,64,,84011,7,,,0,12,,84038,7,,,0,12,,84022,7,,,0,12,,84012,7,,,0,64,,84010,7,,,0,12,,84009,7,,,0,12,,84006,7,,,0,12,,84036,7,,,0,64,,84005,7,,,0,12,,84016,7,,,0,12,,84015,7,,,0,12,,84042,7,,,0,65,,84027,7,,,0,15,,84013,7,,,0,15,,84017,7,,,0,73,,84023,7,,,0,17,,84029,7,,,0,18,,84024,7,,,0,74,,84025,7,,,0,17,,84028,7,,,0,74,,84033,7,,,0,17,,84035,7,,,0,18,,84026,7,,,0,88,,84031,7,,,0,97,,84040,7,,,0,88,,84039,7,,,0
600,'5461',627,,84069,7,,,0,78,,84082,7,,,0,95,,84052,7,,,0,25,,84080,7,,,0,80,,84054,7,,,0,21,,84044,7,,,0,77,,84064,7,,,0,15,,84091,7,,,0,16,,84053,7,,,0,72,,84084,7,,,0,15,,84068,7,,,0,15,,84043,7,,,0,70,,84045,7,,,0,12,,84047,7,,,0,12,,84087,7,,,0,12,,84071,7,,,0,64,,84046,7,,,0,12,,84057,7,,,0,12,,84048,7,,,0,12,,84051,7,,,0,64,,84070,7,,,0,12,,84049,7,,,0,12,,84050,7,,,0,12,,84058,7,,,0,64,,84061,7,,,0,12,,84088,7,,,0,12,,84072,7,,,0,12,,84062,7,,,0,64,,84060,7,,,0,12,,84059,7,,,0,12,,84056,7,,,0,12,,84086,7,,,0,64,,84055,7,,,0,12,,84066,7,,,0,12,,84065,7,,,0,12,,84092,7,,,0,65,,84077,7,,,0,15,,84063,7,,,0,15,,84067,7,,,0,73,,84073,7,,,0,17,,84079,7,,,0,18,,84074,7,,,0,74,,84075,7,,,0,17,,84078,7,,,0,74,,84083,7,,,0,17,,84085,7,,,0,18,,84076,7,,,0,88,,84081,7,,,0,97,,84090,7,,,0,88,,84089,7,,,0
600,'5462',627,,84119,7,,,0,78,,84132,7,,,0,95,,84102,7,,,0,25,,84130,7,,,0,80,,84104,7,,,0,21,,84094,7,,,0,77,,84114,7,,,0,15,,84141,7,,,0,16,,84103,7,,,0,72,,84134,7,,,0,15,,84118,7,,,0,15,,84093,7,,,0,70,,84095,7,,,0,12,,84097,7,,,0,12,,84137,7,,,0,12,,84121,7,,,0,64,,84096,7,,,0,12,,84107,7,,,0,12,,84098,7,,,0,12,,84101,7,,,0,64,,84120,7,,,0,12,,84099,7,,,0,12,,84100,7,,,0,12,,84108,7,,,0,64,,84111,7,,,0,12,,84138,7,,,0,12,,84122,7,,,0,12,,84112,7,,,0,64,,84110,7,,,0,12,,84109,7,,,0,12,,84106,7,,,0,12,,84136,7,,,0,64,,84105,7,,,0,12,,84116,7,,,0,12,,84115,7,,,0,12,,84142,7,,,0,65,,84127,7,,,0,15,,84113,7,,,0,15,,84117,7,,,0,73,,84123,7,,,0,17,,84129,7,,,0,18,,84124,7,,,0,74,,84125,7,,,0,17,,84128,7,,,0,74,,84133,7,,,0,17,,84135,7,,,0,18,,84126,7,,,0,88,,84131,7,,,0,97,,84140,7,,,0,88,,84139,7,,,0
600,'5463',627,,84169,7,,,0,78,,84182,7,,,0,95,,84152,7,,,0,25,,84180,7,,,0,80,,84154,7,,,0,21,,84144,7,,,0,77,,84164,7,,,0,15,,84191,7,,,0,16,,84153,7,,,0,72,,84184,7,,,0,15,,84168,7,,,0,15,,84143,7,,,0,70,,84145,7,,,0,12,,84147,7,,,0,12,,84187,7,,,0,12,,84171,7,,,0,64,,84146,7,,,0,12,,84157,7,,,0,12,,84148,7,,,0,12,,84151,7,,,0,64,,84170,7,,,0,12,,84149,7,,,0,12,,84150,7,,,0,12,,84158,7,,,0,64,,84161,7,,,0,12,,84188,7,,,0,12,,84172,7,,,0,12,,84162,7,,,0,64,,84160,7,,,0,12,,84159,7,,,0,12,,84156,7,,,0,12,,84186,7,,,0,64,,84155,7,,,0,12,,84166,7,,,0,12,,84165,7,,,0,12,,84192,7,,,0,65,,84177,7,,,0,15,,84163,7,,,0,15,,84167,7,,,0,73,,84173,7,,,0,17,,84179,7,,,0,18,,84174,7,,,0,74,,84175,7,,,0,17,,84178,7,,,0,74,,84183,7,,,0,17,,84185,7,,,0,18,,84176,7,,,0,88,,84181,7,,,0,97,,84190,7,,,0,88,,84189,7,,,0
1000600,'5456',601,,97932,7,,,0,58,,97934,7,,,0,88,,97933,7,,,0,81,,97935,7,,,0,78,,97940,7,,,0,48,,97936,7,,,0,86,,97937,7,,,0,87,,97938,7,,,0,89,,97939,7,,,0,89,,97941,7,,,0,50,,97942,7,,,0,82,,97943,7,,,0,80,,97944,7,,,0,28,,97945,7,,,0,71,,97946,7,,,0,30,,97947,7,,,0,69,,97948,7,,,0,29,,97949,7,,,0,72,,97950,7,,,0,86,,97951,7,,,0,56,,97952,7,,,0,93,,97953,7,,,0,94,,97954,7,,,0,110,,97955,7,,,0,99,,97956,7,,,0
1000600,'5458',601,,97957,7,,,0,58,,97959,7,,,0,88,,97958,7,,,0,81,,97960,7,,,0,78,,97965,7,,,0,48,,97961,7,,,0,86,,97962,7,,,0,87,,97963,7,,,0,89,,97964,7,,,0,89,,97966,7,,,0,50,,97967,7,,,0,82,,97968,7,,,0,80,,97969,7,,,0,28,,97970,7,,,0,71,,97971,7,,,0,30,,97972,7,,,0,69,,97973,7,,,0,29,,97974,7,,,0,72,,97975,7,,,0,86,,97976,7,,,0,56,,97977,7,,,0,93,,97978,7,,,0,94,,97979,7,,,0,110,,97980,7,,,0,99,,97981,7,,,0
1000600,'5459',644,,97982,7,,,0,99,,97983,7,,,0,110,,97984,7,,,0,98,,97985,7,,,0,103,,97986,7,,,0,88,,97987,7,,,0,89,,97988,7,,,0,88,,97989,7,,,0,86,,97990,7,,,0,40,,97991,7,,,0,82,,97992,7,,,0,81,,97993,7,,,0,41,,97995,7,,,0,97,,97994,7,,,0,100,,97996,7,,,0,98,,97997,7,,,0,105,,97998,7,,,0,92,,97999,7,,,0,164,,98000,7,,,0,95,,98001,7,,,0
1000600,'5460',735,,98010,7,,,0,110,,98011,7,,,0,101,,98016,7,,,0,104,,98002,7,,,0,101,,98005,7,,,0,103,,98003,7,,,0,100,,98017,7,,,0,100,,98004,7,,,0,100,,98006,7,,,0,100,,98007,7,,,0,100,,98009,7,,,0,98,,98008,7,,,0,151,,98012,7,,,0,50,,98013,7,,,0,152,,98015,7,,,0,95,,98014,7,,,0
1000600,'5461',735,,98026,7,,,0,110,,98027,7,,,0,101,,98032,7,,,0,104,,98018,7,,,0,101,,98021,7,,,0,103,,98019,7,,,0,100,,98033,7,,,0,100,,98020,7,,,0,100,,98022,7,,,0,100,,98023,7,,,0,100,,98025,7,,,0,98,,98024,7,,,0,151,,98028,7,,,0,50,,98029,7,,,0,152,,98031,7,,,0,95,,98030,7,,,0
1000600,'5462',735,,98042,7,,,0,110,,98043,7,,,0,101,,98048,7,,,0,104,,98034,7,,,0,101,,98037,7,,,0,103,,98035,7,,,0,100,,98049,7,,,0,100,,98036,7,,,0,100,,98038,7,,,0,100,,98039,7,,,0,100,,98041,7,,,0,98,,98040,7,,,0,151,,98044,7,,,0,50,,98045,7,,,0,152,,98047,7,,,0,95,,98046,7,,,0
1000600,'5463',735,,98058,7,,,0,110,,98059,7,,,0,101,,98064,7,,,0,104,,98050,7,,,0,101,,98053,7,,,0,103,,98051,7,,,0,100,,98065,7,,,0,100,,98052,7,,,0,100,,98054,7,,,0,100,,98055,7,,,0,100,,98057,7,,,0,98,,98056,7,,,0,151,,98060,7,,,0,50,,98061,7,,,0,152,,98063,7,,,0,95,,98062,7,,,0
2000600,'5456',632,,98346,7,,,0,91,,98349,7,,,0,85,,98347,7,,,0,39,,98350,7,,,0,83,,98348,7,,,0,87,,98351,7,,,0,87,,98352,7,,,0,47,,98354,7,,,0,89,,98353,7,,,0,90,,98355,7,,,0,87,,98356,7,,,0,40,,98358,7,,,0,73,,98357,7,,,0,72,,98359,7,,,0,30,,98360,7,,,0,68,,98361,7,,,0,30,,98362,7,,,0,71,,98363,7,,,0,37,,98364,7,,,0,90,,98365,7,,,0
2000600,'5458',632,,98366,7,,,0,91,,98369,7,,,0,85,,98367,7,,,0,39,,98370,7,,,0,83,,98368,7,,,0,87,,98371,7,,,0,87,,98372,7,,,0,47,,98374,7,,,0,89,,98373,7,,,0,90,,98375,7,,,0,87,,98376,7,,,0,40,,98378,7,,,0,73,,98377,7,,,0,72,,98379,7,,,0,30,,98380,7,,,0,68,,98381,7,,,0,30,,98382,7,,,0,71,,98383,7,,,0,37,,98384,7,,,0,90,,98385,7,,,0
