7101,'5456',600,,95562,7,,,0,30,,95563,7,,,0,85,,95564,7,,,0
7101,'5458',600,,95565,7,,,0,30,,95566,7,,,0,85,,95567,7,,,0
7201,'5456',535,,95769,7,,,0,80,,95772,7,,,0,30,,95770,7,,,0,70,,95774,7,,,0,31,,95784,7,,,0,61,,95779,7,,,0,27,,95771,7,,,0,70,,95773,7,,,0,30,,95777,7,,,0,70,,95775,7,,,0,30,,95776,7,,,0,73,,95783,7,,,0,30,,95778,7,,,0,70,,95780,7,,,0,30,,95781,7,,,0,70,,95788,7,,,0,30,,95791,7,,,0,71,,95782,7,,,0,30,,95793,7,,,0,70,,95797,7,,,0,13,,95798,3,0,13 14,0,17,,95785,7,,,0,69,,95786,7,,,0,31,,95792,7,,,0,71,,95800,7,,,0,30,,95787,7,,,0,70,,95794,7,,,0,30,,95796,7,,,0,69,,95789,7,,,0,30,,95790,7,,,0,70,,95799,7,,,0,30,,95801,7,,,0,70,,95795,7,,,0
7201,'5457',1416,,95802,3,,,0
7201,'5458',535,,95803,7,,,0,80,,95806,7,,,0,30,,95804,7,,,0,70,,95808,7,,,0,31,,95819,7,,,0,61,,95813,7,,,0,27,,95805,7,,,0,70,,95807,7,,,0,30,,95811,7,,,0,70,,95809,7,,,0,30,,95810,7,,,0,73,,95818,7,,,0,30,,95812,7,,,0,70,,95814,7,,,0,30,,95815,7,,,0,70,,95823,7,,,0,30,,95826,7,,,0,71,,95817,7,,,0,8,,95816,3,,,0,22,,95828,7,,,0,70,,95832,7,,,0,13,,95833,3,0,13 14,0,17,,95820,7,,,0,69,,95821,7,,,0,31,,95827,7,,,0,71,,95835,7,,,0,30,,95822,7,,,0,70,,95829,7,,,0,30,,95831,7,,,0,69,,95824,7,,,0,30,,95825,7,,,0,70,,95834,7,,,0,30,,95836,7,,,0,70,,95830,7,,,0
7201,'5459',603,,95865,7,,,0,101,,95838,7,,,0,100,,95839,7,,,0,33,,95840,7,,,0,70,,95841,7,,,0,30,,95842,7,,,0,70,,95843,7,,,0,30,,95844,7,,,0,70,,95845,7,,,0,30,,95846,7,,,0,70,,95837,7,,,0,30,,95847,7,,,0,70,,95848,7,,,0,30,,95849,7,,,0,75,,95850,7,,,0,30,,95851,7,,,0,70,,95852,7,,,0,30,,95853,7,,,0,70,,95854,7,,,0,25,,95855,7,,,0,70,,95856,7,,,0,30,,95857,7,,,0,69,,95858,7,,,0,30,,95859,7,,,0,70,,95860,7,,,0,30,,95861,7,,,0,70,,95862,7,,,0,30,,95863,7,,,0,70,,95864,7,,,0
7201,'5460',704,,95867,7,,,0,100,,95868,7,,,0,100,,95869,7,,,0,103,,95870,7,,,0,100,,95872,7,,,0,30,,95873,7,,,0,70,,95866,7,,,0,30,,95871,7,,,0,70,,95874,7,,,0,30,,95876,7,,,0,70,,95877,7,,,0,30,,95878,7,,,0,70,,95875,7,,,0,30,,95879,7,,,0,70,,95880,7,,,0,30,,95881,7,,,0,74,,95882,7,,,0,28,,95883,7,,,0,72,,95884,7,,,0,30,,95885,7,,,0,70,,95887,7,,,0,30,,95886,7,,,0,70,,95888,7,,,0,30,,95889,7,,,0,70,,95890,7,,,0
7201,'5461',704,,95892,7,,,0,100,,95893,7,,,0,100,,95894,7,,,0,103,,95895,7,,,0,100,,95897,7,,,0,30,,95898,7,,,0,70,,95891,7,,,0,30,,95896,7,,,0,70,,95899,7,,,0,30,,95901,7,,,0,70,,95902,7,,,0,30,,95903,7,,,0,70,,95900,7,,,0,30,,95904,7,,,0,70,,95905,7,,,0,30,,95906,7,,,0,74,,95907,7,,,0,28,,95908,7,,,0,72,,95909,7,,,0,30,,95910,7,,,0,70,,95912,7,,,0,30,,95911,7,,,0,70,,95913,7,,,0,30,,95914,7,,,0,70,,95915,7,,,0
7201,'5462',704,,95917,7,,,0,100,,95918,7,,,0,100,,95919,7,,,0,103,,95920,7,,,0,100,,95922,7,,,0,30,,95923,7,,,0,70,,95916,7,,,0,30,,95921,7,,,0,70,,95924,7,,,0,30,,95926,7,,,0,70,,95927,7,,,0,30,,95928,7,,,0,70,,95925,7,,,0,30,,95929,7,,,0,70,,95930,7,,,0,30,,95931,7,,,0,74,,95932,7,,,0,28,,95933,7,,,0,72,,95934,7,,,0,30,,95935,7,,,0,70,,95937,7,,,0,30,,95936,7,,,0,70,,95938,7,,,0,30,,95939,7,,,0,70,,95940,7,,,0
7201,'5463',704,,95942,7,,,0,100,,95943,7,,,0,100,,95944,7,,,0,103,,95945,7,,,0,100,,95947,7,,,0,30,,95948,7,,,0,70,,95941,7,,,0,30,,95946,7,,,0,70,,95949,7,,,0,30,,95951,7,,,0,70,,95952,7,,,0,30,,95953,7,,,0,70,,95950,7,,,0,30,,95954,7,,,0,70,,95955,7,,,0,30,,95956,7,,,0,74,,95957,7,,,0,28,,95958,7,,,0,72,,95959,7,,,0,30,,95960,7,,,0,70,,95962,7,,,0,30,,95961,7,,,0,70,,95963,7,,,0,30,,95964,7,,,0,70,,95965,7,,,0
8101,'5456',656,,96447,7,,,0,251,,96448,7,,,0,103,,96450,7,,,0,97,,96451,7,,,0,100,,96452,7,,,0,100,,96453,7,,,0,100,,96454,7,,,0,101,,96455,7,,,0,100,,96456,7,,,0,99,,96457,7,,,0,100,,96458,7,,,0,99,,96459,7,,,0,101,,96460,7,,,0,99,,96461,7,,,0
8101,'5458',656,,96463,7,,,0,251,,96464,7,,,0,103,,96466,7,,,0,97,,96467,7,,,0,100,,96468,7,,,0,100,,96469,7,,,0,100,,96470,7,,,0,101,,96471,7,,,0,100,,96472,7,,,0,99,,96473,7,,,0,100,,96474,7,,,0,99,,96475,7,,,0,101,,96476,7,,,0,99,,96477,7,,,0
8101,'5459',906,,96478,7,,,0,103,,96479,7,,,0,100,,96480,7,,,0,100,,96481,7,,,0,100,,96482,7,,,0,103,,96483,7,,,0,100,,96484,7,,,0,100,,96485,7,,,0,97,,96486,7,,,0,97,,96487,7,,,0,100,,96488,7,,,0,100,,96489,7,,,0,100,,96490,7,,,0
8101,'5460',906,,96491,7,,,0,101,,96492,7,,,0,102,,96493,7,,,0,100,,96494,7,,,0,100,,96495,7,,,0,100,,96496,7,,,0,100,,96497,7,,,0,100,,96498,7,,,0,103,,96499,7,,,0,100,,96500,7,,,0,100,,96501,7,,,0,100,,96502,7,,,0,100,,96503,7,,,0
8101,'5461',906,,96504,7,,,0,101,,96505,7,,,0,102,,96506,7,,,0,100,,96507,7,,,0,100,,96508,7,,,0,100,,96509,7,,,0,100,,96510,7,,,0,100,,96511,7,,,0,103,,96512,7,,,0,100,,96513,7,,,0,100,,96514,7,,,0,100,,96515,7,,,0,100,,96516,7,,,0
8101,'5462',906,,96517,7,,,0,101,,96518,7,,,0,102,,96519,7,,,0,100,,96520,7,,,0,100,,96521,7,,,0,100,,96522,7,,,0,100,,96523,7,,,0,100,,96524,7,,,0,103,,96525,7,,,0,100,,96526,7,,,0,100,,96527,7,,,0,100,,96528,7,,,0,100,,96529,7,,,0
8101,'5463',906,,96530,7,,,0,101,,96531,7,,,0,102,,96532,7,,,0,100,,96533,7,,,0,100,,96534,7,,,0,100,,96535,7,,,0,100,,96536,7,,,0,100,,96537,7,,,0,103,,96538,7,,,0,100,,96539,7,,,0,100,,96540,7,,,0,100,,96541,7,,,0,100,,96542,7,,,0
1007201,'5456',2206,,98265,7,,,0,100,,98267,7,,,0,100,,98266,7,,,0
1007201,'5458',2206,,98268,7,,,0,100,,98270,7,,,0,100,,98269,7,,,0
1007201,'5459',2206,,98271,7,,,0,100,,98272,7,,,0,100,,98273,7,,,0
1007201,'5460',2206,,98274,7,,,0,100,,98275,7,,,0
1007201,'5461',2206,,98276,7,,,0,100,,98277,7,,,0
1007201,'5462',2206,,98278,7,,,0,100,,98279,7,,,0
1007201,'5463',2206,,98280,7,,,0,100,,98281,7,,,0
