3800,'5456',611,,92430,15,,,0,21,,92432,15,,,0,15,,92434,15,,,0,53,,92437,15,,,0,14,,92438,15,,,0,17,,92440,15,,,0,71,,92433,15,,,0,43,,92435,15,,,0,71,,92436,15,,,0,99,,92442,15,,,0,100,,92439,15,,,0,101,,92443,15,,,0,26,,92454,15,0,55 14,0,77,,92441,15,,,0,31,,92455,15,0,55 14,0,64,,92444,15,,,0,40,,92445,15,,,0,71,,92450,15,,,0,29,,92446,15,,,0,75,,92453,15,,,0,72,,92447,15,,,0,32,,92448,15,,,0,81,,92451,15,,,0,104,,92449,15,,,0,104,,92452,15,,,0
3800,'5458',611,,92456,15,,,0,21,,92458,15,,,0,15,,92460,15,,,0,53,,92463,15,,,0,14,,92464,15,,,0,17,,92466,15,,,0,71,,92459,15,,,0,43,,92461,15,,,0,71,,92462,15,,,0,99,,92468,15,,,0,100,,92465,15,,,0,101,,92469,15,,,0,26,,92480,15,0,55 14,0,77,,92467,15,,,0,31,,92481,15,0,55 14,0,64,,92470,15,,,0,40,,92471,15,,,0,71,,92476,15,,,0,29,,92472,15,,,0,75,,92479,15,,,0,72,,92473,15,,,0,32,,92474,15,,,0,81,,92477,15,,,0,104,,92475,15,,,0,104,,92478,15,,,0
5401,'5456',535,,93831,7,,,0,168,,93835,7,,,0,131,,93834,7,,,0,218,,93833,7,,,0,198,,93832,7,,,0,170,,93836,7,,,0,102,,93840,7,,,0,187,,93838,7,,,0,193,,93837,7,,,0,199,,93839,7,,,0
5401,'5458',535,,93841,7,,,0,168,,93845,7,,,0,131,,93844,7,,,0,218,,93843,7,,,0,198,,93842,7,,,0,170,,93846,7,,,0,102,,93850,7,,,0,187,,93848,7,,,0,193,,93847,7,,,0,199,,93849,7,,,0
5401,'5459',730,,93857,7,,,0,201,,93854,7,,,0,211,,93855,7,,,0,205,,93856,7,,,0,210,,93853,7,,,0,250,,93852,7,,,0,224,,93851,7,,,0
5401,'5460',730,,93860,7,,,0,201,,93861,7,,,0,211,,93858,7,,,0,205,,93859,7,,,0,210,,93862,7,,,0,250,,93864,7,,,0,224,,93863,7,,,0
5401,'5461',730,,93867,7,,,0,201,,93868,7,,,0,211,,93865,7,,,0,205,,93866,7,,,0,210,,93869,7,,,0,250,,93871,7,,,0,224,,93870,7,,,0
5401,'5462',730,,93874,7,,,0,201,,93875,7,,,0,211,,93872,7,,,0,205,,93873,7,,,0,210,,93876,7,,,0,250,,93878,7,,,0,224,,93877,7,,,0
5401,'5463',730,,93881,7,,,0,201,,93882,7,,,0,211,,93879,7,,,0,205,,93880,7,,,0,210,,93883,7,,,0,250,,93885,7,,,0,224,,93884,7,,,0
5501,'5456',633,,93943,7,,,0,169,,93942,7,,,0,205,,93941,7,,,0,135,,93944,7,,,0,200,,93947,7,,,0,105,,93946,7,,,0,196,,93948,7,,,0,194,,93949,7,,,0,194,,93945,7,,,0
5501,'5458',633,,93952,7,,,0,169,,93951,7,,,0,205,,93950,7,,,0,135,,93953,7,,,0,200,,93956,7,,,0,105,,93955,7,,,0,196,,93957,7,,,0,194,,93958,7,,,0,194,,93954,7,,,0
5501,'5459',837,,93964,7,,,0,210,,93961,7,,,0,205,,93962,7,,,0,206,,93963,7,,,0,250,,93959,7,,,0,204,,93960,7,,,0
5501,'5460',836,,93965,7,,,0,211,,93967,7,,,0,205,,93968,7,,,0,205,,93966,7,,,0,250,,93970,7,,,0,205,,93969,7,,,0
5501,'5461',836,,93971,7,,,0,211,,93973,7,,,0,205,,93974,7,,,0,205,,93972,7,,,0,250,,93976,7,,,0,205,,93975,7,,,0
5501,'5462',836,,93977,7,,,0,211,,93979,7,,,0,205,,93980,7,,,0,205,,93978,7,,,0,250,,93982,7,,,0,205,,93981,7,,,0
5501,'5463',836,,93983,7,,,0,211,,93985,7,,,0,205,,93986,7,,,0,205,,93984,7,,,0,250,,93988,7,,,0,205,,93987,7,,,0
