801,'5456',713,,85130,43,,,0,18,,99388,33,,,0,19,,85131,43,,,0,66,,99387,43,,,0,26,,85132,43,,,0,75,,85135,43,,,0,83,,85133,43,,,0,44,,85136,43,,,0,73,,85138,43,,,0,42,,85137,43,,,0,86,,85140,43,,,0,81,,85139,43,,,0,85,,85143,43,,,0,91,,85141,43,,,0,46,,85142,43,,,0,74,,85145,43,,,0,33,,85144,43,,,0,73,,85147,43,,,0,76,,85146,43,,,0,29,,85149,43,,,0,70,,85148,43,,,0,33,,85150,43,,,0,85,,85151,43,,,0,97,,85152,43,,,0,83,,85153,43,,,0
801,'5458',713,,85156,43,,,0,18,,99390,33,,,0,19,,85157,43,,,0,66,,99389,43,,,0,26,,85158,43,,,0,75,,85161,43,,,0,83,,85159,43,,,0,44,,85162,43,,,0,73,,85164,43,,,0,42,,85163,43,,,0,86,,85166,43,,,0,81,,85165,43,,,0,85,,85169,43,,,0,91,,85167,43,,,0,46,,85168,43,,,0,74,,85171,43,,,0,33,,85170,43,,,0,73,,85173,43,,,0,76,,85172,43,,,0,29,,85175,43,,,0,70,,85174,43,,,0,33,,85176,43,,,0,85,,85177,43,,,0,97,,85178,43,,,0,83,,85179,43,,,0
901,'5456',1717,,85256,32,,,0,40,,85257,32,,,0
901,'5458',1717,,85264,32,,,0,40,,85265,32,,,0
2100,'5456',632,,88095,17,,,0,69,,88115,17,,,0,18,,88094,17,,,0,16,,88120,17,,,0,9,,88135,17,0,17,0,8,,88108,17,,,0,49,,88140,17,,,0,4,,88128,17,,,0,17,,88099,17,,,0,15,,88123,17,,,0,20,,88098,17,0,17,0,58,,88130,17,,,0,18,,88114,17,0,17,0,20,,88100,17,,,0,61,,88119,17,0,17,0,20,,88127,17,,,0,20,,88097,17,0,17,0,60,,88101,17,,,0,20,,88132,17,0,18 19,0,21,,88113,17,,,0,61,,88102,17,0,17,0,20,,88121,17,,,0,20,,88126,17,0,17,0,60,,88103,17,,,0,21,,88105,17,0,17,0,17,,88136,17,,,0,59,,88133,17,,,0,16,,88116,17,,,0,16,,88104,17,0,17,0,59,,88139,17,,,0,18,,88118,17,,,0,17,,88124,17,,,0,20,,88107,17,,,0,58,,88106,17,,,0,19,,88137,17,0,18 19,0,18,,88134,17,,,0,58,,88117,17,,,0,18,,100406,17,,,0,18,,88138,17,0,17,0,56,,88122,17,0,17,0,16,,88129,17,0,17,0,32,,88110,17,0,17,0,69,,88131,17,0,17,0,29,,88111,17,0,17,0,73,,88125,17,0,17,0,29,,88112,17,0,17,0
2100,'5458',632,,88142,17,,,0,69,,88162,17,,,0,18,,88141,17,,,0,16,,88167,17,,,0,9,,88182,17,0,17,0,8,,88155,17,,,0,49,,88187,17,,,0,4,,88175,17,,,0,17,,88146,17,,,0,15,,88170,17,,,0,20,,88145,17,0,17,0,58,,88177,17,,,0,18,,88161,17,0,17,0,20,,88147,17,,,0,61,,88166,17,0,17,0,20,,88174,17,,,0,20,,88144,17,0,17,0,60,,88148,17,,,0,20,,88179,17,0,18 19,0,21,,88160,17,,,0,61,,88149,17,0,17,0,20,,88168,17,,,0,20,,88173,17,0,17,0,60,,88150,17,,,0,21,,88152,17,0,17,0,17,,88183,17,,,0,59,,88180,17,,,0,16,,88163,17,,,0,16,,88151,17,0,17,0,59,,88186,17,,,0,18,,88165,17,,,0,17,,88171,17,,,0,20,,88154,17,,,0,58,,88153,17,,,0,19,,88184,17,0,18 19,0,18,,88181,17,,,0,58,,88164,17,,,0,18,,100407,17,,,0,18,,88185,17,0,17,0,56,,88169,17,0,17,0,16,,88176,17,0,17,0,32,,88157,17,0,17,0,69,,88178,17,0,17,0,29,,88158,17,0,17,0,73,,88172,17,0,17,0,29,,88159,17,0,17,0
2100,'5459',720,,100416,17,0,17,0,85,,88214,17,0,17,0,40,,88198,17,0,18 19,0,71,,100417,17,0,17,0,39,,88191,17,0,17,0,70,,88209,17,0,17,0,33,,100410,17,0,17,0,71,,100415,17,0,17,0,30,,88188,17,0,17,0,72,,100408,17,0,18 19,0,70,,88210,17,0,17,0,31,,100411,17,0,17,0,70,,88202,17,0,17,0,28,,100409,17,0,18 19,0,72,,88192,17,0,17,0,30,,88211,17,0,17,0,69,,100412,17,0,17,0,30,,88204,17,0,18 19,0,70,,88196,17,0,17,0,30,,100413,17,0,17,0,69,,88213,17,0,17,0,30,,100414,17,0,18 19,0,28,,88205,17,0,17,0,69,,88200,17,0,17,0,28,,88201,17,0,17,0,68,,88212,17,0,17,0,30,,88206,17,0,17,0
2100,'5460',745,,88232,17,0,17,0,75,,88231,17,0,17,0,85,,88219,17,0,18 19,0,37,,100423,17,0,17,0,84,,88233,17,0,17,0,30,,100418,17,0,17,0,70,,100421,17,0,17,0,30,,88221,17,0,17,0,70,,100420,17,0,18 19,0,31,,88220,17,0,17,0,70,,100419,17,0,17,0,30,,88222,17,0,17,0,71,,100422,17,0,18 19,0,30,,88225,17,0,17,0,70,,88226,17,0,17,0,30,,88224,17,0,17,0,70,,88229,17,0,18 19,0,30,,88227,17,0,17,0,70,,88228,17,0,17,0,29,,100424,17,0,17,0,69,,88235,17,0,18 19,0,28,,88237,17,0,17,0,69,,88236,17,0,17,0,30,,100425,17,0,17,0,70,,88238,17,0,17,0
2100,'5461',745,,88257,17,0,17,0,75,,88256,17,0,17,0,85,,88244,17,0,18 19,0,37,,88255,17,0,17,0,84,,88258,17,0,17,0,30,,88240,17,0,17,0,70,,100426,17,0,17,0,30,,88246,17,0,17,0,70,,88242,17,0,18 19,0,31,,88245,17,0,17,0,70,,88241,17,0,17,0,30,,88247,17,0,17,0,71,,100427,17,0,18 19,0,30,,88250,17,0,17,0,70,,88251,17,0,17,0,30,,88249,17,0,17,0,70,,100428,17,0,18 19,0,30,,88252,17,0,17,0,70,,88253,17,0,17,0,29,,88259,17,0,17,0,69,,88260,17,0,18 19,0,28,,100429,17,0,17,0,69,,88261,17,0,17,0,30,,100430,17,0,17,0,70,,88263,17,0,17,0
2100,'5462',745,,88282,17,0,17,0,75,,88281,17,0,17,0,85,,88269,17,0,18 19,0,37,,88280,17,0,17,0,84,,88283,17,0,17,0,30,,88265,17,0,17,0,70,,100431,17,0,17,0,30,,88271,17,0,17,0,70,,88267,17,0,18 19,0,31,,88270,17,0,17,0,70,,88266,17,0,17,0,30,,88272,17,0,17,0,71,,100432,17,0,18 19,0,30,,88275,17,0,17,0,70,,88276,17,0,17,0,30,,88274,17,0,17,0,70,,100433,17,0,18 19,0,30,,88277,17,0,17,0,70,,88278,17,0,17,0,29,,88284,17,0,17,0,69,,88285,17,0,18 19,0,28,,100434,17,0,17,0,69,,88286,17,0,17,0,30,,100435,17,0,17,0,70,,88288,17,0,17,0
2100,'5463',745,,88307,17,0,17,0,75,,88306,17,0,17,0,85,,88294,17,0,18 19,0,37,,88305,17,0,17,0,84,,88308,17,0,17,0,30,,88290,17,0,17,0,70,,100436,17,0,17,0,30,,88296,17,0,17,0,70,,88292,17,0,18 19,0,31,,88295,17,0,17,0,70,,88291,17,0,17,0,30,,88297,17,0,17,0,71,,100437,17,0,18 19,0,30,,88300,17,0,17,0,70,,88301,17,0,17,0,30,,88299,17,0,17,0,70,,100438,17,0,18 19,0,30,,88302,17,0,17,0,70,,88303,17,0,17,0,29,,88309,17,0,17,0,69,,88310,17,0,18 19,0,28,,100439,17,0,17,0,69,,88311,17,0,17,0,30,,100440,17,0,17,0,70,,88313,17,0,17,0
2200,'5456',616,,100489,32,,,0,30,,88567,32,,,0,70,,100490,32,,,0,31,,100492,32,,,0,68,,88576,15,0,20 7,0,6,,100491,32,,,0,23,,100495,32,,,0,69,,100493,32,,,0,102,,100494,32,,,0,26,,100496,32,,,0,70,,88574,32,,,0,103,,100498,32,0,21 22,0,30,,100497,32,0,21 22,0,70,,100499,32,0,21 22,0,30,,100500,32,0,21 22,0,101,,100501,32,0,21 22,0,62,,88593,2,,,0,8,,100502,32,0,21 22,0,36,,100503,32,0,21 22,0,102,,88583,32,0,21 22,0,97,,100504,32,0,21 22,0,68,,100505,32,,,0,24,,100506,32,,,0,98,,88587,32,,,0,70,,88588,32,,,0,29,,100507,32,,,0,68,,88590,32,,,0
2200,'5458',616,,100508,32,,,0,30,,88596,32,,,0,70,,100509,32,,,0,31,,100511,32,,,0,68,,88605,15,0,20 7,0,6,,100510,32,,,0,23,,100514,32,,,0,69,,100512,32,,,0,102,,100513,32,,,0,26,,100515,32,,,0,70,,88603,32,,,0,103,,100517,32,0,21 22,0,30,,100516,32,0,21 22,0,70,,100518,32,0,21 22,0,30,,100519,32,0,21 22,0,63,,88611,2,,,0,38,,100520,32,0,21 22,0,70,,100521,32,0,21 22,0,36,,100522,32,0,21 22,0,102,,88613,32,0,21 22,0,97,,100523,32,0,21 22,0,68,,100524,32,,,0,24,,100525,32,,,0,98,,88617,32,,,0,70,,88618,32,,,0,29,,100526,32,,,0,68,,88620,32,,,0
2200,'5459',705,,100537,32,,,0,40,,88628,32,,,0,80,,88632,32,,,0,80,,100540,32,,,0,32,,88629,32,,,0,70,,88623,32,,,0,31,,88630,32,,,0,72,,100539,32,,,0,31,,88627,32,,,0,71,,88626,32,,,0,31,,88631,32,,,0,70,,88624,32,,,0,31,,100544,32,,,0,70,,100527,32,,,0,30,,100533,32,,,0,70,,100529,32,,,0,30,,100532,32,,,0,69,,100543,32,,,0,29,,100534,32,,,0,71,,100528,32,,,0,30,,100536,32,,,0,72,,100535,32,,,0,30,,100531,32,,,0,68,,100530,32,,,0,29,,100545,32,,,0,69,,100546,32,,,0,27,,100542,32,,,0,68,,100538,32,,,0
2200,'5460',754,,88656,32,,,0,101,,100551,32,,,0,80,,88658,32,,,0,71,,100548,32,,,0,32,,100549,32,,,0,70,,100550,32,,,0,30,,88660,32,,,0,69,,100553,32,,,0,32,,100552,32,,,0,70,,88662,32,,,0,30,,88663,32,,,0,70,,100554,32,,,0,31,,88670,32,,,0,70,,88664,32,,,0,30,,88665,32,,,0,70,,88666,32,,,0,30,,88667,32,,,0,72,,88668,32,,,0,30,,88669,32,,,0,69,,88672,32,,,0,29,,88673,32,,,0,68,,88674,32,,,0,30,,88675,32,,,0,115,,88676,15,,,0
2200,'5461',754,,88680,32,,,0,101,,88681,32,,,0,80,,88682,32,,,0,71,,88677,32,,,0,32,,88678,32,,,0,70,,88679,32,,,0,30,,88684,32,,,0,69,,88685,32,,,0,32,,88683,32,,,0,70,,88686,32,,,0,30,,88687,32,,,0,70,,88695,32,,,0,31,,88694,32,,,0,70,,88688,32,,,0,30,,88689,32,,,0,70,,88690,32,,,0,30,,100555,32,,,0,72,,88692,32,,,0,30,,88693,32,,,0,69,,88696,32,,,0,29,,100556,32,,,0,68,,88698,32,,,0,30,,88699,32,,,0,115,,100557,15,,,0
2200,'5462',754,,88704,32,,,0,101,,88705,32,,,0,80,,88706,32,,,0,71,,88701,32,,,0,32,,88702,32,,,0,70,,88703,32,,,0,30,,88708,32,,,0,69,,88709,32,,,0,32,,88707,32,,,0,70,,88710,32,,,0,30,,88711,32,,,0,70,,88719,32,,,0,31,,88718,32,,,0,70,,88712,32,,,0,30,,88713,32,,,0,70,,88714,32,,,0,30,,100558,32,,,0,72,,88716,32,,,0,30,,88717,32,,,0,69,,88720,32,,,0,29,,100559,32,,,0,68,,88722,32,,,0,30,,88723,32,,,0,115,,100560,15,,,0
2200,'5463',754,,88728,32,,,0,101,,88729,32,,,0,80,,88730,32,,,0,71,,88725,32,,,0,32,,88726,32,,,0,70,,88727,32,,,0,30,,88732,32,,,0,69,,88733,32,,,0,32,,88731,32,,,0,70,,88734,32,,,0,30,,88735,32,,,0,70,,88743,32,,,0,31,,88742,32,,,0,70,,88736,32,,,0,30,,88737,32,,,0,70,,88738,32,,,0,30,,100561,32,,,0,72,,88740,32,,,0,30,,88741,32,,,0,69,,88744,32,,,0,29,,100562,32,,,0,68,,88746,32,,,0,30,,88747,32,,,0,115,,100563,15,,,0
1002200,'5456',945,,105661,32,,,0,196,,98196,32,0,21 22,0,273,,105662,32,0,21 22,0,209,,105663,32,0,21 22,0,98,,105664,32,0,21 22,0,193,,98200,32,0,21 22,0
1002200,'5458',945,,105665,32,,,0,196,,98202,32,0,21 22,0,273,,105666,32,0,21 22,0,209,,105667,32,0,21 22,0,98,,105668,32,0,21 22,0,193,,98206,32,0,21 22,0
14002100,'5456',2122,,98507,17,,,0,30,,98504,17,,,0,70,,98506,17,,,0,99,,98508,17,,,0,99,,98505,17,,,0
14002100,'5458',2122,,98512,17,,,0,30,,98509,17,,,0,70,,98511,17,,,0,99,,98513,17,,,0,99,,98510,17,,,0
14002100,'5459',2122,,98514,17,,,0,30,,98515,17,,,0,70,,98516,17,,,0,102,,98517,17,,,0,97,,98518,17,,,0
14002100,'5460',2123,,98519,17,,,0,100,,98520,17,,,0,99,,98521,17,,,0
14002100,'5461',2123,,98522,17,,,0,100,,98523,17,,,0,99,,98524,17,,,0
14002100,'5462',2123,,98525,17,,,0,100,,98526,17,,,0,99,,98527,17,,,0
14002100,'5463',2123,,98528,17,,,0,100,,98529,17,,,0,99,,98530,17,,,0
