2100,'5456',633,,88096,3,0,18 19,0,511,,88132,31,0,18 19,0,503,,88137,31,0,18 19,0
2100,'5458',633,,88143,3,0,18 19,0,511,,88179,31,0,18 19,0,503,,88184,31,0,18 19,0
2100,'5459',854,,88198,31,0,18 19,0,387,,88189,31,0,18 19,0,199,,88190,31,0,18 19,0,202,,88204,31,0,18 19,0,199,,88199,31,0,18 19,0
2100,'5460',914,,88219,31,0,18 19,0,322,,88217,31,0,18 19,0,203,,88223,31,0,18 19,0,200,,88229,31,0,18 19,0,197,,88235,31,0,18 19,0
2100,'5461',914,,88244,31,0,18 19,0,322,,88242,31,0,18 19,0,203,,88248,31,0,18 19,0,200,,88254,31,0,18 19,0,197,,88260,31,0,18 19,0
2100,'5462',914,,88269,31,0,18 19,0,322,,88267,31,0,18 19,0,203,,88273,31,0,18 19,0,200,,88279,31,0,18 19,0,197,,88285,31,0,18 19,0
2100,'5463',914,,88294,31,0,18 19,0,322,,88292,31,0,18 19,0,203,,88298,31,0,18 19,0,200,,88304,31,0,18 19,0,197,,88310,31,0,18 19,0
8300,'5456',659,,96544,10,,,0,244,,96543,10,,,0,140,,96545,10,,,0,207,,96546,10,,,0,198,,96547,10,,,0,252,,96548,10,,,0,208,,96549,10,,,0
8300,'5458',659,,96551,10,,,0,244,,96550,10,,,0,140,,96552,10,,,0,207,,96553,10,,,0,198,,96554,10,,,0,252,,96555,10,,,0,208,,96556,10,,,0
8300,'5459',1045,,96559,10,,,0,300,,96560,10,,,0,305,,96558,10,,,0,300,,96557,10,,,0
8300,'5460',1045,,96563,10,,,0,300,,96564,10,,,0,305,,96562,10,,,0,300,,96561,10,,,0
8300,'5461',1045,,96567,10,,,0,300,,96568,10,,,0,305,,96566,10,,,0,300,,96565,10,,,0
8300,'5462',1045,,96571,10,,,0,300,,96572,10,,,0,305,,96570,10,,,0,300,,96569,10,,,0
8300,'5463',1045,,96575,10,,,0,300,,96576,10,,,0,305,,96574,10,,,0,300,,96573,10,,,0
