3500,'5456',705,,92404,12,,,0,117,,102429,12,,,0,21,,102428,12,,,0,5,,92407,12,,,0,4,,92406,12,,,0,150,,102430,12,,,0,105,,102431,12,,,0,105,,102432,12,,,0,104,,102433,12,,,0,105,,102434,12,,,0,101,,92412,4,,,0,3,,92411,4,,,0,9,,102435,12,,,0,102,,92413,12,,,0,105,,92414,12,,,0
3500,'5458',705,,92419,12,,,0,117,,102437,12,,,0,21,,102436,12,,,0,5,,92422,12,,,0,4,,92421,12,,,0,150,,102438,12,,,0,105,,102439,12,,,0,105,,102440,12,,,0,104,,102441,12,,,0,105,,102442,12,,,0,101,,92427,4,,,0,3,,92426,4,,,0,9,,102443,12,,,0,102,,92428,12,,,0,105,,92429,12,,,0
7201,'5456',609,,103795,43,,,0,40,,103798,43,,,0,71,,103796,43,,,0,33,,103800,43,,,0,72,,103810,43,,,0,21,,103805,43,,,0,67,,103797,43,,,0,29,,103799,43,,,0,70,,103803,43,,,0,30,,103801,43,,,0,70,,103802,43,,,0,33,,103809,43,,,0,70,,103804,43,,,0,30,,103806,43,,,0,71,,103807,43,,,0,30,,103814,43,,,0,70,,103817,43,,,0,32,,103808,43,,,0,72,,103819,43,,,0,31,,103823,43,,,0,72,,103811,43,,,0,26,,103812,43,,,0,69,,103818,43,,,0,29,,103825,43,,,0,70,,103813,43,,,0,27,,103820,43,,,0,70,,103822,43,,,0,29,,103815,43,,,0,70,,103816,43,,,0,30,,103824,43,,,0,70,,103826,43,,,0,30,,103821,43,,,0
7201,'5457',1458,,103827,39,,,0
7201,'5458',609,,103828,43,,,0,40,,103831,43,,,0,71,,103829,43,,,0,33,,103833,43,,,0,72,,103844,43,,,0,21,,103838,43,,,0,67,,103830,43,,,0,29,,103832,43,,,0,70,,103836,43,,,0,30,,103834,43,,,0,70,,103835,43,,,0,33,,103843,43,,,0,70,,103837,43,,,0,30,,103839,43,,,0,71,,103840,43,,,0,30,,103848,43,,,0,70,,103851,43,,,0,32,,103842,43,,,0,10,,103841,39,,,0,62,,103853,43,,,0,31,,103857,43,,,0,72,,103845,43,,,0,26,,103846,43,,,0,69,,103852,43,,,0,29,,103859,43,,,0,70,,103847,43,,,0,27,,103854,43,,,0,70,,103856,43,,,0,29,,103849,43,,,0,70,,103850,43,,,0,30,,103858,43,,,0,70,,103860,43,,,0,30,,103855,43,,,0
7201,'5459',636,,103885,43,,,0,103,,95838,43,,,0,99,,103862,43,,,0,73,,103863,43,,,0,31,,103864,43,,,0,70,,103865,43,,,0,31,,95843,43,,,0,70,,103866,43,,,0,31,,103867,43,,,0,70,,103868,43,,,0,30,,103861,43,,,0,70,,103869,43,,,0,30,,103870,43,,,0,71,,103871,43,,,0,34,,103872,43,,,0,71,,103873,43,,,0,29,,103874,43,,,0,71,,103875,43,,,0,29,,103876,43,,,0,66,,103877,43,,,0,27,,103878,43,,,0,70,,103879,43,,,0,29,,103880,43,,,0,70,,103881,43,,,0,29,,95860,43,,,0,70,,95861,43,,,0,31,,103882,43,,,0,69,,103883,43,,,0,30,,103884,43,,,0
7201,'5460',738,,103887,43,,,0,100,,95868,43,,,0,100,,103888,43,,,0,106,,103889,43,,,0,100,,103891,43,,,0,70,,103892,43,,,0,30,,103886,43,,,0,69,,103890,43,,,0,30,,103893,43,,,0,70,,103895,43,,,0,30,,103896,43,,,0,71,,103897,43,,,0,30,,103894,43,,,0,70,,103898,43,,,0,29,,103899,43,,,0,70,,103900,43,,,0,34,,103901,43,,,0,68,,103902,43,,,0,31,,103903,43,,,0,70,,103904,43,,,0,30,,95887,43,,,0,69,,103905,43,,,0,30,,103906,43,,,0,70,,103907,43,,,0,30,,95890,43,,,0
7201,'5461',738,,103909,43,,,0,100,,103910,43,,,0,100,,103911,43,,,0,106,,103912,43,,,0,100,,103914,43,,,0,70,,103915,43,,,0,30,,103908,43,,,0,69,,103913,43,,,0,30,,103916,43,,,0,70,,103918,43,,,0,30,,103919,43,,,0,71,,103920,43,,,0,30,,103917,43,,,0,70,,103921,43,,,0,29,,103922,43,,,0,70,,103923,43,,,0,34,,103924,43,,,0,68,,103925,43,,,0,31,,103926,43,,,0,70,,103927,43,,,0,30,,103929,43,,,0,69,,103928,43,,,0,30,,103930,43,,,0,70,,103931,43,,,0,30,,103932,43,,,0
7201,'5462',738,,103934,43,,,0,100,,103935,43,,,0,100,,103936,43,,,0,106,,103937,43,,,0,100,,103939,43,,,0,70,,103940,43,,,0,30,,103933,43,,,0,69,,103938,43,,,0,30,,103941,43,,,0,70,,103943,43,,,0,30,,103944,43,,,0,71,,103945,43,,,0,30,,103942,43,,,0,70,,103946,43,,,0,29,,103947,43,,,0,70,,103948,43,,,0,34,,103949,43,,,0,68,,103950,43,,,0,31,,103951,43,,,0,70,,103952,43,,,0,30,,103954,43,,,0,69,,103953,43,,,0,30,,103955,43,,,0,70,,103956,43,,,0,30,,103957,43,,,0
7201,'5463',738,,103959,43,,,0,100,,103960,43,,,0,100,,103961,43,,,0,106,,103962,43,,,0,100,,103964,43,,,0,70,,103965,43,,,0,30,,103958,43,,,0,69,,103963,43,,,0,30,,103966,43,,,0,70,,103968,43,,,0,30,,103969,43,,,0,71,,103970,43,,,0,30,,103967,43,,,0,70,,103971,43,,,0,29,,103972,43,,,0,70,,103973,43,,,0,34,,103974,43,,,0,68,,103975,43,,,0,31,,103976,43,,,0,70,,103977,43,,,0,30,,95962,43,,,0,69,,103978,43,,,0,30,,103979,43,,,0,70,,103980,43,,,0,30,,103981,43,,,0
7501,'5456',601,,96154,38,,,0,30,,96151,38,,,0,23,,96152,38,,,0,59,,104088,38,,,0,24,,104090,38,,,0,66,,104087,38,,,0,19,,96163,38,,,0,16,,104091,38,,,0,68,,96155,38,,,0,32,,104089,40,,,0,79,,96159,40,,,0,30,,104092,40,,,0,74,,104093,40,,,0,28,,96164,40,,,0,70,,104094,40,,,0,31,,96166,40,,,0,70,,104095,40,,,0,30,,96168,40,,,0,72,,104096,40,,,0,32,,104097,40,,,0,72,,104098,40,,,0,19,,104106,40,,,0,11,,104099,40,,,0,59,,96174,40,,,0,14,,96173,40,,,0,9,,96182,38,,,0,10,,104105,19,,,0,10,,104100,40,,,0,67,,96176,40,,,0,27,,104101,40,,,0,69,,96178,40,,,0,99,,96179,40,,,0,97,,96180,40,,,0,100,,104102,40,,,0,98,,104103,40,,,0,94,,96184,40,0,28 29 14,0,93,,104104,38,0,28 29 14,0
7501,'5458',601,,96191,38,,,0,30,,96188,38,,,0,23,,96189,38,,,0,59,,104108,38,,,0,24,,104110,38,,,0,66,,104107,38,,,0,19,,96200,38,,,0,16,,104111,38,,,0,68,,96192,38,,,0,32,,104109,40,,,0,79,,96196,40,,,0,30,,104112,40,,,0,74,,104113,40,,,0,28,,96201,40,,,0,70,,104114,40,,,0,31,,96203,40,,,0,70,,104115,40,,,0,30,,96205,40,,,0,72,,104116,40,,,0,32,,104117,40,,,0,72,,104118,40,,,0,19,,104126,40,,,0,11,,104119,40,,,0,59,,96211,40,,,0,14,,96210,40,,,0,9,,96219,38,,,0,10,,104125,19,,,0,10,,104120,40,,,0,67,,96213,40,,,0,27,,104121,40,,,0,69,,96215,40,,,0,99,,96216,40,,,0,97,,96217,40,,,0,100,,104122,40,,,0,98,,104123,40,,,0,94,,96221,40,0,28 29 14,0,93,,104124,38,0,28 29 14,0
7501,'5459',650,,104127,32,0,28 29 14,0,153,,96226,38,,,0,100,,104128,38,,,0,113,,104129,40,,,0,104,,96229,40,,,0,101,,96230,40,,,0,30,,104130,40,,,0,70,,104131,40,,,0,30,,104132,40,,,0,70,,104133,40,,,0,34,,96235,40,,,0,70,,104134,40,,,0,30,,96237,40,,,0,70,,96238,40,,,0,30,,104135,40,,,0,70,,104136,40,,,0,96,,104137,40,,,0,95,,96242,40,,,0,99,,96243,40,,,0,100,,104138,40,,,0,100,,104139,40,,,0,95,,96246,40,0,28 29 14,0,94,,96247,38,0,28 29 14,0
7501,'5460',659,,104140,14,0,28 29 14,0,141,,104141,38,0,28 29 14,0,104,,96250,38,,,0,109,,104142,40,,,0,101,,96252,40,,,0,104,,104143,40,,,0,31,,104144,40,,,0,70,,96255,40,,,0,30,,104145,40,,,0,70,,96257,40,,,0,31,,104146,40,,,0,71,,104147,40,,,0,30,,104148,40,,,0,70,,104149,40,,,0,100,,104150,40,,,0,101,,104151,40,,,0,99,,104152,40,,,0,100,,96265,40,,,0,99,,104153,40,,,0,100,,104154,40,,,0,88,,96268,40,0,28 29 14,0,106,,104155,38,0,28 29 14,0
7501,'5461',659,,104156,14,0,28 29 14,0,141,,104157,38,0,28 29 14,0,104,,96272,38,,,0,109,,96273,40,,,0,101,,96274,40,,,0,104,,96275,40,,,0,31,,104158,40,,,0,70,,96277,40,,,0,30,,104159,40,,,0,70,,96279,40,,,0,31,,104160,40,,,0,71,,104161,40,,,0,30,,104162,40,,,0,70,,104163,40,,,0,100,,104164,40,,,0,101,,104165,40,,,0,99,,104166,40,,,0,100,,104167,40,,,0,99,,104168,40,,,0,100,,96289,40,,,0,88,,104169,40,0,28 29 14,0,106,,96291,38,0,28 29 14,0
7501,'5462',659,,104170,14,0,28 29 14,0,141,,104171,38,0,28 29 14,0,104,,96294,38,,,0,109,,96295,40,,,0,101,,96296,40,,,0,104,,96297,40,,,0,31,,104172,40,,,0,70,,96299,40,,,0,30,,104173,40,,,0,70,,96301,40,,,0,31,,104174,40,,,0,71,,104175,40,,,0,30,,104176,40,,,0,70,,104177,40,,,0,100,,104178,40,,,0,101,,104179,40,,,0,99,,104180,40,,,0,100,,104181,40,,,0,99,,104182,40,,,0,100,,96311,40,,,0,88,,104183,40,0,28 29 14,0,106,,96313,38,0,28 29 14,0
7501,'5463',659,,104184,14,0,28 29 14,0,141,,104185,38,0,28 29 14,0,104,,96316,38,,,0,109,,96317,40,,,0,101,,96318,40,,,0,104,,96319,40,,,0,31,,104186,40,,,0,70,,96321,40,,,0,30,,104187,40,,,0,70,,96323,40,,,0,31,,104188,40,,,0,71,,104189,40,,,0,30,,104190,40,,,0,70,,104191,40,,,0,100,,104192,40,,,0,101,,104193,40,,,0,99,,104194,40,,,0,100,,104195,40,,,0,99,,104196,40,,,0,100,,96333,40,,,0,88,,104197,40,0,28 29 14,0,106,,96335,38,0,28 29 14,0
1007201,'5456',2248,,105692,46,,,0,98,,105694,46,,,0,99,,105693,46,,,0
1007201,'5458',2248,,105695,46,,,0,98,,105697,46,,,0,99,,105696,46,,,0
1007201,'5459',2249,,98271,46,,,0,97,,105698,46,,,0,98,,105699,46,,,0
1007201,'5460',2248,,98274,46,,,0,98,,105700,46,,,0
1007201,'5461',2248,,105701,46,,,0,98,,105702,46,,,0
1007201,'5462',2248,,105703,46,,,0,98,,105704,46,,,0
1007201,'5463',2248,,98280,46,,,0,98,,105705,46,,,0
