1000,'5456',631,,85268,7,,,0,84,,85273,7,,,0,36,,85269,7,,,0,78,,85270,7,,,0,84,,85271,7,,,0,39,,85272,7,,,0,95,,85275,7,,,0,155,,85274,7,,,0,50,,85277,7,,,0,76,,85276,7,,,0,86,,85280,7,,,0,42,,85278,7,,,0,96,,85279,7,,,0,81,,85281,7,,,0,87,,85282,7,,,0,80,,85283,7,,,0,21,,85286,7,,,0,30,,85284,7,,,0,94,,85285,7,,,0
1000,'5458',631,,85288,7,,,0,84,,85293,7,,,0,36,,85289,7,,,0,78,,85290,7,,,0,84,,85291,7,,,0,39,,85292,7,,,0,95,,85295,7,,,0,155,,85294,7,,,0,50,,85297,7,,,0,76,,85296,7,,,0,86,,85300,7,,,0,42,,85298,7,,,0,96,,85299,7,,,0,81,,85301,7,,,0,87,,85302,7,,,0,80,,85303,7,,,0,21,,85306,7,,,0,30,,85304,7,,,0,94,,85305,7,,,0
1000,'5459',729,,85316,7,,,0,101,,85320,7,,,0,102,,85307,7,,,0,97,,85310,7,,,0,108,,85313,7,,,0,110,,85312,7,,,0,97,,85308,7,,,0,100,,85311,7,,,0,100,,85309,7,,,0,103,,85314,7,,,0,103,,85315,7,,,0,99,,85318,7,,,0,98,,85319,7,,,0
1000,'5460',729,,85325,7,,,0,101,,85324,7,,,0,99,,85322,7,,,0,104,,85321,7,,,0,102,,85328,7,,,0,110,,85327,7,,,0,90,,85323,7,,,0,107,,85326,7,,,0,100,,85330,7,,,0,99,,85329,7,,,0,102,,85332,7,,,0,104,,85331,7,,,0,99,,85333,7,,,0
1000,'5461',729,,85338,7,,,0,101,,85337,7,,,0,99,,85335,7,,,0,104,,85334,7,,,0,102,,85341,7,,,0,110,,85340,7,,,0,90,,85336,7,,,0,107,,85339,7,,,0,100,,85343,7,,,0,99,,85342,7,,,0,102,,85345,7,,,0,104,,85344,7,,,0,99,,85346,7,,,0
1000,'5462',729,,85351,7,,,0,101,,85350,7,,,0,99,,85348,7,,,0,104,,85347,7,,,0,102,,85354,7,,,0,110,,85353,7,,,0,90,,85349,7,,,0,107,,85352,7,,,0,100,,85356,7,,,0,99,,85355,7,,,0,102,,85358,7,,,0,104,,85357,7,,,0,99,,85359,7,,,0
1000,'5463',729,,85364,7,,,0,101,,85363,7,,,0,99,,85361,7,,,0,104,,85360,7,,,0,102,,85367,7,,,0,110,,85366,7,,,0,90,,85362,7,,,0,107,,85365,7,,,0,100,,85369,7,,,0,99,,85368,7,,,0,102,,85371,7,,,0,104,,85370,7,,,0,99,,85372,7,,,0
1001,'5456',2044,,85390,31,4,,0
1001,'5458',2044,,85410,31,4,,0
1001,'5459',2043,,85426,31,4,,0
3000,'5456',543,,91394,2,,,0,90,,91395,2,,,0,72,,91396,2,,,0,31,,91397,2,,,0,71,,91398,2,,,0,32,,91399,2,,,0,70,,91400,2,,,0,30,,91401,2,,,0,70,,91402,2,,,0,30,,91403,2,,,0,70,,91404,2,,,0,30,,91405,2,,,0,70,,91406,2,,,0,30,,91407,2,,,0,70,,91408,2,,,0,30,,91409,2,,,0,67,,91410,2,,,0,32,,91411,2,,,0,71,,91412,2,,,0,32,,91413,2,,,0,75,,91414,2,,,0,31,,91415,2,,,0,74,,91416,2,,,0,31,,91417,2,,,0,67,,91418,2,,,0,28,,91419,2,,,0,68,,91420,2,,,0,33,,91421,2,,,0,73,,91422,2,,,0,86,,91423,2,,,0,100,,91424,2,,,0,100,,91425,2,,,0,110,,91426,2,,,0
3000,'5458',543,,91427,2,,,0,90,,91428,2,,,0,72,,91429,2,,,0,31,,91430,2,,,0,71,,91431,2,,,0,32,,91432,2,,,0,70,,91433,2,,,0,30,,91434,2,,,0,70,,91435,2,,,0,30,,91436,2,,,0,70,,91437,2,,,0,30,,91438,2,,,0,70,,91439,2,,,0,30,,91440,2,,,0,70,,91441,2,,,0,30,,91442,2,,,0,67,,91443,2,,,0,32,,91444,2,,,0,71,,91445,2,,,0,32,,91446,2,,,0,75,,91447,2,,,0,31,,91448,2,,,0,74,,91449,2,,,0,31,,91450,2,,,0,67,,91451,2,,,0,28,,91452,2,,,0,68,,91453,2,,,0,33,,91454,2,,,0,73,,91455,2,,,0,86,,91456,2,,,0,100,,91457,2,,,0,100,,91458,2,,,0,110,,91459,2,,,0
3000,'5459',631,,91460,2,,,0,100,,91461,2,,,0,78,,91462,2,,,0,38,,91463,2,,,0,71,,91464,2,,,0,32,,91465,2,,,0,72,,91466,2,,,0,30,,91467,2,,,0,70,,91468,2,,,0,30,,91469,2,,,0,70,,91470,2,,,0,29,,91471,2,,,0,70,,91472,2,,,0,30,,91473,2,,,0,70,,91474,2,,,0,30,,91475,2,,,0,71,,91476,2,,,0,29,,91477,2,,,0,70,,91478,2,,,0,30,,91479,2,,,0,70,,91480,2,,,0,30,,91481,2,,,0,70,,91482,2,,,0,80,,91483,2,,,0,40,,91484,2,,,0,80,,91485,2,,,0,85,,91486,2,,,0,100,,91487,2,,,0,100,,91488,2,,,0,110,,91489,2,,,0
3000,'5460',742,,91490,2,,,0,100,,91491,2,,,0,84,,91492,2,,,0,80,,91493,2,,,0,40,,91494,2,,,0,75,,91495,2,,,0,30,,91496,2,,,0,70,,91497,2,,,0,30,,91498,2,,,0,70,,91499,2,,,0,30,,91500,2,,,0,70,,91501,2,,,0,30,,91502,2,,,0,70,,91503,2,,,0,30,,91504,2,,,0,70,,91505,2,,,0,30,,91506,2,,,0,70,,91507,2,,,0,30,,91508,2,,,0,70,,91509,2,,,0,80,,91510,2,,,0,40,,91511,2,,,0,80,,91512,2,,,0,87,,91513,2,,,0,98,,91514,2,,,0,100,,91515,2,,,0
3000,'5461',742,,91516,2,,,0,100,,91517,2,,,0,84,,91518,2,,,0,80,,91519,2,,,0,40,,91520,2,,,0,75,,91521,2,,,0,30,,91522,2,,,0,70,,91523,2,,,0,30,,91524,2,,,0,70,,91525,2,,,0,30,,91526,2,,,0,70,,91527,2,,,0,30,,91528,2,,,0,70,,91529,2,,,0,30,,91530,2,,,0,70,,91531,2,,,0,30,,91532,2,,,0,70,,91533,2,,,0,30,,91534,2,,,0,70,,91535,2,,,0,80,,91536,2,,,0,40,,91537,2,,,0,80,,91538,2,,,0,87,,91539,2,,,0,98,,91540,2,,,0,100,,91541,2,,,0
3000,'5462',742,,91542,2,,,0,100,,91543,2,,,0,84,,91544,2,,,0,80,,91545,2,,,0,40,,91546,2,,,0,75,,91547,2,,,0,30,,91548,2,,,0,70,,91549,2,,,0,30,,91550,2,,,0,70,,91551,2,,,0,30,,91552,2,,,0,70,,91553,2,,,0,30,,91554,2,,,0,70,,91555,2,,,0,30,,91556,2,,,0,70,,91557,2,,,0,30,,91558,2,,,0,70,,91559,2,,,0,30,,91560,2,,,0,70,,91561,2,,,0,80,,91562,2,,,0,40,,91563,2,,,0,80,,91564,2,,,0,87,,91565,2,,,0,98,,91566,2,,,0,100,,91567,2,,,0
3000,'5463',742,,91568,2,,,0,100,,91569,2,,,0,84,,91570,2,,,0,80,,91571,2,,,0,40,,91572,2,,,0,75,,91573,2,,,0,30,,91574,2,,,0,70,,91575,2,,,0,30,,91576,2,,,0,70,,91577,2,,,0,30,,91578,2,,,0,70,,91579,2,,,0,30,,91580,2,,,0,70,,91581,2,,,0,30,,91582,2,,,0,70,,91583,2,,,0,30,,91584,2,,,0,70,,91585,2,,,0,30,,91586,2,,,0,70,,91587,2,,,0,80,,91588,2,,,0,40,,91589,2,,,0,80,,91590,2,,,0,87,,91591,2,,,0,98,,91592,2,,,0,100,,91593,2,,,0
3100,'5456',613,,91796,2,,,0,36,,91797,2,,,0,72,,91798,2,,,0,30,,91799,2,,,0,72,,91800,2,,,0,31,,91801,2,,,0,70,,91802,2,,,0,30,,91803,2,,,0,70,,91804,2,,,0,30,,91805,2,,,0,70,,91806,2,,,0,30,,91807,2,,,0,70,,91808,2,,,0,30,,91809,2,,,0,70,,91810,2,,,0,28,,91811,2,,,0,70,,91812,2,,,0,31,,91813,2,,,0,72,,91814,2,,,0,34,,91815,2,,,0,73,,91816,2,,,0,72,,91817,2,,,0,33,,91818,2,,,0,69,,91819,2,,,0,27,,91820,2,,,0,68,,91821,2,,,0,28,,91822,2,,,0,77,,91823,2,,,0,38,,91824,2,,,0,94,,91825,2,,,0,99,,91826,2,,,0,115,,91827,2,,,0,95,,91828,2,,,0
3100,'5458',613,,91829,2,,,0,36,,91830,2,,,0,72,,91831,2,,,0,30,,91832,2,,,0,72,,91833,2,,,0,31,,91834,2,,,0,70,,91835,2,,,0,30,,91836,2,,,0,70,,91837,2,,,0,30,,91838,2,,,0,70,,91839,2,,,0,30,,91840,2,,,0,70,,91841,2,,,0,30,,91842,2,,,0,70,,91843,2,,,0,28,,91844,2,,,0,70,,91845,2,,,0,31,,91846,2,,,0,72,,91847,2,,,0,34,,91848,2,,,0,73,,91849,2,,,0,72,,91850,2,,,0,33,,91851,2,,,0,69,,91852,2,,,0,27,,91853,2,,,0,68,,91854,2,,,0,28,,91855,2,,,0,77,,91856,2,,,0,38,,91857,2,,,0,94,,91858,2,,,0,99,,91859,2,,,0,115,,91860,2,,,0,95,,91861,2,,,0
3100,'5459',701,,91862,2,,,0,48,,91863,2,,,0,81,,91864,2,,,0,73,,91865,2,,,0,31,,91866,2,,,0,72,,91867,2,,,0,32,,91868,2,,,0,69,,91869,2,,,0,30,,91870,2,,,0,70,,91871,2,,,0,30,,91872,2,,,0,69,,91873,2,,,0,30,,91874,2,,,0,70,,91875,2,,,0,30,,91876,2,,,0,71,,91877,2,,,0,29,,91878,2,,,0,70,,91879,2,,,0,30,,91880,2,,,0,70,,91881,2,,,0,30,,91882,2,,,0,70,,91883,2,,,0,35,,91884,2,,,0,80,,91885,2,,,0,80,,91886,2,,,0,40,,91887,2,,,0,95,,91888,2,,,0,100,,91889,2,,,0,118,,91890,2,,,0,92,,91891,2,,,0
3100,'5460',701,,91892,2,,,0,111,,91893,2,,,0,94,,91894,2,,,0,40,,91895,2,,,0,80,,91896,2,,,0,80,,91897,2,,,0,30,,91898,2,,,0,70,,91899,2,,,0,30,,91900,2,,,0,70,,91901,2,,,0,30,,91902,2,,,0,70,,91903,2,,,0,30,,91904,2,,,0,70,,91905,2,,,0,30,,91906,2,,,0,70,,91907,2,,,0,30,,91908,2,,,0,70,,91909,2,,,0,30,,91910,2,,,0,70,,91911,2,,,0,35,,91912,2,,,0,80,,91913,2,,,0,80,,91914,2,,,0,40,,91915,2,,,0,95,,91916,2,,,0,100,,91917,2,,,0,114,,91918,2,,,0
3100,'5461',701,,91919,2,,,0,111,,91920,2,,,0,94,,91921,2,,,0,40,,91922,2,,,0,80,,91923,2,,,0,80,,91924,2,,,0,30,,91925,2,,,0,70,,91926,2,,,0,30,,91927,2,,,0,70,,91928,2,,,0,30,,91929,2,,,0,70,,91930,2,,,0,30,,91931,2,,,0,70,,91932,2,,,0,30,,91933,2,,,0,70,,91934,2,,,0,30,,91935,2,,,0,70,,91936,2,,,0,30,,91937,2,,,0,70,,91938,2,,,0,35,,91939,2,,,0,80,,91940,2,,,0,80,,91941,2,,,0,40,,91942,2,,,0,95,,91943,2,,,0,100,,91944,2,,,0,114,,91945,2,,,0
3100,'5462',701,,91946,2,,,0,111,,91947,2,,,0,94,,91948,2,,,0,40,,91949,2,,,0,80,,91950,2,,,0,80,,91951,2,,,0,30,,91952,2,,,0,70,,91953,2,,,0,30,,91954,2,,,0,70,,91955,2,,,0,30,,91956,2,,,0,70,,91957,2,,,0,30,,91958,2,,,0,70,,91959,2,,,0,30,,91960,2,,,0,70,,91961,2,,,0,30,,91962,2,,,0,70,,91963,2,,,0,30,,91964,2,,,0,70,,91965,2,,,0,35,,91966,2,,,0,80,,91967,2,,,0,80,,91968,2,,,0,40,,91969,2,,,0,95,,91970,2,,,0,100,,91971,2,,,0,114,,91972,2,,,0
3100,'5463',701,,91973,2,,,0,111,,91974,2,,,0,94,,91975,2,,,0,40,,91976,2,,,0,80,,91977,2,,,0,80,,91978,2,,,0,30,,91979,2,,,0,70,,91980,2,,,0,30,,91981,2,,,0,70,,91982,2,,,0,30,,91983,2,,,0,70,,91984,2,,,0,30,,91985,2,,,0,70,,91986,2,,,0,30,,91987,2,,,0,70,,91988,2,,,0,30,,91989,2,,,0,70,,91990,2,,,0,30,,91991,2,,,0,70,,91992,2,,,0,35,,91993,2,,,0,80,,91994,2,,,0,80,,91995,2,,,0,40,,91996,2,,,0,95,,91997,2,,,0,100,,91998,2,,,0,114,,91999,2,,,0
7500,'5456',459,,95966,2,0,13 14,0,58,,95968,2,0,13 14,0,15,,95972,2,0,13 14,0,18,,95975,2,0,13 14,0,57,,95978,2,0,13 14,0,16,,95980,2,0,13 14,0,15,,95970,2,0,13 14,0,15,,95983,2,0,13 14,0,56,,95967,2,0,13 14,0,23,,95969,2,0,13 14,0,22,,95971,2,0,13 14,0,66,,95974,2,0,13 14,0,29,,95973,2,0,13 14,0,74,,95977,2,0,13 14,0,28,,95976,2,0,13 14,0,70,,95979,2,0,13 14,0,27,,95987,2,0,13 14,0,69,,95981,2,0,13 14,0,30,,95982,2,0,13 14,0,70,,95984,2,0,13 14,0,28,,95985,2,0,13 14,0,70,,95986,2,0,13 14,0,23,,95988,2,0,13 14,0,71,,95989,2,0,13 14,0,34,,95990,2,0,13 14,0,67,,95991,2,0,13 14,0,30,,95992,2,0,13 14,0,66,,96002,2,0,13 14,0,20,,95993,2,0,13 14,0,20,,95995,2,0,13 14,0,60,,95994,2,0,13 14,0,22,,96001,2,0,13 14,0,20,,95996,2,0,13 14,0,68,,95997,2,0,13 14,0,37,,95998,2,0,13 14,0,151,,95999,2,0,13 14,0,96,,96000,2,0,13 14,0,107,,96003,2,0,13 14,0,110,,96004,2,0,13 14,0
7500,'5458',459,,96005,2,0,13 14,0,58,,96007,2,0,13 14,0,15,,96011,2,0,13 14,0,18,,96014,2,0,13 14,0,57,,96017,2,0,13 14,0,16,,96019,2,0,13 14,0,15,,96009,2,0,13 14,0,15,,96022,2,0,13 14,0,56,,96006,2,0,13 14,0,23,,96008,2,0,13 14,0,22,,96010,2,0,13 14,0,66,,96013,2,0,13 14,0,29,,96012,2,0,13 14,0,74,,96016,2,0,13 14,0,28,,96015,2,0,13 14,0,70,,96018,2,0,13 14,0,27,,96026,2,0,13 14,0,69,,96020,2,0,13 14,0,30,,96021,2,0,13 14,0,70,,96023,2,0,13 14,0,28,,96024,2,0,13 14,0,70,,96025,2,0,13 14,0,23,,96027,2,0,13 14,0,71,,96028,2,0,13 14,0,34,,96029,2,0,13 14,0,67,,96030,2,0,13 14,0,30,,96031,2,0,13 14,0,66,,96041,2,0,13 14,0,20,,96032,2,0,13 14,0,20,,96034,2,0,13 14,0,60,,96033,2,0,13 14,0,22,,96040,2,0,13 14,0,20,,96035,2,0,13 14,0,68,,96036,2,0,13 14,0,37,,96037,2,0,13 14,0,151,,96038,2,0,13 14,0,96,,96039,2,0,13 14,0,107,,96042,2,0,13 14,0,110,,96043,2,0,13 14,0
7500,'5459',611,,96045,2,0,13 14,0,93,,96046,2,0,13 14,0,97,,96047,2,0,13 14,0,53,,96044,2,0,13 14,0,97,,96048,2,0,13 14,0,98,,96049,2,0,13 14,0,70,,96050,2,0,13 14,0,30,,96051,2,0,13 14,0,69,,96052,2,0,13 14,0,31,,96053,2,0,13 14,0,63,,96054,2,0,13 14,0,36,,96055,2,0,13 14,0,70,,96056,2,0,13 14,0,30,,96057,2,0,13 14,0,71,,96058,2,0,13 14,0,30,,96059,2,0,13 14,0,101,,96060,2,0,13 14,0,103,,96061,2,0,13 14,0,102,,96062,2,0,13 14,0,145,,96063,2,0,13 14,0,58,,96064,2,0,13 14,0,147,,96065,2,0,13 14,0,103,,96066,2,0,13 14,0
7500,'5460',606,,96067,2,0,13 14,0,97,,96068,2,0,13 14,0,101,,96069,2,0,13 14,0,52,,96070,2,0,13 14,0,97,,96071,2,0,13 14,0,99,,96072,2,0,13 14,0,69,,96073,2,0,13 14,0,30,,96074,2,0,13 14,0,69,,96075,2,0,13 14,0,29,,96076,2,0,13 14,0,70,,96077,2,0,13 14,0,30,,96078,2,0,13 14,0,69,,96079,2,0,13 14,0,30,,96080,2,0,13 14,0,100,,96081,2,0,13 14,0,101,,96082,2,0,13 14,0,107,,96083,2,0,13 14,0,144,,96084,2,0,13 14,0,104,,96085,2,0,13 14,0,97,,96086,2,0,13 14,0,135,,96087,2,0,13 14,0
7500,'5461',606,,96088,2,0,13 14,0,97,,96089,2,0,13 14,0,101,,96090,2,0,13 14,0,52,,96091,2,0,13 14,0,97,,96092,2,0,13 14,0,99,,96093,2,0,13 14,0,69,,96094,2,0,13 14,0,30,,96095,2,0,13 14,0,69,,96096,2,0,13 14,0,29,,96097,2,0,13 14,0,70,,96098,2,0,13 14,0,30,,96099,2,0,13 14,0,69,,96100,2,0,13 14,0,30,,96101,2,0,13 14,0,100,,96102,2,0,13 14,0,101,,96103,2,0,13 14,0,107,,96104,2,0,13 14,0,144,,96105,2,0,13 14,0,104,,96106,2,0,13 14,0,97,,96107,2,0,13 14,0,135,,96108,2,0,13 14,0
7500,'5462',606,,96109,2,0,13 14,0,97,,96110,2,0,13 14,0,101,,96111,2,0,13 14,0,52,,96112,2,0,13 14,0,97,,96113,2,0,13 14,0,99,,96114,2,0,13 14,0,69,,96115,2,0,13 14,0,30,,96116,2,0,13 14,0,69,,96117,2,0,13 14,0,29,,96118,2,0,13 14,0,70,,96119,2,0,13 14,0,30,,96120,2,0,13 14,0,69,,96121,2,0,13 14,0,30,,96122,2,0,13 14,0,100,,96123,2,0,13 14,0,101,,96124,2,0,13 14,0,107,,96125,2,0,13 14,0,144,,96126,2,0,13 14,0,104,,96127,2,0,13 14,0,97,,96128,2,0,13 14,0,135,,96129,2,0,13 14,0
7500,'5463',606,,96130,2,0,13 14,0,97,,96131,2,0,13 14,0,101,,96132,2,0,13 14,0,52,,96133,2,0,13 14,0,97,,96134,2,0,13 14,0,99,,96135,2,0,13 14,0,69,,96136,2,0,13 14,0,30,,96137,2,0,13 14,0,69,,96138,2,0,13 14,0,29,,96139,2,0,13 14,0,70,,96140,2,0,13 14,0,30,,96141,2,0,13 14,0,69,,96142,2,0,13 14,0,30,,96143,2,0,13 14,0,100,,96144,2,0,13 14,0,101,,96145,2,0,13 14,0,107,,96146,2,0,13 14,0,144,,96147,2,0,13 14,0,104,,96148,2,0,13 14,0,97,,96149,2,0,13 14,0,135,,96150,2,0,13 14,0
