7001,'5456',658,,95451,2,,,0,143,,95461,2,,,0,55,,95452,2,,,0,100,,95458,2,,,0,102,,95453,2,,,0,100,,95454,2,,,0,100,,95455,2,,,0,100,,95456,2,,,0,100,,95457,2,,,0,99,,95459,2,,,0,71,,95463,2,,,0,73,,95460,2,,,0,100,,95462,2,,,0,100,,95464,2,,,0,200,,95465,2,,,0,200,,95466,2,,,0
7001,'5458',658,,95467,2,,,0,143,,95477,2,,,0,55,,95468,2,,,0,100,,95474,2,,,0,102,,95469,2,,,0,100,,95470,2,,,0,100,,95471,2,,,0,100,,95472,2,,,0,100,,95473,2,,,0,99,,95475,2,,,0,71,,95479,2,,,0,73,,95476,2,,,0,100,,95478,2,,,0,100,,95480,2,,,0,200,,95481,2,,,0,200,,95482,2,,,0
7001,'5459',856,,95483,2,,,0,102,,95484,2,,,0,100,,95485,2,,,0,100,,95486,2,,,0,100,,95487,2,,,0,143,,95488,2,,,0,101,,95489,2,,,0,99,,95490,2,,,0,57,,95491,2,,,0,100,,95492,2,,,0,100,,95493,2,,,0,200,,95494,2,,,0,200,,95495,2,,,0
7001,'5460',856,,95496,2,,,0,200,,95497,2,,,0,100,,95498,2,,,0,102,,95499,2,,,0,100,,95500,2,,,0,100,,95501,2,,,0,100,,95502,2,,,0,143,,95503,2,,,0,100,,95504,2,,,0,100,,95505,2,,,0,100,,95506,2,,,0,100,,95507,2,,,0,200,,95508,2,,,0,100,,95509,2,,,0
7001,'5461',856,,95510,2,,,0,100,,95524,2,,,0,100,,95511,2,,,0,100,,95512,2,,,0,102,,95513,2,,,0,100,,95514,2,,,0,100,,95515,2,,,0,100,,95516,2,,,0,143,,95517,2,,,0,100,,95518,2,,,0,100,,95519,2,,,0,100,,95520,2,,,0,100,,95521,2,,,0,57,,95525,2,,,0,143,,95522,2,,,0,100,,95523,2,,,0
7001,'5462',856,,95526,2,,,0,100,,95540,2,,,0,100,,95527,2,,,0,100,,95528,2,,,0,102,,95529,2,,,0,100,,95530,2,,,0,100,,95531,2,,,0,100,,95532,2,,,0,143,,95533,2,,,0,100,,95534,2,,,0,100,,95535,2,,,0,100,,95536,2,,,0,100,,95537,2,,,0,57,,95541,2,,,0,143,,95538,2,,,0,100,,95539,2,,,0
7001,'5463',856,,95542,2,,,0,200,,95543,2,,,0,100,,95544,2,,,0,102,,95545,2,,,0,100,,95546,2,,,0,100,,95547,2,,,0,100,,95548,2,,,0,143,,95549,2,,,0,100,,95550,2,,,0,100,,95551,2,,,0,100,,95552,2,,,0,100,,95553,2,,,0,200,,95554,2,,,0,100,,95555,2,,,0
7101,'5456',555,,95562,2,,,0,70,,95563,2,,,0,85,,95564,2,,,0
7101,'5458',555,,95565,2,,,0,70,,95566,2,,,0,85,,95567,2,,,0
7201,'5456',531,,95769,2,,,0,80,,95772,2,,,0,30,,95770,2,,,0,70,,95774,2,,,0,30,,95784,2,,,0,61,,95779,2,,,0,27,,95771,2,,,0,30,,95773,2,,,0,70,,95777,2,,,0,30,,95775,2,,,0,70,,95776,2,,,0,73,,95783,2,,,0,30,,95778,2,,,0,70,,95780,2,,,0,30,,95781,2,,,0,70,,95788,2,,,0,30,,95791,2,,,0,70,,95782,2,,,0,30,,95793,2,,,0,70,,95797,2,,,0,30,,95785,2,,,0,69,,95786,2,,,0,32,,95792,2,,,0,71,,95800,2,,,0,30,,95787,2,,,0,70,,95794,2,,,0,30,,95796,2,,,0,70,,95789,2,,,0,30,,95790,2,,,0,70,,95799,2,,,0,30,,95801,2,,,0,70,,95795,2,,,0
7201,'5458',531,,95803,2,,,0,80,,95806,2,,,0,30,,95804,2,,,0,70,,95808,2,,,0,30,,95819,2,,,0,61,,95813,2,,,0,27,,95805,2,,,0,30,,95807,2,,,0,70,,95811,2,,,0,30,,95809,2,,,0,70,,95810,2,,,0,73,,95818,2,,,0,30,,95812,2,,,0,70,,95814,2,,,0,30,,95815,2,,,0,70,,95823,2,,,0,30,,95826,2,,,0,70,,95817,2,,,0,30,,95828,2,,,0,70,,95832,2,,,0,30,,95820,2,,,0,69,,95821,2,,,0,32,,95827,2,,,0,71,,95835,2,,,0,30,,95822,2,,,0,70,,95829,2,,,0,30,,95831,2,,,0,70,,95824,2,,,0,30,,95825,2,,,0,70,,95834,2,,,0,30,,95836,2,,,0,70,,95830,2,,,0
7201,'5459',559,,95865,2,,,0,100,,95838,2,,,0,100,,95839,2,,,0,73,,95840,2,,,0,70,,95841,2,,,0,30,,95842,2,,,0,70,,95843,2,,,0,30,,95844,2,,,0,70,,95845,2,,,0,30,,95846,2,,,0,70,,95837,2,,,0,30,,95847,2,,,0,70,,95848,2,,,0,30,,95849,2,,,0,75,,95850,2,,,0,30,,95851,2,,,0,70,,95852,2,,,0,30,,95853,2,,,0,70,,95854,2,,,0,25,,95855,2,,,0,70,,95856,2,,,0,30,,95857,2,,,0,70,,95858,2,,,0,30,,95859,2,,,0,70,,95860,2,,,0,30,,95861,2,,,0,70,,95862,2,,,0,30,,95863,2,,,0,70,,95864,2,,,0
7201,'5460',659,,95867,2,,,0,100,,95868,2,,,0,100,,95869,2,,,0,143,,95870,2,,,0,100,,95872,2,,,0,30,,95873,2,,,0,70,,95866,2,,,0,30,,95871,2,,,0,70,,95874,2,,,0,30,,95876,2,,,0,70,,95877,2,,,0,30,,95878,2,,,0,70,,95875,2,,,0,30,,95879,2,,,0,70,,95880,2,,,0,30,,95881,2,,,0,75,,95882,2,,,0,28,,95883,2,,,0,72,,95884,2,,,0,30,,95885,2,,,0,70,,95887,2,,,0,30,,95886,2,,,0,70,,95888,2,,,0,30,,95889,2,,,0,70,,95890,2,,,0
7201,'5461',659,,95892,2,,,0,100,,95893,2,,,0,100,,95894,2,,,0,143,,95895,2,,,0,100,,95897,2,,,0,30,,95898,2,,,0,70,,95891,2,,,0,30,,95896,2,,,0,70,,95899,2,,,0,30,,95901,2,,,0,70,,95902,2,,,0,30,,95903,2,,,0,70,,95900,2,,,0,30,,95904,2,,,0,70,,95905,2,,,0,30,,95906,2,,,0,75,,95907,2,,,0,28,,95908,2,,,0,72,,95909,2,,,0,30,,95910,2,,,0,70,,95912,2,,,0,30,,95911,2,,,0,70,,95913,2,,,0,30,,95914,2,,,0,70,,95915,2,,,0
7201,'5462',659,,95917,2,,,0,100,,95918,2,,,0,100,,95919,2,,,0,143,,95920,2,,,0,100,,95922,2,,,0,30,,95923,2,,,0,70,,95916,2,,,0,30,,95921,2,,,0,70,,95924,2,,,0,30,,95926,2,,,0,70,,95927,2,,,0,30,,95928,2,,,0,70,,95925,2,,,0,30,,95929,2,,,0,70,,95930,2,,,0,30,,95931,2,,,0,75,,95932,2,,,0,28,,95933,2,,,0,72,,95934,2,,,0,30,,95935,2,,,0,70,,95937,2,,,0,30,,95936,2,,,0,70,,95938,2,,,0,30,,95939,2,,,0,70,,95940,2,,,0
7201,'5463',659,,95942,2,,,0,100,,95943,2,,,0,100,,95944,2,,,0,143,,95945,2,,,0,100,,95947,2,,,0,30,,95948,2,,,0,70,,95941,2,,,0,30,,95946,2,,,0,70,,95949,2,,,0,30,,95951,2,,,0,70,,95952,2,,,0,30,,95953,2,,,0,70,,95950,2,,,0,30,,95954,2,,,0,70,,95955,2,,,0,30,,95956,2,,,0,75,,95957,2,,,0,28,,95958,2,,,0,72,,95959,2,,,0,30,,95960,2,,,0,70,,95962,2,,,0,30,,95961,2,,,0,70,,95963,2,,,0,30,,95964,2,,,0,70,,95965,2,,,0
8101,'5456',651,,96447,2,,,0,251,,96448,2,,,0,103,,96450,2,,,0,97,,96451,2,,,0,100,,96452,2,,,0,100,,96453,2,,,0,100,,96454,2,,,0,100,,96455,2,,,0,100,,96456,2,,,0,100,,96457,2,,,0,100,,96458,2,,,0,99,,96459,2,,,0,101,,96460,2,,,0,99,,96461,2,,,0
8101,'5458',651,,96463,2,,,0,251,,96464,2,,,0,103,,96466,2,,,0,97,,96467,2,,,0,100,,96468,2,,,0,100,,96469,2,,,0,100,,96470,2,,,0,100,,96471,2,,,0,100,,96472,2,,,0,100,,96473,2,,,0,100,,96474,2,,,0,99,,96475,2,,,0,101,,96476,2,,,0,99,,96477,2,,,0
8101,'5459',901,,96478,2,,,0,103,,96479,2,,,0,100,,96480,2,,,0,100,,96481,2,,,0,100,,96482,2,,,0,103,,96483,2,,,0,100,,96484,2,,,0,100,,96485,2,,,0,97,,96486,2,,,0,97,,96487,2,,,0,100,,96488,2,,,0,100,,96489,2,,,0,100,,96490,2,,,0
8101,'5460',901,,96491,2,,,0,101,,96492,2,,,0,102,,96493,2,,,0,100,,96494,2,,,0,100,,96495,2,,,0,100,,96496,2,,,0,100,,96497,2,,,0,100,,96498,2,,,0,103,,96499,2,,,0,100,,96500,2,,,0,100,,96501,2,,,0,100,,96502,2,,,0,100,,96503,2,,,0
8101,'5461',901,,96504,2,,,0,101,,96505,2,,,0,102,,96506,2,,,0,100,,96507,2,,,0,100,,96508,2,,,0,100,,96509,2,,,0,100,,96510,2,,,0,100,,96511,2,,,0,103,,96512,2,,,0,100,,96513,2,,,0,100,,96514,2,,,0,100,,96515,2,,,0,100,,96516,2,,,0
8101,'5462',901,,96517,2,,,0,101,,96518,2,,,0,102,,96519,2,,,0,100,,96520,2,,,0,100,,96521,2,,,0,100,,96522,2,,,0,100,,96523,2,,,0,100,,96524,2,,,0,103,,96525,2,,,0,100,,96526,2,,,0,100,,96527,2,,,0,100,,96528,2,,,0,100,,96529,2,,,0
8101,'5463',901,,96530,2,,,0,101,,96531,2,,,0,102,,96532,2,,,0,100,,96533,2,,,0,100,,96534,2,,,0,100,,96535,2,,,0,100,,96536,2,,,0,100,,96537,2,,,0,103,,96538,2,,,0,100,,96539,2,,,0,100,,96540,2,,,0,100,,96541,2,,,0,100,,96542,2,,,0
1007201,'5456',2202,,98265,2,,,0,99,,98267,2,,,0,100,,98266,2,,,0
1007201,'5458',2202,,98268,2,,,0,99,,98270,2,,,0,100,,98269,2,,,0
1007201,'5459',2202,,98271,2,,,0,99,,98272,2,,,0,100,,98273,2,,,0
1007201,'5460',2202,,98274,2,,,0,100,,98275,2,,,0
1007201,'5461',2202,,98276,2,,,0,100,,98277,2,,,0
1007201,'5462',2202,,98278,2,,,0,100,,98279,2,,,0
1007201,'5463',2202,,98280,2,,,0,100,,98281,2,,,0
24007001,'5458',1256,,98631,2,,,0,200,,98632,2,,,0,202,,98633,2,,,0,200,,98635,2,,,0,200,,98634,2,,,0
24007001,'5459',1056,,98636,2,,,0,200,,98637,2,,,0,202,,98638,2,,,0,198,,98639,2,,,0,200,,98640,2,,,0,200,,98641,2,,,0
24007001,'5460',1054,,98643,2,,,0,202,,98644,2,,,0,200,,98645,2,,,0,202,,98646,2,,,0,200,,98647,2,,,0,200,,98648,2,,,0
24007001,'5461',1054,,98650,2,,,0,104,,98657,2,,,0,98,,98651,2,,,0,100,,98659,2,,,0,100,,98652,2,,,0,100,,98658,2,,,0,102,,98653,2,,,0,100,,98660,2,,,0,100,,98654,2,,,0,200,,98655,2,,,0
24007001,'5462',1054,,98661,2,,,0,104,,98668,2,,,0,98,,98662,2,,,0,100,,98670,2,,,0,100,,98663,2,,,0,100,,98669,2,,,0,102,,98664,2,,,0,100,,98671,2,,,0,100,,98665,2,,,0,200,,98666,2,,,0
24007001,'5463',1054,,98672,2,,,0,104,,98679,2,,,0,98,,98673,2,,,0,200,,98674,2,,,0,100,,98680,2,,,0,102,,98675,2,,,0,200,,98676,2,,,0,200,,98677,2,,,0
