800,'5456',625,,85019,10,,,0,86,,85020,10,,,0,29,,85021,10,,,0,19,,85043,10,,,0,61,,85023,10,,,0,90,,85022,10,,,0,35,,85025,10,,,0,83,,85024,10,,,0,83,,85026,10,,,0,34,,85029,10,,,0,84,,85027,10,,,0,85,,85028,10,,,0,43,,85031,10,,,0,86,,85044,10,0,16,0,14,,85030,10,,,0,82,,85033,10,,,0,84,,85032,10,,,0,33,,85035,10,,,0,74,,85034,10,,,0,73,,85037,10,,,0,33,,85036,10,,,0,71,,85038,10,,,0,95,,85039,10,,,0,43,,85040,10,,,0,97,,85041,10,,,0,83,,85042,10,,,0
800,'5458',625,,85045,10,,,0,86,,85046,10,,,0,29,,85047,10,,,0,19,,85069,10,,,0,61,,85049,10,,,0,90,,85048,10,,,0,35,,85051,10,,,0,83,,85050,10,,,0,83,,85052,10,,,0,34,,85055,10,,,0,84,,85053,10,,,0,85,,85054,10,,,0,43,,85057,10,,,0,86,,85070,10,0,16,0,14,,85056,10,,,0,82,,85059,10,,,0,84,,85058,10,,,0,33,,85061,10,,,0,74,,85060,10,,,0,73,,85063,10,,,0,33,,85062,10,,,0,71,,85064,10,,,0,95,,85065,10,,,0,43,,85066,10,,,0,97,,85067,10,,,0,83,,85068,10,,,0
900,'5456',723,,85244,17,,,0,82,,85242,17,,,0
900,'5458',723,,85249,17,,,0,82,,85247,17,,,0
2101,'5456',552,,88315,10,,,0,68,,88331,10,,,0,22,,88317,10,,,0,14,,88346,10,,,0,56,,88316,14,,,0,14,,88356,14,,,0,16,,88339,14,,,0,17,,88319,14,,,0,55,,88343,14,,,0,17,,88330,14,,,0,17,,88353,14,,,0,61,,88320,14,,,0,20,,88321,10,,,0,20,,88357,14,,,0,59,,88338,10,,,0,20,,88318,14,,,0,20,,88344,10,,,0,61,,88351,14,,,0,20,,88322,10,,,0,20,,88323,14,,,0,63,,88360,10,,,0,20,,88337,14,,,0,20,,88324,10,,,0,61,,88345,14,,,0,20,,88352,10,,,0,21,,88325,14,,,0,62,,88326,10,,,0,19,,88363,14,,,0,19,,88355,14,,,0,58,,88333,14,,,0,14,,88329,10,,,0,24,,88364,14,,,0,59,,88341,14,,,0,17,,88347,14,,,0,20,,88327,14,,,0,55,,88328,14,,,0,19,,88362,10,,,0,19,,88361,14,,,0,20,,88340,14,,,0,58,,88332,14,,,0,31,,88348,10,,,0,71,,88334,10,,,0,32,,88358,10,,,0,70,,88335,10,,,0,30,,88349,10,,,0,70,,88336,10,,,0,32,,88359,10,,,0,69,,88342,10,,,0,30,,88350,10,,,0,106,,88354,10,,,0
2101,'5458',552,,88365,10,,,0,68,,88381,10,,,0,22,,88367,10,,,0,14,,88396,10,,,0,56,,88366,14,,,0,14,,88406,14,,,0,16,,88389,14,,,0,17,,88369,14,,,0,55,,88393,14,,,0,17,,88380,14,,,0,17,,88403,14,,,0,61,,88370,14,,,0,20,,88371,10,,,0,20,,88407,14,,,0,59,,88388,10,,,0,20,,88368,14,,,0,20,,88394,10,,,0,61,,88401,14,,,0,20,,88372,10,,,0,20,,88373,14,,,0,63,,88410,10,,,0,20,,88387,14,,,0,20,,88374,10,,,0,61,,88395,14,,,0,20,,88402,10,,,0,21,,88375,14,,,0,62,,88376,10,,,0,19,,88413,14,,,0,19,,88405,14,,,0,58,,88383,14,,,0,14,,88379,10,,,0,24,,88414,14,,,0,59,,88391,14,,,0,17,,88397,14,,,0,20,,88377,14,,,0,55,,88378,14,,,0,19,,88412,10,,,0,19,,88411,14,,,0,20,,88390,14,,,0,58,,88382,14,,,0,31,,88398,10,,,0,71,,88384,10,,,0,32,,88408,10,,,0,70,,88385,10,,,0,30,,88399,10,,,0,70,,88386,10,,,0,32,,88409,10,,,0,69,,88392,10,,,0,30,,88400,10,,,0,106,,88404,10,,,0
2101,'5459',642,,88445,10,,,0,70,,88427,10,,,0,31,,88436,10,,,0,70,,88419,10,,,0,30,,88446,10,,,0,69,,88428,10,,,0,29,,88437,10,,,0,67,,88415,10,,,0,28,,88417,10,,,0,69,,88438,10,,,0,30,,88422,10,,,0,69,,88430,10,,,0,28,,88416,10,,,0,70,,88418,10,,,0,28,,88439,10,,,0,70,,88423,10,,,0,32,,88431,10,,,0,71,,88420,10,,,0,30,,88421,10,,,0,74,,88440,10,,,0,30,,88424,10,,,0,69,,88433,10,,,0,31,,88426,10,,,0,71,,88425,10,,,0,31,,88441,10,,,0,71,,88429,10,,,0,36,,88432,10,,,0,76,,88434,10,,,0,29,,88443,10,,,0,70,,88435,10,,,0,32,,88444,10,,,0,70,,88442,10,,,0,30,,88447,10,,,0,105,,88448,10,,,0
2101,'5460',650,,88462,10,,,0,80,,88452,10,,,0,80,,88463,10,,,0,36,,88461,10,,,0,64,,88449,10,,,0,27,,88451,10,,,0,70,,88464,10,,,0,29,,88450,10,,,0,70,,88465,10,,,0,29,,88454,10,,,0,70,,88453,10,,,0,30,,88466,10,,,0,68,,88455,10,,,0,29,,88467,10,,,0,70,,88468,10,,,0,30,,88469,10,,,0,71,,88457,10,,,0,32,,88458,10,,,0,73,,88459,10,,,0,30,,88460,10,,,0,71,,88456,10,,,0,30,,88470,10,,,0,72,,88471,10,,,0,35,,88472,10,,,0,105,,88473,10,,,0,101,,88474,10,,,0,103,,88475,10,,,0,100,,88476,10,,,0,103,,88477,10,,,0
2101,'5461',650,,88491,10,,,0,80,,88481,10,,,0,80,,88492,10,,,0,36,,88490,10,,,0,64,,88478,10,,,0,27,,88480,10,,,0,70,,88493,10,,,0,29,,88479,10,,,0,70,,88494,10,,,0,29,,88483,10,,,0,70,,88482,10,,,0,30,,88495,10,,,0,68,,88484,10,,,0,29,,88496,10,,,0,70,,88497,10,,,0,30,,88498,10,,,0,71,,88486,10,,,0,32,,88487,10,,,0,73,,88488,10,,,0,30,,88489,10,,,0,71,,88485,10,,,0,30,,88499,10,,,0,72,,88500,10,,,0,35,,88501,10,,,0,105,,88502,10,,,0,101,,88503,10,,,0,103,,88504,10,,,0,100,,88505,10,,,0,103,,88506,10,,,0
2101,'5462',650,,88520,10,,,0,80,,88510,10,,,0,80,,88521,10,,,0,36,,88519,10,,,0,64,,88507,10,,,0,27,,88509,10,,,0,70,,88522,10,,,0,29,,88508,10,,,0,70,,88523,10,,,0,29,,88512,10,,,0,70,,88511,10,,,0,30,,88524,10,,,0,68,,88513,10,,,0,29,,88525,10,,,0,70,,88526,10,,,0,30,,88527,10,,,0,71,,88515,10,,,0,32,,88516,10,,,0,73,,88517,10,,,0,30,,88518,10,,,0,71,,88514,10,,,0,30,,88528,10,,,0,72,,88529,10,,,0,35,,88530,10,,,0,105,,88531,10,,,0,101,,88532,10,,,0,103,,88533,10,,,0,100,,88534,10,,,0,103,,88535,10,,,0
2101,'5463',650,,88549,10,,,0,80,,88539,10,,,0,80,,88550,10,,,0,36,,88548,10,,,0,64,,88536,10,,,0,27,,88538,10,,,0,70,,88551,10,,,0,29,,88537,10,,,0,70,,88552,10,,,0,29,,88541,10,,,0,70,,88540,10,,,0,30,,88553,10,,,0,68,,88542,10,,,0,29,,88554,10,,,0,70,,88555,10,,,0,30,,88556,10,,,0,71,,88544,10,,,0,32,,88545,10,,,0,73,,88546,10,,,0,30,,88547,10,,,0,71,,88543,10,,,0,30,,88557,10,,,0,72,,88558,10,,,0,35,,88559,10,,,0,105,,88560,10,,,0,101,,88561,10,,,0,103,,88562,10,,,0,100,,88563,10,,,0,103,,88564,10,,,0
