6100,'5456',523,,94909,26,,,0,36,,94907,26,,,0,52,,94908,26,,,0,21,,103334,26,,,0,20,,94900,26,,,0,60,,94895,26,,,0,19,,94894,26,,,0,28,,94893,26,,,0,59,,94913,8,0,30 14,0,41,,94906,8,0,30 14,0,76,,94902,8,0,30 14,0,24,,94911,8,0,30 14,0,76,,94896,8,0,30 14,0,88,,94903,8,0,30 14,0,36,,94910,8,0,30 14,0,75,,94897,8,0,30 14,0,74,,94904,8,0,30 14,0,39,,94912,8,0,30 14,0,69,,94898,8,0,30 14,0,39,,94905,8,0,30 14,0,72,,94892,8,0,30 14,0,28,,94914,8,0,30 14,0,55,,94891,8,0,30 14,0,27,,94890,8,0,30 14,0,79,,94887,8,0,30 14,0,30,,103333,8,0,30 14,0,65,,103332,8,0,30 14,0,28,,94882,8,0,30 14,0,72,,94881,8,0,30 14,0,31,,94888,8,0,30 14,0,70,,103330,8,0,30 14,0,95,,94878,8,0,30 14,0,41,,103331,8,0,30 14,0,104,,103328,8,0,30 14,0,73,,94885,8,0,30 14,0,100,,103329,8,0,30 14,0,75,,94886,8,0,30 14,0
6100,'5458',523,,94948,26,,,0,36,,94946,26,,,0,52,,94947,26,,,0,21,,103342,26,,,0,20,,94939,26,,,0,60,,94934,26,,,0,19,,94933,26,,,0,28,,94932,26,,,0,59,,94952,8,0,30 14,0,41,,94945,8,0,30 14,0,76,,94941,8,0,30 14,0,24,,94950,8,0,30 14,0,76,,94935,8,0,30 14,0,88,,94942,8,0,30 14,0,36,,94949,8,0,30 14,0,75,,94936,8,0,30 14,0,74,,94943,8,0,30 14,0,39,,94951,8,0,30 14,0,69,,94937,8,0,30 14,0,27,,94931,8,0,30 14,0,12,,94944,8,0,30 14,0,72,,94930,8,0,30 14,0,83,,94929,8,0,30 14,0,27,,94928,8,0,30 14,0,79,,94925,8,0,30 14,0,30,,103341,8,0,30 14,0,65,,103340,8,0,30 14,0,28,,94920,8,0,30 14,0,72,,94919,8,0,30 14,0,31,,94926,8,0,30 14,0,70,,103338,8,0,30 14,0,95,,94916,8,0,30 14,0,41,,103339,8,0,30 14,0,104,,103336,8,0,30 14,0,73,,94923,8,0,30 14,0,100,,103337,8,0,30 14,0,75,,94924,8,0,30 14,0,100,,103335,8,0,30,0
6100,'5459',636,,94954,8,0,30 14,0,99,,94955,8,0,30 14,0,82,,94953,8,0,30 14,0,97,,94956,8,0,30 14,0,95,,94957,8,0,30 14,0,42,,94958,8,0,30 14,0,75,,103343,8,0,30 14,0,87,,94960,8,0,30 14,0,35,,94961,8,0,30 14,0,75,,103344,8,0,30 14,0,36,,94963,8,0,30 14,0,77,,94964,8,0,30 14,0,77,,103345,8,0,30 14,0,37,,94966,8,0,30 14,0,66,,94967,8,0,30 14,0,38,,94968,8,0,30 14,0,81,,94969,8,0,30 14,0,72,,94970,8,0,30 14,0,31,,94971,8,0,30 14,0,71,,94972,8,0,30 14,0,33,,94973,8,0,30 14,0,83,,94974,8,0,30 14,0,81,,94975,8,0,30 14,0,41,,94976,8,0,30 14,0,104,,94977,8,0,30 14,0,73,,94978,8,0,30 14,0,100,,94979,8,0,30 14,0,78,,94980,8,0,30,0,100,,94981,8,0,30,0
6100,'5460',640,,94982,8,0,30 14,0,104,,94983,8,0,30 14,0,83,,94984,8,0,30 14,0,95,,94985,8,0,30 14,0,82,,94986,8,0,30 14,0,46,,94987,8,0,30 14,0,97,,94988,8,0,30 14,0,82,,94989,8,0,30 14,0,101,,94990,8,0,30 14,0,94,,94991,8,0,30 14,0,103,,94992,8,0,30 14,0,79,,94993,8,0,30 14,0,102,,94994,8,0,30 14,0,46,,94995,8,0,30 14,0,103,,94996,8,0,30 14,0,86,,94997,8,0,30 14,0,86,,94998,8,0,30 14,0,101,,94999,8,0,30 14,0,94,,95000,8,0,30 14,0,101,,95001,8,0,30 14,0,75,,95002,8,0,30,0
6100,'5461',640,,103346,8,0,30 14,0,104,,95004,8,0,30 14,0,83,,95005,8,0,30 14,0,95,,95006,8,0,30 14,0,82,,95007,8,0,30 14,0,46,,95008,8,0,30 14,0,97,,95009,8,0,30 14,0,82,,95010,8,0,30 14,0,101,,95011,8,0,30 14,0,94,,95012,8,0,30 14,0,103,,95013,8,0,30 14,0,79,,95014,8,0,30 14,0,102,,95015,8,0,30 14,0,46,,95016,8,0,30 14,0,103,,95017,8,0,30 14,0,86,,95018,8,0,30 14,0,86,,95019,8,0,30 14,0,101,,95020,8,0,30 14,0,94,,95021,8,0,30 14,0,101,,95022,8,0,30 14,0,75,,95023,8,0,30,0
6100,'5462',640,,103347,8,0,30 14,0,104,,95025,8,0,30 14,0,83,,95026,8,0,30 14,0,95,,95027,8,0,30 14,0,82,,95028,8,0,30 14,0,46,,95029,8,0,30 14,0,97,,95030,8,0,30 14,0,82,,95031,8,0,30 14,0,101,,95032,8,0,30 14,0,94,,95033,8,0,30 14,0,103,,95034,8,0,30 14,0,79,,95035,8,0,30 14,0,102,,95036,8,0,30 14,0,46,,95037,8,0,30 14,0,103,,95038,8,0,30 14,0,86,,95039,8,0,30 14,0,86,,95040,8,0,30 14,0,101,,95041,8,0,30 14,0,94,,95042,8,0,30 14,0,101,,95043,8,0,30 14,0,75,,95044,8,0,30,0
6100,'5463',640,,103348,8,0,30 14,0,104,,95046,8,0,30 14,0,83,,95047,8,0,30 14,0,95,,95048,8,0,30 14,0,82,,95049,8,0,30 14,0,46,,95050,8,0,30 14,0,97,,95051,8,0,30 14,0,82,,95052,8,0,30 14,0,101,,95053,8,0,30 14,0,94,,95054,8,0,30 14,0,103,,95055,8,0,30 14,0,79,,95056,8,0,30 14,0,102,,95057,8,0,30 14,0,46,,95058,8,0,30 14,0,103,,95059,8,0,30 14,0,86,,95060,8,0,30 14,0,86,,95061,8,0,30 14,0,101,,95062,8,0,30 14,0,94,,95063,8,0,30 14,0,101,,95064,8,0,30 14,0,75,,95065,8,0,30,0
6400,'5456',855,,103373,8,0,32 33,0,295,,103372,23,,,0,372,,95262,23,0,32 33,0,208,,95263,8,,,0
6400,'5458',855,,103376,8,0,32 33,0,295,,103375,23,,,0,372,,95269,23,0,32 33,0,208,,95270,8,,,0
6500,'5456',543,,103386,17,,,0,94,,95290,17,,,0,21,,95289,17,,,0,83,,95288,17,,,0
6500,'5458',543,,103387,17,,,0,94,,95294,17,,,0,21,,95293,17,,,0,83,,95292,17,,,0
