7201,'5456',552,,95769,29,,,0,80,,95772,29,,,0,70,,95770,29,,,0,32,,95774,29,,,0,72,,95784,29,,,0,21,,95779,29,,,0,27,,95771,29,,,0,70,,95773,29,,,0,30,,95777,29,,,0,70,,95775,29,,,0,30,,95776,29,,,0,73,,95783,29,,,0,30,,95778,29,,,0,70,,95780,29,,,0,31,,95781,29,,,0,70,,95788,29,,,0,30,,95791,29,,,0,71,,95782,29,,,0,30,,95793,29,,,0,70,,95797,29,,,0,15,,95798,25,0,13 14,0,56,,95785,29,,,0,28,,95786,29,,,0,30,,95792,29,,,0,71,,95800,29,,,0,30,,95787,29,,,0,68,,95794,29,,,0,30,,95796,29,,,0,69,,95789,29,,,0,30,,95790,29,,,0,70,,95799,29,,,0,30,,95801,29,,,0,70,,95795,29,,,0
7201,'5457',1439,,95802,25,,,0
7201,'5458',552,,95803,29,,,0,80,,95806,29,,,0,70,,95804,29,,,0,32,,95808,29,,,0,72,,95819,29,,,0,21,,95813,29,,,0,27,,95805,29,,,0,70,,95807,29,,,0,30,,95811,29,,,0,70,,95809,29,,,0,30,,95810,29,,,0,73,,95818,29,,,0,30,,95812,29,,,0,70,,95814,29,,,0,31,,95815,29,,,0,70,,95823,29,,,0,30,,95826,29,,,0,71,,95817,29,,,0,10,,95816,25,,,0,20,,95828,29,,,0,70,,95832,29,,,0,15,,95833,25,0,13 14,0,56,,95820,29,,,0,28,,95821,29,,,0,30,,95827,29,,,0,71,,95835,29,,,0,30,,95822,29,,,0,68,,95829,29,,,0,30,,95831,29,,,0,69,,95824,29,,,0,30,,95825,29,,,0,70,,95834,29,,,0,30,,95836,29,,,0,70,,95830,29,,,0
7201,'5459',620,,95865,29,,,0,102,,95838,29,,,0,99,,95839,29,,,0,33,,95840,29,,,0,71,,95841,29,,,0,30,,95842,29,,,0,71,,95843,29,,,0,29,,95844,29,,,0,71,,95845,29,,,0,30,,95846,29,,,0,70,,95837,29,,,0,30,,95847,29,,,0,70,,95848,29,,,0,31,,95849,29,,,0,74,,95850,29,,,0,71,,95851,29,,,0,29,,95852,29,,,0,71,,95853,29,,,0,29,,95854,29,,,0,26,,95855,29,,,0,68,,95856,29,,,0,30,,95857,29,,,0,69,,95858,29,,,0,30,,95859,29,,,0,69,,95860,29,,,0,30,,95861,29,,,0,71,,95862,29,,,0,29,,95863,29,,,0,70,,95864,29,,,0
7201,'5460',721,,95867,29,,,0,100,,95868,29,,,0,100,,95869,29,,,0,105,,95870,29,,,0,100,,95872,29,,,0,30,,95873,29,,,0,70,,95866,29,,,0,29,,95871,29,,,0,70,,95874,29,,,0,30,,95876,29,,,0,70,,95877,29,,,0,31,,95878,29,,,0,70,,95875,29,,,0,30,,95879,29,,,0,69,,95880,29,,,0,30,,95881,29,,,0,74,,95882,29,,,0,28,,95883,29,,,0,72,,95884,29,,,0,30,,95885,29,,,0,70,,95887,29,,,0,29,,95886,29,,,0,70,,95888,29,,,0,30,,95889,29,,,0,70,,95890,29,,,0
7201,'5461',721,,95892,29,,,0,100,,95893,29,,,0,100,,95894,29,,,0,105,,95895,29,,,0,100,,95897,29,,,0,30,,95898,29,,,0,70,,95891,29,,,0,29,,95896,29,,,0,70,,95899,29,,,0,30,,95901,29,,,0,70,,95902,29,,,0,31,,95903,29,,,0,70,,95900,29,,,0,30,,95904,29,,,0,69,,95905,29,,,0,30,,95906,29,,,0,74,,95907,29,,,0,28,,95908,29,,,0,72,,95909,29,,,0,30,,95910,29,,,0,70,,95912,29,,,0,29,,95911,29,,,0,70,,95913,29,,,0,30,,95914,29,,,0,70,,95915,29,,,0
7201,'5462',721,,95917,29,,,0,100,,95918,29,,,0,100,,95919,29,,,0,105,,95920,29,,,0,100,,95922,29,,,0,30,,95923,29,,,0,70,,95916,29,,,0,29,,95921,29,,,0,70,,95924,29,,,0,30,,95926,29,,,0,70,,95927,29,,,0,31,,95928,29,,,0,70,,95925,29,,,0,30,,95929,29,,,0,69,,95930,29,,,0,30,,95931,29,,,0,74,,95932,29,,,0,28,,95933,29,,,0,72,,95934,29,,,0,30,,95935,29,,,0,70,,95937,29,,,0,29,,95936,29,,,0,70,,95938,29,,,0,30,,95939,29,,,0,70,,95940,29,,,0
7201,'5463',721,,95942,29,,,0,100,,95943,29,,,0,100,,95944,29,,,0,105,,95945,29,,,0,100,,95947,29,,,0,30,,95948,29,,,0,70,,95941,29,,,0,29,,95946,29,,,0,70,,95949,29,,,0,30,,95951,29,,,0,70,,95952,29,,,0,31,,95953,29,,,0,70,,95950,29,,,0,30,,95954,29,,,0,69,,95955,29,,,0,30,,95956,29,,,0,74,,95957,29,,,0,28,,95958,29,,,0,72,,95959,29,,,0,30,,95960,29,,,0,70,,95962,29,,,0,29,,95961,29,,,0,70,,95963,29,,,0,30,,95964,29,,,0,70,,95965,29,,,0
8701,'5456',649,,96663,29,,,0,200,,96664,29,,,0,200,,96665,29,,,0,200,,96666,29,,,0,199,,96667,29,,,0,203,,96668,29,,,0
8701,'5458',649,,96669,29,,,0,200,,96670,29,,,0,200,,96671,29,,,0,200,,96672,29,,,0,199,,96673,29,,,0,203,,96674,29,,,0
1007201,'5456',2231,,98265,32,,,0,99,,98267,32,,,0,99,,98266,32,,,0
1007201,'5458',2231,,98268,32,,,0,99,,98270,32,,,0,99,,98269,32,,,0
1007201,'5459',2232,,98271,32,,,0,98,,98272,32,,,0,99,,98273,32,,,0
1007201,'5460',2231,,98274,32,,,0,99,,98275,32,,,0
1007201,'5461',2231,,98276,32,,,0,99,,98277,32,,,0
1007201,'5462',2231,,98278,32,,,0,99,,98279,32,,,0
1007201,'5463',2231,,98280,32,,,0,99,,98281,32,,,0
