2700,'5456',726,,90146,23,,,0,109,,90147,23,,,0,24,,90148,23,,,0,64,,90149,23,,,0,24,,90150,23,,,0,66,,90151,23,,,0,26,,90152,23,,,0,67,,90153,23,,,0,26,,90154,23,,,0,26,,90155,23,,,0,66,,90156,23,,,0,26,,90157,23,,,0,66,,90158,23,,,0,25,,90159,23,,,0,64,,90160,23,,,0,23,,90161,23,,,0,24,,90162,23,,,0,64,,90163,23,,,0,14,,90164,23,,,0,18,,90165,23,,,0,54,,90166,23,,,0,18,,90167,23,,,0,16,,90168,23,,,0,17,,90169,23,,,0,54,,90170,23,,,0,18,,90171,23,,,0,16,,90172,23,,,0,12,,90173,23,,,0,57,,90174,23,,,0,15,,90175,23,,,0,16,,90176,23,,,0,60,,90177,23,,,0,24,,90178,23,,,0,26,,90179,23,,,0,68,,90180,23,,,0,29,,90181,23,,,0,68,,90182,23,,,0,29,,90183,23,,,0,70,,90184,23,,,0,37,,90185,23,,,0,80,,90186,23,,,0,77,,90187,23,,,0
2700,'5458',726,,90197,23,,,0,109,,90198,23,,,0,24,,90199,23,,,0,64,,90200,23,,,0,24,,90201,23,,,0,66,,90202,23,,,0,26,,90203,23,,,0,67,,90204,23,,,0,26,,90205,23,,,0,26,,90206,23,,,0,66,,90207,23,,,0,26,,90208,23,,,0,66,,90209,23,,,0,25,,90210,23,,,0,64,,90211,23,,,0,23,,90212,23,,,0,24,,90213,23,,,0,64,,90214,23,,,0,14,,90215,23,,,0,18,,90216,23,,,0,54,,90217,23,,,0,18,,90218,23,,,0,16,,90219,23,,,0,17,,90220,23,,,0,54,,90221,23,,,0,18,,90222,23,,,0,16,,90223,23,,,0,12,,90224,23,,,0,57,,90225,23,,,0,15,,90226,23,,,0,16,,90227,23,,,0,60,,90228,23,,,0,24,,90229,23,,,0,26,,90230,23,,,0,68,,90231,23,,,0,29,,90232,23,,,0,68,,90233,23,,,0,29,,90234,23,,,0,70,,90235,23,,,0,37,,90236,23,,,0,80,,90237,23,,,0,77,,90238,23,,,0,42,,90239,23,,,0,80,,90240,23,,,0,79,,90241,23,,,0,39,,90242,23,,,0
2700,'5459',647,,90253,23,,,0,70,,90254,23,,,0,29,,90255,23,,,0,69,,90256,23,,,0,26,,90257,23,,,0,66,,90258,23,,,0,27,,90259,23,,,0,66,,90260,23,,,0,25,,90261,23,,,0,22,,90262,23,,,0,61,,90263,23,,,0,22,,90264,23,,,0,20,,90265,23,,,0,62,,90266,23,,,0,23,,90267,23,,,0,23,,90268,23,,,0,62,,90269,23,,,0,23,,90270,23,,,0,63,,90271,23,,,0,21,,90272,23,,,0,21,,90273,23,,,0,62,,90274,23,,,0,22,,90275,23,,,0,20,,90276,23,,,0,61,,90277,23,,,0,20,,90278,23,,,0,21,,90279,23,,,0,61,,90280,23,,,0,20,,90281,23,,,0,18,,90282,23,,,0,61,,90283,23,,,0,20,,90284,23,,,0,21,,90285,23,,,0,66,,90286,23,,,0,26,,90287,23,,,0,69,,90288,23,,,0,30,,90289,23,,,0,69,,90290,23,,,0,29,,90291,23,,,0,71,,90292,23,,,0,33,,90293,23,,,0,71,,90294,23,,,0,31,,90295,23,,,0,71,,90296,23,,,0,30,,90297,23,,,0,69,,90298,23,,,0,30,,90299,23,,,0,70,,90300,23,,,0,28,,90301,23,,,0
2700,'5460',718,,90304,23,,,0,30,,90305,23,,,0,69,,90306,23,,,0,30,,90307,23,,,0,71,,90302,23,,,0,29,,90308,23,,,0,65,,90309,23,,,0,27,,90310,23,,,0,67,,90311,23,,,0,25,,90312,23,,,0,24,,90313,23,,,0,63,,90314,23,,,0,23,,90315,23,,,0,62,,90316,23,,,0,23,,90317,23,,,0,24,,90318,23,,,0,63,,90319,23,,,0,23,,90320,23,,,0,23,,90321,23,,,0,63,,90322,23,,,0,23,,90323,23,,,0,64,,90324,23,,,0,22,,90325,23,,,0,23,,90326,23,,,0,63,,90327,23,,,0,23,,90328,23,,,0,63,,90329,23,,,0,24,,90330,23,,,0,26,,90331,23,,,0,65,,90332,23,,,0,29,,90333,23,,,0,68,,90334,23,,,0,30,,90335,23,,,0,71,,90336,23,,,0,35,,90337,23,,,0,83,,90338,23,,,0,80,,90339,23,,,0,102,,90340,23,,,0
2700,'5461',718,,90343,23,,,0,30,,90344,23,,,0,69,,90345,23,,,0,30,,90346,23,,,0,71,,90341,23,,,0,29,,90347,23,,,0,65,,90348,23,,,0,27,,90349,23,,,0,67,,90350,23,,,0,25,,90351,23,,,0,24,,90352,23,,,0,63,,90353,23,,,0,23,,90354,23,,,0,62,,90355,23,,,0,23,,90356,23,,,0,24,,90357,23,,,0,63,,90358,23,,,0,23,,90359,23,,,0,23,,90360,23,,,0,63,,90361,23,,,0,23,,90362,23,,,0,64,,90363,23,,,0,22,,90364,23,,,0,23,,90365,23,,,0,63,,90366,23,,,0,23,,90367,23,,,0,63,,90368,23,,,0,24,,90369,23,,,0,26,,90370,23,,,0,65,,90371,23,,,0,29,,90372,23,,,0,68,,90373,23,,,0,30,,90374,23,,,0,71,,90375,23,,,0,35,,90376,23,,,0,83,,90377,23,,,0,80,,90378,23,,,0,102,,90379,23,,,0
2700,'5462',718,,90382,23,,,0,30,,90383,23,,,0,69,,90384,23,,,0,30,,90385,23,,,0,71,,90380,23,,,0,29,,90386,23,,,0,65,,90387,23,,,0,27,,90388,23,,,0,67,,90389,23,,,0,25,,90390,23,,,0,24,,90391,23,,,0,63,,90392,23,,,0,23,,90393,23,,,0,62,,90394,23,,,0,23,,90395,23,,,0,24,,90396,23,,,0,63,,90397,23,,,0,23,,90398,23,,,0,23,,90399,23,,,0,63,,90400,23,,,0,23,,90401,23,,,0,64,,90402,23,,,0,22,,90403,23,,,0,23,,90404,23,,,0,63,,90405,23,,,0,23,,90406,23,,,0,63,,90407,23,,,0,24,,90408,23,,,0,26,,90409,23,,,0,65,,90410,23,,,0,29,,90411,23,,,0,68,,90412,23,,,0,30,,90413,23,,,0,71,,90414,23,,,0,35,,90415,23,,,0,83,,90416,23,,,0,80,,90417,23,,,0,102,,90418,23,,,0
2700,'5463',718,,90421,23,,,0,30,,90422,23,,,0,69,,90423,23,,,0,30,,90424,23,,,0,71,,90419,23,,,0,29,,90425,23,,,0,65,,90426,23,,,0,27,,90427,23,,,0,67,,90428,23,,,0,25,,90429,23,,,0,24,,90430,23,,,0,63,,90431,23,,,0,23,,90432,23,,,0,62,,90433,23,,,0,23,,90434,23,,,0,24,,90435,23,,,0,63,,90436,23,,,0,23,,90437,23,,,0,23,,90438,23,,,0,63,,90439,23,,,0,23,,90440,23,,,0,64,,90441,23,,,0,22,,90442,23,,,0,23,,90443,23,,,0,63,,90444,23,,,0,23,,90445,23,,,0,63,,90446,23,,,0,24,,90447,23,,,0,26,,90448,23,,,0,65,,90449,23,,,0,29,,90450,23,,,0,68,,90451,23,,,0,30,,90452,23,,,0,71,,90453,23,,,0,35,,90454,23,,,0,83,,90455,23,,,0,80,,90456,23,,,0,102,,90457,23,,,0
2800,'5456',558,,90782,23,,,0,64,,90783,23,,,0,22,,90784,23,,,0,13,,90785,23,,,0,51,,90786,23,,,0,11,,90787,23,,,0,21,,90788,23,,,0,12,,90789,23,,,0,54,,90790,23,,,0,16,,90791,23,,,0,26,,90792,23,,,0,65,,90793,23,,,0,23,,90794,23,,,0,64,,90795,23,,,0,26,,90796,23,,,0,27,,90797,23,,,0,67,,90798,23,,,0,26,,90799,23,,,0,65,,90800,23,,,0,26,,90801,23,,,0,66,,90802,23,,,0,26,,90803,23,,,0,25,,90804,23,,,0,63,,90805,23,,,0,24,,90806,23,,,0,63,,90807,23,,,0,34,,90808,23,,,0,72,,90809,23,,,0,20,,90829,23,,,0,15,,90810,23,,,0,71,,90811,23,,,0,32,,90812,23,,,0,70,,90813,23,,,0,14,,90814,23,,,0,18,,90815,23,,,0,61,,90816,23,,,0,26,,90817,23,,,0,69,,90818,23,,,0,27,,90819,23,,,0,67,,90820,23,,,0,29,,90821,23,,,0,30,,90822,23,,,0,72,,90823,23,,,0,81,,90824,23,,,0,38,,90825,23,,,0,80,,90826,23,,,0
2800,'5458',558,,90830,23,,,0,64,,90831,23,,,0,22,,90832,23,,,0,13,,90833,23,,,0,51,,90834,23,,,0,11,,90835,23,,,0,21,,90836,23,,,0,12,,90837,23,,,0,54,,90838,23,,,0,16,,90839,23,,,0,26,,90840,23,,,0,65,,90841,23,,,0,23,,90842,23,,,0,64,,90843,23,,,0,26,,90844,23,,,0,27,,90845,23,,,0,67,,90846,23,,,0,26,,90847,23,,,0,65,,90848,23,,,0,26,,90849,23,,,0,66,,90850,23,,,0,26,,90851,23,,,0,25,,90852,23,,,0,63,,90853,23,,,0,24,,90854,23,,,0,63,,90855,23,,,0,34,,90856,23,,,0,72,,90857,23,,,0,20,,90880,23,,,0,15,,90858,23,,,0,71,,90859,23,,,0,32,,90860,23,,,0,70,,90861,23,,,0,14,,90862,23,,,0,18,,90863,23,,,0,61,,90864,23,,,0,26,,90865,23,,,0,69,,90866,23,,,0,27,,90867,23,,,0,67,,90868,23,,,0,29,,90869,23,,,0,30,,90870,23,,,0,72,,90871,23,,,0,81,,90872,23,,,0,38,,90873,23,,,0,80,,90874,23,,,0,80,,90875,23,,,0,39,,90876,23,,,0,81,,90877,23,,,0
2800,'5459',801,,90885,23,,,0,28,,90886,23,,,0,26,,90887,23,,,0,66,,90881,23,,,0,26,,90888,23,,,0,66,,90889,23,,,0,23,,90890,23,,,0,22,,90891,23,,,0,62,,90892,23,,,0,20,,90893,23,,,0,61,,90894,23,,,0,22,,90895,23,,,0,24,,90896,23,,,0,62,,90897,23,,,0,24,,90898,23,,,0,20,,90899,23,,,0,64,,90900,23,,,0,21,,90901,23,,,0,21,,90902,23,,,0,63,,90903,23,,,0,20,,90904,23,,,0,61,,90905,23,,,0,20,,90906,23,,,0,20,,90907,23,,,0,62,,90908,23,,,0,20,,90909,23,,,0,20,,90910,23,,,0,58,,90911,23,,,0,21,,90912,23,,,0,20,,90913,23,,,0,63,,90914,23,,,0,26,,90915,23,,,0,67,,90916,23,,,0,30,,90917,23,,,0,70,,90918,23,,,0,29,,90919,23,,,0,71,,90920,23,,,0,30,,90921,23,,,0,73,,90922,23,,,0,31,,90923,23,,,0,71,,90924,23,,,0,31,,90925,23,,,0,69,,90926,23,,,0,30,,90927,23,,,0,70,,90928,23,,,0,30,,90929,23,,,0
2800,'5460',832,,90934,23,,,0,71,,90935,23,,,0,30,,90936,23,,,0,67,,90937,23,,,0,26,,90938,23,,,0,26,,90939,23,,,0,67,,90940,23,,,0,25,,90941,23,,,0,64,,90942,23,,,0,23,,90943,23,,,0,22,,90944,23,,,0,62,,90945,23,,,0,24,,90946,23,,,0,64,,90947,23,,,0,23,,90948,23,,,0,22,,90949,23,,,0,63,,90950,23,,,0,23,,90951,23,,,0,24,,90952,23,,,0,62,,90953,23,,,0,23,,90954,23,,,0,62,,90955,23,,,0,24,,90956,23,,,0,22,,90957,23,,,0,64,,90958,23,,,0,24,,90959,23,,,0,67,,90960,23,,,0,26,,90961,23,,,0,69,,90962,23,,,0,29,,90963,23,,,0,71,,90964,23,,,0,30,,90965,23,,,0,80,,90966,23,,,0,43,,90967,23,,,0,87,,90968,23,,,0,86,,90969,23,0,31 49,0
2800,'5461',832,,90974,23,,,0,71,,90975,23,,,0,30,,90976,23,,,0,67,,90977,23,,,0,26,,90978,23,,,0,26,,90979,23,,,0,67,,90980,23,,,0,25,,90981,23,,,0,64,,90982,23,,,0,23,,90983,23,,,0,22,,90984,23,,,0,62,,90985,23,,,0,24,,90986,23,,,0,64,,90987,23,,,0,23,,90988,23,,,0,22,,90989,23,,,0,63,,90990,23,,,0,23,,90991,23,,,0,24,,90992,23,,,0,62,,90993,23,,,0,23,,90994,23,,,0,62,,90995,23,,,0,24,,90996,23,,,0,22,,90997,23,,,0,64,,90998,23,,,0,24,,90999,23,,,0,67,,91000,23,,,0,26,,91001,23,,,0,69,,91002,23,,,0,29,,91003,23,,,0,71,,91004,23,,,0,30,,91005,23,,,0,80,,91006,23,,,0,43,,91007,23,,,0,87,,91008,23,,,0,86,,91009,23,0,31 49,0
2800,'5462',832,,91014,23,,,0,71,,91015,23,,,0,30,,91016,23,,,0,67,,91017,23,,,0,26,,91018,23,,,0,26,,91019,23,,,0,67,,91020,23,,,0,25,,91021,23,,,0,64,,91022,23,,,0,23,,91023,23,,,0,22,,91024,23,,,0,62,,91025,23,,,0,24,,91026,23,,,0,64,,91027,23,,,0,23,,91028,23,,,0,22,,91029,23,,,0,63,,91030,23,,,0,23,,91031,23,,,0,24,,91032,23,,,0,62,,91033,23,,,0,23,,91034,23,,,0,62,,91035,23,,,0,24,,91036,23,,,0,22,,91037,23,,,0,64,,91038,23,,,0,24,,91039,23,,,0,67,,91040,23,,,0,26,,91041,23,,,0,69,,91042,23,,,0,29,,91043,23,,,0,71,,91044,23,,,0,30,,91045,23,,,0,80,,91046,23,,,0,43,,91047,23,,,0,87,,91048,23,,,0,86,,91049,23,0,31 49,0
2800,'5463',832,,91054,23,,,0,71,,91055,23,,,0,30,,91056,23,,,0,67,,91057,23,,,0,26,,91058,23,,,0,26,,91059,23,,,0,67,,91060,23,,,0,25,,91061,23,,,0,64,,91062,23,,,0,23,,91063,23,,,0,22,,91064,23,,,0,62,,91065,23,,,0,24,,91066,23,,,0,64,,91067,23,,,0,23,,91068,23,,,0,22,,91069,23,,,0,63,,91070,23,,,0,23,,91071,23,,,0,24,,91072,23,,,0,62,,91073,23,,,0,23,,91074,23,,,0,62,,91075,23,,,0,24,,91076,23,,,0,22,,91077,23,,,0,64,,91078,23,,,0,24,,91079,23,,,0,67,,91080,23,,,0,26,,91081,23,,,0,69,,91082,23,,,0,29,,91083,23,,,0,71,,91084,23,,,0,30,,91085,23,,,0,80,,91086,23,,,0,43,,91087,23,,,0,87,,91088,23,,,0,86,,91089,23,0,31 49,0
