1201,'5456',700,,86128,19,,,0,42,,86129,19,,,0,70,,99784,19,,,0,32,,99788,19,,,0,69,,99782,19,,,0,31,,99786,19,,,0,69,,86123,19,,,0,30,,99780,19,,,0,70,,86115,19,,,0,31,,99785,19,,,0,70,,86118,19,,,0,30,,99781,19,,,0,70,,86116,19,,,0,29,,86127,19,,,0,72,,86117,19,,,0,31,,86112,19,,,0,62,,86119,19,,,0,9,,86109,19,,,0,25,,86120,19,,,0,75,,86121,19,,,0,20,,86133,19,,,0,64,,86114,19,,,0,16,,86134,19,,,0,30,,86113,19,,,0,70,,99783,19,,,0,36,,99787,19,,,0,70,,86132,19,,,0
1201,'5458',700,,86155,19,,,0,42,,86156,19,,,0,70,,99793,19,,,0,32,,99797,19,,,0,69,,99791,19,,,0,31,,99795,19,,,0,69,,86150,19,,,0,30,,99789,19,,,0,70,,86142,19,,,0,31,,99794,19,,,0,70,,86145,19,,,0,30,,99790,19,,,0,70,,86143,19,,,0,29,,86154,19,,,0,72,,86144,19,,,0,31,,86139,19,,,0,62,,86146,19,,,0,9,,86136,19,,,0,25,,86147,19,,,0,75,,86148,19,,,0,20,,86160,19,,,0,64,,86141,19,,,0,16,,86161,19,,,0,30,,86140,19,,,0,70,,99792,19,,,0,36,,99796,19,,,0,70,,86159,19,,,0
1201,'5459',914,,86165,19,,,0,101,,86168,19,,,0,101,,86171,19,,,0,100,,99798,19,,,0,100,,99799,19,,,0,100,,99801,19,,,0,100,,99802,19,,,0,100,,99800,19,,,0,103,,86167,19,,,0,100,,86170,19,,,0,99,,99803,19,,,0
1201,'5460',914,,86174,19,,,0,101,,86175,19,,,0,101,,99805,19,,,0,100,,86176,19,,,0,100,,99804,19,,,0,100,,99806,19,,,0,100,,99808,19,,,0,100,,99807,19,,,0,103,,86182,19,,,0,99,,86183,19,,,0,100,,86184,19,,,0
1201,'5461',914,,86185,19,,,0,101,,99809,19,,,0,101,,86189,19,,,0,100,,86187,19,,,0,100,,99810,19,,,0,100,,99811,19,,,0,100,,99813,19,,,0,100,,99812,19,,,0,103,,86193,19,,,0,99,,86194,19,,,0,100,,86195,19,,,0
1201,'5462',914,,86196,19,,,0,101,,99814,19,,,0,101,,86200,19,,,0,100,,86198,19,,,0,100,,99815,19,,,0,100,,99816,19,,,0,100,,99818,19,,,0,100,,99817,19,,,0,103,,86204,19,,,0,99,,86205,19,,,0,100,,86206,19,,,0
1201,'5463',914,,86207,19,,,0,101,,99819,19,,,0,101,,86211,19,,,0,100,,86209,19,,,0,100,,99820,19,,,0,100,,99821,19,,,0,100,,99823,19,,,0,100,,99822,19,,,0,103,,86215,19,,,0,99,,86216,19,,,0,100,,86217,19,,,0
1700,'5456',818,,88090,29,,,0
1700,'5458',818,,88091,29,,,0
2400,'5456',652,,88926,58,,,0,75,,100637,58,,,0,84,,100638,58,,,0,101,,88929,58,,,0,107,,100640,58,,,0,101,,100639,58,,,0,102,,100641,58,,,0,101,,100642,58,,,0,101,,100643,58,,,0,100,,100644,58,,,0,91,,100645,58,,,0,41,,100646,58,,,0,89,,100647,58,,,0,94,,100648,58,,,0,98,,100649,58,,,0,110,,100650,58,,,0,161,,100651,58,,,0,129,,100652,58,,,0,170,,100653,58,,,0
2400,'5458',652,,88945,58,,,0,75,,100654,58,,,0,84,,100655,58,,,0,101,,88948,58,,,0,107,,100657,58,,,0,101,,100656,58,,,0,102,,100658,58,,,0,101,,100659,58,,,0,101,,100660,58,,,0,100,,100661,58,,,0,91,,100662,58,,,0,41,,100663,58,,,0,89,,100664,58,,,0,94,,100665,58,,,0,98,,100666,58,,,0,110,,100667,58,,,0,161,,100668,58,,,0,129,,100669,58,,,0,170,,100670,58,,,0
2400,'5459',732,,100673,58,,,0,123,,100672,58,,,0,146,,100671,58,,,0,114,,88965,58,,,0,100,,88967,58,,,0,100,,100674,58,,,0,98,,88970,58,,,0,100,,88969,58,,,0,100,,88972,58,,,0,97,,88971,58,,,0,103,,88974,58,,,0,112,,88975,58,,,0,122,,100675,58,,,0,165,,100676,58,,,0,125,,100677,58,,,0
2400,'5460',744,,88980,24,,,0,107,,88979,58,,,0,171,,100679,58,,,0,131,,100678,58,,,0,174,,100680,58,,,0,130,,100681,58,,,0,170,,100682,58,,,0,130,,100683,58,,,0,165,,100684,58,,,0,125,,100685,58,,,0,163,,100686,58,,,0,126,,100687,58,,,0
2400,'5461',744,,100689,24,,,0,107,,100688,58,,,0,171,,100691,58,,,0,131,,100690,58,,,0,174,,100692,58,,,0,130,,100693,58,,,0,170,,100694,58,,,0,130,,100695,58,,,0,165,,100696,58,,,0,125,,100697,58,,,0,163,,100698,58,,,0,126,,100699,58,,,0
2400,'5462',744,,100701,24,,,0,107,,100700,58,,,0,171,,100703,58,,,0,131,,100702,58,,,0,174,,100704,58,,,0,130,,100705,58,,,0,170,,100706,58,,,0,130,,100707,58,,,0,165,,100708,58,,,0,125,,100709,58,,,0,163,,100710,58,,,0,126,,100711,58,,,0
2400,'5463',744,,100713,24,,,0,107,,100712,58,,,0,171,,100715,58,,,0,131,,100714,58,,,0,174,,100716,58,,,0,130,,100717,58,,,0,170,,100718,58,,,0,130,,100719,58,,,0,165,,100720,58,,,0,125,,100721,58,,,0,163,,100722,58,,,0,126,,100723,58,,,0
2600,'5456',614,,100962,37,,,0,30,,89326,37,,,0,62,,89327,37,,,0,20,,89328,37,,,0,12,,89329,37,,,0,10,,89330,19,,,0,7,,100963,37,,,0,46,,89332,37,,,0,7,,89406,19,,,0,9,,89334,37,,,0,8,,100964,37,,,0,8,,89336,17,,,0,8,,89337,37,,,0,7,,89338,17,,,0,8,,89339,37,,,0,49,,100965,17,,,0,6,,89341,37,,,0,7,,89342,17,,,0,8,,89343,37,,,0,7,,89344,17,,,0,8,,89345,37,,,0,7,,89346,17,,,0,8,,100966,37,,,0,49,,100967,17,,,0,7,,100968,37,,,0,16,,100969,37,,,0,16,,100970,37,,,0,15,,89352,37,,,0,55,,89353,37,,,0,15,,89354,37,,,0,17,,89355,37,,,0,55,,89356,37,,,0,16,,89357,37,,,0,16,,100971,37,,,0,15,,89359,37,,,0,54,,89360,37,,,0,14,,89361,37,,,0,15,,100972,37,,,0,16,,100973,37,,,0,54,,100974,37,,,0,5,,100975,17,,,0,10,,100976,37,,,0,16,,100977,37,,,0,14,,89368,37,,,0,13,,89369,37,,,0,53,,100978,37,,,0,7,,100979,17,,,0,5,,100980,37,,,0,14,,100981,37,,,0,15,,100982,37,,,0,52,,100983,37,,,0,10,,89376,37,,,0,12,,100984,37,,,0,14,,100985,37,,,0,13,,89379,37,,,0,51,,89380,37,,,0,9,,89381,37,,,0,12,,89382,37,,,0,11,,100986,37,,,0,12,,100987,37,,,0,52,,100988,37,,,0,16,,89386,37,,,0,13,,100989,37,,,0,15,,89388,37,,,0,56,,89389,37,,,0,13,,89390,37,,,0,14,,100990,37,,,0,15,,100991,37,,,0,59,,89393,37,,,0,20,,89394,37,,,0,20,,89395,37,,,0,60,,89396,37,,,0,20,,100992,37,,,0,18,,89398,37,,,0,63,,89399,37,,,0,31,,89400,37,,,0,68,,100993,37,,,0,30,,89402,37,,,0,68,,89403,37,,,0,30,,100994,37,,,0,70,,89405,37,,,0
2600,'5458',614,,100995,37,,,0,30,,89408,37,,,0,62,,89409,37,,,0,20,,89410,37,,,0,12,,89411,37,,,0,10,,89412,19,,,0,7,,100996,37,,,0,46,,89414,37,,,0,7,,89489,19,,,0,9,,89416,37,,,0,8,,100997,37,,,0,8,,89418,17,,,0,8,,89419,37,,,0,7,,89420,17,,,0,8,,89421,37,,,0,49,,100998,17,,,0,6,,89423,37,,,0,7,,89424,17,,,0,8,,89425,37,,,0,7,,89426,17,,,0,8,,89427,37,,,0,7,,89428,17,,,0,8,,100999,37,,,0,49,,101000,17,,,0,7,,101001,37,,,0,16,,101002,37,,,0,16,,101003,37,,,0,15,,89434,37,,,0,55,,89435,37,,,0,15,,89436,37,,,0,17,,89437,37,,,0,55,,89438,37,,,0,16,,89439,37,,,0,16,,101004,37,,,0,15,,89441,37,,,0,54,,89442,37,,,0,14,,89443,37,,,0,15,,101005,37,,,0,16,,101006,37,,,0,54,,101007,37,,,0,5,,101008,17,,,0,10,,101009,37,,,0,16,,101010,37,,,0,14,,89450,37,,,0,13,,89451,37,,,0,53,,101011,37,,,0,7,,101012,17,,,0,5,,101013,37,,,0,14,,101014,37,,,0,15,,101015,37,,,0,52,,101016,37,,,0,10,,89458,37,,,0,12,,101017,37,,,0,14,,101018,37,,,0,13,,89461,37,,,0,51,,89462,37,,,0,9,,89463,37,,,0,12,,89464,37,,,0,11,,101019,37,,,0,12,,101020,37,,,0,52,,101021,37,,,0,16,,89468,37,,,0,13,,101022,37,,,0,15,,89470,37,,,0,56,,89471,37,,,0,13,,89472,37,,,0,14,,101023,37,,,0,15,,101024,37,,,0,59,,89475,37,,,0,20,,89476,37,,,0,20,,89477,37,,,0,60,,89478,37,,,0,20,,101025,37,,,0,18,,89480,37,,,0,63,,89481,37,,,0,31,,89482,37,,,0,68,,101026,37,,,0,30,,89484,37,,,0,68,,89485,37,,,0,30,,101027,37,,,0,70,,89487,37,,,0,100,,101028,37,,,0
2600,'5459',657,,101029,37,,,0,71,,89492,37,,,0,30,,89493,37,,,0,58,,101030,37,,,0,17,,101031,37,,,0,19,,89496,37,,,0,58,,89497,37,,,0,18,,89498,37,,,0,17,,89499,37,,,0,58,,101032,37,,,0,17,,89501,37,,,0,18,,101033,37,,,0,17,,89503,37,,,0,58,,89504,37,,,0,18,,89505,37,,,0,17,,89490,37,,,0,59,,89506,37,,,0,19,,101034,37,,,0,17,,89508,37,,,0,57,,101035,37,,,0,17,,101036,37,,,0,17,,89511,37,,,0,17,,89512,37,,,0,57,,89513,37,,,0,18,,101037,37,,,0,16,,89515,37,,,0,16,,89516,37,,,0,58,,101038,37,,,0,17,,101039,37,,,0,17,,89519,37,,,0,57,,89520,37,,,0,16,,101040,37,,,0,16,,89522,37,,,0,14,,89523,37,,,0,55,,89524,37,,,0,16,,101041,37,,,0,16,,89526,37,,,0,16,,89527,37,,,0,55,,101042,37,,,0,17,,101043,37,,,0,17,,89530,37,,,0,60,,101044,37,,,0,19,,89532,37,,,0,20,,89533,37,,,0,59,,101045,37,,,0,20,,89535,37,,,0,19,,101046,37,,,0,59,,89537,37,,,0,19,,89538,37,,,0,20,,101047,37,,,0,65,,89540,37,,,0,29,,101048,37,,,0,70,,89542,37,,,0,30,,89543,37,,,0,69,,101049,37,,,0,30,,89545,37,,,0,69,,89546,37,,,0,101,,89547,37,,,0
2600,'5460',720,,89564,37,,,0,27,,101055,37,,,0,61,,101050,37,,,0,23,,89548,37,,,0,24,,89566,37,,,0,61,,101056,37,,,0,27,,101051,37,,,0,65,,89549,37,,,0,20,,89567,37,,,0,24,,101052,37,,,0,60,,89550,37,,,0,18,,89556,37,,,0,18,,89552,37,,,0,60,,89565,37,,,0,19,,89553,37,,,0,20,,101053,37,,,0,58,,89551,37,,,0,18,,89568,37,,,0,19,,89560,37,,,0,58,,89563,37,,,0,20,,89561,37,,,0,18,,101054,37,,,0,17,,89557,37,,,0,58,,89569,37,,,0,18,,89559,37,,,0,17,,89562,37,,,0,58,,89578,37,,,0,18,,101057,37,,,0,16,,89575,37,,,0,18,,89584,37,,,0,58,,89577,37,,,0,18,,89580,37,,,0,17,,89576,37,,,0,56,,101058,37,,,0,16,,89574,37,,,0,20,,89583,37,,,0,59,,89579,37,,,0,18,,89581,37,,,0,18,,89589,37,,,0,20,,89587,37,,,0,59,,89591,37,,,0,20,,89588,37,,,0,19,,89590,37,,,0,60,,89592,37,,,0,20,,89586,37,,,0,70,,89594,37,,,0,28,,101059,37,,,0,70,,89595,37,,,0,30,,89596,37,,,0,78,,101060,37,,,0
2600,'5461',720,,101065,37,,,0,27,,89622,37,,,0,61,,89604,37,,,0,23,,89598,37,,,0,24,,89616,37,,,0,61,,89623,37,,,0,27,,89605,37,,,0,65,,89599,37,,,0,20,,89617,37,,,0,24,,89608,37,,,0,60,,101061,37,,,0,18,,89606,37,,,0,18,,89602,37,,,0,60,,89615,37,,,0,19,,89603,37,,,0,20,,89620,37,,,0,58,,101062,37,,,0,18,,101066,37,,,0,19,,89610,37,,,0,58,,89613,37,,,0,20,,89611,37,,,0,18,,89621,37,,,0,17,,101063,37,,,0,58,,101067,37,,,0,18,,101064,37,,,0,17,,89612,37,,,0,58,,89628,37,,,0,18,,89632,37,,,0,16,,101069,37,,,0,18,,89634,37,,,0,58,,101070,37,,,0,18,,89630,37,,,0,17,,89626,37,,,0,56,,89635,37,,,0,16,,101068,37,,,0,20,,89633,37,,,0,59,,89629,37,,,0,18,,101071,37,,,0,18,,101074,37,,,0,20,,101073,37,,,0,59,,101076,37,,,0,20,,89638,37,,,0,19,,101075,37,,,0,60,,101077,37,,,0,20,,101072,37,,,0,70,,101078,37,,,0,28,,89643,37,,,0,70,,101079,37,,,0,30,,101080,37,,,0,78,,101081,37,,,0
2600,'5462',720,,101086,37,,,0,27,,89672,37,,,0,61,,89654,37,,,0,23,,89648,37,,,0,24,,89666,37,,,0,61,,89673,37,,,0,27,,89655,37,,,0,65,,89649,37,,,0,20,,89667,37,,,0,24,,89658,37,,,0,60,,101082,37,,,0,18,,89656,37,,,0,18,,89652,37,,,0,60,,89665,37,,,0,19,,89653,37,,,0,20,,89670,37,,,0,58,,101083,37,,,0,18,,101087,37,,,0,19,,89660,37,,,0,58,,89663,37,,,0,20,,89661,37,,,0,18,,89671,37,,,0,17,,101084,37,,,0,58,,101088,37,,,0,18,,101085,37,,,0,17,,89662,37,,,0,58,,89678,37,,,0,18,,89682,37,,,0,16,,101090,37,,,0,18,,89684,37,,,0,58,,101091,37,,,0,18,,89680,37,,,0,17,,89676,37,,,0,56,,89685,37,,,0,16,,101089,37,,,0,20,,89683,37,,,0,59,,89679,37,,,0,18,,101092,37,,,0,18,,101095,37,,,0,20,,101094,37,,,0,59,,101097,37,,,0,20,,89688,37,,,0,19,,101096,37,,,0,60,,101098,37,,,0,20,,101093,37,,,0,70,,101099,37,,,0,28,,89693,37,,,0,70,,101100,37,,,0,30,,101101,37,,,0,78,,101102,37,,,0
2600,'5463',720,,101107,37,,,0,27,,89722,37,,,0,61,,89704,37,,,0,23,,89698,37,,,0,24,,89716,37,,,0,61,,89723,37,,,0,27,,89705,37,,,0,65,,89699,37,,,0,20,,89717,37,,,0,24,,89708,37,,,0,60,,101103,37,,,0,18,,89706,37,,,0,18,,89702,37,,,0,60,,89715,37,,,0,19,,89703,37,,,0,20,,89720,37,,,0,58,,101104,37,,,0,18,,101108,37,,,0,19,,89710,37,,,0,58,,89713,37,,,0,20,,89711,37,,,0,18,,89721,37,,,0,17,,101105,37,,,0,58,,101109,37,,,0,18,,101106,37,,,0,17,,89712,37,,,0,58,,89728,37,,,0,18,,89732,37,,,0,16,,101111,37,,,0,18,,89734,37,,,0,58,,101112,37,,,0,18,,89730,37,,,0,17,,89726,37,,,0,56,,89735,37,,,0,16,,101110,37,,,0,20,,89733,37,,,0,59,,89729,37,,,0,18,,101113,37,,,0,18,,101116,37,,,0,20,,101115,37,,,0,59,,101118,37,,,0,20,,89738,37,,,0,19,,101117,37,,,0,60,,101119,37,,,0,20,,101114,37,,,0,70,,101120,37,,,0,28,,89743,37,,,0,70,,101121,37,,,0,30,,101122,37,,,0,78,,101123,37,,,0
4000,'5456',653,,102555,32,,,0,85,,92842,32,,,0,71,,92840,32,,,0,26,,102554,32,,,0,106,,102549,32,,,0,99,,102550,32,,,0,101,,102547,32,,,0,101,,102552,32,,,0,99,,92828,32,,,0,100,,102551,32,,,0,105,,92827,32,,,0,82,,102545,32,,,0,72,,102548,32,,,0,24,,102544,32,,,0,31,,102546,32,,,0,94,,102553,32,,,0,100,,92829,32,,,0,169,,92831,32,,,0,341,,102543,32,,,0
4000,'5458',653,,102568,32,,,0,85,,92861,32,,,0,71,,92859,32,,,0,26,,102567,32,,,0,106,,102562,32,,,0,99,,102563,32,,,0,101,,102560,32,,,0,101,,102565,32,,,0,99,,92847,32,,,0,100,,102564,32,,,0,105,,92846,32,,,0,82,,102558,32,,,0,72,,102561,32,,,0,24,,102557,32,,,0,31,,102559,32,,,0,94,,102566,32,,,0,100,,92848,32,,,0,169,,92850,32,,,0,341,,102556,32,,,0
4000,'5459',733,,92871,32,,,0,173,,92872,32,,,0,100,,92862,32,,,0,102,,92865,32,,,0,100,,92867,32,,,0,101,,92873,32,,,0,101,,102569,32,,,0,101,,102570,32,,,0,100,,102572,32,,,0,100,,92874,32,,,0,97,,102571,32,,,0,98,,92870,32,,,0,100,,92869,32,,,0,53,,102573,32,,,0
4000,'5460',830,,92877,32,,,0,176,,92876,32,,,0,101,,92878,32,,,0,100,,92879,32,,,0,101,,92880,32,,,0,101,,92881,32,,,0,101,,102576,32,,,0,100,,102575,32,,,0,100,,102574,32,,,0,98,,102577,32,,,0,98,,92886,32,,,0,99,,92887,32,,,0
4000,'5461',830,,102578,32,,,0,176,,92888,32,,,0,101,,102579,32,,,0,100,,92891,32,,,0,101,,92892,32,,,0,101,,92893,32,,,0,101,,102582,32,,,0,100,,102581,32,,,0,100,,102580,32,,,0,98,,102583,32,,,0,98,,92898,32,,,0,99,,92899,32,,,0
4000,'5462',830,,102584,32,,,0,176,,92900,32,,,0,101,,102585,32,,,0,100,,92903,32,,,0,101,,92904,32,,,0,101,,92905,32,,,0,101,,102588,32,,,0,100,,102587,32,,,0,100,,102586,32,,,0,98,,102589,32,,,0,98,,92910,32,,,0,99,,92911,32,,,0
4000,'5463',830,,102590,32,,,0,176,,92912,32,,,0,101,,102591,32,,,0,100,,92915,32,,,0,101,,92916,32,,,0,101,,92917,32,,,0,101,,102594,32,,,0,100,,102593,32,,,0,100,,102592,32,,,0,98,,102595,32,,,0,98,,92922,32,,,0,99,,92923,32,,,0
