2701,'5456',532,,90458,18,,,0,82,,90459,18,,,0,27,,90460,18,,,0,62,,90461,18,,,0,31,,90462,18,,,0,25,,90463,18,,,0,63,,90464,18,,,0,29,,90465,18,,,0,60,,90466,18,,,0,23,,90467,18,,,0,24,,90468,18,,,0,64,,90469,18,,,0,26,,90470,18,,,0,66,,90471,18,,,0,28,,90472,18,,,0,66,,90473,18,,,0,26,,90474,18,,,0,66,,90475,18,,,0,26,,90476,18,,,0,26,,90477,18,,,0,65,,90478,18,,,0,26,,90479,18,,,0,65,,90480,18,,,0,22,,90514,18,,,0,7,,90481,18,,,0,21,,90482,18,,,0,73,,90483,18,,,0,71,,90484,18,,,0,33,,90485,18,,,0,68,,90486,18,,,0,14,,90487,18,,,0,12,,90488,18,,,0,15,,90489,18,,,0,15,,90490,18,,,0,56,,90491,18,,,0,20,,90492,18,,,0,23,,90493,18,,,0,66,,90494,18,,,0,28,,90495,18,,,0,69,,90496,18,,,0,26,,90497,18,,,0,69,,90498,18,,,0,30,,90499,18,,,0,76,,90500,18,,,0,79,,90501,18,,,0,37,,90502,18,,,0
2701,'5458',532,,90515,18,,,0,82,,90516,18,,,0,27,,90517,18,,,0,62,,90518,18,,,0,31,,90519,18,,,0,25,,90520,18,,,0,63,,90521,18,,,0,29,,90522,18,,,0,60,,90523,18,,,0,23,,90524,18,,,0,24,,90525,18,,,0,64,,90526,18,,,0,26,,90527,18,,,0,66,,90528,18,,,0,28,,90529,18,,,0,66,,90530,18,,,0,26,,90531,18,,,0,66,,90532,18,,,0,26,,90533,18,,,0,26,,90534,18,,,0,64,,90536,18,,,0,1,,101384,18,,,0,26,,90537,18,,,0,65,,90538,18,,,0,22,,90575,18,,,0,28,,101385,18,,,0,73,,90540,18,,,0,71,,90541,18,,,0,33,,90542,18,,,0,68,,90543,18,,,0,14,,90544,18,,,0,12,,101386,18,,,0,15,,101387,18,,,0,15,,90547,18,,,0,56,,101388,18,,,0,20,,90549,18,,,0,23,,101389,18,,,0,66,,90551,18,,,0,28,,90552,18,,,0,69,,101390,18,,,0,26,,90554,18,,,0,69,,90555,18,,,0,30,,101391,18,,,0,76,,101392,18,,,0,79,,101393,18,,,0,37,,101394,18,,,0,81,,101395,18,,,0,40,,101396,18,,,0,78,,101397,18,0,16 49,0,78,,101398,18,0,16 49,0
2701,'5459',635,,101401,18,,,0,81,,101402,18,,,0,30,,101403,18,,,0,70,,101404,18,,,0,29,,101405,18,,,0,66,,101406,18,,,0,27,,101407,18,,,0,68,,101408,18,,,0,27,,101409,18,,,0,25,,90585,18,,,0,62,,101410,18,,,0,22,,101411,18,,,0,62,,101412,18,,,0,21,,90589,18,,,0,22,,101413,18,,,0,63,,101414,18,,,0,24,,101415,18,,,0,22,,90593,18,,,0,63,,101416,18,,,0,23,,101417,18,,,0,61,,90596,18,,,0,21,,101418,18,,,0,22,,90598,18,,,0,62,,101419,18,,,0,20,,90600,18,,,0,20,,101420,18,,,0,60,,90602,18,,,0,21,,101421,18,,,0,20,,101422,18,,,0,60,,90605,18,,,0,18,,101423,18,,,0,20,,90607,18,,,0,60,,101424,18,,,0,21,,90609,18,,,0,26,,101425,18,,,0,66,,101426,18,,,0,28,,101427,18,,,0,70,,101428,18,,,0,29,,101429,18,,,0,69,,101430,18,,,0,29,,101431,18,,,0,72,,101432,18,,,0,31,,101433,18,,,0,70,,101434,18,,,0,31,,101435,18,,,0,69,,101436,18,,,0,29,,101437,18,,,0,70,,101438,18,,,0,30,,101439,18,0,16 49,0,68,,101440,18,0,16 49,0
2701,'5460',705,,101441,18,,,0,43,,90628,18,,,0,70,,101442,18,,,0,29,,90630,18,,,0,71,,90631,18,,,0,31,,90626,18,,,0,72,,90632,18,,,0,25,,90633,18,,,0,67,,90634,18,,,0,27,,90635,18,,,0,65,,101443,18,,,0,25,,90637,18,,,0,24,,90638,18,,,0,63,,90639,18,,,0,22,,101444,18,,,0,63,,90641,18,,,0,24,,90642,18,,,0,23,,90643,18,,,0,62,,101445,18,,,0,23,,90645,18,,,0,23,,90646,18,,,0,63,,90647,18,,,0,23,,101446,18,,,0,62,,90649,18,,,0,23,,90650,18,,,0,23,,90651,18,,,0,63,,101447,18,,,0,22,,90653,18,,,0,64,,90654,18,,,0,26,,101448,18,,,0,25,,101449,18,,,0,68,,90657,18,,,0,28,,101450,18,,,0,70,,101451,18,,,0,29,,90660,18,,,0,75,,101452,18,,,0,82,,90662,18,,,0,37,,101453,18,,,0,102,,101454,18,0,16 49,0
2701,'5461',705,,90666,18,,,0,43,,90667,18,,,0,70,,90668,18,,,0,29,,90669,18,,,0,71,,101456,18,,,0,31,,101455,18,,,0,72,,90671,18,,,0,25,,101457,18,,,0,67,,101458,18,,,0,27,,90674,18,,,0,65,,101459,18,,,0,25,,90676,18,,,0,24,,90677,18,,,0,63,,90678,18,,,0,22,,101460,18,,,0,63,,90680,18,,,0,24,,90681,18,,,0,23,,90682,18,,,0,62,,101461,18,,,0,23,,90684,18,,,0,23,,90685,18,,,0,63,,90686,18,,,0,23,,101462,18,,,0,62,,90688,18,,,0,23,,90689,18,,,0,23,,90690,18,,,0,63,,101463,18,,,0,22,,90692,18,,,0,64,,90693,18,,,0,26,,90694,18,,,0,25,,101464,18,,,0,68,,90696,18,,,0,28,,90697,18,,,0,70,,101465,18,,,0,29,,90699,18,,,0,75,,101466,18,,,0,82,,90701,18,,,0,37,,101467,18,,,0,102,,101468,18,0,16 49,0
2701,'5462',705,,90705,18,,,0,43,,90706,18,,,0,70,,90707,18,,,0,29,,90708,18,,,0,71,,101470,18,,,0,31,,101469,18,,,0,72,,90710,18,,,0,25,,101471,18,,,0,67,,101472,18,,,0,27,,90713,18,,,0,65,,101473,18,,,0,25,,90715,18,,,0,24,,90716,18,,,0,63,,90717,18,,,0,22,,101474,18,,,0,63,,90719,18,,,0,24,,90720,18,,,0,23,,90721,18,,,0,62,,101475,18,,,0,23,,90723,18,,,0,23,,90724,18,,,0,63,,90725,18,,,0,23,,101476,18,,,0,62,,90727,18,,,0,23,,90728,18,,,0,23,,90729,18,,,0,63,,101477,18,,,0,22,,90731,18,,,0,64,,90732,18,,,0,26,,90733,18,,,0,25,,101478,18,,,0,68,,90735,18,,,0,28,,90736,18,,,0,70,,101479,18,,,0,29,,90738,18,,,0,75,,101480,18,,,0,82,,90740,18,,,0,37,,101481,18,,,0,102,,101482,18,0,16 49,0
2701,'5463',705,,90744,18,,,0,43,,90745,18,,,0,70,,90746,18,,,0,29,,90747,18,,,0,71,,101484,18,,,0,31,,101483,18,,,0,72,,90749,18,,,0,25,,101485,18,,,0,67,,101486,18,,,0,27,,90752,18,,,0,65,,101487,18,,,0,25,,90754,18,,,0,24,,90755,18,,,0,63,,90756,18,,,0,22,,101488,18,,,0,63,,90758,18,,,0,24,,90759,18,,,0,23,,90760,18,,,0,62,,101489,18,,,0,23,,90762,18,,,0,23,,90763,18,,,0,63,,90764,18,,,0,23,,101490,18,,,0,62,,90766,18,,,0,23,,90767,18,,,0,23,,90768,18,,,0,63,,101491,18,,,0,22,,90770,18,,,0,64,,90771,18,,,0,26,,90772,18,,,0,25,,101492,18,,,0,68,,90774,18,,,0,28,,90775,18,,,0,70,,101493,18,,,0,29,,90777,18,,,0,75,,101494,18,,,0,82,,90779,18,,,0,37,,101495,18,,,0,102,,101496,18,0,16 49,0
2801,'5456',600,,101599,23,,,0,28,,91091,23,,,0,25,,91092,23,,,0,62,,101600,23,,,0,13,,91094,23,,,0,12,,91095,23,,,0,11,,91096,23,,,0,52,,91097,23,,,0,12,,91098,23,,,0,12,,91099,23,,,0,14,,91100,23,,,0,60,,91101,23,,,0,21,,91102,23,,,0,25,,91103,23,,,0,64,,91104,23,,,0,24,,91105,23,,,0,66,,91106,23,,,0,27,,91107,23,,,0,27,,91108,23,,,0,66,,91109,23,,,0,26,,91110,23,,,0,66,,91111,23,,,0,26,,91112,23,,,0,66,,91113,23,,,0,26,,91114,23,,,0,24,,91115,23,,,0,66,,91116,23,,,0,22,,91117,23,,,0,72,,91118,23,,,0,32,,91119,23,,,0,61,,91137,23,,,0,13,,91120,23,,,0,30,,91121,23,,,0,173,,91122,23,,,0,21,,91123,23,,,0,66,,91124,23,,,0,29,,91125,23,,,0,66,,91126,23,,,0,26,,91127,23,,,0,69,,91128,23,,,0,30,,91129,23,,,0,71,,91130,23,,,0,38,,91131,23,,,0,77,,91132,23,,,0,40,,91133,23,,,0
2801,'5458',600,,101601,23,,,0,28,,91139,23,,,0,25,,91140,23,,,0,62,,101602,23,,,0,13,,91142,23,,,0,12,,91143,23,,,0,11,,91144,23,,,0,52,,91145,23,,,0,12,,91146,23,,,0,12,,91147,23,,,0,14,,91148,23,,,0,60,,91149,23,,,0,21,,91150,23,,,0,25,,91151,23,,,0,64,,91152,23,,,0,24,,91153,23,,,0,66,,91154,23,,,0,27,,91155,23,,,0,27,,91156,23,,,0,66,,91157,23,,,0,26,,91158,23,,,0,66,,91159,23,,,0,26,,91160,23,,,0,66,,91161,23,,,0,26,,91162,23,,,0,24,,91163,23,,,0,66,,91164,23,,,0,22,,91165,23,,,0,72,,91166,23,,,0,32,,91167,23,,,0,61,,91188,23,,,0,13,,91168,23,,,0,30,,91169,23,,,0,173,,91170,23,,,0,21,,91171,23,,,0,66,,101603,23,,,0,29,,101604,23,,,0,66,,91174,23,,,0,26,,101605,23,,,0,69,,101606,23,,,0,30,,91177,23,,,0,71,,101607,23,,,0,38,,91179,23,,,0,77,,101608,23,,,0,40,,91181,23,,,0,80,,101609,23,,,0,79,,91183,23,0,16 49,0,40,,101610,23,0,16 49,0
2801,'5459',656,,101612,23,,,0,75,,101613,23,,,0,70,,101614,23,,,0,29,,101611,23,,,0,28,,101615,23,,,0,67,,101616,23,,,0,27,,101617,23,,,0,67,,101618,23,,,0,26,,101619,23,,,0,63,,101620,23,,,0,23,,101621,23,,,0,22,,91200,23,,,0,62,,101622,23,,,0,21,,91202,23,,,0,22,,101623,23,,,0,64,,91204,23,,,0,22,,101624,23,,,0,64,,91206,23,,,0,21,,101625,23,,,0,24,,91208,23,,,0,60,,101626,23,,,0,21,,91210,23,,,0,23,,101627,23,,,0,60,,101628,23,,,0,21,,91213,23,,,0,20,,101629,23,,,0,60,,91215,23,,,0,21,,101630,23,,,0,20,,91217,23,,,0,60,,101631,23,,,0,18,,91219,23,,,0,21,,101632,23,,,0,60,,101633,23,,,0,23,,91222,23,,,0,66,,91223,23,,,0,27,,101634,23,,,0,69,,91225,23,,,0,30,,91226,23,,,0,69,,101635,23,,,0,28,,101636,23,,,0,70,,101637,23,,,0,33,,101638,23,,,0,70,,101639,23,,,0,30,,101640,23,,,0,71,,101641,23,,,0,28,,101642,23,,,0,70,,101643,23,,,0,29,,101644,23,0,16 49,0,70,,101645,23,0,16 49,0
2801,'5460',635,,91238,23,,,0,98,,91239,23,,,0,70,,91240,23,,,0,31,,91241,23,,,0,68,,91242,23,,,0,31,,101646,23,,,0,71,,91244,23,,,0,29,,101647,23,,,0,67,,101648,23,,,0,26,,91247,23,,,0,27,,91248,23,,,0,64,,91249,23,,,0,24,,91250,23,,,0,64,,91251,23,,,0,22,,91252,23,,,0,22,,91253,23,,,0,64,,91254,23,,,0,24,,91255,23,,,0,63,,91256,23,,,0,22,,91257,23,,,0,23,,91258,23,,,0,63,,91259,23,,,0,24,,91260,23,,,0,22,,101649,23,,,0,63,,91262,23,,,0,22,,91263,23,,,0,63,,91264,23,,,0,22,,101650,23,,,0,24,,91266,23,,,0,64,,101651,23,,,0,27,,101652,23,,,0,66,,101653,23,,,0,29,,101654,23,,,0,69,,101655,23,,,0,29,,101656,23,,,0,70,,101657,23,,,0,40,,101658,23,,,0,79,,101659,23,,,0,86,,101660,23,,,0
2801,'5461',635,,91277,23,,,0,98,,91278,23,,,0,70,,101661,23,,,0,31,,101662,23,,,0,68,,91281,23,,,0,31,,91282,23,,,0,71,,91283,23,,,0,29,,101663,23,,,0,67,,91285,23,,,0,26,,91286,23,,,0,27,,91287,23,,,0,64,,91288,23,,,0,24,,91289,23,,,0,64,,91290,23,,,0,22,,91291,23,,,0,22,,91292,23,,,0,64,,91293,23,,,0,24,,91294,23,,,0,63,,91295,23,,,0,22,,91296,23,,,0,23,,91297,23,,,0,63,,91298,23,,,0,24,,91299,23,,,0,22,,91300,23,,,0,63,,91301,23,,,0,22,,91302,23,,,0,63,,91303,23,,,0,22,,101664,23,,,0,24,,91305,23,,,0,64,,101665,23,,,0,27,,101666,23,,,0,66,,91308,23,,,0,29,,101667,23,,,0,69,,101668,23,,,0,29,,91311,23,,,0,70,,101669,23,,,0,40,,101670,23,,,0,79,,101671,23,,,0,86,,101672,23,,,0
2801,'5462',635,,91316,23,,,0,98,,91317,23,,,0,70,,101673,23,,,0,31,,101674,23,,,0,68,,91320,23,,,0,31,,91321,23,,,0,71,,91322,23,,,0,29,,101675,23,,,0,67,,91324,23,,,0,26,,91325,23,,,0,27,,91326,23,,,0,64,,91327,23,,,0,24,,91328,23,,,0,64,,91329,23,,,0,22,,91330,23,,,0,22,,91331,23,,,0,64,,91332,23,,,0,24,,91333,23,,,0,63,,91334,23,,,0,22,,91335,23,,,0,23,,91336,23,,,0,63,,91337,23,,,0,24,,91338,23,,,0,22,,91339,23,,,0,63,,91340,23,,,0,22,,91341,23,,,0,63,,91342,23,,,0,22,,101676,23,,,0,24,,91344,23,,,0,64,,101677,23,,,0,27,,101678,23,,,0,66,,91347,23,,,0,29,,101679,23,,,0,69,,101680,23,,,0,29,,91350,23,,,0,70,,101681,23,,,0,40,,101682,23,,,0,79,,101683,23,,,0,86,,101684,23,,,0
2801,'5463',635,,91355,23,,,0,98,,91356,23,,,0,70,,101685,23,,,0,31,,101686,23,,,0,68,,91359,23,,,0,31,,91360,23,,,0,71,,91361,23,,,0,29,,101687,23,,,0,67,,91363,23,,,0,26,,91364,23,,,0,27,,91365,23,,,0,64,,91366,23,,,0,24,,91367,23,,,0,64,,91368,23,,,0,22,,91369,23,,,0,22,,91370,23,,,0,64,,91371,23,,,0,24,,91372,23,,,0,63,,91373,23,,,0,22,,91374,23,,,0,23,,91375,23,,,0,63,,91376,23,,,0,24,,91377,23,,,0,22,,91378,23,,,0,63,,91379,23,,,0,22,,91380,23,,,0,63,,91381,23,,,0,22,,101688,23,,,0,24,,91383,23,,,0,64,,101689,23,,,0,27,,101690,23,,,0,66,,91386,23,,,0,29,,101691,23,,,0,69,,101692,23,,,0,29,,91389,23,,,0,70,,101693,23,,,0,40,,101694,23,,,0,79,,101695,23,,,0,86,,101696,23,,,0
