6101,'5456',534,,95096,24,,,0,68,,95094,24,,,0,27,,95089,24,,,0,27,,95088,24,,,0,78,,95099,24,,,0,79,,95095,24,,,0,37,,95090,24,,,0,65,,95100,24,,,0,34,,95085,24,,,0,88,,95092,24,,,0,77,,95098,24,,,0,37,,95086,24,,,0,77,,95091,24,,,0,77,,95097,24,,,0,26,,95084,24,,,0,77,,95093,24,,,0,32,,95082,24,,,0,71,,95080,24,,,0,32,,95079,24,,,0,71,,95101,47,,,0,14,,95075,24,,,0,17,,95087,47,,,0,71,,95076,47,,,0,24,,95074,47,,,0,15,,95083,47,,,0,59,,95069,47,,,0,37,,95078,47,,,0,53,,95077,24,,,0,30,,95070,24,,,0,86,,95068,24,,,0,89,,95071,24,,,0,98,,95066,24,,,0,44,,95073,24,,,0,97,,95067,24,,,0,85,,95072,24,,,0
6101,'5458',534,,95133,24,,,0,68,,95131,24,,,0,27,,95126,24,,,0,27,,95125,24,,,0,78,,95136,24,,,0,79,,95132,24,,,0,37,,95127,24,,,0,65,,95137,24,,,0,34,,95122,24,,,0,88,,95129,24,,,0,77,,95135,24,,,0,37,,95123,24,,,0,77,,95128,24,,,0,77,,95134,24,,,0,26,,95121,24,,,0,77,,95130,24,,,0,32,,95118,24,,,0,71,,95117,24,,,0,32,,95116,24,,,0,71,,95138,47,,,0,14,,95112,24,,,0,17,,95124,47,,,0,71,,95113,47,,,0,24,,95111,47,,,0,15,,95119,47,,,0,59,,95106,47,,,0,37,,95115,47,,,0,53,,95114,24,,,0,30,,95107,24,,,0,86,,95105,24,,,0,89,,95108,24,,,0,98,,95103,24,,,0,44,,95110,24,,,0,97,,95104,24,,,0,85,,95109,24,,,0,99,,95102,24,,,0
6101,'5459',606,,95139,23,,,0,96,,95140,24,,,0,38,,95141,24,,,0,101,,95142,24,,,0,83,,95143,24,,,0,89,,95144,24,,,0,31,,95145,24,,,0,87,,95146,24,,,0,72,,95147,24,,,0,32,,95148,24,,,0,84,,95149,24,,,0,38,,95150,24,,,0,76,,95151,24,,,0,76,,95152,24,,,0,26,,95153,24,,,0,76,,95154,24,,,0,38,,95155,24,,,0,73,,95156,24,,,0,34,,95157,24,,,0,76,,95158,24,,,0,76,,95159,24,,,0,36,,95160,24,,,0,81,,95161,24,,,0,83,,95162,24,,,0,98,,95163,24,,,0,46,,95164,24,,,0,99,,95165,24,,,0,83,,95166,24,,,0,100,,95167,24,,,0
6101,'5460',611,,95170,23,,,0,102,,95168,23,,,0,34,,95171,24,,,0,89,,95169,24,,,0,94,,95172,24,,,0,86,,95173,24,,,0,87,,95174,24,,,0,47,,95175,24,,,0,103,,95176,24,,,0,86,,95177,24,,,0,101,,95178,24,,,0,85,,95179,24,,,0,101,,95180,24,,,0,80,,95181,24,,,0,100,,95182,24,,,0,50,,95183,24,,,0,97,,95184,24,,,0,100,,95185,24,,,0,81,,95186,24,,,0,100,,95187,24,,,0,96,,95188,24,,,0
6101,'5461',611,,95191,23,,,0,102,,95189,23,,,0,34,,95192,24,,,0,89,,95190,24,,,0,94,,95193,24,,,0,86,,95194,24,,,0,87,,95195,24,,,0,47,,95196,24,,,0,103,,95197,24,,,0,86,,95198,24,,,0,101,,95199,24,,,0,85,,95200,24,,,0,101,,95201,24,,,0,80,,95202,24,,,0,100,,95203,24,,,0,50,,95204,24,,,0,97,,95205,24,,,0,100,,95206,24,,,0,81,,95207,24,,,0,100,,95208,24,,,0,96,,95209,24,,,0
6101,'5462',611,,95212,23,,,0,102,,95210,23,,,0,34,,95213,24,,,0,89,,95211,24,,,0,94,,95214,24,,,0,86,,95215,24,,,0,87,,95216,24,,,0,47,,95217,24,,,0,103,,95218,24,,,0,86,,95219,24,,,0,101,,95220,24,,,0,85,,95221,24,,,0,101,,95222,24,,,0,80,,95223,24,,,0,100,,95224,24,,,0,50,,95225,24,,,0,97,,95226,24,,,0,100,,95227,24,,,0,81,,95228,24,,,0,100,,95229,24,,,0,96,,95230,24,,,0
6101,'5463',611,,95233,23,,,0,102,,95231,23,,,0,34,,95234,24,,,0,89,,95232,24,,,0,94,,95235,24,,,0,86,,95236,24,,,0,87,,95237,24,,,0,47,,95238,24,,,0,103,,95239,24,,,0,86,,95240,24,,,0,101,,95241,24,,,0,85,,95242,24,,,0,101,,95243,24,,,0,80,,95244,24,,,0,100,,95245,24,,,0,50,,95246,24,,,0,97,,95247,24,,,0,100,,95248,24,,,0,81,,95249,24,,,0,100,,95250,24,,,0,96,,95251,24,,,0
6401,'5456',731,,95278,62,,,0,203,,95277,17,,,0,377,,95275,62,,,0,293,,95276,17,,,0
6401,'5458',731,,95285,62,,,0,203,,95284,17,,,0,377,,95282,62,,,0,293,,95283,17,,,0
6501,'5456',1702,,95297,42,,,0,27,,95299,42,,,0,72,,95296,42,,,0,24,,95298,42,,,0
6501,'5458',1702,,95301,42,,,0,27,,95303,42,,,0,72,,95300,42,,,0,24,,95302,42,,,0
