1000,'5456',638,,85268,12,,,0,84,,85273,12,,,0,36,,85269,12,,,0,78,,85270,12,,,0,84,,85271,12,,,0,39,,85272,12,,,0,96,,85275,12,,,0,155,,85274,12,,,0,91,,85277,12,,,0,36,,85276,12,,,0,86,,85280,12,,,0,83,,85278,12,,,0,96,,85279,12,,,0,42,,85281,12,,,0,86,,85282,12,,,0,78,,85283,12,,,0,21,,85286,12,,,0,29,,85284,12,,,0,94,,85285,12,,,0
1000,'5458',638,,85288,12,,,0,84,,85293,12,,,0,36,,85289,12,,,0,78,,85290,12,,,0,84,,85291,12,,,0,39,,85292,12,,,0,96,,85295,12,,,0,155,,85294,12,,,0,91,,85297,12,,,0,36,,85296,12,,,0,86,,85300,12,,,0,83,,85298,12,,,0,96,,85299,12,,,0,42,,85301,12,,,0,86,,85302,12,,,0,78,,85303,12,,,0,21,,85306,12,,,0,29,,85304,12,,,0,94,,85305,12,,,0
1000,'5459',736,,85316,12,,,0,101,,85320,12,,,0,102,,85307,12,,,0,97,,85310,12,,,0,109,,85313,12,,,0,111,,85312,12,,,0,98,,85308,12,,,0,101,,85311,12,,,0,100,,85309,12,,,0,102,,85314,12,,,0,102,,85315,12,,,0,98,,85318,12,,,0,98,,85319,12,,,0
1000,'5460',736,,85325,12,,,0,101,,85324,12,,,0,99,,85322,12,,,0,105,,85321,12,,,0,102,,85328,12,,,0,111,,85327,12,,,0,90,,85323,12,,,0,107,,85326,12,,,0,100,,85330,12,,,0,98,,85329,12,,,0,101,,85332,12,,,0,104,,85331,12,,,0,99,,85333,12,,,0
1000,'5461',736,,85338,12,,,0,101,,85337,12,,,0,99,,85335,12,,,0,105,,85334,12,,,0,102,,85341,12,,,0,111,,85340,12,,,0,90,,85336,12,,,0,107,,85339,12,,,0,100,,85343,12,,,0,98,,85342,12,,,0,101,,85345,12,,,0,104,,85344,12,,,0,99,,85346,12,,,0
1000,'5462',736,,85351,12,,,0,101,,85350,12,,,0,99,,85348,12,,,0,105,,85347,12,,,0,102,,85354,12,,,0,111,,85353,12,,,0,90,,85349,12,,,0,107,,85352,12,,,0,100,,85356,12,,,0,98,,85355,12,,,0,101,,85358,12,,,0,104,,85357,12,,,0,99,,85359,12,,,0
1000,'5463',736,,85364,12,,,0,101,,85363,12,,,0,99,,85361,12,,,0,105,,85360,12,,,0,102,,85367,12,,,0,111,,85366,12,,,0,90,,85362,12,,,0,107,,85365,12,,,0,100,,85369,12,,,0,98,,85368,12,,,0,101,,85371,12,,,0,104,,85370,12,,,0,99,,85372,12,,,0
1501,'5456',531,,100254,6,,,0,69,,100255,17,,,0,28,,87635,17,,,0,17,,87636,17,,,0,60,,87637,17,,,0,16,,100256,17,,,0,15,,100257,17,,,0,15,,87640,17,,,0,56,,87641,17,,,0,17,,87632,17,,,0,17,,87642,17,,,0,16,,100258,17,,,0,55,,100259,17,,,0,15,,100260,17,,,0,15,,100261,17,,,0,15,,87647,17,,,0,55,,87648,17,,,0,15,,100262,17,,,0,16,,100263,17,,,0,16,,87651,17,,,0,55,,87652,17,,,0,14,,100264,17,,,0,15,,100265,17,,,0,15,,87655,17,,,0,55,,87656,17,,,0,15,,100266,17,,,0,15,,100267,17,,,0,15,,100268,17,,,0,55,,100269,17,,,0,15,,100270,17,,,0,13,,100271,17,,,0,15,,100272,17,,,0,56,,100273,17,,,0,14,,100274,17,,,0,13,,100275,17,,,0,12,,100276,17,,,0,51,,100277,17,,,0,11,,100278,17,,,0,9,,100279,17,,,0,16,,87671,17,,,0,13,,87672,17,,,0,52,,100280,17,,,0,12,,87674,17,,,0,12,,100281,17,,,0,11,,100282,17,,,0,11,,100283,17,,,0,52,,100284,17,,,0,10,,87679,17,,,0,9,,100285,17,,,0,12,,100286,17,,,0,11,,100287,17,,,0,11,,100288,17,,,0,51,,87684,17,,,0,12,,87685,17,,,0,10,,100289,17,,,0,14,,87687,17,,,0,15,,87688,17,,,0,56,,100290,17,,,0,15,,87690,17,,,0,15,,87691,17,,,0,15,,87692,17,,,0,55,,87693,17,,,0,14,,87694,17,,,0,19,,100291,17,,,0,60,,100292,17,,,0,21,,87697,17,,,0,19,,87698,17,,,0,64,,100293,17,,,0,31,,87700,17,,,0,74,,87701,17,,,0,31,,100294,17,,,0,70,,100295,17,,,0,31,,87704,17,,,0
1501,'5458',531,,100296,6,,,0,69,,100297,17,,,0,28,,87708,17,,,0,17,,87709,17,,,0,60,,87710,17,,,0,16,,100298,17,,,0,15,,100299,17,,,0,15,,87713,17,,,0,56,,87714,17,,,0,17,,87705,17,,,0,17,,87715,17,,,0,16,,100300,17,,,0,55,,100301,17,,,0,15,,100302,17,,,0,15,,100303,17,,,0,15,,87720,17,,,0,55,,87721,17,,,0,15,,100304,17,,,0,16,,100305,17,,,0,16,,87724,17,,,0,55,,87725,17,,,0,14,,100306,17,,,0,15,,100307,17,,,0,15,,87728,17,,,0,55,,87729,17,,,0,15,,100308,17,,,0,15,,100309,17,,,0,15,,100310,17,,,0,55,,100311,17,,,0,15,,100312,17,,,0,13,,100313,17,,,0,15,,100314,17,,,0,56,,100315,17,,,0,14,,100316,17,,,0,13,,100317,17,,,0,12,,100318,17,,,0,51,,100319,17,,,0,11,,100320,17,,,0,9,,100321,17,,,0,16,,87744,17,,,0,13,,87745,17,,,0,52,,100322,17,,,0,12,,87747,17,,,0,12,,100323,17,,,0,11,,100324,17,,,0,11,,100325,17,,,0,52,,100326,17,,,0,10,,87752,17,,,0,9,,100327,17,,,0,12,,100328,17,,,0,11,,100329,17,,,0,11,,100330,17,,,0,51,,87757,17,,,0,12,,87758,17,,,0,10,,100331,17,,,0,14,,87760,17,,,0,15,,87761,17,,,0,56,,100332,17,,,0,15,,87763,17,,,0,15,,87764,17,,,0,15,,87765,17,,,0,55,,87766,17,,,0,14,,87767,17,,,0,19,,100333,17,,,0,60,,100334,17,,,0,21,,87770,17,,,0,19,,87771,17,,,0,64,,100335,17,,,0,31,,87773,17,,,0,74,,87774,17,,,0,31,,100336,17,,,0,70,,100337,17,,,0,31,,87777,17,,,0,70,,87778,17,,,0,30,,100338,17,,,0,70,,87780,17,,,0,30,,100339,17,,,0
1501,'5459',659,,87822,17,,,0,64,,100355,17,,,0,20,,87821,17,,,0,15,,87797,17,,,0,54,,87817,17,,,0,15,,87818,17,,,0,15,,87796,17,,,0,15,,100354,17,,,0,55,,87819,17,,,0,15,,87795,17,,,0,16,,87820,17,,,0,15,,87812,17,,,0,53,,87793,17,,,0,14,,87794,17,,,0,14,,100353,17,,,0,15,,87813,17,,,0,55,,87792,17,,,0,15,,87815,17,,,0,15,,87816,17,,,0,15,,100343,17,,,0,55,,87791,17,,,0,15,,87833,17,,,0,14,,87814,17,,,0,15,,87790,17,,,0,55,,100350,17,,,0,15,,87810,17,,,0,15,,87788,17,,,0,16,,100342,17,,,0,55,,87832,17,,,0,16,,87809,17,,,0,14,,87787,17,,,0,15,,100349,17,,,0,55,,87808,17,,,0,15,,87786,17,,,0,15,,100346,17,,,0,15,,100356,17,,,0,55,,87830,17,,,0,15,,87802,17,,,0,15,,100347,17,,,0,15,,87805,17,,,0,55,,87782,17,,,0,15,,100341,17,,,0,15,,100352,17,,,0,14,,87804,17,,,0,55,,100340,17,,,0,15,,100348,17,,,0,15,,87829,17,,,0,15,,87800,17,,,0,55,,100344,17,,,0,15,,100357,17,,,0,17,,87826,17,,,0,60,,100345,17,,,0,20,,87824,17,,,0,20,,87825,17,,,0,60,,87823,17,,,0,20,,87827,17,,,0,20,,100351,17,,,0,60,,87841,17,,,0,20,,100358,17,,,0,23,,87839,17,,,0,69,,100359,17,,,0,31,,100360,17,,,0,71,,100361,17,,,0,29,,100362,17,,,0,70,,100363,17,,,0,30,,87847,17,,,0,72,,100364,17,,,0,30,,87849,17,,,0
1501,'5460',657,,87867,17,,,0,68,,87854,17,,,0,20,,100366,17,,,0,57,,87855,17,,,0,15,,87909,17,,,0,15,,87869,17,,,0,15,,87856,17,,,0,55,,100378,17,,,0,13,,100367,17,,,0,15,,87857,17,,,0,15,,87871,17,,,0,55,,87851,17,,,0,15,,87865,17,,,0,15,,100365,17,,,0,16,,100368,17,,,0,56,,87861,17,,,0,15,,87875,17,,,0,15,,87853,17,,,0,15,,87863,17,,,0,55,,87852,17,,,0,15,,87862,17,,,0,15,,100369,17,,,0,15,,87858,17,,,0,55,,87877,17,,,0,16,,87859,17,,,0,15,,87866,17,,,0,15,,87864,17,,,0,55,,87860,17,,,0,15,,100370,17,,,0,15,,87880,17,,,0,15,,87879,17,,,0,55,,87881,17,,,0,15,,87873,17,,,0,15,,87883,17,,,0,15,,87872,17,,,0,55,,100371,17,,,0,15,,87890,17,,,0,15,,87889,17,,,0,15,,87885,17,,,0,55,,87882,17,,,0,15,,87887,17,,,0,15,,87886,17,,,0,15,,100372,17,,,0,55,,87904,17,,,0,14,,87901,17,,,0,15,,87898,17,,,0,15,,100375,17,,,0,55,,87891,17,,,0,18,,100376,17,,,0,19,,87892,17,,,0,19,,87893,17,,,0,59,,100373,17,,,0,20,,87897,17,,,0,20,,100374,17,,,0,60,,87894,17,,,0,26,,87900,17,,,0,70,,87899,17,,,0,31,,100377,17,,,0,70,,87906,17,,,0,30,,87907,17,,,0
1501,'5461',657,,87927,17,,,0,68,,87914,17,,,0,20,,87928,17,,,0,57,,87915,17,,,0,15,,87969,17,,,0,15,,87929,17,,,0,15,,87916,17,,,0,55,,87968,17,,,0,13,,87930,17,,,0,15,,100379,17,,,0,15,,87931,17,,,0,55,,87911,17,,,0,15,,100381,17,,,0,15,,87910,17,,,0,16,,87934,17,,,0,56,,87921,17,,,0,15,,87935,17,,,0,15,,87913,17,,,0,15,,87923,17,,,0,55,,87912,17,,,0,15,,87922,17,,,0,15,,87936,17,,,0,15,,87918,17,,,0,55,,87937,17,,,0,16,,87919,17,,,0,15,,100382,17,,,0,15,,87924,17,,,0,55,,100380,17,,,0,15,,87938,17,,,0,15,,87940,17,,,0,15,,87939,17,,,0,55,,87941,17,,,0,15,,100384,17,,,0,15,,87943,17,,,0,15,,100383,17,,,0,55,,87944,17,,,0,15,,87950,17,,,0,15,,87949,17,,,0,15,,87945,17,,,0,55,,100385,17,,,0,15,,87947,17,,,0,15,,100386,17,,,0,15,,87948,17,,,0,55,,87964,17,,,0,14,,87961,17,,,0,15,,87958,17,,,0,15,,87962,17,,,0,55,,87951,17,,,0,18,,87963,17,,,0,19,,87952,17,,,0,19,,87953,17,,,0,59,,87955,17,,,0,20,,87957,17,,,0,20,,87956,17,,,0,60,,87954,17,,,0,26,,100387,17,,,0,70,,87959,17,,,0,31,,87965,17,,,0,70,,87966,17,,,0,30,,87967,17,,,0
1501,'5462',657,,87987,17,,,0,68,,87974,17,,,0,20,,87988,17,,,0,57,,87975,17,,,0,15,,88029,17,,,0,15,,87989,17,,,0,15,,87976,17,,,0,55,,88028,17,,,0,13,,87990,17,,,0,15,,100388,17,,,0,15,,87991,17,,,0,55,,87971,17,,,0,15,,100390,17,,,0,15,,87970,17,,,0,16,,87994,17,,,0,56,,87981,17,,,0,15,,87995,17,,,0,15,,87973,17,,,0,15,,87983,17,,,0,55,,87972,17,,,0,15,,87982,17,,,0,15,,87996,17,,,0,15,,87978,17,,,0,55,,87997,17,,,0,16,,87979,17,,,0,15,,100391,17,,,0,15,,87984,17,,,0,55,,100389,17,,,0,15,,87998,17,,,0,15,,88000,17,,,0,15,,87999,17,,,0,55,,88001,17,,,0,15,,100393,17,,,0,15,,88003,17,,,0,15,,100392,17,,,0,55,,88004,17,,,0,15,,88010,17,,,0,15,,88009,17,,,0,15,,88005,17,,,0,55,,100394,17,,,0,15,,88007,17,,,0,15,,100395,17,,,0,15,,88008,17,,,0,55,,88024,17,,,0,14,,88021,17,,,0,15,,88018,17,,,0,15,,88022,17,,,0,55,,88011,17,,,0,18,,88023,17,,,0,19,,88012,17,,,0,19,,88013,17,,,0,59,,88015,17,,,0,20,,88017,17,,,0,20,,88016,17,,,0,60,,88014,17,,,0,26,,100396,17,,,0,70,,88019,17,,,0,31,,88025,17,,,0,70,,88026,17,,,0,30,,88027,17,,,0
1501,'5463',657,,88047,17,,,0,68,,88034,17,,,0,20,,88048,17,,,0,57,,88035,17,,,0,15,,88089,17,,,0,15,,88049,17,,,0,15,,88036,17,,,0,55,,88088,17,,,0,13,,88050,17,,,0,15,,100397,17,,,0,15,,88051,17,,,0,55,,88031,17,,,0,15,,100399,17,,,0,15,,88030,17,,,0,16,,88054,17,,,0,56,,88041,17,,,0,15,,88055,17,,,0,15,,88033,17,,,0,15,,88043,17,,,0,55,,88032,17,,,0,15,,88042,17,,,0,15,,88056,17,,,0,15,,88038,17,,,0,55,,88057,17,,,0,16,,88039,17,,,0,15,,100400,17,,,0,15,,88044,17,,,0,55,,100398,17,,,0,15,,88058,17,,,0,15,,88060,17,,,0,15,,88059,17,,,0,55,,88061,17,,,0,15,,100402,17,,,0,15,,88063,17,,,0,15,,100401,17,,,0,55,,88064,17,,,0,15,,88070,17,,,0,15,,88069,17,,,0,15,,88065,17,,,0,55,,100403,17,,,0,15,,88067,17,,,0,15,,100404,17,,,0,15,,88068,17,,,0,55,,88084,17,,,0,14,,88081,17,,,0,15,,88078,17,,,0,15,,88082,17,,,0,55,,88071,17,,,0,18,,88083,17,,,0,19,,88072,17,,,0,19,,88073,17,,,0,59,,88075,17,,,0,20,,88077,17,,,0,20,,88076,17,,,0,60,,88074,17,,,0,26,,100405,17,,,0,70,,88079,17,,,0,31,,88085,17,,,0,70,,88086,17,,,0,30,,88087,17,,,0
2501,'5456',634,,100880,33,,,0,81,,100881,33,,,0,38,,89230,33,0,6 7,0,80,,89233,33,,,0,112,,100882,33,,,0,100,,100883,33,,,0,100,,100884,33,,,0,100,,100885,33,,,0,100,,100886,33,,,0,108,,100887,33,,,0,94,,100888,33,,,0,100,,89239,33,,,0,79,,89240,33,,,0,84,,100889,33,,,0,44,,100890,33,,,0,94,,100891,33,,,0,103,,100892,33,,,0,170,,100893,33,,,0,129,,100894,33,,,0
2501,'5458',634,,100895,33,,,0,81,,100896,33,,,0,38,,89249,33,0,6 7,0,80,,89252,33,,,0,112,,100897,33,,,0,100,,100898,33,,,0,100,,100899,33,,,0,100,,100900,33,,,0,100,,100901,33,,,0,108,,100902,33,,,0,94,,100903,33,,,0,100,,89258,33,,,0,79,,89259,33,,,0,84,,100904,33,,,0,44,,100905,33,,,0,94,,100906,33,,,0,103,,100907,33,,,0,170,,100908,33,,,0,129,,100909,33,,,0
2501,'5459',739,,100912,33,,,0,100,,100910,33,,,0,106,,89268,33,,,0,102,,100911,33,,,0,98,,100913,33,,,0,95,,89272,33,,,0,100,,89271,33,,,0,99,,89270,33,,,0,100,,89273,33,,,0,101,,89274,33,,,0,118,,89276,33,,,0,168,,100914,33,,,0,125,,100915,33,,,0,170,,100916,33,,,0,130,,100917,33,,,0
2501,'5460',855,,100919,33,,,0,171,,100918,33,,,0,128,,100920,33,,,0,171,,100921,33,,,0,132,,100922,33,,,0,171,,100923,33,,,0,128,,100924,33,,,0,170,,100925,33,,,0,129,,100926,33,,,0,165,,100927,33,,,0,129,,100928,33,,,0
2501,'5461',855,,100930,33,,,0,171,,100929,33,,,0,128,,100931,33,,,0,171,,100932,33,,,0,132,,100933,33,,,0,171,,100934,33,,,0,128,,100935,33,,,0,170,,100936,33,,,0,129,,100937,33,,,0,165,,100938,33,,,0,129,,100939,33,,,0
2501,'5462',855,,100941,33,,,0,171,,100940,33,,,0,128,,100942,33,,,0,171,,100943,33,,,0,132,,100944,33,,,0,171,,100945,33,,,0,128,,100946,33,,,0,170,,100947,33,,,0,129,,100948,33,,,0,165,,100949,33,,,0,129,,100950,33,,,0
2501,'5463',855,,100952,33,,,0,171,,100951,33,,,0,128,,100953,33,,,0,171,,100954,33,,,0,132,,100955,33,,,0,171,,100956,33,,,0,128,,100957,33,,,0,170,,100958,33,,,0,129,,100959,33,,,0,165,,100960,33,,,0,129,,100961,33,,,0
