801,'5456',653,,85130,24,,,0,58,,99388,14,,,0,18,,85131,24,,,0,24,,99387,24,,,0,67,,85132,24,,,0,35,,85135,24,,,0,85,,85133,24,,,0,84,,85136,24,,,0,32,,85138,24,,,0,82,,85137,24,,,0,85,,85140,24,,,0,79,,85139,24,,,0,45,,85143,24,,,0,88,,85141,24,,,0,69,,85155,24,0,8 9,0,16,,85142,24,,,0,32,,85145,24,,,0,73,,85144,24,,,0,76,,85147,24,,,0,43,,85146,24,,,0,69,,85149,24,,,0,31,,85148,24,,,0,74,,85150,24,,,0,87,,85151,24,,,0,97,,85152,24,,,0,44,,85153,24,,,0
801,'5458',653,,85156,24,,,0,58,,99390,14,,,0,18,,85157,24,,,0,24,,99389,24,,,0,67,,85158,24,,,0,35,,85161,24,,,0,85,,85159,24,,,0,84,,85162,24,,,0,32,,85164,24,,,0,82,,85163,24,,,0,85,,85166,24,,,0,79,,85165,24,,,0,45,,85169,24,,,0,88,,85167,24,,,0,69,,85181,24,0,8 9,0,16,,85168,24,,,0,32,,85171,24,,,0,73,,85170,24,,,0,76,,85173,24,,,0,43,,85172,24,,,0,69,,85175,24,,,0,31,,85174,24,,,0,74,,85176,24,,,0,87,,85177,24,,,0,97,,85178,24,,,0,44,,85179,24,,,0
801,'5459',728,,85183,24,0,8 9,0,85,,85184,24,0,8 9,0,45,,85185,24,0,8 9,0,87,,85186,24,0,8 9,0,85,,85187,24,0,8 9,0,93,,85188,24,0,8 9,0,88,,85189,24,0,8 9,0,91,,85190,24,0,8 9,0,52,,85182,24,0,8 9,0,90,,85191,24,0,8 9,0,92,,85192,24,0,8 9,0,90,,85193,24,0,8 9,0,89,,85194,24,0,8 9,0,86,,85195,24,0,8 9,0,44,,85196,24,0,8 9,0
801,'5460',944,,85198,24,0,8 9,0,86,,85199,24,0,8 9,0,91,,99392,24,0,8 9,0,88,,85201,24,0,8 9,0,50,,99391,24,0,8 9,0,93,,85202,24,0,8 9,0,90,,99393,24,0,8 9,0,92,,85204,24,0,8 9,0,90,,99394,24,0,8 9,0,90,,85206,24,0,8 9,0,86,,99395,24,0,8 9,0
801,'5461',944,,99396,24,0,8 9,0,86,,85210,24,0,8 9,0,91,,85211,24,0,8 9,0,88,,85212,24,0,8 9,0,50,,85208,24,0,8 9,0,93,,85213,24,0,8 9,0,90,,85214,24,0,8 9,0,92,,85215,24,0,8 9,0,90,,85216,24,0,8 9,0,90,,85217,24,0,8 9,0,86,,85218,24,0,8 9,0
801,'5462',944,,99397,24,0,8 9,0,86,,85221,24,0,8 9,0,91,,85222,24,0,8 9,0,88,,85223,24,0,8 9,0,50,,85219,24,0,8 9,0,93,,85224,24,0,8 9,0,90,,85225,24,0,8 9,0,92,,85226,24,0,8 9,0,90,,85227,24,0,8 9,0,90,,85228,24,0,8 9,0,86,,85229,24,0,8 9,0
801,'5463',944,,99398,24,0,8 9,0,86,,85232,24,0,8 9,0,91,,85233,24,0,8 9,0,88,,85234,24,0,8 9,0,50,,85230,24,0,8 9,0,93,,85235,24,0,8 9,0,90,,85236,24,0,8 9,0,92,,85237,24,0,8 9,0,90,,85238,24,0,8 9,0,90,,85239,24,0,8 9,0,86,,85240,24,0,8 9,0
2201,'5456',633,,100564,67,,,0,70,,100567,67,,,0,53,,100569,59,,,0,68,,100565,73,,,0,33,,100566,73,,,0,71,,100568,73,,,0,98,,88755,73,,,0,30,,88754,73,,,0,70,,100570,73,,,0,99,,100571,73,,,0,30,,100572,59,,,0,69,,100573,59,,,0,100,,100574,59,,,0,32,,100575,59,,,0,103,,88763,59,,,0,71,,100576,59,,,0,70,,100577,59,,,0,57,,100578,59,,,0,74,,88767,59,,,0,98,,88768,59,,,0,30,,100579,59,,,0,100,,88771,59,,,0,70,,88770,59,,,0
2201,'5458',633,,100580,67,,,0,70,,100583,67,,,0,53,,100585,59,,,0,68,,100581,73,,,0,33,,100582,73,,,0,71,,100584,73,,,0,98,,88779,73,,,0,30,,88778,73,,,0,70,,100586,73,,,0,99,,100587,73,,,0,30,,100588,59,,,0,69,,100589,59,,,0,100,,100590,59,,,0,32,,100591,59,,,0,103,,88787,59,,,0,71,,100592,59,,,0,70,,100593,59,,,0,57,,100594,59,,,0,74,,88791,59,,,0,98,,88792,59,,,0,30,,100595,59,,,0,100,,88795,59,,,0,70,,88794,59,,,0
2201,'5459',748,,88807,59,,,0,80,,100609,59,,,0,30,,88803,59,,,0,69,,88797,59,,,0,31,,88806,59,,,0,70,,100610,59,,,0,30,,88802,59,,,0,70,,88801,59,,,0,31,,88804,59,,,0,69,,88799,59,,,0,29,,100614,59,,,0,70,,100597,59,,,0,30,,100598,59,,,0,70,,100596,59,,,0,30,,100602,59,,,0,70,,100613,59,,,0,29,,100604,59,,,0,71,,100600,59,,,0,31,,100603,59,,,0,73,,100605,59,,,0,70,,100601,59,,,0,31,,100599,59,,,0,70,,100607,59,,,0,30,,100606,59,,,0,27,,100612,59,,,0,68,,100608,59,,,0,31,,100615,59,,,0,70,,100611,59,,,0
2201,'5460',818,,100622,59,,,0,40,,88835,59,,,0,70,,100618,59,,,0,28,,100619,59,,,0,71,,100623,59,,,0,30,,88836,59,,,0,69,,100617,59,,,0,31,,100620,59,,,0,70,,88831,59,,,0,30,,88829,59,,,0,69,,100621,59,,,0,30,,88832,59,,,0,70,,88839,59,,,0,30,,88840,59,,,0,70,,88838,59,,,0,30,,88842,59,,,0,73,,88841,59,,,0,30,,88844,59,,,0,70,,88843,59,,,0,30,,88845,59,,,0,71,,88846,59,,,0,70,,88847,59,,,0
2201,'5461',818,,88859,59,,,0,40,,88860,59,,,0,70,,88852,59,,,0,28,,88853,59,,,0,71,,88862,59,,,0,30,,88861,59,,,0,69,,88851,59,,,0,31,,88855,59,,,0,70,,88856,59,,,0,30,,88854,59,,,0,69,,88858,59,,,0,30,,88857,59,,,0,70,,88864,59,,,0,30,,88865,59,,,0,70,,88863,59,,,0,30,,100625,59,,,0,73,,88866,59,,,0,30,,88869,59,,,0,70,,88868,59,,,0,30,,100626,59,,,0,71,,88871,59,,,0,70,,88872,59,,,0
2201,'5462',818,,88884,59,,,0,40,,88885,59,,,0,70,,88877,59,,,0,28,,88878,59,,,0,71,,88887,59,,,0,30,,88886,59,,,0,69,,88876,59,,,0,31,,88880,59,,,0,70,,88881,59,,,0,30,,88879,59,,,0,69,,88883,59,,,0,30,,88882,59,,,0,70,,88889,59,,,0,30,,88890,59,,,0,70,,88888,59,,,0,30,,100629,59,,,0,73,,88891,59,,,0,30,,88894,59,,,0,70,,88893,59,,,0,30,,100630,59,,,0,71,,88896,59,,,0,70,,88897,59,,,0
2201,'5463',818,,88909,59,,,0,40,,88910,59,,,0,70,,88902,59,,,0,28,,88903,59,,,0,71,,88912,59,,,0,30,,88911,59,,,0,69,,88901,59,,,0,31,,88905,59,,,0,70,,88906,59,,,0,30,,88904,59,,,0,69,,88908,59,,,0,30,,88907,59,,,0,70,,88914,59,,,0,30,,88915,59,,,0,70,,88913,59,,,0,30,,100633,59,,,0,73,,88916,59,,,0,30,,88919,59,,,0,70,,88918,59,,,0,30,,100634,59,,,0,71,,88921,59,,,0,70,,88922,59,,,0
1002201,'5456',736,,105669,61,,,0,219,,105670,61,,,0,200,,105671,61,,,0,199,,105672,47,,,0,175,,105673,47,,,0,200,,105674,47,,,0,130,,98214,47,,,0,170,,98215,47,,,0
1002201,'5458',736,,105676,61,,,0,219,,105677,61,,,0,200,,105678,61,,,0,199,,105679,47,,,0,175,,105681,47,,,0,200,,105682,47,,,0,130,,98223,47,,,0,170,,98224,47,,,0
