2701,'5456',533,,90458,19,,,0,82,,90459,19,,,0,27,,90460,19,,,0,62,,90461,19,,,0,31,,90462,19,,,0,65,,90463,19,,,0,23,,90464,19,,,0,29,,90465,19,,,0,60,,90466,19,,,0,23,,90467,19,,,0,24,,90468,19,,,0,64,,90469,19,,,0,26,,90470,19,,,0,66,,90471,19,,,0,28,,90472,19,,,0,66,,90473,19,,,0,26,,90474,19,,,0,66,,90475,19,,,0,26,,90476,19,,,0,26,,90477,19,,,0,65,,90478,19,,,0,26,,90479,19,,,0,65,,90480,19,,,0,22,,90514,19,,,0,7,,90481,19,,,0,21,,90482,19,,,0,73,,90483,19,,,0,71,,90484,19,,,0,33,,90485,19,,,0,68,,90486,19,,,0,14,,90487,19,,,0,12,,90488,19,,,0,15,,90489,19,,,0,55,,90490,19,,,0,16,,90491,19,,,0,20,,90492,19,,,0,23,,90493,19,,,0,66,,90494,19,,,0,28,,90495,19,,,0,69,,90496,19,,,0,26,,90497,19,,,0,69,,90498,19,,,0,30,,90499,19,,,0,76,,90500,19,,,0,79,,90501,19,,,0,37,,90502,19,,,0
2701,'5458',533,,90515,19,,,0,82,,90516,19,,,0,27,,90517,19,,,0,62,,90518,19,,,0,31,,90519,19,,,0,65,,90520,19,,,0,23,,90521,19,,,0,29,,90522,19,,,0,60,,90523,19,,,0,23,,90524,19,,,0,24,,90525,19,,,0,64,,90526,19,,,0,26,,90527,19,,,0,66,,90528,19,,,0,28,,90529,19,,,0,66,,90530,19,,,0,26,,90531,19,,,0,66,,90532,19,,,0,26,,90533,19,,,0,26,,90534,19,,,0,64,,90536,19,,,0,1,,90535,19,,,0,26,,90537,19,,,0,65,,90538,19,,,0,22,,90575,19,,,0,28,,90539,19,,,0,73,,90540,19,,,0,71,,90541,19,,,0,33,,90542,19,,,0,68,,90543,19,,,0,14,,90544,19,,,0,12,,90545,19,,,0,15,,90546,19,,,0,55,,90547,19,,,0,16,,90548,19,,,0,20,,90549,19,,,0,23,,90550,19,,,0,66,,90551,19,,,0,28,,90552,19,,,0,69,,90553,19,,,0,26,,90554,19,,,0,69,,90555,19,,,0,30,,90556,19,,,0,76,,90557,19,,,0,79,,90558,19,,,0,37,,90559,19,,,0,81,,90560,19,,,0,80,,90561,19,,,0,38,,90562,19,4,,0,78,,90563,19,4,,0
2701,'5459',636,,90576,19,,,0,81,,90577,19,,,0,30,,90578,19,,,0,70,,90579,19,,,0,29,,90580,19,,,0,66,,90581,19,,,0,27,,90582,19,,,0,68,,90583,19,,,0,27,,90584,19,,,0,25,,90585,19,,,0,62,,90586,19,,,0,22,,90587,19,,,0,62,,90588,19,,,0,21,,90589,19,,,0,22,,90590,19,,,0,63,,90591,19,,,0,24,,90592,19,,,0,22,,90593,19,,,0,63,,90594,19,,,0,23,,90595,19,,,0,61,,90596,19,,,0,21,,90597,19,,,0,22,,90598,19,,,0,62,,90599,19,,,0,20,,90600,19,,,0,20,,90601,19,,,0,60,,90602,19,,,0,21,,90603,19,,,0,20,,90604,19,,,0,60,,90605,19,,,0,18,,90606,19,,,0,20,,90607,19,,,0,60,,90608,19,,,0,21,,90609,19,,,0,26,,90610,19,,,0,66,,90611,19,,,0,28,,90612,19,,,0,70,,90613,19,,,0,29,,90614,19,,,0,69,,90615,19,,,0,29,,90616,19,,,0,72,,90617,19,,,0,31,,90618,19,,,0,70,,90619,19,,,0,31,,90620,19,,,0,69,,90621,19,,,0,29,,90622,19,,,0,70,,90623,19,,,0,30,,90624,19,4,,0,68,,90625,19,4,,0
2701,'5460',706,,90627,19,,,0,43,,90628,19,,,0,70,,90629,19,,,0,29,,90630,19,,,0,71,,90631,19,,,0,31,,90626,19,,,0,72,,90632,19,,,0,25,,90633,19,,,0,67,,90634,19,,,0,27,,90635,19,,,0,65,,90636,19,,,0,25,,90637,19,,,0,24,,90638,19,,,0,63,,90639,19,,,0,22,,90640,19,,,0,63,,90641,19,,,0,24,,90642,19,,,0,23,,90643,19,,,0,62,,90644,19,,,0,23,,90645,19,,,0,23,,90646,19,,,0,63,,90647,19,,,0,23,,90648,19,,,0,62,,90649,19,,,0,23,,90650,19,,,0,23,,90651,19,,,0,63,,90652,19,,,0,22,,90653,19,,,0,64,,90654,19,,,0,26,,90655,19,,,0,25,,90656,19,,,0,68,,90657,19,,,0,28,,90658,19,,,0,70,,90659,19,,,0,29,,90660,19,,,0,75,,90661,19,,,0,82,,90662,19,,,0,37,,90663,19,,,0,102,,90664,19,4,,0
2701,'5461',706,,90666,19,,,0,43,,90667,19,,,0,70,,90668,19,,,0,29,,90669,19,,,0,71,,90670,19,,,0,31,,90665,19,,,0,72,,90671,19,,,0,25,,90672,19,,,0,67,,90673,19,,,0,27,,90674,19,,,0,65,,90675,19,,,0,25,,90676,19,,,0,24,,90677,19,,,0,63,,90678,19,,,0,22,,90679,19,,,0,63,,90680,19,,,0,24,,90681,19,,,0,23,,90682,19,,,0,62,,90683,19,,,0,23,,90684,19,,,0,23,,90685,19,,,0,63,,90686,19,,,0,23,,90687,19,,,0,62,,90688,19,,,0,23,,90689,19,,,0,23,,90690,19,,,0,63,,90691,19,,,0,22,,90692,19,,,0,64,,90693,19,,,0,26,,90694,19,,,0,25,,90695,19,,,0,68,,90696,19,,,0,28,,90697,19,,,0,70,,90698,19,,,0,29,,90699,19,,,0,75,,90700,19,,,0,82,,90701,19,,,0,37,,90702,19,,,0,102,,90703,19,4,,0
2701,'5462',706,,90705,19,,,0,43,,90706,19,,,0,70,,90707,19,,,0,29,,90708,19,,,0,71,,90709,19,,,0,31,,90704,19,,,0,72,,90710,19,,,0,25,,90711,19,,,0,67,,90712,19,,,0,27,,90713,19,,,0,65,,90714,19,,,0,25,,90715,19,,,0,24,,90716,19,,,0,63,,90717,19,,,0,22,,90718,19,,,0,63,,90719,19,,,0,24,,90720,19,,,0,23,,90721,19,,,0,62,,90722,19,,,0,23,,90723,19,,,0,23,,90724,19,,,0,63,,90725,19,,,0,23,,90726,19,,,0,62,,90727,19,,,0,23,,90728,19,,,0,23,,90729,19,,,0,63,,90730,19,,,0,22,,90731,19,,,0,64,,90732,19,,,0,26,,90733,19,,,0,25,,90734,19,,,0,68,,90735,19,,,0,28,,90736,19,,,0,70,,90737,19,,,0,29,,90738,19,,,0,75,,90739,19,,,0,82,,90740,19,,,0,37,,90741,19,,,0,102,,90742,19,4,,0
2701,'5463',706,,90744,19,,,0,43,,90745,19,,,0,70,,90746,19,,,0,29,,90747,19,,,0,71,,90748,19,,,0,31,,90743,19,,,0,72,,90749,19,,,0,25,,90750,19,,,0,67,,90751,19,,,0,27,,90752,19,,,0,65,,90753,19,,,0,25,,90754,19,,,0,24,,90755,19,,,0,63,,90756,19,,,0,22,,90757,19,,,0,63,,90758,19,,,0,24,,90759,19,,,0,23,,90760,19,,,0,62,,90761,19,,,0,23,,90762,19,,,0,23,,90763,19,,,0,63,,90764,19,,,0,23,,90765,19,,,0,62,,90766,19,,,0,23,,90767,19,,,0,23,,90768,19,,,0,63,,90769,19,,,0,22,,90770,19,,,0,64,,90771,19,,,0,26,,90772,19,,,0,25,,90773,19,,,0,68,,90774,19,,,0,28,,90775,19,,,0,70,,90776,19,,,0,29,,90777,19,,,0,75,,90778,19,,,0,82,,90779,19,,,0,37,,90780,19,,,0,102,,90781,19,4,,0
2801,'5456',601,,91090,24,,,0,28,,91091,24,,,0,25,,91092,24,,,0,62,,91093,24,,,0,13,,91094,24,,,0,12,,91095,24,,,0,11,,91096,24,,,0,52,,91097,24,,,0,12,,91098,24,,,0,12,,91099,24,,,0,14,,91100,24,,,0,60,,91101,24,,,0,21,,91102,24,,,0,25,,91103,24,,,0,64,,91104,24,,,0,24,,91105,24,,,0,66,,91106,24,,,0,27,,91107,24,,,0,27,,91108,24,,,0,66,,91109,24,,,0,26,,91110,24,,,0,66,,91111,24,,,0,26,,91112,24,,,0,66,,91113,24,,,0,26,,91114,24,,,0,24,,91115,24,,,0,66,,91116,24,,,0,22,,91117,24,,,0,72,,91118,24,,,0,32,,91119,24,,,0,61,,91137,24,,,0,13,,91120,24,,,0,30,,91121,24,,,0,173,,91122,24,,,0,21,,91123,24,,,0,66,,91124,24,,,0,29,,91125,24,,,0,66,,91126,24,,,0,26,,91127,24,,,0,69,,91128,24,,,0,30,,91129,24,,,0,71,,91130,24,,,0,38,,91131,24,,,0,77,,91132,24,,,0,40,,91133,24,,,0
2801,'5458',601,,91138,24,,,0,28,,91139,24,,,0,25,,91140,24,,,0,62,,91141,24,,,0,13,,91142,24,,,0,12,,91143,24,,,0,11,,91144,24,,,0,52,,91145,24,,,0,12,,91146,24,,,0,12,,91147,24,,,0,14,,91148,24,,,0,60,,91149,24,,,0,21,,91150,24,,,0,25,,91151,24,,,0,64,,91152,24,,,0,24,,91153,24,,,0,66,,91154,24,,,0,27,,91155,24,,,0,27,,91156,24,,,0,66,,91157,24,,,0,26,,91158,24,,,0,66,,91159,24,,,0,26,,91160,24,,,0,66,,91161,24,,,0,26,,91162,24,,,0,24,,91163,24,,,0,66,,91164,24,,,0,22,,91165,24,,,0,72,,91166,24,,,0,32,,91167,24,,,0,61,,91188,24,,,0,13,,91168,24,,,0,30,,91169,24,,,0,173,,91170,24,,,0,21,,91171,24,,,0,66,,91172,24,,,0,29,,91173,24,,,0,66,,91174,24,,,0,26,,91175,24,,,0,69,,91176,24,,,0,30,,91177,24,,,0,71,,91178,24,,,0,38,,91179,24,,,0,77,,91180,24,,,0,40,,91181,24,,,0,80,,91182,24,,,0,79,,91183,24,4,,0,40,,91184,24,4,,0
2801,'5459',657,,91190,24,,,0,75,,91191,24,,,0,70,,91192,24,,,0,29,,91189,24,,,0,28,,91193,24,,,0,67,,91194,24,,,0,27,,91195,24,,,0,67,,91196,24,,,0,26,,91197,24,,,0,63,,91198,24,,,0,23,,91199,24,,,0,22,,91200,24,,,0,62,,91201,24,,,0,21,,91202,24,,,0,22,,91203,24,,,0,64,,91204,24,,,0,22,,91205,24,,,0,64,,91206,24,,,0,21,,91207,24,,,0,24,,91208,24,,,0,60,,91209,24,,,0,21,,91210,24,,,0,23,,91211,24,,,0,60,,91212,24,,,0,21,,91213,24,,,0,20,,91214,24,,,0,60,,91215,24,,,0,21,,91216,24,,,0,60,,91217,24,,,0,20,,91218,24,,,0,18,,91219,24,,,0,21,,91220,24,,,0,60,,91221,24,,,0,23,,91222,24,,,0,66,,91223,24,,,0,27,,91224,24,,,0,69,,91225,24,,,0,30,,91226,24,,,0,69,,91227,24,,,0,28,,91228,24,,,0,70,,91229,24,,,0,33,,91230,24,,,0,70,,91231,24,,,0,30,,91232,24,,,0,71,,91233,24,,,0,28,,91234,24,,,0,70,,91235,24,,,0,29,,91236,24,4,,0,70,,91237,24,4,,0
2801,'5460',636,,91238,24,,,0,98,,91239,24,,,0,70,,91240,24,,,0,31,,91241,24,,,0,68,,91242,24,,,0,31,,91243,24,,,0,71,,91244,24,,,0,29,,91245,24,,,0,67,,91246,24,,,0,26,,91247,24,,,0,27,,91248,24,,,0,64,,91249,24,,,0,24,,91250,24,,,0,64,,91251,24,,,0,22,,91252,24,,,0,22,,91253,24,,,0,64,,91254,24,,,0,24,,91255,24,,,0,63,,91256,24,,,0,22,,91257,24,,,0,23,,91258,24,,,0,63,,91259,24,,,0,24,,91260,24,,,0,22,,91261,24,,,0,63,,91262,24,,,0,22,,91263,24,,,0,63,,91264,24,,,0,22,,91265,24,,,0,24,,91266,24,,,0,64,,91267,24,,,0,27,,91268,24,,,0,66,,91269,24,,,0,29,,91270,24,,,0,69,,91271,24,,,0,29,,91272,24,,,0,70,,91273,24,,,0,40,,91274,24,,,0,79,,91275,24,,,0,86,,91276,24,,,0
2801,'5461',636,,91277,24,,,0,98,,91278,24,,,0,70,,91279,24,,,0,31,,91280,24,,,0,68,,91281,24,,,0,31,,91282,24,,,0,71,,91283,24,,,0,29,,91284,24,,,0,67,,91285,24,,,0,26,,91286,24,,,0,27,,91287,24,,,0,64,,91288,24,,,0,24,,91289,24,,,0,64,,91290,24,,,0,22,,91291,24,,,0,22,,91292,24,,,0,64,,91293,24,,,0,24,,91294,24,,,0,63,,91295,24,,,0,22,,91296,24,,,0,23,,91297,24,,,0,63,,91298,24,,,0,24,,91299,24,,,0,22,,91300,24,,,0,63,,91301,24,,,0,22,,91302,24,,,0,63,,91303,24,,,0,22,,91304,24,,,0,24,,91305,24,,,0,64,,91306,24,,,0,27,,91307,24,,,0,66,,91308,24,,,0,29,,91309,24,,,0,69,,91310,24,,,0,29,,91311,24,,,0,70,,91312,24,,,0,40,,91313,24,,,0,79,,91314,24,,,0,86,,91315,24,,,0
2801,'5462',636,,91316,24,,,0,98,,91317,24,,,0,70,,91318,24,,,0,31,,91319,24,,,0,68,,91320,24,,,0,31,,91321,24,,,0,71,,91322,24,,,0,29,,91323,24,,,0,67,,91324,24,,,0,26,,91325,24,,,0,27,,91326,24,,,0,64,,91327,24,,,0,24,,91328,24,,,0,64,,91329,24,,,0,22,,91330,24,,,0,22,,91331,24,,,0,64,,91332,24,,,0,24,,91333,24,,,0,63,,91334,24,,,0,22,,91335,24,,,0,23,,91336,24,,,0,63,,91337,24,,,0,24,,91338,24,,,0,22,,91339,24,,,0,63,,91340,24,,,0,22,,91341,24,,,0,63,,91342,24,,,0,22,,91343,24,,,0,24,,91344,24,,,0,64,,91345,24,,,0,27,,91346,24,,,0,66,,91347,24,,,0,29,,91348,24,,,0,69,,91349,24,,,0,29,,91350,24,,,0,70,,91351,24,,,0,40,,91352,24,,,0,79,,91353,24,,,0,86,,91354,24,,,0
2801,'5463',636,,91355,24,,,0,98,,91356,24,,,0,70,,91357,24,,,0,31,,91358,24,,,0,68,,91359,24,,,0,31,,91360,24,,,0,71,,91361,24,,,0,29,,91362,24,,,0,67,,91363,24,,,0,26,,91364,24,,,0,27,,91365,24,,,0,64,,91366,24,,,0,24,,91367,24,,,0,64,,91368,24,,,0,22,,91369,24,,,0,22,,91370,24,,,0,64,,91371,24,,,0,24,,91372,24,,,0,63,,91373,24,,,0,22,,91374,24,,,0,23,,91375,24,,,0,63,,91376,24,,,0,24,,91377,24,,,0,22,,91378,24,,,0,63,,91379,24,,,0,22,,91380,24,,,0,63,,91381,24,,,0,22,,91382,24,,,0,24,,91383,24,,,0,64,,91384,24,,,0,27,,91385,24,,,0,66,,91386,24,,,0,29,,91387,24,,,0,69,,91388,24,,,0,29,,91389,24,,,0,70,,91390,24,,,0,40,,91391,24,,,0,79,,91392,24,,,0,86,,91393,24,,,0
24002701,'5456',721,,98539,23,0,5,0,25,,98540,23,0,5,0,64,,98541,23,0,5,0,25,,98542,23,0,5,0
24002701,'5458',721,,98543,23,0,5,0,25,,98544,23,0,5,0,64,,98545,23,0,5,0,25,,98546,23,0,5,0
