400,'5456',615,,82744,29,4,,0,22,,82741,29,4,,0,20,,82757,29,4,,0,63,,82738,29,4,,0,15,,82767,29,4,,0,16,,82804,29,4,,0,60,,82785,29,4,,0,12,,82784,23,4,,0,4,,82778,29,4,,0,6,,82743,23,4,,0,4,,82747,29,4,,0,4,,82742,29,4,,0,9,,82759,23,4,,0,5,,82762,29,4,,0,47,,82755,23,4,,0,7,,82768,29,4,,0,6,,82748,23,4,,0,8,,82749,29,4,,0,7,,82754,23,4,,0,7,,82758,29,4,,0,12,,82750,29,4,,0,53,,82772,29,4,,0,14,,82752,29,4,,0,14,,82770,29,4,,0,13,,82775,29,4,,0,13,,82777,29,4,,0,53,,82780,29,4,,0,13,,82779,29,4,,0,14,,82781,29,4,,0,14,,82790,29,4,,0,55,,82792,29,4,,0,13,,82799,29,4,,0,14,,82797,29,4,,0,13,,82794,29,4,,0,14,,82809,29,4,,0,53,,82805,29,4,,0,15,,82760,29,4,,0,15,,82814,29,4,,0,4,,82816,22,4,,0,9,,82751,29,4,,0,54,,82765,29,4,,0,14,,82766,29,4,,0,12,,82745,29,4,,0,13,,82746,29,4,,0,53,,82773,29,4,,0,14,,82740,29,4,,0,15,,82771,29,4,,0,18,,82774,29,4,,0,58,,82783,29,4,,0,17,,82787,29,4,,0,17,,82782,29,4,,0,19,,82786,29,4,,0,55,,82791,29,4,,0,17,,82789,29,4,,0,17,,82796,29,4,,0,54,,82793,29,4,,0,13,,82798,29,4,,0,12,,82802,29,4,,0,14,,82810,29,4,,0,14,,82815,29,4,,0,53,,82739,29,4,,0,14,,82763,29,4,,0,15,,82753,29,4,,0,15,,82756,29,4,,0,55,,82776,29,4,,0,13,,82795,29,4,,0,15,,82769,29,4,,0,16,,82788,29,4,,0,57,,82764,29,4,,0,17,,82800,29,4,,0,14,,82761,29,4,,0,16,,82811,29,4,,0,58,,82801,29,4,,0,20,,82806,29,4,,0,20,,82812,29,4,,0,62,,82807,29,4,,0,24,,82813,29,4,,0,69,,82808,29,4,,0,28,,82803,29,4,,0
400,'5458',615,,82824,29,4,,0,22,,82821,29,4,,0,20,,82838,29,4,,0,63,,82817,29,4,,0,15,,82848,29,4,,0,16,,82885,29,4,,0,60,,82866,29,4,,0,12,,82865,23,4,,0,4,,82859,29,4,,0,6,,82823,23,4,,0,4,,82827,29,4,,0,4,,82822,29,4,,0,9,,82840,23,4,,0,5,,82843,29,4,,0,47,,82836,23,4,,0,7,,82849,29,4,,0,6,,82828,23,4,,0,8,,82829,29,4,,0,7,,82835,23,4,,0,7,,82839,29,4,,0,12,,82830,29,4,,0,53,,82853,29,4,,0,14,,82832,29,4,,0,14,,82851,29,4,,0,13,,82856,29,4,,0,13,,82858,29,4,,0,53,,82861,29,4,,0,13,,82860,29,4,,0,14,,82862,29,4,,0,14,,82871,29,4,,0,55,,82873,29,4,,0,13,,82880,29,4,,0,14,,82878,29,4,,0,13,,82875,29,4,,0,14,,82890,29,4,,0,53,,82886,29,4,,0,15,,82841,29,4,,0,15,,82897,29,4,,0,4,,82900,22,4,,0,9,,82831,29,4,,0,54,,82846,29,4,,0,14,,82847,29,4,,0,12,,82825,29,4,,0,13,,82826,29,4,,0,53,,82854,29,4,,0,14,,82820,29,4,,0,15,,82852,29,4,,0,18,,82855,29,4,,0,58,,82864,29,4,,0,17,,82868,29,4,,0,17,,82863,29,4,,0,19,,82867,29,4,,0,55,,82872,29,4,,0,17,,82870,29,4,,0,17,,82877,29,4,,0,54,,82874,29,4,,0,13,,82879,29,4,,0,12,,82883,29,4,,0,14,,82891,29,4,,0,14,,82898,29,4,,0,53,,82819,29,4,,0,14,,82844,29,4,,0,15,,82833,29,4,,0,15,,82837,29,4,,0,55,,82857,29,4,,0,13,,82876,29,4,,0,15,,82850,29,4,,0,16,,82869,29,4,,0,57,,82845,29,4,,0,17,,82881,29,4,,0,14,,82842,29,4,,0,16,,82892,29,4,,0,58,,82882,29,4,,0,20,,82887,29,4,,0,20,,82894,29,4,,0,62,,82888,29,4,,0,24,,82895,29,4,,0,69,,82889,29,4,,0,28,,82884,29,4,,0,70,,82893,29,4,,0,30,,82896,29,4,,0,69,,82899,29,4,,0,30,,82818,29,4,,0,70,,82834,29,4,,0
400,'5459',700,,82944,29,4,,0,26,,82925,29,4,,0,22,,82930,29,4,,0,60,,82937,29,4,,0,21,,82919,29,4,,0,18,,82935,29,4,,0,58,,82939,29,4,,0,16,,82920,29,4,,0,16,,82910,29,4,,0,16,,82936,29,4,,0,56,,82942,29,4,,0,16,,82904,29,4,,0,17,,82913,29,4,,0,15,,82907,29,4,,0,56,,82966,29,4,,0,17,,82927,29,4,,0,15,,82926,29,4,,0,56,,82902,29,4,,0,16,,82914,29,4,,0,15,,82924,29,4,,0,15,,82934,29,4,,0,55,,82943,29,4,,0,15,,82901,29,4,,0,16,,82908,29,4,,0,16,,82918,29,4,,0,57,,82928,29,4,,0,16,,82938,29,4,,0,16,,82906,29,4,,0,15,,82911,29,4,,0,56,,82921,29,4,,0,16,,82933,29,4,,0,16,,82941,29,4,,0,16,,82903,29,4,,0,56,,82917,29,4,,0,15,,82912,29,4,,0,16,,82931,29,4,,0,56,,82940,29,4,,0,15,,82915,29,4,,0,16,,82922,29,4,,0,15,,82905,29,4,,0,56,,82932,29,4,,0,15,,82929,29,4,,0,16,,82916,29,4,,0,15,,82909,29,4,,0,58,,82923,29,4,,0,18,,82948,29,4,,0,18,,82945,29,4,,0,58,,82947,29,4,,0,18,,82946,29,4,,0,17,,82962,29,4,,0,17,,82954,29,4,,0,58,,82953,29,4,,0,18,,82955,29,4,,0,18,,82956,29,4,,0,58,,82963,29,4,,0,18,,82959,29,4,,0,24,,82960,29,4,,0,63,,82958,29,4,,0,29,,82957,29,4,,0,70,,82961,29,4,,0,30,,82964,29,4,,0,69,,82965,29,4,,0,28,,82952,29,4,,0,69,,82949,29,4,,0,30,,82950,29,4,,0,70,,82951,29,4,,0
400,'5460',809,,82967,29,4,,0,30,,82968,29,4,,0,72,,82969,29,4,,0,31,,82970,29,4,,0,71,,82971,29,4,,0,30,,82972,29,4,,0,60,,82973,29,4,,0,21,,82974,29,4,,0,20,,82975,29,4,,0,60,,82976,29,4,,0,20,,82977,29,4,,0,21,,82978,29,4,,0,61,,82979,29,4,,0,20,,82980,29,4,,0,20,,82981,29,4,,0,60,,82982,29,4,,0,20,,82983,29,4,,0,19,,83010,29,4,,0,58,,82984,29,4,,0,17,,82985,29,4,,0,16,,82986,29,4,,0,16,,82987,29,4,,0,56,,83012,29,4,,0,16,,82988,29,4,,0,16,,82989,29,4,,0,16,,82990,29,4,,0,56,,82991,29,4,,0,15,,83011,29,4,,0,14,,82992,29,4,,0,17,,82993,29,4,,0,57,,82994,29,4,,0,18,,82995,29,4,,0,17,,82996,29,4,,0,56,,82997,29,4,,0,18,,82998,29,4,,0,18,,82999,29,4,,0,58,,83000,29,4,,0,18,,83013,29,4,,0,17,,83001,29,4,,0,20,,83002,29,4,,0,60,,83003,29,4,,0,24,,83004,29,4,,0,69,,83005,29,4,,0,31,,83006,29,4,,0,69,,83007,29,4,,0,29,,83008,29,4,,0,81,,83009,29,4,,0
400,'5461',809,,83014,29,4,,0,30,,83015,29,4,,0,72,,83016,29,4,,0,31,,83017,29,4,,0,71,,83018,29,4,,0,30,,83019,29,4,,0,60,,83020,29,4,,0,21,,83021,29,4,,0,20,,83022,29,4,,0,60,,83023,29,4,,0,20,,83024,29,4,,0,21,,83025,29,4,,0,61,,83026,29,4,,0,20,,83027,29,4,,0,20,,83028,29,4,,0,60,,83029,29,4,,0,20,,83030,29,4,,0,19,,83057,29,4,,0,58,,83031,29,4,,0,17,,83032,29,4,,0,16,,83033,29,4,,0,16,,83034,29,4,,0,56,,83059,29,4,,0,16,,83035,29,4,,0,16,,83036,29,4,,0,16,,83037,29,4,,0,56,,83038,29,4,,0,15,,83058,29,4,,0,14,,83039,29,4,,0,17,,83040,29,4,,0,57,,83041,29,4,,0,18,,83042,29,4,,0,17,,83043,29,4,,0,56,,83044,29,4,,0,18,,83045,29,4,,0,18,,83046,29,4,,0,58,,83047,29,4,,0,18,,83060,29,4,,0,17,,83048,29,4,,0,20,,83049,29,4,,0,60,,83050,29,4,,0,24,,83051,29,4,,0,69,,83052,29,4,,0,31,,83053,29,4,,0,69,,83054,29,4,,0,29,,83055,29,4,,0,81,,83056,29,4,,0
400,'5462',809,,83061,29,4,,0,30,,83062,29,4,,0,72,,83063,29,4,,0,31,,83064,29,4,,0,71,,83065,29,4,,0,30,,83066,29,4,,0,60,,83067,29,4,,0,21,,83068,29,4,,0,20,,83069,29,4,,0,60,,83070,29,4,,0,20,,83071,29,4,,0,21,,83072,29,4,,0,61,,83073,29,4,,0,20,,83074,29,4,,0,20,,83075,29,4,,0,60,,83076,29,4,,0,20,,83077,29,4,,0,19,,83104,29,4,,0,58,,83078,29,4,,0,17,,83079,29,4,,0,16,,83080,29,4,,0,16,,83081,29,4,,0,56,,83106,29,4,,0,16,,83082,29,4,,0,16,,83083,29,4,,0,16,,83084,29,4,,0,56,,83085,29,4,,0,15,,83105,29,4,,0,14,,83086,29,4,,0,17,,83087,29,4,,0,57,,83088,29,4,,0,18,,83089,29,4,,0,17,,83090,29,4,,0,56,,83091,29,4,,0,18,,83092,29,4,,0,18,,83093,29,4,,0,58,,83094,29,4,,0,18,,83107,29,4,,0,17,,83095,29,4,,0,20,,83096,29,4,,0,60,,83097,29,4,,0,24,,83098,29,4,,0,69,,83099,29,4,,0,31,,83100,29,4,,0,69,,83101,29,4,,0,29,,83102,29,4,,0,81,,83103,29,4,,0
400,'5463',809,,83108,29,4,,0,30,,83109,29,4,,0,72,,83110,29,4,,0,31,,83111,29,4,,0,71,,83112,29,4,,0,30,,83113,29,4,,0,60,,83114,29,4,,0,21,,83115,29,4,,0,20,,83116,29,4,,0,60,,83117,29,4,,0,20,,83118,29,4,,0,21,,83119,29,4,,0,61,,83120,29,4,,0,20,,83121,29,4,,0,20,,83122,29,4,,0,60,,83123,29,4,,0,20,,83124,29,4,,0,19,,83151,29,4,,0,58,,83125,29,4,,0,17,,83126,29,4,,0,16,,83127,29,4,,0,16,,83128,29,4,,0,56,,83153,29,4,,0,16,,83129,29,4,,0,16,,83130,29,4,,0,16,,83131,29,4,,0,56,,83132,29,4,,0,15,,83152,29,4,,0,14,,83133,29,4,,0,17,,83134,29,4,,0,57,,83135,29,4,,0,18,,83136,29,4,,0,17,,83137,29,4,,0,56,,83138,29,4,,0,18,,83139,29,4,,0,18,,83140,29,4,,0,58,,83141,29,4,,0,18,,83154,29,4,,0,17,,83142,29,4,,0,20,,83143,29,4,,0,60,,83144,29,4,,0,24,,83145,29,4,,0,69,,83146,29,4,,0,31,,83147,29,4,,0,69,,83148,29,4,,0,29,,83149,29,4,,0,81,,83150,29,4,,0
1400,'5456',629,,86227,58,4,,0,20,,86228,58,4,,0,58,,86229,58,4,,0,17,,86230,58,4,,0,17,,86231,58,4,,0,7,,86218,29,4,,0,7,,86232,58,4,,0,51,,86233,58,4,,0,8,,86219,29,4,,0,6,,86234,58,4,,0,6,,86220,29,4,,0,6,,86235,58,4,,0,8,,86221,29,4,,0,5,,86236,58,4,,0,7,,86222,29,4,,0,5,,86237,58,4,,0,47,,86223,29,4,,0,3,,86238,58,4,,0,3,,86239,58,4,,0,5,,86240,58,4,,0,5,,86241,58,4,,0,8,,86224,29,4,,0,6,,86242,58,4,,0,6,,86225,29,4,,0,6,,86243,58,4,,0,7,,86226,29,4,,0,6,,86244,58,4,,0,51,,86245,58,4,,0,12,,86246,58,4,,0,12,,86247,58,4,,0,13,,86248,58,4,,0,54,,86249,58,4,,0,13,,86250,58,4,,0,13,,86251,58,4,,0,13,,86252,58,4,,0,13,,86253,58,4,,0,54,,86254,58,4,,0,13,,86255,58,4,,0,13,,86256,58,4,,0,13,,86257,58,4,,0,12,,86258,58,4,,0,53,,86259,58,4,,0,14,,86260,58,4,,0,13,,86261,58,4,,0,13,,86262,58,4,,0,54,,86263,58,4,,0,13,,86264,58,4,,0,14,,86265,58,4,,0,12,,86266,58,4,,0,15,,86267,58,4,,0,51,,86268,58,4,,0,13,,86269,58,4,,0,21,,86270,58,4,,0,7,,86301,58,4,,0,7,,86271,58,4,,0,57,,86272,58,4,,0,16,,86273,58,4,,0,15,,86274,58,4,,0,55,,86275,58,4,,0,13,,86276,58,4,,0,16,,86277,58,4,,0,14,,86278,58,4,,0,15,,86279,58,4,,0,56,,86280,58,4,,0,15,,86281,58,4,,0,13,,86282,58,4,,0,14,,86283,58,4,,0,54,,86284,58,4,,0,13,,86285,58,4,,0,14,,86286,58,4,,0,15,,86287,58,4,,0,57,,86288,58,4,,0,19,,86289,58,4,,0,18,,86290,58,4,,0,60,,86291,58,4,,0,20,,86292,58,4,,0,20,,86293,58,4,,0,60,,86294,58,4,,0,20,,86295,58,4,,0,19,,86296,58,4,,0,70,,86297,58,4,,0,30,,86298,58,4,,0,70,,86299,58,4,,0,28,,86300,58,4,,0
1400,'5458',629,,86311,58,4,,0,20,,86312,58,4,,0,58,,86313,58,4,,0,17,,86314,58,4,,0,17,,86315,58,4,,0,7,,86302,29,4,,0,7,,86316,58,4,,0,51,,86317,58,4,,0,8,,86303,29,4,,0,6,,86318,58,4,,0,6,,86304,29,4,,0,6,,86319,58,4,,0,8,,86305,29,4,,0,5,,86320,58,4,,0,7,,86306,29,4,,0,5,,86321,58,4,,0,47,,86307,29,4,,0,3,,86322,58,4,,0,3,,86323,58,4,,0,5,,86324,58,4,,0,5,,86325,58,4,,0,8,,86308,29,4,,0,6,,86326,58,4,,0,6,,86309,29,4,,0,6,,86327,58,4,,0,7,,86310,29,4,,0,6,,86328,58,4,,0,51,,86329,58,4,,0,12,,86330,58,4,,0,12,,86331,58,4,,0,13,,86332,58,4,,0,54,,86333,58,4,,0,13,,86334,58,4,,0,13,,86335,58,4,,0,13,,86336,58,4,,0,13,,86337,58,4,,0,54,,86338,58,4,,0,13,,86339,58,4,,0,13,,86340,58,4,,0,13,,86341,58,4,,0,12,,86342,58,4,,0,53,,86343,58,4,,0,14,,86344,58,4,,0,13,,86345,58,4,,0,13,,86346,58,4,,0,54,,86347,58,4,,0,13,,86348,58,4,,0,14,,86349,58,4,,0,12,,86350,58,4,,0,15,,86351,58,4,,0,51,,86352,58,4,,0,13,,86353,58,4,,0,21,,86354,58,4,,0,7,,86389,58,4,,0,7,,86355,58,4,,0,57,,86356,58,4,,0,16,,86357,58,4,,0,15,,86358,58,4,,0,55,,86359,58,4,,0,13,,86360,58,4,,0,16,,86361,58,4,,0,14,,86362,58,4,,0,15,,86363,58,4,,0,56,,86364,58,4,,0,15,,86365,58,4,,0,13,,86366,58,4,,0,14,,86367,58,4,,0,54,,86368,58,4,,0,13,,86369,58,4,,0,14,,86370,58,4,,0,15,,86371,58,4,,0,57,,86372,58,4,,0,19,,86373,58,4,,0,18,,86374,58,4,,0,60,,86375,58,4,,0,20,,86376,58,4,,0,20,,86377,58,4,,0,60,,86378,58,4,,0,20,,86379,58,4,,0,19,,86380,58,4,,0,70,,86381,58,4,,0,30,,86382,58,4,,0,70,,86383,58,4,,0,28,,86384,58,4,,0,70,,86385,58,4,,0,30,,86386,58,4,,0,70,,86387,58,4,,0,30,,86388,58,4,,0
1400,'5459',706,,86414,58,4,,0,21,,86415,58,4,,0,20,,86398,58,4,,0,59,,86413,58,4,,0,16,,86392,58,4,,0,15,,86397,58,4,,0,15,,86396,58,4,,0,55,,86412,58,4,,0,15,,86410,58,4,,0,15,,86395,58,4,,0,16,,86391,58,4,,0,55,,86411,58,4,,0,15,,86390,58,4,,0,16,,86400,58,4,,0,15,,86402,58,4,,0,55,,86416,58,4,,0,16,,86418,58,4,,0,16,,86403,58,4,,0,16,,86394,58,4,,0,56,,86417,58,4,,0,16,,86393,58,4,,0,16,,86399,58,4,,0,55,,86406,58,4,,0,15,,86419,58,4,,0,16,,86404,58,4,,0,15,,86420,58,4,,0,55,,86405,58,4,,0,15,,86407,58,4,,0,15,,86421,58,4,,0,16,,86409,58,4,,0,55,,86401,58,4,,0,16,,86408,58,4,,0,15,,86432,58,4,,0,15,,86430,58,4,,0,55,,86433,58,4,,0,14,,86427,58,4,,0,15,,86426,58,4,,0,14,,86423,58,4,,0,55,,86434,58,4,,0,14,,86428,58,4,,0,15,,86429,58,4,,0,15,,86436,58,4,,0,55,,86431,58,4,,0,15,,86424,58,4,,0,15,,86425,58,4,,0,14,,86435,58,4,,0,14,,86422,58,4,,0,54,,86440,58,4,,0,15,,86437,58,4,,0,15,,86438,58,4,,0,15,,86439,58,4,,0,55,,86441,58,4,,0,20,,86443,58,4,,0,20,,86444,58,4,,0,60,,86445,58,4,,0,20,,86446,58,4,,0,19,,86442,58,4,,0,60,,86450,58,4,,0,20,,86449,58,4,,0,21,,86448,58,4,,0,66,,86447,58,4,,0,30,,86451,58,4,,0,70,,86452,58,4,,0,30,,86453,58,4,,0,70,,86454,58,4,,0,29,,86455,58,4,,0,68,,86456,58,4,,0,29,,86457,58,4,,0
1400,'5460',659,,86502,58,4,,0,70,,86490,58,4,,0,30,,86512,58,4,,0,64,,86497,58,4,,0,20,,86468,58,4,,0,15,,86515,58,4,,0,55,,86496,58,4,,0,16,,86481,58,4,,0,15,,86488,58,4,,0,56,,86509,58,4,,0,15,,86472,58,4,,0,15,,86500,58,4,,0,15,,86469,58,4,,0,55,,86499,58,4,,0,15,,86473,58,4,,0,15,,86482,58,4,,0,16,,86489,58,4,,0,55,,86511,58,4,,0,15,,86471,58,4,,0,16,,86501,58,4,,0,15,,86474,58,4,,0,56,,86498,58,4,,0,15,,86470,58,4,,0,15,,86479,58,4,,0,14,,86459,58,4,,0,56,,86486,58,4,,0,15,,86508,58,4,,0,15,,86461,58,4,,0,15,,86495,58,4,,0,55,,86465,58,4,,0,15,,86492,58,4,,0,15,,86466,58,4,,0,15,,86477,58,4,,0,55,,86458,58,4,,0,15,,86485,58,4,,0,15,,86507,58,4,,0,15,,86464,58,4,,0,55,,86493,58,4,,0,15,,86462,58,4,,0,15,,86494,58,4,,0,15,,86463,58,4,,0,55,,86480,58,4,,0,15,,86460,58,4,,0,13,,86487,58,4,,0,15,,86510,58,4,,0,55,,86467,58,4,,0,14,,86504,58,4,,0,18,,86506,58,4,,0,20,,86476,58,4,,0,60,,86478,58,4,,0,20,,86491,58,4,,0,21,,86514,58,4,,0,69,,86503,58,4,,0,29,,86475,58,4,,0,70,,86483,58,4,,0,30,,86513,58,4,,0,68,,86505,58,4,,0,29,,86484,58,4,,0
1400,'5461',659,,86560,58,4,,0,70,,86548,58,4,,0,30,,86570,58,4,,0,64,,86555,58,4,,0,20,,86526,58,4,,0,15,,86573,58,4,,0,55,,86554,58,4,,0,16,,86539,58,4,,0,15,,86546,58,4,,0,56,,86567,58,4,,0,15,,86530,58,4,,0,15,,86558,58,4,,0,15,,86527,58,4,,0,55,,86557,58,4,,0,15,,86531,58,4,,0,15,,86540,58,4,,0,16,,86547,58,4,,0,55,,86569,58,4,,0,15,,86529,58,4,,0,16,,86559,58,4,,0,15,,86532,58,4,,0,56,,86556,58,4,,0,15,,86528,58,4,,0,15,,86537,58,4,,0,14,,86517,58,4,,0,56,,86544,58,4,,0,15,,86566,58,4,,0,15,,86519,58,4,,0,15,,86553,58,4,,0,55,,86523,58,4,,0,15,,86550,58,4,,0,15,,86524,58,4,,0,15,,86535,58,4,,0,55,,86516,58,4,,0,15,,86543,58,4,,0,15,,86565,58,4,,0,15,,86522,58,4,,0,55,,86551,58,4,,0,15,,86520,58,4,,0,15,,86552,58,4,,0,15,,86521,58,4,,0,55,,86538,58,4,,0,15,,86518,58,4,,0,13,,86545,58,4,,0,15,,86568,58,4,,0,55,,86525,58,4,,0,14,,86562,58,4,,0,18,,86564,58,4,,0,20,,86534,58,4,,0,60,,86536,58,4,,0,20,,86549,58,4,,0,21,,86572,58,4,,0,69,,86561,58,4,,0,29,,86533,58,4,,0,70,,86541,58,4,,0,30,,86571,58,4,,0,68,,86563,58,4,,0,29,,86542,58,4,,0
1400,'5462',659,,86618,58,4,,0,70,,86606,58,4,,0,30,,86628,58,4,,0,64,,86613,58,4,,0,20,,86584,58,4,,0,15,,86631,58,4,,0,55,,86612,58,4,,0,16,,86597,58,4,,0,15,,86604,58,4,,0,56,,86625,58,4,,0,15,,86588,58,4,,0,15,,86616,58,4,,0,15,,86585,58,4,,0,55,,86615,58,4,,0,15,,86589,58,4,,0,15,,86598,58,4,,0,16,,86605,58,4,,0,55,,86627,58,4,,0,15,,86587,58,4,,0,16,,86617,58,4,,0,15,,86590,58,4,,0,56,,86614,58,4,,0,15,,86586,58,4,,0,15,,86595,58,4,,0,14,,86575,58,4,,0,56,,86602,58,4,,0,15,,86624,58,4,,0,15,,86577,58,4,,0,15,,86611,58,4,,0,55,,86581,58,4,,0,15,,86608,58,4,,0,15,,86582,58,4,,0,15,,86593,58,4,,0,55,,86574,58,4,,0,15,,86601,58,4,,0,15,,86623,58,4,,0,15,,86580,58,4,,0,55,,86609,58,4,,0,15,,86578,58,4,,0,15,,86610,58,4,,0,15,,86579,58,4,,0,55,,86596,58,4,,0,15,,86576,58,4,,0,13,,86603,58,4,,0,15,,86626,58,4,,0,55,,86583,58,4,,0,14,,86620,58,4,,0,18,,86622,58,4,,0,20,,86592,58,4,,0,60,,86594,58,4,,0,20,,86607,58,4,,0,21,,86630,58,4,,0,69,,86619,58,4,,0,29,,86591,58,4,,0,70,,86599,58,4,,0,30,,86629,58,4,,0,68,,86621,58,4,,0,29,,86600,58,4,,0
1400,'5463',659,,86676,58,4,,0,70,,86664,58,4,,0,30,,86686,58,4,,0,64,,86671,58,4,,0,20,,86642,58,4,,0,15,,86689,58,4,,0,55,,86670,58,4,,0,16,,86655,58,4,,0,15,,86662,58,4,,0,56,,86683,58,4,,0,15,,86646,58,4,,0,15,,86674,58,4,,0,15,,86643,58,4,,0,55,,86673,58,4,,0,15,,86647,58,4,,0,15,,86656,58,4,,0,16,,86663,58,4,,0,55,,86685,58,4,,0,15,,86645,58,4,,0,16,,86675,58,4,,0,15,,86648,58,4,,0,56,,86672,58,4,,0,15,,86644,58,4,,0,15,,86653,58,4,,0,14,,86633,58,4,,0,56,,86660,58,4,,0,15,,86682,58,4,,0,15,,86635,58,4,,0,15,,86669,58,4,,0,55,,86639,58,4,,0,15,,86666,58,4,,0,15,,86640,58,4,,0,15,,86651,58,4,,0,55,,86632,58,4,,0,15,,86659,58,4,,0,15,,86681,58,4,,0,15,,86638,58,4,,0,55,,86667,58,4,,0,15,,86636,58,4,,0,15,,86668,58,4,,0,15,,86637,58,4,,0,55,,86654,58,4,,0,15,,86634,58,4,,0,13,,86661,58,4,,0,15,,86684,58,4,,0,55,,86641,58,4,,0,14,,86678,58,4,,0,18,,86680,58,4,,0,20,,86650,58,4,,0,60,,86652,58,4,,0,20,,86665,58,4,,0,21,,86688,58,4,,0,69,,86677,58,4,,0,29,,86649,58,4,,0,70,,86657,58,4,,0,30,,86687,58,4,,0,68,,86679,58,4,,0,29,,86658,58,4,,0
1500,'5456',549,,87185,31,4,,0,60,,87186,31,4,,0,19,,87187,31,4,,0,17,,87188,31,4,,0,57,,87189,31,4,,0,16,,87190,31,4,,0,17,,87191,31,4,,0,18,,87192,31,4,,0,54,,87193,31,4,,0,14,,87194,31,4,,0,11,,87195,31,4,,0,10,,87196,31,4,,0,11,,87197,31,4,,0,51,,87198,31,4,,0,11,,87257,13,4,,0,11,,87200,31,4,,0,11,,87201,31,4,,0,12,,87202,31,4,,0,10,,87203,31,4,,0,55,,87204,31,4,,0,15,,87205,31,4,,0,15,,87206,31,4,,0,15,,87207,31,4,,0,55,,87208,31,4,,0,15,,87209,31,4,,0,16,,87210,31,4,,0,55,,87211,31,4,,0,15,,87212,31,4,,0,15,,87213,31,4,,0,15,,87214,31,4,,0,55,,87215,31,4,,0,15,,87216,31,4,,0,15,,87217,31,4,,0,15,,87218,31,4,,0,55,,87219,31,4,,0,15,,87220,31,4,,0,15,,87221,31,4,,0,16,,87222,31,4,,0,55,,87223,31,4,,0,16,,87224,31,4,,0,15,,87225,31,4,,0,14,,87226,31,4,,0,13,,87227,31,4,,0,55,,87228,31,4,,0,15,,87229,31,4,,0,15,,87230,31,4,,0,15,,87231,31,4,,0,54,,87232,31,4,,0,15,,87233,31,4,,0,15,,87234,31,4,,0,15,,87235,31,4,,0,53,,87236,31,4,,0,14,,87237,31,4,,0,15,,87238,31,4,,0,16,,87239,31,4,,0,55,,87240,31,4,,0,15,,87241,31,4,,0,13,,87242,31,4,,0,14,,87243,31,4,,0,60,,87244,31,4,,0,20,,87245,31,4,,0,20,,87246,31,4,,0,60,,87247,31,4,,0,20,,87248,31,4,,0,20,,87249,31,4,,0,60,,87250,31,4,,0,20,,87251,31,4,,0,25,,87252,31,4,,0,69,,87253,31,4,,0,29,,87254,31,4,,0,70,,87255,31,4,,0,30,,87256,31,4,,0
1500,'5458',549,,87258,31,4,,0,60,,87259,31,4,,0,19,,87260,31,4,,0,17,,87261,31,4,,0,57,,87262,31,4,,0,16,,87263,31,4,,0,17,,87264,31,4,,0,18,,87265,31,4,,0,54,,87266,31,4,,0,14,,87267,31,4,,0,11,,87268,31,4,,0,10,,87269,31,4,,0,11,,87270,31,4,,0,51,,87271,31,4,,0,11,,87334,13,4,,0,11,,87273,31,4,,0,11,,87274,31,4,,0,12,,87275,31,4,,0,10,,87276,31,4,,0,55,,87277,31,4,,0,15,,87278,31,4,,0,15,,87279,31,4,,0,15,,87280,31,4,,0,55,,87281,31,4,,0,15,,87282,31,4,,0,16,,87283,31,4,,0,55,,87284,31,4,,0,15,,87285,31,4,,0,15,,87286,31,4,,0,15,,87287,31,4,,0,55,,87288,31,4,,0,15,,87289,31,4,,0,15,,87290,31,4,,0,15,,87291,31,4,,0,55,,87292,31,4,,0,15,,87293,31,4,,0,15,,87294,31,4,,0,16,,87295,31,4,,0,55,,87296,31,4,,0,16,,87297,31,4,,0,15,,87298,31,4,,0,14,,87299,31,4,,0,13,,87300,31,4,,0,55,,87301,31,4,,0,15,,87302,31,4,,0,15,,87303,31,4,,0,15,,87304,31,4,,0,54,,87305,31,4,,0,15,,87306,31,4,,0,15,,87307,31,4,,0,15,,87308,31,4,,0,53,,87309,31,4,,0,14,,87310,31,4,,0,15,,87311,31,4,,0,16,,87312,31,4,,0,55,,87313,31,4,,0,15,,87314,31,4,,0,13,,87315,31,4,,0,14,,87316,31,4,,0,60,,87317,31,4,,0,20,,87318,31,4,,0,20,,87319,31,4,,0,60,,87320,31,4,,0,20,,87321,31,4,,0,20,,87322,31,4,,0,60,,87323,31,4,,0,20,,87324,31,4,,0,25,,87325,31,4,,0,69,,87326,31,4,,0,29,,87327,31,4,,0,70,,87328,31,4,,0,30,,87329,31,4,,0,70,,87330,31,4,,0,30,,87331,31,4,,0,70,,87332,31,4,,0,29,,87333,31,4,,0
1500,'5459',648,,87391,31,4,,0,65,,87378,31,4,,0,22,,87376,31,4,,0,19,,87377,31,4,,0,56,,87353,31,4,,0,15,,87389,31,4,,0,15,,87371,31,4,,0,16,,87350,31,4,,0,55,,87375,31,4,,0,15,,87374,31,4,,0,16,,87352,31,4,,0,15,,87390,31,4,,0,55,,87372,31,4,,0,15,,87351,31,4,,0,15,,87373,31,4,,0,15,,87370,31,4,,0,57,,87345,31,4,,0,16,,87349,31,4,,0,15,,87388,31,4,,0,56,,87369,31,4,,0,16,,87348,31,4,,0,16,,87368,31,4,,0,15,,87367,31,4,,0,55,,87347,31,4,,0,15,,87346,31,4,,0,15,,87387,31,4,,0,15,,87366,31,4,,0,55,,87344,31,4,,0,16,,87364,31,4,,0,15,,87365,31,4,,0,15,,87342,31,4,,0,55,,87343,31,4,,0,15,,87386,31,4,,0,15,,87363,31,4,,0,15,,87341,31,4,,0,55,,87362,31,4,,0,15,,87361,31,4,,0,15,,87339,31,4,,0,14,,87340,31,4,,0,55,,87385,31,4,,0,14,,87360,31,4,,0,15,,87335,31,4,,0,15,,87356,31,4,,0,55,,87358,31,4,,0,15,,87337,31,4,,0,15,,87338,31,4,,0,15,,87384,31,4,,0,53,,87357,31,4,,0,14,,87336,31,4,,0,15,,87355,31,4,,0,15,,87359,31,4,,0,15,,87354,31,4,,0,58,,87381,31,4,,0,20,,87382,31,4,,0,20,,87383,31,4,,0,60,,87380,31,4,,0,20,,87379,31,4,,0,20,,87393,31,4,,0,60,,87392,31,4,,0,20,,87394,31,4,,0,63,,87395,31,4,,0,30,,87396,31,4,,0,70,,87397,31,4,,0,29,,87398,31,4,,0,29,,87399,31,4,,0,69,,87400,31,4,,0,29,,87401,31,4,,0,70,,87402,31,4,,0,30,,87403,31,4,,0
1500,'5460',709,,87444,31,4,,0,31,,87443,31,4,,0,68,,87419,31,4,,0,22,,87422,31,4,,0,17,,87460,31,4,,0,57,,87409,31,4,,0,15,,87421,31,4,,0,15,,87408,31,4,,0,15,,87404,31,4,,0,56,,87423,31,4,,0,15,,87413,31,4,,0,15,,87425,31,4,,0,15,,87405,31,4,,0,55,,87410,31,4,,0,15,,87406,31,4,,0,15,,87407,31,4,,0,15,,87428,31,4,,0,56,,87417,31,4,,0,15,,87426,31,4,,0,15,,87414,31,4,,0,15,,87416,31,4,,0,55,,87411,31,4,,0,15,,87412,31,4,,0,15,,87429,31,4,,0,15,,87418,31,4,,0,56,,87430,31,4,,0,15,,87415,31,4,,0,14,,87431,31,4,,0,15,,87432,31,4,,0,55,,87427,31,4,,0,15,,87442,31,4,,0,14,,87438,31,4,,0,15,,87436,31,4,,0,55,,87434,31,4,,0,15,,87439,31,4,,0,15,,87441,31,4,,0,15,,87435,31,4,,0,55,,87437,31,4,,0,15,,87440,31,4,,0,14,,87433,31,4,,0,15,,87420,31,4,,0,55,,87424,31,4,,0,14,,87448,31,4,,0,15,,87447,31,4,,0,15,,87446,31,4,,0,54,,87450,31,4,,0,15,,87455,31,4,,0,20,,87452,31,4,,0,20,,87445,31,4,,0,60,,87451,31,4,,0,19,,87454,31,4,,0,67,,87453,31,4,,0,29,,87449,31,4,,0,69,,87456,31,4,,0,30,,87457,31,4,,0,69,,87459,31,4,,0,30,,87458,31,4,,0
1500,'5461',709,,87501,31,4,,0,31,,87500,31,4,,0,68,,87476,31,4,,0,22,,87479,31,4,,0,17,,87517,31,4,,0,57,,87466,31,4,,0,15,,87478,31,4,,0,15,,87465,31,4,,0,15,,87461,31,4,,0,56,,87480,31,4,,0,15,,87470,31,4,,0,15,,87482,31,4,,0,15,,87462,31,4,,0,55,,87467,31,4,,0,15,,87463,31,4,,0,15,,87464,31,4,,0,15,,87485,31,4,,0,56,,87474,31,4,,0,15,,87483,31,4,,0,15,,87471,31,4,,0,15,,87473,31,4,,0,55,,87468,31,4,,0,15,,87469,31,4,,0,15,,87486,31,4,,0,15,,87475,31,4,,0,56,,87487,31,4,,0,15,,87472,31,4,,0,14,,87488,31,4,,0,15,,87489,31,4,,0,55,,87484,31,4,,0,15,,87499,31,4,,0,14,,87495,31,4,,0,15,,87493,31,4,,0,55,,87491,31,4,,0,15,,87496,31,4,,0,15,,87498,31,4,,0,15,,87492,31,4,,0,55,,87494,31,4,,0,15,,87497,31,4,,0,14,,87490,31,4,,0,15,,87477,31,4,,0,55,,87481,31,4,,0,14,,87505,31,4,,0,15,,87504,31,4,,0,15,,87503,31,4,,0,54,,87507,31,4,,0,15,,87512,31,4,,0,20,,87509,31,4,,0,20,,87502,31,4,,0,60,,87508,31,4,,0,19,,87511,31,4,,0,67,,87510,31,4,,0,29,,87506,31,4,,0,69,,87513,31,4,,0,30,,87514,31,4,,0,69,,87516,31,4,,0,30,,87515,31,4,,0
1500,'5462',709,,87558,31,4,,0,31,,87557,31,4,,0,68,,87533,31,4,,0,22,,87536,31,4,,0,17,,87574,31,4,,0,57,,87523,31,4,,0,15,,87535,31,4,,0,15,,87522,31,4,,0,15,,87518,31,4,,0,56,,87537,31,4,,0,15,,87527,31,4,,0,15,,87539,31,4,,0,15,,87519,31,4,,0,55,,87524,31,4,,0,15,,87520,31,4,,0,15,,87521,31,4,,0,15,,87542,31,4,,0,56,,87531,31,4,,0,15,,87540,31,4,,0,15,,87528,31,4,,0,15,,87530,31,4,,0,55,,87525,31,4,,0,15,,87526,31,4,,0,15,,87543,31,4,,0,15,,87532,31,4,,0,56,,87544,31,4,,0,15,,87529,31,4,,0,14,,87545,31,4,,0,15,,87546,31,4,,0,55,,87541,31,4,,0,15,,87556,31,4,,0,14,,87552,31,4,,0,15,,87550,31,4,,0,55,,87548,31,4,,0,15,,87553,31,4,,0,15,,87555,31,4,,0,15,,87549,31,4,,0,55,,87551,31,4,,0,15,,87554,31,4,,0,14,,87547,31,4,,0,15,,87534,31,4,,0,55,,87538,31,4,,0,14,,87562,31,4,,0,15,,87561,31,4,,0,15,,87560,31,4,,0,54,,87564,31,4,,0,15,,87569,31,4,,0,20,,87566,31,4,,0,20,,87559,31,4,,0,60,,87565,31,4,,0,19,,87568,31,4,,0,67,,87567,31,4,,0,29,,87563,31,4,,0,69,,87570,31,4,,0,30,,87571,31,4,,0,69,,87573,31,4,,0,30,,87572,31,4,,0
1500,'5463',709,,87615,31,4,,0,31,,87614,31,4,,0,68,,87590,31,4,,0,22,,87593,31,4,,0,17,,87631,31,4,,0,57,,87580,31,4,,0,15,,87592,31,4,,0,15,,87579,31,4,,0,15,,87575,31,4,,0,56,,87594,31,4,,0,15,,87584,31,4,,0,15,,87596,31,4,,0,15,,87576,31,4,,0,55,,87581,31,4,,0,15,,87577,31,4,,0,15,,87578,31,4,,0,15,,87599,31,4,,0,56,,87588,31,4,,0,15,,87597,31,4,,0,15,,87585,31,4,,0,15,,87587,31,4,,0,55,,87582,31,4,,0,15,,87583,31,4,,0,15,,87600,31,4,,0,15,,87589,31,4,,0,56,,87601,31,4,,0,15,,87586,31,4,,0,14,,87602,31,4,,0,15,,87603,31,4,,0,55,,87598,31,4,,0,15,,87613,31,4,,0,14,,87609,31,4,,0,15,,87607,31,4,,0,55,,87605,31,4,,0,15,,87610,31,4,,0,15,,87612,31,4,,0,15,,87606,31,4,,0,55,,87608,31,4,,0,15,,87611,31,4,,0,14,,87604,31,4,,0,15,,87591,31,4,,0,55,,87595,31,4,,0,14,,87619,31,4,,0,15,,87618,31,4,,0,15,,87617,31,4,,0,54,,87621,31,4,,0,15,,87626,31,4,,0,20,,87623,31,4,,0,20,,87616,31,4,,0,60,,87622,31,4,,0,19,,87625,31,4,,0,67,,87624,31,4,,0,29,,87620,31,4,,0,69,,87627,31,4,,0,30,,87628,31,4,,0,69,,87630,31,4,,0,30,,87629,31,4,,0
