3801,'5456',700,,92483,28,,,0,28,,92482,28,,,0,31,,92484,28,,,0,67,,92485,28,,,0,75,,92488,28,,,0,44,,92486,28,,,0,88,,92487,28,,,0,100,,92490,28,,,0,102,,92489,28,,,0,72,,92503,7,,,0,30,,92491,28,,,0,79,,92504,7,,,0,25,,92492,28,,,0,76,,92505,7,,,0,35,,92493,28,,,0,86,,92494,28,,,0,72,,92499,28,,,0,25,,92495,28,,,0,24,,92502,28,,,0,65,,92496,28,,,0,30,,92497,28,,,0,75,,92500,28,,,0,99,,92498,28,,,0,104,,92501,28,,,0
3801,'5458',700,,92507,28,,,0,28,,92506,28,,,0,31,,92508,28,,,0,67,,92509,28,,,0,75,,92512,28,,,0,44,,92510,28,,,0,88,,92511,28,,,0,100,,92514,28,,,0,102,,92513,28,,,0,72,,92527,7,,,0,30,,92515,28,,,0,79,,92528,7,,,0,25,,92516,28,,,0,76,,92529,7,,,0,35,,92517,28,,,0,86,,92518,28,,,0,72,,92523,28,,,0,25,,92519,28,,,0,24,,92526,28,,,0,65,,92520,28,,,0,30,,92521,28,,,0,75,,92524,28,,,0,99,,92522,28,,,0,104,,92525,28,,,0
4801,'5456',1658,,93107,24,,,0,67,,93106,24,,,0,27,,93105,24,,,0
4801,'5458',1658,,93110,24,,,0,67,,93109,24,,,0,27,,93108,24,,,0
5201,'5456',503,,93444,6,,,0,35,,93443,6,,,0,77,,93446,6,,,0,37,,93445,6,,,0,65,,93454,6,,,0,27,,93447,7,,,0,72,,93471,7,,,0,20,,93474,7,0,28 37 14,0,5,,93448,6,,,0,76,,93449,7,,,0,35,,93450,6,,,0,69,,93472,6,,,0,30,,93452,6,,,0,68,,93451,6,,,0,35,,93453,6,,,0,74,,93470,6,,,0,30,,93456,6,,,0,70,,93455,6,,,0,30,,93476,6,,,0,68,,93457,7,,,0,20,,93480,6,0,38 3 39 49,0,10,,93469,7,,,0,66,,93458,7,,,0,34,,93459,7,,,0,78,,93477,7,,,0,25,,93460,7,,,0,65,,93468,7,,,0,22,,93461,6,,,0,70,,93462,6,,,0,29,,93478,6,,,0,70,,93463,6,,,0,33,,93464,6,,,0,69,,93466,6,,,0,28,,93479,6,,,0,67,,93465,6,0,38 3 39 49,0,35,,93467,6,,,0,98,,93475,6,,,0,100,,93473,6,,,0
5201,'5458',503,,93484,6,,,0,35,,93483,6,,,0,77,,93486,6,,,0,37,,93485,6,,,0,65,,93494,6,,,0,27,,93487,7,,,0,72,,93511,7,,,0,20,,93514,7,0,28 37 14,0,5,,93488,6,,,0,76,,93489,7,,,0,35,,93490,6,,,0,69,,93512,6,,,0,30,,93492,6,,,0,68,,93491,6,,,0,35,,93493,6,,,0,74,,93510,6,,,0,30,,93496,6,,,0,70,,93495,6,,,0,30,,93516,6,,,0,68,,93497,7,,,0,20,,93521,6,0,38 3 39 49,0,10,,93509,7,,,0,66,,93498,7,,,0,34,,93499,7,,,0,78,,93517,7,,,0,25,,93500,7,,,0,65,,93508,7,,,0,22,,93501,6,,,0,70,,93502,6,,,0,29,,93518,6,,,0,70,,93503,6,,,0,33,,93504,6,,,0,69,,93506,6,,,0,28,,93519,6,,,0,67,,93505,6,0,38 3 39 49,0,35,,93507,6,,,0,98,,93515,6,,,0,100,,93513,6,,,0
5201,'5459',644,,93532,6,,,0,71,,93542,6,,,0,30,,93540,6,,,0,70,,93523,6,,,0,30,,93530,6,,,0,70,,93549,6,,,0,30,,93527,6,,,0,70,,93524,6,,,0,30,,93531,6,,,0,70,,93550,6,,,0,30,,93528,6,,,0,71,,93525,6,,,0,35,,93534,6,,,0,70,,93552,6,,,0,35,,93529,6,,,0,75,,93539,6,,,0,75,,93533,6,,,0,30,,93551,6,,,0,70,,93526,6,,,0,30,,93537,6,,,0,65,,93545,6,,,0,25,,93536,6,,,0,24,,93541,6,,,0,65,,93538,6,,,0,30,,93535,6,,,0,70,,93548,6,,,0,32,,93543,6,,,0,70,,93547,6,,,0,30,,93544,6,,,0,65,,93546,6,0,38 3 39 49,0,30,,93553,6,,,0,103,,93554,6,,,0,100,,93555,6,,,0
5201,'5460',715,,93561,6,,,0,30,,93577,6,,,0,70,,93569,6,,,0,30,,93557,6,,,0,70,,93564,6,,,0,30,,93571,6,,,0,70,,93566,6,,,0,30,,93558,6,,,0,70,,93563,6,,,0,30,,93572,6,,,0,70,,93568,6,,,0,35,,93556,6,,,0,70,,93562,6,,,0,35,,93575,6,,,0,75,,93567,6,,,0,75,,93582,6,,,0,30,,93560,6,,,0,70,,93574,6,,,0,30,,93565,6,,,0,70,,93570,6,,,0,30,,93559,6,,,0,70,,93573,6,,,0,40,,93576,6,,,0,100,,93578,6,,,0,100,,93579,6,,,0,100,,93580,6,,,0,100,,93581,6,,,0
5201,'5461',715,,93588,6,,,0,30,,93604,6,,,0,70,,93596,6,,,0,30,,93584,6,,,0,70,,93591,6,,,0,30,,93598,6,,,0,70,,93593,6,,,0,30,,93585,6,,,0,70,,93590,6,,,0,30,,93599,6,,,0,70,,93595,6,,,0,35,,93583,6,,,0,70,,93589,6,,,0,35,,93602,6,,,0,75,,93594,6,,,0,75,,93609,6,,,0,30,,93587,6,,,0,70,,93601,6,,,0,30,,93592,6,,,0,70,,93597,6,,,0,30,,93586,6,,,0,70,,93600,6,,,0,40,,93603,6,,,0,100,,93605,6,,,0,100,,93606,6,,,0,100,,93607,6,,,0,100,,93608,6,,,0
5201,'5462',715,,93615,6,,,0,30,,93631,6,,,0,70,,93623,6,,,0,30,,93611,6,,,0,70,,93618,6,,,0,30,,93625,6,,,0,70,,93620,6,,,0,30,,93612,6,,,0,70,,93617,6,,,0,30,,93626,6,,,0,70,,93622,6,,,0,35,,93610,6,,,0,70,,93616,6,,,0,35,,93629,6,,,0,75,,93621,6,,,0,75,,93636,6,,,0,30,,93614,6,,,0,70,,93628,6,,,0,30,,93619,6,,,0,70,,93624,6,,,0,30,,93613,6,,,0,70,,93627,6,,,0,40,,93630,6,,,0,100,,93632,6,,,0,100,,93633,6,,,0,100,,93634,6,,,0,100,,93635,6,,,0
5201,'5463',715,,93642,6,,,0,30,,93658,6,,,0,70,,93650,6,,,0,30,,93638,6,,,0,70,,93645,6,,,0,30,,93652,6,,,0,70,,93647,6,,,0,30,,93639,6,,,0,70,,93644,6,,,0,30,,93653,6,,,0,70,,93649,6,,,0,35,,93637,6,,,0,70,,93643,6,,,0,35,,93656,6,,,0,75,,93648,6,,,0,75,,93663,6,,,0,30,,93641,6,,,0,70,,93655,6,,,0,30,,93646,6,,,0,70,,93651,6,,,0,30,,93640,6,,,0,70,,93654,6,,,0,40,,93657,6,,,0,100,,93659,6,,,0,100,,93660,6,,,0,100,,93661,6,,,0,100,,93662,6,,,0
6101,'5456',1550,,95101,24,,,0,70,,95087,24,,,0,33,,95076,24,,,0,64,,95074,24,,,0,16,,95083,24,,,0,20,,95069,24,,,0,77,,95078,24,,,0
6101,'5458',1550,,95138,24,,,0,70,,95124,24,,,0,33,,95113,24,,,0,64,,95111,24,,,0,16,,95119,24,,,0,20,,95106,24,,,0,77,,95115,24,,,0
