401,'5456',554,,83165,10,,,0,57,,83171,10,,,0,20,,83215,10,,,0,15,,83158,10,,,0,54,,83157,10,,,0,13,,83228,10,,,0,15,,83156,10,,,0,15,,83174,10,,,0,13,,83186,10,,,0,54,,83182,10,,,0,13,,83170,10,,,0,14,,83213,10,,,0,12,,83162,10,,,0,54,,83219,10,,,0,15,,83212,10,,,0,14,,83223,10,,,0,13,,83218,10,,,0,13,,83225,10,,,0,53,,83220,10,,,0,13,,83224,10,,,0,13,,83221,10,,,0,14,,83226,10,,,0,53,,83222,10,,,0,12,,83177,10,,,0,13,,83159,10,,,0,13,,83207,10,,,0,14,,83163,10,,,0,53,,83185,10,,,0,15,,83208,10,,,0,14,,83178,10,,,0,13,,83204,10,,,0,54,,83227,10,,,0,14,,83214,10,,,0,12,,83169,10,,,0,13,,83209,10,,,0,13,,83164,10,,,0,53,,83176,10,,,0,14,,83172,10,,,0,15,,83195,10,,,0,10,,83155,10,,,0,8,,83216,10,,,0,55,,83199,10,,,0,17,,83166,10,,,0,8,,83167,10,,,0,10,,83196,10,,,0,55,,83179,10,,,0,8,,83205,10,,,0,11,,83184,10,,,0,19,,83203,10,,,0,16,,83201,10,,,0,56,,83183,10,,,0,14,,83160,10,,,0,15,,83191,10,,,0,16,,83190,10,,,0,55,,83189,10,,,0,16,,83192,10,,,0,16,,83188,10,,,0,15,,83198,10,,,0,55,,83194,10,,,0,16,,83202,10,,,0,15,,83200,10,,,0,56,,83193,10,,,0,18,,83168,10,,,0,17,,83197,10,,,0,16,,83206,10,,,0,56,,83173,10,,,0,19,,83180,10,,,0,20,,83161,10,,,0,60,,83175,10,,,0,24,,83187,10,,,0,24,,83181,10,,,0,69,,83217,10,,,0,31,,83211,10,,,0,71,,83210,10,,,0
401,'5458',554,,83240,10,,,0,57,,83247,10,,,0,20,,83293,10,,,0,15,,83232,10,,,0,54,,83231,10,,,0,13,,83306,10,,,0,15,,83230,10,,,0,15,,83251,10,,,0,13,,83264,10,,,0,54,,83260,10,,,0,13,,83246,10,,,0,14,,83291,10,,,0,12,,83236,10,,,0,54,,83297,10,,,0,15,,83290,10,,,0,14,,83301,10,,,0,13,,83296,10,,,0,13,,83303,10,,,0,53,,83298,10,,,0,13,,83302,10,,,0,13,,83299,10,,,0,14,,83304,10,,,0,53,,83300,10,,,0,12,,83255,10,,,0,13,,83233,10,,,0,13,,83285,10,,,0,14,,83238,10,,,0,53,,83263,10,,,0,15,,83286,10,,,0,14,,83256,10,,,0,13,,83282,10,,,0,54,,83305,10,,,0,14,,83292,10,,,0,12,,83244,10,,,0,13,,83287,10,,,0,13,,83239,10,,,0,53,,83254,10,,,0,14,,83249,10,,,0,15,,83273,10,,,0,10,,83229,10,,,0,8,,83294,10,,,0,55,,83277,10,,,0,17,,83241,10,,,0,8,,83242,10,,,0,10,,83274,10,,,0,55,,83257,10,,,0,8,,83283,10,,,0,11,,83262,10,,,0,19,,83281,10,,,0,16,,83279,10,,,0,56,,83261,10,,,0,14,,83234,10,,,0,15,,83269,10,,,0,16,,83268,10,,,0,55,,83267,10,,,0,16,,83270,10,,,0,16,,83266,10,,,0,15,,83276,10,,,0,55,,83272,10,,,0,16,,83280,10,,,0,15,,83278,10,,,0,56,,83271,10,,,0,18,,83243,10,,,0,17,,83275,10,,,0,16,,83284,10,,,0,56,,83250,10,,,0,19,,83258,10,,,0,20,,83235,10,,,0,60,,83253,10,,,0,24,,83265,10,,,0,24,,83259,10,,,0,69,,83295,10,,,0,31,,83289,10,,,0,71,,83288,10,,,0,30,,83248,10,,,0,71,,83245,10,,,0,30,,83237,10,,,0,70,,83252,10,,,0
401,'5459',702,,83341,10,,,0,20,,83350,10,,,0,20,,83323,10,,,0,58,,83333,10,,,0,17,,83343,10,,,0,16,,83313,10,,,0,16,,83331,10,,,0,56,,83332,10,,,0,15,,83346,10,,,0,15,,83307,10,,,0,15,,83319,10,,,0,55,,83321,10,,,0,15,,83370,10,,,0,15,,83335,10,,,0,15,,83348,10,,,0,55,,83308,10,,,0,14,,83317,10,,,0,15,,83329,10,,,0,15,,83340,10,,,0,55,,83345,10,,,0,15,,83309,10,,,0,16,,83318,10,,,0,15,,83324,10,,,0,55,,83342,10,,,0,16,,83349,10,,,0,16,,83322,10,,,0,15,,83314,10,,,0,56,,83325,10,,,0,16,,83338,10,,,0,16,,83344,10,,,0,16,,83310,10,,,0,56,,83316,10,,,0,15,,83311,10,,,0,16,,83334,10,,,0,16,,83347,10,,,0,57,,83327,10,,,0,17,,83315,10,,,0,16,,83312,10,,,0,56,,83337,10,,,0,15,,83339,10,,,0,17,,83320,10,,,0,18,,83326,10,,,0,59,,83328,10,,,0,18,,83336,10,,,0,19,,83330,10,,,0,58,,83352,10,,,0,18,,83351,10,,,0,18,,83353,10,,,0,58,,83357,10,,,0,18,,83358,10,,,0,18,,83360,10,,,0,18,,83361,10,,,0,58,,83359,10,,,0,18,,83363,10,,,0,25,,83367,10,,,0,63,,83362,10,,,0,30,,83365,10,,,0,72,,83364,10,,,0,31,,83368,10,,,0,71,,83366,10,,,0,30,,83369,10,,,0,70,,83356,10,,,0,31,,83355,10,,,0,70,,83354,10,,,0
401,'5460',725,,83371,10,,,0,30,,83372,10,,,0,71,,83373,10,,,0,29,,83374,10,,,0,68,,83375,10,,,0,30,,83376,10,,,0,59,,83377,10,,,0,19,,83378,10,,,0,20,,83379,10,,,0,59,,83380,10,,,0,20,,83381,10,,,0,20,,83382,10,,,0,59,,83383,10,,,0,20,,83384,10,,,0,19,,83385,10,,,0,60,,83386,10,,,0,20,,83387,10,,,0,17,,83415,10,,,0,58,,83388,10,,,0,16,,83389,10,,,0,16,,83390,10,,,0,16,,83391,10,,,0,57,,83417,10,,,0,17,,83392,10,,,0,16,,83393,10,,,0,16,,83394,10,,,0,57,,83395,10,,,0,16,,83416,10,,,0,16,,83396,10,,,0,57,,83397,10,,,0,17,,83398,10,,,0,19,,83399,10,,,0,19,,83400,10,,,0,58,,83401,10,,,0,18,,83402,10,,,0,19,,83403,10,,,0,58,,83404,10,,,0,19,,83418,10,,,0,18,,83405,10,,,0,60,,83406,10,,,0,20,,83407,10,,,0,24,,83408,10,,,0,71,,83409,10,,,0,32,,83410,10,,,0,69,,83411,10,,,0,32,,83412,10,,,0,71,,83413,10,,,0,29,,83414,10,0,23 49,0
401,'5461',725,,83419,10,,,0,30,,83420,10,,,0,71,,83421,10,,,0,29,,83422,10,,,0,68,,83423,10,,,0,30,,83424,10,,,0,59,,83425,10,,,0,19,,83426,10,,,0,20,,83427,10,,,0,59,,83428,10,,,0,20,,83429,10,,,0,20,,83430,10,,,0,59,,83431,10,,,0,20,,83432,10,,,0,19,,83433,10,,,0,60,,83434,10,,,0,20,,83435,10,,,0,17,,83463,10,,,0,58,,83436,10,,,0,16,,83437,10,,,0,16,,83438,10,,,0,16,,83439,10,,,0,57,,83465,10,,,0,17,,83440,10,,,0,16,,83441,10,,,0,16,,83442,10,,,0,57,,83443,10,,,0,16,,83464,10,,,0,16,,83444,10,,,0,57,,83445,10,,,0,17,,83446,10,,,0,19,,83447,10,,,0,19,,83448,10,,,0,58,,83449,10,,,0,18,,83450,10,,,0,19,,83451,10,,,0,58,,83452,10,,,0,19,,83466,10,,,0,18,,83453,10,,,0,60,,83454,10,,,0,20,,83455,10,,,0,24,,83456,10,,,0,71,,83457,10,,,0,32,,83458,10,,,0,69,,83459,10,,,0,32,,83460,10,,,0,71,,83461,10,,,0,29,,83462,10,0,23 49,0
401,'5462',725,,83467,10,,,0,30,,83468,10,,,0,71,,83469,10,,,0,29,,83470,10,,,0,68,,83471,10,,,0,30,,83472,10,,,0,59,,83473,10,,,0,19,,83474,10,,,0,20,,83475,10,,,0,59,,83476,10,,,0,20,,83477,10,,,0,20,,83478,10,,,0,59,,83479,10,,,0,20,,83480,10,,,0,19,,83481,10,,,0,60,,83482,10,,,0,20,,83483,10,,,0,17,,83511,10,,,0,58,,83484,10,,,0,16,,83485,10,,,0,16,,83486,10,,,0,16,,83487,10,,,0,57,,83513,10,,,0,17,,83488,10,,,0,16,,83489,10,,,0,16,,83490,10,,,0,57,,83491,10,,,0,16,,83512,10,,,0,16,,83492,10,,,0,57,,83493,10,,,0,17,,83494,10,,,0,19,,83495,10,,,0,19,,83496,10,,,0,58,,83497,10,,,0,18,,83498,10,,,0,19,,83499,10,,,0,58,,83500,10,,,0,19,,83514,10,,,0,18,,83501,10,,,0,60,,83502,10,,,0,20,,83503,10,,,0,24,,83504,10,,,0,71,,83505,10,,,0,32,,83506,10,,,0,69,,83507,10,,,0,32,,83508,10,,,0,71,,83509,10,,,0,29,,83510,10,0,23 49,0
401,'5463',725,,83515,10,,,0,30,,83516,10,,,0,71,,83517,10,,,0,29,,83518,10,,,0,68,,83519,10,,,0,30,,83520,10,,,0,59,,83521,10,,,0,19,,83522,10,,,0,20,,83523,10,,,0,59,,83524,10,,,0,20,,83525,10,,,0,20,,83526,10,,,0,59,,83527,10,,,0,20,,83528,10,,,0,19,,83529,10,,,0,60,,83530,10,,,0,20,,83531,10,,,0,17,,83559,10,,,0,58,,83532,10,,,0,16,,83533,10,,,0,16,,83534,10,,,0,16,,83535,10,,,0,57,,83561,10,,,0,17,,83536,10,,,0,16,,83537,10,,,0,16,,83538,10,,,0,57,,83539,10,,,0,16,,83560,10,,,0,16,,83540,10,,,0,57,,83541,10,,,0,17,,83542,10,,,0,19,,83543,10,,,0,19,,83544,10,,,0,58,,83545,10,,,0,18,,83546,10,,,0,19,,83547,10,,,0,58,,83548,10,,,0,19,,83562,10,,,0,18,,83549,10,,,0,60,,83550,10,,,0,20,,83551,10,,,0,24,,83552,10,,,0,71,,83553,10,,,0,32,,83554,10,,,0,69,,83555,10,,,0,32,,83556,10,,,0,71,,83557,10,,,0,29,,83558,10,0,23 49,0
801,'5456',651,,85130,22,,,0,58,,85154,12,,,0,18,,85131,22,,,0,24,,85134,22,,,0,66,,85132,22,,,0,35,,85135,22,,,0,85,,85133,22,,,0,84,,85136,22,,,0,32,,85138,22,,,0,82,,85137,22,,,0,85,,85140,22,,,0,39,,85139,22,,,0,85,,85143,22,,,0,88,,85141,22,,,0,69,,85155,22,0,8 9,0,16,,85142,22,,,0,32,,85145,22,,,0,73,,85144,22,,,0,36,,85147,22,,,0,83,,85146,22,,,0,70,,85149,22,,,0,31,,85148,22,,,0,74,,85150,22,,,0,87,,85151,22,,,0,97,,85152,22,,,0,44,,85153,22,,,0
801,'5458',651,,85156,22,,,0,58,,85180,12,,,0,18,,85157,22,,,0,24,,85160,22,,,0,66,,85158,22,,,0,35,,85161,22,,,0,85,,85159,22,,,0,84,,85162,22,,,0,32,,85164,22,,,0,82,,85163,22,,,0,85,,85166,22,,,0,39,,85165,22,,,0,85,,85169,22,,,0,88,,85167,22,,,0,69,,85181,22,0,8 9,0,16,,85168,22,,,0,32,,85171,22,,,0,73,,85170,22,,,0,36,,85173,22,,,0,83,,85172,22,,,0,70,,85175,22,,,0,31,,85174,22,,,0,74,,85176,22,,,0,87,,85177,22,,,0,97,,85178,22,,,0,44,,85179,22,,,0
801,'5459',726,,85183,22,0,8 9,0,85,,85184,22,0,8 9,0,45,,85185,22,0,8 9,0,87,,85186,22,0,8 9,0,85,,85187,22,0,8 9,0,92,,85188,22,0,8 9,0,88,,85189,22,0,8 9,0,51,,85190,22,0,8 9,0,92,,85182,22,0,8 9,0,90,,85191,22,0,8 9,0,92,,85192,22,0,8 9,0,90,,85193,22,0,8 9,0,90,,85194,22,0,8 9,0,46,,85195,22,0,8 9,0,84,,85196,22,0,8 9,0
801,'5460',942,,85198,22,0,8 9,0,86,,85199,22,0,8 9,0,91,,85200,22,0,8 9,0,88,,85201,22,0,8 9,0,50,,85197,22,0,8 9,0,92,,85202,22,0,8 9,0,91,,85203,22,0,8 9,0,92,,85204,22,0,8 9,0,90,,85205,22,0,8 9,0,90,,85206,22,0,8 9,0,46,,85207,22,0,8 9,0
801,'5461',942,,85209,22,0,8 9,0,86,,85210,22,0,8 9,0,91,,85211,22,0,8 9,0,88,,85212,22,0,8 9,0,50,,85208,22,0,8 9,0,92,,85213,22,0,8 9,0,91,,85214,22,0,8 9,0,92,,85215,22,0,8 9,0,90,,85216,22,0,8 9,0,90,,85217,22,0,8 9,0,46,,85218,22,0,8 9,0
801,'5462',942,,85220,22,0,8 9,0,86,,85221,22,0,8 9,0,91,,85222,22,0,8 9,0,88,,85223,22,0,8 9,0,50,,85219,22,0,8 9,0,92,,85224,22,0,8 9,0,91,,85225,22,0,8 9,0,92,,85226,22,0,8 9,0,90,,85227,22,0,8 9,0,90,,85228,22,0,8 9,0,46,,85229,22,0,8 9,0
801,'5463',942,,85231,22,0,8 9,0,86,,85232,22,0,8 9,0,91,,85233,22,0,8 9,0,88,,85234,22,0,8 9,0,50,,85230,22,0,8 9,0,92,,85235,22,0,8 9,0,91,,85236,22,0,8 9,0,92,,85237,22,0,8 9,0,90,,85238,22,0,8 9,0,90,,85239,22,0,8 9,0,46,,85240,22,0,8 9,0
901,'5456',1504,,85251,10,0,24 49,0,15,,85253,10,0,24 49,0,35,,85254,10,0,24 49,0,75,,85255,10,0,24 49,0,21,,85256,10,,,0,54,,85252,10,0,24 49,0,14,,85258,10,0,24 49,0,15,,85257,10,,,0
901,'5458',1504,,85259,10,0,24 49,0,15,,85261,10,0,24 49,0,35,,85262,10,0,24 49,0,75,,85263,10,0,24 49,0,21,,85264,10,,,0,54,,85260,10,0,24 49,0,14,,85266,10,0,24 49,0,15,,85265,10,,,0
