4700,'5456',657,,93089,41,,,0,65,,93087,41,,,0,26,,93088,41,,,0
4700,'5458',657,,93092,41,,,0,65,,93090,41,,,0,26,,93091,41,,,0
4800,'5456',654,,93099,45,,,0,68,,93100,45,,,0,29,,93101,45,,,0
4800,'5458',654,,93102,45,,,0,68,,93103,45,,,0,29,,93104,45,,,0
5300,'5456',730,,93664,38,,,0
5300,'5458',730,,93675,38,,,0
6100,'5456',559,,94909,65,,,0,82,,94907,65,,,0,16,,94908,65,,,0,61,,94901,65,,,0,24,,94900,65,,,0,59,,94895,65,,,0,19,,94894,65,,,0,26,,94893,65,,,0
6100,'5458',559,,94948,65,,,0,82,,94946,65,,,0,16,,94947,65,,,0,61,,94940,65,,,0,24,,94939,65,,,0,59,,94934,65,,,0,19,,94933,65,,,0,26,,94932,65,,,0
6500,'5456',624,,95291,50,,,0,102,,95290,50,,,0,26,,95289,50,,,0,82,,95288,50,,,0
6500,'5458',624,,95295,50,,,0,102,,95294,50,,,0,26,,95293,50,,,0,82,,95292,50,,,0
9500,'5456',500,,96841,15,0,15,0,25,,96842,15,0,15,0,17,,96844,15,0,15,0,15,,96845,15,0,15,0,55,,96843,15,0,15,0,10,,96846,15,0,15,0,11,,96855,15,0,15,0,11,,96865,15,0,15,0,8,,96850,15,0,15,0,48,,96849,15,0,15,0,3,,96936,15,0,15,0,4,,96854,15,0,15,0,8,,96848,15,0,15,0,7,,96851,15,0,15,0,8,,96852,15,0,15,0,9,,96847,15,0,15,0,7,,96867,15,0,15,0,8,,96861,15,0,15,0,47,,96856,15,0,15,0,9,,96868,15,0,15,0,8,,96863,15,0,15,0,9,,96860,15,0,15,0,10,,96866,15,0,15,0,10,,96864,15,0,15,0,10,,96858,15,0,15,0,49,,96853,15,0,15,0,10,,96859,15,0,15,0,11,,96857,15,0,15,0,10,,96862,15,0,15,0,10,,96870,15,0,15,0,10,,96884,15,0,15,0,50,,96880,15,0,15,0,10,,96881,15,0,15,0,11,,96882,15,0,15,0,12,,96885,15,0,15,0,12,,96875,15,0,15,0,52,,96871,15,0,15,0,12,,96876,15,0,15,0,12,,96873,15,0,15,0,13,,96869,15,0,15,0,12,,96883,15,0,15,0,52,,96877,15,0,15,0,12,,96879,15,0,15,0,12,,96878,15,0,15,0,13,,96886,15,0,15,0,12,,96874,15,0,15,0,52,,96872,15,0,15,0,12,,96895,15,0,15,0,12,,96888,15,0,15,0,12,,96925,15,0,15,0,11,,96900,15,0,15,0,50,,96892,15,0,15,0,10,,96894,15,0,15,0,10,,96897,15,0,15,0,10,,96923,15,0,15,0,11,,96896,15,0,15,0,10,,96901,15,0,15,0,51,,96893,15,0,15,0,11,,96887,15,0,15,0,11,,96926,15,0,15,0,10,,96891,15,0,15,0,10,,96902,15,0,15,0,10,,96924,15,0,15,0,50,,96899,15,0,15,0,10,,96889,15,0,15,0,11,,96890,15,0,15,0,11,,96898,15,0,15,0,10,,96935,15,0,15,0,51,,96910,15,0,15,0,9,,96912,15,0,15,0,12,,96906,15,0,15,0,13,,96930,15,0,15,0,12,,96927,15,0,15,0,13,,96934,15,0,15,0,53,,96903,15,0,15,0,12,,96907,15,0,15,0,14,,96905,15,0,15,0,12,,96911,15,0,15,0,52,,96909,15,0,15,0,12,,96913,15,0,15,0,15,,96904,15,0,15,0,15,,96928,15,0,15,0,56,,96932,15,0,15,0,15,,96908,15,0,15,0,15,,96917,15,0,15,0,15,,96919,15,0,15,0,55,,96920,15,0,15,0,15,,96915,15,0,15,0,20,,96929,15,0,15,0,20,,96933,15,0,15,0,61,,96916,15,0,15,0,20,,96918,15,0,15,0,70,,96914,15,0,15,0,32,,96931,15,0,15,0,71,,96922,15,0,15,0,30,,96921,15,0,15,0
9500,'5458',500,,96937,15,0,15,0,25,,96938,15,0,15,0,17,,96940,15,0,15,0,15,,96941,15,0,15,0,55,,96939,15,0,15,0,10,,96942,15,0,15,0,11,,96951,15,0,15,0,11,,96961,15,0,15,0,8,,96946,15,0,15,0,48,,96945,15,0,15,0,3,,97035,15,0,15,0,4,,96950,15,0,15,0,8,,96944,15,0,15,0,7,,96947,15,0,15,0,8,,96948,15,0,15,0,9,,96943,15,0,15,0,7,,96963,15,0,15,0,8,,96957,15,0,15,0,47,,96952,15,0,15,0,9,,96964,15,0,15,0,8,,96959,15,0,15,0,9,,96956,15,0,15,0,10,,96962,15,0,15,0,10,,96960,15,0,15,0,10,,96954,15,0,15,0,49,,96949,15,0,15,0,10,,96955,15,0,15,0,11,,96953,15,0,15,0,10,,96958,15,0,15,0,10,,96966,15,0,15,0,10,,96980,15,0,15,0,50,,96976,15,0,15,0,10,,96977,15,0,15,0,11,,96978,15,0,15,0,12,,96981,15,0,15,0,12,,96971,15,0,15,0,52,,96967,15,0,15,0,12,,96972,15,0,15,0,12,,96969,15,0,15,0,13,,96965,15,0,15,0,12,,96979,15,0,15,0,52,,96973,15,0,15,0,12,,96975,15,0,15,0,12,,96974,15,0,15,0,13,,96982,15,0,15,0,12,,96970,15,0,15,0,52,,96968,15,0,15,0,12,,96991,15,0,15,0,12,,96984,15,0,15,0,12,,97021,15,0,15,0,11,,96996,15,0,15,0,50,,96988,15,0,15,0,10,,96990,15,0,15,0,10,,96993,15,0,15,0,10,,97019,15,0,15,0,11,,96992,15,0,15,0,10,,96997,15,0,15,0,51,,96989,15,0,15,0,11,,96983,15,0,15,0,11,,97022,15,0,15,0,10,,96987,15,0,15,0,10,,96998,15,0,15,0,10,,97020,15,0,15,0,50,,96995,15,0,15,0,10,,96985,15,0,15,0,11,,96986,15,0,15,0,11,,96994,15,0,15,0,10,,97031,15,0,15,0,51,,97006,15,0,15,0,9,,97008,15,0,15,0,12,,97002,15,0,15,0,13,,97026,15,0,15,0,12,,97023,15,0,15,0,13,,97030,15,0,15,0,53,,96999,15,0,15,0,12,,97003,15,0,15,0,14,,97001,15,0,15,0,12,,97007,15,0,15,0,52,,97005,15,0,15,0,12,,97009,15,0,15,0,15,,97000,15,0,15,0,15,,97024,15,0,15,0,56,,97028,15,0,15,0,15,,97004,15,0,15,0,15,,97013,15,0,15,0,15,,97015,15,0,15,0,55,,97016,15,0,15,0,15,,97011,15,0,15,0,20,,97025,15,0,15,0,20,,97029,15,0,15,0,61,,97012,15,0,15,0,20,,97014,15,0,15,0,70,,97010,15,0,15,0,32,,97027,15,0,15,0,71,,97018,15,0,15,0,30,,97017,15,0,15,0,70,,97032,15,0,15,0,30,,97033,15,0,15,0,70,,97034,15,0,15,0
9500,'5459',615,,97036,15,0,15,0,32,,97037,15,0,15,0,62,,97038,15,0,15,0,15,,97039,15,0,15,0,15,,97040,15,0,15,0,15,,97041,15,0,15,0,55,,97042,15,0,15,0,15,,97043,15,0,15,0,15,,97044,15,0,15,0,14,,97045,15,0,15,0,54,,97046,15,0,15,0,15,,97047,15,0,15,0,15,,97048,15,0,15,0,15,,97049,15,0,15,0,54,,97050,15,0,15,0,15,,97051,15,0,15,0,14,,97052,15,0,15,0,15,,97053,15,0,15,0,54,,97054,15,0,15,0,15,,97055,15,0,15,0,14,,97056,15,0,15,0,13,,97057,15,0,15,0,12,,97058,15,0,15,0,51,,97059,15,0,15,0,12,,97060,15,0,15,0,12,,97061,15,0,15,0,12,,97062,15,0,15,0,12,,97063,15,0,15,0,51,,97064,15,0,15,0,12,,97065,15,0,15,0,12,,97066,15,0,15,0,13,,97067,15,0,15,0,12,,97068,15,0,15,0,51,,97069,15,0,15,0,12,,97070,15,0,15,0,11,,97071,15,0,15,0,11,,97072,15,0,15,0,12,,97073,15,0,15,0,53,,97074,15,0,15,0,12,,97075,15,0,15,0,12,,97076,15,0,15,0,13,,97077,15,0,15,0,12,,97078,15,0,15,0,52,,97079,15,0,15,0,13,,97080,15,0,15,0,12,,97081,15,0,15,0,12,,97082,15,0,15,0,13,,97083,15,0,15,0,52,,97084,15,0,15,0,13,,97085,15,0,15,0,12,,97086,15,0,15,0,13,,97087,15,0,15,0,52,,97088,15,0,15,0,13,,97089,15,0,15,0,16,,97090,15,0,15,0,15,,97091,15,0,15,0,56,,97092,15,0,15,0,15,,97093,15,0,15,0,15,,97094,15,0,15,0,15,,97095,15,0,15,0,55,,97096,15,0,15,0,15,,97097,15,0,15,0,16,,97098,15,0,15,0,15,,97099,15,0,15,0,55,,97100,15,0,15,0,15,,97101,15,0,15,0,20,,97102,15,0,15,0,20,,97103,15,0,15,0,60,,97104,15,0,15,0,20,,97105,15,0,15,0,71,,97106,15,0,15,0,31,,97107,15,0,15,0,71,,97108,15,0,15,0,30,,97109,15,0,15,0,69,,97110,15,0,15,0,30,,97111,15,0,15,0,70,,97112,15,0,15,0
9500,'5460',617,,97113,15,0,15,0,30,,97115,15,0,15,0,60,,97116,15,0,15,0,20,,97117,15,0,15,0,20,,97118,15,0,15,0,55,,97119,15,0,15,0,14,,97114,15,0,15,0,15,,97120,15,0,15,0,14,,97121,15,0,15,0,14,,97122,15,0,15,0,55,,97123,15,0,15,0,15,,97124,15,0,15,0,14,,97125,15,0,15,0,15,,97126,15,0,15,0,55,,97128,15,0,15,0,15,,97129,15,0,15,0,15,,97127,15,0,15,0,15,,97130,15,0,15,0,54,,97131,15,0,15,0,15,,97132,15,0,15,0,15,,97133,15,0,15,0,15,,97180,15,0,15,0,55,,97134,15,0,15,0,15,,97179,15,0,15,0,14,,97135,15,0,15,0,14,,97178,15,0,15,0,55,,97136,15,0,15,0,15,,97137,15,0,15,0,15,,97138,15,0,15,0,15,,97139,15,0,15,0,55,,97140,15,0,15,0,15,,97141,15,0,15,0,15,,97142,15,0,15,0,15,,97143,15,0,15,0,53,,97144,15,0,15,0,12,,97145,15,0,15,0,12,,97146,15,0,15,0,13,,97147,15,0,15,0,11,,97148,15,0,15,0,52,,97149,15,0,15,0,13,,97150,15,0,15,0,12,,97151,15,0,15,0,13,,97152,15,0,15,0,12,,97153,15,0,15,0,54,,97154,15,0,15,0,15,,97155,15,0,15,0,18,,97156,15,0,15,0,55,,97157,15,0,15,0,15,,97158,15,0,15,0,16,,97159,15,0,15,0,15,,97160,15,0,15,0,55,,97161,15,0,15,0,15,,97162,15,0,15,0,15,,97163,15,0,15,0,16,,97164,15,0,15,0,55,,97165,15,0,15,0,15,,97166,15,0,15,0,15,,97167,15,0,15,0,15,,97168,15,0,15,0,55,,97170,15,0,15,0,15,,97171,15,0,15,0,21,,97169,15,0,15,0,20,,97172,15,0,15,0,60,,97173,15,0,15,0,20,,97174,15,0,15,0,72,,97175,15,0,15,0,30,,97176,15,0,15,0,70,,97177,15,0,15,0
9500,'5461',617,,97181,15,0,15,0,30,,97183,15,0,15,0,60,,97184,15,0,15,0,20,,97185,15,0,15,0,20,,97186,15,0,15,0,55,,97187,15,0,15,0,14,,97182,15,0,15,0,15,,97188,15,0,15,0,14,,97189,15,0,15,0,14,,97190,15,0,15,0,55,,97191,15,0,15,0,15,,97192,15,0,15,0,14,,97193,15,0,15,0,15,,97194,15,0,15,0,55,,97196,15,0,15,0,15,,97197,15,0,15,0,15,,97195,15,0,15,0,15,,97198,15,0,15,0,54,,97199,15,0,15,0,15,,97200,15,0,15,0,15,,97201,15,0,15,0,15,,97248,15,0,15,0,55,,97202,15,0,15,0,15,,97247,15,0,15,0,14,,97203,15,0,15,0,14,,97246,15,0,15,0,55,,97204,15,0,15,0,15,,97205,15,0,15,0,15,,97206,15,0,15,0,15,,97207,15,0,15,0,55,,97208,15,0,15,0,15,,97209,15,0,15,0,15,,97210,15,0,15,0,15,,97211,15,0,15,0,53,,97212,15,0,15,0,12,,97213,15,0,15,0,12,,97214,15,0,15,0,13,,97215,15,0,15,0,11,,97216,15,0,15,0,52,,97217,15,0,15,0,13,,97218,15,0,15,0,12,,97219,15,0,15,0,13,,97220,15,0,15,0,12,,97221,15,0,15,0,54,,97222,15,0,15,0,15,,97223,15,0,15,0,18,,97224,15,0,15,0,55,,97225,15,0,15,0,15,,97226,15,0,15,0,16,,97227,15,0,15,0,15,,97228,15,0,15,0,55,,97229,15,0,15,0,15,,97230,15,0,15,0,15,,97231,15,0,15,0,16,,97232,15,0,15,0,55,,97233,15,0,15,0,15,,97234,15,0,15,0,15,,97235,15,0,15,0,15,,97236,15,0,15,0,55,,97238,15,0,15,0,15,,97239,15,0,15,0,21,,97237,15,0,15,0,20,,97240,15,0,15,0,60,,97241,15,0,15,0,20,,97242,15,0,15,0,72,,97243,15,0,15,0,30,,97244,15,0,15,0,70,,97245,15,0,15,0
9500,'5462',617,,97249,15,0,15,0,30,,97251,15,0,15,0,60,,97252,15,0,15,0,20,,97253,15,0,15,0,20,,97254,15,0,15,0,55,,97255,15,0,15,0,14,,97250,15,0,15,0,15,,97256,15,0,15,0,14,,97257,15,0,15,0,14,,97258,15,0,15,0,55,,97259,15,0,15,0,15,,97260,15,0,15,0,14,,97261,15,0,15,0,15,,97262,15,0,15,0,55,,97264,15,0,15,0,15,,97265,15,0,15,0,15,,97263,15,0,15,0,15,,97266,15,0,15,0,54,,97267,15,0,15,0,15,,97268,15,0,15,0,15,,97269,15,0,15,0,15,,97316,15,0,15,0,55,,97270,15,0,15,0,15,,97315,15,0,15,0,14,,97271,15,0,15,0,14,,97314,15,0,15,0,55,,97272,15,0,15,0,15,,97273,15,0,15,0,15,,97274,15,0,15,0,15,,97275,15,0,15,0,55,,97276,15,0,15,0,15,,97277,15,0,15,0,15,,97278,15,0,15,0,15,,97279,15,0,15,0,53,,97280,15,0,15,0,12,,97281,15,0,15,0,12,,97282,15,0,15,0,13,,97283,15,0,15,0,11,,97284,15,0,15,0,52,,97285,15,0,15,0,13,,97286,15,0,15,0,12,,97287,15,0,15,0,13,,97288,15,0,15,0,12,,97289,15,0,15,0,54,,97290,15,0,15,0,15,,97291,15,0,15,0,18,,97292,15,0,15,0,55,,97293,15,0,15,0,15,,97294,15,0,15,0,16,,97295,15,0,15,0,15,,97296,15,0,15,0,55,,97297,15,0,15,0,15,,97298,15,0,15,0,15,,97299,15,0,15,0,16,,97300,15,0,15,0,55,,97301,15,0,15,0,15,,97302,15,0,15,0,15,,97303,15,0,15,0,15,,97304,15,0,15,0,55,,97306,15,0,15,0,15,,97307,15,0,15,0,21,,97305,15,0,15,0,20,,97308,15,0,15,0,60,,97309,15,0,15,0,20,,97310,15,0,15,0,72,,97311,15,0,15,0,30,,97312,15,0,15,0,70,,97313,15,0,15,0
9500,'5463',617,,97317,15,0,15,0,30,,97319,15,0,15,0,60,,97320,15,0,15,0,20,,97321,15,0,15,0,20,,97322,15,0,15,0,55,,97323,15,0,15,0,14,,97318,15,0,15,0,15,,97324,15,0,15,0,14,,97325,15,0,15,0,14,,97326,15,0,15,0,55,,97327,15,0,15,0,15,,97328,15,0,15,0,14,,97329,15,0,15,0,15,,97330,15,0,15,0,55,,97332,15,0,15,0,15,,97333,15,0,15,0,15,,97331,15,0,15,0,15,,97334,15,0,15,0,54,,97335,15,0,15,0,15,,97336,15,0,15,0,15,,97337,15,0,15,0,15,,97384,15,0,15,0,55,,97338,15,0,15,0,15,,97383,15,0,15,0,14,,97339,15,0,15,0,14,,97382,15,0,15,0,55,,97340,15,0,15,0,15,,97341,15,0,15,0,15,,97342,15,0,15,0,15,,97343,15,0,15,0,55,,97344,15,0,15,0,15,,97345,15,0,15,0,15,,97346,15,0,15,0,15,,97347,15,0,15,0,53,,97348,15,0,15,0,12,,97349,15,0,15,0,12,,97350,15,0,15,0,13,,97351,15,0,15,0,11,,97352,15,0,15,0,52,,97353,15,0,15,0,13,,97354,15,0,15,0,12,,97355,15,0,15,0,13,,97356,15,0,15,0,12,,97357,15,0,15,0,54,,97358,15,0,15,0,15,,97359,15,0,15,0,18,,97360,15,0,15,0,55,,97361,15,0,15,0,15,,97362,15,0,15,0,16,,97363,15,0,15,0,15,,97364,15,0,15,0,55,,97365,15,0,15,0,15,,97366,15,0,15,0,15,,97367,15,0,15,0,16,,97368,15,0,15,0,55,,97369,15,0,15,0,15,,97370,15,0,15,0,15,,97371,15,0,15,0,15,,97372,15,0,15,0,55,,97374,15,0,15,0,15,,97375,15,0,15,0,21,,97373,15,0,15,0,20,,97376,15,0,15,0,60,,97377,15,0,15,0,20,,97378,15,0,15,0,72,,97379,15,0,15,0,30,,97380,15,0,15,0,70,,97381,15,0,15,0
