7500,'5456',543,,95966,49,0,42 43,0,58,,95968,49,0,13 14,0,19,,95972,49,0,13 14,0,20,,95975,49,0,13 14,0,17,,95978,49,0,13 14,0,58,,95980,49,0,13 14,0,15,,95970,49,0,42 43,0,18,,95983,49,0,13 14 49,0,9,,95983,60,0,13 14,0,52,,95967,49,0,13 14,0,21,,95969,49,0,13 14,0,21,,95971,49,0,42 43,0,69,,95974,51,0,13 14,0,28,,95973,51,0,42 43,0,74,,95977,51,0,13 14,0,27,,95976,51,0,42 43,0,70,,95979,51,0,13 14,0,30,,95987,51,0,42 43,0,70,,95981,51,0,13 14,0,30,,95982,51,0,42 43,0,70,,95984,51,0,13 14,0,29,,95985,51,0,42 43,0,70,,95986,51,0,13 14,0,26,,95988,51,0,42 43,0,70,,95989,51,0,42 43,0,34,,95990,51,0,42 43,0,70,,95991,51,0,13 14,0,31,,95992,51,0,42 43,0,60,,96002,49,0,13 14 49,0,9,,96002,60,0,13 14,0,10,,95993,49,0,42 43,0,9,,95993,60,0,42 43,0,17,,95995,51,0,13 14 49,0,49,,95995,62,0,13 14,0,2,,95994,49,0,13 14 49,0,9,,95994,60,0,13 14,0,16,,96001,51,0,13 14,0,14,,95996,49,0,42 43,0,9,,95996,60,0,42 43,0,64,,95997,51,0,13 14,0,36,,95998,51,0,42 43,0,147,,95999,51,0,42 43,0,55,,96000,51,0,13 14,0,99,,96003,49,0,13 14,0,148,,96004,49,0,13 14,0
7500,'5458',543,,96005,49,0,42 43,0,58,,96007,49,0,13 14,0,19,,96011,49,0,13 14,0,20,,96014,49,0,13 14,0,17,,96017,49,0,13 14,0,58,,96019,49,0,13 14,0,15,,96009,49,0,42 43,0,18,,96022,49,0,13 14 49,0,9,,96022,60,0,13 14,0,52,,96006,49,0,13 14,0,21,,96008,49,0,13 14,0,21,,96010,49,0,42 43,0,69,,96013,51,0,13 14,0,28,,96012,51,0,42 43,0,74,,96016,51,0,13 14,0,27,,96015,51,0,42 43,0,70,,96018,51,0,13 14,0,30,,96026,51,0,42 43,0,70,,96020,51,0,13 14,0,30,,96021,51,0,42 43,0,70,,96023,51,0,13 14,0,29,,96024,51,0,42 43,0,70,,96025,51,0,13 14,0,26,,96027,51,0,42 43,0,70,,96028,51,0,42 43,0,34,,96029,51,0,42 43,0,70,,96030,51,0,13 14,0,31,,96031,51,0,42 43,0,60,,96041,49,0,13 14 49,0,9,,96041,60,0,13 14,0,10,,96032,49,0,42 43,0,9,,96032,60,0,42 43,0,17,,96034,51,0,13 14 49,0,49,,96034,62,0,13 14,0,2,,96033,49,0,13 14 49,0,9,,96033,60,0,13 14,0,16,,96040,51,0,13 14,0,14,,96035,49,0,42 43,0,9,,96035,60,0,42 43,0,64,,96036,51,0,13 14,0,36,,96037,51,0,42 43,0,147,,96038,51,0,42 43,0,55,,96039,51,0,13 14,0,99,,96042,49,0,13 14,0,148,,96043,49,0,13 14,0
7500,'5459',700,,96045,49,0,13 14,0,54,,96046,49,0,42 43,0,99,,96047,49,0,42 43,0,99,,96044,51,0,42 43,0,98,,96048,51,0,42 43,0,101,,96049,51,0,42 43,0,70,,96050,51,0,13 14,0,30,,96051,51,0,42 43,0,70,,96052,51,0,13 14,0,31,,96053,51,0,42 43,0,64,,96054,51,0,13 14,0,36,,96055,51,0,42 43,0,70,,96056,51,0,13 14,0,30,,96057,51,0,42 43,0,71,,96058,51,0,13 14,0,30,,96059,51,0,42 43,0,100,,96060,51,0,42 43,0,102,,96061,51,0,42 43,0,101,,96062,51,0,42 43,0,101,,96063,51,0,42 43,0,98,,96064,51,0,13 14,0,101,,96065,49,0,13 14,0,101,,96066,49,0,13 14,0
7500,'5460',654,,96067,49,0,13 14,0,99,,96068,49,0,42 43,0,101,,96069,49,0,42 43,0,99,,96070,51,0,42 43,0,98,,96071,51,0,42 43,0,100,,96072,51,0,42 43,0,70,,96073,51,0,13 14,0,30,,96074,51,0,42 43,0,71,,96075,51,0,13 14,0,30,,96076,51,0,42 43,0,70,,96077,51,0,13 14,0,30,,96078,51,0,42 43,0,70,,96079,51,0,13 14,0,30,,96080,51,0,42 43,0,100,,96081,51,0,42 43,0,101,,96082,51,0,42 43,0,102,,96083,51,0,42 43,0,102,,96084,51,0,42 43,0,144,,96085,51,0,42 43,0,56,,96086,51,0,13 14,0,169,,96087,49,0,13 14,0
7500,'5461',654,,96088,49,0,13 14,0,99,,96089,49,0,42 43,0,101,,96090,49,0,42 43,0,99,,96091,51,0,42 43,0,98,,96092,51,0,42 43,0,100,,96093,51,0,42 43,0,70,,96094,51,0,13 14,0,30,,96095,51,0,42 43,0,71,,96096,51,0,13 14,0,30,,96097,51,0,42 43,0,70,,96098,51,0,13 14,0,30,,96099,51,0,42 43,0,70,,96100,51,0,13 14,0,30,,96101,51,0,42 43,0,100,,96102,51,0,42 43,0,101,,96103,51,0,42 43,0,102,,96104,51,0,42 43,0,102,,96105,51,0,42 43,0,144,,96106,51,0,42 43,0,56,,96107,51,0,13 14,0,169,,96108,49,0,13 14,0
7500,'5462',654,,96109,49,0,13 14,0,99,,96110,49,0,42 43,0,101,,96111,49,0,42 43,0,99,,96112,51,0,42 43,0,98,,96113,51,0,42 43,0,100,,96114,51,0,42 43,0,70,,96115,51,0,13 14,0,30,,96116,51,0,42 43,0,71,,96117,51,0,13 14,0,30,,96118,51,0,42 43,0,70,,96119,51,0,13 14,0,30,,96120,51,0,42 43,0,70,,96121,51,0,13 14,0,30,,96122,51,0,42 43,0,100,,96123,51,0,42 43,0,101,,96124,51,0,42 43,0,102,,96125,51,0,42 43,0,102,,96126,51,0,42 43,0,144,,96127,51,0,42 43,0,56,,96128,51,0,13 14,0,169,,96129,49,0,13 14,0
7500,'5463',654,,96130,49,0,13 14,0,99,,96131,49,0,42 43,0,101,,96132,49,0,42 43,0,99,,96133,51,0,42 43,0,98,,96134,51,0,42 43,0,100,,96135,51,0,42 43,0,70,,96136,51,0,13 14,0,30,,96137,51,0,42 43,0,71,,96138,51,0,13 14,0,30,,96139,51,0,42 43,0,70,,96140,51,0,13 14,0,30,,96141,51,0,42 43,0,70,,96142,51,0,13 14,0,30,,96143,51,0,42 43,0,100,,96144,51,0,42 43,0,101,,96145,51,0,42 43,0,102,,96146,51,0,42 43,0,102,,96147,51,0,42 43,0,144,,96148,51,0,42 43,0,56,,96149,51,0,13 14,0,169,,96150,49,0,13 14,0
8301,'5456',716,,96579,33,,,0,98,,96577,33,,,0,208,,96578,33,,,0,181,,96581,33,,,0,155,,96580,33,,,0,252,,96582,33,,,0,211,,96583,33,,,0,199,,96584,33,,,0
8301,'5458',716,,96587,33,,,0,98,,96585,33,,,0,208,,96586,33,,,0,181,,96589,33,,,0,155,,96588,33,,,0,252,,96590,33,,,0,211,,96591,33,,,0,199,,96592,33,,,0
8301,'5459',958,,96596,33,,,0,300,,96594,33,,,0,345,,96595,33,,,0,299,,96593,33,,,0
8301,'5460',957,,96599,33,,,0,300,,96600,33,,,0,345,,96598,33,,,0,299,,96597,33,,,0
8301,'5461',957,,96603,33,,,0,300,,96604,33,,,0,345,,96602,33,,,0,299,,96601,33,,,0
8301,'5462',957,,96607,33,,,0,300,,96608,33,,,0,345,,96606,33,,,0,299,,96605,33,,,0
8301,'5463',957,,96611,33,,,0,300,,96612,33,,,0,345,,96610,33,,,0,299,,96609,33,,,0
