3000,'5456',559,,101697,19,,,0,93,,101698,19,,,0,72,,101699,19,,,0,33,,91397,19,,,0,71,,101700,19,,,0,72,,101701,19,,,0,29,,91400,19,,,0,30,,101702,19,,,0,71,,91402,19,,,0,70,,91403,19,,,0,31,,101703,19,,,0,70,,91405,19,,,0,30,,91406,19,,,0,70,,101704,19,,,0,31,,91408,19,,,0,70,,91409,19,,,0,27,,91410,19,,,0,72,,101705,19,,,0,32,,101706,19,,,0,73,,101707,19,,,0,35,,101708,19,,,0,71,,101709,19,,,0,32,,101710,19,,,0,70,,101711,19,,,0,26,,101712,19,,,0,67,,101713,19,,,0,28,,101714,19,,,0,73,,101715,19,,,0,33,,101716,19,,,0,85,,91423,19,,,0,100,,91424,19,,,0,98,,101717,19,,,0,108,,101718,19,,,0
3000,'5458',559,,101719,19,,,0,93,,101720,19,,,0,72,,101721,19,,,0,33,,91430,19,,,0,71,,101722,19,,,0,72,,101723,19,,,0,29,,91433,19,,,0,30,,101724,19,,,0,71,,91435,19,,,0,70,,91436,19,,,0,31,,101725,19,,,0,70,,91438,19,,,0,30,,91439,19,,,0,70,,101726,19,,,0,31,,91441,19,,,0,70,,91442,19,,,0,27,,91443,19,,,0,72,,101727,19,,,0,32,,101728,19,,,0,73,,101729,19,,,0,35,,101730,19,,,0,71,,101731,19,,,0,32,,101732,19,,,0,70,,101733,19,,,0,26,,101734,19,,,0,67,,101735,19,,,0,28,,101736,19,,,0,73,,101737,19,,,0,33,,101738,19,,,0,85,,91456,19,,,0,100,,91457,19,,,0,98,,101739,19,,,0,108,,101740,19,,,0
3000,'5459',648,,101741,19,,,0,100,,101742,19,,,0,78,,91462,19,,,0,78,,101743,19,,,0,34,,101744,19,,,0,72,,91465,19,,,0,33,,101745,19,,,0,71,,101746,19,,,0,30,,101747,19,,,0,70,,101748,19,,,0,30,,101749,19,,,0,69,,101750,19,,,0,32,,101751,19,,,0,70,,101752,19,,,0,30,,101753,19,,,0,70,,101754,19,,,0,31,,101755,19,,,0,69,,101756,19,,,0,30,,101757,19,,,0,69,,91479,19,,,0,30,,101758,19,,,0,69,,101759,19,,,0,30,,91482,19,,,0,79,,91483,19,,,0,80,,91484,19,,,0,38,,91485,19,,,0,85,,101760,19,,,0,100,,101761,19,,,0,100,,101762,19,,,0,106,,101763,19,,,0
3000,'5460',759,,101764,19,,,0,141,,101765,19,,,0,45,,101766,19,,,0,80,,101767,19,,,0,81,,101768,19,,,0,36,,101769,19,,,0,70,,101770,19,,,0,30,,91497,19,,,0,70,,101771,19,,,0,31,,101772,19,,,0,70,,91500,19,,,0,30,,101773,19,,,0,70,,101774,19,,,0,30,,101775,19,,,0,71,,101776,19,,,0,30,,101777,19,,,0,69,,101778,19,,,0,29,,101779,19,,,0,69,,101780,19,,,0,30,,101781,19,,,0,80,,91510,19,,,0,80,,91511,19,,,0,39,,101782,19,,,0,87,,101783,19,,,0,97,,101784,19,,,0,98,,101785,19,,,0
3000,'5461',759,,101786,19,,,0,141,,101787,19,,,0,45,,101788,19,,,0,80,,101789,19,,,0,81,,101790,19,,,0,36,,101791,19,,,0,70,,101792,19,,,0,30,,91523,19,,,0,70,,101793,19,,,0,31,,101794,19,,,0,70,,91526,19,,,0,30,,101795,19,,,0,70,,101796,19,,,0,30,,101797,19,,,0,71,,101798,19,,,0,30,,101799,19,,,0,69,,101800,19,,,0,29,,101801,19,,,0,69,,91534,19,,,0,30,,101802,19,,,0,80,,91536,19,,,0,80,,91537,19,,,0,39,,91538,19,,,0,87,,101803,19,,,0,97,,101804,19,,,0,98,,101805,19,,,0
3000,'5462',759,,101806,19,,,0,141,,101807,19,,,0,45,,101808,19,,,0,80,,101809,19,,,0,81,,101810,19,,,0,36,,101811,19,,,0,70,,101812,19,,,0,30,,91549,19,,,0,70,,101813,19,,,0,31,,101814,19,,,0,70,,91552,19,,,0,30,,101815,19,,,0,70,,101816,19,,,0,30,,101817,19,,,0,71,,101818,19,,,0,30,,101819,19,,,0,69,,101820,19,,,0,29,,101821,19,,,0,69,,91560,19,,,0,30,,101822,19,,,0,80,,91562,19,,,0,80,,91563,19,,,0,39,,91564,19,,,0,87,,101823,19,,,0,97,,101824,19,,,0,98,,101825,19,,,0
3000,'5463',759,,101826,19,,,0,141,,101827,19,,,0,45,,101828,19,,,0,80,,101829,19,,,0,81,,101830,19,,,0,36,,101831,19,,,0,70,,101832,19,,,0,30,,91575,19,,,0,70,,101833,19,,,0,31,,101834,19,,,0,70,,91578,19,,,0,30,,101835,19,,,0,70,,101836,19,,,0,30,,101837,19,,,0,71,,101838,19,,,0,30,,101839,19,,,0,69,,101840,19,,,0,29,,101841,19,,,0,69,,91586,19,,,0,30,,101842,19,,,0,80,,91588,19,,,0,80,,91589,19,,,0,39,,91590,19,,,0,87,,101843,19,,,0,97,,101844,19,,,0,98,,101845,19,,,0
3100,'5456',631,,91796,19,,,0,77,,102019,19,,,0,33,,102020,19,,,0,72,,102021,19,,,0,31,,102022,19,,,0,71,,102023,19,,,0,29,,102024,19,,,0,71,,102025,19,,,0,30,,102026,19,,,0,70,,102027,19,,,0,31,,102028,19,,,0,70,,102029,19,,,0,30,,102030,19,,,0,71,,102031,19,,,0,30,,102032,19,,,0,68,,102033,19,,,0,30,,91812,19,,,0,72,,102034,19,,,0,33,,91814,19,,,0,74,,102035,19,,,0,35,,102036,19,,,0,69,,102037,19,,,0,31,,102038,19,,,0,69,,102039,19,,,0,25,,102040,19,,,0,68,,102041,19,,,0,28,,91822,19,,,0,77,,102042,19,,,0,78,,91824,19,,,0,53,,102043,19,,,0,97,,102044,19,,,0,153,,91827,19,,,0,94,,102045,19,,,0
3100,'5458',631,,91829,19,,,0,77,,102046,19,,,0,33,,102047,19,,,0,72,,102048,19,,,0,31,,102049,19,,,0,71,,102050,19,,,0,29,,102051,19,,,0,71,,102052,19,,,0,30,,102053,19,,,0,70,,102054,19,,,0,31,,102055,19,,,0,70,,102056,19,,,0,30,,102057,19,,,0,71,,102058,19,,,0,30,,102059,19,,,0,68,,102060,19,,,0,30,,91845,19,,,0,72,,102061,19,,,0,33,,91847,19,,,0,74,,102062,19,,,0,35,,102063,19,,,0,69,,102064,19,,,0,31,,102065,19,,,0,69,,102066,19,,,0,25,,102067,19,,,0,68,,102068,19,,,0,28,,91855,19,,,0,77,,102069,19,,,0,78,,91857,19,,,0,53,,102070,19,,,0,97,,102071,19,,,0,153,,91860,19,,,0,94,,102072,19,,,0
3100,'5459',718,,102073,19,,,0,88,,102074,19,,,0,41,,91864,19,,,0,75,,102075,19,,,0,31,,102076,19,,,0,72,,102077,19,,,0,34,,102078,19,,,0,70,,102079,19,,,0,30,,102080,19,,,0,70,,102081,19,,,0,30,,102082,19,,,0,71,,102083,19,,,0,70,,102084,19,,,0,30,,102085,19,,,0,70,,102086,19,,,0,31,,102087,19,,,0,69,,102088,19,,,0,30,,102089,19,,,0,29,,102090,19,,,0,70,,102091,19,,,0,29,,102092,19,,,0,70,,91883,19,,,0,74,,102093,19,,,0,40,,102094,19,,,0,79,,102095,19,,,0,79,,102096,19,,,0,55,,91888,19,,,0,100,,102097,19,,,0,155,,91890,19,,,0,91,,91891,19,,,0
3100,'5460',718,,102098,19,,,0,112,,102099,19,,,0,94,,102100,19,,,0,80,,102101,19,,,0,41,,102102,19,,,0,81,,102103,19,,,0,30,,102104,19,,,0,71,,91899,19,,,0,30,,102105,19,,,0,71,,102106,19,,,0,30,,91902,19,,,0,70,,102107,19,,,0,30,,102108,19,,,0,70,,91905,19,,,0,31,,102109,19,,,0,70,,102110,19,,,0,29,,102111,19,,,0,69,,102112,19,,,0,30,,91910,19,,,0,69,,102113,19,,,0,75,,102114,19,,,0,40,,102115,19,,,0,78,,102116,19,,,0,40,,102117,19,,,0,95,,102118,19,,,0,100,,102119,19,,,0,152,,91918,19,,,0
3100,'5461',718,,102120,19,,,0,112,,102121,19,,,0,94,,102122,19,,,0,80,,102123,19,,,0,41,,102124,19,,,0,81,,102125,19,,,0,30,,102126,19,,,0,71,,102127,19,,,0,30,,102128,19,,,0,71,,102129,19,,,0,30,,102130,19,,,0,70,,102131,19,,,0,30,,102132,19,,,0,70,,102133,19,,,0,31,,102134,19,,,0,70,,102135,19,,,0,29,,102136,19,,,0,69,,102137,19,,,0,30,,91937,19,,,0,69,,102138,19,,,0,75,,102139,19,,,0,40,,102140,19,,,0,78,,102141,19,,,0,40,,102142,19,,,0,95,,91943,19,,,0,100,,102143,19,,,0,152,,102144,19,,,0
3100,'5462',718,,102145,19,,,0,112,,102146,19,,,0,94,,102147,19,,,0,80,,102148,19,,,0,41,,102149,19,,,0,81,,102150,19,,,0,30,,102151,19,,,0,71,,102152,19,,,0,30,,102153,19,,,0,71,,102154,19,,,0,30,,102155,19,,,0,70,,102156,19,,,0,30,,102157,19,,,0,70,,102158,19,,,0,31,,102159,19,,,0,70,,102160,19,,,0,29,,102161,19,,,0,69,,102162,19,,,0,30,,91964,19,,,0,69,,102163,19,,,0,75,,102164,19,,,0,40,,102165,19,,,0,78,,102166,19,,,0,40,,102167,19,,,0,95,,91970,19,,,0,100,,102168,19,,,0,152,,102169,19,,,0
3100,'5463',718,,102170,19,,,0,112,,102171,19,,,0,94,,102172,19,,,0,80,,102173,19,,,0,41,,102174,19,,,0,81,,102175,19,,,0,30,,102176,19,,,0,71,,102177,19,,,0,30,,102178,19,,,0,71,,102179,19,,,0,30,,102180,19,,,0,70,,102181,19,,,0,30,,102182,19,,,0,70,,102183,19,,,0,31,,102184,19,,,0,70,,102185,19,,,0,29,,102186,19,,,0,69,,102187,19,,,0,30,,91991,19,,,0,69,,102188,19,,,0,75,,102189,19,,,0,40,,102190,19,,,0,78,,102191,19,,,0,40,,102192,19,,,0,95,,91997,19,,,0,100,,102193,19,,,0,152,,102194,19,,,0
