7201,'5456',557,,103795,34,,,0,80,,103798,34,,,0,70,,103796,34,,,0,32,,103800,34,,,0,72,,103810,34,,,0,21,,103805,34,,,0,27,,103797,34,,,0,70,,103799,34,,,0,30,,103803,34,,,0,70,,103801,34,,,0,30,,103802,34,,,0,73,,103809,34,,,0,70,,103804,34,,,0,30,,103806,34,,,0,71,,103807,34,,,0,30,,103814,34,,,0,70,,103817,34,,,0,31,,103808,34,,,0,71,,103819,34,,,0,30,,103823,34,,,0,15,,95798,30,4,,0,56,,103811,34,,,0,27,,103812,34,,,0,70,,103818,34,,,0,31,,103825,34,,,0,70,,103813,34,,,0,28,,103820,34,,,0,70,,103822,34,,,0,29,,103815,34,,,0,70,,103816,34,,,0,30,,103824,34,,,0,70,,103826,34,,,0,30,,103821,34,,,0
7201,'5457',1444,,103827,30,,,0
7201,'5458',557,,103828,34,,,0,80,,103831,34,,,0,70,,103829,34,,,0,32,,103833,34,,,0,72,,103844,34,,,0,21,,103838,34,,,0,27,,103830,34,,,0,70,,103832,34,,,0,30,,103836,34,,,0,70,,103834,34,,,0,30,,103835,34,,,0,73,,103843,34,,,0,70,,103837,34,,,0,30,,103839,34,,,0,71,,103840,34,,,0,30,,103848,34,,,0,70,,103851,34,,,0,31,,103842,34,,,0,10,,103841,30,,,0,61,,103853,34,,,0,30,,103857,34,,,0,15,,95833,30,4,,0,56,,103845,34,,,0,27,,103846,34,,,0,70,,103852,34,,,0,31,,103859,34,,,0,70,,103847,34,,,0,28,,103854,34,,,0,70,,103856,34,,,0,29,,103849,34,,,0,70,,103850,34,,,0,30,,103858,34,,,0,70,,103860,34,,,0,30,,103855,34,,,0
7201,'5459',624,,103885,34,,,0,103,,95838,34,,,0,99,,103862,34,,,0,33,,103863,34,,,0,71,,103864,34,,,0,70,,103865,34,,,0,31,,95843,34,,,0,69,,103866,34,,,0,31,,103867,34,,,0,70,,103868,34,,,0,30,,103861,34,,,0,70,,103869,34,,,0,30,,103870,34,,,0,71,,103871,34,,,0,34,,103872,34,,,0,71,,103873,34,,,0,29,,103874,34,,,0,71,,103875,34,,,0,29,,103876,34,,,0,66,,103877,34,,,0,28,,103878,34,,,0,70,,103879,34,,,0,29,,103880,34,,,0,30,,103881,34,,,0,69,,95860,34,,,0,30,,95861,34,,,0,71,,103882,34,,,0,29,,103883,34,,,0,70,,103884,34,,,0
7201,'5460',726,,103887,34,,,0,100,,95868,34,,,0,100,,103888,34,,,0,105,,103889,34,,,0,100,,103891,34,,,0,70,,103892,34,,,0,30,,103886,34,,,0,69,,103890,34,,,0,30,,103893,34,,,0,70,,103895,34,,,0,30,,103896,34,,,0,71,,103897,34,,,0,30,,103894,34,,,0,70,,103898,34,,,0,29,,103899,34,,,0,70,,103900,34,,,0,34,,103901,34,,,0,68,,103902,34,,,0,32,,103903,34,,,0,70,,103904,34,,,0,30,,95887,34,,,0,69,,103905,34,,,0,30,,103906,34,,,0,70,,103907,34,,,0,30,,95890,34,,,0
7201,'5461',726,,103909,34,,,0,100,,103910,34,,,0,100,,103911,34,,,0,105,,103912,34,,,0,100,,103914,34,,,0,70,,103915,34,,,0,30,,103908,34,,,0,69,,103913,34,,,0,30,,103916,34,,,0,70,,103918,34,,,0,30,,103919,34,,,0,71,,103920,34,,,0,30,,103917,34,,,0,70,,103921,34,,,0,29,,103922,34,,,0,70,,103923,34,,,0,34,,103924,34,,,0,68,,103925,34,,,0,32,,103926,34,,,0,70,,103927,34,,,0,30,,103929,34,,,0,69,,103928,34,,,0,30,,103930,34,,,0,70,,103931,34,,,0,30,,103932,34,,,0
7201,'5462',726,,103934,34,,,0,100,,103935,34,,,0,100,,103936,34,,,0,105,,103937,34,,,0,100,,103939,34,,,0,70,,103940,34,,,0,30,,103933,34,,,0,69,,103938,34,,,0,30,,103941,34,,,0,70,,103943,34,,,0,30,,103944,34,,,0,71,,103945,34,,,0,30,,103942,34,,,0,70,,103946,34,,,0,29,,103947,34,,,0,70,,103948,34,,,0,34,,103949,34,,,0,68,,103950,34,,,0,32,,103951,34,,,0,70,,103952,34,,,0,30,,103954,34,,,0,69,,103953,34,,,0,30,,103955,34,,,0,70,,103956,34,,,0,30,,103957,34,,,0
7201,'5463',726,,103959,34,,,0,100,,103960,34,,,0,100,,103961,34,,,0,105,,103962,34,,,0,100,,103964,34,,,0,70,,103965,34,,,0,30,,103958,34,,,0,69,,103963,34,,,0,30,,103966,34,,,0,70,,103968,34,,,0,30,,103969,34,,,0,71,,103970,34,,,0,30,,103967,34,,,0,70,,103971,34,,,0,29,,103972,34,,,0,70,,103973,34,,,0,34,,103974,34,,,0,68,,103975,34,,,0,32,,103976,34,,,0,70,,103977,34,,,0,30,,95962,34,,,0,69,,103978,34,,,0,30,,103979,34,,,0,70,,103980,34,,,0,30,,103981,34,,,0
7500,'5456',610,,95968,63,4,,0,19,,103985,63,4,,0,20,,103988,63,4,,0,58,,103991,63,4,,0,18,,95980,63,4,,0,83,,95983,74,4,,0,12,,95967,63,4,,0,21,,103983,63,4,,0,89,,103987,65,4,,0,102,,103990,65,4,,0,97,,95979,65,4,,0,100,,95981,65,4,,0,100,,103993,65,4,,0,100,,103994,65,4,,0,200,,103997,65,4,,0,100,,96002,74,4,,0,84,,103999,76,4,,0,11,,95994,74,4,,0,16,,96001,65,4,,0,87,,95997,65,4,,0,278,,96000,65,4,,0,99,,104002,63,4,,0,108,,104003,63,4,,0
7500,'5458',610,,96007,63,4,,0,19,,104007,63,4,,0,20,,104010,63,4,,0,58,,104013,63,4,,0,18,,96019,63,4,,0,83,,96022,74,4,,0,12,,96006,63,4,,0,21,,104005,63,4,,0,89,,104009,65,4,,0,102,,104012,65,4,,0,97,,96018,65,4,,0,100,,96020,65,4,,0,100,,104015,65,4,,0,100,,104016,65,4,,0,200,,104019,65,4,,0,100,,96041,74,4,,0,84,,104021,76,4,,0,11,,96033,74,4,,0,16,,96040,65,4,,0,87,,96036,65,4,,0,278,,96039,65,4,,0,99,,104024,63,4,,0,108,,104025,63,4,,0
7500,'5459',709,,96045,63,4,,0,522,,104029,65,4,,0,100,,96052,65,4,,0,95,,96054,65,4,,0,106,,104032,65,4,,0,101,,104034,65,4,,0,571,,96064,65,4,,0,101,,96065,63,4,,0,101,,96066,63,4,,0
7500,'5460',702,,104037,63,4,,0,529,,104040,65,4,,0,101,,104042,65,4,,0,100,,96077,65,4,,0,100,,96079,65,4,,0,674,,96086,65,4,,0,129,,104050,63,4,,0
7500,'5461',702,,104051,63,4,,0,529,,104052,65,4,,0,101,,104054,65,4,,0,100,,96098,65,4,,0,100,,96100,65,4,,0,674,,104062,65,4,,0,129,,96108,63,4,,0
7500,'5462',702,,104063,63,4,,0,529,,104064,65,4,,0,101,,104066,65,4,,0,100,,96119,65,4,,0,100,,96121,65,4,,0,674,,104074,65,4,,0,129,,96129,63,4,,0
7500,'5463',702,,104075,63,4,,0,529,,104076,65,4,,0,101,,104078,65,4,,0,100,,96140,65,4,,0,100,,96142,65,4,,0,674,,104086,65,4,,0,129,,96150,63,4,,0
7501,'5456',531,,96154,1,,,0,70,,96151,1,,,0,22,,96152,1,,,0,18,,104088,1,,,0,62,,104090,1,,,0,26,,104087,1,,,0,17,,96163,1,,,0,56,,104091,1,,,0,30,,96155,1,,,0,70,,104089,1,,,0,39,,96159,1,,,0,70,,104092,1,,,0,33,,104093,1,,,0,68,,96164,1,,,0,30,,104094,1,,,0,70,,96166,1,,,0,30,,104095,1,,,0,70,,96168,1,,,0,30,,104096,1,,,0,69,,104097,1,,,0,31,,104098,1,,,0,59,,104106,1,,,0,11,,104099,1,,,0,20,,96174,1,,,0,14,,96173,1,,,0,54,,96182,1,,,0,16,,104100,1,,,0,28,,96176,1,,,0,68,,104101,1,,,0,30,,96178,1,,,0,99,,96179,1,,,0,98,,96180,1,,,0,100,,104102,1,,,0,99,,104103,1,,,0,95,,96184,1,0,28 29 14,0,99,,104104,1,0,28 29 14,0
7501,'5458',531,,96191,1,,,0,70,,96188,1,,,0,22,,96189,1,,,0,18,,104108,1,,,0,62,,104110,1,,,0,26,,104107,1,,,0,17,,96200,1,,,0,56,,104111,1,,,0,30,,96192,1,,,0,70,,104109,1,,,0,39,,96196,1,,,0,70,,104112,1,,,0,33,,104113,1,,,0,68,,96201,1,,,0,30,,104114,1,,,0,70,,96203,1,,,0,30,,104115,1,,,0,70,,96205,1,,,0,30,,104116,1,,,0,69,,104117,1,,,0,31,,104118,1,,,0,59,,104126,1,,,0,11,,104119,1,,,0,20,,96211,1,,,0,14,,96210,1,,,0,54,,96219,1,,,0,16,,104120,1,,,0,28,,96213,1,,,0,68,,104121,1,,,0,30,,96215,1,,,0,99,,96216,1,,,0,98,,96217,1,,,0,100,,104122,1,,,0,99,,104123,1,,,0,95,,96221,1,0,28 29 14,0,99,,104124,1,0,28 29 14,0
7501,'5459',731,,96226,1,,,0,100,,104128,1,,,0,108,,104129,1,,,0,103,,96229,1,,,0,100,,96230,1,,,0,70,,104130,1,,,0,30,,104131,1,,,0,70,,104132,1,,,0,30,,104133,1,,,0,74,,96235,1,,,0,30,,104134,1,,,0,70,,96237,1,,,0,30,,96238,1,,,0,70,,104135,1,,,0,30,,104136,1,,,0,96,,104137,1,,,0,97,,96242,1,,,0,99,,96243,1,,,0,100,,104138,1,,,0,100,,104139,1,,,0,95,,96246,1,0,28 29 14,0,99,,96247,1,0,28 29 14,0
7501,'5460',729,,104141,1,0,28 29 14,0,103,,96250,1,,,0,105,,104142,1,,,0,101,,96252,1,,,0,102,,104143,1,,,0,71,,104144,1,,,0,30,,96255,1,,,0,70,,104145,1,,,0,30,,96257,1,,,0,70,,104146,1,,,0,31,,104147,1,,,0,70,,104148,1,,,0,30,,104149,1,,,0,100,,104150,1,,,0,102,,104151,1,,,0,100,,104152,1,,,0,100,,96265,1,,,0,99,,104153,1,,,0,100,,104154,1,,,0,90,,96268,1,0,28 29 14,0,112,,104155,1,0,28 29 14,0
7501,'5461',729,,104157,1,0,28 29 14,0,103,,96272,1,,,0,105,,96273,1,,,0,101,,96274,1,,,0,102,,96275,1,,,0,71,,104158,1,,,0,30,,96277,1,,,0,70,,104159,1,,,0,30,,96279,1,,,0,70,,104160,1,,,0,31,,104161,1,,,0,70,,104162,1,,,0,30,,104163,1,,,0,100,,104164,1,,,0,102,,104165,1,,,0,100,,104166,1,,,0,100,,104167,1,,,0,99,,104168,1,,,0,100,,96289,1,,,0,90,,104169,1,0,28 29 14,0,112,,96291,1,0,28 29 14,0
7501,'5462',729,,104171,1,0,28 29 14,0,103,,96294,1,,,0,105,,96295,1,,,0,101,,96296,1,,,0,102,,96297,1,,,0,71,,104172,1,,,0,30,,96299,1,,,0,70,,104173,1,,,0,30,,96301,1,,,0,70,,104174,1,,,0,31,,104175,1,,,0,70,,104176,1,,,0,30,,104177,1,,,0,100,,104178,1,,,0,102,,104179,1,,,0,100,,104180,1,,,0,100,,104181,1,,,0,99,,104182,1,,,0,100,,96311,1,,,0,90,,104183,1,0,28 29 14,0,112,,96313,1,0,28 29 14,0
7501,'5463',729,,104185,1,0,28 29 14,0,103,,96316,1,,,0,105,,96317,1,,,0,101,,96318,1,,,0,102,,96319,1,,,0,71,,104186,1,,,0,30,,96321,1,,,0,70,,104187,1,,,0,30,,96323,1,,,0,70,,104188,1,,,0,31,,104189,1,,,0,70,,104190,1,,,0,30,,104191,1,,,0,100,,104192,1,,,0,102,,104193,1,,,0,100,,104194,1,,,0,100,,104195,1,,,0,99,,104196,1,,,0,100,,96333,1,,,0,90,,104197,1,0,28 29 14,0,112,,96335,1,0,28 29 14,0
8101,'5456',554,,96446,26,4,,0,170,,104260,41,4,,0,33,,104261,26,4,,0,179,,96448,41,4,,0,103,,104262,41,4,,0,98,,104263,41,4,,0,100,,104264,41,4,,0,100,,104265,41,4,,0,100,,104266,41,4,,0,104,,96455,41,4,,0,98,,96456,41,4,,0,98,,96457,41,4,,0,99,,96458,41,4,,0,98,,96459,41,4,,0,100,,104267,41,4,,0,99,,104268,41,4,,0
8101,'5458',554,,96462,26,4,,0,170,,104269,41,4,,0,33,,104270,26,4,,0,179,,96464,41,4,,0,103,,104271,41,4,,0,98,,104272,41,4,,0,100,,104273,41,4,,0,100,,104274,41,4,,0,100,,104275,41,4,,0,104,,96471,41,4,,0,98,,96472,41,4,,0,98,,96473,41,4,,0,99,,96474,41,4,,0,98,,96475,41,4,,0,100,,104276,41,4,,0,99,,104277,41,4,,0
8101,'5459',934,,104278,41,4,,0,103,,96479,41,4,,0,100,,96480,41,4,,0,100,,104279,41,4,,0,100,,104280,41,4,,0,104,,104281,41,4,,0,100,,96484,41,4,,0,100,,104282,41,4,,0,96,,104283,41,4,,0,97,,96487,41,4,,0,99,,96488,41,4,,0,100,,104284,41,4,,0,100,,104285,41,4,,0
8101,'5460',932,,104286,41,4,,0,101,,96492,41,4,,0,102,,104287,41,4,,0,101,,96494,41,4,,0,100,,96495,41,4,,0,101,,104288,41,4,,0,100,,104289,41,4,,0,100,,104290,41,4,,0,102,,104291,41,4,,0,100,,104292,41,4,,0,100,,96501,41,4,,0,99,,104293,41,4,,0,100,,104294,41,4,,0
8101,'5461',932,,96504,41,4,,0,101,,96505,41,4,,0,102,,96506,41,4,,0,101,,96507,41,4,,0,100,,96508,41,4,,0,101,,104295,41,4,,0,100,,104296,41,4,,0,100,,104297,41,4,,0,102,,104298,41,4,,0,100,,104299,41,4,,0,100,,104300,41,4,,0,99,,104301,41,4,,0,100,,96516,41,4,,0
8101,'5462',932,,96517,41,4,,0,101,,96518,41,4,,0,102,,96519,41,4,,0,101,,96520,41,4,,0,100,,96521,41,4,,0,101,,104302,41,4,,0,100,,104303,41,4,,0,100,,104304,41,4,,0,102,,104305,41,4,,0,100,,104306,41,4,,0,100,,104307,41,4,,0,99,,104308,41,4,,0,100,,96529,41,4,,0
8101,'5463',932,,96530,41,4,,0,101,,96531,41,4,,0,102,,96532,41,4,,0,101,,96533,41,4,,0,100,,96534,41,4,,0,101,,104309,41,4,,0,100,,104310,41,4,,0,100,,104311,41,4,,0,102,,104312,41,4,,0,100,,104313,41,4,,0,100,,104314,41,4,,0,99,,104315,41,4,,0,100,,96542,41,4,,0
1007201,'5456',2236,,105692,37,,,0,99,,105694,37,,,0,99,,105693,37,,,0
1007201,'5458',2236,,105695,37,,,0,99,,105697,37,,,0,99,,105696,37,,,0
1007201,'5459',2237,,98271,37,,,0,98,,105698,37,,,0,99,,105699,37,,,0
1007201,'5460',2236,,98274,37,,,0,99,,105700,37,,,0
1007201,'5461',2236,,105701,37,,,0,99,,105702,37,,,0
1007201,'5462',2236,,105703,37,,,0,99,,105704,37,,,0
1007201,'5463',2236,,98280,37,,,0,99,,105705,37,,,0
