3801,'5456',711,,92483,41,,,0,30,,92482,41,,,0,73,,92484,41,,,0,28,,92485,41,,,0,73,,92488,41,,,0,43,,92486,41,,,0,88,,92487,41,,,0,100,,92490,41,,,0,103,,92489,41,,,0,72,,92503,20,,,0,30,,92491,41,,,0,80,,92504,20,,,0,27,,92492,41,,,0,77,,92505,20,,,0,77,,92493,41,,,0,45,,92494,41,,,0,70,,92499,41,,,0,22,,92495,41,,,0,64,,92502,41,,,0,23,,92496,41,,,0,70,,92497,41,,,0,35,,92500,41,,,0,97,,92498,41,,,0,104,,92501,41,,,0
3801,'5458',711,,92507,41,,,0,30,,92506,41,,,0,73,,92508,41,,,0,28,,92509,41,,,0,73,,92512,41,,,0,43,,92510,41,,,0,88,,92511,41,,,0,100,,92514,41,,,0,103,,92513,41,,,0,72,,92527,20,,,0,30,,92515,41,,,0,80,,92528,20,,,0,27,,92516,41,,,0,77,,92529,20,,,0,77,,92517,41,,,0,45,,92518,41,,,0,70,,92523,41,,,0,22,,92519,41,,,0,64,,92526,41,,,0,23,,92520,41,,,0,70,,92521,41,,,0,35,,92524,41,,,0,97,,92522,41,,,0,104,,92525,41,,,0
4601,'5456',723,,93064,34,,,0,114,,93073,34,,,0,7,,93074,14,,,0,114,,93063,34,,,0,93,,93072,34,,,0,386,,93069,34,,,0,172,,93065,34,,,0,30,,93070,34,,,0,80,,93066,34,,,0,33,,93067,34,,,0,65,,93068,34,,,0,89,,93071,34,,,0
4601,'5458',723,,93076,34,,,0,114,,93085,34,,,0,7,,93086,14,,,0,114,,93075,34,,,0,93,,93084,34,,,0,386,,93081,34,,,0,172,,93077,34,,,0,30,,93082,34,,,0,80,,93078,34,,,0,33,,93079,34,,,0,65,,93080,34,,,0,89,,93083,34,,,0
5801,'5456',615,,94355,5,,,0,30,,94354,5,,,0,78,,94349,5,,,0,78,,94347,5,,,0,21,,94356,5,,,0,19,,94367,5,0,41 14,0,18,,94346,5,,,0,83,,94348,5,,,0,87,,94350,5,,,0,85,,94351,5,,,0,45,,94352,5,,,0,85,,94353,5,,,0,86,,94357,5,,,0,86,,94358,5,,,0,19,,94368,5,,,0,65,,94359,5,,,0,16,,94369,5,,,0,26,,94360,5,,,0,92,,94361,5,,,0,88,,94362,5,,,0,85,,94363,5,,,0,46,,94370,5,,,0,186,,94364,5,,,0,110,,94365,5,,,0,109,,94366,5,,,0
5801,'5458',615,,94380,5,,,0,30,,94379,5,,,0,78,,94374,5,,,0,78,,94372,5,,,0,21,,94381,5,,,0,19,,94392,5,0,41 14,0,18,,94371,5,,,0,83,,94373,5,,,0,87,,94375,5,,,0,85,,94376,5,,,0,45,,94377,5,,,0,85,,94378,5,,,0,86,,94382,5,,,0,86,,94383,5,,,0,19,,94393,5,,,0,65,,94384,5,,,0,16,,94394,5,,,0,26,,94385,5,,,0,92,,94386,5,,,0,88,,94387,5,,,0,85,,94388,5,,,0,46,,94395,5,,,0,186,,94389,5,,,0,110,,94390,5,,,0,109,,94391,5,,,0
5801,'5459',648,,94408,5,,,0,100,,94409,5,,,0,100,,94410,5,,,0,106,,94411,5,,,0,105,,94407,5,,,0,145,,94406,5,,,0,100,,94405,5,,,0,110,,94404,5,,,0,100,,94402,5,,,0,110,,94403,5,,,0,100,,94397,5,,,0,105,,94398,5,,,0,100,,94399,5,,,0,105,,94400,5,,,0,114,,94401,5,,,0,110,,94396,5,,,0
5801,'5460',748,,94412,5,,,0,100,,94418,5,,,0,105,,94416,5,,,0,106,,94419,5,,,0,145,,94414,5,,,0,100,,94417,5,,,0,110,,94413,5,,,0,100,,94420,5,,,0,110,,94415,5,,,0,100,,94423,5,,,0,104,,94422,5,,,0,100,,94424,5,,,0,105,,94425,5,,,0,200,,94421,5,,,0
5801,'5461',748,,94426,5,,,0,100,,94432,5,,,0,105,,94430,5,,,0,106,,94433,5,,,0,145,,94428,5,,,0,100,,94431,5,,,0,110,,94427,5,,,0,100,,94434,5,,,0,110,,94429,5,,,0,100,,94437,5,,,0,104,,94436,5,,,0,100,,94438,5,,,0,105,,94439,5,,,0,200,,94435,5,,,0
5801,'5462',748,,94440,5,,,0,100,,94446,5,,,0,105,,94444,5,,,0,106,,94447,5,,,0,145,,94442,5,,,0,100,,94445,5,,,0,110,,94441,5,,,0,100,,94448,5,,,0,110,,94443,5,,,0,100,,94451,5,,,0,104,,94450,5,,,0,100,,94452,5,,,0,105,,94453,5,,,0,200,,94449,5,,,0
5801,'5463',748,,94454,5,,,0,100,,94460,5,,,0,105,,94458,5,,,0,106,,94461,5,,,0,145,,94456,5,,,0,100,,94459,5,,,0,110,,94455,5,,,0,100,,94462,5,,,0,110,,94457,5,,,0,100,,94465,5,,,0,104,,94464,5,,,0,100,,94466,5,,,0,105,,94467,5,,,0,200,,94463,5,,,0
6501,'5456',1643,,95297,25,,,0,68,,95299,25,,,0,32,,95296,25,,,0,65,,95298,25,,,0
6501,'5458',1643,,95301,25,,,0,68,,95303,25,,,0,32,,95300,25,,,0,65,,95302,25,,,0
24005101,'5456',812,,98607,27,,,0,33,,98605,27,,,0,74,,98606,27,,,0,97,,98608,27,,,0,99,,98604,27,,,0,101,,98609,27,,,0,101,,98603,27,,,0,103,,98610,27,,,0,111,,98602,27,,,0,85,,98596,27,,,0,21,,98600,27,,,0,68,,98599,27,,,0,32,,98593,27,,,0,63,,98601,27,,,0,24,,98597,27,,,0,96,,98594,27,,,0,100,,98595,27,,,0
24005101,'5458',812,,98625,27,,,0,33,,98623,27,,,0,74,,98624,27,,,0,97,,98626,27,,,0,99,,98622,27,,,0,101,,98627,27,,,0,101,,98621,27,,,0,103,,98628,27,,,0,111,,98620,27,,,0,85,,98614,27,,,0,21,,98618,27,,,0,68,,98617,27,,,0,32,,98611,27,,,0,63,,98619,27,,,0,24,,98615,27,,,0,96,,98612,27,,,0,100,,98613,27,,,0
