3201,'5456',622,,92301,15,0,28 29 14,0,81,,92302,15,,,0,42,,92305,15,,,0,83,,92308,15,0,28 29 14,0,108,,92303,15,0,28 29 14,0,100,,92304,15,0,28 29 14,0,105,,92306,15,0,28 29 14,0,105,,92307,15,0,28 29 14,0,105,,92309,15,0,28 29 14,0,108,,92310,15,0,28 29 14,0,152,,92311,15,0,28 29 14,0,101,,92313,15,0,28 29 14,0,33,,92314,15,0,28 29 14,0,70,,92312,15,0,28 29 14,0,109,,92315,15,0,28 29 14,0,99,,92316,15,0,28 29 14,0,100,,92317,15,0,28 29 14,0,98,,92318,15,0,28 29 14,0
3201,'5458',622,,92319,15,0,28 29 14,0,81,,92320,15,,,0,42,,92323,15,,,0,83,,92326,15,0,28 29 14,0,108,,92321,15,0,28 29 14,0,100,,92322,15,0,28 29 14,0,105,,92324,15,0,28 29 14,0,105,,92325,15,0,28 29 14,0,105,,92327,15,0,28 29 14,0,108,,92328,15,0,28 29 14,0,152,,92329,15,0,28 29 14,0,101,,92331,15,0,28 29 14,0,33,,92332,15,0,28 29 14,0,70,,92330,15,0,28 29 14,0,109,,92333,15,0,28 29 14,0,99,,92334,15,0,28 29 14,0,100,,92335,15,0,28 29 14,0,98,,92336,15,0,28 29 14,0
3201,'5459',822,,92341,15,0,28 29 14,0,101,,92344,15,0,28 29 14,0,101,,92348,15,0,28 29 14,0,100,,92339,15,0,28 29 14,0,100,,92342,15,0,28 29 14,0,101,,92345,15,0,28 29 14,0,100,,92349,15,0,28 29 14,0,100,,92340,15,0,28 29 14,0,100,,92343,15,0,28 29 14,0,99,,92347,15,0,28 29 14,0,99,,92350,15,0,28 29 14,0,99,,92346,15,0,28 29 14,0,100,,92351,15,0,28 29 14,0,100,,92338,15,0,28 29 14,0,99,,92337,15,0,28 29 14,0
3201,'5460',822,,92352,15,0,28 29 14,0,101,,92353,15,0,28 29 14,0,100,,92354,15,0,28 29 14,0,101,,92357,15,0,28 29 14,0,100,,92355,15,0,28 29 14,0,101,,92356,15,0,28 29 14,0,100,,92361,15,0,28 29 14,0,100,,92358,15,0,28 29 14,0,100,,92359,15,0,28 29 14,0,99,,92360,15,0,28 29 14,0,99,,92363,15,0,28 29 14,0,100,,92362,15,0,28 29 14,0
3201,'5461',822,,92364,15,0,28 29 14,0,101,,92365,15,0,28 29 14,0,100,,92366,15,0,28 29 14,0,101,,92369,15,0,28 29 14,0,100,,92367,15,0,28 29 14,0,101,,92368,15,0,28 29 14,0,100,,92373,15,0,28 29 14,0,100,,92370,15,0,28 29 14,0,100,,92371,15,0,28 29 14,0,99,,92372,15,0,28 29 14,0,99,,92375,15,0,28 29 14,0,100,,92374,15,0,28 29 14,0
3201,'5462',822,,92376,15,0,28 29 14,0,101,,92377,15,0,28 29 14,0,100,,92378,15,0,28 29 14,0,101,,92381,15,0,28 29 14,0,100,,92379,15,0,28 29 14,0,101,,92380,15,0,28 29 14,0,100,,92385,15,0,28 29 14,0,100,,92382,15,0,28 29 14,0,100,,92383,15,0,28 29 14,0,99,,92384,15,0,28 29 14,0,99,,92387,15,0,28 29 14,0,100,,92386,15,0,28 29 14,0
3201,'5463',822,,92388,15,0,28 29 14,0,101,,92389,15,0,28 29 14,0,100,,92390,15,0,28 29 14,0,101,,92393,15,0,28 29 14,0,100,,92391,15,0,28 29 14,0,101,,92392,15,0,28 29 14,0,100,,92397,15,0,28 29 14,0,100,,92394,15,0,28 29 14,0,100,,92395,15,0,28 29 14,0,99,,92396,15,0,28 29 14,0,99,,92399,15,0,28 29 14,0,100,,92398,15,0,28 29 14,0
3901,'5456',620,,92716,20,,,0,32,,92707,20,,,0,75,,92717,20,,,0,13,,92708,20,,,0,13,,92700,20,,,0,53,,92690,20,,,0,17,,92699,20,,,0,15,,92710,20,,,0,63,,92709,20,,,0,27,,92687,20,,,0,30,,92701,20,,,0,70,,92711,20,,,0,30,,92692,20,,,0,70,,92686,20,,,0,30,,92693,20,,,0,70,,92712,20,,,0,30,,92694,20,,,0,70,,92688,20,,,0,31,,92695,20,,,0,71,,92713,20,,,0,19,,92685,20,,,0,56,,92679,20,,,0,17,,92696,20,,,0,8,,92678,20,0,28 29 14,0,7,,92689,20,,,0,18,,92714,20,,,0,55,,92677,20,,,0,15,,92683,20,,,0,16,,92680,20,,,0,16,,92698,20,,,0,54,,92697,20,,,0,16,,92715,20,,,0,18,,92684,20,,,0,60,,92681,20,,,0,20,,92702,20,,,0,19,,92691,20,,,0,60,,92706,20,,,0,20,,92682,20,,,0,22,,92703,20,,,0,107,,92705,20,,,0,106,,92704,20,0,28 29 14,0
3901,'5458',620,,92757,20,,,0,32,,92748,20,,,0,75,,92758,20,,,0,13,,92749,20,,,0,13,,92741,20,,,0,53,,92731,20,,,0,17,,92740,20,,,0,15,,92751,20,,,0,63,,92750,20,,,0,27,,92728,20,,,0,30,,92742,20,,,0,70,,92752,20,,,0,30,,92733,20,,,0,70,,92727,20,,,0,30,,92734,20,,,0,70,,92753,20,,,0,30,,92735,20,,,0,70,,92729,20,,,0,31,,92736,20,,,0,71,,92754,20,,,0,19,,92726,20,,,0,56,,92720,20,,,0,17,,92737,20,,,0,8,,92719,20,0,28 29 14,0,7,,92730,20,,,0,18,,92755,20,,,0,55,,92718,20,,,0,15,,92724,20,,,0,16,,92721,20,,,0,16,,92739,20,,,0,54,,92738,20,,,0,16,,92756,20,,,0,18,,92725,20,,,0,60,,92722,20,,,0,20,,92743,20,,,0,19,,92732,20,,,0,60,,92747,20,,,0,20,,92723,20,,,0,22,,92744,20,,,0,107,,92746,20,,,0,106,,92745,20,0,28 29 14,0
3901,'5459',750,,92761,20,0,28 29 14,0,100,,92764,20,0,28 29 14,0,100,,92769,20,0,28 29 14,0,99,,92759,20,0,28 29 14,0,100,,92762,20,0,28 29 14,0,100,,92765,20,0,28 29 14,0,100,,92770,20,0,28 29 14,0,100,,92760,20,0,28 29 14,0,100,,92763,20,0,28 29 14,0,100,,92766,20,0,28 29 14,0,101,,92771,20,0,28 29 14,0,100,,92767,20,0,28 29 14,0,100,,92768,20,0,28 29 14,0
3901,'5460',750,,92774,20,0,28 29 14,0,100,,92773,20,0,28 29 14,0,99,,92772,20,0,28 29 14,0,100,,92775,20,0,28 29 14,0,100,,92776,20,0,28 29 14,0,100,,92777,20,0,28 29 14,0,100,,92780,20,0,28 29 14,0,100,,92781,20,0,28 29 14,0,100,,92779,20,0,28 29 14,0,100,,92778,20,0,28 29 14,0,100,,92782,20,0,28 29 14,0,101,,92783,20,0,28 29 14,0,100,,92784,20,0,28 29 14,0
3901,'5461',750,,92787,20,0,28 29 14,0,100,,92786,20,0,28 29 14,0,99,,92785,20,0,28 29 14,0,100,,92788,20,0,28 29 14,0,100,,92789,20,0,28 29 14,0,100,,92790,20,0,28 29 14,0,100,,92793,20,0,28 29 14,0,100,,92794,20,0,28 29 14,0,100,,92792,20,0,28 29 14,0,100,,92791,20,0,28 29 14,0,100,,92795,20,0,28 29 14,0,101,,92796,20,0,28 29 14,0,100,,92797,20,0,28 29 14,0
3901,'5462',750,,92800,20,0,28 29 14,0,100,,92799,20,0,28 29 14,0,99,,92798,20,0,28 29 14,0,100,,92801,20,0,28 29 14,0,100,,92802,20,0,28 29 14,0,100,,92803,20,0,28 29 14,0,100,,92806,20,0,28 29 14,0,100,,92807,20,0,28 29 14,0,100,,92805,20,0,28 29 14,0,100,,92804,20,0,28 29 14,0,100,,92808,20,0,28 29 14,0,101,,92809,20,0,28 29 14,0,100,,92810,20,0,28 29 14,0
3901,'5463',750,,92813,20,0,28 29 14,0,100,,92812,20,0,28 29 14,0,99,,92811,20,0,28 29 14,0,100,,92814,20,0,28 29 14,0,100,,92815,20,0,28 29 14,0,100,,92816,20,0,28 29 14,0,100,,92819,20,0,28 29 14,0,100,,92820,20,0,28 29 14,0,100,,92818,20,0,28 29 14,0,100,,92817,20,0,28 29 14,0,100,,92821,20,0,28 29 14,0,101,,92822,20,0,28 29 14,0,100,,92823,20,0,28 29 14,0
