201,'5456',604,,82174,25,0,46 37,0,21,,82175,25,0,46 37,0,26,,82176,25,0,46 37,0,69,,82177,25,0,46 37,0,31,,82178,25,0,46 37,0,71,,82179,25,0,46 37,0,32,,82180,25,0,46 37,0,71,,82181,25,0,46 37,0,33,,82182,25,0,46 37,0,78,,82183,25,0,46 37,0,79,,82184,25,0,46 37,0,39,,82185,25,0,46 37,0,80,,82186,25,0,46 37,0,80,,82187,25,0,46 37,0,40,,82188,25,0,46 37,0,92,,82190,25,0,46 37,0,55,,82206,6,0,46 37,0,18,,82202,25,0,46 37,0,37,,82204,25,0,46 37,0,76,,82205,25,0,46 37,0,76,,82201,25,0,46 37,0,37,,82203,25,0,46 37,0,87,,82196,25,0,46 37,0,25,,82195,25,0,46 37,0,81,,82200,25,0,46 37,0,83,,82194,25,0,46 37,0,81,,82199,25,0,46 37,0,38,,82193,25,0,46 37,0,81,,82198,25,0,46 37,0,81,,82192,25,0,46 37,0,40,,82197,25,0,46 37,0,72,,82191,25,0,46 37,0
201,'5458',604,,82207,25,0,46 37,0,21,,82208,25,0,46 37,0,26,,82209,25,0,46 37,0,69,,82210,25,0,46 37,0,31,,82211,25,0,46 37,0,71,,82212,25,0,46 37,0,32,,82213,25,0,46 37,0,71,,82214,25,0,46 37,0,33,,82215,25,0,46 37,0,78,,82216,25,0,46 37,0,79,,82217,25,0,46 37,0,39,,82218,25,0,46 37,0,80,,82219,25,0,46 37,0,80,,82220,25,0,46 37,0,40,,82221,25,0,46 37,0,92,,82223,25,0,46 37,0,55,,82240,6,0,46 37,0,18,,82236,25,0,46 37,0,37,,82238,25,0,46 37,0,76,,82239,25,0,46 37,0,76,,82235,25,0,46 37,0,37,,82237,25,0,46 37,0,87,,82230,25,0,46 37,0,25,,82229,25,0,46 37,0,81,,82234,25,0,46 37,0,83,,82228,25,0,46 37,0,81,,82233,25,0,46 37,0,38,,82227,25,0,46 37,0,81,,82232,25,0,46 37,0,81,,82226,25,0,46 37,0,40,,82231,25,0,46 37,0,72,,82225,25,0,46 37,0
201,'5459',647,,82261,25,0,46 37,0,158,,82262,25,0,46 37,0,125,,82256,25,0,46 37,0,80,,82249,25,0,46 37,0,97,,82259,25,0,46 37,0,38,,82250,25,0,46 37,0,80,,82242,25,0,46 37,0,78,,82245,25,0,46 37,0,39,,82244,25,0,46 37,0,80,,82254,25,0,46 37,0,80,,82246,25,0,46 37,0,41,,82243,25,0,46 37,0,81,,82247,25,0,46 37,0,35,,82255,25,0,46 37,0,81,,82258,25,0,46 37,0,81,,82257,25,0,46 37,0,37,,82260,25,0,46 37,0,75,,82251,25,0,46 37,0,80,,82252,25,0,46 37,0,45,,82253,25,0,46 37,0,81,,82266,25,0,46 37,0,81,,82263,25,0,46 37,0,83,,82264,25,0,46 37,0,41,,82265,25,0,46 37,0,76,,82267,25,0,46 37,0
201,'5460',634,,82283,25,0,46 37,0,119,,82290,25,0,46 37,0,158,,82284,25,0,46 37,0,136,,82291,25,0,46 37,0,100,,82270,25,0,46 37,0,79,,82281,25,0,46 37,0,79,,82277,25,0,46 37,0,39,,82276,25,0,46 37,0,81,,82272,25,0,46 37,0,80,,82273,25,0,46 37,0,40,,82282,25,0,46 37,0,81,,82278,25,0,46 37,0,76,,82274,25,0,46 37,0,40,,82275,25,0,46 37,0,81,,82279,25,0,46 37,0,77,,82288,25,0,46 37,0,40,,82280,25,0,46 37,0,80,,82287,25,0,46 37,0,81,,82286,25,0,46 37,0,40,,82289,25,0,46 37,0,81,,82285,25,0,46 37,0,82,,82292,25,0,46 37,0,41,,82293,25,0,46 37,0
201,'5461',634,,82308,25,0,46 37,0,119,,82315,25,0,46 37,0,158,,82309,25,0,46 37,0,136,,82316,25,0,46 37,0,100,,82295,25,0,46 37,0,79,,82306,25,0,46 37,0,79,,82302,25,0,46 37,0,39,,82301,25,0,46 37,0,81,,82297,25,0,46 37,0,80,,82298,25,0,46 37,0,40,,82307,25,0,46 37,0,81,,82303,25,0,46 37,0,76,,82299,25,0,46 37,0,40,,82300,25,0,46 37,0,81,,82304,25,0,46 37,0,77,,82313,25,0,46 37,0,40,,82305,25,0,46 37,0,80,,82312,25,0,46 37,0,81,,82311,25,0,46 37,0,40,,82314,25,0,46 37,0,81,,82310,25,0,46 37,0,82,,82317,25,0,46 37,0,41,,82318,25,0,46 37,0
201,'5462',634,,82333,25,0,46 37,0,119,,82340,25,0,46 37,0,158,,82334,25,0,46 37,0,136,,82341,25,0,46 37,0,100,,82320,25,0,46 37,0,79,,82331,25,0,46 37,0,79,,82327,25,0,46 37,0,39,,82326,25,0,46 37,0,81,,82322,25,0,46 37,0,80,,82323,25,0,46 37,0,40,,82332,25,0,46 37,0,81,,82328,25,0,46 37,0,76,,82324,25,0,46 37,0,40,,82325,25,0,46 37,0,81,,82329,25,0,46 37,0,77,,82338,25,0,46 37,0,40,,82330,25,0,46 37,0,80,,82337,25,0,46 37,0,81,,82336,25,0,46 37,0,40,,82339,25,0,46 37,0,81,,82335,25,0,46 37,0,82,,82342,25,0,46 37,0,41,,82343,25,0,46 37,0
201,'5463',634,,82358,25,0,46 37,0,119,,82365,25,0,46 37,0,158,,82359,25,0,46 37,0,136,,82366,25,0,46 37,0,100,,82345,25,0,46 37,0,79,,82356,25,0,46 37,0,79,,82352,25,0,46 37,0,39,,82351,25,0,46 37,0,81,,82347,25,0,46 37,0,80,,82348,25,0,46 37,0,40,,82357,25,0,46 37,0,81,,82353,25,0,46 37,0,76,,82349,25,0,46 37,0,40,,82350,25,0,46 37,0,81,,82354,25,0,46 37,0,77,,82363,25,0,46 37,0,40,,82355,25,0,46 37,0,80,,82362,25,0,46 37,0,81,,82361,25,0,46 37,0,40,,82364,25,0,46 37,0,81,,82360,25,0,46 37,0,82,,82367,25,0,46 37,0,41,,82368,25,0,46 37,0
501,'5456',636,,83690,20,,,0,71,,83691,20,,,0,28,,83692,20,,,0,71,,83693,20,,,0,32,,83694,20,,,0,72,,83695,20,,,0,30,,83696,20,,,0,77,,83697,20,,,0,39,,83698,20,,,0,79,,83699,20,,,0,79,,83700,20,,,0,40,,83701,20,,,0,80,,83702,20,,,0,94,,83703,20,,,0,76,,83704,20,,,0,34,,83706,20,,,0,77,,83710,20,,,0,34,,83708,20,,,0,76,,83705,20,,,0,81,,83709,20,,,0,111,,83712,20,,,0,42,,83707,20,,,0,82,,83711,20,,,0
501,'5458',636,,83713,20,,,0,71,,83714,20,,,0,28,,83715,20,,,0,71,,83716,20,,,0,32,,83717,20,,,0,72,,83718,20,,,0,30,,83719,20,,,0,77,,83720,20,,,0,39,,83721,20,,,0,79,,83722,20,,,0,79,,83723,20,,,0,40,,83724,20,,,0,80,,83725,20,,,0,94,,83726,20,,,0,76,,83727,20,,,0,34,,83729,20,,,0,77,,83733,20,,,0,34,,83731,20,,,0,76,,83728,20,,,0,81,,83732,20,,,0,111,,83735,20,,,0,42,,83730,20,,,0,82,,83734,20,,,0
501,'5459',726,,83744,20,,,0,120,,83746,20,,,0,104,,83743,20,,,0,79,,83737,20,,,0,97,,83745,20,,,0,79,,83736,20,,,0,39,,83752,20,,,0,78,,83741,20,,,0,79,,83742,20,,,0,41,,83739,20,,,0,80,,83740,20,,,0,81,,83750,20,,,0,41,,83753,20,,,0,75,,83749,20,,,0,82,,83751,20,,,0,37,,83755,20,,,0,75,,83754,20,,,0,40,,83747,20,,,0,85,,83748,20,,,0
501,'5460',714,,83770,20,,,0,118,,83769,20,,,0,118,,83768,20,,,0,79,,83762,20,,,0,98,,83765,20,,,0,79,,83761,20,,,0,40,,83757,20,,,0,78,,83756,20,,,0,81,,83772,20,,,0,40,,83764,20,,,0,80,,83760,20,,,0,80,,83759,20,,,0,42,,83758,20,,,0,75,,83771,20,,,0,80,,83766,20,,,0,36,,83763,20,,,0,82,,83767,20,,,0
501,'5461',714,,83787,20,,,0,118,,83786,20,,,0,118,,83785,20,,,0,79,,83779,20,,,0,98,,83782,20,,,0,79,,83778,20,,,0,40,,83774,20,,,0,78,,83773,20,,,0,81,,83789,20,,,0,40,,83781,20,,,0,80,,83777,20,,,0,80,,83776,20,,,0,42,,83775,20,,,0,75,,83788,20,,,0,80,,83783,20,,,0,36,,83780,20,,,0,82,,83784,20,,,0
501,'5462',714,,83804,20,,,0,118,,83803,20,,,0,118,,83802,20,,,0,79,,83796,20,,,0,98,,83799,20,,,0,79,,83795,20,,,0,40,,83791,20,,,0,78,,83790,20,,,0,81,,83806,20,,,0,40,,83798,20,,,0,80,,83794,20,,,0,80,,83793,20,,,0,42,,83792,20,,,0,75,,83805,20,,,0,80,,83800,20,,,0,36,,83797,20,,,0,82,,83801,20,,,0
501,'5463',714,,83821,20,,,0,118,,83820,20,,,0,118,,83819,20,,,0,79,,83813,20,,,0,98,,83816,20,,,0,79,,83812,20,,,0,40,,83808,20,,,0,78,,83807,20,,,0,81,,83823,20,,,0,40,,83815,20,,,0,80,,83811,20,,,0,80,,83810,20,,,0,42,,83809,20,,,0,75,,83822,20,,,0,80,,83817,20,,,0,36,,83814,20,,,0,82,,83818,20,,,0
2701,'5456',542,,90458,30,,,0,82,,90459,30,,,0,27,,90460,30,,,0,62,,90461,30,,,0,33,,90462,30,,,0,65,,90463,30,,,0,23,,90464,30,,,0,69,,90465,30,,,0,19,,90466,30,,,0,23,,90467,30,,,0,64,,90468,30,,,0,24,,90469,30,,,0,26,,90470,30,,,0,66,,90471,30,,,0,29,,90472,30,,,0,67,,90473,30,,,0,26,,90474,30,,,0,66,,90475,30,,,0,26,,90476,30,,,0,66,,90477,30,,,0,25,,90478,30,,,0,26,,90479,30,,,0,66,,90480,30,,,0,21,,90514,30,,,0,7,,90481,30,,,0,61,,90482,30,,,0,33,,90483,30,,,0,71,,90484,30,,,0,33,,90485,30,,,0,67,,90486,30,,,0,13,,90487,30,,,0,12,,90488,30,,,0,15,,90489,30,,,0,54,,90490,30,,,0,16,,90491,30,,,0,20,,90492,30,,,0,63,,90493,30,,,0,26,,90494,30,,,0,68,,90495,30,,,0,29,,90496,30,,,0,26,,90497,30,,,0,69,,90498,30,,,0,30,,90499,30,,,0,76,,90500,30,,,0,78,,90501,30,,,0,37,,90502,30,,,0
2701,'5458',542,,90515,30,,,0,82,,90516,30,,,0,27,,90517,30,,,0,62,,90518,30,,,0,33,,90519,30,,,0,65,,90520,30,,,0,23,,90521,30,,,0,69,,90522,30,,,0,19,,90523,30,,,0,23,,90524,30,,,0,64,,90525,30,,,0,24,,90526,30,,,0,26,,90527,30,,,0,66,,90528,30,,,0,29,,90529,30,,,0,67,,90530,30,,,0,26,,90531,30,,,0,66,,90532,30,,,0,26,,90533,30,,,0,66,,90534,30,,,0,24,,90536,30,,,0,1,,90535,30,,,0,26,,90537,30,,,0,66,,90538,30,,,0,21,,90575,30,,,0,68,,90539,30,,,0,33,,90540,30,,,0,71,,90541,30,,,0,33,,90542,30,,,0,67,,90543,30,,,0,13,,90544,30,,,0,12,,90545,30,,,0,15,,90546,30,,,0,54,,90547,30,,,0,16,,90548,30,,,0,20,,90549,30,,,0,63,,90550,30,,,0,26,,90551,30,,,0,68,,90552,30,,,0,29,,90553,30,,,0,26,,90554,30,,,0,69,,90555,30,,,0,30,,90556,30,,,0,76,,90557,30,,,0,78,,90558,30,,,0,37,,90559,30,,,0,80,,90560,30,,,0,80,,90561,30,,,0
2701,'5459',645,,90576,30,,,0,81,,90577,30,,,0,30,,90578,30,,,0,70,,90579,30,,,0,29,,90580,30,,,0,66,,90581,30,,,0,28,,90582,30,,,0,68,,90583,30,,,0,27,,90584,30,,,0,65,,90585,30,,,0,22,,90586,30,,,0,23,,90587,30,,,0,62,,90588,30,,,0,21,,90589,30,,,0,22,,90590,30,,,0,63,,90591,30,,,0,24,,90592,30,,,0,62,,90593,30,,,0,24,,90594,30,,,0,23,,90595,30,,,0,61,,90596,30,,,0,21,,90597,30,,,0,21,,90598,30,,,0,61,,90599,30,,,0,20,,90600,30,,,0,20,,90601,30,,,0,60,,90602,30,,,0,21,,90603,30,,,0,60,,90604,30,,,0,20,,90605,30,,,0,18,,90606,30,,,0,19,,90607,30,,,0,60,,90608,30,,,0,21,,90609,30,,,0,66,,90610,30,,,0,26,,90611,30,,,0,28,,90612,30,,,0,70,,90613,30,,,0,29,,90614,30,,,0,69,,90615,30,,,0,29,,90616,30,,,0,72,,90617,30,,,0,30,,90618,30,,,0,70,,90619,30,,,0,31,,90620,30,,,0,68,,90621,30,,,0,29,,90622,30,,,0,70,,90623,30,,,0
2701,'5460',715,,90627,30,,,0,43,,90628,30,,,0,70,,90629,30,,,0,29,,90630,30,,,0,72,,90631,30,,,0,71,,90626,30,,,0,32,,90632,30,,,0,25,,90633,30,,,0,67,,90634,30,,,0,27,,90635,30,,,0,65,,90636,30,,,0,26,,90637,30,,,0,64,,90638,30,,,0,23,,90639,30,,,0,22,,90640,30,,,0,63,,90641,30,,,0,23,,90642,30,,,0,63,,90643,30,,,0,22,,90644,30,,,0,23,,90645,30,,,0,63,,90646,30,,,0,23,,90647,30,,,0,23,,90648,30,,,0,62,,90649,30,,,0,22,,90650,30,,,0,63,,90651,30,,,0,23,,90652,30,,,0,22,,90653,30,,,0,64,,90654,30,,,0,26,,90655,30,,,0,65,,90656,30,,,0,28,,90657,30,,,0,28,,90658,30,,,0,70,,90659,30,,,0,29,,90660,30,,,0,75,,90661,30,,,0,81,,90662,30,,,0,36,,90663,30,,,0
2701,'5461',715,,90666,30,,,0,43,,90667,30,,,0,70,,90668,30,,,0,29,,90669,30,,,0,72,,90670,30,,,0,71,,90665,30,,,0,32,,90671,30,,,0,25,,90672,30,,,0,67,,90673,30,,,0,27,,90674,30,,,0,65,,90675,30,,,0,26,,90676,30,,,0,64,,90677,30,,,0,23,,90678,30,,,0,22,,90679,30,,,0,63,,90680,30,,,0,23,,90681,30,,,0,63,,90682,30,,,0,22,,90683,30,,,0,23,,90684,30,,,0,63,,90685,30,,,0,23,,90686,30,,,0,23,,90687,30,,,0,62,,90688,30,,,0,22,,90689,30,,,0,63,,90690,30,,,0,23,,90691,30,,,0,22,,90692,30,,,0,64,,90693,30,,,0,26,,90694,30,,,0,65,,90695,30,,,0,28,,90696,30,,,0,28,,90697,30,,,0,70,,90698,30,,,0,29,,90699,30,,,0,75,,90700,30,,,0,81,,90701,30,,,0,36,,90702,30,,,0
2701,'5462',715,,90705,30,,,0,43,,90706,30,,,0,70,,90707,30,,,0,29,,90708,30,,,0,72,,90709,30,,,0,71,,90704,30,,,0,32,,90710,30,,,0,25,,90711,30,,,0,67,,90712,30,,,0,27,,90713,30,,,0,65,,90714,30,,,0,26,,90715,30,,,0,64,,90716,30,,,0,23,,90717,30,,,0,22,,90718,30,,,0,63,,90719,30,,,0,23,,90720,30,,,0,63,,90721,30,,,0,22,,90722,30,,,0,23,,90723,30,,,0,63,,90724,30,,,0,23,,90725,30,,,0,23,,90726,30,,,0,62,,90727,30,,,0,22,,90728,30,,,0,63,,90729,30,,,0,23,,90730,30,,,0,22,,90731,30,,,0,64,,90732,30,,,0,26,,90733,30,,,0,65,,90734,30,,,0,28,,90735,30,,,0,28,,90736,30,,,0,70,,90737,30,,,0,29,,90738,30,,,0,75,,90739,30,,,0,81,,90740,30,,,0,36,,90741,30,,,0
2701,'5463',715,,90744,30,,,0,43,,90745,30,,,0,70,,90746,30,,,0,29,,90747,30,,,0,72,,90748,30,,,0,71,,90743,30,,,0,32,,90749,30,,,0,25,,90750,30,,,0,67,,90751,30,,,0,27,,90752,30,,,0,65,,90753,30,,,0,26,,90754,30,,,0,64,,90755,30,,,0,23,,90756,30,,,0,22,,90757,30,,,0,63,,90758,30,,,0,23,,90759,30,,,0,63,,90760,30,,,0,22,,90761,30,,,0,23,,90762,30,,,0,63,,90763,30,,,0,23,,90764,30,,,0,23,,90765,30,,,0,62,,90766,30,,,0,22,,90767,30,,,0,63,,90768,30,,,0,23,,90769,30,,,0,22,,90770,30,,,0,64,,90771,30,,,0,26,,90772,30,,,0,65,,90773,30,,,0,28,,90774,30,,,0,28,,90775,30,,,0,70,,90776,30,,,0,29,,90777,30,,,0,75,,90778,30,,,0,81,,90779,30,,,0,36,,90780,30,,,0
2801,'5456',610,,91090,35,,,0,28,,91091,35,,,0,65,,91092,35,,,0,23,,91093,35,,,0,13,,91094,35,,,0,13,,91095,35,,,0,51,,91096,35,,,0,12,,91097,35,,,0,12,,91098,35,,,0,12,,91099,35,,,0,15,,91100,35,,,0,58,,91101,35,,,0,21,,91102,35,,,0,25,,91103,35,,,0,64,,91104,35,,,0,24,,91105,35,,,0,66,,91106,35,,,0,28,,91107,35,,,0,67,,91108,35,,,0,27,,91109,35,,,0,66,,91110,35,,,0,26,,91111,35,,,0,26,,91112,35,,,0,66,,91113,35,,,0,26,,91114,35,,,0,64,,91115,35,,,0,27,,91116,35,,,0,21,,91117,35,,,0,72,,91118,35,,,0,72,,91119,35,,,0,21,,91137,35,,,0,13,,91120,35,,,0,69,,91121,35,,,0,131,,91122,35,,,0,21,,91123,35,,,0,66,,91124,35,,,0,29,,91125,35,,,0,66,,91126,35,,,0,26,,91127,35,,,0,69,,91128,35,,,0,30,,91129,35,,,0,71,,91130,35,,,0,37,,91131,35,,,0,77,,91132,35,,,0,79,,91133,35,,,0
2801,'5458',610,,91138,35,,,0,28,,91139,35,,,0,65,,91140,35,,,0,23,,91141,35,,,0,13,,91142,35,,,0,13,,91143,35,,,0,51,,91144,35,,,0,12,,91145,35,,,0,12,,91146,35,,,0,12,,91147,35,,,0,15,,91148,35,,,0,58,,91149,35,,,0,21,,91150,35,,,0,25,,91151,35,,,0,64,,91152,35,,,0,24,,91153,35,,,0,66,,91154,35,,,0,28,,91155,35,,,0,67,,91156,35,,,0,27,,91157,35,,,0,66,,91158,35,,,0,26,,91159,35,,,0,26,,91160,35,,,0,66,,91161,35,,,0,26,,91162,35,,,0,64,,91163,35,,,0,27,,91164,35,,,0,21,,91165,35,,,0,72,,91166,35,,,0,72,,91167,35,,,0,21,,91188,35,,,0,13,,91168,35,,,0,69,,91169,35,,,0,131,,91170,35,,,0,21,,91171,35,,,0,66,,91172,35,,,0,29,,91173,35,,,0,66,,91174,35,,,0,26,,91175,35,,,0,69,,91176,35,,,0,30,,91177,35,,,0,71,,91178,35,,,0,37,,91179,35,,,0,77,,91180,35,,,0,79,,91181,35,,,0,40,,91182,35,,,0
2801,'5459',706,,91190,35,,,0,35,,91191,35,,,0,70,,91192,35,,,0,29,,91189,35,,,0,68,,91193,35,,,0,27,,91194,35,,,0,68,,91195,35,,,0,27,,91196,35,,,0,26,,91197,35,,,0,63,,91198,35,,,0,24,,91199,35,,,0,62,,91200,35,,,0,22,,91201,35,,,0,21,,91202,35,,,0,62,,91203,35,,,0,24,,91204,35,,,0,22,,91205,35,,,0,65,,91206,35,,,0,21,,91207,35,,,0,64,,91208,35,,,0,20,,91209,35,,,0,20,,91210,35,,,0,63,,91211,35,,,0,19,,91212,35,,,0,21,,91213,35,,,0,60,,91214,35,,,0,20,,91215,35,,,0,21,,91216,35,,,0,60,,91217,35,,,0,20,,91218,35,,,0,18,,91219,35,,,0,60,,91220,35,,,0,20,,91221,35,,,0,23,,91222,35,,,0,66,,91223,35,,,0,27,,91224,35,,,0,69,,91225,35,,,0,30,,91226,35,,,0,69,,91227,35,,,0,28,,91228,35,,,0,70,,91229,35,,,0,32,,91230,35,,,0,70,,91231,35,,,0,30,,91232,35,,,0,71,,91233,35,,,0,27,,91234,35,,,0,70,,91235,35,,,0
2801,'5460',645,,91238,35,,,0,98,,91239,35,,,0,70,,91240,35,,,0,31,,91241,35,,,0,68,,91242,35,,,0,32,,91243,35,,,0,71,,91244,35,,,0,29,,91245,35,,,0,67,,91246,35,,,0,26,,91247,35,,,0,67,,91248,35,,,0,24,,91249,35,,,0,25,,91250,35,,,0,64,,91251,35,,,0,22,,91252,35,,,0,62,,91253,35,,,0,23,,91254,35,,,0,24,,91255,35,,,0,63,,91256,35,,,0,22,,91257,35,,,0,23,,91258,35,,,0,63,,91259,35,,,0,24,,91260,35,,,0,62,,91261,35,,,0,23,,91262,35,,,0,21,,91263,35,,,0,63,,91264,35,,,0,22,,91265,35,,,0,24,,91266,35,,,0,64,,91267,35,,,0,27,,91268,35,,,0,66,,91269,35,,,0,29,,91270,35,,,0,69,,91271,35,,,0,29,,91272,35,,,0,70,,91273,35,,,0,40,,91274,35,,,0,78,,91275,35,,,0,85,,91276,35,,,0
2801,'5461',645,,91277,35,,,0,98,,91278,35,,,0,70,,91279,35,,,0,31,,91280,35,,,0,68,,91281,35,,,0,32,,91282,35,,,0,71,,91283,35,,,0,29,,91284,35,,,0,67,,91285,35,,,0,26,,91286,35,,,0,67,,91287,35,,,0,24,,91288,35,,,0,25,,91289,35,,,0,64,,91290,35,,,0,22,,91291,35,,,0,62,,91292,35,,,0,23,,91293,35,,,0,24,,91294,35,,,0,63,,91295,35,,,0,22,,91296,35,,,0,23,,91297,35,,,0,63,,91298,35,,,0,24,,91299,35,,,0,62,,91300,35,,,0,23,,91301,35,,,0,21,,91302,35,,,0,63,,91303,35,,,0,22,,91304,35,,,0,24,,91305,35,,,0,64,,91306,35,,,0,27,,91307,35,,,0,66,,91308,35,,,0,29,,91309,35,,,0,69,,91310,35,,,0,29,,91311,35,,,0,70,,91312,35,,,0,40,,91313,35,,,0,78,,91314,35,,,0,85,,91315,35,,,0
2801,'5462',645,,91316,35,,,0,98,,91317,35,,,0,70,,91318,35,,,0,31,,91319,35,,,0,68,,91320,35,,,0,32,,91321,35,,,0,71,,91322,35,,,0,29,,91323,35,,,0,67,,91324,35,,,0,26,,91325,35,,,0,67,,91326,35,,,0,24,,91327,35,,,0,25,,91328,35,,,0,64,,91329,35,,,0,22,,91330,35,,,0,62,,91331,35,,,0,23,,91332,35,,,0,24,,91333,35,,,0,63,,91334,35,,,0,22,,91335,35,,,0,23,,91336,35,,,0,63,,91337,35,,,0,24,,91338,35,,,0,62,,91339,35,,,0,23,,91340,35,,,0,21,,91341,35,,,0,63,,91342,35,,,0,22,,91343,35,,,0,24,,91344,35,,,0,64,,91345,35,,,0,27,,91346,35,,,0,66,,91347,35,,,0,29,,91348,35,,,0,69,,91349,35,,,0,29,,91350,35,,,0,70,,91351,35,,,0,40,,91352,35,,,0,78,,91353,35,,,0,85,,91354,35,,,0
2801,'5463',645,,91355,35,,,0,98,,91356,35,,,0,70,,91357,35,,,0,31,,91358,35,,,0,68,,91359,35,,,0,32,,91360,35,,,0,71,,91361,35,,,0,29,,91362,35,,,0,67,,91363,35,,,0,26,,91364,35,,,0,67,,91365,35,,,0,24,,91366,35,,,0,25,,91367,35,,,0,64,,91368,35,,,0,22,,91369,35,,,0,62,,91370,35,,,0,23,,91371,35,,,0,24,,91372,35,,,0,63,,91373,35,,,0,22,,91374,35,,,0,23,,91375,35,,,0,63,,91376,35,,,0,24,,91377,35,,,0,62,,91378,35,,,0,23,,91379,35,,,0,21,,91380,35,,,0,63,,91381,35,,,0,22,,91382,35,,,0,24,,91383,35,,,0,64,,91384,35,,,0,27,,91385,35,,,0,66,,91386,35,,,0,29,,91387,35,,,0,69,,91388,35,,,0,29,,91389,35,,,0,70,,91390,35,,,0,40,,91391,35,,,0,78,,91392,35,,,0,85,,91393,35,,,0
24002701,'5456',728,,98539,25,0,5,0,26,,98540,25,0,5,0,65,,98541,25,0,5,0,24,,98542,25,0,5,0
24002701,'5458',728,,98543,25,0,5,0,26,,98544,25,0,5,0,65,,98545,25,0,5,0,24,,98546,25,0,5,0
