4801,'5456',1718,,93107,50,,,0,28,,93106,50,,,0,66,,93105,50,,,0
4801,'5458',1718,,93110,50,,,0,28,,93109,50,,,0,66,,93108,50,,,0
5201,'5456',516,,93444,28,,,0,35,,93443,28,,,0,78,,93446,28,,,0,78,,93445,28,,,0,27,,93454,28,,,0,68,,93447,29,,,0,33,,93471,29,,,0,24,,93448,28,,,0,75,,93449,29,,,0,75,,93450,28,,,0,29,,93472,28,,,0,70,,93452,28,,,0,28,,93451,28,,,0,75,,93453,28,,,0,34,,93470,28,,,0,70,,93456,28,,,0,30,,93455,28,,,0,70,,93476,28,,,0,30,,93457,29,,,0,60,,93480,28,0,38 3 39 49,0,9,,93469,29,,,0,25,,93481,13,0,30 14,0,2,,93482,13,0,30 14,0,1,,93458,29,,,0,73,,93459,29,,,0,37,,93477,29,,,0,63,,93460,29,,,0,25,,93468,29,,,0,62,,93461,28,,,0,30,,93462,28,,,0,69,,93478,28,,,0,30,,93463,28,,,0,73,,93464,28,,,0,28,,93466,28,,,0,68,,93479,28,,,0,26,,93465,28,0,38 3 39 49,0,75,,93467,28,,,0,58,,93475,28,,,0,99,,93473,28,,,0
5201,'5458',516,,93484,28,,,0,35,,93483,28,,,0,78,,93486,28,,,0,78,,93485,28,,,0,27,,93494,28,,,0,68,,93487,29,,,0,33,,93511,29,,,0,24,,93488,28,,,0,75,,93489,29,,,0,75,,93490,28,,,0,29,,93512,28,,,0,70,,93492,28,,,0,28,,93491,28,,,0,75,,93493,28,,,0,34,,93510,28,,,0,70,,93496,28,,,0,30,,93495,28,,,0,70,,93516,28,,,0,25,,93520,13,0,30 14,0,5,,93497,29,,,0,60,,93521,28,0,38 3 39 49,0,9,,93509,29,,,0,27,,93522,13,0,30 14,0,1,,93498,29,,,0,73,,93499,29,,,0,37,,93517,29,,,0,63,,93500,29,,,0,25,,93508,29,,,0,62,,93501,28,,,0,30,,93502,28,,,0,69,,93518,28,,,0,30,,93503,28,,,0,73,,93504,28,,,0,28,,93506,28,,,0,68,,93519,28,,,0,26,,93505,28,0,38 3 39 49,0,75,,93507,28,,,0,58,,93515,28,,,0,99,,93513,28,,,0
5201,'5459',657,,93532,28,,,0,71,,93542,28,,,0,30,,93540,28,,,0,72,,93523,28,,,0,70,,93530,28,,,0,30,,93549,28,,,0,70,,93527,28,,,0,31,,93524,28,,,0,70,,93531,28,,,0,30,,93550,28,,,0,70,,93528,28,,,0,31,,93525,28,,,0,75,,93534,28,,,0,30,,93552,28,,,0,75,,93529,28,,,0,35,,93539,28,,,0,75,,93533,28,,,0,30,,93551,28,,,0,70,,93526,28,,,0,30,,93537,28,,,0,65,,93545,28,,,0,25,,93536,28,,,0,64,,93541,28,,,0,25,,93538,28,,,0,70,,93535,28,,,0,28,,93548,28,,,0,72,,93543,28,,,0,30,,93547,28,,,0,70,,93544,28,,,0,25,,93546,28,0,38 3 39 49,0,30,,93553,28,,,0,103,,93554,28,,,0,100,,93555,28,,,0
5201,'5460',728,,93561,28,,,0,30,,93577,28,,,0,70,,93569,28,,,0,31,,93557,28,,,0,70,,93564,28,,,0,71,,93571,28,,,0,31,,93566,28,,,0,70,,93558,28,,,0,30,,93563,28,,,0,70,,93572,28,,,0,30,,93568,28,,,0,75,,93556,28,,,0,30,,93562,28,,,0,75,,93575,28,,,0,35,,93567,28,,,0,75,,93582,28,,,0,30,,93560,28,,,0,70,,93574,28,,,0,30,,93565,28,,,0,70,,93570,28,,,0,29,,93559,28,,,0,70,,93573,28,,,0,39,,93576,28,,,0,100,,93578,28,,,0,100,,93579,28,,,0,100,,93580,28,,,0,100,,93581,28,,,0
5201,'5461',728,,93588,28,,,0,30,,93604,28,,,0,70,,93596,28,,,0,31,,93584,28,,,0,70,,93591,28,,,0,71,,93598,28,,,0,31,,93593,28,,,0,70,,93585,28,,,0,30,,93590,28,,,0,70,,93599,28,,,0,30,,93595,28,,,0,75,,93583,28,,,0,30,,93589,28,,,0,75,,93602,28,,,0,35,,93594,28,,,0,75,,93609,28,,,0,30,,93587,28,,,0,70,,93601,28,,,0,30,,93592,28,,,0,70,,93597,28,,,0,29,,93586,28,,,0,70,,93600,28,,,0,39,,93603,28,,,0,100,,93605,28,,,0,100,,93606,28,,,0,100,,93607,28,,,0,100,,93608,28,,,0
5201,'5462',728,,93615,28,,,0,30,,93631,28,,,0,70,,93623,28,,,0,31,,93611,28,,,0,70,,93618,28,,,0,71,,93625,28,,,0,31,,93620,28,,,0,70,,93612,28,,,0,30,,93617,28,,,0,70,,93626,28,,,0,30,,93622,28,,,0,75,,93610,28,,,0,30,,93616,28,,,0,75,,93629,28,,,0,35,,93621,28,,,0,75,,93636,28,,,0,30,,93614,28,,,0,70,,93628,28,,,0,30,,93619,28,,,0,70,,93624,28,,,0,29,,93613,28,,,0,70,,93627,28,,,0,39,,93630,28,,,0,100,,93632,28,,,0,100,,93633,28,,,0,100,,93634,28,,,0,100,,93635,28,,,0
5201,'5463',728,,93642,28,,,0,30,,93658,28,,,0,70,,93650,28,,,0,31,,93638,28,,,0,70,,93645,28,,,0,71,,93652,28,,,0,31,,93647,28,,,0,70,,93639,28,,,0,30,,93644,28,,,0,70,,93653,28,,,0,30,,93649,28,,,0,75,,93637,28,,,0,30,,93643,28,,,0,75,,93656,28,,,0,35,,93648,28,,,0,75,,93663,28,,,0,30,,93641,28,,,0,70,,93655,28,,,0,30,,93646,28,,,0,70,,93651,28,,,0,29,,93640,28,,,0,70,,93654,28,,,0,39,,93657,28,,,0,100,,93659,28,,,0,100,,93660,28,,,0,100,,93661,28,,,0,100,,93662,28,,,0
5500,'5456',620,,93886,26,,,0,131,,93890,26,,,0,174,,93889,26,,,0,214,,93888,26,,,0,198,,93887,26,,,0,173,,93891,26,,,0,106,,93895,26,,,0,143,,93893,26,,,0,189,,93892,26,,,0,198,,93894,26,,,0
5500,'5458',620,,93896,26,,,0,131,,93900,26,,,0,174,,93899,26,,,0,214,,93898,26,,,0,198,,93897,26,,,0,173,,93901,26,,,0,106,,93905,26,,,0,143,,93903,26,,,0,189,,93902,26,,,0,198,,93904,26,,,0
5500,'5459',815,,93912,26,,,0,201,,93908,26,,,0,213,,93909,26,,,0,204,,93910,26,,,0,211,,93911,26,,,0,209,,93907,26,,,0,264,,93906,26,,,0
5500,'5460',814,,93913,26,,,0,201,,93916,26,,,0,214,,93915,26,,,0,205,,93914,26,,,0,210,,93918,26,,,0,208,,93919,26,,,0,264,,93917,26,,,0
5500,'5461',814,,93920,26,,,0,201,,93923,26,,,0,214,,93922,26,,,0,205,,93921,26,,,0,210,,93925,26,,,0,208,,93926,26,,,0,264,,93924,26,,,0
5500,'5462',814,,93927,26,,,0,201,,93930,26,,,0,214,,93929,26,,,0,205,,93928,26,,,0,210,,93932,26,,,0,208,,93933,26,,,0,264,,93931,26,,,0
5500,'5463',814,,93934,26,,,0,201,,93937,26,,,0,214,,93936,26,,,0,205,,93935,26,,,0,210,,93939,26,,,0,208,,93940,26,,,0,264,,93938,26,,,0
6400,'5456',737,,95261,52,,,0,507,,95264,83,,,0,580,,95263,68,,,0
6400,'5458',737,,95268,52,,,0,507,,95271,83,,,0,580,,95270,68,,,0
