200,'5456',549,,81973,9,,,0,80,,81974,9,,,0,20,,81975,9,,,0,71,,81976,9,,,0,31,,81977,9,,,0,70,,81978,9,,,0,31,,81979,9,,,0,71,,81980,9,,,0,15,,81981,9,0,5,0,70,,81982,9,,,0,38,,81983,9,,,0,80,,81984,9,,,0,80,,81985,9,,,0,40,,81986,9,,,0,80,,81987,9,,,0,80,,81988,9,,,0,37,,81989,9,,,0,76,,82007,9,,,0,37,,82003,9,,,0,76,,82005,9,,,0,73,,82006,9,0,5,0,17,,81997,9,,,0,33,,81995,9,,,0,80,,82002,9,,,0,90,,81994,9,,,0,80,,82001,9,,,0,20,,81996,9,0,5,0,22,,81993,9,,,0,60,,82004,9,0,5,0,20,,82000,9,,,0,78,,81992,9,,,0,40,,81999,9,,,0,79,,81991,9,,,0,80,,81998,9,,,0,30,,81990,9,0,5,0
200,'5458',549,,82008,9,,,0,80,,82009,9,,,0,20,,82010,9,,,0,71,,82011,9,,,0,31,,82012,9,,,0,70,,82013,9,,,0,31,,82014,9,,,0,71,,82015,9,,,0,15,,82016,9,0,5,0,70,,82017,9,,,0,38,,82018,9,,,0,80,,82019,9,,,0,80,,82020,9,,,0,40,,82021,9,,,0,80,,82022,9,,,0,80,,82023,9,,,0,37,,82024,9,,,0,76,,82043,9,,,0,37,,82039,9,,,0,76,,82041,9,,,0,73,,82042,9,0,5,0,17,,82033,9,,,0,33,,82031,9,,,0,80,,82038,9,,,0,90,,82030,9,,,0,80,,82037,9,,,0,20,,82032,9,0,5,0,22,,82029,9,,,0,60,,82040,9,0,5,0,20,,82036,9,,,0,78,,82028,9,,,0,40,,82035,9,,,0,79,,82027,9,,,0,80,,82034,9,,,0,30,,82026,9,0,5,0,68,,82025,9,0,5,0
200,'5459',600,,98692,9,,,0,112,,98695,9,,,0,119,,98693,9,,,0,80,,98685,9,,,0,45,,98694,9,,,0,80,,98684,9,,,0,80,,82044,9,,,0,40,,82051,9,,,0,80,,98681,9,,,0,80,,98688,9,,,0,41,,98682,9,,,0,80,,82049,9,,,0,80,,82048,9,,,0,40,,98683,9,,,0,80,,98690,9,,,0,79,,98691,9,,,0,35,,82060,9,,,0,80,,82054,9,,,0,75,,98686,9,,,0,20,,82053,9,0,5,0,75,,82057,9,,,0,20,,98689,9,0,5,0,20,,98687,9,,,0,65,,98698,9,0,5,0,20,,82072,9,,,0,80,,98696,9,,,0,40,,82068,9,,,0,79,,98697,9,,,0,80,,82067,9,,,0,35,,98699,9,0,5,0
200,'5460',655,,82096,9,,,0,160,,82095,9,,,0,121,,82094,9,,,0,100,,82075,9,,,0,80,,82093,9,,,0,40,,82081,9,,,0,80,,82079,9,,,0,80,,82074,9,,,0,40,,82076,9,,,0,80,,82087,9,,,0,80,,82082,9,,,0,40,,82077,9,,,0,80,,82080,9,,,0,80,,82078,9,,,0,35,,82088,9,,,0,80,,82084,9,,,0,75,,82083,9,0,5,0,20,,82089,9,,,0,20,,82086,9,0,5,0,60,,82085,9,,,0,40,,82091,9,,,0,79,,82092,9,,,0,80,,82090,9,,,0,40,,82097,9,,,0,80,,82098,9,,,0
200,'5461',655,,82121,9,,,0,160,,82120,9,,,0,121,,82119,9,,,0,100,,82100,9,,,0,80,,82118,9,,,0,40,,82106,9,,,0,80,,82104,9,,,0,80,,82099,9,,,0,40,,82101,9,,,0,80,,82112,9,,,0,80,,82107,9,,,0,40,,82102,9,,,0,80,,82105,9,,,0,80,,82103,9,,,0,35,,82113,9,,,0,80,,82109,9,,,0,75,,82108,9,0,5,0,20,,82114,9,,,0,20,,82111,9,0,5,0,60,,82110,9,,,0,40,,82116,9,,,0,79,,82117,9,,,0,80,,82115,9,,,0,40,,82122,9,,,0,80,,82123,9,,,0
200,'5462',655,,82146,9,,,0,160,,82145,9,,,0,121,,82144,9,,,0,100,,82125,9,,,0,80,,82143,9,,,0,40,,82131,9,,,0,80,,82129,9,,,0,80,,82124,9,,,0,40,,82126,9,,,0,80,,82137,9,,,0,80,,82132,9,,,0,40,,82127,9,,,0,80,,82130,9,,,0,80,,82128,9,,,0,35,,82138,9,,,0,80,,82134,9,,,0,75,,82133,9,0,5,0,20,,82139,9,,,0,20,,82136,9,0,5,0,60,,82135,9,,,0,40,,82141,9,,,0,79,,82142,9,,,0,80,,82140,9,,,0,40,,82147,9,,,0,80,,82148,9,,,0
200,'5463',655,,82171,9,,,0,160,,82170,9,,,0,121,,82169,9,,,0,100,,82150,9,,,0,80,,82168,9,,,0,40,,82156,9,,,0,80,,82154,9,,,0,80,,82149,9,,,0,40,,82151,9,,,0,80,,82162,9,,,0,80,,82157,9,,,0,40,,82152,9,,,0,80,,82155,9,,,0,80,,82153,9,,,0,35,,82163,9,,,0,80,,82159,9,,,0,75,,82158,9,0,5,0,20,,82164,9,,,0,20,,82161,9,0,5,0,60,,82160,9,,,0,40,,82166,9,,,0,79,,82167,9,,,0,80,,82165,9,,,0,40,,82172,9,,,0,80,,82173,9,,,0
300,'5456',629,,82369,36,4,,0,75,,82371,38,4,,0,37,,82370,36,4,,0,81,,82379,38,4,,0,37,,82372,36,4,,0,75,,82373,38,4,,0,70,,82377,40,4,,0,30,,82374,38,4,,0,70,,82375,40,4,,0,30,,82376,38,4,,0,70,,82378,40,4,,0,35,,82380,38,4,,0,70,,82381,40,4,,0,30,,82385,38,4,,0,71,,82382,40,4,,0,33,,82395,38,4,,0,75,,82384,40,4,,0,35,,82383,38,4,,0,75,,82394,38,4,,0,73,,82386,38,4,,0,33,,82387,36,4,,0,74,,82393,38,4,,0,25,,82388,36,4,,0,70,,82389,38,4,,0,30,,82396,36,4,,0,25,,82390,38,4,,0,65,,82391,36,4,,0,30,,82397,38,4,,0
300,'5458',629,,82398,36,4,,0,75,,82400,38,4,,0,37,,82399,36,4,,0,81,,82408,38,4,,0,37,,82401,36,4,,0,75,,82402,38,4,,0,70,,82406,40,4,,0,30,,82403,38,4,,0,70,,82404,40,4,,0,30,,82405,38,4,,0,70,,82407,40,4,,0,35,,82409,38,4,,0,70,,82410,40,4,,0,30,,82414,38,4,,0,71,,82411,40,4,,0,33,,82424,38,4,,0,75,,82413,40,4,,0,35,,82412,38,4,,0,75,,82423,38,4,,0,73,,82415,38,4,,0,33,,82416,36,4,,0,74,,82422,38,4,,0,25,,82417,36,4,,0,70,,82418,38,4,,0,30,,82425,36,4,,0,25,,82419,38,4,,0,65,,82420,36,4,,0,30,,82426,38,4,,0
300,'5459',708,,82450,36,4,,0,30,,82433,38,4,,0,70,,82427,36,4,,0,30,,82442,38,4,,0,70,,82435,36,4,,0,30,,82452,38,4,,0,70,,82441,36,4,,0,31,,82428,38,4,,0,69,,82449,40,4,,0,30,,82440,38,4,,0,70,,82431,40,4,,0,30,,82453,38,4,,0,70,,82443,40,4,,0,31,,82430,38,4,,0,70,,82437,40,4,,0,34,,82429,38,4,,0,70,,82436,40,4,,0,40,,82434,38,4,,0,70,,82438,36,4,,0,36,,82432,38,4,,0,64,,82439,36,4,,0,35,,82445,38,4,,0,68,,82446,36,4,,0,32,,82444,38,4,,0,65,,82447,36,4,,0,30,,82448,38,4,,0,70,,82454,36,4,,0,30,,82451,38,4,,0
300,'5460',723,,82470,36,4,,0,85,,82458,38,4,,0,40,,82471,36,4,,0,85,,82465,38,4,,0,75,,82469,36,4,,0,40,,82456,38,4,,0,60,,82466,36,4,,0,31,,82461,38,4,,0,69,,82457,36,4,,0,30,,82462,38,4,,0,70,,82460,36,4,,0,30,,82459,38,4,,0,70,,82463,36,4,,0,37,,82464,38,4,,0,68,,82467,36,4,,0,41,,82468,38,4,,0,64,,82475,36,4,,0,33,,82472,38,4,,0,67,,82473,36,4,,0,30,,82474,38,4,,0,70,,82477,36,4,,0,30,,82476,38,4,,0,70,,82478,36,4,,0,35,,82479,38,4,,0
300,'5461',723,,82495,36,4,,0,85,,82483,38,4,,0,40,,82496,36,4,,0,85,,82490,38,4,,0,75,,82494,36,4,,0,40,,82481,38,4,,0,60,,82491,36,4,,0,31,,82486,38,4,,0,69,,82482,36,4,,0,30,,82487,38,4,,0,70,,82485,36,4,,0,30,,82484,38,4,,0,70,,82488,36,4,,0,37,,82489,38,4,,0,68,,82492,36,4,,0,41,,82493,38,4,,0,64,,82500,36,4,,0,33,,82497,38,4,,0,67,,82498,36,4,,0,30,,82499,38,4,,0,70,,82502,36,4,,0,30,,82501,38,4,,0,70,,82503,36,4,,0,35,,82504,38,4,,0
300,'5462',723,,82520,36,4,,0,85,,82508,38,4,,0,40,,82521,36,4,,0,85,,82515,38,4,,0,75,,82519,36,4,,0,40,,82506,38,4,,0,60,,82516,36,4,,0,31,,82511,38,4,,0,69,,82507,36,4,,0,30,,82512,38,4,,0,70,,82510,36,4,,0,30,,82509,38,4,,0,70,,82513,36,4,,0,37,,82514,38,4,,0,68,,82517,36,4,,0,41,,82518,38,4,,0,64,,82525,36,4,,0,33,,82522,38,4,,0,67,,82523,36,4,,0,30,,82524,38,4,,0,70,,82527,36,4,,0,30,,82526,38,4,,0,70,,82528,36,4,,0,35,,82529,38,4,,0
300,'5463',723,,82545,36,4,,0,85,,82533,38,4,,0,40,,82546,36,4,,0,85,,82540,38,4,,0,75,,82544,36,4,,0,40,,82531,38,4,,0,60,,82541,36,4,,0,31,,82536,38,4,,0,69,,82532,36,4,,0,30,,82537,38,4,,0,70,,82535,36,4,,0,30,,82534,38,4,,0,70,,82538,36,4,,0,37,,82539,38,4,,0,68,,82542,36,4,,0,41,,82543,38,4,,0,64,,82550,36,4,,0,33,,82547,38,4,,0,67,,82548,36,4,,0,30,,82549,38,4,,0,70,,82552,36,4,,0,30,,82551,38,4,,0,70,,82553,36,4,,0,35,,82554,38,4,,0
301,'5456',631,,82556,1,,,0,75,,82557,1,,,0,37,,82559,1,,,0,81,,82566,1,,,0,77,,82560,1,,,0,35,,82561,1,,,0,70,,82565,1,,,0,30,,82562,1,,,0,70,,82563,1,,,0,30,,82564,1,,,0,70,,82567,1,,,0,35,,82568,1,,,0,70,,82569,1,,,0,30,,82571,1,,,0,71,,82570,1,,,0,33,,82582,1,,,0,75,,82572,1,,,0,35,,82573,1,,,0,75,,82581,1,,,0,73,,82574,1,,,0,33,,82575,1,,,0,74,,82580,1,,,0,25,,82576,1,,,0,70,,82577,1,,,0,30,,82584,1,,,0,65,,82578,1,,,0,25,,82579,1,,,0,30,,82583,1,,,0
301,'5458',631,,82585,1,,,0,75,,82586,1,,,0,37,,82588,1,,,0,81,,82595,1,,,0,77,,82589,1,,,0,35,,82590,1,,,0,70,,82594,1,,,0,30,,82591,1,,,0,70,,82592,1,,,0,30,,82593,1,,,0,70,,82596,1,,,0,35,,82597,1,,,0,70,,82598,1,,,0,30,,82600,1,,,0,71,,82599,1,,,0,33,,82611,1,,,0,75,,82601,1,,,0,35,,82602,1,,,0,75,,82610,1,,,0,73,,82603,1,,,0,33,,82604,1,,,0,74,,82609,1,,,0,25,,82605,1,,,0,70,,82606,1,,,0,30,,82613,1,,,0,65,,82607,1,,,0,25,,82608,1,,,0,30,,82612,1,,,0
301,'5459',710,,82635,1,,,0,30,,82621,1,,,0,70,,82614,1,,,0,30,,82627,1,,,0,70,,82622,1,,,0,30,,82638,1,,,0,70,,82626,1,,,0,31,,82615,1,,,0,69,,82637,1,,,0,30,,82629,1,,,0,70,,82617,1,,,0,30,,82639,1,,,0,70,,82628,1,,,0,31,,82616,1,,,0,70,,82623,1,,,0,34,,82620,1,,,0,70,,82618,1,,,0,40,,82619,1,,,0,70,,82624,1,,,0,76,,82630,1,,,0,24,,82625,1,,,0,75,,82632,1,,,0,28,,82631,1,,,0,72,,82633,1,,,0,25,,82634,1,,,0,30,,82640,1,,,0,70,,82636,1,,,0,30,,82641,1,,,0
301,'5460',725,,82655,1,,,0,85,,82643,1,,,0,40,,82656,1,,,0,85,,82649,1,,,0,75,,82654,1,,,0,40,,82642,1,,,0,60,,82650,1,,,0,31,,82645,1,,,0,69,,82644,1,,,0,30,,82651,1,,,0,70,,82648,1,,,0,30,,82647,1,,,0,70,,82646,1,,,0,37,,82652,1,,,0,68,,82653,1,,,0,41,,82659,1,,,0,64,,82657,1,,,0,33,,82658,1,,,0,67,,82663,1,,,0,30,,82661,1,,,0,70,,82660,1,,,0,30,,82662,1,,,0,70,,82664,1,,,0,35,,82665,1,,,0
301,'5461',725,,82679,1,,,0,85,,82667,1,,,0,40,,82680,1,,,0,85,,82673,1,,,0,75,,82678,1,,,0,40,,82666,1,,,0,60,,82674,1,,,0,31,,82669,1,,,0,69,,82668,1,,,0,30,,82675,1,,,0,70,,82672,1,,,0,30,,82671,1,,,0,70,,82670,1,,,0,37,,82676,1,,,0,68,,82677,1,,,0,41,,82683,1,,,0,64,,82681,1,,,0,33,,82682,1,,,0,67,,82687,1,,,0,30,,82685,1,,,0,70,,82684,1,,,0,30,,82686,1,,,0,70,,82688,1,,,0,35,,82689,1,,,0
301,'5462',725,,82703,1,,,0,85,,82691,1,,,0,40,,82704,1,,,0,85,,82697,1,,,0,75,,82702,1,,,0,40,,82690,1,,,0,60,,82698,1,,,0,31,,82693,1,,,0,69,,82692,1,,,0,30,,82699,1,,,0,70,,82696,1,,,0,30,,82695,1,,,0,70,,82694,1,,,0,37,,82700,1,,,0,68,,82701,1,,,0,41,,82707,1,,,0,64,,82705,1,,,0,33,,82706,1,,,0,67,,82711,1,,,0,30,,82709,1,,,0,70,,82708,1,,,0,30,,82710,1,,,0,70,,82712,1,,,0,35,,82713,1,,,0
301,'5463',725,,82727,1,,,0,85,,82715,1,,,0,40,,82728,1,,,0,85,,82721,1,,,0,75,,82726,1,,,0,40,,82714,1,,,0,60,,82722,1,,,0,31,,82717,1,,,0,69,,82716,1,,,0,30,,82723,1,,,0,70,,82720,1,,,0,30,,82719,1,,,0,70,,82718,1,,,0,37,,82724,1,,,0,68,,82725,1,,,0,41,,82731,1,,,0,64,,82729,1,,,0,33,,82730,1,,,0,67,,82735,1,,,0,30,,82733,1,,,0,70,,82732,1,,,0,30,,82734,1,,,0,70,,82736,1,,,0,35,,82737,1,,,0
500,'5456',609,,83563,9,,,0,95,,83564,9,,,0,32,,83565,9,,,0,70,,83566,9,,,0,31,,83567,9,,,0,70,,83568,9,,,0,46,,83569,9,,,0,73,,83570,9,,,0,80,,83571,9,,,0,40,,83572,9,,,0,80,,83573,9,,,0,80,,83574,9,,,0,40,,83575,9,,,0,80,,83576,9,,,0,75,,83581,9,,,0,36,,83579,9,,,0,77,,83577,9,,,0,34,,83580,9,,,0,91,,83582,9,,,0,76,,83584,9,,,0,85,,83578,9,,,0,45,,83583,9,,,0
500,'5458',609,,83585,9,,,0,95,,83586,9,,,0,32,,83587,9,,,0,70,,83588,9,,,0,31,,83589,9,,,0,70,,83590,9,,,0,46,,83591,9,,,0,73,,83592,9,,,0,80,,83593,9,,,0,40,,83594,9,,,0,80,,83595,9,,,0,80,,83596,9,,,0,40,,83597,9,,,0,80,,83598,9,,,0,75,,83603,9,,,0,36,,83601,9,,,0,77,,83599,9,,,0,34,,83602,9,,,0,91,,83604,9,,,0,76,,83606,9,,,0,85,,83600,9,,,0,45,,83605,9,,,0
500,'5459',635,,98908,9,,,0,116,,98906,9,,,0,100,,83617,9,,,0,80,,98902,9,,,0,85,,83615,9,,,0,40,,98903,9,,,0,80,,98913,9,,,0,80,,98907,9,,,0,40,,83607,9,,,0,81,,83613,9,,,0,80,,98904,9,,,0,40,,98910,9,,,0,80,,98905,9,,,0,80,,83612,9,,,0,39,,83621,9,,,0,75,,98911,9,,,0,80,,98912,9,,,0,40,,98909,9,,,0,90,,98914,9,,,0
500,'5460',735,,98917,9,,,0,120,,98916,9,,,0,161,,98915,9,,,0,40,,83632,9,,,0,80,,83626,9,,,0,80,,83627,9,,,0,40,,83640,9,,,0,80,,83633,9,,,0,80,,83630,9,,,0,40,,83628,9,,,0,80,,83629,9,,,0,80,,83641,9,,,0,40,,83634,9,,,0,75,,83631,9,,,0,80,,83635,9,,,0,40,,83636,9,,,0
500,'5461',735,,83655,9,,,0,120,,83652,9,,,0,161,,83654,9,,,0,40,,83648,9,,,0,80,,83642,9,,,0,80,,83643,9,,,0,40,,83656,9,,,0,80,,83649,9,,,0,80,,83646,9,,,0,40,,83644,9,,,0,80,,83645,9,,,0,80,,83657,9,,,0,40,,83650,9,,,0,75,,83647,9,,,0,80,,83651,9,,,0,40,,83653,9,,,0
500,'5462',735,,83671,9,,,0,120,,83670,9,,,0,161,,83669,9,,,0,40,,83664,9,,,0,80,,83658,9,,,0,80,,83659,9,,,0,40,,83672,9,,,0,80,,83665,9,,,0,80,,83662,9,,,0,40,,83660,9,,,0,80,,83661,9,,,0,80,,83673,9,,,0,40,,83666,9,,,0,75,,83663,9,,,0,80,,83667,9,,,0,40,,83668,9,,,0
500,'5463',735,,83687,9,,,0,120,,83686,9,,,0,161,,83685,9,,,0,40,,83680,9,,,0,80,,83674,9,,,0,80,,83675,9,,,0,40,,83688,9,,,0,80,,83681,9,,,0,80,,83678,9,,,0,40,,83676,9,,,0,80,,83677,9,,,0,80,,83689,9,,,0,40,,83682,9,,,0,75,,83679,9,,,0,80,,83683,9,,,0,40,,83684,9,,,0
