6101,'5456',538,,95096,32,,,0,68,,95094,32,,,0,28,,95089,32,,,0,67,,95088,32,,,0,38,,95099,32,,,0,79,,95095,32,,,0,37,,95090,32,,,0,65,,95100,32,,,0,34,,95085,32,,,0,88,,95092,32,,,0,77,,95098,32,,,0,37,,95086,32,,,0,77,,95091,32,,,0,77,,95097,32,,,0,26,,95084,32,,,0,78,,95093,32,,,0,33,,95082,32,,,0,72,,95080,32,,,0,31,,95079,32,,,0,70,,95101,55,,,0,16,,95075,32,,,0,15,,95087,55,,,0,71,,95076,55,,,0,23,,95074,55,,,0,55,,95083,55,,,0,19,,95069,55,,,0,36,,95078,55,,,0,54,,95077,32,,,0,30,,95070,32,,,0,86,,95068,32,,,0,89,,95071,32,,,0,97,,95066,32,,,0,44,,95073,32,,,0,97,,95067,32,,,0,84,,95072,32,,,0
6101,'5458',538,,95133,32,,,0,68,,95131,32,,,0,28,,95126,32,,,0,67,,95125,32,,,0,38,,95136,32,,,0,79,,95132,32,,,0,37,,95127,32,,,0,65,,95137,32,,,0,34,,95122,32,,,0,88,,95129,32,,,0,77,,95135,32,,,0,37,,95123,32,,,0,77,,95128,32,,,0,77,,95134,32,,,0,26,,95121,32,,,0,78,,95130,32,,,0,33,,95118,32,,,0,72,,95117,32,,,0,31,,95116,32,,,0,70,,95138,55,,,0,16,,95112,32,,,0,15,,95124,55,,,0,71,,95113,55,,,0,23,,95111,55,,,0,55,,95119,55,,,0,19,,95106,55,,,0,36,,95115,55,,,0,54,,95114,32,,,0,30,,95107,32,,,0,86,,95105,32,,,0,89,,95108,32,,,0,97,,95103,32,,,0,44,,95110,32,,,0,97,,95104,32,,,0,84,,95109,32,,,0,99,,95102,32,,,0
6101,'5459',609,,95139,31,,,0,97,,95140,32,,,0,38,,95141,32,,,0,101,,95142,32,,,0,83,,95143,32,,,0,90,,95144,32,,,0,31,,95145,32,,,0,88,,95146,32,,,0,72,,95147,32,,,0,32,,95148,32,,,0,84,,95149,32,,,0,77,,95150,32,,,0,36,,95151,32,,,0,76,,95152,32,,,0,26,,95153,32,,,0,76,,95154,32,,,0,38,,95155,32,,,0,73,,95156,32,,,0,74,,95157,32,,,0,36,,95158,32,,,0,76,,95159,32,,,0,36,,95160,32,,,0,81,,95161,32,,,0,83,,95162,32,,,0,97,,95163,32,,,0,46,,95164,32,,,0,99,,95165,32,,,0,83,,95166,32,,,0,100,,95167,32,,,0
6101,'5460',614,,95170,31,,,0,103,,95168,31,,,0,34,,95171,32,,,0,89,,95169,32,,,0,94,,95172,32,,,0,86,,95173,32,,,0,88,,95174,32,,,0,47,,95175,32,,,0,103,,95176,32,,,0,86,,95177,32,,,0,101,,95178,32,,,0,85,,95179,32,,,0,101,,95180,32,,,0,80,,95181,32,,,0,100,,95182,32,,,0,89,,95183,32,,,0,57,,95184,32,,,0,100,,95185,32,,,0,81,,95186,32,,,0,100,,95187,32,,,0,96,,95188,32,,,0
6101,'5461',614,,95191,31,,,0,103,,95189,31,,,0,34,,95192,32,,,0,89,,95190,32,,,0,94,,95193,32,,,0,86,,95194,32,,,0,88,,95195,32,,,0,47,,95196,32,,,0,103,,95197,32,,,0,86,,95198,32,,,0,101,,95199,32,,,0,85,,95200,32,,,0,101,,95201,32,,,0,80,,95202,32,,,0,100,,95203,32,,,0,89,,95204,32,,,0,57,,95205,32,,,0,100,,95206,32,,,0,81,,95207,32,,,0,100,,95208,32,,,0,96,,95209,32,,,0
6101,'5462',614,,95212,31,,,0,103,,95210,31,,,0,34,,95213,32,,,0,89,,95211,32,,,0,94,,95214,32,,,0,86,,95215,32,,,0,88,,95216,32,,,0,47,,95217,32,,,0,103,,95218,32,,,0,86,,95219,32,,,0,101,,95220,32,,,0,85,,95221,32,,,0,101,,95222,32,,,0,80,,95223,32,,,0,100,,95224,32,,,0,89,,95225,32,,,0,57,,95226,32,,,0,100,,95227,32,,,0,81,,95228,32,,,0,100,,95229,32,,,0,96,,95230,32,,,0
6101,'5463',614,,95233,31,,,0,103,,95231,31,,,0,34,,95234,32,,,0,89,,95232,32,,,0,94,,95235,32,,,0,86,,95236,32,,,0,88,,95237,32,,,0,47,,95238,32,,,0,103,,95239,32,,,0,86,,95240,32,,,0,101,,95241,32,,,0,85,,95242,32,,,0,101,,95243,32,,,0,80,,95244,32,,,0,100,,95245,32,,,0,89,,95246,32,,,0,57,,95247,32,,,0,100,,95248,32,,,0,81,,95249,32,,,0,100,,95250,32,,,0,96,,95251,32,,,0
6401,'5456',734,,95278,70,,,0,204,,95277,25,,,0,376,,95275,70,,,0,294,,95276,25,,,0
6401,'5458',734,,95285,70,,,0,204,,95284,25,,,0,376,,95282,70,,,0,294,,95283,25,,,0
6501,'5456',1709,,95297,50,,,0,26,,95299,50,,,0,71,,95296,50,,,0,24,,95298,50,,,0
6501,'5458',1709,,95301,50,,,0,26,,95303,50,,,0,71,,95300,50,,,0,24,,95302,50,,,0
