7001,'5456',729,,95451,9,,,0,105,,95461,9,,,0,96,,95452,9,,,0,100,,95458,9,,,0,103,,95453,9,,,0,99,,95454,9,,,0,100,,95455,9,,,0,101,,95456,9,,,0,107,,95457,9,,,0,97,,95459,9,,,0,70,,95463,9,,,0,31,,95460,9,,,0,96,,95462,9,,,0,98,,95464,9,,,0,200,,95465,9,,,0,199,,95466,9,,,0
7001,'5458',729,,95467,9,,,0,105,,95477,9,,,0,96,,95468,9,,,0,100,,95474,9,,,0,103,,95469,9,,,0,99,,95470,9,,,0,100,,95471,9,,,0,101,,95472,9,,,0,107,,95473,9,,,0,97,,95475,9,,,0,70,,95479,9,,,0,31,,95476,9,,,0,96,,95478,9,,,0,98,,95480,9,,,0,200,,95481,9,,,0,199,,95482,9,,,0
7001,'5459',929,,95483,9,,,0,102,,95484,9,,,0,101,,95485,9,,,0,100,,95486,9,,,0,100,,95487,9,,,0,104,,95488,9,,,0,101,,95489,9,,,0,99,,95490,9,,,0,94,,95491,9,,,0,99,,95492,9,,,0,99,,95493,9,,,0,200,,95494,9,,,0,200,,95495,9,,,0
7001,'5460',927,,95496,9,,,0,201,,95497,9,,,0,100,,95498,9,,,0,103,,95499,9,,,0,101,,95500,9,,,0,100,,95501,9,,,0,99,,95502,9,,,0,102,,95503,9,,,0,99,,95504,9,,,0,100,,95505,9,,,0,100,,95506,9,,,0,99,,95507,9,,,0,199,,95508,9,,,0,99,,95509,9,,,0
7001,'5461',927,,95510,9,,,0,102,,95524,9,,,0,99,,95511,9,,,0,100,,95512,9,,,0,103,,95513,9,,,0,101,,95514,9,,,0,100,,95515,9,,,0,99,,95516,9,,,0,102,,95517,9,,,0,99,,95518,9,,,0,100,,95519,9,,,0,100,,95520,9,,,0,99,,95521,9,,,0,100,,95525,9,,,0,99,,95522,9,,,0,99,,95523,9,,,0
7001,'5462',927,,95526,9,,,0,102,,95540,9,,,0,99,,95527,9,,,0,100,,95528,9,,,0,103,,95529,9,,,0,101,,95530,9,,,0,100,,95531,9,,,0,99,,95532,9,,,0,102,,95533,9,,,0,99,,95534,9,,,0,100,,95535,9,,,0,100,,95536,9,,,0,99,,95537,9,,,0,100,,95541,9,,,0,99,,95538,9,,,0,99,,95539,9,,,0
7001,'5463',927,,95542,9,,,0,201,,95543,9,,,0,100,,95544,9,,,0,103,,95545,9,,,0,101,,95546,9,,,0,100,,95547,9,,,0,99,,95548,9,,,0,102,,95549,9,,,0,99,,95550,9,,,0,100,,95551,9,,,0,100,,95552,9,,,0,99,,95553,9,,,0,199,,95554,9,,,0,99,,95555,9,,,0
7101,'5456',633,,95562,29,,,0,71,,95563,29,,,0,50,,95564,29,,,0
7101,'5458',633,,95565,29,,,0,71,,95566,29,,,0,50,,95567,29,,,0
7201,'5456',615,,95769,48,,,0,41,,95772,48,,,0,72,,95770,48,,,0,74,,95774,48,,,0,32,,95784,48,,,0,20,,95779,48,,,0,67,,95771,48,,,0,29,,95773,48,,,0,70,,95777,48,,,0,31,,95775,48,,,0,70,,95776,48,,,0,33,,95783,48,,,0,70,,95778,48,,,0,30,,95780,48,,,0,71,,95781,48,,,0,30,,95788,48,,,0,71,,95791,48,,,0,32,,95782,48,,,0,72,,95793,48,,,0,71,,95797,48,,,0,32,,95785,48,,,0,26,,95786,48,,,0,69,,95792,48,,,0,28,,95800,48,,,0,69,,95787,48,,,0,27,,95794,48,,,0,70,,95796,48,,,0,29,,95789,48,,,0,70,,95790,48,,,0,30,,95799,48,,,0,70,,95801,48,,,0,30,,95795,48,,,0
7201,'5457',1508,,95802,44,,,0
7201,'5458',615,,95803,48,,,0,41,,95806,48,,,0,72,,95804,48,,,0,74,,95808,48,,,0,32,,95819,48,,,0,20,,95813,48,,,0,67,,95805,48,,,0,29,,95807,48,,,0,70,,95811,48,,,0,31,,95809,48,,,0,70,,95810,48,,,0,33,,95818,48,,,0,70,,95812,48,,,0,30,,95814,48,,,0,71,,95815,48,,,0,30,,95823,48,,,0,71,,95826,48,,,0,32,,95817,48,,,0,50,,95816,44,,,0,22,,95828,48,,,0,71,,95832,48,,,0,32,,95820,48,,,0,26,,95821,48,,,0,69,,95827,48,,,0,28,,95835,48,,,0,69,,95822,48,,,0,27,,95829,48,,,0,70,,95831,48,,,0,29,,95824,48,,,0,70,,95825,48,,,0,30,,95834,48,,,0,70,,95836,48,,,0,30,,95830,48,,,0
7201,'5459',642,,95865,48,,,0,103,,95838,48,,,0,100,,95839,48,,,0,73,,95840,48,,,0,32,,95841,48,,,0,70,,95842,48,,,0,32,,95843,48,,,0,71,,95844,48,,,0,31,,95845,48,,,0,70,,95846,48,,,0,30,,95837,48,,,0,70,,95847,48,,,0,29,,95848,48,,,0,71,,95849,48,,,0,34,,95850,48,,,0,71,,95851,48,,,0,28,,95852,48,,,0,72,,95853,48,,,0,28,,95854,48,,,0,67,,95855,48,,,0,27,,95856,48,,,0,70,,95857,48,,,0,28,,95858,48,,,0,70,,95859,48,,,0,28,,95860,48,,,0,70,,95861,48,,,0,31,,95862,48,,,0,69,,95863,48,,,0,30,,95864,48,,,0
7201,'5460',744,,95867,48,,,0,101,,95868,48,,,0,101,,95869,48,,,0,106,,95870,48,,,0,100,,95872,48,,,0,70,,95873,48,,,0,30,,95866,48,,,0,70,,95871,48,,,0,30,,95874,48,,,0,70,,95876,48,,,0,30,,95877,48,,,0,71,,95878,48,,,0,29,,95875,48,,,0,70,,95879,48,,,0,29,,95880,48,,,0,70,,95881,48,,,0,34,,95882,48,,,0,68,,95883,48,,,0,31,,95884,48,,,0,69,,95885,48,,,0,30,,95887,48,,,0,69,,95886,48,,,0,30,,95888,48,,,0,70,,95889,48,,,0,29,,95890,48,,,0
7201,'5461',744,,95892,48,,,0,101,,95893,48,,,0,101,,95894,48,,,0,106,,95895,48,,,0,100,,95897,48,,,0,70,,95898,48,,,0,30,,95891,48,,,0,70,,95896,48,,,0,30,,95899,48,,,0,70,,95901,48,,,0,30,,95902,48,,,0,71,,95903,48,,,0,29,,95900,48,,,0,70,,95904,48,,,0,29,,95905,48,,,0,70,,95906,48,,,0,34,,95907,48,,,0,68,,95908,48,,,0,31,,95909,48,,,0,69,,95910,48,,,0,30,,95912,48,,,0,69,,95911,48,,,0,30,,95913,48,,,0,70,,95914,48,,,0,29,,95915,48,,,0
7201,'5462',744,,95917,48,,,0,101,,95918,48,,,0,101,,95919,48,,,0,106,,95920,48,,,0,100,,95922,48,,,0,70,,95923,48,,,0,30,,95916,48,,,0,70,,95921,48,,,0,30,,95924,48,,,0,70,,95926,48,,,0,30,,95927,48,,,0,71,,95928,48,,,0,29,,95925,48,,,0,70,,95929,48,,,0,29,,95930,48,,,0,70,,95931,48,,,0,34,,95932,48,,,0,68,,95933,48,,,0,31,,95934,48,,,0,69,,95935,48,,,0,30,,95937,48,,,0,69,,95936,48,,,0,30,,95938,48,,,0,70,,95939,48,,,0,29,,95940,48,,,0
7201,'5463',744,,95942,48,,,0,101,,95943,48,,,0,101,,95944,48,,,0,106,,95945,48,,,0,100,,95947,48,,,0,70,,95948,48,,,0,30,,95941,48,,,0,70,,95946,48,,,0,30,,95949,48,,,0,70,,95951,48,,,0,30,,95952,48,,,0,71,,95953,48,,,0,29,,95950,48,,,0,70,,95954,48,,,0,29,,95955,48,,,0,70,,95956,48,,,0,34,,95957,48,,,0,68,,95958,48,,,0,31,,95959,48,,,0,69,,95960,48,,,0,30,,95962,48,,,0,69,,95961,48,,,0,30,,95963,48,,,0,70,,95964,48,,,0,29,,95965,48,,,0
7501,'5456',609,,96154,43,,,0,30,,96151,43,,,0,63,,96152,43,,,0,21,,96156,43,,,0,24,,96158,43,,,0,66,,96153,43,,,0,19,,96163,43,,,0,16,,96160,43,,,0,68,,96155,43,,,0,32,,96157,45,,,0,79,,96159,45,,,0,30,,96161,45,,,0,74,,96162,45,,,0,28,,96164,45,,,0,70,,96165,45,,,0,71,,96166,45,,,0,30,,96167,45,,,0,70,,96168,45,,,0,33,,96169,45,,,0,72,,96170,45,,,0,33,,96171,45,,,0,19,,96187,45,,,0,50,,96172,45,,,0,19,,96174,45,,,0,14,,96173,45,,,0,9,,96182,43,,,0,9,,96186,24,,,0,50,,96175,45,,,0,27,,96176,45,,,0,67,,96177,45,,,0,29,,96178,45,,,0,99,,96179,45,,,0,96,,96180,45,,,0,100,,96181,45,,,0,98,,96183,45,,,0
7501,'5458',609,,96191,43,,,0,30,,96188,43,,,0,63,,96189,43,,,0,21,,96193,43,,,0,24,,96195,43,,,0,66,,96190,43,,,0,19,,96200,43,,,0,16,,96197,43,,,0,68,,96192,43,,,0,32,,96194,45,,,0,79,,96196,45,,,0,30,,96198,45,,,0,74,,96199,45,,,0,28,,96201,45,,,0,70,,96202,45,,,0,71,,96203,45,,,0,30,,96204,45,,,0,70,,96205,45,,,0,33,,96206,45,,,0,72,,96207,45,,,0,33,,96208,45,,,0,19,,96224,45,,,0,50,,96209,45,,,0,19,,96211,45,,,0,14,,96210,45,,,0,9,,96219,43,,,0,9,,96223,24,,,0,50,,96212,45,,,0,27,,96213,45,,,0,67,,96214,45,,,0,29,,96215,45,,,0,99,,96216,45,,,0,96,,96217,45,,,0,100,,96218,45,,,0,98,,96220,45,,,0
7501,'5459',812,,96226,43,,,0,101,,96227,43,,,0,113,,96228,45,,,0,104,,96229,45,,,0,101,,96230,45,,,0,70,,96231,45,,,0,30,,96232,45,,,0,70,,96233,45,,,0,30,,96234,45,,,0,74,,96235,45,,,0,30,,96236,45,,,0,70,,96237,45,,,0,30,,96238,45,,,0,70,,96239,45,,,0,30,,96240,45,,,0,96,,96241,45,,,0,94,,96242,45,,,0,99,,96243,45,,,0,100,,96244,45,,,0,100,,96245,45,,,0
7501,'5460',913,,96250,43,,,0,110,,96251,45,,,0,101,,96252,45,,,0,104,,96253,45,,,0,31,,96254,45,,,0,70,,96255,45,,,0,30,,96256,45,,,0,70,,96257,45,,,0,71,,96258,45,,,0,31,,96259,45,,,0,70,,96260,45,,,0,30,,96261,45,,,0,100,,96262,45,,,0,101,,96263,45,,,0,99,,96264,45,,,0,98,,96265,45,,,0,99,,96266,45,,,0,100,,96267,45,,,0
7501,'5461',913,,96272,43,,,0,110,,96273,45,,,0,101,,96274,45,,,0,104,,96275,45,,,0,31,,96276,45,,,0,70,,96277,45,,,0,30,,96278,45,,,0,70,,96279,45,,,0,71,,96280,45,,,0,31,,96281,45,,,0,70,,96282,45,,,0,30,,96283,45,,,0,100,,96284,45,,,0,101,,96285,45,,,0,99,,96286,45,,,0,98,,96287,45,,,0,99,,96288,45,,,0,100,,96289,45,,,0
7501,'5462',913,,96294,43,,,0,110,,96295,45,,,0,101,,96296,45,,,0,104,,96297,45,,,0,31,,96298,45,,,0,70,,96299,45,,,0,30,,96300,45,,,0,70,,96301,45,,,0,71,,96302,45,,,0,31,,96303,45,,,0,70,,96304,45,,,0,30,,96305,45,,,0,100,,96306,45,,,0,101,,96307,45,,,0,99,,96308,45,,,0,98,,96309,45,,,0,99,,96310,45,,,0,100,,96311,45,,,0
7501,'5463',913,,96316,43,,,0,110,,96317,45,,,0,101,,96318,45,,,0,104,,96319,45,,,0,31,,96320,45,,,0,70,,96321,45,,,0,30,,96322,45,,,0,70,,96323,45,,,0,71,,96324,45,,,0,31,,96325,45,,,0,70,,96326,45,,,0,30,,96327,45,,,0,100,,96328,45,,,0,101,,96329,45,,,0,99,,96330,45,,,0,98,,96331,45,,,0,99,,96332,45,,,0,100,,96333,45,,,0
1007201,'5456',2255,,98265,51,,,0,97,,98267,51,,,0,99,,98266,51,,,0
1007201,'5458',2255,,98268,51,,,0,97,,98270,51,,,0,99,,98269,51,,,0
1007201,'5459',2255,,98271,51,,,0,97,,98272,51,,,0,98,,98273,51,,,0
1007201,'5460',2254,,98274,51,,,0,98,,98275,51,,,0
1007201,'5461',2254,,98276,51,,,0,98,,98277,51,,,0
1007201,'5462',2254,,98278,51,,,0,98,,98279,51,,,0
1007201,'5463',2254,,98280,51,,,0,98,,98281,51,,,0
24007001,'5456',2516,,98629,7,0,27,0
24007001,'5458',1326,,98631,8,,,0,206,,98632,8,,,0,199,,98633,8,,,0,195,,98635,8,,,0,199,,98634,8,,,0,391,,98630,7,0,27,0
24007001,'5459',1126,,98636,8,,,0,199,,98637,8,,,0,203,,98638,8,,,0,195,,98639,8,,,0,200,,98640,8,,,0,199,,98641,8,,,0,394,,98642,7,0,27,0
24007001,'5460',1121,,98643,8,,,0,205,,98644,8,,,0,202,,98645,8,,,0,197,,98646,8,,,0,200,,98647,8,,,0,198,,98648,8,,,0,313,,98649,7,0,27,0
24007001,'5461',1121,,98650,8,,,0,108,,98657,8,,,0,97,,98651,8,,,0,102,,98659,8,,,0,100,,98652,8,,,0,101,,98658,8,,,0,96,,98653,8,,,0,102,,98660,8,,,0,98,,98654,8,,,0,198,,98655,8,,,0,313,,98656,7,0,27,0
24007001,'5462',1121,,98661,8,,,0,108,,98668,8,,,0,97,,98662,8,,,0,102,,98670,8,,,0,100,,98663,8,,,0,101,,98669,8,,,0,96,,98664,8,,,0,102,,98671,8,,,0,98,,98665,8,,,0,198,,98666,8,,,0,313,,98667,7,0,27,0
24007001,'5463',1121,,98672,8,,,0,108,,98679,8,,,0,97,,98673,8,,,0,202,,98674,8,,,0,101,,98680,8,,,0,96,,98675,8,,,0,200,,98676,8,,,0,198,,98677,8,,,0,313,,98678,7,0,27,0
