4801,'5456',1722,,93107,55,,,0,28,,93106,55,,,0,66,,93105,55,,,0
4801,'5458',1722,,93110,55,,,0,28,,93109,55,,,0,66,,93108,55,,,0
5201,'5456',519,,93444,33,,,0,36,,93443,33,,,0,78,,93446,33,,,0,78,,93445,33,,,0,26,,93454,33,,,0,70,,93447,34,,,0,33,,93471,34,,,0,64,,93448,33,,,0,34,,93449,34,,,0,75,,93450,33,,,0,29,,93472,33,,,0,70,,93452,33,,,0,28,,93451,33,,,0,75,,93453,33,,,0,34,,93470,33,,,0,71,,93456,33,,,0,30,,93455,33,,,0,70,,93476,33,,,0,31,,93457,34,,,0,60,,93480,33,0,38 3 39 49,0,8,,93469,34,,,0,25,,93481,18,0,30 14,0,3,,93482,18,0,30 14,0,73,,93459,34,,,0,36,,93477,34,,,0,63,,93460,34,,,0,25,,93468,34,,,0,62,,93461,33,,,0,30,,93462,33,,,0,69,,93478,33,,,0,29,,93463,33,,,0,73,,93464,33,,,0,29,,93466,33,,,0,68,,93479,33,,,0,26,,93465,33,0,38 3 39 49,0,74,,93467,33,,,0,98,,93475,33,,,0,99,,93473,33,,,0
5201,'5458',519,,93484,33,,,0,36,,93483,33,,,0,78,,93486,33,,,0,78,,93485,33,,,0,26,,93494,33,,,0,70,,93487,34,,,0,33,,93511,34,,,0,64,,93488,33,,,0,34,,93489,34,,,0,75,,93490,33,,,0,29,,93512,33,,,0,70,,93492,33,,,0,28,,93491,33,,,0,75,,93493,33,,,0,34,,93510,33,,,0,71,,93496,33,,,0,30,,93495,33,,,0,70,,93516,33,,,0,26,,93520,18,0,30 14,0,5,,93497,34,,,0,60,,93521,33,0,38 3 39 49,0,8,,93509,34,,,0,28,,93522,18,0,30 14,0,73,,93499,34,,,0,36,,93517,34,,,0,63,,93500,34,,,0,25,,93508,34,,,0,62,,93501,33,,,0,30,,93502,33,,,0,69,,93518,33,,,0,29,,93503,33,,,0,73,,93504,33,,,0,29,,93506,33,,,0,68,,93519,33,,,0,26,,93505,33,0,38 3 39 49,0,74,,93507,33,,,0,98,,93515,33,,,0,99,,93513,33,,,0
5201,'5459',700,,93532,33,,,0,32,,93542,33,,,0,70,,93540,33,,,0,31,,93523,33,,,0,70,,93530,33,,,0,30,,93549,33,,,0,70,,93527,33,,,0,32,,93524,33,,,0,70,,93531,33,,,0,30,,93550,33,,,0,71,,93528,33,,,0,31,,93525,33,,,0,75,,93534,33,,,0,30,,93552,33,,,0,75,,93529,33,,,0,35,,93539,33,,,0,75,,93533,33,,,0,30,,93551,33,,,0,70,,93526,33,,,0,30,,93537,33,,,0,63,,93545,33,,,0,25,,93536,33,,,0,64,,93541,33,,,0,25,,93538,33,,,0,70,,93535,33,,,0,29,,93548,33,,,0,72,,93543,33,,,0,30,,93547,33,,,0,70,,93544,33,,,0,24,,93546,33,0,38 3 39 49,0,30,,93553,33,,,0,143,,93554,33,,,0,100,,93555,33,,,0
5201,'5460',731,,93561,33,,,0,70,,93577,33,,,0,31,,93569,33,,,0,71,,93557,33,,,0,30,,93564,33,,,0,70,,93571,33,,,0,31,,93566,33,,,0,70,,93558,33,,,0,31,,93563,33,,,0,70,,93572,33,,,0,30,,93568,33,,,0,75,,93556,33,,,0,30,,93562,33,,,0,75,,93575,33,,,0,35,,93567,33,,,0,75,,93582,33,,,0,29,,93560,33,,,0,70,,93574,33,,,0,30,,93565,33,,,0,70,,93570,33,,,0,30,,93559,33,,,0,70,,93573,33,,,0,79,,93576,33,,,0,100,,93578,33,,,0,99,,93579,33,,,0,100,,93580,33,,,0,100,,93581,33,,,0
5201,'5461',731,,93588,33,,,0,70,,93604,33,,,0,31,,93596,33,,,0,71,,93584,33,,,0,30,,93591,33,,,0,70,,93598,33,,,0,31,,93593,33,,,0,70,,93585,33,,,0,31,,93590,33,,,0,70,,93599,33,,,0,30,,93595,33,,,0,75,,93583,33,,,0,30,,93589,33,,,0,75,,93602,33,,,0,35,,93594,33,,,0,75,,93609,33,,,0,29,,93587,33,,,0,70,,93601,33,,,0,30,,93592,33,,,0,70,,93597,33,,,0,30,,93586,33,,,0,70,,93600,33,,,0,79,,93603,33,,,0,100,,93605,33,,,0,99,,93606,33,,,0,100,,93607,33,,,0,100,,93608,33,,,0
5201,'5462',731,,93615,33,,,0,70,,93631,33,,,0,31,,93623,33,,,0,71,,93611,33,,,0,30,,93618,33,,,0,70,,93625,33,,,0,31,,93620,33,,,0,70,,93612,33,,,0,31,,93617,33,,,0,70,,93626,33,,,0,30,,93622,33,,,0,75,,93610,33,,,0,30,,93616,33,,,0,75,,93629,33,,,0,35,,93621,33,,,0,75,,93636,33,,,0,29,,93614,33,,,0,70,,93628,33,,,0,30,,93619,33,,,0,70,,93624,33,,,0,30,,93613,33,,,0,70,,93627,33,,,0,79,,93630,33,,,0,100,,93632,33,,,0,99,,93633,33,,,0,100,,93634,33,,,0,100,,93635,33,,,0
5201,'5463',731,,93642,33,,,0,70,,93658,33,,,0,31,,93650,33,,,0,71,,93638,33,,,0,30,,93645,33,,,0,70,,93652,33,,,0,31,,93647,33,,,0,70,,93639,33,,,0,31,,93644,33,,,0,70,,93653,33,,,0,30,,93649,33,,,0,75,,93637,33,,,0,30,,93643,33,,,0,75,,93656,33,,,0,35,,93648,33,,,0,75,,93663,33,,,0,29,,93641,33,,,0,70,,93655,33,,,0,30,,93646,33,,,0,70,,93651,33,,,0,30,,93640,33,,,0,70,,93654,33,,,0,79,,93657,33,,,0,100,,93659,33,,,0,99,,93660,33,,,0,100,,93661,33,,,0,100,,93662,33,,,0
5500,'5456',623,,93886,31,,,0,132,,93890,31,,,0,173,,93889,31,,,0,214,,93888,31,,,0,198,,93887,31,,,0,174,,93891,31,,,0,106,,93895,31,,,0,182,,93893,31,,,0,148,,93892,31,,,0,198,,93894,31,,,0
5500,'5458',623,,93896,31,,,0,132,,93900,31,,,0,173,,93899,31,,,0,214,,93898,31,,,0,198,,93897,31,,,0,174,,93901,31,,,0,106,,93905,31,,,0,182,,93903,31,,,0,148,,93902,31,,,0,198,,93904,31,,,0
5500,'5459',818,,93912,31,,,0,201,,93908,31,,,0,213,,93909,31,,,0,204,,93910,31,,,0,211,,93911,31,,,0,209,,93907,31,,,0,264,,93906,31,,,0
5500,'5460',816,,93913,31,,,0,202,,93916,31,,,0,214,,93915,31,,,0,205,,93914,31,,,0,210,,93918,31,,,0,208,,93919,31,,,0,263,,93917,31,,,0
5500,'5461',816,,93920,31,,,0,202,,93923,31,,,0,214,,93922,31,,,0,205,,93921,31,,,0,210,,93925,31,,,0,208,,93926,31,,,0,263,,93924,31,,,0
5500,'5462',816,,93927,31,,,0,202,,93930,31,,,0,214,,93929,31,,,0,205,,93928,31,,,0,210,,93932,31,,,0,208,,93933,31,,,0,263,,93931,31,,,0
5500,'5463',816,,93934,31,,,0,202,,93937,31,,,0,214,,93936,31,,,0,205,,93935,31,,,0,210,,93939,31,,,0,208,,93940,31,,,0,263,,93938,31,,,0
5901,'5456',656,,94570,16,,,0,69,,94573,16,,,0,97,,94587,16,,,0,3,,94578,16,,,0,106,,94579,16,,,0,101,,94577,16,,,0,97,,94571,16,,,0,103,,94572,16,,,0,102,,94574,16,,,0,107,,94575,16,,,0,98,,94581,16,,,0,86,,94582,16,,,0,84,,94576,16,,,0,42,,94584,16,,,0,81,,94583,16,,,0,104,,94585,16,,,0,105,,94586,16,,,0,114,,94580,16,,,0
5901,'5458',656,,94588,16,,,0,69,,94591,16,,,0,97,,94605,16,,,0,3,,94596,16,,,0,106,,94597,16,,,0,101,,94595,16,,,0,97,,94589,16,,,0,103,,94590,16,,,0,102,,94592,16,,,0,107,,94593,16,,,0,98,,94599,16,,,0,86,,94600,16,,,0,84,,94594,16,,,0,42,,94602,16,,,0,81,,94601,16,,,0,104,,94603,16,,,0,105,,94604,16,,,0,114,,94598,16,,,0
5901,'5459',657,,94617,16,,,0,100,,94618,16,,,0,101,,94619,16,,,0,101,,94615,16,,,0,145,,94616,16,,,0,105,,94614,16,,,0,105,,94613,16,,,0,105,,94612,16,,,0,105,,94611,16,,,0,102,,94610,16,,,0,103,,94609,16,,,0,105,,94608,16,,,0,105,,94607,16,,,0,120,,94606,16,,,0
5901,'5460',757,,94621,16,,,0,101,,94620,16,,,0,101,,94622,16,,,0,145,,94624,16,,,0,105,,94623,16,,,0,105,,94627,16,,,0,105,,94628,16,,,0,105,,94626,16,,,0,102,,94625,16,,,0,103,,94631,16,,,0,105,,94630,16,,,0,105,,94632,16,,,0,120,,94629,16,,,0
5901,'5461',757,,94635,16,,,0,101,,94634,16,,,0,101,,94633,16,,,0,145,,94637,16,,,0,105,,94636,16,,,0,105,,94640,16,,,0,105,,94641,16,,,0,105,,94639,16,,,0,102,,94638,16,,,0,103,,94644,16,,,0,105,,94643,16,,,0,105,,94645,16,,,0,120,,94642,16,,,0
5901,'5462',757,,94647,16,,,0,101,,94646,16,,,0,101,,94648,16,,,0,145,,94650,16,,,0,105,,94649,16,,,0,105,,94653,16,,,0,105,,94654,16,,,0,105,,94652,16,,,0,102,,94651,16,,,0,103,,94657,16,,,0,105,,94656,16,,,0,105,,94658,16,,,0,120,,94655,16,,,0
5901,'5463',757,,94660,16,,,0,101,,94659,16,,,0,101,,94661,16,,,0,145,,94663,16,,,0,105,,94662,16,,,0,105,,94666,16,,,0,105,,94667,16,,,0,105,,94665,16,,,0,102,,94664,16,,,0,103,,94670,16,,,0,105,,94669,16,,,0,105,,94671,16,,,0,120,,94668,16,,,0
6100,'5456',542,,94909,50,,,0,77,,94907,50,,,0,12,,94908,50,,,0,21,,94901,50,,,0,60,,94900,50,,,0,20,,94895,50,,,0,20,,94894,50,,,0,68,,94893,50,,,0,18,,94913,32,0,30 14,0,80,,94906,32,0,30 14,0,36,,94902,32,0,30 14,0,64,,94911,32,0,30 14,0,36,,94896,32,0,30 14,0,88,,94903,32,0,30 14,0,76,,94910,32,0,30 14,0,35,,94897,32,0,30 14,0,74,,94904,32,0,30 14,0,79,,94912,32,0,30 14,0,30,,94898,32,0,30 14,0,80,,94905,32,0,30 14,0,33,,94892,32,0,30 14,0,67,,94914,32,0,30 14,0,15,,94891,32,0,30 14,0,26,,94890,32,0,30 14,0,79,,94887,32,0,30 14,0,68,,94899,32,0,30 14,0,25,,94889,32,0,30 14,0,28,,94882,32,0,30 14,0,72,,94881,32,0,30 14,0,30,,94888,32,0,30 14,0,70,,94883,32,0,30 14,0,95,,94878,32,0,30 14,0,81,,94884,32,0,30 14,0,104,,94879,32,0,30 14,0,33,,94885,32,0,30 14,0,100,,94880,32,0,30 14,0,74,,94886,32,0,30 14,0
6100,'5458',542,,94948,50,,,0,77,,94946,50,,,0,12,,94947,50,,,0,21,,94940,50,,,0,60,,94939,50,,,0,20,,94934,50,,,0,20,,94933,50,,,0,68,,94932,50,,,0,18,,94952,32,0,30 14,0,80,,94945,32,0,30 14,0,36,,94941,32,0,30 14,0,64,,94950,32,0,30 14,0,36,,94935,32,0,30 14,0,88,,94942,32,0,30 14,0,76,,94949,32,0,30 14,0,35,,94936,32,0,30 14,0,74,,94943,32,0,30 14,0,79,,94951,32,0,30 14,0,30,,94937,32,0,30 14,0,68,,94931,32,0,30 14,0,12,,94944,32,0,30 14,0,33,,94930,32,0,30 14,0,82,,94929,32,0,30 14,0,26,,94928,32,0,30 14,0,79,,94925,32,0,30 14,0,68,,94938,32,0,30 14,0,25,,94927,32,0,30 14,0,28,,94920,32,0,30 14,0,72,,94919,32,0,30 14,0,30,,94926,32,0,30 14,0,70,,94921,32,0,30 14,0,95,,94916,32,0,30 14,0,81,,94922,32,0,30 14,0,104,,94917,32,0,30 14,0,33,,94923,32,0,30 14,0,100,,94918,32,0,30 14,0,74,,94924,32,0,30 14,0,100,,94915,32,0,30,0
6100,'5459',654,,94954,32,0,30 14,0,99,,94955,32,0,30 14,0,82,,94953,32,0,30 14,0,98,,94956,32,0,30 14,0,96,,94957,32,0,30 14,0,82,,94958,32,0,30 14,0,35,,94959,32,0,30 14,0,88,,94960,32,0,30 14,0,75,,94961,32,0,30 14,0,35,,94962,32,0,30 14,0,76,,94963,32,0,30 14,0,36,,94964,32,0,30 14,0,77,,94965,32,0,30 14,0,77,,94966,32,0,30 14,0,25,,94967,32,0,30 14,0,78,,94968,32,0,30 14,0,41,,94969,32,0,30 14,0,72,,94970,32,0,30 14,0,31,,94971,32,0,30 14,0,71,,94972,32,0,30 14,0,73,,94973,32,0,30 14,0,43,,94974,32,0,30 14,0,81,,94975,32,0,30 14,0,81,,94976,32,0,30 14,0,103,,94977,32,0,30 14,0,32,,94978,32,0,30 14,0,100,,94979,32,0,30 14,0,78,,94980,32,0,30,0,99,,94981,32,0,30,0
6100,'5460',657,,94982,32,0,30 14,0,144,,94983,32,0,30 14,0,43,,94984,32,0,30 14,0,96,,94985,32,0,30 14,0,83,,94986,32,0,30 14,0,86,,94987,32,0,30 14,0,97,,94988,32,0,30 14,0,44,,94989,32,0,30 14,0,101,,94990,32,0,30 14,0,93,,94991,32,0,30 14,0,103,,94992,32,0,30 14,0,77,,94993,32,0,30 14,0,102,,94994,32,0,30 14,0,86,,94995,32,0,30 14,0,103,,94996,32,0,30 14,0,86,,94997,32,0,30 14,0,46,,94998,32,0,30 14,0,101,,94999,32,0,30 14,0,93,,95000,32,0,30 14,0,101,,95001,32,0,30 14,0,74,,95002,32,0,30,0
6100,'5461',657,,95003,32,0,30 14,0,144,,95004,32,0,30 14,0,43,,95005,32,0,30 14,0,96,,95006,32,0,30 14,0,83,,95007,32,0,30 14,0,86,,95008,32,0,30 14,0,97,,95009,32,0,30 14,0,44,,95010,32,0,30 14,0,101,,95011,32,0,30 14,0,93,,95012,32,0,30 14,0,103,,95013,32,0,30 14,0,77,,95014,32,0,30 14,0,102,,95015,32,0,30 14,0,86,,95016,32,0,30 14,0,103,,95017,32,0,30 14,0,86,,95018,32,0,30 14,0,46,,95019,32,0,30 14,0,101,,95020,32,0,30 14,0,93,,95021,32,0,30 14,0,101,,95022,32,0,30 14,0,74,,95023,32,0,30,0
6100,'5462',657,,95024,32,0,30 14,0,144,,95025,32,0,30 14,0,43,,95026,32,0,30 14,0,96,,95027,32,0,30 14,0,83,,95028,32,0,30 14,0,86,,95029,32,0,30 14,0,97,,95030,32,0,30 14,0,44,,95031,32,0,30 14,0,101,,95032,32,0,30 14,0,93,,95033,32,0,30 14,0,103,,95034,32,0,30 14,0,77,,95035,32,0,30 14,0,102,,95036,32,0,30 14,0,86,,95037,32,0,30 14,0,103,,95038,32,0,30 14,0,86,,95039,32,0,30 14,0,46,,95040,32,0,30 14,0,101,,95041,32,0,30 14,0,93,,95042,32,0,30 14,0,101,,95043,32,0,30 14,0,74,,95044,32,0,30,0
6100,'5463',657,,95045,32,0,30 14,0,144,,95046,32,0,30 14,0,43,,95047,32,0,30 14,0,96,,95048,32,0,30 14,0,83,,95049,32,0,30 14,0,86,,95050,32,0,30 14,0,97,,95051,32,0,30 14,0,44,,95052,32,0,30 14,0,101,,95053,32,0,30 14,0,93,,95054,32,0,30 14,0,103,,95055,32,0,30 14,0,77,,95056,32,0,30 14,0,102,,95057,32,0,30 14,0,86,,95058,32,0,30 14,0,103,,95059,32,0,30 14,0,86,,95060,32,0,30 14,0,46,,95061,32,0,30 14,0,101,,95062,32,0,30 14,0,93,,95063,32,0,30 14,0,101,,95064,32,0,30 14,0,74,,95065,32,0,30,0
6400,'5456',741,,95261,57,,,0,507,,95264,88,,,0,580,,95263,73,,,0
6400,'5458',741,,95268,57,,,0,507,,95271,88,,,0,580,,95270,73,,,0
