2100,'5456',626,,88095,8,,,0,28,,88115,8,,,0,58,,88094,8,,,0,15,,88120,8,,,0,9,,88135,8,0,17,0,7,,88108,8,,,0,9,,88140,8,,,0,4,,88128,8,,,0,57,,88099,8,,,0,16,,88123,8,,,0,20,,88098,8,0,17,0,58,,88130,8,,,0,18,,88114,8,0,17,0,20,,88100,8,,,0,61,,88119,8,0,17,0,20,,88127,8,,,0,20,,88097,8,0,17,0,60,,88101,8,,,0,20,,88132,8,0,18 19,0,21,,88113,8,,,0,61,,88102,8,0,17,0,20,,88121,8,,,0,20,,88126,8,0,17,0,60,,88103,8,,,0,20,,88105,8,0,17,0,17,,88136,8,,,0,59,,88133,8,,,0,16,,88116,8,,,0,15,,88104,8,0,17,0,19,,88139,8,,,0,58,,88118,8,,,0,17,,88124,8,,,0,20,,88107,8,,,0,58,,88106,8,,,0,18,,88137,8,0,18 19,0,18,,88134,8,,,0,58,,88117,8,,,0,19,,88109,8,,,0,18,,88138,8,0,17,0,18,,88122,8,0,17,0,56,,88129,8,0,17,0,32,,88110,8,0,17,0,69,,88131,8,0,17,0,30,,88111,8,0,17,0,73,,88125,8,0,17,0,29,,88112,8,0,17,0
2100,'5458',626,,88142,8,,,0,28,,88162,8,,,0,58,,88141,8,,,0,15,,88167,8,,,0,9,,88182,8,0,17,0,7,,88155,8,,,0,9,,88187,8,,,0,4,,88175,8,,,0,57,,88146,8,,,0,16,,88170,8,,,0,20,,88145,8,0,17,0,58,,88177,8,,,0,18,,88161,8,0,17,0,20,,88147,8,,,0,61,,88166,8,0,17,0,20,,88174,8,,,0,20,,88144,8,0,17,0,60,,88148,8,,,0,20,,88179,8,0,18 19,0,21,,88160,8,,,0,61,,88149,8,0,17,0,20,,88168,8,,,0,20,,88173,8,0,17,0,60,,88150,8,,,0,20,,88152,8,0,17,0,17,,88183,8,,,0,59,,88180,8,,,0,16,,88163,8,,,0,15,,88151,8,0,17,0,19,,88186,8,,,0,58,,88165,8,,,0,17,,88171,8,,,0,20,,88154,8,,,0,58,,88153,8,,,0,18,,88184,8,0,18 19,0,18,,88181,8,,,0,58,,88164,8,,,0,19,,88156,8,,,0,18,,88185,8,0,17,0,18,,88169,8,0,17,0,56,,88176,8,0,17,0,32,,88157,8,0,17,0,69,,88178,8,0,17,0,30,,88158,8,0,17,0,73,,88172,8,0,17,0,29,,88159,8,0,17,0
2100,'5459',715,,88207,8,0,17,0,85,,88214,8,0,17,0,40,,88198,8,0,18 19,0,71,,88208,8,0,17,0,39,,88191,8,0,17,0,70,,88209,8,0,17,0,32,,88193,8,0,17,0,71,,88203,8,0,17,0,30,,88188,8,0,17,0,71,,88189,8,0,18 19,0,30,,88210,8,0,17,0,71,,88194,8,0,17,0,30,,88202,8,0,17,0,68,,88190,8,0,18 19,0,32,,88192,8,0,17,0,70,,88211,8,0,17,0,29,,88195,8,0,17,0,70,,88204,8,0,18 19,0,30,,88196,8,0,17,0,70,,88197,8,0,17,0,30,,88213,8,0,17,0,70,,88199,8,0,18 19,0,28,,88205,8,0,17,0,69,,88200,8,0,17,0,28,,88201,8,0,17,0,68,,88212,8,0,17,0,30,,88206,8,0,17,0
2100,'5460',740,,88232,8,0,17,0,75,,88231,8,0,17,0,85,,88219,8,0,18 19,0,37,,88230,8,0,17,0,83,,88233,8,0,17,0,30,,88215,8,0,17,0,70,,88218,8,0,17,0,30,,88221,8,0,17,0,70,,88217,8,0,18 19,0,31,,88220,8,0,17,0,70,,88216,8,0,17,0,30,,88222,8,0,17,0,70,,88223,8,0,18 19,0,30,,88225,8,0,17,0,70,,88226,8,0,17,0,30,,88224,8,0,17,0,70,,88229,8,0,18 19,0,30,,88227,8,0,17,0,70,,88228,8,0,17,0,29,,88234,8,0,17,0,70,,88235,8,0,18 19,0,28,,88237,8,0,17,0,69,,88236,8,0,17,0,30,,88239,8,0,17,0,70,,88238,8,0,17,0
2100,'5461',740,,88257,8,0,17,0,75,,88256,8,0,17,0,85,,88244,8,0,18 19,0,37,,88255,8,0,17,0,83,,88258,8,0,17,0,30,,88240,8,0,17,0,70,,88243,8,0,17,0,30,,88246,8,0,17,0,70,,88242,8,0,18 19,0,31,,88245,8,0,17,0,70,,88241,8,0,17,0,30,,88247,8,0,17,0,70,,88248,8,0,18 19,0,30,,88250,8,0,17,0,70,,88251,8,0,17,0,30,,88249,8,0,17,0,70,,88254,8,0,18 19,0,30,,88252,8,0,17,0,70,,88253,8,0,17,0,29,,88259,8,0,17,0,70,,88260,8,0,18 19,0,28,,88262,8,0,17,0,69,,88261,8,0,17,0,30,,88264,8,0,17,0,70,,88263,8,0,17,0
2100,'5462',740,,88282,8,0,17,0,75,,88281,8,0,17,0,85,,88269,8,0,18 19,0,37,,88280,8,0,17,0,83,,88283,8,0,17,0,30,,88265,8,0,17,0,70,,88268,8,0,17,0,30,,88271,8,0,17,0,70,,88267,8,0,18 19,0,31,,88270,8,0,17,0,70,,88266,8,0,17,0,30,,88272,8,0,17,0,70,,88273,8,0,18 19,0,30,,88275,8,0,17,0,70,,88276,8,0,17,0,30,,88274,8,0,17,0,70,,88279,8,0,18 19,0,30,,88277,8,0,17,0,70,,88278,8,0,17,0,29,,88284,8,0,17,0,70,,88285,8,0,18 19,0,28,,88287,8,0,17,0,69,,88286,8,0,17,0,30,,88289,8,0,17,0,70,,88288,8,0,17,0
2100,'5463',740,,88307,8,0,17,0,75,,88306,8,0,17,0,85,,88294,8,0,18 19,0,37,,88305,8,0,17,0,83,,88308,8,0,17,0,30,,88290,8,0,17,0,70,,88293,8,0,17,0,30,,88296,8,0,17,0,70,,88292,8,0,18 19,0,31,,88295,8,0,17,0,70,,88291,8,0,17,0,30,,88297,8,0,17,0,70,,88298,8,0,18 19,0,30,,88300,8,0,17,0,70,,88301,8,0,17,0,30,,88299,8,0,17,0,70,,88304,8,0,18 19,0,30,,88302,8,0,17,0,70,,88303,8,0,17,0,29,,88309,8,0,17,0,70,,88310,8,0,18 19,0,28,,88312,8,0,17,0,69,,88311,8,0,17,0,30,,88314,8,0,17,0,70,,88313,8,0,17,0
2200,'5456',611,,88565,23,,,0,30,,88567,23,,,0,68,,88566,23,,,0,30,,88569,23,,,0,68,,88576,6,0,20 7,0,6,,88568,23,,,0,23,,88572,23,,,0,70,,88570,23,,,0,102,,88571,23,,,0,26,,88573,23,,,0,70,,88574,23,,,0,102,,88577,23,0,21 22,0,30,,88575,23,0,21 22,0,70,,88578,23,0,21 22,0,30,,88579,23,0,21 22,0,101,,88580,23,0,21 22,0,69,,88581,23,0,21 22,0,35,,88582,23,0,21 22,0,102,,88583,23,0,21 22,0,98,,88584,23,0,21 22,0,70,,88585,23,,,0,25,,88586,23,,,0,98,,88587,23,,,0,70,,88588,23,,,0,29,,88589,23,,,0,69,,88590,23,,,0
2200,'5458',611,,88594,23,,,0,30,,88596,23,,,0,68,,88595,23,,,0,30,,88598,23,,,0,68,,88605,6,0,20 7,0,6,,88597,23,,,0,23,,88601,23,,,0,70,,88599,23,,,0,102,,88600,23,,,0,26,,88602,23,,,0,70,,88603,23,,,0,102,,88606,23,0,21 22,0,30,,88604,23,0,21 22,0,70,,88607,23,0,21 22,0,30,,88608,23,0,21 22,0,101,,88609,23,0,21 22,0,69,,88610,23,0,21 22,0,35,,88612,23,0,21 22,0,102,,88613,23,0,21 22,0,98,,88614,23,0,21 22,0,70,,88615,23,,,0,25,,88616,23,,,0,98,,88617,23,,,0,70,,88618,23,,,0,29,,88619,23,,,0,69,,88620,23,,,0
2200,'5459',700,,88642,23,,,0,40,,88628,23,,,0,80,,88632,23,,,0,80,,88645,23,,,0,32,,88629,23,,,0,70,,88623,23,,,0,31,,88630,23,,,0,71,,88644,23,,,0,31,,88627,23,,,0,70,,88626,23,,,0,31,,88631,23,,,0,70,,88624,23,,,0,31,,88649,23,,,0,70,,88625,23,,,0,30,,88638,23,,,0,70,,88634,23,,,0,30,,88637,23,,,0,69,,88648,23,,,0,29,,88639,23,,,0,71,,88633,23,,,0,30,,88641,23,,,0,73,,88640,23,,,0,30,,88636,23,,,0,68,,88635,23,,,0,29,,88650,23,,,0,69,,88651,23,,,0,27,,88647,23,,,0,68,,88643,23,,,0
2200,'5460',749,,88656,23,,,0,101,,88657,23,,,0,80,,88658,23,,,0,70,,88653,23,,,0,32,,88654,23,,,0,70,,88655,23,,,0,30,,88660,23,,,0,69,,88661,23,,,0,32,,88659,23,,,0,70,,88662,23,,,0,30,,88663,23,,,0,70,,88671,23,,,0,30,,88670,23,,,0,70,,88664,23,,,0,30,,88665,23,,,0,70,,88666,23,,,0,30,,88667,23,,,0,72,,88668,23,,,0,30,,88669,23,,,0,70,,88672,23,,,0,29,,88673,23,,,0,68,,88674,23,,,0,30,,88675,23,,,0,115,,88676,6,,,0
2200,'5461',749,,88680,23,,,0,101,,88681,23,,,0,80,,88682,23,,,0,70,,88677,23,,,0,32,,88678,23,,,0,70,,88679,23,,,0,30,,88684,23,,,0,69,,88685,23,,,0,32,,88683,23,,,0,70,,88686,23,,,0,30,,88687,23,,,0,70,,88695,23,,,0,30,,88694,23,,,0,70,,88688,23,,,0,30,,88689,23,,,0,70,,88690,23,,,0,30,,88691,23,,,0,72,,88692,23,,,0,30,,88693,23,,,0,70,,88696,23,,,0,29,,88697,23,,,0,68,,88698,23,,,0,30,,88699,23,,,0,115,,88700,6,,,0
2200,'5462',749,,88704,23,,,0,101,,88705,23,,,0,80,,88706,23,,,0,70,,88701,23,,,0,32,,88702,23,,,0,70,,88703,23,,,0,30,,88708,23,,,0,69,,88709,23,,,0,32,,88707,23,,,0,70,,88710,23,,,0,30,,88711,23,,,0,70,,88719,23,,,0,30,,88718,23,,,0,70,,88712,23,,,0,30,,88713,23,,,0,70,,88714,23,,,0,30,,88715,23,,,0,72,,88716,23,,,0,30,,88717,23,,,0,70,,88720,23,,,0,29,,88721,23,,,0,68,,88722,23,,,0,30,,88723,23,,,0,115,,88724,6,,,0
2200,'5463',749,,88728,23,,,0,101,,88729,23,,,0,80,,88730,23,,,0,70,,88725,23,,,0,32,,88726,23,,,0,70,,88727,23,,,0,30,,88732,23,,,0,69,,88733,23,,,0,32,,88731,23,,,0,70,,88734,23,,,0,30,,88735,23,,,0,70,,88743,23,,,0,30,,88742,23,,,0,70,,88736,23,,,0,30,,88737,23,,,0,70,,88738,23,,,0,30,,88739,23,,,0,72,,88740,23,,,0,30,,88741,23,,,0,70,,88744,23,,,0,29,,88745,23,,,0,68,,88746,23,,,0,30,,88747,23,,,0,115,,88748,6,,,0
1002200,'5456',939,,98195,23,,,0,195,,98196,23,0,21 22,0,272,,98197,23,0,21 22,0,207,,98198,23,0,21 22,0,99,,98199,23,0,21 22,0,196,,98200,23,0,21 22,0
1002200,'5458',939,,98201,23,,,0,195,,98202,23,0,21 22,0,272,,98203,23,0,21 22,0,207,,98204,23,0,21 22,0,99,,98205,23,0,21 22,0,196,,98206,23,0,21 22,0
14002100,'5456',2115,,98507,8,,,0,30,,98504,8,,,0,70,,98506,8,,,0,100,,98508,8,,,0,99,,98505,8,,,0
14002100,'5458',2115,,98512,8,,,0,30,,98509,8,,,0,70,,98511,8,,,0,100,,98513,8,,,0,99,,98510,8,,,0
14002100,'5459',2115,,98514,8,,,0,30,,98515,8,,,0,70,,98516,8,,,0,102,,98517,8,,,0,99,,98518,8,,,0
14002100,'5460',2117,,98519,8,,,0,100,,98520,8,,,0,100,,98521,8,,,0
14002100,'5461',2117,,98522,8,,,0,100,,98523,8,,,0,100,,98524,8,,,0
14002100,'5462',2117,,98525,8,,,0,100,,98526,8,,,0,100,,98527,8,,,0
14002100,'5463',2117,,98528,8,,,0,100,,98529,8,,,0,100,,98530,8,,,0
