6100,'5456',520,,94909,23,,,0,36,,94907,23,,,0,52,,94908,23,,,0,21,,103334,23,,,0,20,,94900,23,,,0,59,,94895,23,,,0,19,,94894,23,,,0,28,,94893,23,,,0,59,,94913,5,0,30 14,0,41,,94906,5,0,30 14,0,77,,94902,5,0,30 14,0,24,,94911,5,0,30 14,0,76,,94896,5,0,30 14,0,88,,94903,5,0,30 14,0,36,,94910,5,0,30 14,0,75,,94897,5,0,30 14,0,74,,94904,5,0,30 14,0,39,,94912,5,0,30 14,0,69,,94898,5,0,30 14,0,39,,94905,5,0,30 14,0,72,,94892,5,0,30 14,0,28,,94914,5,0,30 14,0,55,,94891,5,0,30 14,0,27,,94890,5,0,30 14,0,79,,94887,5,0,30 14,0,30,,103333,5,0,30 14,0,65,,103332,5,0,30 14,0,28,,94882,5,0,30 14,0,72,,94881,5,0,30 14,0,31,,94888,5,0,30 14,0,70,,103330,5,0,30 14,0,95,,94878,5,0,30 14,0,41,,103331,5,0,30 14,0,104,,103328,5,0,30 14,0,73,,94885,5,0,30 14,0,100,,103329,5,0,30 14,0,35,,94886,5,0,30 14,0
6100,'5458',520,,94948,23,,,0,36,,94946,23,,,0,52,,94947,23,,,0,21,,103342,23,,,0,20,,94939,23,,,0,59,,94934,23,,,0,19,,94933,23,,,0,28,,94932,23,,,0,59,,94952,5,0,30 14,0,41,,94945,5,0,30 14,0,77,,94941,5,0,30 14,0,24,,94950,5,0,30 14,0,76,,94935,5,0,30 14,0,88,,94942,5,0,30 14,0,36,,94949,5,0,30 14,0,75,,94936,5,0,30 14,0,74,,94943,5,0,30 14,0,39,,94951,5,0,30 14,0,69,,94937,5,0,30 14,0,27,,94931,5,0,30 14,0,12,,94944,5,0,30 14,0,72,,94930,5,0,30 14,0,83,,94929,5,0,30 14,0,27,,94928,5,0,30 14,0,79,,94925,5,0,30 14,0,30,,103341,5,0,30 14,0,65,,103340,5,0,30 14,0,28,,94920,5,0,30 14,0,72,,94919,5,0,30 14,0,31,,94926,5,0,30 14,0,70,,103338,5,0,30 14,0,95,,94916,5,0,30 14,0,41,,103339,5,0,30 14,0,104,,103336,5,0,30 14,0,73,,94923,5,0,30 14,0,100,,103337,5,0,30 14,0,35,,94924,5,0,30 14,0,100,,103335,5,0,30,0
6100,'5459',633,,94954,5,0,30 14,0,99,,94955,5,0,30 14,0,82,,94953,5,0,30 14,0,97,,94956,5,0,30 14,0,95,,94957,5,0,30 14,0,42,,94958,5,0,30 14,0,75,,103343,5,0,30 14,0,87,,94960,5,0,30 14,0,35,,94961,5,0,30 14,0,75,,103344,5,0,30 14,0,36,,94963,5,0,30 14,0,77,,94964,5,0,30 14,0,77,,103345,5,0,30 14,0,37,,94966,5,0,30 14,0,66,,94967,5,0,30 14,0,38,,94968,5,0,30 14,0,81,,94969,5,0,30 14,0,72,,94970,5,0,30 14,0,31,,94971,5,0,30 14,0,71,,94972,5,0,30 14,0,33,,94973,5,0,30 14,0,83,,94974,5,0,30 14,0,81,,94975,5,0,30 14,0,41,,94976,5,0,30 14,0,104,,94977,5,0,30 14,0,73,,94978,5,0,30 14,0,100,,94979,5,0,30 14,0,38,,94980,5,0,30,0,100,,94981,5,0,30,0
6100,'5460',637,,94982,5,0,30 14,0,104,,94983,5,0,30 14,0,83,,94984,5,0,30 14,0,95,,94985,5,0,30 14,0,82,,94986,5,0,30 14,0,46,,94987,5,0,30 14,0,97,,94988,5,0,30 14,0,82,,94989,5,0,30 14,0,101,,94990,5,0,30 14,0,94,,94991,5,0,30 14,0,103,,94992,5,0,30 14,0,79,,94993,5,0,30 14,0,102,,94994,5,0,30 14,0,46,,94995,5,0,30 14,0,103,,94996,5,0,30 14,0,86,,94997,5,0,30 14,0,86,,94998,5,0,30 14,0,101,,94999,5,0,30 14,0,94,,95000,5,0,30 14,0,101,,95001,5,0,30 14,0,35,,95002,5,0,30,0
6100,'5461',637,,103346,5,0,30 14,0,104,,95004,5,0,30 14,0,83,,95005,5,0,30 14,0,95,,95006,5,0,30 14,0,82,,95007,5,0,30 14,0,46,,95008,5,0,30 14,0,97,,95009,5,0,30 14,0,82,,95010,5,0,30 14,0,101,,95011,5,0,30 14,0,94,,95012,5,0,30 14,0,103,,95013,5,0,30 14,0,79,,95014,5,0,30 14,0,102,,95015,5,0,30 14,0,46,,95016,5,0,30 14,0,103,,95017,5,0,30 14,0,86,,95018,5,0,30 14,0,86,,95019,5,0,30 14,0,101,,95020,5,0,30 14,0,94,,95021,5,0,30 14,0,101,,95022,5,0,30 14,0,35,,95023,5,0,30,0
6100,'5462',637,,103347,5,0,30 14,0,104,,95025,5,0,30 14,0,83,,95026,5,0,30 14,0,95,,95027,5,0,30 14,0,82,,95028,5,0,30 14,0,46,,95029,5,0,30 14,0,97,,95030,5,0,30 14,0,82,,95031,5,0,30 14,0,101,,95032,5,0,30 14,0,94,,95033,5,0,30 14,0,103,,95034,5,0,30 14,0,79,,95035,5,0,30 14,0,102,,95036,5,0,30 14,0,46,,95037,5,0,30 14,0,103,,95038,5,0,30 14,0,86,,95039,5,0,30 14,0,86,,95040,5,0,30 14,0,101,,95041,5,0,30 14,0,94,,95042,5,0,30 14,0,101,,95043,5,0,30 14,0,35,,95044,5,0,30,0
6100,'5463',637,,103348,5,0,30 14,0,104,,95046,5,0,30 14,0,83,,95047,5,0,30 14,0,95,,95048,5,0,30 14,0,82,,95049,5,0,30 14,0,46,,95050,5,0,30 14,0,97,,95051,5,0,30 14,0,82,,95052,5,0,30 14,0,101,,95053,5,0,30 14,0,94,,95054,5,0,30 14,0,103,,95055,5,0,30 14,0,79,,95056,5,0,30 14,0,102,,95057,5,0,30 14,0,46,,95058,5,0,30 14,0,103,,95059,5,0,30 14,0,86,,95060,5,0,30 14,0,86,,95061,5,0,30 14,0,101,,95062,5,0,30 14,0,94,,95063,5,0,30 14,0,101,,95064,5,0,30 14,0,35,,95065,5,0,30,0
6400,'5456',852,,103373,5,0,32 33,0,875,,95263,5,,,0
6400,'5458',852,,103376,5,0,32 33,0,875,,95270,5,,,0
6500,'5456',540,,103386,14,,,0,94,,95290,14,,,0,21,,95289,14,,,0,83,,95288,14,,,0
6500,'5458',540,,103387,14,,,0,94,,95294,14,,,0,21,,95293,14,,,0,83,,95292,14,,,0
