3200,'5456',642,,92204,7,,,0,81,,92208,7,,,0,81,,92210,7,,,0,110,,92205,7,,,0,100,,92206,7,,,0,105,,92207,7,,,0,105,,92209,7,,,0,104,,92211,7,,,0,107,,92212,7,,,0,112,,92213,7,,,0,102,,92215,7,,,0,73,,92217,27,,,0,32,,92214,7,,,0,150,,92216,7,,,0,100,,92219,7,,,0,100,,92218,7,,,0,99,,92220,7,,,0
3200,'5458',642,,92221,7,,,0,81,,92225,7,,,0,81,,92227,7,,,0,110,,92222,7,,,0,100,,92223,7,,,0,105,,92224,7,,,0,105,,92226,7,,,0,104,,92228,7,,,0,107,,92229,7,,,0,112,,92230,7,,,0,102,,92232,7,,,0,73,,92234,27,,,0,32,,92231,7,,,0,150,,92233,7,,,0,100,,92236,7,,,0,100,,92235,7,,,0,99,,92237,7,,,0
3200,'5459',803,,92242,7,,,0,100,,92245,7,,,0,101,,92249,7,,,0,100,,92240,7,,,0,100,,92243,7,,,0,100,,92246,7,,,0,100,,92250,7,,,0,100,,92241,7,,,0,100,,92244,7,,,0,100,,92247,7,,,0,100,,92251,7,,,0,99,,92248,7,,,0,100,,92252,7,,,0,100,,92238,7,,,0,100,,92239,7,,,0
3200,'5460',803,,92253,7,,,0,100,,92254,7,,,0,100,,92255,7,,,0,101,,92257,7,,,0,100,,92258,7,,,0,100,,92256,7,,,0,100,,92262,7,,,0,100,,92261,7,,,0,100,,92259,7,,,0,100,,92260,7,,,0,100,,92264,7,,,0,100,,92263,7,,,0
3200,'5461',803,,92265,7,,,0,100,,92266,7,,,0,100,,92267,7,,,0,101,,92269,7,,,0,100,,92270,7,,,0,100,,92268,7,,,0,100,,92274,7,,,0,100,,92273,7,,,0,100,,92271,7,,,0,100,,92272,7,,,0,100,,92276,7,,,0,100,,92275,7,,,0
3200,'5462',803,,92277,7,,,0,100,,92278,7,,,0,100,,92279,7,,,0,101,,92281,7,,,0,100,,92282,7,,,0,100,,92280,7,,,0,100,,92286,7,,,0,100,,92285,7,,,0,100,,92283,7,,,0,100,,92284,7,,,0,100,,92288,7,,,0,100,,92287,7,,,0
3200,'5463',803,,92289,7,,,0,100,,92290,7,,,0,100,,92291,7,,,0,101,,92293,7,,,0,100,,92294,7,,,0,100,,92292,7,,,0,100,,92298,7,,,0,100,,92297,7,,,0,100,,92295,7,,,0,100,,92296,7,,,0,100,,92300,7,,,0,100,,92299,7,,,0
3900,'5456',648,,92569,13,,,0,60,,92550,7,,,0,14,,92559,13,,,0,13,,92552,7,,,0,11,,92558,7,,,0,11,,92563,13,,,0,44,,92570,7,,,0,9,,92560,13,,,0,14,,92551,13,,,0,11,,92571,7,,,0,3,,92541,13,,,0,10,,92572,7,,,0,7,,92553,13,,,0,55,,92562,13,,,0,22,,92561,13,,,0,26,,92537,13,,,0,70,,92542,13,,,0,29,,92564,13,,,0,70,,92543,13,,,0,31,,92538,13,,,0,71,,92544,13,,,0,30,,92565,13,,,0,71,,92545,13,,,0,70,,92539,13,,,0,33,,92546,13,,,0,71,,92566,13,,,0,22,,92534,13,,,0,16,,92531,13,,,0,17,,92547,13,,,0,54,,92540,13,,,0,17,,92567,13,,,0,14,,92530,13,,,0,14,,92535,13,,,0,56,,92532,13,,,0,15,,92548,13,,,0,12,,92549,13,,,0,16,,92568,13,,,0,58,,92536,13,,,0,20,,92533,13,,,0,18,,92557,13,,,0,78,,92555,13,,,0,82,,92554,13,,,0,107,,92556,13,,,0
3900,'5458',648,,92612,13,,,0,60,,92593,7,,,0,14,,92602,13,,,0,13,,92595,7,,,0,11,,92601,7,,,0,11,,92606,13,,,0,44,,92613,7,,,0,9,,92603,13,,,0,14,,92594,13,,,0,11,,92614,7,,,0,3,,92584,13,,,0,10,,92615,7,,,0,7,,92596,13,,,0,55,,92605,13,,,0,22,,92604,13,,,0,26,,92580,13,,,0,70,,92585,13,,,0,29,,92607,13,,,0,70,,92586,13,,,0,31,,92581,13,,,0,71,,92587,13,,,0,30,,92608,13,,,0,71,,92588,13,,,0,70,,92582,13,,,0,33,,92589,13,,,0,71,,92609,13,,,0,22,,92577,13,,,0,16,,92574,13,,,0,17,,92590,13,,,0,54,,92583,13,,,0,17,,92610,13,,,0,14,,92573,13,,,0,14,,92578,13,,,0,56,,92575,13,,,0,15,,92591,13,,,0,12,,92592,13,,,0,16,,92611,13,,,0,58,,92579,13,,,0,20,,92576,13,,,0,18,,92600,13,,,0,78,,92598,13,,,0,82,,92597,13,,,0,107,,92599,13,,,0
3900,'5459',713,,92617,7,,,0,126,,92618,7,,,0,100,,92622,7,,,0,101,,92626,7,,,0,100,,92616,7,,,0,100,,92620,7,,,0,100,,92623,7,,,0,100,,92627,7,,,0,100,,92619,7,,,0,100,,92621,7,,,0,100,,92624,7,,,0,99,,92628,7,,,0,100,,92625,7,,,0
3900,'5460',839,,92630,7,,,0,100,,92629,7,,,0,100,,92631,7,,,0,100,,92633,7,,,0,100,,92632,7,,,0,100,,92637,7,,,0,100,,92634,7,,,0,100,,92635,7,,,0,100,,92636,7,,,0,100,,92638,7,,,0,100,,92639,7,,,0,100,,92640,7,,,0
3900,'5461',839,,92642,7,,,0,100,,92641,7,,,0,100,,92643,7,,,0,100,,92645,7,,,0,100,,92644,7,,,0,100,,92649,7,,,0,100,,92646,7,,,0,100,,92647,7,,,0,100,,92648,7,,,0,100,,92650,7,,,0,100,,92651,7,,,0,100,,92652,7,,,0
3900,'5462',839,,92654,7,,,0,100,,92653,7,,,0,100,,92655,7,,,0,100,,92657,7,,,0,100,,92656,7,,,0,100,,92661,7,,,0,100,,92658,7,,,0,100,,92659,7,,,0,100,,92660,7,,,0,100,,92662,7,,,0,100,,92663,7,,,0,100,,92664,7,,,0
3900,'5463',839,,92666,7,,,0,100,,92665,7,,,0,100,,92667,7,,,0,100,,92669,7,,,0,100,,92668,7,,,0,100,,92673,7,,,0,100,,92670,7,,,0,100,,92671,7,,,0,100,,92672,7,,,0,100,,92674,7,,,0,100,,92675,7,,,0,100,,92676,7,,,0
