1101,'5456',620,,85737,61,,,0,32,,85738,61,,,0,61,,99563,61,,,0,23,,85740,61,,,0,21,,85756,61,,,0,61,,85744,61,,,0,20,,85739,61,,,0,20,,85752,61,,,0,59,,85741,61,,,0,18,,99564,61,,,0,19,,99566,61,,,0,61,,85742,61,,,0,25,,85743,61,,,0,66,,85745,61,,,0,25,,85754,61,,,0,26,,85748,61,,,0,65,,99565,61,,,0,25,,85750,61,,,0,66,,85749,61,,,0,26,,85751,61,,,0,65,,85753,61,,,0,29,,85755,61,,,0,25,,85763,61,,,0,59,,99579,61,,,0,18,,85757,61,,,0,20,,85758,61,,,0,56,,99567,61,,,0,18,,85759,61,,,0,17,,85760,61,,,0,60,,85784,61,,,0,17,,85765,61,,,0,17,,85764,61,,,0,18,,99580,61,,,0,60,,99568,61,,,0,20,,85769,61,,,0,63,,85770,61,,,0,14,,99569,61,,,0,17,,99582,61,,,0,20,,99570,61,,,0,70,,99578,61,,,0,34,,99571,61,,,0,70,,99572,61,,,0,74,,99574,61,,,0,29,,99577,61,,,0,75,,99573,61,,,0,26,,99575,61,,,0,28,,99576,61,,,0,85,,99581,61,,,0
1101,'5458',620,,85785,61,,,0,32,,85786,61,,,0,61,,99583,61,,,0,23,,85788,61,,,0,21,,85804,61,,,0,61,,85792,61,,,0,20,,85787,61,,,0,20,,85800,61,,,0,59,,85789,61,,,0,18,,99584,61,,,0,19,,99586,61,,,0,61,,85790,61,,,0,25,,85791,61,,,0,66,,85793,61,,,0,25,,85802,61,,,0,26,,85796,61,,,0,65,,99585,61,,,0,25,,85798,61,,,0,66,,85797,61,,,0,26,,85799,61,,,0,65,,85801,61,,,0,29,,85803,61,,,0,25,,85811,61,,,0,59,,99599,61,,,0,18,,85805,61,,,0,20,,85806,61,,,0,56,,99587,61,,,0,18,,85807,61,,,0,17,,85808,61,,,0,60,,85832,61,,,0,17,,85813,61,,,0,17,,85812,61,,,0,18,,99600,61,,,0,60,,99588,61,,,0,20,,85817,61,,,0,63,,85818,61,,,0,14,,99589,61,,,0,17,,99602,61,,,0,20,,99590,61,,,0,70,,99598,61,,,0,34,,99591,61,,,0,70,,99592,61,,,0,74,,99594,61,,,0,29,,99597,61,,,0,75,,99593,61,,,0,26,,99595,61,,,0,28,,99596,61,,,0,85,,99601,61,,,0
1101,'5459',716,,85846,61,,,0,37,,99604,61,,,0,75,,85839,61,,,0,30,,85864,61,,,0,78,,99610,61,,,0,70,,99603,61,,,0,30,,85842,61,,,0,72,,99620,61,,,0,25,,99605,61,,,0,20,,99622,61,,,0,66,,85848,61,,,0,25,,85835,61,,,0,67,,99607,61,,,0,25,,99619,61,,,0,65,,99606,61,,,0,26,,99617,61,,,0,25,,99609,61,,,0,65,,85838,61,,,0,25,,85844,61,,,0,65,,99627,61,,,0,25,,99608,61,,,0,24,,99621,61,,,0,65,,99611,61,,,0,24,,85843,61,,,0,65,,99626,61,,,0,24,,99618,61,,,0,24,,99624,61,,,0,65,,99625,61,,,0,22,,99612,61,,,0,65,,99623,61,,,0,25,,99616,61,,,0,65,,99615,61,,,0,25,,99613,61,,,0,75,,99614,61,,,0,30,,99630,61,,,0,29,,99628,61,,,0,72,,99629,61,,,0,28,,99631,61,,,0,84,,85871,61,,,0
1101,'5460',736,,85872,61,,,0,85,,99634,61,,,0,87,,85874,61,,,0,46,,85873,61,,,0,76,,99632,61,,,0,72,,99633,61,,,0,31,,99635,61,,,0,70,,99636,61,,,0,28,,99637,61,,,0,70,,99638,61,,,0,31,,99640,61,,,0,68,,99642,61,,,0,30,,99641,61,,,0,70,,99639,61,,,0,31,,99643,61,,,0,70,,99644,61,,,0,28,,99645,61,,,0,30,,99646,61,,,0,70,,99648,61,,,0,29,,99647,61,,,0,70,,99650,61,,,0,29,,99649,61,,,0,70,,99652,61,,,0,75,,99651,61,,,0,43,,99653,61,,,0,80,,99654,61,,,0,84,,99655,61,,,0,43,,99656,61,,,0,77,,99657,61,,,0,86,,99658,61,,,0
1101,'5461',736,,99659,61,,,0,85,,99662,61,,,0,87,,85904,61,,,0,46,,85903,61,,,0,76,,99660,61,,,0,72,,99661,61,,,0,31,,99663,61,,,0,70,,99664,61,,,0,28,,99665,61,,,0,70,,99666,61,,,0,31,,99667,61,,,0,68,,85915,61,,,0,30,,85914,61,,,0,70,,85912,61,,,0,31,,99668,61,,,0,70,,99669,61,,,0,28,,99670,61,,,0,30,,85919,61,,,0,70,,85921,61,,,0,29,,99671,61,,,0,70,,99673,61,,,0,29,,99672,61,,,0,70,,99675,61,,,0,75,,99674,61,,,0,43,,99676,61,,,0,80,,99677,61,,,0,84,,99678,61,,,0,43,,99679,61,,,0,77,,99680,61,,,0,86,,99681,61,,,0
1101,'5462',736,,99682,61,,,0,85,,99685,61,,,0,87,,85934,61,,,0,46,,85933,61,,,0,76,,99683,61,,,0,72,,99684,61,,,0,31,,99686,61,,,0,70,,99687,61,,,0,28,,99688,61,,,0,70,,99689,61,,,0,31,,99690,61,,,0,68,,85945,61,,,0,30,,85944,61,,,0,70,,85942,61,,,0,31,,99691,61,,,0,70,,99692,61,,,0,28,,99693,61,,,0,30,,85949,61,,,0,70,,85951,61,,,0,29,,99694,61,,,0,70,,99696,61,,,0,29,,99695,61,,,0,70,,99698,61,,,0,75,,99697,61,,,0,43,,99699,61,,,0,80,,99700,61,,,0,84,,99701,61,,,0,43,,99702,61,,,0,77,,99703,61,,,0,86,,99704,61,,,0
1101,'5463',736,,99705,61,,,0,85,,99708,61,,,0,87,,85964,61,,,0,46,,85963,61,,,0,76,,99706,61,,,0,72,,99707,61,,,0,31,,99709,61,,,0,70,,99710,61,,,0,28,,99711,61,,,0,70,,99712,61,,,0,31,,99713,61,,,0,68,,85975,61,,,0,30,,85974,61,,,0,70,,85972,61,,,0,31,,99714,61,,,0,70,,99715,61,,,0,28,,99716,61,,,0,30,,85979,61,,,0,70,,85981,61,,,0,29,,99717,61,,,0,70,,99719,61,,,0,29,,99718,61,,,0,70,,99721,61,,,0,75,,99720,61,,,0,43,,99722,61,,,0,80,,99723,61,,,0,84,,99724,61,,,0,43,,99725,61,,,0,77,,99726,61,,,0,86,,99727,61,,,0
2401,'5456',527,,100724,46,,,0,93,,100725,46,,,0,90,,100726,46,,,0,46,,89030,46,,,0,75,,100727,46,,,0,96,,100728,46,,,0,104,,100729,46,,,0,101,,100730,46,,,0,101,,100731,46,,,0,100,,100732,46,,,0,114,,100733,46,,,0,107,,100734,46,,,0,87,,100735,46,,,0,86,,100736,46,,,0,74,,100737,46,,,0,49,,100738,46,,,0,85,,100739,46,,,0,101,,100740,46,,,0,115,,100741,46,,,0,168,,100742,46,,,0,120,,100743,46,,,0
2401,'5458',527,,100744,46,,,0,93,,100745,46,,,0,90,,100746,46,,,0,46,,89051,46,,,0,75,,100747,46,,,0,96,,100748,46,,,0,104,,100749,46,,,0,101,,100750,46,,,0,101,,100751,46,,,0,100,,100752,46,,,0,114,,100753,46,,,0,107,,100754,46,,,0,87,,100755,46,,,0,86,,100756,46,,,0,74,,100757,46,,,0,49,,100758,46,,,0,85,,100759,46,,,0,101,,100760,46,,,0,115,,100761,46,,,0,168,,100762,46,,,0,120,,100763,46,,,0
2401,'5459',717,,100765,46,,,0,108,,100764,46,,,0,105,,100766,46,,,0,100,,89072,46,,,0,104,,89069,46,,,0,98,,89070,46,,,0,95,,89071,46,,,0,101,,89078,46,,,0,98,,89073,46,,,0,102,,100767,46,,,0,103,,100768,46,,,0,127,,100769,46,,,0,164,,89081,46,,,0,130,,100770,46,,,0,170,,89083,46,,,0,118,,100771,46,,,0
2401,'5460',824,,89085,46,,,0,130,,89086,46,,,0,174,,100772,46,,,0,127,,100773,46,,,0,173,,100774,46,,,0,131,,100775,46,,,0,169,,100776,46,,,0,128,,100777,46,,,0,169,,100778,46,,,0,125,,100779,46,,,0,168,,100780,46,,,0
2401,'5461',824,,100781,46,,,0,130,,100782,46,,,0,174,,100783,46,,,0,127,,100784,46,,,0,173,,100785,46,,,0,131,,100786,46,,,0,169,,100787,46,,,0,128,,100788,46,,,0,169,,89104,46,,,0,125,,89105,46,,,0,168,,100789,46,,,0
2401,'5462',824,,100790,46,,,0,130,,100791,46,,,0,174,,100792,46,,,0,127,,100793,46,,,0,173,,100794,46,,,0,131,,100795,46,,,0,169,,100796,46,,,0,128,,100797,46,,,0,169,,89115,46,,,0,125,,89116,46,,,0,168,,100798,46,,,0
2401,'5463',824,,100799,46,,,0,130,,100800,46,,,0,174,,100801,46,,,0,127,,100802,46,,,0,173,,100803,46,,,0,131,,100804,46,,,0,169,,100805,46,,,0,128,,100806,46,,,0,169,,89126,46,,,0,125,,89127,46,,,0,168,,100807,46,,,0
4000,'5456',641,,102555,15,,,0,82,,92842,15,,,0,27,,92840,15,,,0,65,,102554,15,,,0,107,,102549,15,,,0,103,,102550,15,,,0,99,,102547,15,,,0,101,,102552,15,,,0,98,,92828,15,,,0,99,,102551,15,,,0,102,,92827,15,,,0,82,,102545,15,,,0,31,,102548,15,,,0,67,,102544,15,,,0,35,,102546,15,,,0,95,,102553,15,,,0,101,,92829,15,,,0,170,,92831,15,,,0,343,,102543,15,,,0
4000,'5458',641,,102568,15,,,0,82,,92861,15,,,0,27,,92859,15,,,0,65,,102567,15,,,0,107,,102562,15,,,0,103,,102563,15,,,0,99,,102560,15,,,0,101,,102565,15,,,0,98,,92847,15,,,0,99,,102564,15,,,0,102,,92846,15,,,0,82,,102558,15,,,0,31,,102561,15,,,0,67,,102557,15,,,0,35,,102559,15,,,0,95,,102566,15,,,0,101,,92848,15,,,0,170,,92850,15,,,0,343,,102556,15,,,0
4000,'5459',719,,92871,15,,,0,131,,92872,15,,,0,100,,92862,15,,,0,100,,92865,15,,,0,100,,92867,15,,,0,101,,92873,15,,,0,100,,102569,15,,,0,100,,102570,15,,,0,100,,102572,15,,,0,100,,92874,15,,,0,100,,102571,15,,,0,98,,92870,15,,,0,100,,92869,15,,,0,95,,102573,15,,,0
4000,'5460',815,,92877,15,,,0,135,,92876,15,,,0,100,,92878,15,,,0,100,,92879,15,,,0,101,,92880,15,,,0,100,,92881,15,,,0,100,,102576,15,,,0,100,,102575,15,,,0,100,,102574,15,,,0,100,,102577,15,,,0,98,,92886,15,,,0,100,,92887,15,,,0
4000,'5461',815,,102578,15,,,0,135,,92888,15,,,0,100,,102579,15,,,0,100,,92891,15,,,0,101,,92892,15,,,0,100,,92893,15,,,0,100,,102582,15,,,0,100,,102581,15,,,0,100,,102580,15,,,0,100,,102583,15,,,0,98,,92898,15,,,0,100,,92899,15,,,0
4000,'5462',815,,102584,15,,,0,135,,92900,15,,,0,100,,102585,15,,,0,100,,92903,15,,,0,101,,92904,15,,,0,100,,92905,15,,,0,100,,102588,15,,,0,100,,102587,15,,,0,100,,102586,15,,,0,100,,102589,15,,,0,98,,92910,15,,,0,100,,92911,15,,,0
4000,'5463',815,,102590,15,,,0,135,,92912,15,,,0,100,,102591,15,,,0,100,,92915,15,,,0,101,,92916,15,,,0,100,,92917,15,,,0,100,,102594,15,,,0,100,,102593,15,,,0,100,,102592,15,,,0,100,,102595,15,,,0,98,,92922,15,,,0,100,,92923,15,,,0
