7100,'5456',1606,,103601,30,,,0,104,,95558,30,,,0,103,,103600,30,,,0
7100,'5458',1606,,103603,30,,,0,104,,95561,30,,,0,103,,103602,30,,,0
7200,'5456',649,,103614,49,,,0,79,,103620,49,,,0,29,,103610,49,,,0,70,,103611,49,,,0,30,,103618,49,,,0,71,,103612,49,,,0,29,,103613,49,,,0,70,,103622,49,,,0,31,,103615,49,,,0,69,,103616,49,,,0,32,,103617,49,,,0,68,,103626,49,,,0,30,,103630,49,,,0,69,,103619,49,,,0,30,,103632,49,,,0,70,,103637,49,,,0,30,,103621,49,,,0,70,,103624,49,,,0,30,,103627,49,,,0,70,,103640,49,,,0,29,,103623,49,,,0,71,,103633,49,,,0,30,,103635,49,,,0,73,,103625,49,,,0,28,,103628,49,,,0,71,,103638,49,,,0,29,,103641,49,,,0,70,,103629,49,,,0,32,,103636,49,,,0,70,,103631,49,,,0,100,,103639,49,,,0,99,,103634,49,,,0,116,,95600,49,0,10 11 12,0
7200,'5458',649,,103646,49,,,0,79,,103652,49,,,0,29,,103642,49,,,0,70,,103643,49,,,0,30,,103650,49,,,0,71,,103644,49,,,0,29,,103645,49,,,0,70,,103654,49,,,0,31,,103647,49,,,0,69,,103648,49,,,0,32,,103649,49,,,0,68,,103658,49,,,0,30,,103662,49,,,0,69,,103651,49,,,0,30,,103664,49,,,0,70,,103669,49,,,0,30,,103653,49,,,0,70,,103656,49,,,0,30,,103659,49,,,0,70,,103672,49,,,0,29,,103655,49,,,0,71,,103665,49,,,0,30,,103667,49,,,0,73,,103657,49,,,0,28,,103660,49,,,0,71,,103670,49,,,0,29,,103673,49,,,0,70,,103661,49,,,0,32,,103668,49,,,0,70,,103663,49,,,0,100,,103671,49,,,0,99,,103666,49,,,0,116,,95633,49,0,10 11 12,0
7200,'5459',800,,103674,49,,,0,30,,103675,49,,,0,29,,103676,49,,,0,70,,95637,49,,,0,30,,103677,49,,,0,70,,103678,49,,,0,30,,103679,49,,,0,69,,103680,49,,,0,30,,103681,49,,,0,70,,103682,49,,,0,30,,103683,49,,,0,70,,103684,49,,,0,29,,103685,49,,,0,70,,103686,49,,,0,30,,103687,49,,,0,70,,103688,49,,,0,30,,103689,49,,,0,70,,103690,49,,,0,30,,103691,49,,,0,70,,103692,49,,,0,30,,103693,49,,,0,70,,95655,49,,,0,30,,95656,49,,,0,70,,103694,49,,,0,31,,103695,49,,,0,70,,103696,49,,,0,30,,103697,49,,,0,70,,95661,49,,,0,100,,103698,49,,,0,100,,103699,49,,,0,118,,95664,49,0,10 11 12,0
7200,'5460',829,,103700,49,,,0,100,,103703,49,,,0,100,,103701,49,,,0,99,,103702,49,,,0,30,,103704,49,,,0,70,,103705,49,,,0,30,,103706,49,,,0,69,,103707,49,,,0,30,,103708,49,,,0,70,,103709,49,,,0,30,,103710,49,,,0,70,,103711,49,,,0,30,,103712,49,,,0,70,,103713,49,,,0,30,,103714,49,,,0,70,,103715,49,,,0,30,,103716,49,,,0,70,,95682,49,,,0,31,,103717,49,,,0,70,,103718,49,,,0,30,,103719,49,,,0,71,,95686,49,,,0,99,,95687,49,,,0,100,,103720,49,,,0,102,,95689,49,,,0,75,,103721,49,0,10 11 12,0
7200,'5461',829,,103722,49,,,0,100,,103725,49,,,0,100,,103723,49,,,0,99,,103724,49,,,0,30,,103726,49,,,0,70,,103727,49,,,0,30,,103728,49,,,0,69,,103729,49,,,0,30,,103730,49,,,0,70,,103731,49,,,0,30,,103732,49,,,0,70,,103733,49,,,0,30,,103734,49,,,0,70,,103735,49,,,0,30,,103736,49,,,0,70,,103737,49,,,0,30,,103738,49,,,0,70,,103739,49,,,0,31,,103740,49,,,0,70,,103741,49,,,0,30,,103742,49,,,0,71,,103743,49,,,0,99,,103744,49,,,0,100,,103745,49,,,0,102,,103746,49,,,0,75,,95716,49,0,10 11 12,0
7200,'5462',829,,103747,49,,,0,100,,103750,49,,,0,100,,103748,49,,,0,99,,103749,49,,,0,30,,103751,49,,,0,70,,103752,49,,,0,30,,103753,49,,,0,69,,103754,49,,,0,30,,103755,49,,,0,70,,103756,49,,,0,30,,103757,49,,,0,70,,103758,49,,,0,30,,103759,49,,,0,70,,103760,49,,,0,30,,103761,49,,,0,70,,103762,49,,,0,30,,103763,49,,,0,70,,103764,49,,,0,31,,103765,49,,,0,70,,103766,49,,,0,30,,103767,49,,,0,71,,103768,49,,,0,99,,103769,49,,,0,100,,103770,49,,,0,102,,103771,49,,,0,75,,95742,49,0,10 11 12,0
7200,'5463',829,,103772,49,,,0,100,,103775,49,,,0,100,,103773,49,,,0,99,,103774,49,,,0,30,,103776,49,,,0,70,,103777,49,,,0,30,,103778,49,,,0,69,,103779,49,,,0,30,,103780,49,,,0,70,,103781,49,,,0,30,,103782,49,,,0,70,,103783,49,,,0,30,,103784,49,,,0,70,,103785,49,,,0,30,,103786,49,,,0,70,,103787,49,,,0,30,,103788,49,,,0,70,,95760,49,,,0,31,,103789,49,,,0,70,,103790,49,,,0,30,,103791,49,,,0,71,,103792,49,,,0,99,,95765,49,,,0,100,,103793,49,,,0,102,,103794,49,,,0,75,,95768,49,0,10 11 12,0
8100,'5456',618,,104198,25,,,0,190,,96345,25,,,0,123,,104199,25,,,0,97,,104200,25,,,0,100,,104201,25,,,0,100,,104203,25,,,0,100,,104202,25,,,0,100,,96351,25,,,0,100,,96352,25,,,0,100,,96354,25,,,0,100,,96355,25,,,0,87,,104205,25,,,0,115,,104206,25,,,0,99,,104207,25,,,0
8100,'5458',618,,104208,25,,,0,190,,96361,25,,,0,123,,104209,25,,,0,97,,104210,25,,,0,100,,104211,25,,,0,100,,104213,25,,,0,100,,104212,25,,,0,100,,96367,25,,,0,100,,96368,25,,,0,100,,96370,25,,,0,100,,96371,25,,,0,87,,104215,25,,,0,115,,104216,25,,,0,99,,104217,25,,,0
8100,'5459',829,,104218,25,,,0,100,,96377,25,,,0,100,,96378,25,,,0,100,,104219,25,,,0,100,,104220,25,,,0,100,,104221,25,,,0,100,,96382,25,,,0,100,,104222,25,,,0,100,,104223,25,,,0,100,,96385,25,,,0,100,,96386,25,,,0,101,,104224,25,,,0,100,,104225,25,,,0
8100,'5460',829,,104226,25,,,0,100,,96390,25,,,0,100,,104227,25,,,0,100,,96393,25,,,0,100,,96394,25,,,0,100,,104228,25,,,0,100,,104229,25,,,0,100,,104230,25,,,0,100,,104231,25,,,0,100,,104232,25,,,0,100,,96400,25,,,0,100,,104233,25,,,0,102,,104234,25,,,0
8100,'5461',829,,96405,25,,,0,100,,96404,25,,,0,100,,96406,25,,,0,100,,96407,25,,,0,100,,96408,25,,,0,100,,104236,25,,,0,100,,104237,25,,,0,100,,104238,25,,,0,100,,104239,25,,,0,100,,104240,25,,,0,100,,104241,25,,,0,100,,104242,25,,,0,102,,96416,25,,,0
8100,'5462',829,,96419,25,,,0,100,,96418,25,,,0,100,,96420,25,,,0,100,,96421,25,,,0,100,,96422,25,,,0,100,,104244,25,,,0,100,,104245,25,,,0,100,,104246,25,,,0,100,,104247,25,,,0,100,,104248,25,,,0,100,,104249,25,,,0,100,,104250,25,,,0,102,,96430,25,,,0
8100,'5463',829,,96433,25,,,0,100,,96432,25,,,0,100,,96434,25,,,0,100,,96435,25,,,0,100,,96436,25,,,0,100,,104252,25,,,0,100,,104253,25,,,0,100,,104254,25,,,0,100,,104255,25,,,0,100,,104256,25,,,0,100,,104257,25,,,0,100,,104258,25,,,0,102,,96444,25,,,0
1007200,'5456',620,,105685,52,,,0
1007200,'5458',620,,105686,52,,,0
1007200,'5459',629,,105687,52,,,0,100,,105688,52,,,0
1007200,'5460',729,,98261,52,,,0
1007200,'5461',729,,105689,52,,,0
1007200,'5462',729,,105690,52,,,0
1007200,'5463',729,,105691,52,,,0
