300,'5456',615,,82369,21,,,0,33,,82371,23,,,0,75,,82370,21,,,0,80,,82379,23,,,0,37,,82372,21,,,0,76,,82373,23,,,0,99,,82374,23,,,0,98,,82376,23,,,0,105,,82380,23,,,0,100,,82385,23,,,0,104,,82395,23,,,0,109,,82383,23,,,0,74,,82394,23,,,0,33,,82386,23,,,0,75,,82387,21,,,0,34,,82393,23,,,0,68,,82388,21,,,0,30,,82389,23,,,0,70,,82396,21,,,0,25,,82390,23,,,0,66,,82391,21,,,0,30,,82397,23,,,0,86,,82392,21,0,5,0
300,'5458',615,,82398,21,,,0,33,,82400,23,,,0,75,,82399,21,,,0,80,,82408,23,,,0,37,,82401,21,,,0,76,,82402,23,,,0,99,,82403,23,,,0,98,,82405,23,,,0,105,,82409,23,,,0,100,,82414,23,,,0,104,,82424,23,,,0,109,,82412,23,,,0,74,,82423,23,,,0,33,,82415,23,,,0,75,,82416,21,,,0,34,,82422,23,,,0,68,,82417,21,,,0,30,,82418,23,,,0,70,,82425,21,,,0,25,,82419,23,,,0,66,,82420,21,,,0,30,,82426,23,,,0,86,,82421,21,0,5,0
300,'5459',653,,82450,21,,,0,70,,82433,23,,,0,28,,82427,21,,,0,70,,82442,23,,,0,30,,82435,21,,,0,69,,82452,23,,,0,30,,82441,21,,,0,70,,82428,23,,,0,98,,82440,23,,,0,99,,82453,23,,,0,101,,82430,23,,,0,103,,82429,23,,,0,109,,82434,23,,,0,70,,82438,21,,,0,39,,82432,23,,,0,64,,82439,21,,,0,37,,82445,23,,,0,68,,82446,21,,,0,32,,82444,23,,,0,65,,82447,21,,,0,31,,82448,23,,,0,70,,82454,21,,,0,31,,82451,23,,,0,85,,82455,21,0,5,0
300,'5460',707,,82470,21,,,0,45,,82458,23,,,0,79,,82471,21,,,0,84,,82465,23,,,0,35,,82469,21,,,0,80,,82456,23,,,0,19,,82466,21,,,0,71,,82461,23,,,0,29,,82457,21,,,0,69,,82462,23,,,0,30,,82460,21,,,0,69,,82459,23,,,0,31,,82463,21,,,0,77,,82464,23,,,0,27,,82467,21,,,0,81,,82468,23,,,0,26,,82475,21,,,0,73,,82472,23,,,0,68,,82473,21,,,0,30,,82474,23,,,0,71,,82477,21,,,0,30,,82476,23,,,0,70,,82478,21,,,0,35,,82479,23,,,0,84,,82480,21,0,5,0
300,'5461',707,,82495,21,,,0,45,,82483,23,,,0,79,,82496,21,,,0,84,,82490,23,,,0,35,,82494,21,,,0,80,,82481,23,,,0,19,,82491,21,,,0,71,,82486,23,,,0,29,,82482,21,,,0,69,,82487,23,,,0,30,,82485,21,,,0,69,,82484,23,,,0,31,,82488,21,,,0,77,,82489,23,,,0,27,,82492,21,,,0,81,,82493,23,,,0,26,,82500,21,,,0,73,,82497,23,,,0,68,,82498,21,,,0,30,,82499,23,,,0,71,,82502,21,,,0,30,,82501,23,,,0,70,,82503,21,,,0,35,,82504,23,,,0,84,,82505,21,0,5,0
300,'5462',707,,82520,21,,,0,45,,82508,23,,,0,79,,82521,21,,,0,84,,82515,23,,,0,35,,82519,21,,,0,80,,82506,23,,,0,19,,82516,21,,,0,71,,82511,23,,,0,29,,82507,21,,,0,69,,82512,23,,,0,30,,82510,21,,,0,69,,82509,23,,,0,31,,82513,21,,,0,77,,82514,23,,,0,27,,82517,21,,,0,81,,82518,23,,,0,26,,82525,21,,,0,73,,82522,23,,,0,68,,82523,21,,,0,30,,82524,23,,,0,71,,82527,21,,,0,30,,82526,23,,,0,70,,82528,21,,,0,35,,82529,23,,,0,84,,82530,21,0,5,0
300,'5463',707,,82545,21,,,0,45,,82533,23,,,0,79,,82546,21,,,0,84,,82540,23,,,0,35,,82544,21,,,0,80,,82531,23,,,0,19,,82541,21,,,0,71,,82536,23,,,0,29,,82532,21,,,0,69,,82537,23,,,0,30,,82535,21,,,0,69,,82534,23,,,0,31,,82538,21,,,0,77,,82539,23,,,0,27,,82542,21,,,0,81,,82543,23,,,0,26,,82550,21,,,0,73,,82547,23,,,0,68,,82548,21,,,0,30,,82549,23,,,0,71,,82552,21,,,0,30,,82551,23,,,0,70,,82553,21,,,0,35,,82554,23,,,0,84,,82555,21,0,5,0
14000700,'5456',2159,,98428,30,0,5,0,69,,98424,30,0,5,0,72,,98429,30,0,5,0,29,,98425,30,0,5,0,71,,98427,30,0,5,0,29,,98426,30,0,5,0
14000700,'5458',2159,,98434,30,0,5,0,69,,98430,30,0,5,0,72,,98435,30,0,5,0,29,,98431,30,0,5,0,71,,98433,30,0,5,0,29,,98432,30,0,5,0
14000700,'5459',2158,,98436,30,0,5,0,74,,98437,30,0,5,0,69,,98438,30,0,5,0,29,,98439,30,0,5,0,70,,98440,30,0,5,0,31,,98441,30,0,5,0
14000700,'5460',2100,,98442,30,0,5,0,31,,98443,30,0,5,0,70,,98444,30,0,5,0,100,,98445,30,0,5,0,58,,98446,30,0,5,0
14000700,'5461',2100,,98447,30,0,5,0,31,,98448,30,0,5,0,70,,98449,30,0,5,0,100,,98450,30,0,5,0,58,,98451,30,0,5,0
14000700,'5462',2100,,98452,30,0,5,0,31,,98453,30,0,5,0,70,,98454,30,0,5,0,100,,98455,30,0,5,0,58,,98456,30,0,5,0
14000700,'5463',2100,,98457,30,0,5,0,31,,98458,30,0,5,0,70,,98459,30,0,5,0,100,,98460,30,0,5,0,58,,98461,30,0,5,0
