7101,'5456',608,,95562,18,,,0,30,,95563,18,,,0,86,,95564,18,,,0
7101,'5458',608,,95565,18,,,0,30,,95566,18,,,0,86,,95567,18,,,0
8301,'5456',652,,96579,3,,,0,95,,96577,3,,,0,210,,96578,3,,,0,181,,96581,3,,,0,195,,96580,3,,,0,210,,96582,3,,,0,214,,96583,3,,,0,200,,96584,3,,,0
8301,'5458',652,,96587,3,,,0,95,,96585,3,,,0,210,,96586,3,,,0,181,,96589,3,,,0,195,,96588,3,,,0,210,,96590,3,,,0,214,,96591,3,,,0,200,,96592,3,,,0
8301,'5459',933,,96596,3,,,0,300,,96594,3,,,0,305,,96595,3,,,0,300,,96593,3,,,0
8301,'5460',932,,96599,3,,,0,300,,96600,3,,,0,305,,96598,3,,,0,300,,96597,3,,,0
8301,'5461',932,,96603,3,,,0,300,,96604,3,,,0,305,,96602,3,,,0,300,,96601,3,,,0
8301,'5462',932,,96607,3,,,0,300,,96608,3,,,0,305,,96606,3,,,0,300,,96605,3,,,0
8301,'5463',932,,96611,3,,,0,300,,96612,3,,,0,305,,96610,3,,,0,300,,96609,3,,,0
8500,'5456',633,,96613,3,,,0,97,,96614,3,,,0,200,,96615,3,,,0,200,,96616,3,,,0,200,,96617,3,,,0,200,,96618,3,,,0,200,,96619,3,,,0,200,,96620,3,,,0
8500,'5458',633,,96621,3,,,0,97,,96622,3,,,0,200,,96623,3,,,0,200,,96624,3,,,0,200,,96625,3,,,0,200,,96626,3,,,0,200,,96627,3,,,0,200,,96628,3,,,0
8500,'5459',838,,96630,3,,,0,300,,96631,3,,,0,305,,96632,3,,,0,300,,96629,3,,,0
8500,'5460',838,,96635,3,,,0,300,,96636,3,,,0,305,,96633,3,,,0,300,,96634,3,,,0
8500,'5461',838,,96639,3,,,0,300,,96640,3,,,0,305,,96637,3,,,0,300,,96638,3,,,0
8500,'5462',838,,96643,3,,,0,300,,96644,3,,,0,305,,96641,3,,,0,300,,96642,3,,,0
8500,'5463',838,,96647,3,,,0,300,,96648,3,,,0,305,,96645,3,,,0,300,,96646,3,,,0
8701,'5456',622,,96663,3,,,0,197,,96664,3,,,0,201,,96665,3,,,0,199,,96666,3,,,0,199,,96667,3,,,0,203,,96668,3,,,0
8701,'5458',622,,96669,3,,,0,197,,96670,3,,,0,201,,96671,3,,,0,199,,96672,3,,,0,199,,96673,3,,,0,203,,96674,3,,,0
8801,'5456',712,,96757,3,,,0,200,,96758,3,,,0,200,,96759,3,,,0,199,,96760,3,,,0,200,,96761,3,,,0,206,,96762,3,,,0,103,,96763,3,,,0
8801,'5458',712,,96764,3,,,0,200,,96765,3,,,0,200,,96766,3,,,0,199,,96767,3,,,0,200,,96768,3,,,0,206,,96769,3,,,0,103,,96770,3,,,0
8801,'5459',747,,96781,3,,,0,99,,96782,3,,,0,99,,96783,3,,,0,100,,96784,3,,,0,98,,96775,3,,,0,100,,96776,3,,,0,100,,96778,3,,,0,100,,96779,3,,,0,102,,96777,3,,,0,100,,96780,3,,,0,98,,96772,3,,,0,100,,96773,3,,,0,102,,96774,3,,,0,100,,96771,3,,,0
8801,'5460',748,,96793,3,,,0,94,,96794,3,,,0,100,,96795,3,,,0,100,,96796,3,,,0,100,,96797,3,,,0,100,,96798,3,,,0,99,,96788,3,,,0,100,,96789,3,,,0,101,,96790,3,,,0,101,,96791,3,,,0,102,,96792,3,,,0,99,,96786,3,,,0,100,,96787,3,,,0,98,,96785,3,,,0
8801,'5461',748,,96807,3,,,0,94,,96808,3,,,0,100,,96809,3,,,0,100,,96810,3,,,0,100,,96811,3,,,0,100,,96812,3,,,0,99,,96802,3,,,0,100,,96803,3,,,0,101,,96804,3,,,0,101,,96805,3,,,0,102,,96806,3,,,0,99,,96800,3,,,0,100,,96801,3,,,0,98,,96799,3,,,0
8801,'5462',748,,96821,3,,,0,94,,96822,3,,,0,100,,96823,3,,,0,100,,96824,3,,,0,100,,96825,3,,,0,100,,96826,3,,,0,99,,96816,3,,,0,100,,96817,3,,,0,101,,96818,3,,,0,101,,96819,3,,,0,102,,96820,3,,,0,99,,96814,3,,,0,100,,96815,3,,,0,98,,96813,3,,,0
8801,'5463',748,,96835,3,,,0,94,,96836,3,,,0,100,,96837,3,,,0,100,,96838,3,,,0,100,,96839,3,,,0,100,,96840,3,,,0,99,,96830,3,,,0,100,,96831,3,,,0,101,,96832,3,,,0,101,,96833,3,,,0,102,,96834,3,,,0,99,,96828,3,,,0,100,,96829,3,,,0,98,,96827,3,,,0
1008801,'5456',644,,98316,3,,,0,106,,98320,3,,,0,96,,98319,3,,,0,100,,98317,3,,,0,100,,98318,3,,,0,99,,98321,3,,,0,100,,98322,3,,,0,100,,98323,3,,,0,100,,98324,3,,,0,100,,98325,3,,,0,100,,98326,3,,,0,108,,98327,3,,,0,99,,98328,3,,,0,71,,98329,3,,,0,101,,98330,3,,,0
1008801,'5458',644,,98331,3,,,0,106,,98335,3,,,0,96,,98334,3,,,0,100,,98332,3,,,0,100,,98333,3,,,0,99,,98336,3,,,0,100,,98337,3,,,0,100,,98338,3,,,0,100,,98339,3,,,0,100,,98340,3,,,0,100,,98341,3,,,0,108,,98342,3,,,0,99,,98343,3,,,0,71,,98344,3,,,0,101,,98345,3,,,0
