4800,'5456',630,,93099,28,,,0,25,,93100,28,,,0,66,,93101,28,,,0
4800,'5458',630,,93102,28,,,0,25,,93103,28,,,0,66,,93104,28,,,0
5200,'5456',517,,93221,40,,,0,31,,93225,40,,,0,71,,93223,40,,,0,21,,93234,40,,,0,60,,93222,40,,,0,23,,93251,40,,,0,29,,93224,40,,,0,67,,93252,40,,,0,8,,93226,40,,,0,18,,93253,40,,,0,9,,93233,40,,,0,70,,93227,40,,,0,30,,93247,40,,,0,66,,93228,40,,,0,30,,93229,40,,,0,75,,93230,40,,,0,31,,93248,40,,,0,71,,93231,40,,,0,30,,93232,40,,,0,76,,93235,40,,,0,74,,93249,40,,,0,35,,93236,40,,,0,71,,93237,40,,,0,22,,93259,5,,,0,12,,93254,40,,,0,71,,93238,40,,,0,30,,93250,40,,,0,67,,93239,40,,,0,30,,93240,40,,,0,71,,93255,40,,,0,30,,93241,40,,,0,73,,93242,40,,,0,29,,93243,40,,,0,69,,93256,40,,,0,26,,93244,40,,,0,72,,93245,40,,,0,96,,93258,40,,,0,98,,93246,40,,,0,103,,93257,40,,,0
5200,'5458',517,,93260,40,,,0,31,,93264,40,,,0,71,,93262,40,,,0,21,,93273,40,,,0,60,,93261,40,,,0,23,,93290,40,,,0,29,,93263,40,,,0,67,,93291,40,,,0,8,,93265,40,,,0,18,,93292,40,,,0,9,,93272,40,,,0,70,,93266,40,,,0,30,,93286,40,,,0,66,,93267,40,,,0,30,,93268,40,,,0,75,,93269,40,,,0,31,,93287,40,,,0,71,,93270,40,,,0,30,,93271,40,,,0,76,,93274,40,,,0,74,,93288,40,,,0,31,,93298,5,,,0,4,,93275,40,,,0,71,,93276,40,,,0,34,,93293,40,,,0,71,,93277,40,,,0,30,,93289,40,,,0,67,,93278,40,,,0,30,,93279,40,,,0,71,,93294,40,,,0,30,,93280,40,,,0,73,,93281,40,,,0,29,,93282,40,,,0,69,,93295,40,,,0,26,,93283,40,,,0,72,,93284,40,,,0,96,,93297,40,,,0,98,,93285,40,,,0,103,,93296,40,,,0
5200,'5459',650,,93316,40,,,0,70,,93315,40,,,0,81,,93310,40,,,0,35,,93318,40,,,0,72,,93313,40,,,0,33,,93299,40,,,0,70,,93306,40,,,0,30,,93325,40,,,0,72,,93304,40,,,0,35,,93301,40,,,0,73,,93307,40,,,0,32,,93327,40,,,0,75,,93302,40,,,0,73,,93300,40,,,0,36,,93309,40,,,0,66,,93326,40,,,0,34,,93305,40,,,0,72,,93312,40,,,0,35,,93308,40,,,0,68,,93323,40,,,0,30,,93303,40,,,0,69,,93314,40,,,0,22,,93320,40,,,0,24,,93311,40,,,0,64,,93319,40,,,0,24,,93322,40,,,0,68,,93321,40,,,0,28,,93317,40,,,0,70,,93324,40,,,0,100,,93328,40,,,0,93,,93329,40,,,0,108,,93330,40,,,0
5200,'5460',720,,93352,40,,,0,32,,93334,40,,,0,81,,93337,40,,,0,72,,93351,40,,,0,32,,93345,40,,,0,72,,93333,40,,,0,31,,93336,40,,,0,72,,93347,40,,,0,31,,93341,40,,,0,72,,93332,40,,,0,33,,93335,40,,,0,70,,93350,40,,,0,31,,93343,40,,,0,78,,93331,40,,,0,30,,93339,40,,,0,74,,93349,40,,,0,74,,93342,40,,,0,33,,93358,40,,,0,68,,93338,40,,,0,30,,93348,40,,,0,68,,93344,40,,,0,30,,93346,40,,,0,68,,93340,40,,,0,29,,93354,40,,,0,79,,93353,40,,,0,99,,93355,40,,,0,98,,93357,40,,,0,106,,93356,40,,,0
5200,'5461',720,,93380,40,,,0,32,,93362,40,,,0,81,,93365,40,,,0,72,,93379,40,,,0,32,,93373,40,,,0,72,,93361,40,,,0,31,,93364,40,,,0,72,,93375,40,,,0,31,,93369,40,,,0,72,,93360,40,,,0,33,,93363,40,,,0,70,,93378,40,,,0,31,,93371,40,,,0,78,,93359,40,,,0,30,,93367,40,,,0,74,,93377,40,,,0,74,,93370,40,,,0,33,,93386,40,,,0,68,,93366,40,,,0,30,,93376,40,,,0,68,,93372,40,,,0,30,,93374,40,,,0,68,,93368,40,,,0,29,,93382,40,,,0,79,,93381,40,,,0,99,,93383,40,,,0,98,,93385,40,,,0,106,,93384,40,,,0
5200,'5462',720,,93408,40,,,0,32,,93390,40,,,0,81,,93393,40,,,0,72,,93407,40,,,0,32,,93401,40,,,0,72,,93389,40,,,0,31,,93392,40,,,0,72,,93403,40,,,0,31,,93397,40,,,0,72,,93388,40,,,0,33,,93391,40,,,0,70,,93406,40,,,0,31,,93399,40,,,0,78,,93387,40,,,0,30,,93395,40,,,0,74,,93405,40,,,0,74,,93398,40,,,0,33,,93414,40,,,0,68,,93394,40,,,0,30,,93404,40,,,0,68,,93400,40,,,0,30,,93402,40,,,0,68,,93396,40,,,0,29,,93410,40,,,0,79,,93409,40,,,0,99,,93411,40,,,0,98,,93413,40,,,0,106,,93412,40,,,0
5200,'5463',720,,93436,40,,,0,32,,93418,40,,,0,81,,93421,40,,,0,72,,93435,40,,,0,32,,93429,40,,,0,72,,93417,40,,,0,31,,93420,40,,,0,72,,93431,40,,,0,31,,93425,40,,,0,72,,93416,40,,,0,33,,93419,40,,,0,70,,93434,40,,,0,31,,93427,40,,,0,78,,93415,40,,,0,30,,93423,40,,,0,74,,93433,40,,,0,74,,93426,40,,,0,33,,93442,40,,,0,68,,93422,40,,,0,30,,93432,40,,,0,68,,93428,40,,,0,30,,93430,40,,,0,68,,93424,40,,,0,29,,93438,40,,,0,79,,93437,40,,,0,99,,93439,40,,,0,98,,93441,40,,,0,106,,93440,40,,,0
6000,'5456',642,,94679,4,,,0,73,,94672,4,,,0,31,,94675,4,,,0,106,,94680,4,,,0,101,,94682,4,,,0,101,,94681,4,,,0,97,,94673,4,,,0,103,,94674,4,,,0,102,,94676,4,,,0,149,,94677,4,,,0,30,,94686,5,,,0,73,,94684,4,,,0,41,,94687,4,,,0,82,,94678,4,,,0,82,,94688,4,,,0,41,,94685,4,,,0,103,,94689,4,,,0,144,,94690,4,,,0,114,,94683,4,,,0
6000,'5458',642,,94698,4,,,0,73,,94691,4,,,0,31,,94694,4,,,0,106,,94699,4,,,0,101,,94701,4,,,0,101,,94700,4,,,0,97,,94692,4,,,0,103,,94693,4,,,0,102,,94695,4,,,0,81,,94703,5,,,0,68,,94696,4,,,0,103,,94704,4,,,0,41,,94706,4,,,0,82,,94697,4,,,0,82,,94707,4,,,0,41,,94705,4,,,0,103,,94708,4,,,0,144,,94709,4,,,0,114,,94702,4,,,0
6000,'5459',715,,94722,4,,,0,100,,94723,4,,,0,101,,94721,4,,,0,101,,94720,4,,,0,106,,94719,4,,,0,105,,94718,4,,,0,105,,94717,4,,,0,106,,94716,4,,,0,106,,94714,4,,,0,102,,94715,4,,,0,103,,94710,4,,,0,104,,94711,4,,,0,105,,94712,4,,,0,160,,94713,4,,,0
6000,'5460',816,,94724,4,,,0,101,,94725,4,,,0,101,,94727,4,,,0,106,,94726,4,,,0,105,,94731,4,,,0,105,,94730,4,,,0,105,,94729,4,,,0,105,,94728,4,,,0,102,,94734,4,,,0,103,,94735,4,,,0,104,,94736,4,,,0,105,,94733,4,,,0,160,,94732,4,,,0
6000,'5461',816,,94737,4,,,0,101,,94738,4,,,0,101,,94740,4,,,0,106,,94739,4,,,0,105,,94744,4,,,0,105,,94743,4,,,0,105,,94742,4,,,0,105,,94741,4,,,0,102,,94747,4,,,0,103,,94748,4,,,0,104,,94749,4,,,0,105,,94746,4,,,0,160,,94745,4,,,0
6000,'5462',816,,94750,4,,,0,101,,94751,4,,,0,101,,94753,4,,,0,106,,94752,4,,,0,105,,94757,4,,,0,105,,94756,4,,,0,105,,94755,4,,,0,105,,94754,4,,,0,102,,94760,4,,,0,103,,94761,4,,,0,104,,94762,4,,,0,105,,94759,4,,,0,160,,94758,4,,,0
6000,'5463',816,,94763,4,,,0,101,,94764,4,,,0,101,,94766,4,,,0,106,,94765,4,,,0,105,,94770,4,,,0,105,,94769,4,,,0,105,,94768,4,,,0,105,,94767,4,,,0,102,,94773,4,,,0,103,,94774,4,,,0,104,,94775,4,,,0,105,,94772,4,,,0,160,,94771,4,,,0
6001,'5456',721,,94779,17,0,28 37 14,0,38,,94776,17,0,28 37 14,0,72,,94778,17,0,28 37 14,0,80,,94777,17,0,28 37 14,0,92,,94783,17,0,28 37 14,0,101,,94784,17,0,28 37 14,0,101,,94785,17,0,28 37 14,0,103,,94786,17,0,28 37 14,0,111,,94782,17,0,28 37 14,0,97,,94780,17,0,28 37 14,0,91,,94781,17,0,28 37 14,0,44,,94793,17,0,28 37 14,0,81,,94792,17,0,28 37 14,0,85,,94787,17,0,28 37 14,0,100,,94788,17,0,28 37 14,0,99,,94789,17,0,28 37 14,0,110,,94790,17,0,28 37 14,0,107,,94791,17,0,28 37 14,0
6001,'5458',721,,94797,17,0,28 37 14,0,38,,94794,17,0,28 37 14,0,72,,94796,17,0,28 37 14,0,80,,94795,17,0,28 37 14,0,92,,94801,17,0,28 37 14,0,101,,94802,17,0,28 37 14,0,101,,94803,17,0,28 37 14,0,103,,94804,17,0,28 37 14,0,111,,94800,17,0,28 37 14,0,97,,94798,17,0,28 37 14,0,91,,94799,17,0,28 37 14,0,44,,94811,17,0,28 37 14,0,81,,94810,17,0,28 37 14,0,85,,94805,17,0,28 37 14,0,100,,94806,17,0,28 37 14,0,99,,94807,17,0,28 37 14,0,110,,94808,17,0,28 37 14,0,107,,94809,17,0,28 37 14,0
6001,'5459',731,,94823,17,0,28 37 14,0,101,,94824,17,0,28 37 14,0,100,,94825,17,0,28 37 14,0,101,,94822,17,0,28 37 14,0,105,,94821,17,0,28 37 14,0,105,,94820,17,0,28 37 14,0,106,,94819,17,0,28 37 14,0,105,,94818,17,0,28 37 14,0,104,,94817,17,0,28 37 14,0,145,,94816,17,0,28 37 14,0,105,,94815,17,0,28 37 14,0,105,,94814,17,0,28 37 14,0,104,,94813,17,0,28 37 14,0,107,,94812,17,0,28 37 14,0
6001,'5460',831,,94827,17,0,28 37 14,0,101,,94828,17,0,28 37 14,0,101,,94829,17,0,28 37 14,0,105,,94826,17,0,28 37 14,0,105,,94832,17,0,28 37 14,0,105,,94833,17,0,28 37 14,0,106,,94831,17,0,28 37 14,0,105,,94830,17,0,28 37 14,0,145,,94835,17,0,28 37 14,0,104,,94836,17,0,28 37 14,0,105,,94834,17,0,28 37 14,0,104,,94838,17,0,28 37 14,0,106,,94837,17,0,28 37 14,0
6001,'5461',831,,94840,17,0,28 37 14,0,101,,94841,17,0,28 37 14,0,101,,94842,17,0,28 37 14,0,105,,94839,17,0,28 37 14,0,105,,94845,17,0,28 37 14,0,105,,94846,17,0,28 37 14,0,106,,94844,17,0,28 37 14,0,105,,94843,17,0,28 37 14,0,145,,94848,17,0,28 37 14,0,104,,94849,17,0,28 37 14,0,105,,94847,17,0,28 37 14,0,104,,94851,17,0,28 37 14,0,106,,94850,17,0,28 37 14,0
6001,'5462',831,,94853,17,0,28 37 14,0,101,,94854,17,0,28 37 14,0,101,,94855,17,0,28 37 14,0,105,,94852,17,0,28 37 14,0,105,,94858,17,0,28 37 14,0,105,,94859,17,0,28 37 14,0,106,,94857,17,0,28 37 14,0,105,,94856,17,0,28 37 14,0,145,,94861,17,0,28 37 14,0,104,,94862,17,0,28 37 14,0,105,,94860,17,0,28 37 14,0,104,,94864,17,0,28 37 14,0,106,,94863,17,0,28 37 14,0
6001,'5463',831,,94866,17,0,28 37 14,0,101,,94867,17,0,28 37 14,0,101,,94868,17,0,28 37 14,0,105,,94865,17,0,28 37 14,0,105,,94871,17,0,28 37 14,0,105,,94872,17,0,28 37 14,0,106,,94870,17,0,28 37 14,0,105,,94869,17,0,28 37 14,0,145,,94874,17,0,28 37 14,0,104,,94875,17,0,28 37 14,0,105,,94873,17,0,28 37 14,0,104,,94877,17,0,28 37 14,0,106,,94876,17,0,28 37 14,0
