5300,'5456',1324,,93670,12,0,25 40,0,187,,93672,12,0,25 40,0,107,,93669,12,0,25 40,0,129,,93667,12,0,25 40,0,166,,93673,12,0,25 40,0,130,,93674,12,0,25 40,0
5300,'5458',1324,,93681,12,0,25 40,0,187,,93683,12,0,25 40,0,107,,93680,12,0,25 40,0,129,,93678,12,0,25 40,0,166,,93684,12,0,25 40,0,130,,93685,12,0,25 40,0
5300,'5459',1329,,93692,12,0,25 40,0,210,,93689,12,0,25 40,0,209,,93687,12,0,25 40,0,206,,93688,12,0,25 40,0
5300,'5460',1328,,93697,12,0,25 40,0,210,,93695,12,0,25 40,0,210,,93699,12,0,25 40,0,205,,93698,12,0,25 40,0
5300,'5461',1328,,93704,12,0,25 40,0,210,,93702,12,0,25 40,0,210,,93706,12,0,25 40,0,205,,93705,12,0,25 40,0
5300,'5462',1328,,93711,12,0,25 40,0,210,,93709,12,0,25 40,0,210,,93713,12,0,25 40,0,205,,93712,12,0,25 40,0
5300,'5463',1328,,93718,12,0,25 40,0,210,,93716,12,0,25 40,0,210,,93720,12,0,25 40,0,205,,93719,12,0,25 40,0
5301,'5456',813,,93725,35,,,0,115,,93722,35,,,0,199,,93721,35,,,0
5301,'5458',813,,93735,35,,,0,115,,93732,35,,,0,199,,93731,35,,,0
5301,'5459',801,,93746,35,,,0,201,,93747,35,,,0,214,,93745,35,,,0
5301,'5460',801,,93751,35,,,0,200,,93748,35,,,0,213,,93749,35,,,0
5301,'5461',801,,93758,35,,,0,200,,93755,35,,,0,213,,93756,35,,,0
5301,'5462',801,,93765,35,,,0,200,,93762,35,,,0,213,,93763,35,,,0
5301,'5463',801,,93772,35,,,0,200,,93769,35,,,0,213,,93770,35,,,0
