5201,'5456',508,,102909,15,,,0,35,,102908,15,,,0,77,,102911,15,,,0,38,,102910,15,,,0,65,,102919,15,,,0,28,,102912,16,,,0,73,,102936,16,,,0,21,,102939,16,0,28 37 14,0,3,,102913,15,,,0,75,,102914,16,,,0,35,,102915,15,,,0,69,,102937,15,,,0,30,,102917,15,,,0,68,,102916,15,,,0,75,,102918,15,,,0,34,,102935,15,,,0,70,,102921,15,,,0,30,,102920,15,,,0,70,,102941,15,,,0,29,,102922,16,,,0,20,,93480,15,0,38 3 39 49,0,50,,102934,16,,,0,26,,102923,16,,,0,74,,102924,16,,,0,38,,102942,16,,,0,64,,102925,16,,,0,25,,102933,16,,,0,22,,102926,15,,,0,70,,102927,15,,,0,29,,102943,15,,,0,70,,102928,15,,,0,33,,102929,15,,,0,69,,102931,15,,,0,28,,102944,15,,,0,66,,102930,15,0,38 3 39 49,0,35,,102932,15,,,0,98,,102940,15,,,0,100,,102938,15,,,0
5201,'5458',508,,102947,15,,,0,35,,102946,15,,,0,77,,102949,15,,,0,38,,102948,15,,,0,65,,102957,15,,,0,28,,102950,16,,,0,73,,102974,16,,,0,21,,102977,16,0,28 37 14,0,3,,102951,15,,,0,75,,102952,16,,,0,35,,102953,15,,,0,69,,102975,15,,,0,30,,102955,15,,,0,68,,102954,15,,,0,75,,102956,15,,,0,34,,102973,15,,,0,70,,102959,15,,,0,30,,102958,15,,,0,70,,102979,15,,,0,29,,102960,16,,,0,20,,93521,15,0,38 3 39 49,0,50,,102972,16,,,0,26,,102961,16,,,0,74,,102962,16,,,0,38,,102980,16,,,0,64,,102963,16,,,0,25,,102971,16,,,0,22,,102964,15,,,0,70,,102965,15,,,0,29,,102981,15,,,0,70,,102966,15,,,0,33,,102967,15,,,0,69,,102969,15,,,0,28,,102982,15,,,0,66,,102968,15,0,38 3 39 49,0,35,,102970,15,,,0,98,,102978,15,,,0,100,,102976,15,,,0
5201,'5459',649,,102993,15,,,0,71,,103003,15,,,0,30,,103001,15,,,0,70,,102984,15,,,0,30,,102991,15,,,0,70,,103010,15,,,0,30,,102988,15,,,0,71,,102985,15,,,0,30,,102992,15,,,0,70,,103011,15,,,0,30,,102989,15,,,0,71,,102986,15,,,0,35,,102995,15,,,0,70,,103013,15,,,0,75,,102990,15,,,0,35,,103000,15,,,0,75,,102994,15,,,0,30,,103012,15,,,0,70,,102987,15,,,0,30,,102998,15,,,0,65,,103006,15,,,0,25,,102997,15,,,0,24,,103002,15,,,0,65,,102999,15,,,0,30,,102996,15,,,0,69,,103009,15,,,0,32,,103004,15,,,0,70,,103008,15,,,0,30,,103005,15,,,0,65,,103007,15,0,38 3 39 49,0,30,,103014,15,,,0,103,,103015,15,,,0,100,,103016,15,,,0
5201,'5460',720,,103022,15,,,0,30,,103038,15,,,0,70,,103030,15,,,0,30,,103018,15,,,0,70,,103025,15,,,0,30,,103032,15,,,0,71,,103027,15,,,0,30,,103019,15,,,0,70,,103024,15,,,0,30,,103033,15,,,0,70,,103029,15,,,0,35,,103017,15,,,0,70,,103023,15,,,0,75,,103036,15,,,0,35,,103028,15,,,0,75,,103043,15,,,0,30,,103021,15,,,0,70,,103035,15,,,0,30,,103026,15,,,0,70,,103031,15,,,0,30,,103020,15,,,0,70,,103034,15,,,0,39,,103037,15,,,0,100,,103039,15,,,0,100,,103040,15,,,0,100,,103041,15,,,0,100,,103042,15,,,0
5201,'5461',720,,103049,15,,,0,30,,103065,15,,,0,70,,103057,15,,,0,30,,103045,15,,,0,70,,103052,15,,,0,30,,103059,15,,,0,71,,103054,15,,,0,30,,103046,15,,,0,70,,103051,15,,,0,30,,103060,15,,,0,70,,103056,15,,,0,35,,103044,15,,,0,70,,103050,15,,,0,75,,103063,15,,,0,35,,103055,15,,,0,75,,103069,15,,,0,30,,103048,15,,,0,70,,103062,15,,,0,30,,103053,15,,,0,70,,103058,15,,,0,30,,103047,15,,,0,70,,103061,15,,,0,39,,103064,15,,,0,100,,103066,15,,,0,100,,103067,15,,,0,100,,103068,15,,,0,100,,93608,15,,,0
5201,'5462',720,,103075,15,,,0,30,,103091,15,,,0,70,,103083,15,,,0,30,,103071,15,,,0,70,,103078,15,,,0,30,,103085,15,,,0,71,,103080,15,,,0,30,,103072,15,,,0,70,,103077,15,,,0,30,,103086,15,,,0,70,,103082,15,,,0,35,,103070,15,,,0,70,,103076,15,,,0,75,,103089,15,,,0,35,,103081,15,,,0,75,,103095,15,,,0,30,,103074,15,,,0,70,,103088,15,,,0,30,,103079,15,,,0,70,,103084,15,,,0,30,,103073,15,,,0,70,,103087,15,,,0,39,,103090,15,,,0,100,,103092,15,,,0,100,,103093,15,,,0,100,,103094,15,,,0,100,,93635,15,,,0
5201,'5463',720,,103101,15,,,0,30,,103117,15,,,0,70,,103109,15,,,0,30,,103097,15,,,0,70,,103104,15,,,0,30,,103111,15,,,0,71,,103106,15,,,0,30,,103098,15,,,0,70,,103103,15,,,0,30,,103112,15,,,0,70,,103108,15,,,0,35,,103096,15,,,0,70,,103102,15,,,0,75,,103115,15,,,0,35,,103107,15,,,0,75,,103121,15,,,0,30,,103100,15,,,0,70,,103114,15,,,0,30,,103105,15,,,0,70,,103110,15,,,0,30,,103099,15,,,0,70,,103113,15,,,0,39,,103116,15,,,0,100,,103118,15,,,0,100,,103119,15,,,0,100,,103120,15,,,0,100,,93662,15,,,0
6001,'5456',728,,94779,29,0,28 37 14,0,79,,94776,29,0,28 37 14,0,33,,94778,29,0,28 37 14,0,79,,94777,29,0,28 37 14,0,92,,94783,29,0,28 37 14,0,101,,94784,29,0,28 37 14,0,101,,94785,29,0,28 37 14,0,103,,94786,29,0,28 37 14,0,111,,94782,29,0,28 37 14,0,98,,94780,29,0,28 37 14,0,90,,94781,29,0,28 37 14,0,44,,94793,29,0,28 37 14,0,81,,94792,29,0,28 37 14,0,85,,94787,29,0,28 37 14,0,99,,94788,29,0,28 37 14,0,99,,94789,29,0,28 37 14,0,110,,94790,29,0,28 37 14,0,106,,103322,29,0,28 37 14,0
6001,'5458',728,,94797,29,0,28 37 14,0,79,,94794,29,0,28 37 14,0,33,,94796,29,0,28 37 14,0,79,,94795,29,0,28 37 14,0,92,,94801,29,0,28 37 14,0,101,,94802,29,0,28 37 14,0,101,,94803,29,0,28 37 14,0,103,,94804,29,0,28 37 14,0,111,,94800,29,0,28 37 14,0,98,,94798,29,0,28 37 14,0,90,,94799,29,0,28 37 14,0,44,,94811,29,0,28 37 14,0,81,,94810,29,0,28 37 14,0,85,,94805,29,0,28 37 14,0,99,,94806,29,0,28 37 14,0,99,,94807,29,0,28 37 14,0,110,,94808,29,0,28 37 14,0,106,,103323,29,0,28 37 14,0
6001,'5459',737,,94823,29,0,28 37 14,0,101,,94824,29,0,28 37 14,0,101,,94825,29,0,28 37 14,0,101,,94822,29,0,28 37 14,0,105,,94821,29,0,28 37 14,0,105,,94820,29,0,28 37 14,0,106,,94819,29,0,28 37 14,0,145,,94818,29,0,28 37 14,0,104,,94817,29,0,28 37 14,0,105,,94816,29,0,28 37 14,0,105,,94815,29,0,28 37 14,0,105,,94814,29,0,28 37 14,0,103,,94813,29,0,28 37 14,0,107,,94812,29,0,28 37 14,0
6001,'5460',837,,94827,29,0,28 37 14,0,101,,94828,29,0,28 37 14,0,101,,94829,29,0,28 37 14,0,106,,94826,29,0,28 37 14,0,105,,94832,29,0,28 37 14,0,105,,103324,29,0,28 37 14,0,146,,94831,29,0,28 37 14,0,105,,94830,29,0,28 37 14,0,105,,94835,29,0,28 37 14,0,104,,94836,29,0,28 37 14,0,105,,94834,29,0,28 37 14,0,103,,94838,29,0,28 37 14,0,106,,94837,29,0,28 37 14,0
6001,'5461',837,,94840,29,0,28 37 14,0,101,,94841,29,0,28 37 14,0,101,,94842,29,0,28 37 14,0,106,,94839,29,0,28 37 14,0,105,,94845,29,0,28 37 14,0,105,,94846,29,0,28 37 14,0,146,,94844,29,0,28 37 14,0,105,,94843,29,0,28 37 14,0,105,,94848,29,0,28 37 14,0,104,,94849,29,0,28 37 14,0,105,,94847,29,0,28 37 14,0,103,,94851,29,0,28 37 14,0,106,,103325,29,0,28 37 14,0
6001,'5462',837,,94853,29,0,28 37 14,0,101,,94854,29,0,28 37 14,0,101,,94855,29,0,28 37 14,0,106,,94852,29,0,28 37 14,0,105,,94858,29,0,28 37 14,0,105,,94859,29,0,28 37 14,0,146,,94857,29,0,28 37 14,0,105,,94856,29,0,28 37 14,0,105,,94861,29,0,28 37 14,0,104,,94862,29,0,28 37 14,0,105,,94860,29,0,28 37 14,0,103,,94864,29,0,28 37 14,0,106,,103326,29,0,28 37 14,0
6001,'5463',837,,94866,29,0,28 37 14,0,101,,94867,29,0,28 37 14,0,101,,94868,29,0,28 37 14,0,106,,94865,29,0,28 37 14,0,105,,94871,29,0,28 37 14,0,105,,94872,29,0,28 37 14,0,146,,94870,29,0,28 37 14,0,105,,94869,29,0,28 37 14,0,105,,94874,29,0,28 37 14,0,104,,94875,29,0,28 37 14,0,105,,94873,29,0,28 37 14,0,103,,94877,29,0,28 37 14,0,106,,103327,29,0,28 37 14,0
