200,'5456',545,,81973,3,,,0,80,,81974,3,,,0,20,,81975,3,,,0,70,,81976,3,,,0,31,,81977,3,,,0,70,,81978,3,,,0,31,,81979,3,,,0,71,,81980,3,,,0,15,,81981,3,0,5,0,70,,81982,3,,,0,38,,81983,3,,,0,80,,81984,3,,,0,80,,81985,3,,,0,40,,81986,3,,,0,80,,81987,3,,,0,80,,81988,3,,,0,37,,81989,3,,,0,76,,82007,3,,,0,37,,82003,3,,,0,76,,82005,3,,,0,73,,82006,3,0,5,0,17,,81997,3,,,0,34,,81995,3,,,0,80,,82002,3,,,0,90,,81994,3,,,0,80,,82001,3,,,0,20,,81996,3,0,5,0,22,,81993,3,,,0,60,,82004,3,0,5,0,20,,82000,3,,,0,78,,81992,3,,,0,40,,81999,3,,,0,80,,81991,3,,,0,80,,81998,3,,,0,30,,81990,3,0,5,0
200,'5458',545,,82008,3,,,0,80,,82009,3,,,0,20,,82010,3,,,0,70,,82011,3,,,0,31,,82012,3,,,0,70,,82013,3,,,0,31,,82014,3,,,0,71,,82015,3,,,0,15,,82016,3,0,5,0,70,,82017,3,,,0,38,,82018,3,,,0,80,,82019,3,,,0,80,,82020,3,,,0,40,,82021,3,,,0,80,,82022,3,,,0,80,,82023,3,,,0,37,,82024,3,,,0,76,,82043,3,,,0,37,,82039,3,,,0,76,,82041,3,,,0,73,,82042,3,0,5,0,17,,82033,3,,,0,34,,82031,3,,,0,80,,82038,3,,,0,90,,82030,3,,,0,80,,82037,3,,,0,20,,82032,3,0,5,0,22,,82029,3,,,0,60,,82040,3,0,5,0,20,,82036,3,,,0,78,,82028,3,,,0,40,,82035,3,,,0,80,,82027,3,,,0,80,,82034,3,,,0,30,,82026,3,0,5,0,28,,82025,3,0,5,0
200,'5459',556,,82063,3,,,0,152,,82066,3,,,0,118,,82064,3,,,0,80,,82052,3,,,0,45,,82065,3,,,0,80,,82050,3,,,0,80,,82044,3,,,0,40,,82051,3,,,0,80,,82045,3,,,0,80,,82058,3,,,0,41,,82046,3,,,0,80,,82049,3,,,0,80,,82048,3,,,0,40,,82047,3,,,0,80,,82061,3,,,0,79,,82062,3,,,0,35,,82060,3,,,0,80,,82054,3,,,0,75,,82055,3,,,0,20,,82053,3,0,5,0,35,,82057,3,,,0,60,,82059,3,0,5,0,20,,82056,3,,,0,65,,82071,3,0,5,0,20,,82072,3,,,0,80,,82069,3,,,0,40,,82068,3,,,0,80,,82070,3,,,0,80,,82067,3,,,0,35,,82073,3,0,5,0
200,'5460',651,,82096,3,,,0,160,,82095,3,,,0,120,,82094,3,,,0,100,,82075,3,,,0,80,,82093,3,,,0,40,,82081,3,,,0,80,,82079,3,,,0,80,,82074,3,,,0,40,,82076,3,,,0,80,,82087,3,,,0,80,,82082,3,,,0,40,,82077,3,,,0,80,,82080,3,,,0,80,,82078,3,,,0,35,,82088,3,,,0,80,,82084,3,,,0,75,,82083,3,0,5,0,20,,82089,3,,,0,20,,82086,3,0,5,0,60,,82085,3,,,0,40,,82091,3,,,0,80,,82092,3,,,0,80,,82090,3,,,0,40,,82097,3,,,0,80,,82098,3,,,0
200,'5461',651,,82121,3,,,0,160,,82120,3,,,0,120,,82119,3,,,0,100,,82100,3,,,0,80,,82118,3,,,0,40,,82106,3,,,0,80,,82104,3,,,0,80,,82099,3,,,0,40,,82101,3,,,0,80,,82112,3,,,0,80,,82107,3,,,0,40,,82102,3,,,0,80,,82105,3,,,0,80,,82103,3,,,0,35,,82113,3,,,0,80,,82109,3,,,0,75,,82108,3,0,5,0,20,,82114,3,,,0,20,,82111,3,0,5,0,60,,82110,3,,,0,40,,82116,3,,,0,80,,82117,3,,,0,80,,82115,3,,,0,40,,82122,3,,,0,80,,82123,3,,,0
200,'5462',651,,82146,3,,,0,160,,82145,3,,,0,120,,82144,3,,,0,100,,82125,3,,,0,80,,82143,3,,,0,40,,82131,3,,,0,80,,82129,3,,,0,80,,82124,3,,,0,40,,82126,3,,,0,80,,82137,3,,,0,80,,82132,3,,,0,40,,82127,3,,,0,80,,82130,3,,,0,80,,82128,3,,,0,35,,82138,3,,,0,80,,82134,3,,,0,75,,82133,3,0,5,0,20,,82139,3,,,0,20,,82136,3,0,5,0,60,,82135,3,,,0,40,,82141,3,,,0,80,,82142,3,,,0,80,,82140,3,,,0,40,,82147,3,,,0,80,,82148,3,,,0
200,'5463',651,,82171,3,,,0,160,,82170,3,,,0,120,,82169,3,,,0,100,,82150,3,,,0,80,,82168,3,,,0,40,,82156,3,,,0,80,,82154,3,,,0,80,,82149,3,,,0,40,,82151,3,,,0,80,,82162,3,,,0,80,,82157,3,,,0,40,,82152,3,,,0,80,,82155,3,,,0,80,,82153,3,,,0,35,,82163,3,,,0,80,,82159,3,,,0,75,,82158,3,0,5,0,20,,82164,3,,,0,20,,82161,3,0,5,0,60,,82160,3,,,0,40,,82166,3,,,0,80,,82167,3,,,0,80,,82165,3,,,0,40,,82172,3,,,0,80,,82173,3,,,0
201,'5456',1526,,82206,24,4,,0
201,'5458',1526,,82240,24,4,,0
201,'5459',2504,,82268,17,4,,0
201,'5460',2359,,82293,43,4,,0
201,'5461',2359,,82318,43,4,,0
201,'5462',2359,,82343,43,4,,0
201,'5463',2359,,82368,43,4,,0
500,'5456',605,,83563,3,,,0,95,,83564,3,,,0,31,,83565,3,,,0,70,,83566,3,,,0,31,,83567,3,,,0,70,,83568,3,,,0,46,,83569,3,,,0,73,,83570,3,,,0,80,,83571,3,,,0,40,,83572,3,,,0,80,,83573,3,,,0,80,,83574,3,,,0,40,,83575,3,,,0,80,,83576,3,,,0,35,,83581,3,,,0,76,,83579,3,,,0,77,,83577,3,,,0,34,,83580,3,,,0,91,,83582,3,,,0,77,,83584,3,,,0,45,,83578,3,,,0,85,,83583,3,,,0
500,'5458',605,,83585,3,,,0,95,,83586,3,,,0,31,,83587,3,,,0,70,,83588,3,,,0,31,,83589,3,,,0,70,,83590,3,,,0,46,,83591,3,,,0,73,,83592,3,,,0,80,,83593,3,,,0,40,,83594,3,,,0,80,,83595,3,,,0,80,,83596,3,,,0,40,,83597,3,,,0,80,,83598,3,,,0,35,,83603,3,,,0,76,,83601,3,,,0,77,,83599,3,,,0,34,,83602,3,,,0,91,,83604,3,,,0,77,,83606,3,,,0,45,,83600,3,,,0,85,,83605,3,,,0
500,'5459',631,,83618,3,,,0,116,,83614,3,,,0,99,,83617,3,,,0,80,,83608,3,,,0,85,,83615,3,,,0,40,,83609,3,,,0,80,,83624,3,,,0,80,,83616,3,,,0,40,,83607,3,,,0,81,,83613,3,,,0,80,,83610,3,,,0,40,,83620,3,,,0,80,,83611,3,,,0,80,,83612,3,,,0,39,,83621,3,,,0,75,,83622,3,,,0,80,,83623,3,,,0,40,,83619,3,,,0,90,,83625,3,,,0
500,'5460',731,,83639,3,,,0,120,,83638,3,,,0,160,,83637,3,,,0,40,,83632,3,,,0,80,,83626,3,,,0,80,,83627,3,,,0,40,,83640,3,,,0,80,,83633,3,,,0,80,,83630,3,,,0,40,,83628,3,,,0,80,,83629,3,,,0,80,,83641,3,,,0,40,,83634,3,,,0,75,,83631,3,,,0,80,,83635,3,,,0,40,,83636,3,,,0
500,'5461',731,,83655,3,,,0,120,,83652,3,,,0,160,,83654,3,,,0,40,,83648,3,,,0,80,,83642,3,,,0,80,,83643,3,,,0,40,,83656,3,,,0,80,,83649,3,,,0,80,,83646,3,,,0,40,,83644,3,,,0,80,,83645,3,,,0,80,,83657,3,,,0,40,,83650,3,,,0,75,,83647,3,,,0,80,,83651,3,,,0,40,,83653,3,,,0
500,'5462',731,,83671,3,,,0,120,,83670,3,,,0,160,,83669,3,,,0,40,,83664,3,,,0,80,,83658,3,,,0,80,,83659,3,,,0,40,,83672,3,,,0,80,,83665,3,,,0,80,,83662,3,,,0,40,,83660,3,,,0,80,,83661,3,,,0,80,,83673,3,,,0,40,,83666,3,,,0,75,,83663,3,,,0,80,,83667,3,,,0,40,,83668,3,,,0
500,'5463',731,,83687,3,,,0,120,,83686,3,,,0,160,,83685,3,,,0,40,,83680,3,,,0,80,,83674,3,,,0,80,,83675,3,,,0,40,,83688,3,,,0,80,,83681,3,,,0,80,,83678,3,,,0,40,,83676,3,,,0,80,,83677,3,,,0,80,,83689,3,,,0,40,,83682,3,,,0,75,,83679,3,,,0,80,,83683,3,,,0,40,,83684,3,,,0
