2701,'5456',530,,90458,14,,,0,81,,90459,14,,,0,27,,90460,14,,,0,62,,90461,14,,,0,30,,90462,14,,,0,25,,90463,14,,,0,63,,90464,14,,,0,29,,90465,14,,,0,60,,90466,14,,,0,23,,90467,14,,,0,24,,90468,14,,,0,64,,90469,14,,,0,26,,90470,14,,,0,66,,90471,14,,,0,28,,90472,14,,,0,66,,90473,14,,,0,26,,90474,14,,,0,26,,90475,14,,,0,66,,90476,14,,,0,26,,90477,14,,,0,65,,90478,14,,,0,26,,90479,14,,,0,64,,90480,14,,,0,22,,90514,14,,,0,8,,90481,14,,,0,21,,90482,14,,,0,73,,90483,14,,,0,31,,90484,14,,,0,73,,90485,14,,,0,28,,90486,14,,,0,54,,90487,14,,,0,12,,90488,14,,,0,16,,90489,14,,,0,15,,90490,14,,,0,56,,90491,14,,,0,20,,90492,14,,,0,23,,90493,14,,,0,66,,90494,14,,,0,28,,90495,14,,,0,69,,90496,14,,,0,27,,90497,14,,,0,69,,90498,14,,,0,30,,90499,14,,,0,76,,90500,14,,,0,39,,90501,14,,,0,77,,90502,14,,,0
2701,'5458',530,,90515,14,,,0,81,,90516,14,,,0,27,,90517,14,,,0,62,,90518,14,,,0,30,,90519,14,,,0,25,,90520,14,,,0,63,,90521,14,,,0,29,,90522,14,,,0,60,,90523,14,,,0,23,,90524,14,,,0,24,,90525,14,,,0,64,,90526,14,,,0,26,,90527,14,,,0,66,,90528,14,,,0,28,,90529,14,,,0,66,,90530,14,,,0,26,,90531,14,,,0,26,,90532,14,,,0,66,,90533,14,,,0,26,,90534,14,,,0,64,,90536,14,,,0,1,,90535,14,,,0,26,,90537,14,,,0,64,,90538,14,,,0,22,,90575,14,,,0,29,,90539,14,,,0,73,,90540,14,,,0,31,,90541,14,,,0,73,,90542,14,,,0,28,,90543,14,,,0,54,,90544,14,,,0,12,,90545,14,,,0,16,,90546,14,,,0,15,,90547,14,,,0,56,,90548,14,,,0,20,,90549,14,,,0,23,,90550,14,,,0,66,,90551,14,,,0,28,,90552,14,,,0,69,,90553,14,,,0,27,,90554,14,,,0,69,,90555,14,,,0,30,,90556,14,,,0,76,,90557,14,,,0,39,,90558,14,,,0,77,,90559,14,,,0,81,,90560,14,,,0,40,,90561,14,,,0,78,,90562,14,0,16 49,0,78,,90563,14,0,16 49,0
2701,'5459',633,,90576,14,,,0,80,,90577,14,,,0,30,,90578,14,,,0,70,,90579,14,,,0,29,,90580,14,,,0,66,,90581,14,,,0,26,,90582,14,,,0,68,,90583,14,,,0,27,,90584,14,,,0,25,,90585,14,,,0,62,,90586,14,,,0,22,,90587,14,,,0,62,,90588,14,,,0,21,,90589,14,,,0,22,,90590,14,,,0,63,,90591,14,,,0,24,,90592,14,,,0,22,,90593,14,,,0,63,,90594,14,,,0,23,,90595,14,,,0,21,,90596,14,,,0,61,,90597,14,,,0,22,,90598,14,,,0,62,,90599,14,,,0,20,,90600,14,,,0,20,,90601,14,,,0,60,,90602,14,,,0,21,,90603,14,,,0,21,,90604,14,,,0,60,,90605,14,,,0,18,,90606,14,,,0,20,,90607,14,,,0,60,,90608,14,,,0,21,,90609,14,,,0,26,,90610,14,,,0,66,,90611,14,,,0,28,,90612,14,,,0,70,,90613,14,,,0,29,,90614,14,,,0,69,,90615,14,,,0,30,,90616,14,,,0,72,,90617,14,,,0,31,,90618,14,,,0,70,,90619,14,,,0,31,,90620,14,,,0,69,,90621,14,,,0,29,,90622,14,,,0,70,,90623,14,,,0,30,,90624,14,0,16 49,0,68,,90625,14,0,16 49,0
2701,'5460',702,,90627,14,,,0,43,,90628,14,,,0,70,,90629,14,,,0,29,,90630,14,,,0,71,,90631,14,,,0,31,,90626,14,,,0,71,,90632,14,,,0,25,,90633,14,,,0,67,,90634,14,,,0,27,,90635,14,,,0,65,,90636,14,,,0,25,,90637,14,,,0,24,,90638,14,,,0,63,,90639,14,,,0,22,,90640,14,,,0,23,,90641,14,,,0,64,,90642,14,,,0,23,,90643,14,,,0,62,,90644,14,,,0,23,,90645,14,,,0,23,,90646,14,,,0,63,,90647,14,,,0,24,,90648,14,,,0,62,,90649,14,,,0,23,,90650,14,,,0,23,,90651,14,,,0,63,,90652,14,,,0,22,,90653,14,,,0,24,,90654,14,,,0,66,,90655,14,,,0,25,,90656,14,,,0,68,,90657,14,,,0,28,,90658,14,,,0,70,,90659,14,,,0,30,,90660,14,,,0,75,,90661,14,,,0,82,,90662,14,,,0,37,,90663,14,,,0,102,,90664,14,0,16 49,0
2701,'5461',702,,90666,14,,,0,43,,90667,14,,,0,70,,90668,14,,,0,29,,90669,14,,,0,71,,90670,14,,,0,31,,90665,14,,,0,71,,90671,14,,,0,25,,90672,14,,,0,67,,90673,14,,,0,27,,90674,14,,,0,65,,90675,14,,,0,25,,90676,14,,,0,24,,90677,14,,,0,63,,90678,14,,,0,22,,90679,14,,,0,23,,90680,14,,,0,64,,90681,14,,,0,23,,90682,14,,,0,62,,90683,14,,,0,23,,90684,14,,,0,23,,90685,14,,,0,63,,90686,14,,,0,24,,90687,14,,,0,62,,90688,14,,,0,23,,90689,14,,,0,23,,90690,14,,,0,63,,90691,14,,,0,22,,90692,14,,,0,24,,90693,14,,,0,66,,90694,14,,,0,25,,90695,14,,,0,68,,90696,14,,,0,28,,90697,14,,,0,70,,90698,14,,,0,30,,90699,14,,,0,75,,90700,14,,,0,82,,90701,14,,,0,37,,90702,14,,,0,102,,90703,14,0,16 49,0
2701,'5462',702,,90705,14,,,0,43,,90706,14,,,0,70,,90707,14,,,0,29,,90708,14,,,0,71,,90709,14,,,0,31,,90704,14,,,0,71,,90710,14,,,0,25,,90711,14,,,0,67,,90712,14,,,0,27,,90713,14,,,0,65,,90714,14,,,0,25,,90715,14,,,0,24,,90716,14,,,0,63,,90717,14,,,0,22,,90718,14,,,0,23,,90719,14,,,0,64,,90720,14,,,0,23,,90721,14,,,0,62,,90722,14,,,0,23,,90723,14,,,0,23,,90724,14,,,0,63,,90725,14,,,0,24,,90726,14,,,0,62,,90727,14,,,0,23,,90728,14,,,0,23,,90729,14,,,0,63,,90730,14,,,0,22,,90731,14,,,0,24,,90732,14,,,0,66,,90733,14,,,0,25,,90734,14,,,0,68,,90735,14,,,0,28,,90736,14,,,0,70,,90737,14,,,0,30,,90738,14,,,0,75,,90739,14,,,0,82,,90740,14,,,0,37,,90741,14,,,0,102,,90742,14,0,16 49,0
2701,'5463',702,,90744,14,,,0,43,,90745,14,,,0,70,,90746,14,,,0,29,,90747,14,,,0,71,,90748,14,,,0,31,,90743,14,,,0,71,,90749,14,,,0,25,,90750,14,,,0,67,,90751,14,,,0,27,,90752,14,,,0,65,,90753,14,,,0,25,,90754,14,,,0,24,,90755,14,,,0,63,,90756,14,,,0,22,,90757,14,,,0,23,,90758,14,,,0,64,,90759,14,,,0,23,,90760,14,,,0,62,,90761,14,,,0,23,,90762,14,,,0,23,,90763,14,,,0,63,,90764,14,,,0,24,,90765,14,,,0,62,,90766,14,,,0,23,,90767,14,,,0,23,,90768,14,,,0,63,,90769,14,,,0,22,,90770,14,,,0,24,,90771,14,,,0,66,,90772,14,,,0,25,,90773,14,,,0,68,,90774,14,,,0,28,,90775,14,,,0,70,,90776,14,,,0,30,,90777,14,,,0,75,,90778,14,,,0,82,,90779,14,,,0,37,,90780,14,,,0,102,,90781,14,0,16 49,0
2801,'5456',558,,91090,19,,,0,67,,91091,19,,,0,25,,91092,19,,,0,62,,91093,19,,,0,13,,91094,19,,,0,11,,91095,19,,,0,11,,91096,19,,,0,12,,91097,19,,,0,52,,91098,19,,,0,12,,91099,19,,,0,14,,91100,19,,,0,20,,91101,19,,,0,61,,91102,19,,,0,25,,91103,19,,,0,64,,91104,19,,,0,24,,91105,19,,,0,26,,91106,19,,,0,67,,91107,19,,,0,27,,91108,19,,,0,66,,91109,19,,,0,26,,91110,19,,,0,66,,91111,19,,,0,26,,91112,19,,,0,66,,91113,19,,,0,26,,91114,19,,,0,24,,91115,19,,,0,65,,91116,19,,,0,23,,91117,19,,,0,72,,91118,19,,,0,32,,91119,19,,,0,61,,91137,19,,,0,13,,91120,19,,,0,30,,91121,19,,,0,174,,91122,19,,,0,21,,91123,19,,,0,66,,91124,19,,,0,29,,91125,19,,,0,66,,91126,19,,,0,27,,91127,19,,,0,29,,91128,19,,,0,70,,91129,19,,,0,71,,91130,19,,,0,38,,91131,19,,,0,77,,91132,19,,,0,40,,91133,19,,,0
2801,'5458',558,,91138,19,,,0,67,,91139,19,,,0,25,,91140,19,,,0,62,,91141,19,,,0,13,,91142,19,,,0,11,,91143,19,,,0,11,,91144,19,,,0,12,,91145,19,,,0,52,,91146,19,,,0,12,,91147,19,,,0,14,,91148,19,,,0,20,,91149,19,,,0,61,,91150,19,,,0,25,,91151,19,,,0,64,,91152,19,,,0,24,,91153,19,,,0,26,,91154,19,,,0,67,,91155,19,,,0,27,,91156,19,,,0,66,,91157,19,,,0,26,,91158,19,,,0,66,,91159,19,,,0,26,,91160,19,,,0,66,,91161,19,,,0,26,,91162,19,,,0,24,,91163,19,,,0,65,,91164,19,,,0,23,,91165,19,,,0,72,,91166,19,,,0,32,,91167,19,,,0,61,,91188,19,,,0,13,,91168,19,,,0,30,,91169,19,,,0,174,,91170,19,,,0,21,,91171,19,,,0,66,,91172,19,,,0,29,,91173,19,,,0,66,,91174,19,,,0,27,,91175,19,,,0,29,,91176,19,,,0,70,,91177,19,,,0,71,,91178,19,,,0,38,,91179,19,,,0,77,,91180,19,,,0,40,,91181,19,,,0,80,,91182,19,,,0,79,,91183,19,0,16 49,0,40,,91184,19,0,16 49,0
2801,'5459',654,,91190,19,,,0,74,,91191,19,,,0,30,,91192,19,,,0,69,,91189,19,,,0,28,,91193,19,,,0,66,,91194,19,,,0,27,,91195,19,,,0,67,,91196,19,,,0,26,,91197,19,,,0,63,,91198,19,,,0,23,,91199,19,,,0,22,,91200,19,,,0,62,,91201,19,,,0,21,,91202,19,,,0,22,,91203,19,,,0,64,,91204,19,,,0,22,,91205,19,,,0,64,,91206,19,,,0,21,,91207,19,,,0,24,,91208,19,,,0,60,,91209,19,,,0,21,,91210,19,,,0,23,,91211,19,,,0,60,,91212,19,,,0,21,,91213,19,,,0,20,,91214,19,,,0,60,,91215,19,,,0,22,,91216,19,,,0,20,,91217,19,,,0,60,,91218,19,,,0,18,,91219,19,,,0,21,,91220,19,,,0,60,,91221,19,,,0,23,,91222,19,,,0,66,,91223,19,,,0,27,,91224,19,,,0,69,,91225,19,,,0,30,,91226,19,,,0,29,,91227,19,,,0,69,,91228,19,,,0,30,,91229,19,,,0,73,,91230,19,,,0,70,,91231,19,,,0,30,,91232,19,,,0,71,,91233,19,,,0,28,,91234,19,,,0,70,,91235,19,,,0,29,,91236,19,0,16 49,0,30,,91237,19,0,16 49,0
2801,'5460',632,,91238,19,,,0,98,,91239,19,,,0,70,,91240,19,,,0,31,,91241,19,,,0,28,,91242,19,,,0,71,,91243,19,,,0,71,,91244,19,,,0,28,,91245,19,,,0,27,,91246,19,,,0,66,,91247,19,,,0,27,,91248,19,,,0,64,,91249,19,,,0,24,,91250,19,,,0,64,,91251,19,,,0,22,,91252,19,,,0,22,,91253,19,,,0,64,,91254,19,,,0,24,,91255,19,,,0,23,,91256,19,,,0,62,,91257,19,,,0,23,,91258,19,,,0,63,,91259,19,,,0,24,,91260,19,,,0,23,,91261,19,,,0,63,,91262,19,,,0,22,,91263,19,,,0,23,,91264,19,,,0,62,,91265,19,,,0,24,,91266,19,,,0,64,,91267,19,,,0,27,,91268,19,,,0,66,,91269,19,,,0,29,,91270,19,,,0,69,,91271,19,,,0,30,,91272,19,,,0,70,,91273,19,,,0,40,,91274,19,,,0,79,,91275,19,,,0,86,,91276,19,,,0
2801,'5461',632,,91277,19,,,0,98,,91278,19,,,0,70,,91279,19,,,0,31,,91280,19,,,0,28,,91281,19,,,0,71,,91282,19,,,0,71,,91283,19,,,0,28,,91284,19,,,0,27,,91285,19,,,0,66,,91286,19,,,0,27,,91287,19,,,0,64,,91288,19,,,0,24,,91289,19,,,0,64,,91290,19,,,0,22,,91291,19,,,0,22,,91292,19,,,0,64,,91293,19,,,0,24,,91294,19,,,0,23,,91295,19,,,0,62,,91296,19,,,0,23,,91297,19,,,0,63,,91298,19,,,0,24,,91299,19,,,0,23,,91300,19,,,0,63,,91301,19,,,0,22,,91302,19,,,0,23,,91303,19,,,0,62,,91304,19,,,0,24,,91305,19,,,0,64,,91306,19,,,0,27,,91307,19,,,0,66,,91308,19,,,0,29,,91309,19,,,0,69,,91310,19,,,0,30,,91311,19,,,0,70,,91312,19,,,0,40,,91313,19,,,0,79,,91314,19,,,0,86,,91315,19,,,0
2801,'5462',632,,91316,19,,,0,98,,91317,19,,,0,70,,91318,19,,,0,31,,91319,19,,,0,28,,91320,19,,,0,71,,91321,19,,,0,71,,91322,19,,,0,28,,91323,19,,,0,27,,91324,19,,,0,66,,91325,19,,,0,27,,91326,19,,,0,64,,91327,19,,,0,24,,91328,19,,,0,64,,91329,19,,,0,22,,91330,19,,,0,22,,91331,19,,,0,64,,91332,19,,,0,24,,91333,19,,,0,23,,91334,19,,,0,62,,91335,19,,,0,23,,91336,19,,,0,63,,91337,19,,,0,24,,91338,19,,,0,23,,91339,19,,,0,63,,91340,19,,,0,22,,91341,19,,,0,23,,91342,19,,,0,62,,91343,19,,,0,24,,91344,19,,,0,64,,91345,19,,,0,27,,91346,19,,,0,66,,91347,19,,,0,29,,91348,19,,,0,69,,91349,19,,,0,30,,91350,19,,,0,70,,91351,19,,,0,40,,91352,19,,,0,79,,91353,19,,,0,86,,91354,19,,,0
2801,'5463',632,,91355,19,,,0,98,,91356,19,,,0,70,,91357,19,,,0,31,,91358,19,,,0,28,,91359,19,,,0,71,,91360,19,,,0,71,,91361,19,,,0,28,,91362,19,,,0,27,,91363,19,,,0,66,,91364,19,,,0,27,,91365,19,,,0,64,,91366,19,,,0,24,,91367,19,,,0,64,,91368,19,,,0,22,,91369,19,,,0,22,,91370,19,,,0,64,,91371,19,,,0,24,,91372,19,,,0,23,,91373,19,,,0,62,,91374,19,,,0,23,,91375,19,,,0,63,,91376,19,,,0,24,,91377,19,,,0,23,,91378,19,,,0,63,,91379,19,,,0,22,,91380,19,,,0,23,,91381,19,,,0,62,,91382,19,,,0,24,,91383,19,,,0,64,,91384,19,,,0,27,,91385,19,,,0,66,,91386,19,,,0,29,,91387,19,,,0,69,,91388,19,,,0,30,,91389,19,,,0,70,,91390,19,,,0,40,,91391,19,,,0,79,,91392,19,,,0,86,,91393,19,,,0
24002701,'5456',718,,98539,22,0,5,0,25,,98540,22,0,5,0,63,,98541,22,0,5,0,25,,98542,22,0,5,0
24002701,'5458',718,,98543,22,0,5,0,25,,98544,22,0,5,0,63,,98545,22,0,5,0,25,,98546,22,0,5,0
