601,'5456',536,,84193,5,,,0,15,,84194,5,,,0,68,,84195,5,,,0,24,,84196,5,,,0,15,,84207,5,,,0,54,,84197,5,,,0,6,,84214,5,,,0,15,,84198,5,,,0,16,,84201,5,,,0,52,,84208,5,,,0,18,,84199,5,,,0,18,,84200,5,,,0,17,,84202,5,,,0,57,,84221,5,,,0,20,,84203,5,,,0,22,,84212,5,,,0,63,,84204,5,,,0,23,,84205,5,,,0,63,,84206,5,,,0,24,,84209,5,,,0,24,,84210,5,,,0,64,,84211,5,,,0,25,,84213,5,,,0,65,,84215,5,,,0,23,,84216,5,,,0,21,,84217,5,,,0,60,,84218,5,,,0,19,,84219,5,,,0,20,,84220,5,,,0,58,,84222,5,,,0,15,,84223,5,,,0,11,,84224,5,,,0,20,,84225,5,,,0,59,,84226,5,,,0,19,,84227,5,,,0,22,,84228,5,,,0,62,,84229,5,,,0,27,,84230,5,,,0,64,,84231,5,,,0,12,,84232,5,,,0,25,,84233,5,,,0,71,,84234,5,,,0,33,,84235,5,,,0,77,,84237,5,,,0,18,,84236,5,,,0,76,,84239,5,,,0,22,,84238,5,,,0,90,,84240,5,,,0,100,,84241,5,,,0,73,,84243,5,,,0,31,,84242,5,,,0
601,'5458',536,,84245,5,,,0,15,,84246,5,,,0,68,,84247,5,,,0,24,,84248,5,,,0,15,,84259,5,,,0,54,,84249,5,,,0,6,,84266,5,,,0,15,,84250,5,,,0,16,,84253,5,,,0,52,,84260,5,,,0,18,,84251,5,,,0,18,,84252,5,,,0,17,,84254,5,,,0,57,,84273,5,,,0,20,,84255,5,,,0,22,,84264,5,,,0,63,,84256,5,,,0,23,,84257,5,,,0,63,,84258,5,,,0,24,,84261,5,,,0,24,,84262,5,,,0,64,,84263,5,,,0,25,,84265,5,,,0,65,,84267,5,,,0,23,,84268,5,,,0,21,,84269,5,,,0,60,,84270,5,,,0,19,,84271,5,,,0,20,,84272,5,,,0,58,,84274,5,,,0,15,,84275,5,,,0,11,,84276,5,,,0,20,,84277,5,,,0,59,,84278,5,,,0,19,,84279,5,,,0,22,,84280,5,,,0,62,,84281,5,,,0,27,,84282,5,,,0,64,,84283,5,,,0,12,,84284,5,,,0,25,,84285,5,,,0,71,,84286,5,,,0,33,,84287,5,,,0,77,,84289,5,,,0,18,,84288,5,,,0,76,,84291,5,,,0,22,,84290,5,,,0,90,,84292,5,,,0,100,,84293,5,,,0,73,,84295,5,,,0,31,,84294,5,,,0,70,,84297,5,,,0,31,,84299,5,,,0,71,,84296,5,,,0,30,,84298,5,,,0
601,'5459',556,,84303,5,,,0,63,,84304,5,,,0,20,,84301,5,,,0,77,,84305,5,,,0,16,,84306,5,,,0,19,,84307,5,,,0,73,,84308,5,,,0,14,,84309,5,,,0,15,,84310,5,,,0,67,,84311,5,,,0,13,,84312,5,,,0,13,,84302,5,,,0,62,,84313,5,,,0,12,,84314,5,,,0,12,,84315,5,,,0,24,,84317,5,,,0,51,,84318,5,,,0,12,,84316,5,,,0,24,,84319,5,,,0,11,,84320,5,,,0,52,,84321,5,,,0,23,,84328,5,,,0,12,,84322,5,,,0,12,,84323,5,,,0,64,,84324,5,,,0,10,,84325,5,,,0,11,,84326,5,,,0,20,,84329,5,,,0,50,,84330,5,,,0,11,,84331,5,,,0,21,,84327,5,,,0,11,,84332,5,,,0,50,,84337,5,,,0,21,,84333,5,,,0,10,,84334,5,,,0,10,,84335,5,,,0,61,,84336,5,,,0,10,,84338,5,,,0,10,,84339,5,,,0,11,,84340,5,,,0,24,,84341,5,,,0,53,,84342,5,,,0,12,,84343,5,,,0,13,,84344,5,,,0,65,,84345,5,,,0,12,,84346,5,,,0,13,,84347,5,,,0,15,,84348,5,,,0,70,,84349,5,,,0,16,,84350,5,,,0,15,,84351,5,,,0,77,,84352,5,,,0,18,,84353,5,,,0,76,,84354,5,,,0,18,,84355,5,,,0,82,,84356,5,,,0,25,,84357,5,,,0,96,,84358,5,,,0,66,,84359,5,,,0,31,,84360,5,,,0,71,,84361,5,,,0,30,,84362,5,,,0,71,,84363,5,,,0,29,,84364,5,,,0
601,'5460',637,,84402,5,,,0,95,,84376,5,,,0,84,,84385,5,,,0,19,,84375,5,,,0,79,,84401,5,,,0,16,,84390,5,,,0,15,,84412,5,,,0,70,,84365,5,,,0,16,,84404,5,,,0,15,,84392,5,,,0,70,,84374,5,,,0,15,,84367,5,,,0,12,,84366,5,,,0,64,,84394,5,,,0,12,,84369,5,,,0,12,,84370,5,,,0,12,,84384,5,,,0,64,,84368,5,,,0,12,,84409,5,,,0,12,,84393,5,,,0,12,,84373,5,,,0,64,,84383,5,,,0,12,,84372,5,,,0,12,,84371,5,,,0,12,,84407,5,,,0,64,,84379,5,,,0,13,,84380,5,,,0,12,,84382,5,,,0,12,,84381,5,,,0,65,,84408,5,,,0,12,,84387,5,,,0,12,,84377,5,,,0,12,,84378,5,,,0,64,,84413,5,,,0,12,,84389,5,,,0,13,,84405,5,,,0,16,,84386,5,,,0,70,,84391,5,,,0,19,,84388,5,,,0,18,,84399,5,,,0,77,,84396,5,,,0,18,,84395,5,,,0,74,,84397,5,,,0,17,,84398,5,,,0,75,,84403,5,,,0,20,,84406,5,,,0,97,,84400,5,,,0,71,,84411,5,,,0,50,,84410,5,,,0
601,'5461',637,,84451,5,,,0,95,,84425,5,,,0,84,,84434,5,,,0,19,,84424,5,,,0,79,,84450,5,,,0,16,,84439,5,,,0,15,,84461,5,,,0,70,,84414,5,,,0,16,,84453,5,,,0,15,,84441,5,,,0,70,,84423,5,,,0,15,,84416,5,,,0,12,,84415,5,,,0,64,,84443,5,,,0,12,,84418,5,,,0,12,,84419,5,,,0,12,,84433,5,,,0,64,,84417,5,,,0,12,,84458,5,,,0,12,,84442,5,,,0,12,,84422,5,,,0,64,,84432,5,,,0,12,,84421,5,,,0,12,,84420,5,,,0,12,,84456,5,,,0,64,,84428,5,,,0,13,,84429,5,,,0,12,,84431,5,,,0,12,,84430,5,,,0,65,,84457,5,,,0,12,,84436,5,,,0,12,,84426,5,,,0,12,,84427,5,,,0,64,,84462,5,,,0,12,,84438,5,,,0,13,,84454,5,,,0,16,,84435,5,,,0,70,,84440,5,,,0,19,,84437,5,,,0,18,,84448,5,,,0,77,,84445,5,,,0,18,,84444,5,,,0,74,,84446,5,,,0,17,,84447,5,,,0,75,,84452,5,,,0,20,,84455,5,,,0,97,,84449,5,,,0,71,,84460,5,,,0,50,,84459,5,,,0
601,'5462',637,,84500,5,,,0,95,,84474,5,,,0,84,,84483,5,,,0,19,,84473,5,,,0,79,,84499,5,,,0,16,,84488,5,,,0,15,,84510,5,,,0,70,,84463,5,,,0,16,,84502,5,,,0,15,,84490,5,,,0,70,,84472,5,,,0,15,,84465,5,,,0,12,,84464,5,,,0,64,,84492,5,,,0,12,,84467,5,,,0,12,,84468,5,,,0,12,,84482,5,,,0,64,,84466,5,,,0,12,,84507,5,,,0,12,,84491,5,,,0,12,,84471,5,,,0,64,,84481,5,,,0,12,,84470,5,,,0,12,,84469,5,,,0,12,,84505,5,,,0,64,,84477,5,,,0,13,,84478,5,,,0,12,,84480,5,,,0,12,,84479,5,,,0,65,,84506,5,,,0,12,,84485,5,,,0,12,,84475,5,,,0,12,,84476,5,,,0,64,,84511,5,,,0,12,,84487,5,,,0,13,,84503,5,,,0,16,,84484,5,,,0,70,,84489,5,,,0,19,,84486,5,,,0,18,,84497,5,,,0,77,,84494,5,,,0,18,,84493,5,,,0,74,,84495,5,,,0,17,,84496,5,,,0,75,,84501,5,,,0,20,,84504,5,,,0,97,,84498,5,,,0,71,,84509,5,,,0,50,,84508,5,,,0
601,'5463',637,,84549,5,,,0,95,,84523,5,,,0,84,,84532,5,,,0,19,,84522,5,,,0,79,,84548,5,,,0,16,,84537,5,,,0,15,,84559,5,,,0,70,,84512,5,,,0,16,,84551,5,,,0,15,,84539,5,,,0,70,,84521,5,,,0,15,,84514,5,,,0,12,,84513,5,,,0,64,,84541,5,,,0,12,,84516,5,,,0,12,,84517,5,,,0,12,,84531,5,,,0,64,,84515,5,,,0,12,,84556,5,,,0,12,,84540,5,,,0,12,,84520,5,,,0,64,,84530,5,,,0,12,,84519,5,,,0,12,,84518,5,,,0,12,,84554,5,,,0,64,,84526,5,,,0,13,,84527,5,,,0,12,,84529,5,,,0,12,,84528,5,,,0,65,,84555,5,,,0,12,,84534,5,,,0,12,,84524,5,,,0,12,,84525,5,,,0,64,,84560,5,,,0,12,,84536,5,,,0,13,,84552,5,,,0,16,,84533,5,,,0,70,,84538,5,,,0,19,,84535,5,,,0,18,,84546,5,,,0,77,,84543,5,,,0,18,,84542,5,,,0,74,,84544,5,,,0,17,,84545,5,,,0,75,,84550,5,,,0,20,,84553,5,,,0,97,,84547,5,,,0,71,,84558,5,,,0,50,,84557,5,,,0
1000601,'5456',605,,98066,13,,,0,47,,98070,13,,,0,73,,98076,13,,,0,29,,98067,13,,,0,74,,98073,13,,,0,75,,98068,13,,,0,39,,98069,13,,,0,86,,98071,13,,,0,86,,98074,13,,,0,88,,98072,13,,,0,50,,98075,13,,,0,86,,98078,13,,,0,80,,98080,13,,,0,39,,98077,13,,,0,84,,98079,13,,,0,76,,98081,13,,,0,84,,98082,13,,,0,50,,98083,13,,,0,105,,98084,13,,,0,147,,98085,13,,,0,54,,98086,13,,,0,100,,98087,13,,,0,101,,98088,13,,,0
1000601,'5458',605,,98089,13,,,0,47,,98093,13,,,0,73,,98099,13,,,0,29,,98090,13,,,0,74,,98096,13,,,0,75,,98091,13,,,0,39,,98092,13,,,0,86,,98094,13,,,0,86,,98097,13,,,0,88,,98095,13,,,0,50,,98098,13,,,0,86,,98101,13,,,0,80,,98103,13,,,0,39,,98100,13,,,0,84,,98102,13,,,0,76,,98104,13,,,0,84,,98105,13,,,0,50,,98106,13,,,0,105,,98107,13,,,0,147,,98108,13,,,0,54,,98109,13,,,0,100,,98110,13,,,0,101,,98111,13,,,0
1000601,'5459',658,,98112,13,,,0,150,,98113,13,,,0,99,,98114,13,,,0,49,,98115,13,,,0,88,,98116,13,,,0,87,,98117,13,,,0,87,,98118,13,,,0,88,,98119,13,,,0,42,,98121,13,,,0,82,,98120,13,,,0,82,,98122,13,,,0,42,,98123,13,,,0,93,,98124,13,,,0,100,,98125,13,,,0,109,,98126,13,,,0,103,,98127,13,,,0,94,,98128,13,,,0,99,,98129,13,,,0,150,,98130,13,,,0
1000601,'5460',706,,98138,13,,,0,50,,98144,13,,,0,97,,98132,13,,,0,147,,98136,13,,,0,101,,98131,13,,,0,54,,98146,13,,,0,100,,98133,13,,,0,100,,98134,13,,,0,100,,98140,13,,,0,101,,98137,13,,,0,101,,98135,13,,,0,148,,98139,13,,,0,110,,98141,13,,,0,93,,98143,13,,,0,51,,98142,13,,,0,148,,98145,13,,,0
1000601,'5461',706,,98154,13,,,0,50,,98160,13,,,0,97,,98148,13,,,0,147,,98152,13,,,0,101,,98147,13,,,0,54,,98162,13,,,0,100,,98149,13,,,0,100,,98150,13,,,0,100,,98156,13,,,0,101,,98153,13,,,0,101,,98151,13,,,0,148,,98155,13,,,0,110,,98157,13,,,0,93,,98159,13,,,0,51,,98158,13,,,0,148,,98161,13,,,0
1000601,'5462',706,,98170,13,,,0,50,,98176,13,,,0,97,,98164,13,,,0,147,,98168,13,,,0,101,,98163,13,,,0,54,,98178,13,,,0,100,,98165,13,,,0,100,,98166,13,,,0,100,,98172,13,,,0,101,,98169,13,,,0,101,,98167,13,,,0,148,,98171,13,,,0,110,,98173,13,,,0,93,,98175,13,,,0,51,,98174,13,,,0,148,,98177,13,,,0
1000601,'5463',706,,98186,13,,,0,50,,98192,13,,,0,97,,98180,13,,,0,147,,98184,13,,,0,101,,98179,13,,,0,54,,98194,13,,,0,100,,98181,13,,,0,100,,98182,13,,,0,100,,98188,13,,,0,101,,98185,13,,,0,101,,98183,13,,,0,148,,98187,13,,,0,110,,98189,13,,,0,93,,98191,13,,,0,51,,98190,13,,,0,148,,98193,13,,,0
2000601,'5456',630,,98387,8,,,0,74,,98386,8,,,0,37,,98398,8,,,0,69,,98389,8,,,0,36,,98396,8,,,0,73,,98388,8,,,0,86,,98390,8,,,0,46,,98391,8,,,0,87,,98392,8,,,0,89,,98393,8,,,0,89,,98394,8,,,0,42,,98395,8,,,0,79,,98397,8,,,0,76,,98400,8,,,0,87,,98399,8,,,0,40,,98401,8,,,0,87,,98402,8,,,0,102,,98403,8,,,0,97,,98404,8,,,0
2000601,'5458',630,,98406,8,,,0,74,,98405,8,,,0,37,,98417,8,,,0,69,,98408,8,,,0,36,,98415,8,,,0,73,,98407,8,,,0,86,,98409,8,,,0,46,,98410,8,,,0,87,,98411,8,,,0,89,,98412,8,,,0,89,,98413,8,,,0,42,,98414,8,,,0,79,,98416,8,,,0,76,,98419,8,,,0,87,,98418,8,,,0,40,,98420,8,,,0,87,,98421,8,,,0,102,,98422,8,,,0,97,,98423,8,,,0
