201,'5456',601,,82174,21,0,46 37,0,21,,82175,21,0,46 37,0,26,,82176,21,0,46 37,0,69,,82177,21,0,46 37,0,30,,82178,21,0,46 37,0,71,,82179,21,0,46 37,0,32,,82180,21,0,46 37,0,71,,82181,21,0,46 37,0,33,,82182,21,0,46 37,0,78,,82183,21,0,46 37,0,79,,82184,21,0,46 37,0,39,,82185,21,0,46 37,0,80,,82186,21,0,46 37,0,80,,82187,21,0,46 37,0,40,,82188,21,0,46 37,0,92,,82190,21,0,46 37,0,15,,98700,2,0,46 37,0,58,,82202,21,0,46 37,0,37,,82204,21,0,46 37,0,75,,82205,21,0,46 37,0,77,,82201,21,0,46 37,0,37,,82203,21,0,46 37,0,87,,82196,21,0,46 37,0,25,,82195,21,0,46 37,0,82,,82200,21,0,46 37,0,83,,82194,21,0,46 37,0,41,,82199,21,0,46 37,0,78,,82193,21,0,46 37,0,81,,82198,21,0,46 37,0,41,,82192,21,0,46 37,0,81,,82197,21,0,46 37,0,72,,82191,21,0,46 37,0
201,'5458',601,,82207,21,0,46 37,0,21,,82208,21,0,46 37,0,26,,82209,21,0,46 37,0,69,,82210,21,0,46 37,0,30,,82211,21,0,46 37,0,71,,82212,21,0,46 37,0,32,,82213,21,0,46 37,0,71,,82214,21,0,46 37,0,33,,82215,21,0,46 37,0,78,,82216,21,0,46 37,0,79,,82217,21,0,46 37,0,39,,82218,21,0,46 37,0,80,,82219,21,0,46 37,0,80,,82220,21,0,46 37,0,40,,82221,21,0,46 37,0,92,,82223,21,0,46 37,0,15,,98701,2,0,46 37,0,58,,82236,21,0,46 37,0,37,,82238,21,0,46 37,0,75,,82239,21,0,46 37,0,77,,82235,21,0,46 37,0,37,,82237,21,0,46 37,0,87,,82230,21,0,46 37,0,25,,82229,21,0,46 37,0,82,,82234,21,0,46 37,0,83,,82228,21,0,46 37,0,41,,82233,21,0,46 37,0,78,,82227,21,0,46 37,0,81,,82232,21,0,46 37,0,41,,82226,21,0,46 37,0,81,,82231,21,0,46 37,0,72,,82225,21,0,46 37,0
201,'5459',644,,98713,21,0,46 37,0,158,,98714,21,0,46 37,0,124,,98709,21,0,46 37,0,80,,98704,21,0,46 37,0,97,,98712,21,0,46 37,0,38,,98705,21,0,46 37,0,80,,82242,21,0,46 37,0,38,,82245,21,0,46 37,0,79,,98702,21,0,46 37,0,80,,98707,21,0,46 37,0,40,,98703,21,0,46 37,0,81,,82243,21,0,46 37,0,81,,82247,21,0,46 37,0,35,,98708,21,0,46 37,0,81,,98711,21,0,46 37,0,81,,98710,21,0,46 37,0,37,,82260,21,0,46 37,0,76,,82251,21,0,46 37,0,80,,98706,21,0,46 37,0,45,,82253,21,0,46 37,0,81,,98716,21,0,46 37,0,81,,82263,21,0,46 37,0,83,,98715,21,0,46 37,0,41,,82265,21,0,46 37,0,76,,98717,21,0,46 37,0
201,'5460',631,,82283,21,0,46 37,0,119,,82290,21,0,46 37,0,158,,82284,21,0,46 37,0,135,,82291,21,0,46 37,0,100,,82270,21,0,46 37,0,79,,82281,21,0,46 37,0,79,,82277,21,0,46 37,0,39,,82276,21,0,46 37,0,81,,82272,21,0,46 37,0,80,,82273,21,0,46 37,0,40,,82282,21,0,46 37,0,81,,82278,21,0,46 37,0,36,,82274,21,0,46 37,0,80,,82275,21,0,46 37,0,81,,82279,21,0,46 37,0,37,,82288,21,0,46 37,0,81,,82280,21,0,46 37,0,80,,82287,21,0,46 37,0,41,,82286,21,0,46 37,0,80,,82289,21,0,46 37,0,81,,82285,21,0,46 37,0,82,,82292,21,0,46 37,0,41,,82293,21,0,46 37,0
201,'5461',631,,82308,21,0,46 37,0,119,,82315,21,0,46 37,0,158,,82309,21,0,46 37,0,135,,82316,21,0,46 37,0,100,,82295,21,0,46 37,0,79,,82306,21,0,46 37,0,79,,82302,21,0,46 37,0,39,,82301,21,0,46 37,0,81,,82297,21,0,46 37,0,80,,82298,21,0,46 37,0,40,,82307,21,0,46 37,0,81,,82303,21,0,46 37,0,36,,82299,21,0,46 37,0,80,,82300,21,0,46 37,0,81,,82304,21,0,46 37,0,37,,82313,21,0,46 37,0,81,,82305,21,0,46 37,0,80,,82312,21,0,46 37,0,41,,82311,21,0,46 37,0,80,,82314,21,0,46 37,0,81,,82310,21,0,46 37,0,82,,82317,21,0,46 37,0,41,,82318,21,0,46 37,0
201,'5462',631,,82333,21,0,46 37,0,119,,82340,21,0,46 37,0,158,,82334,21,0,46 37,0,135,,82341,21,0,46 37,0,100,,82320,21,0,46 37,0,79,,82331,21,0,46 37,0,79,,82327,21,0,46 37,0,39,,82326,21,0,46 37,0,81,,82322,21,0,46 37,0,80,,82323,21,0,46 37,0,40,,82332,21,0,46 37,0,81,,82328,21,0,46 37,0,36,,82324,21,0,46 37,0,80,,82325,21,0,46 37,0,81,,82329,21,0,46 37,0,37,,82338,21,0,46 37,0,81,,82330,21,0,46 37,0,80,,82337,21,0,46 37,0,41,,82336,21,0,46 37,0,80,,82339,21,0,46 37,0,81,,82335,21,0,46 37,0,82,,82342,21,0,46 37,0,41,,82343,21,0,46 37,0
201,'5463',631,,82358,21,0,46 37,0,119,,82365,21,0,46 37,0,158,,82359,21,0,46 37,0,135,,82366,21,0,46 37,0,100,,82345,21,0,46 37,0,79,,82356,21,0,46 37,0,79,,82352,21,0,46 37,0,39,,82351,21,0,46 37,0,81,,82347,21,0,46 37,0,80,,82348,21,0,46 37,0,40,,82357,21,0,46 37,0,81,,82353,21,0,46 37,0,36,,82349,21,0,46 37,0,80,,82350,21,0,46 37,0,81,,82354,21,0,46 37,0,37,,82363,21,0,46 37,0,81,,82355,21,0,46 37,0,80,,82362,21,0,46 37,0,41,,82361,21,0,46 37,0,80,,82364,21,0,46 37,0,81,,82360,21,0,46 37,0,82,,82367,21,0,46 37,0,41,,82368,21,0,46 37,0
501,'5456',633,,83690,16,,,0,71,,83691,16,,,0,27,,83692,16,,,0,71,,83693,16,,,0,32,,83694,16,,,0,72,,83695,16,,,0,30,,83696,16,,,0,77,,83697,16,,,0,39,,83698,16,,,0,79,,83699,16,,,0,79,,83700,16,,,0,40,,83701,16,,,0,80,,83702,16,,,0,94,,83703,16,,,0,76,,83704,16,,,0,33,,83706,16,,,0,77,,83710,16,,,0,35,,83708,16,,,0,76,,83705,16,,,0,81,,83709,16,,,0,111,,83712,16,,,0,43,,83707,16,,,0,82,,83711,16,,,0
501,'5458',633,,83713,16,,,0,71,,83714,16,,,0,27,,83715,16,,,0,71,,83716,16,,,0,32,,83717,16,,,0,72,,83718,16,,,0,30,,83719,16,,,0,77,,83720,16,,,0,39,,83721,16,,,0,79,,83722,16,,,0,79,,83723,16,,,0,40,,83724,16,,,0,80,,83725,16,,,0,94,,83726,16,,,0,76,,83727,16,,,0,33,,83729,16,,,0,77,,83733,16,,,0,35,,83731,16,,,0,76,,83728,16,,,0,81,,83732,16,,,0,111,,83735,16,,,0,43,,83730,16,,,0,82,,83734,16,,,0
501,'5459',723,,98923,16,,,0,120,,98924,16,,,0,103,,83743,16,,,0,79,,98919,16,,,0,97,,83745,16,,,0,79,,98918,16,,,0,39,,98928,16,,,0,78,,98922,16,,,0,39,,83742,16,,,0,81,,83739,16,,,0,80,,98921,16,,,0,41,,98927,16,,,0,81,,98929,16,,,0,75,,83749,16,,,0,42,,83751,16,,,0,77,,98931,16,,,0,75,,98930,16,,,0,41,,98925,16,,,0,85,,98926,16,,,0
501,'5460',711,,98934,16,,,0,118,,98933,16,,,0,117,,98932,16,,,0,79,,83762,16,,,0,98,,83765,16,,,0,79,,83761,16,,,0,40,,83757,16,,,0,78,,83756,16,,,0,81,,83772,16,,,0,40,,83764,16,,,0,80,,83760,16,,,0,80,,83759,16,,,0,42,,83758,16,,,0,75,,83771,16,,,0,40,,83766,16,,,0,76,,83763,16,,,0,83,,83767,16,,,0
501,'5461',711,,83787,16,,,0,118,,83786,16,,,0,117,,83785,16,,,0,79,,83779,16,,,0,98,,83782,16,,,0,79,,83778,16,,,0,40,,83774,16,,,0,78,,83773,16,,,0,81,,83789,16,,,0,40,,83781,16,,,0,80,,83777,16,,,0,80,,83776,16,,,0,42,,83775,16,,,0,75,,83788,16,,,0,40,,83783,16,,,0,76,,83780,16,,,0,83,,83784,16,,,0
501,'5462',711,,83804,16,,,0,118,,83803,16,,,0,117,,83802,16,,,0,79,,83796,16,,,0,98,,83799,16,,,0,79,,83795,16,,,0,40,,83791,16,,,0,78,,83790,16,,,0,81,,83806,16,,,0,40,,83798,16,,,0,80,,83794,16,,,0,80,,83793,16,,,0,42,,83792,16,,,0,75,,83805,16,,,0,40,,83800,16,,,0,76,,83797,16,,,0,83,,83801,16,,,0
501,'5463',711,,83821,16,,,0,118,,83820,16,,,0,117,,83819,16,,,0,79,,83813,16,,,0,98,,83816,16,,,0,79,,83812,16,,,0,40,,83808,16,,,0,78,,83807,16,,,0,81,,83823,16,,,0,40,,83815,16,,,0,80,,83811,16,,,0,80,,83810,16,,,0,42,,83809,16,,,0,75,,83822,16,,,0,40,,83817,16,,,0,76,,83814,16,,,0,83,,83818,16,,,0
