3000,'5456',554,,101697,12,,,0,92,,101698,12,,,0,72,,101699,12,,,0,32,,91397,12,,,0,71,,101700,12,,,0,32,,101701,12,,,0,69,,91400,12,,,0,30,,101702,12,,,0,71,,91402,12,,,0,30,,91403,12,,,0,71,,101703,12,,,0,30,,91405,12,,,0,70,,91406,12,,,0,30,,101704,12,,,0,71,,91408,12,,,0,30,,91409,12,,,0,67,,91410,12,,,0,32,,101705,12,,,0,71,,101706,12,,,0,32,,101707,12,,,0,75,,101708,12,,,0,72,,101709,12,,,0,33,,101710,12,,,0,70,,101711,12,,,0,26,,101712,12,,,0,67,,101713,12,,,0,28,,101714,12,,,0,73,,101715,12,,,0,33,,101716,12,,,0,86,,91423,12,,,0,100,,91424,12,,,0,99,,101717,12,,,0,108,,101718,12,,,0
3000,'5458',554,,101719,12,,,0,92,,101720,12,,,0,72,,101721,12,,,0,32,,91430,12,,,0,71,,101722,12,,,0,32,,101723,12,,,0,69,,91433,12,,,0,30,,101724,12,,,0,71,,91435,12,,,0,30,,91436,12,,,0,71,,101725,12,,,0,30,,91438,12,,,0,70,,91439,12,,,0,30,,101726,12,,,0,71,,91441,12,,,0,30,,91442,12,,,0,67,,91443,12,,,0,32,,101727,12,,,0,71,,101728,12,,,0,32,,101729,12,,,0,75,,101730,12,,,0,72,,101731,12,,,0,33,,101732,12,,,0,70,,101733,12,,,0,26,,101734,12,,,0,67,,101735,12,,,0,28,,101736,12,,,0,73,,101737,12,,,0,33,,101738,12,,,0,86,,91456,12,,,0,100,,91457,12,,,0,99,,101739,12,,,0,108,,101740,12,,,0
3000,'5459',643,,101741,12,,,0,100,,101742,12,,,0,78,,91462,12,,,0,38,,101743,12,,,0,72,,101744,12,,,0,72,,91465,12,,,0,33,,101745,12,,,0,71,,101746,12,,,0,30,,101747,12,,,0,70,,101748,12,,,0,30,,101749,12,,,0,69,,101750,12,,,0,32,,101751,12,,,0,70,,101752,12,,,0,30,,101753,12,,,0,70,,101754,12,,,0,31,,101755,12,,,0,69,,101756,12,,,0,30,,101757,12,,,0,69,,91479,12,,,0,30,,101758,12,,,0,69,,101759,12,,,0,30,,91482,12,,,0,79,,91483,12,,,0,40,,91484,12,,,0,79,,91485,12,,,0,85,,101760,12,,,0,100,,101761,12,,,0,100,,101762,12,,,0,107,,101763,12,,,0
3000,'5460',754,,101764,12,,,0,101,,101765,12,,,0,84,,101766,12,,,0,80,,101767,12,,,0,81,,101768,12,,,0,35,,101769,12,,,0,70,,101770,12,,,0,30,,91497,12,,,0,70,,101771,12,,,0,31,,101772,12,,,0,70,,91500,12,,,0,30,,101773,12,,,0,70,,101774,12,,,0,30,,101775,12,,,0,71,,101776,12,,,0,30,,101777,12,,,0,69,,101778,12,,,0,29,,101779,12,,,0,69,,101780,12,,,0,30,,101781,12,,,0,80,,91510,12,,,0,40,,91511,12,,,0,80,,101782,12,,,0,87,,101783,12,,,0,98,,101784,12,,,0,98,,101785,12,,,0
3000,'5461',754,,101786,12,,,0,101,,101787,12,,,0,84,,101788,12,,,0,80,,101789,12,,,0,81,,101790,12,,,0,35,,101791,12,,,0,70,,101792,12,,,0,30,,91523,12,,,0,70,,101793,12,,,0,31,,101794,12,,,0,70,,91526,12,,,0,30,,101795,12,,,0,70,,101796,12,,,0,30,,101797,12,,,0,71,,101798,12,,,0,30,,101799,12,,,0,69,,101800,12,,,0,29,,101801,12,,,0,69,,91534,12,,,0,30,,101802,12,,,0,80,,91536,12,,,0,40,,91537,12,,,0,80,,91538,12,,,0,87,,101803,12,,,0,98,,101804,12,,,0,98,,101805,12,,,0
3000,'5462',754,,101806,12,,,0,101,,101807,12,,,0,84,,101808,12,,,0,80,,101809,12,,,0,81,,101810,12,,,0,35,,101811,12,,,0,70,,101812,12,,,0,30,,91549,12,,,0,70,,101813,12,,,0,31,,101814,12,,,0,70,,91552,12,,,0,30,,101815,12,,,0,70,,101816,12,,,0,30,,101817,12,,,0,71,,101818,12,,,0,30,,101819,12,,,0,69,,101820,12,,,0,29,,101821,12,,,0,69,,91560,12,,,0,30,,101822,12,,,0,80,,91562,12,,,0,40,,91563,12,,,0,80,,91564,12,,,0,87,,101823,12,,,0,98,,101824,12,,,0,98,,101825,12,,,0
3000,'5463',754,,101826,12,,,0,101,,101827,12,,,0,84,,101828,12,,,0,80,,101829,12,,,0,81,,101830,12,,,0,35,,101831,12,,,0,70,,101832,12,,,0,30,,91575,12,,,0,70,,101833,12,,,0,31,,101834,12,,,0,70,,91578,12,,,0,30,,101835,12,,,0,70,,101836,12,,,0,30,,101837,12,,,0,71,,101838,12,,,0,30,,101839,12,,,0,69,,101840,12,,,0,29,,101841,12,,,0,69,,91586,12,,,0,30,,101842,12,,,0,80,,91588,12,,,0,40,,91589,12,,,0,80,,91590,12,,,0,87,,101843,12,,,0,98,,101844,12,,,0,98,,101845,12,,,0
3100,'5456',625,,91796,12,,,0,77,,102019,12,,,0,32,,102020,12,,,0,71,,102021,12,,,0,32,,102022,12,,,0,71,,102023,12,,,0,29,,102024,12,,,0,71,,102025,12,,,0,30,,102026,12,,,0,70,,102027,12,,,0,31,,102028,12,,,0,70,,102029,12,,,0,30,,102030,12,,,0,71,,102031,12,,,0,30,,102032,12,,,0,68,,102033,12,,,0,30,,91812,12,,,0,71,,102034,12,,,0,32,,91814,12,,,0,74,,102035,12,,,0,34,,102036,12,,,0,71,,102037,12,,,0,32,,102038,12,,,0,69,,102039,12,,,0,25,,102040,12,,,0,68,,102041,12,,,0,28,,91822,12,,,0,77,,102042,12,,,0,38,,91824,12,,,0,94,,102043,12,,,0,98,,102044,12,,,0,153,,91827,12,,,0,54,,102045,12,,,0
3100,'5458',625,,91829,12,,,0,77,,102046,12,,,0,32,,102047,12,,,0,71,,102048,12,,,0,32,,102049,12,,,0,71,,102050,12,,,0,29,,102051,12,,,0,71,,102052,12,,,0,30,,102053,12,,,0,70,,102054,12,,,0,31,,102055,12,,,0,70,,102056,12,,,0,30,,102057,12,,,0,71,,102058,12,,,0,30,,102059,12,,,0,68,,102060,12,,,0,30,,91845,12,,,0,71,,102061,12,,,0,32,,91847,12,,,0,74,,102062,12,,,0,34,,102063,12,,,0,71,,102064,12,,,0,32,,102065,12,,,0,69,,102066,12,,,0,25,,102067,12,,,0,68,,102068,12,,,0,28,,91855,12,,,0,77,,102069,12,,,0,38,,91857,12,,,0,94,,102070,12,,,0,98,,102071,12,,,0,153,,91860,12,,,0,54,,102072,12,,,0
3100,'5459',713,,102073,12,,,0,88,,102074,12,,,0,41,,91864,12,,,0,74,,102075,12,,,0,31,,102076,12,,,0,72,,102077,12,,,0,33,,102078,12,,,0,70,,102079,12,,,0,30,,102080,12,,,0,70,,102081,12,,,0,30,,102082,12,,,0,71,,102083,12,,,0,30,,102084,12,,,0,70,,102085,12,,,0,30,,102086,12,,,0,71,,102087,12,,,0,29,,102088,12,,,0,70,,102089,12,,,0,29,,102090,12,,,0,70,,102091,12,,,0,29,,102092,12,,,0,70,,91883,12,,,0,34,,102093,12,,,0,80,,102094,12,,,0,79,,102095,12,,,0,40,,102096,12,,,0,95,,91888,12,,,0,100,,102097,12,,,0,156,,91890,12,,,0,51,,91891,12,,,0
3100,'5460',713,,102098,12,,,0,112,,102099,12,,,0,94,,102100,12,,,0,40,,102101,12,,,0,81,,102102,12,,,0,80,,102103,12,,,0,30,,102104,12,,,0,70,,91899,12,,,0,30,,102105,12,,,0,71,,102106,12,,,0,30,,91902,12,,,0,70,,102107,12,,,0,30,,102108,12,,,0,70,,91905,12,,,0,31,,102109,12,,,0,70,,102110,12,,,0,29,,102111,12,,,0,69,,102112,12,,,0,30,,91910,12,,,0,69,,102113,12,,,0,35,,102114,12,,,0,80,,102115,12,,,0,80,,102116,12,,,0,40,,102117,12,,,0,95,,102118,12,,,0,100,,102119,12,,,0,152,,91918,12,,,0
3100,'5461',713,,102120,12,,,0,112,,102121,12,,,0,94,,102122,12,,,0,40,,102123,12,,,0,81,,102124,12,,,0,80,,102125,12,,,0,30,,102126,12,,,0,70,,102127,12,,,0,30,,102128,12,,,0,71,,102129,12,,,0,30,,102130,12,,,0,70,,102131,12,,,0,30,,102132,12,,,0,70,,102133,12,,,0,31,,102134,12,,,0,70,,102135,12,,,0,29,,102136,12,,,0,69,,102137,12,,,0,30,,91937,12,,,0,69,,102138,12,,,0,35,,102139,12,,,0,80,,102140,12,,,0,80,,102141,12,,,0,40,,102142,12,,,0,95,,91943,12,,,0,100,,102143,12,,,0,152,,102144,12,,,0
3100,'5462',713,,102145,12,,,0,112,,102146,12,,,0,94,,102147,12,,,0,40,,102148,12,,,0,81,,102149,12,,,0,80,,102150,12,,,0,30,,102151,12,,,0,70,,102152,12,,,0,30,,102153,12,,,0,71,,102154,12,,,0,30,,102155,12,,,0,70,,102156,12,,,0,30,,102157,12,,,0,70,,102158,12,,,0,31,,102159,12,,,0,70,,102160,12,,,0,29,,102161,12,,,0,69,,102162,12,,,0,30,,91964,12,,,0,69,,102163,12,,,0,35,,102164,12,,,0,80,,102165,12,,,0,80,,102166,12,,,0,40,,102167,12,,,0,95,,91970,12,,,0,100,,102168,12,,,0,152,,102169,12,,,0
3100,'5463',713,,102170,12,,,0,112,,102171,12,,,0,94,,102172,12,,,0,40,,102173,12,,,0,81,,102174,12,,,0,80,,102175,12,,,0,30,,102176,12,,,0,70,,102177,12,,,0,30,,102178,12,,,0,71,,102179,12,,,0,30,,102180,12,,,0,70,,102181,12,,,0,30,,102182,12,,,0,70,,102183,12,,,0,31,,102184,12,,,0,70,,102185,12,,,0,29,,102186,12,,,0,69,,102187,12,,,0,30,,91991,12,,,0,69,,102188,12,,,0,35,,102189,12,,,0,80,,102190,12,,,0,80,,102191,12,,,0,40,,102192,12,,,0,95,,91997,12,,,0,100,,102193,12,,,0,152,,102194,12,,,0
3200,'5456',1701,,102354,11,,,0
3200,'5458',1701,,102363,11,,,0
4701,'5456',1628,,93093,11,,,0,29,,93094,11,,,0,71,,93095,11,,,0
4701,'5458',1628,,93096,11,,,0,29,,93097,11,,,0,71,,93098,11,,,0
4801,'5456',1627,,93107,11,,,0,28,,93106,11,,,0,73,,93105,11,,,0
4801,'5458',1627,,93110,11,,,0,28,,93109,11,,,0,73,,93108,11,,,0
5301,'5456',1631,,103137,11,,,0
5301,'5458',1631,,103143,11,,,0
6101,'5456',1519,,95101,11,,,0,30,,103354,11,,,0,73,,95076,11,,,0,24,,95074,11,,,0,57,,95083,11,,,0,24,,95069,11,,,0,81,,103353,11,,,0
6101,'5458',1519,,95138,11,,,0,30,,103361,11,,,0,73,,95113,11,,,0,24,,95111,11,,,0,57,,95119,11,,,0,24,,95106,11,,,0,81,,103360,11,,,0
6501,'5456',1609,,103388,11,,,0,28,,95299,11,,,0,75,,95296,11,,,0,30,,95298,11,,,0
6501,'5458',1609,,103389,11,,,0,28,,95303,11,,,0,75,,95300,11,,,0,30,,95302,11,,,0
7000,'5456',505,,103390,11,,,0,50,,103391,11,,,0,92,,103399,11,,,0,103,,103392,11,,,0,101,,103401,11,,,0,100,,103395,11,,,0,99,,103393,11,,,0,98,,103394,11,,,0,100,,103398,11,,,0,98,,103396,11,,,0,100,,103397,11,,,0,97,,103400,11,,,0,103,,103402,11,,,0,108,,103403,11,,,0,199,,103404,11,,,0,251,,103405,11,,,0
7000,'5458',505,,103406,11,,,0,50,,103407,11,,,0,92,,103415,11,,,0,103,,103408,11,,,0,101,,103417,11,,,0,100,,103411,11,,,0,99,,103409,11,,,0,98,,103410,11,,,0,100,,103414,11,,,0,80,,95336,11,,,0,18,,103412,11,,,0,100,,103413,11,,,0,79,,95337,11,,,0,18,,103416,11,,,0,103,,103418,11,,,0,89,,95338,11,,,0,19,,103419,11,,,0,199,,103420,11,,,0,251,,103421,11,,,0
7000,'5459',503,,103436,11,,,0,55,,95358,11,,,0,99,,95360,11,,,0,83,,103423,11,,,0,14,,103424,11,,,0,98,,95342,11,,,0,87,,95343,11,,,0,13,,103422,11,,,0,98,,103425,11,,,0,84,,95345,11,,,0,16,,95346,11,,,0,99,,103426,11,,,0,84,,103427,11,,,0,15,,103428,11,,,0,102,,95350,11,,,0,83,,103429,11,,,0,16,,103430,11,,,0,101,,103431,11,,,0,84,,103432,11,,,0,17,,103433,11,,,0,203,,103434,11,,,0,254,,103435,11,,,0
7000,'5460',600,,103440,11,,,0,156,,95361,11,,,0,182,,95362,11,,,0,14,,103437,11,,,0,100,,95364,11,,,0,83,,103438,11,,,0,16,,103439,11,,,0,100,,103441,11,,,0,83,,95369,11,,,0,16,,103442,11,,,0,100,,103443,11,,,0,85,,103444,11,,,0,15,,103445,11,,,0,100,,103446,11,,,0,86,,103447,11,,,0,17,,103448,11,,,0,101,,103449,11,,,0,103,,103450,11,,,0,251,,103451,11,,,0
7000,'5461',600,,103457,11,,,0,58,,103467,11,,,0,98,,103452,11,,,0,98,,103469,11,,,0,84,,103453,11,,,0,14,,103454,11,,,0,85,,103468,11,,,0,15,,95383,11,,,0,83,,103455,11,,,0,16,,103456,11,,,0,86,,103470,11,,,0,14,,103458,11,,,0,83,,95388,11,,,0,16,,103459,11,,,0,87,,103471,11,,,0,13,,103460,11,,,0,85,,103461,11,,,0,15,,103462,11,,,0,87,,103472,11,,,0,13,,95393,11,,,0,86,,103463,11,,,0,17,,103464,11,,,0,101,,103465,11,,,0,103,,95397,11,,,0,251,,103466,11,,,0
7000,'5462',600,,103478,11,,,0,58,,103488,11,,,0,98,,103473,11,,,0,98,,103490,11,,,0,84,,103474,11,,,0,14,,103475,11,,,0,85,,103489,11,,,0,15,,95408,11,,,0,83,,103476,11,,,0,16,,103477,11,,,0,86,,103491,11,,,0,14,,103479,11,,,0,83,,95413,11,,,0,16,,103480,11,,,0,87,,103492,11,,,0,13,,103481,11,,,0,85,,103482,11,,,0,15,,103483,11,,,0,87,,103493,11,,,0,13,,95418,11,,,0,86,,103484,11,,,0,17,,103485,11,,,0,101,,103486,11,,,0,103,,95422,11,,,0,251,,103487,11,,,0
7000,'5463',600,,103498,11,,,0,58,,95449,11,,,0,98,,103494,11,,,0,182,,103495,11,,,0,14,,95432,11,,,0,85,,103510,11,,,0,15,,95433,11,,,0,83,,103496,11,,,0,16,,103497,11,,,0,100,,103499,11,,,0,83,,95438,11,,,0,16,,103500,11,,,0,100,,103501,11,,,0,85,,103502,11,,,0,15,,103503,11,,,0,100,,103504,11,,,0,86,,103505,11,,,0,17,,103506,11,,,0,101,,103507,11,,,0,103,,103508,11,,,0,251,,103509,11,,,0
7100,'5456',1520,,103601,11,,,0,104,,95558,11,,,0,106,,103600,11,,,0
7100,'5458',1520,,103603,11,,,0,104,,95561,11,,,0,106,,103602,11,,,0
7200,'5456',602,,103614,11,,,0,36,,103620,11,,,0,68,,103610,11,,,0,27,,103611,11,,,0,71,,103618,11,,,0,32,,103612,11,,,0,70,,103613,11,,,0,30,,103622,11,,,0,72,,103615,11,,,0,29,,103616,11,,,0,70,,103617,11,,,0,27,,103626,11,,,0,70,,103630,11,,,0,29,,103619,11,,,0,70,,103632,11,,,0,28,,103637,11,,,0,70,,103621,11,,,0,29,,103624,11,,,0,28,,103627,11,,,0,70,,103640,11,,,0,28,,103623,11,,,0,71,,103633,11,,,0,32,,103635,11,,,0,77,,103625,11,,,0,69,,103628,11,,,0,31,,103638,11,,,0,70,,103641,11,,,0,31,,103629,11,,,0,73,,103636,11,,,0,31,,103631,11,,,0,100,,103639,11,,,0,101,,103634,11,,,0,158,,95600,11,0,10 11 12,0
7200,'5458',602,,103646,11,,,0,36,,103652,11,,,0,68,,103642,11,,,0,27,,103643,11,,,0,71,,103650,11,,,0,32,,103644,11,,,0,70,,103645,11,,,0,30,,103654,11,,,0,72,,103647,11,,,0,29,,103648,11,,,0,70,,103649,11,,,0,27,,103658,11,,,0,70,,103662,11,,,0,29,,103651,11,,,0,70,,103664,11,,,0,28,,103669,11,,,0,70,,103653,11,,,0,29,,103656,11,,,0,28,,103659,11,,,0,70,,103672,11,,,0,28,,103655,11,,,0,71,,103665,11,,,0,32,,103667,11,,,0,77,,103657,11,,,0,69,,103660,11,,,0,31,,103670,11,,,0,70,,103673,11,,,0,31,,103661,11,,,0,73,,103668,11,,,0,31,,103663,11,,,0,100,,103671,11,,,0,101,,103666,11,,,0,158,,95633,11,0,10 11 12,0
7200,'5459',715,,103674,11,,,0,27,,103675,11,,,0,69,,103676,11,,,0,30,,95637,11,,,0,70,,103677,11,,,0,30,,103678,11,,,0,70,,103679,11,,,0,27,,103680,11,,,0,69,,103681,11,,,0,30,,103682,11,,,0,69,,103683,11,,,0,30,,103684,11,,,0,69,,103685,11,,,0,30,,103686,11,,,0,70,,103687,11,,,0,30,,103688,11,,,0,70,,103689,11,,,0,30,,103690,11,,,0,70,,103691,11,,,0,30,,103692,11,,,0,70,,103693,11,,,0,31,,95655,11,,,0,70,,95656,11,,,0,31,,103694,11,,,0,71,,103695,11,,,0,32,,103696,11,,,0,70,,103697,11,,,0,30,,95661,11,,,0,100,,103698,11,,,0,102,,103699,11,,,0,160,,95664,11,0,10 11 12,0
7200,'5460',742,,103700,11,,,0,100,,103703,11,,,0,98,,103701,11,,,0,98,,103702,11,,,0,70,,103704,11,,,0,29,,103705,11,,,0,70,,103706,11,,,0,29,,103707,11,,,0,70,,103708,11,,,0,30,,103709,11,,,0,70,,103710,11,,,0,30,,103711,11,,,0,70,,103712,11,,,0,30,,103713,11,,,0,70,,103714,11,,,0,30,,103715,11,,,0,71,,103716,11,,,0,31,,95682,11,,,0,71,,103717,11,,,0,30,,103718,11,,,0,70,,103719,11,,,0,33,,95686,11,,,0,99,,95687,11,,,0,101,,103720,11,,,0,103,,95689,11,,,0,76,,103721,11,0,10 11 12,0
7200,'5461',742,,103722,11,,,0,100,,103725,11,,,0,98,,103723,11,,,0,98,,103724,11,,,0,70,,103726,11,,,0,29,,103727,11,,,0,70,,103728,11,,,0,29,,103729,11,,,0,70,,103730,11,,,0,30,,103731,11,,,0,70,,103732,11,,,0,30,,103733,11,,,0,70,,103734,11,,,0,30,,103735,11,,,0,70,,103736,11,,,0,30,,103737,11,,,0,71,,103738,11,,,0,31,,103739,11,,,0,71,,103740,11,,,0,30,,103741,11,,,0,70,,103742,11,,,0,33,,103743,11,,,0,99,,103744,11,,,0,101,,103745,11,,,0,103,,103746,11,,,0,76,,95716,11,0,10 11 12,0
7200,'5462',742,,103747,11,,,0,100,,103750,11,,,0,98,,103748,11,,,0,98,,103749,11,,,0,70,,103751,11,,,0,29,,103752,11,,,0,70,,103753,11,,,0,29,,103754,11,,,0,70,,103755,11,,,0,30,,103756,11,,,0,70,,103757,11,,,0,30,,103758,11,,,0,70,,103759,11,,,0,30,,103760,11,,,0,70,,103761,11,,,0,30,,103762,11,,,0,71,,103763,11,,,0,31,,103764,11,,,0,71,,103765,11,,,0,30,,103766,11,,,0,70,,103767,11,,,0,33,,103768,11,,,0,99,,103769,11,,,0,101,,103770,11,,,0,103,,103771,11,,,0,76,,95742,11,0,10 11 12,0
7200,'5463',742,,103772,11,,,0,100,,103775,11,,,0,98,,103773,11,,,0,98,,103774,11,,,0,70,,103776,11,,,0,29,,103777,11,,,0,70,,103778,11,,,0,29,,103779,11,,,0,70,,103780,11,,,0,30,,103781,11,,,0,70,,103782,11,,,0,30,,103783,11,,,0,70,,103784,11,,,0,30,,103785,11,,,0,70,,103786,11,,,0,30,,103787,11,,,0,71,,103788,11,,,0,31,,95760,11,,,0,71,,103789,11,,,0,30,,103790,11,,,0,70,,103791,11,,,0,33,,103792,11,,,0,99,,95765,11,,,0,101,,103793,11,,,0,103,,103794,11,,,0,76,,95768,11,0,10 11 12,0
7500,'5456',509,,103982,12,0,13 14,0,18,,95968,12,0,13 14,0,16,,103985,12,0,13 14,0,59,,103988,12,0,13 14,0,17,,103991,12,0,13 14,0,17,,95980,12,0,13 14,0,15,,95970,12,0,13 14,0,55,,95983,12,0,13 14,0,16,,95967,12,0,13 14,0,23,,103983,12,0,13 14,0,63,,103984,12,0,13 14,0,26,,103987,12,0,13 14,0,69,,103986,12,0,13 14,0,34,,103990,12,0,13 14,0,68,,103989,12,0,13 14,0,30,,95979,12,0,13 14,0,67,,103995,12,0,13 14,0,29,,95981,12,0,13 14,0,70,,103992,12,0,13 14,0,30,,103993,12,0,13 14,0,69,,95985,12,0,13 14,0,30,,103994,12,0,13 14,0,23,,95988,12,0,13 14,0,71,,103996,12,0,13 14,0,34,,95990,12,0,13 14,0,68,,103997,12,0,13 14,0,30,,95992,12,0,13 14,0,66,,96002,12,0,13 14,0,20,,103998,12,0,13 14,0,61,,103999,12,0,13 14,0,19,,95994,12,0,13 14,0,21,,96001,12,0,13 14,0,59,,104000,12,0,13 14,0,28,,95997,12,0,13 14,0,77,,104001,12,0,13 14,0,110,,95999,12,0,13 14,0,96,,96000,12,0,13 14,0,105,,104002,12,0,13 14,0,110,,104003,12,0,13 14,0
7500,'5458',509,,104004,12,0,13 14,0,18,,96007,12,0,13 14,0,16,,104007,12,0,13 14,0,59,,104010,12,0,13 14,0,17,,104013,12,0,13 14,0,17,,96019,12,0,13 14,0,15,,96009,12,0,13 14,0,55,,96022,12,0,13 14,0,16,,96006,12,0,13 14,0,23,,104005,12,0,13 14,0,63,,104006,12,0,13 14,0,26,,104009,12,0,13 14,0,69,,104008,12,0,13 14,0,34,,104012,12,0,13 14,0,68,,104011,12,0,13 14,0,30,,96018,12,0,13 14,0,67,,104017,12,0,13 14,0,29,,96020,12,0,13 14,0,70,,104014,12,0,13 14,0,30,,104015,12,0,13 14,0,69,,96024,12,0,13 14,0,30,,104016,12,0,13 14,0,23,,96027,12,0,13 14,0,71,,104018,12,0,13 14,0,34,,96029,12,0,13 14,0,68,,104019,12,0,13 14,0,30,,96031,12,0,13 14,0,66,,96041,12,0,13 14,0,20,,104020,12,0,13 14,0,61,,104021,12,0,13 14,0,19,,96033,12,0,13 14,0,21,,96040,12,0,13 14,0,59,,104022,12,0,13 14,0,28,,96036,12,0,13 14,0,77,,104023,12,0,13 14,0,110,,96038,12,0,13 14,0,96,,96039,12,0,13 14,0,105,,104024,12,0,13 14,0,110,,104025,12,0,13 14,0
7500,'5459',622,,96045,12,0,13 14,0,93,,104026,12,0,13 14,0,98,,96047,12,0,13 14,0,95,,96044,12,0,13 14,0,97,,104027,12,0,13 14,0,99,,104028,12,0,13 14,0,30,,104029,12,0,13 14,0,70,,104030,12,0,13 14,0,29,,96052,12,0,13 14,0,71,,96053,12,0,13 14,0,24,,96054,12,0,13 14,0,76,,104031,12,0,13 14,0,30,,104032,12,0,13 14,0,70,,104033,12,0,13 14,0,31,,104034,12,0,13 14,0,70,,96059,12,0,13 14,0,100,,96060,12,0,13 14,0,102,,104035,12,0,13 14,0,102,,104036,12,0,13 14,0,104,,96063,12,0,13 14,0,98,,96064,12,0,13 14,0,106,,96065,12,0,13 14,0,102,,96066,12,0,13 14,0
7500,'5460',617,,104037,12,0,13 14,0,98,,104038,12,0,13 14,0,101,,96069,12,0,13 14,0,93,,104039,12,0,13 14,0,98,,96071,12,0,13 14,0,99,,96072,12,0,13 14,0,29,,104040,12,0,13 14,0,70,,104041,12,0,13 14,0,29,,104042,12,0,13 14,0,69,,104043,12,0,13 14,0,30,,96077,12,0,13 14,0,70,,104044,12,0,13 14,0,30,,96079,12,0,13 14,0,70,,104045,12,0,13 14,0,100,,104046,12,0,13 14,0,101,,96082,12,0,13 14,0,106,,104047,12,0,13 14,0,103,,104048,12,0,13 14,0,104,,104049,12,0,13 14,0,97,,96086,12,0,13 14,0,134,,104050,12,0,13 14,0
7500,'5461',617,,104051,12,0,13 14,0,98,,96089,12,0,13 14,0,101,,96090,12,0,13 14,0,93,,96091,12,0,13 14,0,98,,96092,12,0,13 14,0,99,,96093,12,0,13 14,0,29,,104052,12,0,13 14,0,70,,104053,12,0,13 14,0,29,,104054,12,0,13 14,0,69,,104055,12,0,13 14,0,30,,96098,12,0,13 14,0,70,,104056,12,0,13 14,0,30,,96100,12,0,13 14,0,70,,104057,12,0,13 14,0,100,,104058,12,0,13 14,0,101,,104059,12,0,13 14,0,106,,104060,12,0,13 14,0,103,,96105,12,0,13 14,0,104,,104061,12,0,13 14,0,97,,104062,12,0,13 14,0,134,,96108,12,0,13 14,0
7500,'5462',617,,104063,12,0,13 14,0,98,,96110,12,0,13 14,0,101,,96111,12,0,13 14,0,93,,96112,12,0,13 14,0,98,,96113,12,0,13 14,0,99,,96114,12,0,13 14,0,29,,104064,12,0,13 14,0,70,,104065,12,0,13 14,0,29,,104066,12,0,13 14,0,69,,104067,12,0,13 14,0,30,,96119,12,0,13 14,0,70,,104068,12,0,13 14,0,30,,96121,12,0,13 14,0,70,,104069,12,0,13 14,0,100,,104070,12,0,13 14,0,101,,104071,12,0,13 14,0,106,,104072,12,0,13 14,0,103,,96126,12,0,13 14,0,104,,104073,12,0,13 14,0,97,,104074,12,0,13 14,0,134,,96129,12,0,13 14,0
7500,'5463',617,,104075,12,0,13 14,0,98,,96131,12,0,13 14,0,101,,96132,12,0,13 14,0,93,,96133,12,0,13 14,0,98,,96134,12,0,13 14,0,99,,96135,12,0,13 14,0,29,,104076,12,0,13 14,0,70,,104077,12,0,13 14,0,29,,104078,12,0,13 14,0,69,,104079,12,0,13 14,0,30,,96140,12,0,13 14,0,70,,104080,12,0,13 14,0,30,,96142,12,0,13 14,0,70,,104081,12,0,13 14,0,100,,104082,12,0,13 14,0,101,,104083,12,0,13 14,0,106,,104084,12,0,13 14,0,103,,96147,12,0,13 14,0,104,,104085,12,0,13 14,0,97,,104086,12,0,13 14,0,134,,96150,12,0,13 14,0
9501,'5456',516,,105008,7,0,15,0,26,,105009,7,0,15,0,58,,105010,7,0,15,0,13,,105011,7,0,15,0,12,,105015,7,0,15,0,14,,105014,7,0,15,0,12,,105017,7,0,15,0,52,,105012,7,0,15,0,13,,105024,7,0,15,0,12,,105026,7,0,15,0,13,,105025,7,0,15,0,12,,105016,7,0,15,0,52,,105023,7,0,15,0,13,,105022,7,0,15,0,13,,105013,7,0,15,0,12,,105018,7,0,15,0,12,,105021,7,0,15,0,52,,105020,7,0,15,0,12,,105019,7,0,15,0,12,,105027,7,0,15,0,12,,105041,7,0,15,0,12,,105031,7,0,15,0,52,,105040,7,0,15,0,12,,105045,7,0,15,0,12,,105029,7,0,15,0,11,,105042,7,0,15,0,12,,105037,7,0,15,0,52,,105039,7,0,15,0,12,,105034,7,0,15,0,12,,105044,7,0,15,0,12,,105035,7,0,15,0,12,,105030,7,0,15,0,52,,105036,7,0,15,0,12,,105032,7,0,15,0,12,,105028,7,0,15,0,12,,105043,7,0,15,0,11,,105033,7,0,15,0,51,,105038,7,0,15,0,10,,97466,7,0,15,0,10,,105055,7,0,15,0,10,,105059,7,0,15,0,10,,105054,7,0,15,0,10,,105047,7,0,15,0,50,,105090,7,0,15,0,10,,105053,7,0,15,0,10,,105048,7,0,15,0,10,,97467,7,0,15,0,11,,105058,7,0,15,0,10,,105051,7,0,15,0,50,,105052,7,0,15,0,10,,105057,7,0,15,0,10,,97464,7,0,15,0,10,,105056,7,0,15,0,10,,105060,7,0,15,0,10,,105049,7,0,15,0,49,,105092,7,0,15,0,8,,105046,7,0,15,0,8,,105087,7,0,15,0,8,,105050,7,0,15,0,8,,105097,7,0,15,0,8,,105062,7,0,15,0,9,,97468,7,0,15,0,48,,105074,7,0,15,0,7,,97482,7,0,15,0,1,,105067,7,0,15,0,7,,97465,7,0,15,0,8,,105066,7,0,15,0,8,,105072,7,0,15,0,8,,97481,7,0,15,0,10,,105070,7,0,15,0,8,,105069,7,0,15,0,48,,105076,7,0,15,0,10,,105064,7,0,15,0,10,,105091,7,0,15,0,10,,105089,7,0,15,0,11,,105096,7,0,15,0,12,,105061,7,0,15,0,52,,105068,7,0,15,0,12,,105065,7,0,15,0,12,,105073,7,0,15,0,12,,105071,7,0,15,0,12,,105075,7,0,15,0,54,,105063,7,0,15,0,15,,105088,7,0,15,0,15,,105095,7,0,15,0,15,,105081,7,0,15,0,55,,105080,7,0,15,0,15,,105082,7,0,15,0,15,,105084,7,0,15,0,14,,105078,7,0,15,0,60,,105086,7,0,15,0,20,,105093,7,0,15,0,20,,105079,7,0,15,0,60,,105083,7,0,15,0,27,,105077,7,0,15,0,69,,105094,7,0,15,0,30,,105085,7,0,15,0
9501,'5458',516,,105098,7,0,15,0,26,,105099,7,0,15,0,58,,105100,7,0,15,0,13,,105101,7,0,15,0,12,,105105,7,0,15,0,14,,105104,7,0,15,0,12,,105107,7,0,15,0,52,,105102,7,0,15,0,13,,105114,7,0,15,0,12,,105116,7,0,15,0,13,,105115,7,0,15,0,12,,105106,7,0,15,0,52,,105113,7,0,15,0,13,,105112,7,0,15,0,13,,105103,7,0,15,0,12,,105108,7,0,15,0,12,,105111,7,0,15,0,52,,105110,7,0,15,0,12,,105109,7,0,15,0,12,,105117,7,0,15,0,12,,105131,7,0,15,0,12,,105121,7,0,15,0,52,,105130,7,0,15,0,12,,105135,7,0,15,0,12,,105119,7,0,15,0,11,,105132,7,0,15,0,12,,105127,7,0,15,0,52,,105129,7,0,15,0,12,,105124,7,0,15,0,12,,105134,7,0,15,0,12,,105125,7,0,15,0,12,,105120,7,0,15,0,52,,105126,7,0,15,0,12,,105122,7,0,15,0,12,,105118,7,0,15,0,12,,105133,7,0,15,0,11,,105123,7,0,15,0,51,,105128,7,0,15,0,10,,97565,7,0,15,0,10,,105145,7,0,15,0,10,,105149,7,0,15,0,10,,105144,7,0,15,0,10,,105137,7,0,15,0,50,,105181,7,0,15,0,10,,105143,7,0,15,0,10,,105138,7,0,15,0,10,,97566,7,0,15,0,11,,105148,7,0,15,0,10,,105141,7,0,15,0,50,,105142,7,0,15,0,10,,105147,7,0,15,0,10,,97563,7,0,15,0,10,,105146,7,0,15,0,10,,105150,7,0,15,0,10,,105139,7,0,15,0,49,,105183,7,0,15,0,8,,105136,7,0,15,0,8,,105178,7,0,15,0,8,,105140,7,0,15,0,8,,105188,7,0,15,0,8,,105152,7,0,15,0,9,,97567,7,0,15,0,48,,105164,7,0,15,0,7,,97584,7,0,15,0,1,,105157,7,0,15,0,7,,97564,7,0,15,0,8,,105156,7,0,15,0,8,,105162,7,0,15,0,8,,97580,7,0,15,0,10,,105160,7,0,15,0,8,,105159,7,0,15,0,48,,105166,7,0,15,0,10,,105154,7,0,15,0,10,,105182,7,0,15,0,10,,105180,7,0,15,0,11,,105187,7,0,15,0,12,,105151,7,0,15,0,52,,105158,7,0,15,0,12,,105155,7,0,15,0,12,,105163,7,0,15,0,12,,105161,7,0,15,0,12,,105165,7,0,15,0,54,,105153,7,0,15,0,15,,105179,7,0,15,0,15,,105186,7,0,15,0,15,,105171,7,0,15,0,55,,105170,7,0,15,0,15,,105172,7,0,15,0,15,,105174,7,0,15,0,14,,105168,7,0,15,0,60,,105177,7,0,15,0,20,,105184,7,0,15,0,20,,105169,7,0,15,0,60,,105173,7,0,15,0,27,,105167,7,0,15,0,69,,105185,7,0,15,0,30,,105176,7,0,15,0,70,,105175,7,0,15,0,30,,105189,7,0,15,0,70,,105190,7,0,15,0,30,,97583,7,0,15,0
9501,'5459',613,,105192,7,0,15,0,36,,105193,7,0,15,0,60,,105194,7,0,15,0,19,,105195,7,0,15,0,20,,105196,7,0,15,0,55,,105197,7,0,15,0,15,,105191,7,0,15,0,15,,105198,7,0,15,0,16,,105199,7,0,15,0,55,,105200,7,0,15,0,15,,105201,7,0,15,0,15,,105202,7,0,15,0,16,,105203,7,0,15,0,55,,105204,7,0,15,0,15,,105205,7,0,15,0,15,,105206,7,0,15,0,16,,105207,7,0,15,0,55,,105208,7,0,15,0,15,,105209,7,0,15,0,15,,105210,7,0,15,0,15,,105211,7,0,15,0,55,,105212,7,0,15,0,14,,105213,7,0,15,0,13,,105214,7,0,15,0,12,,105215,7,0,15,0,12,,105216,7,0,15,0,52,,105217,7,0,15,0,12,,105218,7,0,15,0,12,,97613,7,0,15,0,12,,105219,7,0,15,0,12,,105220,7,0,15,0,52,,105221,7,0,15,0,13,,105222,7,0,15,0,13,,105223,7,0,15,0,12,,105224,7,0,15,0,12,,105225,7,0,15,0,52,,105226,7,0,15,0,13,,105227,7,0,15,0,12,,105228,7,0,15,0,12,,97624,7,0,15,0,11,,105229,7,0,15,0,52,,105230,7,0,15,0,12,,105231,7,0,15,0,11,,105232,7,0,15,0,12,,105233,7,0,15,0,12,,105234,7,0,15,0,52,,105235,7,0,15,0,12,,105236,7,0,15,0,12,,105237,7,0,15,0,12,,105238,7,0,15,0,12,,105239,7,0,15,0,52,,105240,7,0,15,0,12,,105241,7,0,15,0,12,,105242,7,0,15,0,12,,105243,7,0,15,0,13,,105244,7,0,15,0,55,,105245,7,0,15,0,15,,105246,7,0,15,0,15,,105247,7,0,15,0,14,,105248,7,0,15,0,55,,105249,7,0,15,0,15,,105250,7,0,15,0,15,,105251,7,0,15,0,15,,105252,7,0,15,0,55,,105253,7,0,15,0,15,,105254,7,0,15,0,15,,105255,7,0,15,0,15,,105256,7,0,15,0,60,,105257,7,0,15,0,20,,105258,7,0,15,0,20,,105259,7,0,15,0,60,,105260,7,0,15,0,26,,105261,7,0,15,0,69,,105262,7,0,15,0,30,,105263,7,0,15,0,70,,105264,7,0,15,0,30,,105265,7,0,15,0,70,,105266,7,0,15,0,30,,97663,7,0,15,0
9501,'5460',655,,105267,7,0,15,0,70,,105268,7,0,15,0,20,,105269,7,0,15,0,60,,105270,7,0,15,0,20,,105271,7,0,15,0,15,,105272,7,0,15,0,15,,105273,7,0,15,0,55,,105274,7,0,15,0,15,,105275,7,0,15,0,16,,105276,7,0,15,0,15,,105277,7,0,15,0,55,,105278,7,0,15,0,15,,105283,7,0,15,0,15,,105279,7,0,15,0,15,,105280,7,0,15,0,55,,105281,7,0,15,0,15,,105284,7,0,15,0,16,,105285,7,0,15,0,15,,105282,7,0,15,0,55,,105286,7,0,15,0,15,,105287,7,0,15,0,15,,105288,7,0,15,0,15,,105289,7,0,15,0,55,,105290,7,0,15,0,15,,105291,7,0,15,0,15,,105292,7,0,15,0,15,,105293,7,0,15,0,55,,105294,7,0,15,0,15,,105295,7,0,15,0,15,,105296,7,0,15,0,15,,105297,7,0,15,0,55,,105298,7,0,15,0,15,,105299,7,0,15,0,16,,105300,7,0,15,0,13,,105301,7,0,15,0,52,,105302,7,0,15,0,11,,105303,7,0,15,0,13,,105304,7,0,15,0,12,,105305,7,0,15,0,12,,105306,7,0,15,0,53,,105307,7,0,15,0,12,,105308,7,0,15,0,12,,105309,7,0,15,0,12,,105310,7,0,15,0,14,,105311,7,0,15,0,55,,105312,7,0,15,0,15,,105313,7,0,15,0,15,,105314,7,0,15,0,14,,105315,7,0,15,0,55,,105316,7,0,15,0,15,,105317,7,0,15,0,15,,105318,7,0,15,0,15,,105319,7,0,15,0,55,,105320,7,0,15,0,14,,105321,7,0,15,0,15,,105322,7,0,15,0,15,,105323,7,0,15,0,55,,105324,7,0,15,0,15,,105325,7,0,15,0,15,,105326,7,0,15,0,15,,105328,7,0,15,0,60,,105327,7,0,15,0,20,,105329,7,0,15,0,19,,105330,7,0,15,0,60,,105331,7,0,15,0,32,,105332,7,0,15,0,75,,105333,7,0,15,0
9501,'5461',655,,105334,7,0,15,0,70,,105335,7,0,15,0,20,,105336,7,0,15,0,60,,105337,7,0,15,0,20,,105338,7,0,15,0,15,,105339,7,0,15,0,15,,105340,7,0,15,0,55,,105341,7,0,15,0,15,,105342,7,0,15,0,16,,105343,7,0,15,0,15,,105344,7,0,15,0,55,,105345,7,0,15,0,15,,105350,7,0,15,0,15,,105346,7,0,15,0,15,,105347,7,0,15,0,55,,105348,7,0,15,0,15,,105351,7,0,15,0,16,,105352,7,0,15,0,15,,105349,7,0,15,0,55,,105353,7,0,15,0,15,,105354,7,0,15,0,15,,105355,7,0,15,0,15,,105356,7,0,15,0,55,,105357,7,0,15,0,15,,105358,7,0,15,0,15,,105359,7,0,15,0,15,,105360,7,0,15,0,55,,105361,7,0,15,0,15,,105362,7,0,15,0,15,,105363,7,0,15,0,15,,105364,7,0,15,0,55,,105365,7,0,15,0,15,,105366,7,0,15,0,16,,105367,7,0,15,0,13,,105368,7,0,15,0,52,,105369,7,0,15,0,11,,105370,7,0,15,0,13,,105371,7,0,15,0,12,,105372,7,0,15,0,12,,105373,7,0,15,0,53,,105374,7,0,15,0,12,,105375,7,0,15,0,12,,105376,7,0,15,0,12,,105377,7,0,15,0,14,,105378,7,0,15,0,55,,105379,7,0,15,0,15,,105380,7,0,15,0,15,,105381,7,0,15,0,14,,105382,7,0,15,0,55,,105383,7,0,15,0,15,,105384,7,0,15,0,15,,105385,7,0,15,0,15,,105386,7,0,15,0,55,,105387,7,0,15,0,14,,105388,7,0,15,0,15,,105389,7,0,15,0,15,,105390,7,0,15,0,55,,105391,7,0,15,0,15,,105392,7,0,15,0,15,,105393,7,0,15,0,15,,105395,7,0,15,0,60,,105394,7,0,15,0,20,,105396,7,0,15,0,19,,105397,7,0,15,0,60,,105398,7,0,15,0,32,,105399,7,0,15,0,75,,105400,7,0,15,0
9501,'5462',655,,105401,7,0,15,0,70,,105402,7,0,15,0,20,,105403,7,0,15,0,60,,105404,7,0,15,0,20,,105405,7,0,15,0,15,,105406,7,0,15,0,15,,105407,7,0,15,0,55,,105408,7,0,15,0,15,,105409,7,0,15,0,16,,105410,7,0,15,0,15,,105411,7,0,15,0,55,,105412,7,0,15,0,15,,105417,7,0,15,0,15,,105413,7,0,15,0,15,,105414,7,0,15,0,55,,105415,7,0,15,0,15,,105418,7,0,15,0,16,,105419,7,0,15,0,15,,105416,7,0,15,0,55,,105420,7,0,15,0,15,,105421,7,0,15,0,15,,105422,7,0,15,0,15,,105423,7,0,15,0,55,,105424,7,0,15,0,15,,105425,7,0,15,0,15,,105426,7,0,15,0,15,,105427,7,0,15,0,55,,105428,7,0,15,0,15,,105429,7,0,15,0,15,,105430,7,0,15,0,15,,105431,7,0,15,0,55,,105432,7,0,15,0,15,,105433,7,0,15,0,16,,105434,7,0,15,0,13,,105435,7,0,15,0,52,,105436,7,0,15,0,11,,105437,7,0,15,0,13,,105438,7,0,15,0,12,,105439,7,0,15,0,12,,105440,7,0,15,0,53,,105441,7,0,15,0,12,,105442,7,0,15,0,12,,105443,7,0,15,0,12,,105444,7,0,15,0,14,,105445,7,0,15,0,55,,105446,7,0,15,0,15,,105447,7,0,15,0,15,,105448,7,0,15,0,14,,105449,7,0,15,0,55,,105450,7,0,15,0,15,,105451,7,0,15,0,15,,105452,7,0,15,0,15,,105453,7,0,15,0,55,,105454,7,0,15,0,14,,105455,7,0,15,0,15,,105456,7,0,15,0,15,,105457,7,0,15,0,55,,105458,7,0,15,0,15,,105459,7,0,15,0,15,,105460,7,0,15,0,15,,105462,7,0,15,0,60,,105461,7,0,15,0,20,,105463,7,0,15,0,19,,105464,7,0,15,0,60,,105465,7,0,15,0,32,,105466,7,0,15,0,75,,105467,7,0,15,0
9501,'5463',655,,105468,7,0,15,0,70,,105469,7,0,15,0,20,,105470,7,0,15,0,60,,105471,7,0,15,0,20,,105472,7,0,15,0,15,,105473,7,0,15,0,15,,105474,7,0,15,0,55,,105475,7,0,15,0,15,,105476,7,0,15,0,16,,105477,7,0,15,0,15,,105478,7,0,15,0,55,,105479,7,0,15,0,15,,105484,7,0,15,0,15,,105480,7,0,15,0,15,,105481,7,0,15,0,55,,105482,7,0,15,0,15,,105485,7,0,15,0,16,,105486,7,0,15,0,15,,105483,7,0,15,0,55,,105487,7,0,15,0,15,,105488,7,0,15,0,15,,105489,7,0,15,0,15,,105490,7,0,15,0,55,,105491,7,0,15,0,15,,105492,7,0,15,0,15,,105493,7,0,15,0,15,,105494,7,0,15,0,55,,105495,7,0,15,0,15,,105496,7,0,15,0,15,,105497,7,0,15,0,15,,105498,7,0,15,0,55,,105499,7,0,15,0,15,,105500,7,0,15,0,16,,105501,7,0,15,0,13,,105502,7,0,15,0,52,,105503,7,0,15,0,11,,105504,7,0,15,0,13,,105505,7,0,15,0,12,,105506,7,0,15,0,12,,105507,7,0,15,0,53,,105508,7,0,15,0,12,,105509,7,0,15,0,12,,105510,7,0,15,0,12,,105511,7,0,15,0,14,,105512,7,0,15,0,55,,105513,7,0,15,0,15,,105514,7,0,15,0,15,,105515,7,0,15,0,14,,105516,7,0,15,0,55,,105517,7,0,15,0,15,,105518,7,0,15,0,15,,105519,7,0,15,0,15,,105520,7,0,15,0,55,,105521,7,0,15,0,14,,105522,7,0,15,0,15,,105523,7,0,15,0,15,,105524,7,0,15,0,55,,105525,7,0,15,0,15,,105526,7,0,15,0,15,,105527,7,0,15,0,15,,105529,7,0,15,0,60,,105528,7,0,15,0,20,,105530,7,0,15,0,19,,105531,7,0,15,0,60,,105532,7,0,15,0,32,,105533,7,0,15,0,75,,105534,7,0,15,0
1007200,'5456',526,,105685,11,,,0
1007200,'5458',526,,105686,11,,,0
1007200,'5459',538,,105687,11,,,0,96,,105688,11,,,0
1007200,'5460',635,,98261,11,,,0
1007200,'5461',635,,105689,11,,,0
1007200,'5462',635,,105690,11,,,0
1007200,'5463',635,,105691,11,,,0
