200,'5456',610,,81973,41,,,0,41,,81974,41,,,0,61,,81975,41,,,0,32,,81976,41,,,0,73,,81977,41,,,0,31,,81978,41,,,0,71,,81979,41,,,0,29,,81980,41,,,0,86,,81982,41,,,0,78,,81983,41,,,0,42,,81984,41,,,0,81,,81985,41,,,0,80,,81986,41,,,0,41,,81987,41,,,0,80,,81988,41,,,0,79,,81989,41,,,0,35,,82007,41,,,0,76,,82003,41,,,0,77,,82005,41,,,0,47,,81997,41,,,0,72,,81995,41,,,0,78,,82002,41,,,0,49,,81994,41,,,0,78,,82001,41,,,0,82,,81993,41,,,0,40,,82000,41,,,0,78,,81992,41,,,0,79,,81999,41,,,0,39,,81991,41,,,0,78,,81998,41,,,0
200,'5458',610,,82008,41,,,0,41,,82009,41,,,0,61,,82010,41,,,0,32,,82011,41,,,0,73,,82012,41,,,0,31,,82013,41,,,0,71,,82014,41,,,0,29,,82015,41,,,0,86,,82017,41,,,0,78,,82018,41,,,0,42,,82019,41,,,0,81,,82020,41,,,0,80,,82021,41,,,0,41,,82022,41,,,0,80,,82023,41,,,0,79,,82024,41,,,0,35,,82043,41,,,0,76,,82039,41,,,0,77,,82041,41,,,0,47,,82033,41,,,0,72,,82031,41,,,0,78,,82038,41,,,0,49,,82030,41,,,0,78,,82037,41,,,0,82,,82029,41,,,0,40,,82036,41,,,0,78,,82028,41,,,0,79,,82035,41,,,0,39,,82027,41,,,0,78,,82034,41,,,0
200,'5459',619,,82063,41,,,0,113,,82066,41,,,0,122,,82064,41,,,0,80,,82052,41,,,0,88,,82065,41,,,0,80,,82050,41,,,0,40,,82044,41,,,0,81,,82051,41,,,0,80,,82045,41,,,0,41,,82058,41,,,0,81,,82046,41,,,0,81,,82049,41,,,0,40,,82048,41,,,0,79,,82047,41,,,0,79,,82061,41,,,0,39,,82062,41,,,0,74,,82060,41,,,0,40,,82054,41,,,0,75,,82055,41,,,0,94,,82057,41,,,0,80,,82056,41,,,0,45,,82072,41,,,0,80,,82069,41,,,0,80,,82068,41,,,0,37,,82070,41,,,0,78,,82067,41,,,0
200,'5460',715,,82096,41,,,0,122,,82095,41,,,0,122,,82094,41,,,0,141,,82075,41,,,0,41,,82093,41,,,0,81,,82081,41,,,0,80,,82079,41,,,0,40,,82074,41,,,0,82,,82076,41,,,0,80,,82087,41,,,0,40,,82082,41,,,0,80,,82077,41,,,0,79,,82080,41,,,0,39,,82078,41,,,0,74,,82088,41,,,0,39,,82084,41,,,0,94,,82089,41,,,0,80,,82085,41,,,0,80,,82091,41,,,0,38,,82092,41,,,0,80,,82090,41,,,0,79,,82097,41,,,0,39,,82098,41,,,0
200,'5461',715,,82121,41,,,0,122,,82120,41,,,0,122,,82119,41,,,0,141,,82100,41,,,0,41,,82118,41,,,0,81,,82106,41,,,0,80,,82104,41,,,0,40,,82099,41,,,0,82,,82101,41,,,0,80,,82112,41,,,0,40,,82107,41,,,0,80,,82102,41,,,0,79,,82105,41,,,0,39,,82103,41,,,0,74,,82113,41,,,0,39,,82109,41,,,0,94,,82114,41,,,0,80,,82110,41,,,0,80,,82116,41,,,0,38,,82117,41,,,0,80,,82115,41,,,0,79,,82122,41,,,0,39,,82123,41,,,0
200,'5462',715,,82146,41,,,0,122,,82145,41,,,0,122,,82144,41,,,0,141,,82125,41,,,0,41,,82143,41,,,0,81,,82131,41,,,0,80,,82129,41,,,0,40,,82124,41,,,0,82,,82126,41,,,0,80,,82137,41,,,0,40,,82132,41,,,0,80,,82127,41,,,0,79,,82130,41,,,0,39,,82128,41,,,0,74,,82138,41,,,0,39,,82134,41,,,0,94,,82139,41,,,0,80,,82135,41,,,0,80,,82141,41,,,0,38,,82142,41,,,0,80,,82140,41,,,0,79,,82147,41,,,0,39,,82148,41,,,0
200,'5463',715,,82171,41,,,0,122,,82170,41,,,0,122,,82169,41,,,0,141,,82150,41,,,0,41,,82168,41,,,0,81,,82156,41,,,0,80,,82154,41,,,0,40,,82149,41,,,0,82,,82151,41,,,0,80,,82162,41,,,0,40,,82157,41,,,0,80,,82152,41,,,0,79,,82155,41,,,0,39,,82153,41,,,0,74,,82163,41,,,0,39,,82159,41,,,0,94,,82164,41,,,0,80,,82160,41,,,0,80,,82166,41,,,0,38,,82167,41,,,0,80,,82165,41,,,0,79,,82172,41,,,0,39,,82173,41,,,0
800,'5456',654,,85019,49,,,0,92,,85020,49,,,0,74,,85021,49,,,0,21,,85043,49,,,0,59,,85023,49,,,0,46,,85022,49,,,0,75,,85025,49,,,0,81,,85024,49,,,0,45,,85026,49,,,0,78,,85029,49,,,0,84,,85027,49,,,0,44,,85028,49,,,0,84,,85031,49,,,0,102,,85030,49,,,0,83,,85033,49,,,0,86,,85032,49,,,0,29,,85035,49,,,0,71,,85034,49,,,0,31,,85037,49,,,0,68,,85036,49,,,0,29,,85038,49,,,0,94,,85039,49,,,0,83,,85040,49,,,0,96,,85041,49,,,0,42,,85042,49,,,0
800,'5458',654,,85045,49,,,0,92,,85046,49,,,0,74,,85047,49,,,0,21,,85069,49,,,0,59,,85049,49,,,0,46,,85048,49,,,0,75,,85051,49,,,0,81,,85050,49,,,0,45,,85052,49,,,0,78,,85055,49,,,0,84,,85053,49,,,0,44,,85054,49,,,0,84,,85057,49,,,0,102,,85056,49,,,0,83,,85059,49,,,0,86,,85058,49,,,0,29,,85061,49,,,0,71,,85060,49,,,0,31,,85063,49,,,0,68,,85062,49,,,0,29,,85064,49,,,0,94,,85065,49,,,0,83,,85066,49,,,0,96,,85067,49,,,0,42,,85068,49,,,0
800,'5459',741,,85077,38,,,0,85,,85078,38,,,0,87,,85079,38,,,0,87,,85072,38,,,0,51,,85073,38,,,0,87,,85071,38,,,0,90,,85074,38,,,0,91,,85075,38,,,0,92,,85076,38,,,0,92,,85080,38,,,0,50,,85081,38,,,0,91,,85082,38,,,0,88,,85083,38,,,0,84,,85084,38,,,0,84,,85085,38,,,0
800,'5460',911,,85087,38,,,0,47,,85088,38,,,0,91,,85089,38,,,0,87,,85090,38,,,0,91,,85091,38,,,0,92,,85086,38,,,0,90,,85092,38,,,0,92,,85093,38,,,0,51,,85094,38,,,0,91,,85095,38,,,0,87,,85096,38,,,0
800,'5461',911,,85098,38,,,0,47,,85099,38,,,0,91,,85100,38,,,0,87,,85101,38,,,0,91,,85102,38,,,0,92,,85097,38,,,0,90,,85103,38,,,0,92,,85104,38,,,0,51,,85105,38,,,0,91,,85106,38,,,0,87,,85107,38,,,0
800,'5462',911,,85109,38,,,0,47,,85110,38,,,0,91,,85111,38,,,0,87,,85112,38,,,0,91,,85113,38,,,0,92,,85108,38,,,0,90,,85114,38,,,0,92,,85115,38,,,0,51,,85116,38,,,0,91,,85117,38,,,0,87,,85118,38,,,0
800,'5463',911,,85120,38,,,0,47,,85121,38,,,0,91,,85122,38,,,0,87,,85123,38,,,0,91,,85124,38,,,0,92,,85119,38,,,0,90,,85125,38,,,0,92,,85126,38,,,0,51,,85127,38,,,0,91,,85128,38,,,0,87,,85129,38,,,0
