4701,'5456',1706,,93093,38,,,0,27,,93094,38,,,0,68,,93095,38,,,0
4701,'5458',1706,,93096,38,,,0,27,,93097,38,,,0,68,,93098,38,,,0
4900,'5456',727,,93114,17,,,0,100,,93113,17,,,0,173,,93112,17,,,0,200,,93111,17,,,0,126,,93115,17,,,0,183,,93119,17,,,0,104,,93118,17,,,0,95,,93121,17,,,0,107,,93116,17,,,0,195,,93120,17,,,0,208,,93117,17,,,0
4900,'5458',727,,93125,17,,,0,100,,93124,17,,,0,173,,93123,17,,,0,200,,93122,17,,,0,126,,93126,17,,,0,183,,93130,17,,,0,104,,93129,17,,,0,95,,93132,17,,,0,107,,93127,17,,,0,195,,93131,17,,,0,208,,93128,17,,,0
4900,'5459',824,,93138,17,,,0,211,,93139,17,,,0,201,,93134,17,,,0,210,,93135,17,,,0,210,,93136,17,,,0,194,,93137,17,,,0,267,,93133,17,,,0
4900,'5460',824,,93141,17,,,0,210,,93140,17,,,0,201,,93142,17,,,0,210,,93143,17,,,0,210,,93145,17,,,0,194,,93146,17,,,0,268,,93144,17,,,0
4900,'5461',824,,93148,17,,,0,210,,93147,17,,,0,201,,93149,17,,,0,210,,93150,17,,,0,210,,93152,17,,,0,194,,93153,17,,,0,268,,93151,17,,,0
4900,'5462',824,,93155,17,,,0,210,,93154,17,,,0,201,,93156,17,,,0,210,,93157,17,,,0,210,,93159,17,,,0,194,,93160,17,,,0,268,,93158,17,,,0
4900,'5463',824,,93162,17,,,0,210,,93161,17,,,0,201,,93163,17,,,0,210,,93164,17,,,0,210,,93166,17,,,0,194,,93167,17,,,0,268,,93165,17,,,0
5701,'5456',608,,94106,18,,,0,49,,94109,18,,,0,85,,94119,18,,,0,80,,94125,18,,,0,10,,94111,18,,,0,81,,94108,18,,,0,87,,94107,18,,,0,45,,94110,18,,,0,85,,94112,18,,,0,85,,94113,18,,,0,86,,94114,18,,,0,45,,94115,18,,,0,90,,94116,18,,,0,101,,94126,18,,,0,72,,94127,18,,,0,43,,94117,18,,,0,85,,94118,18,,,0,87,,94120,18,,,0,88,,94121,18,,,0,99,,94122,18,,,0,114,,94123,18,,,0,110,,94124,18,,,0
5701,'5458',608,,94128,18,,,0,49,,94131,18,,,0,85,,94141,18,,,0,80,,94147,18,,,0,10,,94133,18,,,0,81,,94130,18,,,0,87,,94129,18,,,0,45,,94132,18,,,0,85,,94134,18,,,0,85,,94135,18,,,0,86,,94136,18,,,0,45,,94137,18,,,0,90,,94138,18,,,0,101,,94148,18,,,0,72,,94149,18,,,0,43,,94139,18,,,0,85,,94140,18,,,0,87,,94142,18,,,0,88,,94143,18,,,0,99,,94144,18,,,0,114,,94145,18,,,0,110,,94146,18,,,0
5701,'5459',634,,94161,18,,,0,108,,94151,18,,,0,97,,94162,18,,,0,105,,94165,18,,,0,102,,94163,18,,,0,107,,94164,18,,,0,150,,94150,18,,,0,100,,94156,18,,,0,110,,94160,18,,,0,101,,94157,18,,,0,108,,94152,18,,,0,91,,94154,18,,,0,113,,94158,18,,,0,99,,94159,18,,,0,99,,94155,18,,,0,113,,94153,18,,,0
5701,'5460',742,,94169,18,,,0,99,,94166,18,,,0,105,,94168,18,,,0,100,,94167,18,,,0,107,,94170,18,,,0,150,,94173,18,,,0,100,,94171,18,,,0,110,,94174,18,,,0,100,,94172,18,,,0,109,,94178,18,,,0,90,,94180,18,,,0,113,,94179,18,,,0,100,,94177,18,,,0,99,,94176,18,,,0,85,,94175,18,,,0
5701,'5461',742,,94184,18,,,0,99,,94181,18,,,0,105,,94183,18,,,0,100,,94182,18,,,0,107,,94185,18,,,0,150,,94188,18,,,0,100,,94186,18,,,0,110,,94189,18,,,0,100,,94187,18,,,0,109,,94193,18,,,0,90,,94195,18,,,0,113,,94194,18,,,0,100,,94192,18,,,0,99,,94191,18,,,0,85,,94190,18,,,0
5701,'5462',742,,94199,18,,,0,99,,94196,18,,,0,105,,94198,18,,,0,100,,94197,18,,,0,107,,94200,18,,,0,150,,94203,18,,,0,100,,94201,18,,,0,110,,94204,18,,,0,100,,94202,18,,,0,109,,94208,18,,,0,90,,94210,18,,,0,113,,94209,18,,,0,100,,94207,18,,,0,99,,94206,18,,,0,85,,94205,18,,,0
5701,'5463',742,,94214,18,,,0,99,,94211,18,,,0,105,,94213,18,,,0,100,,94212,18,,,0,107,,94215,18,,,0,150,,94218,18,,,0,100,,94216,18,,,0,110,,94219,18,,,0,100,,94217,18,,,0,109,,94223,18,,,0,90,,94225,18,,,0,113,,94224,18,,,0,100,,94222,18,,,0,99,,94221,18,,,0,85,,94220,18,,,0
