8301,'5456',655,,96579,6,,,0,95,,96577,6,,,0,250,,96578,6,,,0,141,,96581,6,,,0,195,,96580,6,,,0,210,,96582,6,,,0,254,,96583,6,,,0,200,,96584,6,,,0
8301,'5458',655,,96587,6,,,0,95,,96585,6,,,0,250,,96586,6,,,0,141,,96589,6,,,0,195,,96588,6,,,0,210,,96590,6,,,0,254,,96591,6,,,0,200,,96592,6,,,0
8301,'5459',936,,96596,6,,,0,300,,96594,6,,,0,305,,96595,6,,,0,300,,96593,6,,,0
8301,'5460',935,,96599,6,,,0,300,,96600,6,,,0,305,,96598,6,,,0,300,,96597,6,,,0
8301,'5461',935,,96603,6,,,0,300,,96604,6,,,0,305,,96602,6,,,0,300,,96601,6,,,0
8301,'5462',935,,96607,6,,,0,300,,96608,6,,,0,305,,96606,6,,,0,300,,96605,6,,,0
8301,'5463',935,,96611,6,,,0,300,,96612,6,,,0,305,,96610,6,,,0,300,,96609,6,,,0
8500,'5456',636,,96613,6,,,0,97,,96614,6,,,0,200,,96615,6,,,0,200,,96616,6,,,0,200,,96617,6,,,0,200,,96618,6,,,0,200,,96619,6,,,0,200,,96620,6,,,0
8500,'5458',636,,96621,6,,,0,97,,96622,6,,,0,200,,96623,6,,,0,200,,96624,6,,,0,200,,96625,6,,,0,200,,96626,6,,,0,200,,96627,6,,,0,200,,96628,6,,,0
8500,'5459',841,,96630,6,,,0,300,,96631,6,,,0,306,,96632,6,,,0,299,,96629,6,,,0
8500,'5460',841,,96635,6,,,0,300,,96636,6,,,0,306,,96633,6,,,0,299,,96634,6,,,0
8500,'5461',841,,96639,6,,,0,300,,96640,6,,,0,306,,96637,6,,,0,299,,96638,6,,,0
8500,'5462',841,,96643,6,,,0,300,,96644,6,,,0,306,,96641,6,,,0,299,,96642,6,,,0
8500,'5463',841,,96647,6,,,0,300,,96648,6,,,0,306,,96645,6,,,0,299,,96646,6,,,0
8700,'5456',744,,96649,37,,,0,201,,96650,37,,,0,200,,96651,37,,,0,205,,96653,30,,,0,195,,96654,37,,,0,202,,96655,37,,,0
8700,'5458',744,,96656,37,,,0,201,,96657,37,,,0,200,,96658,37,,,0,205,,96660,30,,,0,195,,96661,37,,,0,202,,96662,37,,,0
8701,'5456',625,,96663,6,,,0,197,,96664,6,,,0,201,,96665,6,,,0,199,,96666,6,,,0,199,,96667,6,,,0,203,,96668,6,,,0
8701,'5458',625,,96669,6,,,0,197,,96670,6,,,0,201,,96671,6,,,0,199,,96672,6,,,0,199,,96673,6,,,0,203,,96674,6,,,0
8800,'5456',845,,96675,11,,,0,200,,96676,11,,,0,200,,96677,11,,,0,200,,96678,11,,,0,200,,96679,11,,,0,207,,96680,11,,,0
8800,'5458',845,,96681,11,,,0,200,,96682,11,,,0,200,,96683,11,,,0,200,,96684,11,,,0,200,,96685,11,,,0,207,,96686,11,,,0
8800,'5459',820,,96695,11,,,0,98,,96696,11,,,0,100,,96697,11,,,0,100,,96698,11,,,0,100,,96699,11,,,0,99,,96700,11,,,0,100,,96691,11,,,0,100,,96692,11,,,0,100,,96693,11,,,0,100,,96694,11,,,0,98,,96688,11,,,0,100,,96689,11,,,0,102,,96690,11,,,0,100,,96687,11,,,0
8800,'5460',820,,96706,11,,,0,94,,96707,11,,,0,100,,96708,11,,,0,101,,96709,11,,,0,101,,96710,11,,,0,100,,96711,11,,,0,99,,96702,11,,,0,99,,96703,11,,,0,100,,96704,11,,,0,101,,96705,11,,,0,102,,96713,11,,,0,99,,96714,11,,,0,100,,96701,11,,,0,98,,96712,11,,,0
8800,'5461',820,,96720,11,,,0,94,,96721,11,,,0,100,,96722,11,,,0,101,,96723,11,,,0,101,,96724,11,,,0,100,,96725,11,,,0,99,,96716,11,,,0,99,,96717,11,,,0,100,,96718,11,,,0,101,,96719,11,,,0,102,,96727,11,,,0,99,,96728,11,,,0,100,,96715,11,,,0,98,,96726,11,,,0
8800,'5462',820,,96734,11,,,0,94,,96735,11,,,0,100,,96736,11,,,0,101,,96737,11,,,0,101,,96738,11,,,0,100,,96739,11,,,0,99,,96730,11,,,0,99,,96731,11,,,0,100,,96732,11,,,0,101,,96733,11,,,0,102,,96741,11,,,0,99,,96742,11,,,0,100,,96729,11,,,0,98,,96740,11,,,0
8800,'5463',820,,96748,11,,,0,94,,96749,11,,,0,100,,96750,11,,,0,101,,96751,11,,,0,101,,96752,11,,,0,100,,96753,11,,,0,99,,96744,11,,,0,99,,96745,11,,,0,100,,96746,11,,,0,101,,96747,11,,,0,102,,96755,11,,,0,99,,96756,11,,,0,100,,96743,11,,,0,98,,96754,11,,,0
8801,'5456',715,,96757,6,,,0,200,,96758,6,,,0,200,,96759,6,,,0,199,,96760,6,,,0,200,,96761,6,,,0,206,,96762,6,,,0,103,,96763,6,,,0
8801,'5458',715,,96764,6,,,0,200,,96765,6,,,0,200,,96766,6,,,0,199,,96767,6,,,0,200,,96768,6,,,0,206,,96769,6,,,0,103,,96770,6,,,0
8801,'5459',750,,96781,6,,,0,99,,96782,6,,,0,99,,96783,6,,,0,100,,96784,6,,,0,98,,96775,6,,,0,100,,96776,6,,,0,100,,96778,6,,,0,100,,96779,6,,,0,102,,96777,6,,,0,100,,96780,6,,,0,98,,96772,6,,,0,100,,96773,6,,,0,102,,96774,6,,,0,100,,96771,6,,,0
8801,'5460',751,,96793,6,,,0,94,,96794,6,,,0,100,,96795,6,,,0,100,,96796,6,,,0,100,,96797,6,,,0,100,,96798,6,,,0,99,,96788,6,,,0,100,,96789,6,,,0,101,,96790,6,,,0,101,,96791,6,,,0,102,,96792,6,,,0,99,,96786,6,,,0,100,,96787,6,,,0,98,,96785,6,,,0
8801,'5461',751,,96807,6,,,0,94,,96808,6,,,0,100,,96809,6,,,0,100,,96810,6,,,0,100,,96811,6,,,0,100,,96812,6,,,0,99,,96802,6,,,0,100,,96803,6,,,0,101,,96804,6,,,0,101,,96805,6,,,0,102,,96806,6,,,0,99,,96800,6,,,0,100,,96801,6,,,0,98,,96799,6,,,0
8801,'5462',751,,96821,6,,,0,94,,96822,6,,,0,100,,96823,6,,,0,100,,96824,6,,,0,100,,96825,6,,,0,100,,96826,6,,,0,99,,96816,6,,,0,100,,96817,6,,,0,101,,96818,6,,,0,101,,96819,6,,,0,102,,96820,6,,,0,99,,96814,6,,,0,100,,96815,6,,,0,98,,96813,6,,,0
8801,'5463',751,,96835,6,,,0,94,,96836,6,,,0,100,,96837,6,,,0,100,,96838,6,,,0,100,,96839,6,,,0,100,,96840,6,,,0,99,,96830,6,,,0,100,,96831,6,,,0,101,,96832,6,,,0,101,,96833,6,,,0,102,,96834,6,,,0,99,,96828,6,,,0,100,,96829,6,,,0,98,,96827,6,,,0
