7200,'5456',637,,95572,37,,,0,78,,95578,37,,,0,28,,95568,37,,,0,70,,95569,37,,,0,31,,95576,37,,,0,71,,95570,37,,,0,29,,95571,37,,,0,70,,95580,37,,,0,31,,95573,37,,,0,69,,95574,37,,,0,31,,95575,37,,,0,68,,95584,37,,,0,30,,95588,37,,,0,69,,95577,37,,,0,30,,95590,37,,,0,70,,95595,37,,,0,30,,95579,37,,,0,69,,95582,37,,,0,31,,95585,37,,,0,70,,95598,37,,,0,29,,95581,37,,,0,71,,95591,37,,,0,30,,95593,37,,,0,73,,95583,37,,,0,28,,95586,37,,,0,71,,95596,37,,,0,30,,95599,37,,,0,70,,95587,37,,,0,33,,95594,37,,,0,70,,95589,37,,,0,99,,95597,37,,,0,100,,95592,37,,,0,116,,95600,37,0,10 11 12,0
7200,'5458',637,,95605,37,,,0,78,,95611,37,,,0,28,,95601,37,,,0,70,,95602,37,,,0,31,,95609,37,,,0,71,,95603,37,,,0,29,,95604,37,,,0,70,,95613,37,,,0,31,,95606,37,,,0,69,,95607,37,,,0,31,,95608,37,,,0,68,,95617,37,,,0,30,,95621,37,,,0,69,,95610,37,,,0,30,,95623,37,,,0,70,,95628,37,,,0,30,,95612,37,,,0,69,,95615,37,,,0,31,,95618,37,,,0,70,,95631,37,,,0,29,,95614,37,,,0,71,,95624,37,,,0,30,,95626,37,,,0,73,,95616,37,,,0,28,,95619,37,,,0,71,,95629,37,,,0,30,,95632,37,,,0,70,,95620,37,,,0,33,,95627,37,,,0,70,,95622,37,,,0,99,,95630,37,,,0,100,,95625,37,,,0,116,,95633,37,0,10 11 12,0
7200,'5459',749,,95634,37,,,0,69,,95635,37,,,0,29,,95636,37,,,0,70,,95637,37,,,0,30,,95638,37,,,0,70,,95639,37,,,0,30,,95640,37,,,0,68,,95641,37,,,0,30,,95642,37,,,0,70,,95643,37,,,0,30,,95644,37,,,0,70,,95645,37,,,0,29,,95646,37,,,0,70,,95647,37,,,0,30,,95648,37,,,0,70,,95649,37,,,0,30,,95650,37,,,0,70,,95651,37,,,0,30,,95652,37,,,0,70,,95653,37,,,0,30,,95654,37,,,0,70,,95655,37,,,0,30,,95656,37,,,0,70,,95657,37,,,0,31,,95658,37,,,0,71,,95659,37,,,0,30,,95660,37,,,0,70,,95661,37,,,0,99,,95662,37,,,0,101,,95663,37,,,0,118,,95664,37,0,10 11 12,0
7200,'5460',817,,95665,37,,,0,100,,95668,37,,,0,99,,95666,37,,,0,99,,95667,37,,,0,30,,95669,37,,,0,70,,95670,37,,,0,30,,95671,37,,,0,69,,95672,37,,,0,30,,95673,37,,,0,70,,95674,37,,,0,30,,95675,37,,,0,70,,95676,37,,,0,30,,95677,37,,,0,70,,95678,37,,,0,30,,95679,37,,,0,70,,95680,37,,,0,31,,95681,37,,,0,70,,95682,37,,,0,31,,95683,37,,,0,70,,95684,37,,,0,30,,95685,37,,,0,71,,95686,37,,,0,99,,95687,37,,,0,100,,95688,37,,,0,102,,95689,37,,,0,35,,95690,37,0,10 11 12,0
7200,'5461',817,,95691,37,,,0,100,,95694,37,,,0,99,,95692,37,,,0,99,,95693,37,,,0,30,,95695,37,,,0,70,,95696,37,,,0,30,,95697,37,,,0,69,,95698,37,,,0,30,,95699,37,,,0,70,,95700,37,,,0,30,,95701,37,,,0,70,,95702,37,,,0,30,,95703,37,,,0,70,,95704,37,,,0,30,,95705,37,,,0,70,,95706,37,,,0,31,,95707,37,,,0,70,,95708,37,,,0,31,,95709,37,,,0,70,,95710,37,,,0,30,,95711,37,,,0,71,,95712,37,,,0,99,,95713,37,,,0,100,,95714,37,,,0,102,,95715,37,,,0,35,,95716,37,0,10 11 12,0
7200,'5462',817,,95717,37,,,0,100,,95720,37,,,0,99,,95718,37,,,0,99,,95719,37,,,0,30,,95721,37,,,0,70,,95722,37,,,0,30,,95723,37,,,0,69,,95724,37,,,0,30,,95725,37,,,0,70,,95726,37,,,0,30,,95727,37,,,0,70,,95728,37,,,0,30,,95729,37,,,0,70,,95730,37,,,0,30,,95731,37,,,0,70,,95732,37,,,0,31,,95733,37,,,0,70,,95734,37,,,0,31,,95735,37,,,0,70,,95736,37,,,0,30,,95737,37,,,0,71,,95738,37,,,0,99,,95739,37,,,0,100,,95740,37,,,0,102,,95741,37,,,0,35,,95742,37,0,10 11 12,0
7200,'5463',817,,95743,37,,,0,100,,95746,37,,,0,99,,95744,37,,,0,99,,95745,37,,,0,30,,95747,37,,,0,70,,95748,37,,,0,30,,95749,37,,,0,69,,95750,37,,,0,30,,95751,37,,,0,70,,95752,37,,,0,30,,95753,37,,,0,70,,95754,37,,,0,30,,95755,37,,,0,70,,95756,37,,,0,30,,95757,37,,,0,70,,95758,37,,,0,31,,95759,37,,,0,70,,95760,37,,,0,31,,95761,37,,,0,70,,95762,37,,,0,30,,95763,37,,,0,71,,95764,37,,,0,99,,95765,37,,,0,100,,95766,37,,,0,102,,95767,37,,,0,35,,95768,37,0,10 11 12,0
1007200,'5456',601,,98257,37,,,0
1007200,'5458',601,,98258,37,,,0
1007200,'5459',611,,98259,37,,,0,98,,98260,37,,,0
1007200,'5460',709,,98261,37,,,0
1007200,'5461',709,,98262,37,,,0
1007200,'5462',709,,98263,37,,,0
1007200,'5463',709,,98264,37,,,0
