6100,'5456',518,,94909,20,,,0,36,,94907,20,,,0,52,,94908,20,,,0,21,,94901,20,,,0,20,,94900,20,,,0,59,,94895,20,,,0,19,,94894,20,,,0,28,,94893,20,,,0,59,,94913,2,0,30 14,0,41,,94906,2,0,30 14,0,77,,94902,2,0,30 14,0,24,,94911,2,0,30 14,0,76,,94896,2,0,30 14,0,88,,94903,2,0,30 14,0,36,,94910,2,0,30 14,0,75,,94897,2,0,30 14,0,74,,94904,2,0,30 14,0,39,,94912,2,0,30 14,0,69,,94898,2,0,30 14,0,39,,94905,2,0,30 14,0,72,,94892,2,0,30 14,0,28,,94914,2,0,30 14,0,55,,94891,2,0,30 14,0,27,,94890,2,0,30 14,0,79,,94887,2,0,30 14,0,31,,94899,2,0,30 14,0,65,,94889,2,0,30 14,0,28,,94882,2,0,30 14,0,72,,94881,2,0,30 14,0,31,,94888,2,0,30 14,0,70,,94883,2,0,30 14,0,95,,94878,2,0,30 14,0,41,,94884,2,0,30 14,0,104,,94879,2,0,30 14,0,73,,94885,2,0,30 14,0,100,,94880,2,0,30 14,0,35,,94886,2,0,30 14,0
6100,'5458',518,,94948,20,,,0,36,,94946,20,,,0,52,,94947,20,,,0,21,,94940,20,,,0,20,,94939,20,,,0,59,,94934,20,,,0,19,,94933,20,,,0,28,,94932,20,,,0,59,,94952,2,0,30 14,0,41,,94945,2,0,30 14,0,77,,94941,2,0,30 14,0,24,,94950,2,0,30 14,0,76,,94935,2,0,30 14,0,88,,94942,2,0,30 14,0,36,,94949,2,0,30 14,0,75,,94936,2,0,30 14,0,74,,94943,2,0,30 14,0,39,,94951,2,0,30 14,0,69,,94937,2,0,30 14,0,27,,94931,2,0,30 14,0,12,,94944,2,0,30 14,0,72,,94930,2,0,30 14,0,83,,94929,2,0,30 14,0,27,,94928,2,0,30 14,0,79,,94925,2,0,30 14,0,31,,94938,2,0,30 14,0,65,,94927,2,0,30 14,0,28,,94920,2,0,30 14,0,72,,94919,2,0,30 14,0,31,,94926,2,0,30 14,0,70,,94921,2,0,30 14,0,95,,94916,2,0,30 14,0,41,,94922,2,0,30 14,0,104,,94917,2,0,30 14,0,73,,94923,2,0,30 14,0,100,,94918,2,0,30 14,0,35,,94924,2,0,30 14,0,100,,94915,2,0,30,0
6100,'5459',631,,94954,2,0,30 14,0,99,,94955,2,0,30 14,0,82,,94953,2,0,30 14,0,97,,94956,2,0,30 14,0,95,,94957,2,0,30 14,0,42,,94958,2,0,30 14,0,75,,94959,2,0,30 14,0,87,,94960,2,0,30 14,0,35,,94961,2,0,30 14,0,75,,94962,2,0,30 14,0,36,,94963,2,0,30 14,0,77,,94964,2,0,30 14,0,77,,94965,2,0,30 14,0,37,,94966,2,0,30 14,0,66,,94967,2,0,30 14,0,38,,94968,2,0,30 14,0,81,,94969,2,0,30 14,0,73,,94970,2,0,30 14,0,31,,94971,2,0,30 14,0,71,,94972,2,0,30 14,0,33,,94973,2,0,30 14,0,83,,94974,2,0,30 14,0,81,,94975,2,0,30 14,0,41,,94976,2,0,30 14,0,104,,94977,2,0,30 14,0,73,,94978,2,0,30 14,0,100,,94979,2,0,30 14,0,38,,94980,2,0,30,0,100,,94981,2,0,30,0
6100,'5460',635,,94982,2,0,30 14,0,104,,94983,2,0,30 14,0,83,,94984,2,0,30 14,0,95,,94985,2,0,30 14,0,42,,94986,2,0,30 14,0,86,,94987,2,0,30 14,0,97,,94988,2,0,30 14,0,82,,94989,2,0,30 14,0,101,,94990,2,0,30 14,0,94,,94991,2,0,30 14,0,103,,94992,2,0,30 14,0,79,,94993,2,0,30 14,0,102,,94994,2,0,30 14,0,47,,94995,2,0,30 14,0,103,,94996,2,0,30 14,0,86,,94997,2,0,30 14,0,86,,94998,2,0,30 14,0,101,,94999,2,0,30 14,0,94,,95000,2,0,30 14,0,101,,95001,2,0,30 14,0,35,,95002,2,0,30,0
6100,'5461',635,,95003,2,0,30 14,0,104,,95004,2,0,30 14,0,83,,95005,2,0,30 14,0,95,,95006,2,0,30 14,0,42,,95007,2,0,30 14,0,86,,95008,2,0,30 14,0,97,,95009,2,0,30 14,0,82,,95010,2,0,30 14,0,101,,95011,2,0,30 14,0,94,,95012,2,0,30 14,0,103,,95013,2,0,30 14,0,79,,95014,2,0,30 14,0,102,,95015,2,0,30 14,0,47,,95016,2,0,30 14,0,103,,95017,2,0,30 14,0,86,,95018,2,0,30 14,0,86,,95019,2,0,30 14,0,101,,95020,2,0,30 14,0,94,,95021,2,0,30 14,0,101,,95022,2,0,30 14,0,35,,95023,2,0,30,0
6100,'5462',635,,95024,2,0,30 14,0,104,,95025,2,0,30 14,0,83,,95026,2,0,30 14,0,95,,95027,2,0,30 14,0,42,,95028,2,0,30 14,0,86,,95029,2,0,30 14,0,97,,95030,2,0,30 14,0,82,,95031,2,0,30 14,0,101,,95032,2,0,30 14,0,94,,95033,2,0,30 14,0,103,,95034,2,0,30 14,0,79,,95035,2,0,30 14,0,102,,95036,2,0,30 14,0,47,,95037,2,0,30 14,0,103,,95038,2,0,30 14,0,86,,95039,2,0,30 14,0,86,,95040,2,0,30 14,0,101,,95041,2,0,30 14,0,94,,95042,2,0,30 14,0,101,,95043,2,0,30 14,0,35,,95044,2,0,30,0
6100,'5463',635,,95045,2,0,30 14,0,104,,95046,2,0,30 14,0,83,,95047,2,0,30 14,0,95,,95048,2,0,30 14,0,42,,95049,2,0,30 14,0,86,,95050,2,0,30 14,0,97,,95051,2,0,30 14,0,82,,95052,2,0,30 14,0,101,,95053,2,0,30 14,0,94,,95054,2,0,30 14,0,103,,95055,2,0,30 14,0,79,,95056,2,0,30 14,0,102,,95057,2,0,30 14,0,47,,95058,2,0,30 14,0,103,,95059,2,0,30 14,0,86,,95060,2,0,30 14,0,86,,95061,2,0,30 14,0,101,,95062,2,0,30 14,0,94,,95063,2,0,30 14,0,101,,95064,2,0,30 14,0,35,,95065,2,0,30,0
6400,'5456',851,,95265,2,0,32 33,0,280,,95264,2,,,0,370,,95262,2,0,32 33,0,225,,95263,2,,,0
6400,'5458',851,,95272,2,0,32 33,0,280,,95271,2,,,0,370,,95269,2,0,32 33,0,225,,95270,2,,,0
6500,'5456',539,,95291,11,,,0,93,,95290,11,,,0,21,,95289,11,,,0,83,,95288,11,,,0
6500,'5458',539,,95295,11,,,0,93,,95294,11,,,0,21,,95293,11,,,0,83,,95292,11,,,0
