301,'5456',620,,82558,29,,,0,39,,82556,41,,,0,75,,82557,39,,,0,83,,82559,41,,,0,40,,82566,39,,,0,75,,82560,41,,,0,74,,82561,39,,,0,31,,82565,39,,,0,72,,82562,41,,,0,28,,82563,39,,,0,73,,82564,41,,,0,30,,82567,39,,,0,77,,82568,41,,,0,28,,82569,39,,,0,70,,82571,39,,,0,36,,82570,41,,,0,72,,82582,39,,,0,36,,82572,41,,,0,74,,82573,41,,,0,75,,82581,41,,,0,31,,82574,41,,,0,70,,82575,41,,,0,33,,82580,39,,,0,65,,82576,41,,,0,26,,82577,39,,,0,72,,82584,41,,,0,23,,82578,39,,,0,25,,82579,41,,,0,69,,82583,39,,,0
301,'5458',620,,82587,29,,,0,39,,82585,41,,,0,75,,82586,39,,,0,83,,82588,41,,,0,40,,82595,39,,,0,75,,82589,41,,,0,74,,82590,39,,,0,31,,82594,39,,,0,72,,82591,41,,,0,28,,82592,39,,,0,73,,82593,41,,,0,30,,82596,39,,,0,77,,82597,41,,,0,28,,82598,39,,,0,70,,82600,39,,,0,36,,82599,41,,,0,72,,82611,39,,,0,36,,82601,41,,,0,74,,82602,41,,,0,75,,82610,41,,,0,31,,82603,41,,,0,70,,82604,41,,,0,33,,82609,39,,,0,65,,82605,41,,,0,26,,82606,39,,,0,72,,82613,41,,,0,23,,82607,39,,,0,25,,82608,41,,,0,69,,82612,39,,,0
301,'5459',737,,82635,41,,,0,67,,82621,39,,,0,35,,82614,41,,,0,68,,82627,39,,,0,34,,82622,41,,,0,69,,82638,39,,,0,33,,82626,41,,,0,69,,82615,39,,,0,31,,82637,41,,,0,68,,82629,39,,,0,34,,82617,41,,,0,68,,82639,39,,,0,32,,82628,41,,,0,69,,82616,39,,,0,32,,82623,41,,,0,72,,82620,39,,,0,35,,82618,41,,,0,76,,82619,39,,,0,30,,82624,41,,,0,74,,82630,39,,,0,26,,82625,41,,,0,72,,82632,39,,,0,69,,82631,41,,,0,28,,82633,39,,,0,27,,82634,41,,,0,67,,82640,39,,,0,33,,82636,41,,,0,65,,82641,39,,,0
301,'5460',752,,82655,41,,,0,84,,82643,39,,,0,83,,82656,41,,,0,84,,82649,39,,,0,39,,82654,41,,,0,77,,82642,39,,,0,23,,82650,41,,,0,69,,82645,39,,,0,32,,82644,41,,,0,67,,82651,39,,,0,35,,82648,41,,,0,67,,82647,39,,,0,33,,82646,41,,,0,74,,82652,39,,,0,31,,82653,41,,,0,78,,82659,39,,,0,25,,82657,41,,,0,71,,82658,39,,,0,27,,82663,41,,,0,68,,82661,39,,,0,31,,82660,41,,,0,67,,82662,39,,,0,33,,82664,41,,,0,71,,82665,39,,,0
301,'5461',752,,82679,41,,,0,84,,82667,39,,,0,83,,82680,41,,,0,84,,82673,39,,,0,39,,82678,41,,,0,77,,82666,39,,,0,23,,82674,41,,,0,69,,82669,39,,,0,32,,82668,41,,,0,67,,82675,39,,,0,35,,82672,41,,,0,67,,82671,39,,,0,33,,82670,41,,,0,74,,82676,39,,,0,31,,82677,41,,,0,78,,82683,39,,,0,25,,82681,41,,,0,71,,82682,39,,,0,27,,82687,41,,,0,68,,82685,39,,,0,31,,82684,41,,,0,67,,82686,39,,,0,33,,82688,41,,,0,71,,82689,39,,,0
301,'5462',752,,82703,41,,,0,84,,82691,39,,,0,83,,82704,41,,,0,84,,82697,39,,,0,39,,82702,41,,,0,77,,82690,39,,,0,23,,82698,41,,,0,69,,82693,39,,,0,32,,82692,41,,,0,67,,82699,39,,,0,35,,82696,41,,,0,67,,82695,39,,,0,33,,82694,41,,,0,74,,82700,39,,,0,31,,82701,41,,,0,78,,82707,39,,,0,25,,82705,41,,,0,71,,82706,39,,,0,27,,82711,41,,,0,68,,82709,39,,,0,31,,82708,41,,,0,67,,82710,39,,,0,33,,82712,41,,,0,71,,82713,39,,,0
301,'5463',752,,82727,41,,,0,84,,82715,39,,,0,83,,82728,41,,,0,84,,82721,39,,,0,39,,82726,41,,,0,77,,82714,39,,,0,23,,82722,41,,,0,69,,82717,39,,,0,32,,82716,41,,,0,67,,82723,39,,,0,35,,82720,41,,,0,67,,82719,39,,,0,33,,82718,41,,,0,74,,82724,39,,,0,31,,82725,41,,,0,78,,82731,39,,,0,25,,82729,41,,,0,71,,82730,39,,,0,27,,82735,41,,,0,68,,82733,39,,,0,31,,82732,41,,,0,67,,82734,39,,,0,33,,82736,41,,,0,71,,82737,39,,,0
701,'5456',619,,84790,19,,,0,30,,84805,19,,,0,64,,84792,19,,,0,15,,84819,19,,,0,17,,84791,19,,,0,11,,99327,19,,,0,46,,84827,19,,,0,10,,84833,19,,,0,7,,84813,19,,,0,10,,84834,19,,,0,8,,84794,19,,,0,16,,84816,19,,,0,57,,84806,19,,,0,14,,84825,19,,,0,19,,84795,19,,,0,60,,84796,19,,,0,20,,84829,19,,,0,19,,84812,19,,,0,61,,84793,19,,,0,20,,84817,19,,,0,21,,84823,19,,,0,60,,84797,19,,,0,20,,84798,19,,,0,25,,84831,19,,,0,60,,84814,19,,,0,20,,84800,19,,,0,21,,99326,19,,,0,59,,84824,19,,,0,22,,84799,19,,,0,23,,84801,19,,,0,62,,84835,19,,,0,20,,84828,19,,,0,18,,84807,19,,,0,54,,99325,19,,,0,24,,84837,19,,,0,19,,84815,19,,,0,57,,84820,19,,,0,19,,84803,19,,,0,14,,84804,19,,,0,16,,84836,19,,,0,58,,84826,19,,,0,19,,84809,19,,,0,17,,84810,19,,,0,70,,84821,19,,,0,30,,84808,19,,,0,70,,84830,19,,,0,29,,84811,19,,,0,70,,84822,19,,,0
701,'5458',619,,84838,19,,,0,30,,84853,19,,,0,64,,84840,19,,,0,15,,84867,19,,,0,17,,84839,19,,,0,11,,99330,19,,,0,46,,84875,19,,,0,10,,84881,19,,,0,7,,84861,19,,,0,10,,84882,19,,,0,8,,84842,19,,,0,16,,84864,19,,,0,57,,84854,19,,,0,14,,84873,19,,,0,19,,84843,19,,,0,60,,84844,19,,,0,20,,84877,19,,,0,19,,84860,19,,,0,61,,84841,19,,,0,20,,84865,19,,,0,21,,84871,19,,,0,60,,84845,19,,,0,20,,84846,19,,,0,25,,84879,19,,,0,60,,84862,19,,,0,20,,84848,19,,,0,21,,99329,19,,,0,59,,84872,19,,,0,22,,84847,19,,,0,23,,84849,19,,,0,62,,84883,19,,,0,20,,84876,19,,,0,18,,84855,19,,,0,54,,99328,19,,,0,24,,84885,19,,,0,19,,84863,19,,,0,57,,84868,19,,,0,19,,84851,19,,,0,14,,84852,19,,,0,16,,84884,19,,,0,58,,84874,19,,,0,19,,84857,19,,,0,17,,84858,19,,,0,70,,84869,19,,,0,30,,84856,19,,,0,70,,84878,19,,,0,29,,84859,19,,,0,70,,84870,19,,,0
701,'5459',709,,84913,19,,,0,30,,84897,19,,,0,73,,99339,19,,,0,31,,84890,19,,,0,70,,84914,19,,,0,29,,84898,19,,,0,72,,99340,19,,,0,27,,84886,19,,,0,70,,99331,19,,,0,29,,99341,19,,,0,71,,99335,19,,,0,29,,99338,19,,,0,68,,84887,19,,,0,31,,99332,19,,,0,70,,84909,19,,,0,30,,99334,19,,,0,69,,84902,19,,,0,31,,99333,19,,,0,70,,84892,19,,,0,33,,84910,19,,,0,70,,99336,19,,,0,29,,84904,19,,,0,71,,84896,19,,,0,29,,99337,19,,,0,69,,84911,19,,,0,30,,84900,19,,,0,76,,84905,19,,,0,36,,84903,19,,,0,68,,84912,19,,,0
701,'5460',718,,99345,19,,,0,40,,84916,19,,,0,80,,84928,19,,,0,76,,84929,19,,,0,25,,84915,19,,,0,69,,84917,19,,,0,31,,99346,19,,,0,69,,84918,19,,,0,30,,84933,19,,,0,69,,99342,19,,,0,31,,99343,19,,,0,70,,99348,19,,,0,28,,99347,19,,,0,70,,84934,19,,,0,30,,99349,19,,,0,69,,84922,19,,,0,31,,99344,19,,,0,73,,84925,19,,,0,32,,84924,19,,,0,69,,84921,19,,,0,30,,84926,19,,,0,69,,84936,19,,,0,32,,84937,19,,,0,75,,99350,19,,,0,34,,84940,19,,,0,69,,84939,19,,,0
701,'5461',718,,84953,19,,,0,40,,99352,19,,,0,80,,84954,19,,,0,76,,84955,19,,,0,25,,99351,19,,,0,69,,84943,19,,,0,31,,84956,19,,,0,69,,84944,19,,,0,30,,84959,19,,,0,69,,84945,19,,,0,31,,99353,19,,,0,70,,99356,19,,,0,28,,99355,19,,,0,70,,84960,19,,,0,30,,99357,19,,,0,69,,84948,19,,,0,31,,99354,19,,,0,73,,84951,19,,,0,32,,84950,19,,,0,69,,84947,19,,,0,30,,84952,19,,,0,69,,84962,19,,,0,32,,84963,19,,,0,75,,99358,19,,,0,34,,99359,19,,,0,69,,84965,19,,,0
701,'5462',718,,84979,19,,,0,40,,99361,19,,,0,80,,84980,19,,,0,76,,84981,19,,,0,25,,99360,19,,,0,69,,84969,19,,,0,31,,84982,19,,,0,69,,84970,19,,,0,30,,84985,19,,,0,69,,84971,19,,,0,31,,99362,19,,,0,70,,99365,19,,,0,28,,99364,19,,,0,70,,84986,19,,,0,30,,99366,19,,,0,69,,84974,19,,,0,31,,99363,19,,,0,73,,84977,19,,,0,32,,84976,19,,,0,69,,84973,19,,,0,30,,84978,19,,,0,69,,84988,19,,,0,32,,84989,19,,,0,75,,99367,19,,,0,34,,99368,19,,,0,69,,84991,19,,,0
701,'5463',718,,85005,19,,,0,40,,99370,19,,,0,80,,85006,19,,,0,76,,85007,19,,,0,25,,99369,19,,,0,69,,84995,19,,,0,31,,85008,19,,,0,69,,84996,19,,,0,30,,85011,19,,,0,69,,84997,19,,,0,31,,99371,19,,,0,70,,99374,19,,,0,28,,99373,19,,,0,70,,85012,19,,,0,30,,99375,19,,,0,69,,85000,19,,,0,31,,99372,19,,,0,73,,85003,19,,,0,32,,85002,19,,,0,69,,84999,19,,,0,30,,85004,19,,,0,69,,85014,19,,,0,32,,85015,19,,,0,75,,99376,19,,,0,34,,99377,19,,,0,69,,85017,19,,,0
14000701,'5456',2150,,98463,24,,,0,72,,98467,24,,,0,29,,98462,24,,,0,70,,98465,24,,,0,36,,98464,24,,,0,68,,98466,24,,,0
14000701,'5458',2150,,98469,24,,,0,72,,98473,24,,,0,29,,98468,24,,,0,70,,98471,24,,,0,36,,98470,24,,,0,68,,98472,24,,,0
14000701,'5459',2151,,98474,24,,,0,72,,98475,24,,,0,30,,98477,24,,,0,69,,98476,24,,,0,36,,98478,24,,,0,67,,98479,24,,,0
14000701,'5460',2050,,105746,24,,,0,70,,98482,24,,,0,80,,98481,24,,,0,22,,98483,24,,,0,100,,98484,24,,,0,103,,98485,24,,,0
14000701,'5461',2050,,98486,24,,,0,70,,98488,24,,,0,80,,105747,24,,,0,22,,98489,24,,,0,100,,98490,24,,,0,103,,98491,24,,,0
14000701,'5462',2050,,98492,24,,,0,70,,98494,24,,,0,80,,105748,24,,,0,22,,98495,24,,,0,100,,98496,24,,,0,103,,98497,24,,,0
14000701,'5463',2050,,98498,24,,,0,70,,98500,24,,,0,80,,105749,24,,,0,22,,98501,24,,,0,100,,98502,24,,,0,103,,98503,24,,,0
