600,'5456',547,,83825,8,,,0,70,,83826,8,,,0,30,,83827,8,,,0,65,,83828,8,,,0,24,,83829,8,,,0,64,,83845,8,,,0,19,,83847,8,,,0,20,,83836,8,,,0,19,,83830,8,,,0,60,,83831,8,,,0,25,,83832,8,,,0,64,,83833,8,,,0,22,,83840,8,,,0,24,,83834,8,,,0,63,,83835,8,,,0,24,,83837,8,,,0,64,,83838,8,,,0,25,,83839,8,,,0,24,,83841,8,,,0,65,,83842,8,,,0,26,,83843,8,,,0,63,,83844,8,,,0,21,,83846,8,,,0,20,,83848,8,,,0,60,,83849,8,,,0,16,,83855,8,,,0,14,,83850,8,,,0,17,,83851,8,,,0,54,,83858,8,,,0,16,,83852,8,,,0,15,,83853,8,,,0,14,,83854,8,,,0,54,,83856,8,,,0,16,,83857,8,,,0,14,,83859,8,,,0,15,,83860,8,,,0,57,,83861,8,,,0,17,,83862,8,,,0,24,,83863,8,,,0,64,,83865,8,,,0,29,,83864,8,,,0,73,,83867,8,,,0,18,,83866,8,,,0,75,,83868,8,,,0,18,,83869,8,,,0,78,,83871,8,,,0,19,,83870,8,,,0,100,,83872,8,,,0,99,,83873,8,,,0
600,'5458',547,,83875,8,,,0,70,,83876,8,,,0,30,,83877,8,,,0,65,,83878,8,,,0,24,,83879,8,,,0,64,,83895,8,,,0,19,,83897,8,,,0,20,,83886,8,,,0,19,,83880,8,,,0,60,,83881,8,,,0,25,,83882,8,,,0,64,,83883,8,,,0,22,,83890,8,,,0,24,,83884,8,,,0,63,,83885,8,,,0,24,,83887,8,,,0,64,,83888,8,,,0,25,,83889,8,,,0,24,,83891,8,,,0,65,,83892,8,,,0,26,,83893,8,,,0,63,,83894,8,,,0,21,,83896,8,,,0,20,,83898,8,,,0,60,,83899,8,,,0,16,,83905,8,,,0,14,,83900,8,,,0,17,,83901,8,,,0,54,,83908,8,,,0,16,,83902,8,,,0,15,,83903,8,,,0,14,,83904,8,,,0,54,,83906,8,,,0,16,,83907,8,,,0,14,,83909,8,,,0,15,,83910,8,,,0,57,,83911,8,,,0,17,,83912,8,,,0,24,,83913,8,,,0,64,,83915,8,,,0,29,,83914,8,,,0,73,,83917,8,,,0,18,,83916,8,,,0,75,,83918,8,,,0,18,,83919,8,,,0,78,,83921,8,,,0,19,,83920,8,,,0,100,,83922,8,,,0,99,,83923,8,,,0,30,,83927,8,,,0,70,,83925,8,,,0,30,,83928,8,,,0,70,,83924,8,,,0,30,,83926,8,,,0
600,'5459',552,,83930,8,,,0,70,,83931,8,,,0,83,,83932,8,,,0,20,,83933,8,,,0,76,,83934,8,,,0,20,,83935,8,,,0,18,,83936,8,,,0,70,,83937,8,,,0,15,,83929,8,,,0,15,,83938,8,,,0,66,,83939,8,,,0,13,,83940,8,,,0,13,,83941,8,,,0,12,,83942,8,,,0,64,,83943,8,,,0,12,,83944,8,,,0,12,,83945,8,,,0,24,,83946,8,,,0,52,,83947,8,,,0,12,,83948,8,,,0,24,,83949,8,,,0,12,,83950,8,,,0,53,,83951,8,,,0,24,,83952,8,,,0,12,,83953,8,,,0,12,,83954,8,,,0,60,,83955,8,,,0,10,,83956,8,,,0,10,,83957,8,,,0,21,,83958,8,,,0,51,,83967,8,,,0,10,,83959,8,,,0,20,,83960,8,,,0,11,,83968,8,,,0,10,,83961,8,,,0,60,,83962,8,,,0,11,,83969,8,,,0,10,,83963,8,,,0,60,,83964,8,,,0,11,,83965,8,,,0,12,,83970,8,,,0,12,,83966,8,,,0,24,,83971,8,,,0,52,,83972,8,,,0,12,,83973,8,,,0,12,,83974,8,,,0,65,,83976,8,,,0,15,,83977,8,,,0,15,,83978,8,,,0,70,,83979,8,,,0,15,,83980,8,,,0,17,,83975,8,,,0,76,,83981,8,,,0,18,,83982,8,,,0,74,,83983,8,,,0,21,,83984,8,,,0,20,,83985,8,,,0,90,,83986,8,,,0,94,,83987,8,,,0,30,,83988,8,,,0,70,,83989,8,,,0,30,,83990,8,,,0,69,,83991,8,,,0,29,,83992,8,,,0
600,'5460',628,,84019,8,,,0,78,,84032,8,,,0,95,,84002,8,,,0,25,,84030,8,,,0,80,,84004,8,,,0,21,,83994,8,,,0,77,,84014,8,,,0,15,,84041,8,,,0,16,,84003,8,,,0,72,,84034,8,,,0,15,,84018,8,,,0,15,,83993,8,,,0,70,,83995,8,,,0,12,,83997,8,,,0,12,,84037,8,,,0,12,,84021,8,,,0,64,,83996,8,,,0,12,,84007,8,,,0,12,,83998,8,,,0,12,,84001,8,,,0,64,,84020,8,,,0,12,,83999,8,,,0,12,,84000,8,,,0,12,,84008,8,,,0,64,,84011,8,,,0,12,,84038,8,,,0,12,,84022,8,,,0,12,,84012,8,,,0,64,,84010,8,,,0,12,,84009,8,,,0,12,,84006,8,,,0,12,,84036,8,,,0,64,,84005,8,,,0,12,,84016,8,,,0,12,,84015,8,,,0,12,,84042,8,,,0,65,,84027,8,,,0,15,,84013,8,,,0,15,,84017,8,,,0,73,,84023,8,,,0,17,,84029,8,,,0,18,,84024,8,,,0,74,,84025,8,,,0,17,,84028,8,,,0,74,,84033,8,,,0,17,,84035,8,,,0,18,,84026,8,,,0,88,,84031,8,,,0,96,,84040,8,,,0,89,,84039,8,,,0
600,'5461',628,,84069,8,,,0,78,,84082,8,,,0,95,,84052,8,,,0,25,,84080,8,,,0,80,,84054,8,,,0,21,,84044,8,,,0,77,,84064,8,,,0,15,,84091,8,,,0,16,,84053,8,,,0,72,,84084,8,,,0,15,,84068,8,,,0,15,,84043,8,,,0,70,,84045,8,,,0,12,,84047,8,,,0,12,,84087,8,,,0,12,,84071,8,,,0,64,,84046,8,,,0,12,,84057,8,,,0,12,,84048,8,,,0,12,,84051,8,,,0,64,,84070,8,,,0,12,,84049,8,,,0,12,,84050,8,,,0,12,,84058,8,,,0,64,,84061,8,,,0,12,,84088,8,,,0,12,,84072,8,,,0,12,,84062,8,,,0,64,,84060,8,,,0,12,,84059,8,,,0,12,,84056,8,,,0,12,,84086,8,,,0,64,,84055,8,,,0,12,,84066,8,,,0,12,,84065,8,,,0,12,,84092,8,,,0,65,,84077,8,,,0,15,,84063,8,,,0,15,,84067,8,,,0,73,,84073,8,,,0,17,,84079,8,,,0,18,,84074,8,,,0,74,,84075,8,,,0,17,,84078,8,,,0,74,,84083,8,,,0,17,,84085,8,,,0,18,,84076,8,,,0,88,,84081,8,,,0,96,,84090,8,,,0,89,,84089,8,,,0
600,'5462',628,,84119,8,,,0,78,,84132,8,,,0,95,,84102,8,,,0,25,,84130,8,,,0,80,,84104,8,,,0,21,,84094,8,,,0,77,,84114,8,,,0,15,,84141,8,,,0,16,,84103,8,,,0,72,,84134,8,,,0,15,,84118,8,,,0,15,,84093,8,,,0,70,,84095,8,,,0,12,,84097,8,,,0,12,,84137,8,,,0,12,,84121,8,,,0,64,,84096,8,,,0,12,,84107,8,,,0,12,,84098,8,,,0,12,,84101,8,,,0,64,,84120,8,,,0,12,,84099,8,,,0,12,,84100,8,,,0,12,,84108,8,,,0,64,,84111,8,,,0,12,,84138,8,,,0,12,,84122,8,,,0,12,,84112,8,,,0,64,,84110,8,,,0,12,,84109,8,,,0,12,,84106,8,,,0,12,,84136,8,,,0,64,,84105,8,,,0,12,,84116,8,,,0,12,,84115,8,,,0,12,,84142,8,,,0,65,,84127,8,,,0,15,,84113,8,,,0,15,,84117,8,,,0,73,,84123,8,,,0,17,,84129,8,,,0,18,,84124,8,,,0,74,,84125,8,,,0,17,,84128,8,,,0,74,,84133,8,,,0,17,,84135,8,,,0,18,,84126,8,,,0,88,,84131,8,,,0,96,,84140,8,,,0,89,,84139,8,,,0
600,'5463',628,,84169,8,,,0,78,,84182,8,,,0,95,,84152,8,,,0,25,,84180,8,,,0,80,,84154,8,,,0,21,,84144,8,,,0,77,,84164,8,,,0,15,,84191,8,,,0,16,,84153,8,,,0,72,,84184,8,,,0,15,,84168,8,,,0,15,,84143,8,,,0,70,,84145,8,,,0,12,,84147,8,,,0,12,,84187,8,,,0,12,,84171,8,,,0,64,,84146,8,,,0,12,,84157,8,,,0,12,,84148,8,,,0,12,,84151,8,,,0,64,,84170,8,,,0,12,,84149,8,,,0,12,,84150,8,,,0,12,,84158,8,,,0,64,,84161,8,,,0,12,,84188,8,,,0,12,,84172,8,,,0,12,,84162,8,,,0,64,,84160,8,,,0,12,,84159,8,,,0,12,,84156,8,,,0,12,,84186,8,,,0,64,,84155,8,,,0,12,,84166,8,,,0,12,,84165,8,,,0,12,,84192,8,,,0,65,,84177,8,,,0,15,,84163,8,,,0,15,,84167,8,,,0,73,,84173,8,,,0,17,,84179,8,,,0,18,,84174,8,,,0,74,,84175,8,,,0,17,,84178,8,,,0,74,,84183,8,,,0,17,,84185,8,,,0,18,,84176,8,,,0,88,,84181,8,,,0,96,,84190,8,,,0,89,,84189,8,,,0
1000600,'5456',602,,97932,8,,,0,57,,97934,8,,,0,89,,97933,8,,,0,81,,97935,8,,,0,78,,97940,8,,,0,48,,97936,8,,,0,86,,97937,8,,,0,87,,97938,8,,,0,89,,97939,8,,,0,89,,97941,8,,,0,50,,97942,8,,,0,82,,97943,8,,,0,80,,97944,8,,,0,28,,97945,8,,,0,71,,97946,8,,,0,30,,97947,8,,,0,69,,97948,8,,,0,29,,97949,8,,,0,72,,97950,8,,,0,86,,97951,8,,,0,56,,97952,8,,,0,93,,97953,8,,,0,94,,97954,8,,,0,109,,97955,8,,,0,99,,97956,8,,,0
1000600,'5458',602,,97957,8,,,0,57,,97959,8,,,0,89,,97958,8,,,0,81,,97960,8,,,0,78,,97965,8,,,0,48,,97961,8,,,0,86,,97962,8,,,0,87,,97963,8,,,0,89,,97964,8,,,0,89,,97966,8,,,0,50,,97967,8,,,0,82,,97968,8,,,0,80,,97969,8,,,0,28,,97970,8,,,0,71,,97971,8,,,0,30,,97972,8,,,0,69,,97973,8,,,0,29,,97974,8,,,0,72,,97975,8,,,0,86,,97976,8,,,0,56,,97977,8,,,0,93,,97978,8,,,0,94,,97979,8,,,0,109,,97980,8,,,0,99,,97981,8,,,0
1000600,'5459',645,,97982,8,,,0,98,,97983,8,,,0,111,,97984,8,,,0,98,,97985,8,,,0,103,,97986,8,,,0,88,,97987,8,,,0,89,,97988,8,,,0,88,,97989,8,,,0,86,,97990,8,,,0,40,,97991,8,,,0,82,,97992,8,,,0,81,,97993,8,,,0,41,,97995,8,,,0,97,,97994,8,,,0,100,,97996,8,,,0,98,,97997,8,,,0,105,,97998,8,,,0,92,,97999,8,,,0,164,,98000,8,,,0,95,,98001,8,,,0
1000600,'5460',736,,98010,8,,,0,110,,98011,8,,,0,101,,98016,8,,,0,104,,98002,8,,,0,101,,98005,8,,,0,103,,98003,8,,,0,100,,98017,8,,,0,100,,98004,8,,,0,100,,98006,8,,,0,100,,98007,8,,,0,100,,98009,8,,,0,98,,98008,8,,,0,151,,98012,8,,,0,50,,98013,8,,,0,152,,98015,8,,,0,94,,98014,8,,,0
1000600,'5461',736,,98026,8,,,0,110,,98027,8,,,0,101,,98032,8,,,0,104,,98018,8,,,0,101,,98021,8,,,0,103,,98019,8,,,0,100,,98033,8,,,0,100,,98020,8,,,0,100,,98022,8,,,0,100,,98023,8,,,0,100,,98025,8,,,0,98,,98024,8,,,0,151,,98028,8,,,0,50,,98029,8,,,0,152,,98031,8,,,0,94,,98030,8,,,0
1000600,'5462',736,,98042,8,,,0,110,,98043,8,,,0,101,,98048,8,,,0,104,,98034,8,,,0,101,,98037,8,,,0,103,,98035,8,,,0,100,,98049,8,,,0,100,,98036,8,,,0,100,,98038,8,,,0,100,,98039,8,,,0,100,,98041,8,,,0,98,,98040,8,,,0,151,,98044,8,,,0,50,,98045,8,,,0,152,,98047,8,,,0,94,,98046,8,,,0
1000600,'5463',736,,98058,8,,,0,110,,98059,8,,,0,101,,98064,8,,,0,104,,98050,8,,,0,101,,98053,8,,,0,103,,98051,8,,,0,100,,98065,8,,,0,100,,98052,8,,,0,100,,98054,8,,,0,100,,98055,8,,,0,100,,98057,8,,,0,98,,98056,8,,,0,151,,98060,8,,,0,50,,98061,8,,,0,152,,98063,8,,,0,94,,98062,8,,,0
2000600,'5456',632,,98346,8,,,0,92,,98349,8,,,0,85,,98347,8,,,0,39,,98350,8,,,0,83,,98348,8,,,0,87,,98351,8,,,0,87,,98352,8,,,0,47,,98354,8,,,0,89,,98353,8,,,0,90,,98355,8,,,0,87,,98356,8,,,0,40,,98358,8,,,0,73,,98357,8,,,0,72,,98359,8,,,0,30,,98360,8,,,0,68,,98361,8,,,0,30,,98362,8,,,0,71,,98363,8,,,0,37,,98364,8,,,0,90,,98365,8,,,0
2000600,'5458',632,,98366,8,,,0,92,,98369,8,,,0,85,,98367,8,,,0,39,,98370,8,,,0,83,,98368,8,,,0,87,,98371,8,,,0,87,,98372,8,,,0,47,,98374,8,,,0,89,,98373,8,,,0,90,,98375,8,,,0,87,,98376,8,,,0,40,,98378,8,,,0,73,,98377,8,,,0,72,,98379,8,,,0,30,,98380,8,,,0,68,,98381,8,,,0,30,,98382,8,,,0,71,,98383,8,,,0,37,,98384,8,,,0,90,,98385,8,,,0
