2601,'5456',554,,89748,3,,,0,61,,89749,3,,,0,17,,101124,3,,,0,16,,89751,3,,,0,54,,89752,3,,,0,15,,101125,3,,,0,15,,101126,3,,,0,16,,89755,3,,,0,55,,89756,3,,,0,12,,101127,3,,,0,12,,89758,3,,,0,15,,89759,3,,,0,15,,101128,3,,,0,54,,101129,3,,,0,15,,101130,3,,,0,15,,89763,3,,,0,15,,89764,3,,,0,55,,89765,3,,,0,15,,101131,3,,,0,15,,101132,3,,,0,15,,101133,3,,,0,55,,89769,3,,,0,14,,101134,3,,,0,14,,89771,3,,,0,15,,89772,3,,,0,56,,89773,3,,,0,14,,89774,3,,,0,15,,89775,3,,,0,15,,101135,3,,,0,55,,89777,3,,,0,14,,89778,3,,,0,12,,89779,3,,,0,13,,89780,3,,,0,52,,101136,3,,,0,14,,89782,3,,,0,13,,89783,3,,,0,9,,89784,3,,,0,15,,89785,3,,,0,55,,101137,3,,,0,16,,89787,3,,,0,15,,101138,3,,,0,18,,101139,3,,,0,57,,89790,3,,,0,17,,101140,3,,,0,17,,89792,3,,,0,58,,89793,3,,,0,17,,89794,3,,,0,15,,89795,3,,,0,17,,101141,3,,,0,57,,101142,3,,,0,13,,101143,3,,,0,15,,89799,3,,,0,15,,89800,3,,,0,56,,101144,3,,,0,15,,89802,3,,,0,20,,101145,3,,,0,60,,101146,3,,,0,20,,89805,3,,,0,19,,89806,3,,,0,60,,89807,3,,,0,20,,89808,3,,,0,30,,101147,3,,,0,71,,89810,3,,,0,32,,89811,3,,,0,71,,101148,3,,,0,30,,89813,3,,,0,71,,89814,3,,,0
2601,'5458',554,,89815,3,,,0,61,,89816,3,,,0,17,,101149,3,,,0,16,,89818,3,,,0,54,,89819,3,,,0,15,,101150,3,,,0,15,,101151,3,,,0,16,,89822,3,,,0,55,,89823,3,,,0,12,,101152,3,,,0,12,,89825,3,,,0,15,,89826,3,,,0,15,,101153,3,,,0,54,,101154,3,,,0,15,,101155,3,,,0,15,,89830,3,,,0,15,,89831,3,,,0,55,,89832,3,,,0,15,,101156,3,,,0,15,,101157,3,,,0,15,,101158,3,,,0,55,,89836,3,,,0,14,,101159,3,,,0,14,,89838,3,,,0,15,,89839,3,,,0,56,,89840,3,,,0,14,,89841,3,,,0,15,,89842,3,,,0,15,,101160,3,,,0,55,,89844,3,,,0,14,,89845,3,,,0,12,,89846,3,,,0,13,,89847,3,,,0,52,,101161,3,,,0,14,,89849,3,,,0,13,,89850,3,,,0,9,,89851,3,,,0,15,,89852,3,,,0,55,,101162,3,,,0,16,,89854,3,,,0,15,,101163,3,,,0,18,,101164,3,,,0,57,,89857,3,,,0,17,,101165,3,,,0,17,,89859,3,,,0,58,,89860,3,,,0,17,,89861,3,,,0,15,,89862,3,,,0,17,,101166,3,,,0,57,,101167,3,,,0,13,,101168,3,,,0,15,,89866,3,,,0,15,,89867,3,,,0,56,,101169,3,,,0,15,,89869,3,,,0,20,,101170,3,,,0,60,,101171,3,,,0,20,,89872,3,,,0,19,,89873,3,,,0,60,,89874,3,,,0,20,,89875,3,,,0,30,,101172,3,,,0,71,,89877,3,,,0,32,,89878,3,,,0,71,,101173,3,,,0,30,,89880,3,,,0,71,,89881,3,,,0,30,,101174,3,,,0
2601,'5459',620,,89884,3,,,0,30,,89885,3,,,0,65,,101176,3,,,0,17,,89887,3,,,0,17,,89888,3,,,0,57,,89889,3,,,0,17,,89890,3,,,0,17,,101177,3,,,0,17,,89892,3,,,0,57,,101178,3,,,0,17,,89894,3,,,0,17,,89895,3,,,0,57,,89896,3,,,0,17,,89897,3,,,0,17,,89898,3,,,0,17,,101179,3,,,0,57,,89900,3,,,0,17,,101175,3,,,0,17,,101180,3,,,0,57,,89902,3,,,0,17,,89903,3,,,0,17,,89904,3,,,0,16,,101181,3,,,0,57,,89906,3,,,0,17,,89907,3,,,0,17,,101182,3,,,0,56,,101183,3,,,0,17,,89910,3,,,0,17,,89911,3,,,0,16,,101184,3,,,0,56,,89913,3,,,0,16,,89914,3,,,0,16,,89915,3,,,0,17,,101185,3,,,0,57,,89917,3,,,0,17,,89918,3,,,0,18,,101186,3,,,0,57,,101187,3,,,0,18,,89921,3,,,0,20,,101188,3,,,0,60,,89923,3,,,0,20,,89924,3,,,0,21,,101189,3,,,0,60,,89926,3,,,0,20,,101190,3,,,0,18,,89928,3,,,0,60,,89929,3,,,0,20,,101191,3,,,0,20,,89931,3,,,0,60,,101192,3,,,0,20,,89933,3,,,0,20,,89934,3,,,0,60,,101193,3,,,0,22,,89936,3,,,0,31,,101194,3,,,0,70,,89938,3,,,0,32,,89939,3,,,0,70,,101195,3,,,0,30,,89941,3,,,0
2601,'5460',641,,101199,3,,,0,62,,101197,3,,,0,22,,89942,3,,,0,22,,89961,3,,,0,60,,101200,3,,,0,25,,101196,3,,,0,20,,89944,3,,,0,60,,89962,3,,,0,22,,101198,3,,,0,18,,89945,3,,,0,58,,89949,3,,,0,18,,89943,3,,,0,18,,89963,3,,,0,58,,89947,3,,,0,19,,101202,3,,,0,18,,89946,3,,,0,18,,89950,3,,,0,58,,89948,3,,,0,18,,89959,3,,,0,18,,89956,3,,,0,58,,101203,3,,,0,18,,89953,3,,,0,18,,89964,3,,,0,58,,89957,3,,,0,18,,89960,3,,,0,18,,89958,3,,,0,18,,101201,3,,,0,58,,89954,3,,,0,18,,89978,3,,,0,18,,89973,3,,,0,58,,89977,3,,,0,17,,89971,3,,,0,17,,101204,3,,,0,57,,89970,3,,,0,20,,89976,3,,,0,20,,89974,3,,,0,60,,89975,3,,,0,20,,89979,3,,,0,20,,89972,3,,,0,60,,89982,3,,,0,20,,89988,3,,,0,20,,89984,3,,,0,60,,89987,3,,,0,20,,89983,3,,,0,20,,89981,3,,,0,60,,89985,3,,,0,23,,101205,3,,,0,30,,89989,3,,,0,70,,89990,3,,,0,31,,101206,3,,,0,71,,89992,3,,,0
2601,'5461',641,,90016,3,,,0,62,,90003,3,,,0,22,,89993,3,,,0,22,,90012,3,,,0,60,,90017,3,,,0,25,,90002,3,,,0,20,,89995,3,,,0,60,,90013,3,,,0,22,,90006,3,,,0,18,,101207,3,,,0,58,,90000,3,,,0,18,,89994,3,,,0,18,,90014,3,,,0,58,,89998,3,,,0,19,,90019,3,,,0,18,,101208,3,,,0,18,,101209,3,,,0,58,,89999,3,,,0,18,,90010,3,,,0,18,,90007,3,,,0,58,,90020,3,,,0,18,,101210,3,,,0,18,,101213,3,,,0,58,,101212,3,,,0,18,,90011,3,,,0,18,,90009,3,,,0,18,,90018,3,,,0,58,,101211,3,,,0,18,,90029,3,,,0,18,,101216,3,,,0,58,,90028,3,,,0,17,,90022,3,,,0,17,,90031,3,,,0,57,,101214,3,,,0,20,,90027,3,,,0,20,,101217,3,,,0,60,,101218,3,,,0,20,,101219,3,,,0,20,,101215,3,,,0,60,,101221,3,,,0,20,,90039,3,,,0,20,,101223,3,,,0,60,,101224,3,,,0,20,,101222,3,,,0,20,,101220,3,,,0,60,,90036,3,,,0,23,,90037,3,,,0,30,,101225,3,,,0,70,,101226,3,,,0,31,,101227,3,,,0,71,,101228,3,,,0
2601,'5462',641,,90067,3,,,0,62,,90054,3,,,0,22,,90044,3,,,0,22,,90063,3,,,0,60,,90068,3,,,0,25,,90053,3,,,0,20,,90046,3,,,0,60,,90064,3,,,0,22,,90057,3,,,0,18,,101229,3,,,0,58,,90051,3,,,0,18,,90045,3,,,0,18,,90065,3,,,0,58,,90049,3,,,0,19,,90070,3,,,0,18,,101230,3,,,0,18,,101231,3,,,0,58,,90050,3,,,0,18,,90061,3,,,0,18,,90058,3,,,0,58,,90071,3,,,0,18,,101232,3,,,0,18,,101235,3,,,0,58,,101234,3,,,0,18,,90062,3,,,0,18,,90060,3,,,0,18,,90069,3,,,0,58,,101233,3,,,0,18,,90080,3,,,0,18,,101238,3,,,0,58,,90079,3,,,0,17,,90073,3,,,0,17,,90082,3,,,0,57,,101236,3,,,0,20,,90078,3,,,0,20,,101239,3,,,0,60,,101240,3,,,0,20,,101241,3,,,0,20,,101237,3,,,0,60,,101243,3,,,0,20,,90090,3,,,0,20,,101245,3,,,0,60,,101246,3,,,0,20,,101244,3,,,0,20,,101242,3,,,0,60,,90087,3,,,0,23,,90088,3,,,0,30,,101247,3,,,0,70,,101248,3,,,0,31,,101249,3,,,0,71,,101250,3,,,0
2601,'5463',641,,90118,3,,,0,62,,90105,3,,,0,22,,90095,3,,,0,22,,90114,3,,,0,60,,90119,3,,,0,25,,90104,3,,,0,20,,90097,3,,,0,60,,90115,3,,,0,22,,90108,3,,,0,18,,101251,3,,,0,58,,90102,3,,,0,18,,90096,3,,,0,18,,90116,3,,,0,58,,90100,3,,,0,19,,90121,3,,,0,18,,101252,3,,,0,18,,101253,3,,,0,58,,90101,3,,,0,18,,90112,3,,,0,18,,90109,3,,,0,58,,90122,3,,,0,18,,101254,3,,,0,18,,101257,3,,,0,58,,101256,3,,,0,18,,90113,3,,,0,18,,90111,3,,,0,18,,90120,3,,,0,58,,101255,3,,,0,18,,90131,3,,,0,18,,101260,3,,,0,58,,90130,3,,,0,17,,90124,3,,,0,17,,90133,3,,,0,57,,101258,3,,,0,20,,90129,3,,,0,20,,101261,3,,,0,60,,101262,3,,,0,20,,101263,3,,,0,20,,101259,3,,,0,60,,101265,3,,,0,20,,90141,3,,,0,20,,101267,3,,,0,60,,101268,3,,,0,20,,101266,3,,,0,20,,101264,3,,,0,60,,90138,3,,,0,23,,90139,3,,,0,30,,101269,3,,,0,70,,101270,3,,,0,31,,101271,3,,,0,71,,101272,3,,,0
3901,'5456',610,,92716,3,,,0,32,,92707,3,,,0,73,,92717,3,,,0,13,,92708,3,,,0,12,,92700,3,,,0,13,,102503,3,,,0,56,,92699,3,,,0,15,,92710,3,,,0,24,,92709,3,,,0,67,,92687,3,,,0,30,,92701,3,,,0,70,,92711,3,,,0,30,,92692,3,,,0,70,,102501,3,,,0,30,,92693,3,,,0,70,,92712,3,,,0,30,,92694,3,,,0,70,,102502,3,,,0,31,,92695,3,,,0,70,,92713,3,,,0,18,,92685,3,,,0,16,,92679,3,,,0,56,,102504,3,,,0,8,,92678,3,0,28 29 14,0,8,,92689,3,,,0,18,,92714,3,,,0,15,,102499,3,,,0,55,,92683,3,,,0,16,,92680,3,,,0,15,,102505,3,,,0,16,,92697,3,,,0,57,,102509,3,,,0,18,,92684,3,,,0,20,,92681,3,,,0,60,,92702,3,,,0,19,,92691,3,,,0,20,,92706,3,,,0,60,,102500,3,,,0,22,,102506,3,,,0,108,,102508,3,,,0,107,,102507,3,0,28 29 14,0
3901,'5458',610,,92757,3,,,0,32,,92748,3,,,0,73,,92758,3,,,0,13,,92749,3,,,0,12,,92741,3,,,0,13,,102514,3,,,0,56,,92740,3,,,0,15,,92751,3,,,0,24,,92750,3,,,0,67,,92728,3,,,0,30,,92742,3,,,0,70,,92752,3,,,0,30,,92733,3,,,0,70,,102512,3,,,0,30,,92734,3,,,0,70,,92753,3,,,0,30,,92735,3,,,0,70,,102513,3,,,0,31,,92736,3,,,0,70,,102520,3,,,0,18,,92726,3,,,0,16,,92720,3,,,0,56,,102515,3,,,0,8,,92719,3,0,28 29 14,0,8,,92730,3,,,0,18,,102521,3,,,0,15,,102510,3,,,0,55,,92724,3,,,0,16,,92721,3,,,0,15,,102516,3,,,0,16,,92738,3,,,0,57,,102522,3,,,0,18,,92725,3,,,0,20,,92722,3,,,0,60,,92743,3,,,0,19,,92732,3,,,0,20,,92747,3,,,0,60,,102511,3,,,0,22,,102517,3,,,0,108,,102519,3,,,0,107,,102518,3,0,28 29 14,0
3901,'5459',739,,92761,3,0,28 29 14,0,99,,102524,3,0,28 29 14,0,100,,92769,3,0,28 29 14,0,99,,92759,3,0,28 29 14,0,99,,92762,3,0,28 29 14,0,100,,92765,3,0,28 29 14,0,100,,92770,3,0,28 29 14,0,100,,92760,3,0,28 29 14,0,100,,102523,3,0,28 29 14,0,100,,92766,3,0,28 29 14,0,102,,92771,3,0,28 29 14,0,100,,102525,3,0,28 29 14,0,100,,92768,3,0,28 29 14,0
3901,'5460',739,,102527,3,0,28 29 14,0,100,,102526,3,0,28 29 14,0,99,,92772,3,0,28 29 14,0,99,,92775,3,0,28 29 14,0,100,,92776,3,0,28 29 14,0,100,,92777,3,0,28 29 14,0,99,,92780,3,0,28 29 14,0,100,,92781,3,0,28 29 14,0,100,,102528,3,0,28 29 14,0,100,,92778,3,0,28 29 14,0,100,,102529,3,0,28 29 14,0,102,,102530,3,0,28 29 14,0,100,,92784,3,0,28 29 14,0
3901,'5461',739,,92787,3,0,28 29 14,0,100,,92786,3,0,28 29 14,0,99,,92785,3,0,28 29 14,0,99,,102531,3,0,28 29 14,0,100,,92789,3,0,28 29 14,0,100,,92790,3,0,28 29 14,0,99,,92793,3,0,28 29 14,0,100,,92794,3,0,28 29 14,0,100,,92792,3,0,28 29 14,0,100,,102532,3,0,28 29 14,0,100,,102533,3,0,28 29 14,0,102,,102534,3,0,28 29 14,0,100,,92797,3,0,28 29 14,0
3901,'5462',739,,92800,3,0,28 29 14,0,100,,92799,3,0,28 29 14,0,99,,92798,3,0,28 29 14,0,99,,102535,3,0,28 29 14,0,100,,92802,3,0,28 29 14,0,100,,92803,3,0,28 29 14,0,99,,92806,3,0,28 29 14,0,100,,92807,3,0,28 29 14,0,100,,92805,3,0,28 29 14,0,100,,102536,3,0,28 29 14,0,100,,102537,3,0,28 29 14,0,102,,102538,3,0,28 29 14,0,100,,92810,3,0,28 29 14,0
3901,'5463',739,,92813,3,0,28 29 14,0,100,,92812,3,0,28 29 14,0,99,,92811,3,0,28 29 14,0,99,,102539,3,0,28 29 14,0,100,,92815,3,0,28 29 14,0,100,,92816,3,0,28 29 14,0,99,,92819,3,0,28 29 14,0,100,,92820,3,0,28 29 14,0,100,,92818,3,0,28 29 14,0,100,,102540,3,0,28 29 14,0,100,,102541,3,0,28 29 14,0,102,,102542,3,0,28 29 14,0,100,,92823,3,0,28 29 14,0
4001,'5456',555,,102606,3,,,0,94,,92940,3,,,0,67,,102605,3,,,0,92,,92939,3,,,0,99,,92935,3,,,0,98,,92933,3,,,0,100,,102604,3,,,0,101,,102598,3,,,0,100,,102601,3,,,0,100,,92927,3,,,0,106,,102603,3,,,0,36,,102597,3,,,0,76,,92926,3,,,0,34,,102596,3,,,0,74,,102602,3,,,0,86,,102599,3,,,0,95,,102600,3,,,0,100,,92929,3,,,0,124,,92931,3,,,0
4001,'5458',555,,102617,3,,,0,94,,92959,3,,,0,67,,102616,3,,,0,92,,92958,3,,,0,99,,92954,3,,,0,98,,92952,3,,,0,100,,102615,3,,,0,101,,102609,3,,,0,100,,102612,3,,,0,100,,92946,3,,,0,106,,102614,3,,,0,36,,102608,3,,,0,76,,92945,3,,,0,34,,102607,3,,,0,74,,102613,3,,,0,86,,102610,3,,,0,95,,102611,3,,,0,100,,92948,3,,,0,124,,92950,3,,,0
4001,'5459',627,,92971,3,,,0,125,,92974,3,,,0,100,,92962,3,,,0,100,,92964,3,,,0,101,,92970,3,,,0,100,,92972,3,,,0,100,,102618,3,,,0,100,,102619,3,,,0,100,,102621,3,,,0,100,,102622,3,,,0,100,,102620,3,,,0,100,,92967,3,,,0,99,,92969,3,,,0,100,,102623,3,,,0,170,,102624,3,,,0
4001,'5460',722,,92978,3,,,0,130,,92977,3,,,0,100,,92979,3,,,0,100,,92980,3,,,0,101,,92982,3,,,0,100,,92981,3,,,0,100,,102628,3,,,0,100,,102626,3,,,0,100,,102627,3,,,0,99,,102625,3,,,0,100,,92988,3,,,0,100,,92987,3,,,0,100,,92989,3,,,0
4001,'5461',722,,102629,3,,,0,130,,92990,3,,,0,100,,102630,3,,,0,100,,92993,3,,,0,101,,92995,3,,,0,100,,92994,3,,,0,100,,102634,3,,,0,100,,102632,3,,,0,100,,102633,3,,,0,99,,102631,3,,,0,100,,93001,3,,,0,100,,93000,3,,,0,100,,102635,3,,,0
4001,'5462',722,,102636,3,,,0,130,,93003,3,,,0,100,,102637,3,,,0,100,,93006,3,,,0,101,,93008,3,,,0,100,,93007,3,,,0,100,,102641,3,,,0,100,,102639,3,,,0,100,,102640,3,,,0,99,,102638,3,,,0,100,,93014,3,,,0,100,,93013,3,,,0,100,,102642,3,,,0
4001,'5463',722,,102643,3,,,0,130,,93016,3,,,0,100,,102644,3,,,0,100,,93019,3,,,0,101,,93021,3,,,0,100,,93020,3,,,0,100,,102648,3,,,0,100,,102646,3,,,0,100,,102647,3,,,0,99,,102645,3,,,0,100,,93027,3,,,0,100,,93026,3,,,0,100,,102649,3,,,0
1002601,'5456',1422,,98226,3,,,0,11,,98227,3,,,0,14,,98228,3,,,0,12,,98229,3,,,0,54,,98230,1,,,0,4,,98231,3,,,0,12,,98232,3,,,0,15,,98233,3,,,0,58,,98234,3,,,0,18,,98235,3,,,0,17,,98225,3,,,0,17,,98236,3,,,0,59,,98237,3,,,0,15,,98238,3,,,0,17,,98239,3,,,0,14,,105683,3,,,0
1002601,'5458',1356,,98242,1,,,0,66,,98243,3,,,0,11,,98244,3,,,0,14,,98245,3,,,0,12,,98246,3,,,0,58,,98247,3,,,0,12,,98248,3,,,0,15,,98249,3,,,0,58,,98250,3,,,0,18,,98251,3,,,0,17,,98241,3,,,0,17,,98252,3,,,0,59,,98253,3,,,0,15,,98254,3,,,0,17,,98255,3,,,0,14,,105684,3,,,0
24005101,'5456',732,,105766,2,,,0,71,,98605,2,,,0,37,,98606,2,,,0,98,,105767,2,,,0,98,,98604,2,,,0,100,,98609,2,,,0,100,,105765,2,,,0,100,,98610,2,,,0,101,,98602,2,,,0,67,,98598,2,0,30 14,0,13,,98596,2,,,0,22,,98600,2,,,0,70,,98599,2,,,0,35,,98593,2,,,0,69,,98601,2,,,0,30,,98597,2,,,0,100,,98594,2,,,0,100,,105764,2,,,0
24005101,'5458',732,,105770,2,,,0,71,,98623,2,,,0,37,,98624,2,,,0,98,,105771,2,,,0,98,,98622,2,,,0,100,,98627,2,,,0,100,,105769,2,,,0,100,,98628,2,,,0,101,,98620,2,,,0,67,,98616,2,0,30 14,0,13,,98614,2,,,0,22,,98618,2,,,0,70,,98617,2,,,0,35,,98611,2,,,0,69,,98619,2,,,0,30,,98615,2,,,0,100,,98612,2,,,0,100,,105768,2,,,0
