7101,'5456',558,,95562,5,,,0,70,,95563,5,,,0,85,,95564,5,,,0
7101,'5458',558,,95565,5,,,0,70,,95566,5,,,0,85,,95567,5,,,0
7201,'5456',534,,95769,5,,,0,80,,95772,5,,,0,30,,95770,5,,,0,70,,95774,5,,,0,31,,95784,5,,,0,61,,95779,5,,,0,27,,95771,5,,,0,70,,95773,5,,,0,30,,95777,5,,,0,70,,95775,5,,,0,30,,95776,5,,,0,73,,95783,5,,,0,30,,95778,5,,,0,70,,95780,5,,,0,30,,95781,5,,,0,70,,95788,5,,,0,30,,95791,5,,,0,70,,95782,5,,,0,30,,95793,5,,,0,70,,95797,5,,,0,13,,95798,1,0,13 14,0,18,,95785,5,,,0,68,,95786,5,,,0,32,,95792,5,,,0,71,,95800,5,,,0,30,,95787,5,,,0,69,,95794,5,,,0,30,,95796,5,,,0,70,,95789,5,,,0,30,,95790,5,,,0,70,,95799,5,,,0,30,,95801,5,,,0,70,,95795,5,,,0
7201,'5457',1414,,95802,1,,,0
7201,'5458',534,,95803,5,,,0,80,,95806,5,,,0,30,,95804,5,,,0,70,,95808,5,,,0,31,,95819,5,,,0,61,,95813,5,,,0,27,,95805,5,,,0,70,,95807,5,,,0,30,,95811,5,,,0,70,,95809,5,,,0,30,,95810,5,,,0,73,,95818,5,,,0,30,,95812,5,,,0,70,,95814,5,,,0,30,,95815,5,,,0,70,,95823,5,,,0,30,,95826,5,,,0,70,,95817,5,,,0,8,,95816,1,,,0,22,,95828,5,,,0,70,,95832,5,,,0,13,,95833,1,0,13 14,0,18,,95820,5,,,0,68,,95821,5,,,0,32,,95827,5,,,0,71,,95835,5,,,0,30,,95822,5,,,0,69,,95829,5,,,0,30,,95831,5,,,0,70,,95824,5,,,0,30,,95825,5,,,0,70,,95834,5,,,0,30,,95836,5,,,0,70,,95830,5,,,0
7201,'5459',602,,95865,5,,,0,100,,95838,5,,,0,100,,95839,5,,,0,33,,95840,5,,,0,70,,95841,5,,,0,30,,95842,5,,,0,71,,95843,5,,,0,29,,95844,5,,,0,71,,95845,5,,,0,30,,95846,5,,,0,70,,95837,5,,,0,30,,95847,5,,,0,69,,95848,5,,,0,31,,95849,5,,,0,74,,95850,5,,,0,31,,95851,5,,,0,69,,95852,5,,,0,31,,95853,5,,,0,69,,95854,5,,,0,26,,95855,5,,,0,69,,95856,5,,,0,30,,95857,5,,,0,70,,95858,5,,,0,30,,95859,5,,,0,70,,95860,5,,,0,30,,95861,5,,,0,70,,95862,5,,,0,30,,95863,5,,,0,70,,95864,5,,,0
7201,'5460',702,,95867,5,,,0,100,,95868,5,,,0,100,,95869,5,,,0,103,,95870,5,,,0,100,,95872,5,,,0,30,,95873,5,,,0,70,,95866,5,,,0,30,,95871,5,,,0,70,,95874,5,,,0,30,,95876,5,,,0,70,,95877,5,,,0,30,,95878,5,,,0,70,,95875,5,,,0,30,,95879,5,,,0,70,,95880,5,,,0,30,,95881,5,,,0,75,,95882,5,,,0,28,,95883,5,,,0,72,,95884,5,,,0,30,,95885,5,,,0,70,,95887,5,,,0,30,,95886,5,,,0,70,,95888,5,,,0,30,,95889,5,,,0,70,,95890,5,,,0
7201,'5461',702,,95892,5,,,0,100,,95893,5,,,0,100,,95894,5,,,0,103,,95895,5,,,0,100,,95897,5,,,0,30,,95898,5,,,0,70,,95891,5,,,0,30,,95896,5,,,0,70,,95899,5,,,0,30,,95901,5,,,0,70,,95902,5,,,0,30,,95903,5,,,0,70,,95900,5,,,0,30,,95904,5,,,0,70,,95905,5,,,0,30,,95906,5,,,0,75,,95907,5,,,0,28,,95908,5,,,0,72,,95909,5,,,0,30,,95910,5,,,0,70,,95912,5,,,0,30,,95911,5,,,0,70,,95913,5,,,0,30,,95914,5,,,0,70,,95915,5,,,0
7201,'5462',702,,95917,5,,,0,100,,95918,5,,,0,100,,95919,5,,,0,103,,95920,5,,,0,100,,95922,5,,,0,30,,95923,5,,,0,70,,95916,5,,,0,30,,95921,5,,,0,70,,95924,5,,,0,30,,95926,5,,,0,70,,95927,5,,,0,30,,95928,5,,,0,70,,95925,5,,,0,30,,95929,5,,,0,70,,95930,5,,,0,30,,95931,5,,,0,75,,95932,5,,,0,28,,95933,5,,,0,72,,95934,5,,,0,30,,95935,5,,,0,70,,95937,5,,,0,30,,95936,5,,,0,70,,95938,5,,,0,30,,95939,5,,,0,70,,95940,5,,,0
7201,'5463',702,,95942,5,,,0,100,,95943,5,,,0,100,,95944,5,,,0,103,,95945,5,,,0,100,,95947,5,,,0,30,,95948,5,,,0,70,,95941,5,,,0,30,,95946,5,,,0,70,,95949,5,,,0,30,,95951,5,,,0,70,,95952,5,,,0,30,,95953,5,,,0,70,,95950,5,,,0,30,,95954,5,,,0,70,,95955,5,,,0,30,,95956,5,,,0,75,,95957,5,,,0,28,,95958,5,,,0,72,,95959,5,,,0,30,,95960,5,,,0,70,,95962,5,,,0,30,,95961,5,,,0,70,,95963,5,,,0,30,,95964,5,,,0,70,,95965,5,,,0
8101,'5456',655,,96447,5,,,0,251,,96448,5,,,0,103,,96450,5,,,0,97,,96451,5,,,0,100,,96452,5,,,0,100,,96453,5,,,0,100,,96454,5,,,0,100,,96455,5,,,0,100,,96456,5,,,0,99,,96457,5,,,0,100,,96458,5,,,0,100,,96459,5,,,0,101,,96460,5,,,0,99,,96461,5,,,0
8101,'5458',655,,96463,5,,,0,251,,96464,5,,,0,103,,96466,5,,,0,97,,96467,5,,,0,100,,96468,5,,,0,100,,96469,5,,,0,100,,96470,5,,,0,100,,96471,5,,,0,100,,96472,5,,,0,99,,96473,5,,,0,100,,96474,5,,,0,100,,96475,5,,,0,101,,96476,5,,,0,99,,96477,5,,,0
8101,'5459',905,,96478,5,,,0,102,,96479,5,,,0,100,,96480,5,,,0,100,,96481,5,,,0,100,,96482,5,,,0,104,,96483,5,,,0,100,,96484,5,,,0,100,,96485,5,,,0,96,,96486,5,,,0,98,,96487,5,,,0,100,,96488,5,,,0,100,,96489,5,,,0,100,,96490,5,,,0
8101,'5460',905,,96491,5,,,0,100,,96492,5,,,0,102,,96493,5,,,0,100,,96494,5,,,0,100,,96495,5,,,0,101,,96496,5,,,0,100,,96497,5,,,0,100,,96498,5,,,0,102,,96499,5,,,0,100,,96500,5,,,0,100,,96501,5,,,0,100,,96502,5,,,0,100,,96503,5,,,0
8101,'5461',905,,96504,5,,,0,100,,96505,5,,,0,102,,96506,5,,,0,100,,96507,5,,,0,100,,96508,5,,,0,101,,96509,5,,,0,100,,96510,5,,,0,100,,96511,5,,,0,102,,96512,5,,,0,100,,96513,5,,,0,100,,96514,5,,,0,100,,96515,5,,,0,100,,96516,5,,,0
8101,'5462',905,,96517,5,,,0,100,,96518,5,,,0,102,,96519,5,,,0,100,,96520,5,,,0,100,,96521,5,,,0,101,,96522,5,,,0,100,,96523,5,,,0,100,,96524,5,,,0,102,,96525,5,,,0,100,,96526,5,,,0,100,,96527,5,,,0,100,,96528,5,,,0,100,,96529,5,,,0
8101,'5463',905,,96530,5,,,0,100,,96531,5,,,0,102,,96532,5,,,0,100,,96533,5,,,0,100,,96534,5,,,0,101,,96535,5,,,0,100,,96536,5,,,0,100,,96537,5,,,0,102,,96538,5,,,0,100,,96539,5,,,0,100,,96540,5,,,0,100,,96541,5,,,0,100,,96542,5,,,0
1007201,'5456',2205,,98265,5,,,0,100,,98267,5,,,0,100,,98266,5,,,0
1007201,'5458',2205,,98268,5,,,0,100,,98270,5,,,0,100,,98269,5,,,0
1007201,'5459',2205,,98271,5,,,0,100,,98272,5,,,0,100,,98273,5,,,0
1007201,'5460',2205,,98274,5,,,0,100,,98275,5,,,0
1007201,'5461',2205,,98276,5,,,0,100,,98277,5,,,0
1007201,'5462',2205,,98278,5,,,0,100,,98279,5,,,0
1007201,'5463',2205,,98280,5,,,0,100,,98281,5,,,0
