1501,'5456',532,,87633,7,,,0,69,,87634,18,,,0,28,,87635,18,,,0,17,,87636,18,,,0,60,,87637,18,,,0,16,,87638,18,,,0,15,,87639,18,,,0,15,,87640,18,,,0,56,,87641,18,,,0,17,,87632,18,,,0,17,,87642,18,,,0,16,,87643,18,,,0,55,,87644,18,,,0,15,,87645,18,,,0,15,,87646,18,,,0,15,,87647,18,,,0,55,,87648,18,,,0,15,,87649,18,,,0,16,,87650,18,,,0,56,,87651,18,,,0,15,,87652,18,,,0,15,,87653,18,,,0,15,,87654,18,,,0,55,,87655,18,,,0,15,,87656,18,,,0,15,,87657,18,,,0,15,,87658,18,,,0,55,,87659,18,,,0,15,,87660,18,,,0,15,,87661,18,,,0,13,,87662,18,,,0,15,,87663,18,,,0,55,,87664,18,,,0,14,,87665,18,,,0,13,,87666,18,,,0,12,,87667,18,,,0,51,,87668,18,,,0,11,,87669,18,,,0,9,,87670,18,,,0,16,,87671,18,,,0,13,,87672,18,,,0,52,,87673,18,,,0,12,,87674,18,,,0,12,,87675,18,,,0,11,,87676,18,,,0,11,,87677,18,,,0,52,,87678,18,,,0,10,,87679,18,,,0,9,,87680,18,,,0,12,,87681,18,,,0,11,,87682,18,,,0,12,,87683,18,,,0,51,,87684,18,,,0,11,,87685,18,,,0,10,,87686,18,,,0,14,,87687,18,,,0,15,,87688,18,,,0,56,,87689,18,,,0,15,,87690,18,,,0,15,,87691,18,,,0,15,,87692,18,,,0,55,,87693,18,,,0,14,,87694,18,,,0,19,,87695,18,,,0,60,,87696,18,,,0,21,,87697,18,,,0,19,,87698,18,,,0,64,,87699,18,,,0,31,,87700,18,,,0,74,,87701,18,,,0,31,,87702,18,,,0,70,,87703,18,,,0,31,,87704,18,,,0
1501,'5458',532,,87706,7,,,0,69,,87707,18,,,0,28,,87708,18,,,0,17,,87709,18,,,0,60,,87710,18,,,0,16,,87711,18,,,0,15,,87712,18,,,0,15,,87713,18,,,0,56,,87714,18,,,0,17,,87705,18,,,0,17,,87715,18,,,0,16,,87716,18,,,0,55,,87717,18,,,0,15,,87718,18,,,0,15,,87719,18,,,0,15,,87720,18,,,0,55,,87721,18,,,0,15,,87722,18,,,0,16,,87723,18,,,0,56,,87724,18,,,0,15,,87725,18,,,0,15,,87726,18,,,0,15,,87727,18,,,0,55,,87728,18,,,0,15,,87729,18,,,0,15,,87730,18,,,0,15,,87731,18,,,0,55,,87732,18,,,0,15,,87733,18,,,0,15,,87734,18,,,0,13,,87735,18,,,0,15,,87736,18,,,0,55,,87737,18,,,0,14,,87738,18,,,0,13,,87739,18,,,0,12,,87740,18,,,0,51,,87741,18,,,0,11,,87742,18,,,0,9,,87743,18,,,0,16,,87744,18,,,0,13,,87745,18,,,0,52,,87746,18,,,0,12,,87747,18,,,0,12,,87748,18,,,0,11,,87749,18,,,0,11,,87750,18,,,0,52,,87751,18,,,0,10,,87752,18,,,0,9,,87753,18,,,0,12,,87754,18,,,0,11,,87755,18,,,0,12,,87756,18,,,0,51,,87757,18,,,0,11,,87758,18,,,0,10,,87759,18,,,0,14,,87760,18,,,0,15,,87761,18,,,0,56,,87762,18,,,0,15,,87763,18,,,0,15,,87764,18,,,0,15,,87765,18,,,0,55,,87766,18,,,0,14,,87767,18,,,0,19,,87768,18,,,0,60,,87769,18,,,0,21,,87770,18,,,0,19,,87771,18,,,0,64,,87772,18,,,0,31,,87773,18,,,0,74,,87774,18,,,0,31,,87775,18,,,0,70,,87776,18,,,0,31,,87777,18,,,0,70,,87778,18,,,0,30,,87779,18,,,0,70,,87780,18,,,0,30,,87781,18,,,0
1501,'5459',700,,87822,18,,,0,24,,87836,18,,,0,20,,87821,18,,,0,15,,87797,18,,,0,54,,87817,18,,,0,15,,87818,18,,,0,15,,87796,18,,,0,15,,87835,18,,,0,55,,87819,18,,,0,15,,87795,18,,,0,16,,87820,18,,,0,15,,87812,18,,,0,53,,87793,18,,,0,14,,87794,18,,,0,14,,87834,18,,,0,15,,87813,18,,,0,55,,87792,18,,,0,15,,87815,18,,,0,15,,87816,18,,,0,15,,87789,18,,,0,55,,87791,18,,,0,15,,87833,18,,,0,14,,87814,18,,,0,16,,87790,18,,,0,55,,87811,18,,,0,15,,87810,18,,,0,15,,87788,18,,,0,16,,87785,18,,,0,55,,87832,18,,,0,16,,87809,18,,,0,14,,87787,18,,,0,15,,87807,18,,,0,55,,87808,18,,,0,15,,87786,18,,,0,15,,87801,18,,,0,15,,87837,18,,,0,55,,87830,18,,,0,15,,87802,18,,,0,15,,87803,18,,,0,15,,87805,18,,,0,55,,87782,18,,,0,15,,87784,18,,,0,15,,87831,18,,,0,14,,87804,18,,,0,54,,87783,18,,,0,15,,87806,18,,,0,15,,87829,18,,,0,15,,87800,18,,,0,55,,87798,18,,,0,15,,87838,18,,,0,17,,87826,18,,,0,60,,87799,18,,,0,20,,87824,18,,,0,20,,87825,18,,,0,60,,87823,18,,,0,20,,87827,18,,,0,20,,87828,18,,,0,60,,87841,18,,,0,20,,87840,18,,,0,23,,87839,18,,,0,69,,87842,18,,,0,31,,87843,18,,,0,71,,87844,18,,,0,29,,87845,18,,,0,70,,87846,18,,,0,30,,87847,18,,,0,72,,87848,18,,,0,30,,87849,18,,,0
1501,'5460',658,,87867,18,,,0,68,,87854,18,,,0,20,,87868,18,,,0,57,,87855,18,,,0,15,,87909,18,,,0,15,,87869,18,,,0,15,,87856,18,,,0,55,,87908,18,,,0,13,,87870,18,,,0,15,,87857,18,,,0,15,,87871,18,,,0,55,,87851,18,,,0,15,,87865,18,,,0,15,,87850,18,,,0,16,,87874,18,,,0,56,,87861,18,,,0,15,,87875,18,,,0,15,,87853,18,,,0,15,,87863,18,,,0,55,,87852,18,,,0,15,,87862,18,,,0,15,,87876,18,,,0,15,,87858,18,,,0,55,,87877,18,,,0,17,,87859,18,,,0,15,,87866,18,,,0,15,,87864,18,,,0,55,,87860,18,,,0,15,,87878,18,,,0,15,,87880,18,,,0,15,,87879,18,,,0,55,,87881,18,,,0,15,,87873,18,,,0,15,,87883,18,,,0,15,,87872,18,,,0,55,,87884,18,,,0,15,,87890,18,,,0,15,,87889,18,,,0,15,,87885,18,,,0,55,,87882,18,,,0,15,,87887,18,,,0,14,,87886,18,,,0,15,,87888,18,,,0,55,,87904,18,,,0,14,,87901,18,,,0,15,,87898,18,,,0,15,,87902,18,,,0,55,,87891,18,,,0,18,,87903,18,,,0,19,,87892,18,,,0,19,,87893,18,,,0,59,,87895,18,,,0,20,,87897,18,,,0,20,,87896,18,,,0,60,,87894,18,,,0,26,,87900,18,,,0,70,,87899,18,,,0,31,,87905,18,,,0,70,,87906,18,,,0,30,,87907,18,,,0
1501,'5461',658,,87927,18,,,0,68,,87914,18,,,0,20,,87928,18,,,0,57,,87915,18,,,0,15,,87969,18,,,0,15,,87929,18,,,0,15,,87916,18,,,0,55,,87968,18,,,0,13,,87930,18,,,0,15,,87917,18,,,0,15,,87931,18,,,0,55,,87911,18,,,0,15,,87925,18,,,0,15,,87910,18,,,0,16,,87934,18,,,0,56,,87921,18,,,0,15,,87935,18,,,0,15,,87913,18,,,0,15,,87923,18,,,0,55,,87912,18,,,0,15,,87922,18,,,0,15,,87936,18,,,0,15,,87918,18,,,0,55,,87937,18,,,0,17,,87919,18,,,0,15,,87926,18,,,0,15,,87924,18,,,0,55,,87920,18,,,0,15,,87938,18,,,0,15,,87940,18,,,0,15,,87939,18,,,0,55,,87941,18,,,0,15,,87933,18,,,0,15,,87943,18,,,0,15,,87932,18,,,0,55,,87944,18,,,0,15,,87950,18,,,0,15,,87949,18,,,0,15,,87945,18,,,0,55,,87942,18,,,0,15,,87947,18,,,0,14,,87946,18,,,0,15,,87948,18,,,0,55,,87964,18,,,0,14,,87961,18,,,0,15,,87958,18,,,0,15,,87962,18,,,0,55,,87951,18,,,0,18,,87963,18,,,0,19,,87952,18,,,0,19,,87953,18,,,0,59,,87955,18,,,0,20,,87957,18,,,0,20,,87956,18,,,0,60,,87954,18,,,0,26,,87960,18,,,0,70,,87959,18,,,0,31,,87965,18,,,0,70,,87966,18,,,0,30,,87967,18,,,0
1501,'5462',658,,87987,18,,,0,68,,87974,18,,,0,20,,87988,18,,,0,57,,87975,18,,,0,15,,88029,18,,,0,15,,87989,18,,,0,15,,87976,18,,,0,55,,88028,18,,,0,13,,87990,18,,,0,15,,87977,18,,,0,15,,87991,18,,,0,55,,87971,18,,,0,15,,87985,18,,,0,15,,87970,18,,,0,16,,87994,18,,,0,56,,87981,18,,,0,15,,87995,18,,,0,15,,87973,18,,,0,15,,87983,18,,,0,55,,87972,18,,,0,15,,87982,18,,,0,15,,87996,18,,,0,15,,87978,18,,,0,55,,87997,18,,,0,17,,87979,18,,,0,15,,87986,18,,,0,15,,87984,18,,,0,55,,87980,18,,,0,15,,87998,18,,,0,15,,88000,18,,,0,15,,87999,18,,,0,55,,88001,18,,,0,15,,87993,18,,,0,15,,88003,18,,,0,15,,87992,18,,,0,55,,88004,18,,,0,15,,88010,18,,,0,15,,88009,18,,,0,15,,88005,18,,,0,55,,88002,18,,,0,15,,88007,18,,,0,14,,88006,18,,,0,15,,88008,18,,,0,55,,88024,18,,,0,14,,88021,18,,,0,15,,88018,18,,,0,15,,88022,18,,,0,55,,88011,18,,,0,18,,88023,18,,,0,19,,88012,18,,,0,19,,88013,18,,,0,59,,88015,18,,,0,20,,88017,18,,,0,20,,88016,18,,,0,60,,88014,18,,,0,26,,88020,18,,,0,70,,88019,18,,,0,31,,88025,18,,,0,70,,88026,18,,,0,30,,88027,18,,,0
1501,'5463',658,,88047,18,,,0,68,,88034,18,,,0,20,,88048,18,,,0,57,,88035,18,,,0,15,,88089,18,,,0,15,,88049,18,,,0,15,,88036,18,,,0,55,,88088,18,,,0,13,,88050,18,,,0,15,,88037,18,,,0,15,,88051,18,,,0,55,,88031,18,,,0,15,,88045,18,,,0,15,,88030,18,,,0,16,,88054,18,,,0,56,,88041,18,,,0,15,,88055,18,,,0,15,,88033,18,,,0,15,,88043,18,,,0,55,,88032,18,,,0,15,,88042,18,,,0,15,,88056,18,,,0,15,,88038,18,,,0,55,,88057,18,,,0,17,,88039,18,,,0,15,,88046,18,,,0,15,,88044,18,,,0,55,,88040,18,,,0,15,,88058,18,,,0,15,,88060,18,,,0,15,,88059,18,,,0,55,,88061,18,,,0,15,,88053,18,,,0,15,,88063,18,,,0,15,,88052,18,,,0,55,,88064,18,,,0,15,,88070,18,,,0,15,,88069,18,,,0,15,,88065,18,,,0,55,,88062,18,,,0,15,,88067,18,,,0,14,,88066,18,,,0,15,,88068,18,,,0,55,,88084,18,,,0,14,,88081,18,,,0,15,,88078,18,,,0,15,,88082,18,,,0,55,,88071,18,,,0,18,,88083,18,,,0,19,,88072,18,,,0,19,,88073,18,,,0,59,,88075,18,,,0,20,,88077,18,,,0,20,,88076,18,,,0,60,,88074,18,,,0,26,,88080,18,,,0,70,,88079,18,,,0,31,,88085,18,,,0,70,,88086,18,,,0,30,,88087,18,,,0
2501,'5456',635,,89228,34,,,0,81,,89229,34,,,0,38,,89230,34,0,6 7,0,80,,89233,34,,,0,112,,89231,34,,,0,100,,89232,34,,,0,100,,89234,34,,,0,100,,89235,34,,,0,100,,89236,34,,,0,108,,89237,34,,,0,94,,89238,34,,,0,100,,89239,34,,,0,79,,89240,34,,,0,84,,89241,34,,,0,44,,89242,34,,,0,94,,89243,34,,,0,103,,89244,34,,,0,170,,89245,34,,,0,129,,89246,34,,,0
2501,'5458',635,,89247,34,,,0,81,,89248,34,,,0,38,,89249,34,0,6 7,0,80,,89252,34,,,0,112,,89250,34,,,0,100,,89251,34,,,0,100,,89253,34,,,0,100,,89254,34,,,0,100,,89255,34,,,0,108,,89256,34,,,0,94,,89257,34,,,0,100,,89258,34,,,0,79,,89259,34,,,0,84,,89260,34,,,0,44,,89261,34,,,0,94,,89262,34,,,0,103,,89263,34,,,0,170,,89264,34,,,0,129,,89265,34,,,0
2501,'5459',740,,89269,34,,,0,100,,89266,34,,,0,106,,89268,34,,,0,102,,89267,34,,,0,98,,89275,34,,,0,95,,89272,34,,,0,100,,89271,34,,,0,99,,89270,34,,,0,100,,89273,34,,,0,101,,89274,34,,,0,118,,89276,34,,,0,168,,89277,34,,,0,125,,89278,34,,,0,170,,89279,34,,,0,130,,89280,34,,,0
2501,'5460',856,,89282,34,,,0,171,,89281,34,,,0,128,,89283,34,,,0,171,,89284,34,,,0,132,,89285,34,,,0,171,,89286,34,,,0,128,,89287,34,,,0,170,,89288,34,,,0,129,,89289,34,,,0,165,,89290,34,,,0,129,,89291,34,,,0
2501,'5461',856,,89293,34,,,0,171,,89292,34,,,0,128,,89294,34,,,0,171,,89295,34,,,0,132,,89296,34,,,0,171,,89297,34,,,0,128,,89298,34,,,0,170,,89299,34,,,0,129,,89300,34,,,0,165,,89301,34,,,0,129,,89302,34,,,0
2501,'5462',856,,89304,34,,,0,171,,89303,34,,,0,128,,89305,34,,,0,171,,89306,34,,,0,132,,89307,34,,,0,171,,89308,34,,,0,128,,89309,34,,,0,170,,89310,34,,,0,129,,89311,34,,,0,165,,89312,34,,,0,129,,89313,34,,,0
2501,'5463',856,,89315,34,,,0,171,,89314,34,,,0,128,,89316,34,,,0,171,,89317,34,,,0,132,,89318,34,,,0,171,,89319,34,,,0,128,,89320,34,,,0,170,,89321,34,,,0,129,,89322,34,,,0,165,,89323,34,,,0,129,,89324,34,,,0
