3801,'5456',701,,92483,30,,,0,28,,92482,30,,,0,71,,92484,30,,,0,27,,92485,30,,,0,75,,92488,30,,,0,44,,92486,30,,,0,88,,92487,30,,,0,100,,92490,30,,,0,103,,92489,30,,,0,72,,92503,9,,,0,30,,92491,30,,,0,78,,92504,9,,,0,26,,92492,30,,,0,76,,92505,9,,,0,35,,92493,30,,,0,86,,92494,30,,,0,72,,92499,30,,,0,24,,92495,30,,,0,64,,92502,30,,,0,25,,92496,30,,,0,30,,92497,30,,,0,75,,92500,30,,,0,99,,92498,30,,,0,104,,92501,30,,,0
3801,'5458',701,,92507,30,,,0,28,,92506,30,,,0,71,,92508,30,,,0,27,,92509,30,,,0,75,,92512,30,,,0,44,,92510,30,,,0,88,,92511,30,,,0,100,,92514,30,,,0,103,,92513,30,,,0,72,,92527,9,,,0,30,,92515,30,,,0,78,,92528,9,,,0,26,,92516,30,,,0,76,,92529,9,,,0,35,,92517,30,,,0,86,,92518,30,,,0,72,,92523,30,,,0,24,,92519,30,,,0,64,,92526,30,,,0,25,,92520,30,,,0,30,,92521,30,,,0,75,,92524,30,,,0,99,,92522,30,,,0,104,,92525,30,,,0
5400,'5456',630,,93776,41,,,0,100,,93779,41,,,0,171,,93778,41,,,0,202,,93777,41,,,0,136,,93780,41,,,0,203,,93784,41,,,0,105,,93782,41,,,0,193,,93783,41,,,0,193,,93785,41,,,0,191,,93781,41,,,0
5400,'5458',630,,93786,41,,,0,100,,93789,41,,,0,171,,93788,41,,,0,202,,93787,41,,,0,136,,93790,41,,,0,203,,93794,41,,,0,105,,93792,41,,,0,193,,93793,41,,,0,193,,93795,41,,,0,191,,93791,41,,,0
5400,'5459',726,,93802,41,,,0,204,,93801,41,,,0,211,,93796,41,,,0,208,,93799,41,,,0,206,,93800,41,,,0,248,,93798,41,,,0,203,,93797,41,,,0
5400,'5460',725,,93803,41,,,0,203,,93805,41,,,0,212,,93806,41,,,0,207,,93807,41,,,0,205,,93804,41,,,0,250,,93808,41,,,0,203,,93809,41,,,0
5400,'5461',725,,93810,41,,,0,203,,93812,41,,,0,212,,93813,41,,,0,207,,93814,41,,,0,205,,93811,41,,,0,250,,93815,41,,,0,203,,93816,41,,,0
5400,'5462',725,,93817,41,,,0,203,,93819,41,,,0,212,,93820,41,,,0,207,,93821,41,,,0,205,,93818,41,,,0,250,,93822,41,,,0,203,,93823,41,,,0
5400,'5463',725,,93824,41,,,0,203,,93826,41,,,0,212,,93827,41,,,0,207,,93828,41,,,0,205,,93825,41,,,0,250,,93829,41,,,0,203,,93830,41,,,0
5500,'5456',629,,93886,37,,,0,172,,93890,37,,,0,133,,93889,37,,,0,214,,93888,37,,,0,198,,93887,37,,,0,175,,93891,37,,,0,106,,93895,37,,,0,181,,93893,37,,,0,147,,93892,37,,,0,198,,93894,37,,,0
5500,'5458',629,,93896,37,,,0,172,,93900,37,,,0,133,,93899,37,,,0,214,,93898,37,,,0,198,,93897,37,,,0,175,,93901,37,,,0,106,,93905,37,,,0,181,,93903,37,,,0,147,,93902,37,,,0,198,,93904,37,,,0
5500,'5459',823,,93912,37,,,0,202,,93908,37,,,0,214,,93909,37,,,0,204,,93910,37,,,0,210,,93911,37,,,0,248,,93907,37,,,0,224,,93906,37,,,0
5500,'5460',821,,93913,37,,,0,203,,93916,37,,,0,214,,93915,37,,,0,206,,93914,37,,,0,210,,93918,37,,,0,247,,93919,37,,,0,222,,93917,37,,,0
5500,'5461',821,,93920,37,,,0,203,,93923,37,,,0,214,,93922,37,,,0,206,,93921,37,,,0,210,,93925,37,,,0,247,,93926,37,,,0,222,,93924,37,,,0
5500,'5462',821,,93927,37,,,0,203,,93930,37,,,0,214,,93929,37,,,0,206,,93928,37,,,0,210,,93932,37,,,0,247,,93933,37,,,0,222,,93931,37,,,0
5500,'5463',821,,93934,37,,,0,203,,93937,37,,,0,214,,93936,37,,,0,206,,93935,37,,,0,210,,93939,37,,,0,247,,93940,37,,,0,222,,93938,37,,,0
