201,'5456',613,,82174,32,0,46 37,0,21,,82175,32,0,46 37,0,67,,82176,32,0,46 37,0,29,,82177,32,0,46 37,0,72,,82178,32,0,46 37,0,31,,82179,32,0,46 37,0,72,,82180,32,0,46 37,0,30,,82181,32,0,46 37,0,73,,82182,32,0,46 37,0,39,,82183,32,0,46 37,0,80,,82184,32,0,46 37,0,80,,82185,32,0,46 37,0,40,,82186,32,0,46 37,0,80,,82187,32,0,46 37,0,80,,82188,32,0,46 37,0,17,,82189,6,0,46 37,0,35,,82190,32,0,46 37,0,55,,98700,13,0,46 37,0,19,,82202,32,0,46 37,0,77,,82204,32,0,46 37,0,36,,82205,32,0,46 37,0,74,,82201,32,0,46 37,0,37,,82203,32,0,46 37,0,85,,82196,32,0,46 37,0,65,,82195,32,0,46 37,0,40,,82200,32,0,46 37,0,83,,82194,32,0,46 37,0,81,,82199,32,0,46 37,0,38,,82193,32,0,46 37,0,80,,82198,32,0,46 37,0,81,,82192,32,0,46 37,0,40,,82197,32,0,46 37,0,71,,82191,32,0,46 37,0
201,'5458',613,,82207,32,0,46 37,0,21,,82208,32,0,46 37,0,67,,82209,32,0,46 37,0,29,,82210,32,0,46 37,0,72,,82211,32,0,46 37,0,31,,82212,32,0,46 37,0,72,,82213,32,0,46 37,0,30,,82214,32,0,46 37,0,73,,82215,32,0,46 37,0,39,,82216,32,0,46 37,0,80,,82217,32,0,46 37,0,80,,82218,32,0,46 37,0,40,,82219,32,0,46 37,0,80,,82220,32,0,46 37,0,80,,82221,32,0,46 37,0,17,,82222,6,0,46 37,0,35,,82223,32,0,46 37,0,55,,98701,13,0,46 37,0,19,,82236,32,0,46 37,0,77,,82238,32,0,46 37,0,36,,82239,32,0,46 37,0,74,,82235,32,0,46 37,0,37,,82237,32,0,46 37,0,85,,82230,32,0,46 37,0,65,,82229,32,0,46 37,0,40,,82234,32,0,46 37,0,83,,82228,32,0,46 37,0,81,,82233,32,0,46 37,0,38,,82227,32,0,46 37,0,80,,82232,32,0,46 37,0,81,,82226,32,0,46 37,0,40,,82231,32,0,46 37,0,71,,82225,32,0,46 37,0,31,,82224,6,0,46 37,0
201,'5459',656,,98713,32,0,46 37,0,158,,98714,32,0,46 37,0,22,,82248,6,0,46 37,0,103,,98709,32,0,46 37,0,80,,98704,32,0,46 37,0,38,,82241,6,0,46 37,0,60,,98712,32,0,46 37,0,39,,98705,32,0,46 37,0,80,,82242,32,0,46 37,0,80,,82245,32,0,46 37,0,39,,98702,32,0,46 37,0,81,,98707,32,0,46 37,0,80,,98703,32,0,46 37,0,40,,82243,32,0,46 37,0,80,,82247,32,0,46 37,0,75,,98708,32,0,46 37,0,41,,98711,32,0,46 37,0,80,,98710,32,0,46 37,0,76,,82260,32,0,46 37,0,35,,82251,32,0,46 37,0,80,,98706,32,0,46 37,0,85,,82253,32,0,46 37,0,41,,98716,32,0,46 37,0,81,,82263,32,0,46 37,0,82,,98715,32,0,46 37,0,40,,82265,32,0,46 37,0,76,,98717,32,0,46 37,0,30,,98718,6,0,46 37,0
201,'5460',642,,82283,32,0,46 37,0,160,,82290,32,0,46 37,0,119,,82284,32,0,46 37,0,99,,82271,6,0,46 37,0,37,,82291,32,0,46 37,0,60,,82269,6,0,46 37,0,40,,82270,32,0,46 37,0,79,,82281,32,0,46 37,0,80,,82277,32,0,46 37,0,40,,82276,32,0,46 37,0,80,,82272,32,0,46 37,0,80,,82273,32,0,46 37,0,40,,82282,32,0,46 37,0,80,,82278,32,0,46 37,0,76,,82274,32,0,46 37,0,40,,82275,32,0,46 37,0,81,,82279,32,0,46 37,0,76,,82288,32,0,46 37,0,40,,82280,32,0,46 37,0,80,,82287,32,0,46 37,0,81,,82286,32,0,46 37,0,40,,82289,32,0,46 37,0,81,,82285,32,0,46 37,0,81,,82292,32,0,46 37,0,40,,82293,32,0,46 37,0
201,'5461',642,,82308,32,0,46 37,0,160,,82315,32,0,46 37,0,119,,82309,32,0,46 37,0,99,,82296,6,0,46 37,0,37,,82316,32,0,46 37,0,60,,82294,6,0,46 37,0,40,,82295,32,0,46 37,0,79,,82306,32,0,46 37,0,80,,82302,32,0,46 37,0,40,,82301,32,0,46 37,0,80,,82297,32,0,46 37,0,80,,82298,32,0,46 37,0,40,,82307,32,0,46 37,0,80,,82303,32,0,46 37,0,76,,82299,32,0,46 37,0,40,,82300,32,0,46 37,0,81,,82304,32,0,46 37,0,76,,82313,32,0,46 37,0,40,,82305,32,0,46 37,0,80,,82312,32,0,46 37,0,81,,82311,32,0,46 37,0,40,,82314,32,0,46 37,0,81,,82310,32,0,46 37,0,81,,82317,32,0,46 37,0,40,,82318,32,0,46 37,0
201,'5462',642,,82333,32,0,46 37,0,160,,82340,32,0,46 37,0,119,,82334,32,0,46 37,0,99,,82321,6,0,46 37,0,37,,82341,32,0,46 37,0,60,,82319,6,0,46 37,0,40,,82320,32,0,46 37,0,79,,82331,32,0,46 37,0,80,,82327,32,0,46 37,0,40,,82326,32,0,46 37,0,80,,82322,32,0,46 37,0,80,,82323,32,0,46 37,0,40,,82332,32,0,46 37,0,80,,82328,32,0,46 37,0,76,,82324,32,0,46 37,0,40,,82325,32,0,46 37,0,81,,82329,32,0,46 37,0,76,,82338,32,0,46 37,0,40,,82330,32,0,46 37,0,80,,82337,32,0,46 37,0,81,,82336,32,0,46 37,0,40,,82339,32,0,46 37,0,81,,82335,32,0,46 37,0,81,,82342,32,0,46 37,0,40,,82343,32,0,46 37,0
201,'5463',642,,82358,32,0,46 37,0,160,,82365,32,0,46 37,0,119,,82359,32,0,46 37,0,99,,82346,6,0,46 37,0,37,,82366,32,0,46 37,0,60,,82344,6,0,46 37,0,40,,82345,32,0,46 37,0,79,,82356,32,0,46 37,0,80,,82352,32,0,46 37,0,40,,82351,32,0,46 37,0,80,,82347,32,0,46 37,0,80,,82348,32,0,46 37,0,40,,82357,32,0,46 37,0,80,,82353,32,0,46 37,0,76,,82349,32,0,46 37,0,40,,82350,32,0,46 37,0,81,,82354,32,0,46 37,0,76,,82363,32,0,46 37,0,40,,82355,32,0,46 37,0,80,,82362,32,0,46 37,0,81,,82361,32,0,46 37,0,40,,82364,32,0,46 37,0,81,,82360,32,0,46 37,0,81,,82367,32,0,46 37,0,40,,82368,32,0,46 37,0
501,'5456',646,,83690,27,,,0,71,,83691,27,,,0,28,,83692,27,,,0,72,,83693,27,,,0,32,,83694,27,,,0,71,,83695,27,,,0,30,,83696,27,,,0,77,,83697,27,,,0,80,,83698,27,,,0,40,,83699,27,,,0,80,,83700,27,,,0,80,,83701,27,,,0,40,,83702,27,,,0,94,,83703,27,,,0,76,,83704,27,,,0,35,,83706,27,,,0,77,,83710,27,,,0,74,,83708,27,,,0,34,,83705,27,,,0,80,,83709,27,,,0,110,,83712,27,,,0,81,,83707,27,,,0,42,,83711,27,,,0
501,'5458',646,,83713,27,,,0,71,,83714,27,,,0,28,,83715,27,,,0,72,,83716,27,,,0,32,,83717,27,,,0,71,,83718,27,,,0,30,,83719,27,,,0,77,,83720,27,,,0,80,,83721,27,,,0,40,,83722,27,,,0,80,,83723,27,,,0,80,,83724,27,,,0,40,,83725,27,,,0,94,,83726,27,,,0,76,,83727,27,,,0,35,,83729,27,,,0,77,,83733,27,,,0,74,,83731,27,,,0,34,,83728,27,,,0,80,,83732,27,,,0,110,,83735,27,,,0,81,,83730,27,,,0,42,,83734,27,,,0
501,'5459',735,,98923,27,,,0,120,,98924,27,,,0,60,,98920,6,,,0,44,,83743,27,,,0,79,,98919,27,,,0,99,,83745,27,,,0,79,,98918,27,,,0,40,,98928,27,,,0,79,,98922,27,,,0,80,,83742,27,,,0,41,,83739,27,,,0,80,,98921,27,,,0,80,,98927,27,,,0,40,,98929,27,,,0,75,,83749,27,,,0,81,,83751,27,,,0,36,,98931,27,,,0,75,,98930,27,,,0,80,,98925,27,,,0,45,,98926,27,,,0
501,'5460',722,,98934,27,,,0,119,,98933,27,,,0,159,,98932,27,,,0,39,,83762,27,,,0,98,,83765,27,,,0,79,,83761,27,,,0,40,,83757,27,,,0,80,,83756,27,,,0,80,,83772,27,,,0,40,,83764,27,,,0,80,,83760,27,,,0,80,,83759,27,,,0,41,,83758,27,,,0,75,,83771,27,,,0,80,,83766,27,,,0,36,,83763,27,,,0,81,,83767,27,,,0
501,'5461',722,,83787,27,,,0,119,,83786,27,,,0,159,,83785,27,,,0,39,,83779,27,,,0,98,,83782,27,,,0,79,,83778,27,,,0,40,,83774,27,,,0,80,,83773,27,,,0,80,,83789,27,,,0,40,,83781,27,,,0,80,,83777,27,,,0,80,,83776,27,,,0,41,,83775,27,,,0,75,,83788,27,,,0,80,,83783,27,,,0,36,,83780,27,,,0,81,,83784,27,,,0
501,'5462',722,,83804,27,,,0,119,,83803,27,,,0,159,,83802,27,,,0,39,,83796,27,,,0,98,,83799,27,,,0,79,,83795,27,,,0,40,,83791,27,,,0,80,,83790,27,,,0,80,,83806,27,,,0,40,,83798,27,,,0,80,,83794,27,,,0,80,,83793,27,,,0,41,,83792,27,,,0,75,,83805,27,,,0,80,,83800,27,,,0,36,,83797,27,,,0,81,,83801,27,,,0
501,'5463',722,,83821,27,,,0,119,,83820,27,,,0,159,,83819,27,,,0,39,,83813,27,,,0,98,,83816,27,,,0,79,,83812,27,,,0,40,,83808,27,,,0,80,,83807,27,,,0,80,,83823,27,,,0,40,,83815,27,,,0,80,,83811,27,,,0,80,,83810,27,,,0,41,,83809,27,,,0,75,,83822,27,,,0,80,,83817,27,,,0,36,,83814,27,,,0,81,,83818,27,,,0
1000,'5456',628,,85268,2,,,0,83,,85273,2,,,0,36,,85269,2,,,0,78,,85270,2,,,0,84,,85271,2,,,0,39,,85272,2,,,0,95,,85275,2,,,0,115,,85274,2,,,0,90,,85277,2,,,0,76,,85276,2,,,0,86,,85280,2,,,0,42,,85278,2,,,0,95,,85279,2,,,0,81,,85281,2,,,0,88,,85282,2,,,0,40,,85283,2,,,0,61,,85286,2,,,0,30,,85284,2,,,0,95,,85285,2,,,0
1000,'5458',628,,85288,2,,,0,83,,85293,2,,,0,36,,85289,2,,,0,78,,85290,2,,,0,84,,85291,2,,,0,39,,85292,2,,,0,95,,85295,2,,,0,115,,85294,2,,,0,90,,85297,2,,,0,76,,85296,2,,,0,86,,85300,2,,,0,42,,85298,2,,,0,95,,85299,2,,,0,81,,85301,2,,,0,88,,85302,2,,,0,40,,85303,2,,,0,61,,85306,2,,,0,30,,85304,2,,,0,95,,85305,2,,,0
1000,'5459',726,,85316,2,,,0,101,,85320,2,,,0,101,,85307,2,,,0,97,,85310,2,,,0,108,,85313,2,,,0,110,,85312,2,,,0,97,,85308,2,,,0,100,,85311,2,,,0,100,,85309,2,,,0,103,,85314,2,,,0,103,,85315,2,,,0,99,,85318,2,,,0,99,,85319,2,,,0
1000,'5460',726,,85325,2,,,0,101,,85324,2,,,0,99,,85322,2,,,0,104,,85321,2,,,0,101,,85328,2,,,0,110,,85327,2,,,0,90,,85323,2,,,0,107,,85326,2,,,0,100,,85330,2,,,0,99,,85329,2,,,0,102,,85332,2,,,0,105,,85331,2,,,0,99,,85333,2,,,0
1000,'5461',726,,85338,2,,,0,101,,85337,2,,,0,99,,85335,2,,,0,104,,85334,2,,,0,101,,85341,2,,,0,110,,85340,2,,,0,90,,85336,2,,,0,107,,85339,2,,,0,100,,85343,2,,,0,99,,85342,2,,,0,102,,85345,2,,,0,105,,85344,2,,,0,99,,85346,2,,,0
1000,'5462',726,,85351,2,,,0,101,,85350,2,,,0,99,,85348,2,,,0,104,,85347,2,,,0,101,,85354,2,,,0,110,,85353,2,,,0,90,,85349,2,,,0,107,,85352,2,,,0,100,,85356,2,,,0,99,,85355,2,,,0,102,,85358,2,,,0,105,,85357,2,,,0,99,,85359,2,,,0
1000,'5463',726,,85364,2,,,0,101,,85363,2,,,0,99,,85361,2,,,0,104,,85360,2,,,0,101,,85367,2,,,0,110,,85366,2,,,0,90,,85362,2,,,0,107,,85365,2,,,0,100,,85369,2,,,0,99,,85368,2,,,0,102,,85371,2,,,0,105,,85370,2,,,0,99,,85372,2,,,0
1001,'5456',2041,,85390,26,4,,0
1001,'5458',2041,,85410,26,4,,0
1001,'5459',2040,,85426,26,4,,0
