800,'5456',629,,85019,16,,,0,87,,85020,16,,,0,30,,85021,16,,,0,59,,85043,16,,,0,22,,85023,16,,,0,88,,85022,16,,,0,35,,85025,16,,,0,82,,85024,16,,,0,84,,85026,16,,,0,35,,85029,16,,,0,84,,85027,16,,,0,85,,85028,16,,,0,83,,85031,16,,,0,47,,85044,16,0,16,0,54,,85030,16,,,0,42,,85033,16,,,0,84,,85032,16,,,0,72,,85035,16,,,0,34,,85034,16,,,0,72,,85037,16,,,0,32,,85036,16,,,0,71,,85038,16,,,0,95,,85039,16,,,0,43,,85040,16,,,0,97,,85041,16,,,0,83,,85042,16,,,0
800,'5458',629,,85045,16,,,0,87,,85046,16,,,0,30,,85047,16,,,0,59,,85069,16,,,0,22,,85049,16,,,0,88,,85048,16,,,0,35,,85051,16,,,0,82,,85050,16,,,0,84,,85052,16,,,0,35,,85055,16,,,0,84,,85053,16,,,0,85,,85054,16,,,0,83,,85057,16,,,0,47,,85070,16,0,16,0,54,,85056,16,,,0,42,,85059,16,,,0,84,,85058,16,,,0,72,,85061,16,,,0,34,,85060,16,,,0,72,,85063,16,,,0,32,,85062,16,,,0,71,,85064,16,,,0,95,,85065,16,,,0,43,,85066,16,,,0,97,,85067,16,,,0,83,,85068,16,,,0
800,'5459',718,,85077,5,,,0,85,,85078,5,,,0,45,,85079,5,,,0,85,,85072,5,,,0,90,,85073,5,,,0,85,,85071,5,,,0,50,,85074,5,,,0,90,,85075,5,,,0,90,,85076,5,,,0,92,,85080,5,,,0,90,,85081,5,,,0,93,,85082,5,,,0,88,,85083,5,,,0,47,,85084,5,,,0,85,,85085,5,,,0
800,'5460',848,,85087,5,,,0,85,,85088,5,,,0,90,,85089,5,,,0,85,,85090,5,,,0,50,,85091,5,,,0,90,,85086,5,,,0,90,,85092,5,,,0,92,,85093,5,,,0,90,,85094,5,,,0,93,,85095,5,,,0,88,,85096,5,,,0
800,'5461',848,,85098,5,,,0,85,,85099,5,,,0,90,,85100,5,,,0,85,,85101,5,,,0,50,,85102,5,,,0,90,,85097,5,,,0,90,,85103,5,,,0,92,,85104,5,,,0,90,,85105,5,,,0,93,,85106,5,,,0,88,,85107,5,,,0
800,'5462',848,,85109,5,,,0,85,,85110,5,,,0,90,,85111,5,,,0,85,,85112,5,,,0,50,,85113,5,,,0,90,,85108,5,,,0,90,,85114,5,,,0,92,,85115,5,,,0,90,,85116,5,,,0,93,,85117,5,,,0,88,,85118,5,,,0
800,'5463',848,,85120,5,,,0,85,,85121,5,,,0,90,,85122,5,,,0,85,,85123,5,,,0,50,,85124,5,,,0,90,,85119,5,,,0,90,,85125,5,,,0,92,,85126,5,,,0,90,,85127,5,,,0,93,,85128,5,,,0,88,,85129,5,,,0
900,'5456',702,,85245,4,,,0,13,,85243,4,,,0,13,,85244,23,,,0,15,,85241,4,,,0,67,,85242,23,,,0
900,'5458',702,,85250,4,,,0,13,,85248,4,,,0,13,,85249,23,,,0,15,,85246,4,,,0,67,,85247,23,,,0
2500,'5456',551,,89129,4,,,0,74,,89131,4,,,0,29,,89135,4,,,0,77,,89130,4,,,0,70,,89132,4,,,0,55,,89133,4,,,0,144,,89134,4,,,0,101,,89136,4,,,0,100,,89137,4,,,0,58,,89138,4,,,0,100,,89139,4,,,0,177,,89141,4,,,0,87,,89142,4,,,0,97,,89143,4,,,0,102,,89144,4,,,0,101,,89145,4,,,0,121,,89146,4,,,0,167,,89147,4,,,0,134,,89148,4,0,5,0
2500,'5458',551,,89149,4,,,0,74,,89151,4,,,0,29,,89155,4,,,0,77,,89150,4,,,0,70,,89152,4,,,0,55,,89153,4,,,0,144,,89154,4,,,0,101,,89156,4,,,0,100,,89157,4,,,0,58,,89158,4,,,0,100,,89159,4,,,0,177,,89161,4,,,0,87,,89162,4,,,0,97,,89163,4,,,0,102,,89164,4,,,0,101,,89165,4,,,0,121,,89166,4,,,0,167,,89167,4,,,0,134,,89168,4,0,5,0
2500,'5459',735,,89175,4,,,0,109,,89173,4,,,0,112,,89177,4,,,0,101,,89171,4,,,0,100,,89169,4,,,0,98,,89170,4,,,0,100,,89172,4,,,0,99,,89176,4,,,0,100,,89174,4,,,0,101,,89178,4,,,0,102,,89179,4,,,0,165,,89180,4,,,0,121,,89181,4,,,0,170,,89182,4,,,0,130,,89183,4,0,5,0
2500,'5460',726,,89186,4,,,0,127,,89184,4,,,0,168,,89185,4,,,0,130,,89187,4,,,0,172,,89188,4,,,0,129,,89189,4,,,0,173,,89190,4,,,0,129,,89191,4,,,0,171,,89192,4,,,0,122,,89193,4,,,0,168,,89194,4,,,0
2500,'5461',726,,89197,4,,,0,127,,89195,4,,,0,168,,89196,4,,,0,130,,89198,4,,,0,172,,89199,4,,,0,129,,89200,4,,,0,173,,89201,4,,,0,129,,89202,4,,,0,171,,89203,4,,,0,122,,89204,4,,,0,168,,89205,4,,,0
2500,'5462',726,,89208,4,,,0,127,,89206,4,,,0,168,,89207,4,,,0,130,,89209,4,,,0,172,,89210,4,,,0,129,,89211,4,,,0,173,,89212,4,,,0,129,,89213,4,,,0,171,,89214,4,,,0,122,,89215,4,,,0,168,,89216,4,,,0
2500,'5463',726,,89219,4,,,0,127,,89217,4,,,0,168,,89218,4,,,0,130,,89220,4,,,0,172,,89221,4,,,0,129,,89222,4,,,0,173,,89223,4,,,0,129,,89224,4,,,0,171,,89225,4,,,0,122,,89226,4,,,0,168,,89227,4,,,0
2601,'5456',614,,89748,29,,,0,23,,89749,29,,,0,18,,89750,29,,,0,56,,89751,29,,,0,15,,89752,29,,,0,15,,89753,29,,,0,16,,89754,29,,,0,57,,89755,29,,,0,16,,89756,29,,,0,12,,89757,29,,,0,11,,89758,29,,,0,55,,89759,29,,,0,14,,89760,29,,,0,13,,89761,29,,,0,15,,89762,29,,,0,55,,89763,29,,,0,15,,89764,29,,,0,15,,89765,29,,,0,16,,89766,29,,,0,55,,89767,29,,,0,15,,89768,29,,,0,15,,89769,29,,,0,15,,89770,29,,,0,54,,89771,29,,,0,15,,89772,29,,,0,16,,89773,29,,,0,14,,89774,29,,,0,55,,89775,29,,,0,16,,89776,29,,,0,15,,89777,29,,,0,14,,89778,29,,,0,52,,89779,29,,,0,13,,89780,29,,,0,12,,89781,29,,,0,15,,89782,29,,,0,15,,89783,29,,,0,53,,89784,29,,,0,15,,89785,29,,,0,15,,89786,29,,,0,16,,89787,29,,,0,55,,89788,29,,,0,16,,89789,29,,,0,17,,89790,29,,,0,56,,89791,29,,,0,17,,89792,29,,,0,16,,89793,29,,,0,15,,89794,29,,,0,54,,89795,29,,,0,17,,89796,29,,,0,16,,89797,29,,,0,13,,89798,29,,,0,55,,89799,29,,,0,14,,89800,29,,,0,16,,89801,29,,,0,15,,89802,29,,,0,60,,89803,29,,,0,20,,89804,29,,,0,20,,89805,29,,,0,57,,89806,29,,,0,20,,89807,29,,,0,20,,89808,29,,,0,69,,89809,29,,,0,31,,89810,29,,,0,70,,89811,29,,,0,30,,89812,29,,,0,68,,89813,29,,,0,31,,89814,29,,,0
2601,'5458',614,,89815,29,,,0,23,,89816,29,,,0,18,,89817,29,,,0,56,,89818,29,,,0,15,,89819,29,,,0,15,,89820,29,,,0,16,,89821,29,,,0,57,,89822,29,,,0,16,,89823,29,,,0,12,,89824,29,,,0,11,,89825,29,,,0,55,,89826,29,,,0,14,,89827,29,,,0,13,,89828,29,,,0,15,,89829,29,,,0,55,,89830,29,,,0,15,,89831,29,,,0,15,,89832,29,,,0,16,,89833,29,,,0,55,,89834,29,,,0,15,,89835,29,,,0,15,,89836,29,,,0,15,,89837,29,,,0,54,,89838,29,,,0,15,,89839,29,,,0,16,,89840,29,,,0,14,,89841,29,,,0,55,,89842,29,,,0,16,,89843,29,,,0,15,,89844,29,,,0,14,,89845,29,,,0,52,,89846,29,,,0,13,,89847,29,,,0,12,,89848,29,,,0,15,,89849,29,,,0,15,,89850,29,,,0,53,,89851,29,,,0,15,,89852,29,,,0,15,,89853,29,,,0,16,,89854,29,,,0,55,,89855,29,,,0,16,,89856,29,,,0,17,,89857,29,,,0,56,,89858,29,,,0,17,,89859,29,,,0,16,,89860,29,,,0,15,,89861,29,,,0,54,,89862,29,,,0,17,,89863,29,,,0,16,,89864,29,,,0,13,,89865,29,,,0,55,,89866,29,,,0,14,,89867,29,,,0,16,,89868,29,,,0,15,,89869,29,,,0,60,,89870,29,,,0,20,,89871,29,,,0,20,,89872,29,,,0,57,,89873,29,,,0,20,,89874,29,,,0,20,,89875,29,,,0,69,,89876,29,,,0,31,,89877,29,,,0,70,,89878,29,,,0,30,,89879,29,,,0,68,,89880,29,,,0,31,,89881,29,,,0,70,,89882,29,,,0
2601,'5459',639,,89884,29,,,0,70,,89885,29,,,0,26,,89886,29,,,0,17,,89887,29,,,0,57,,89888,29,,,0,17,,89889,29,,,0,18,,89890,29,,,0,59,,89891,29,,,0,18,,89892,29,,,0,17,,89893,29,,,0,18,,89894,29,,,0,57,,89895,29,,,0,17,,89896,29,,,0,17,,89897,29,,,0,57,,89898,29,,,0,18,,89899,29,,,0,17,,89900,29,,,0,18,,89883,29,,,0,57,,89901,29,,,0,17,,89902,29,,,0,17,,89903,29,,,0,57,,89904,29,,,0,17,,89905,29,,,0,16,,89906,29,,,0,17,,89907,29,,,0,57,,89908,29,,,0,17,,89909,29,,,0,17,,89910,29,,,0,57,,89911,29,,,0,16,,89912,29,,,0,16,,89913,29,,,0,16,,89914,29,,,0,55,,89915,29,,,0,17,,89916,29,,,0,17,,89917,29,,,0,17,,89918,29,,,0,56,,89919,29,,,0,17,,89920,29,,,0,18,,89921,29,,,0,60,,89922,29,,,0,20,,89923,29,,,0,20,,89924,29,,,0,59,,89925,29,,,0,20,,89926,29,,,0,20,,89927,29,,,0,58,,89928,29,,,0,20,,89929,29,,,0,19,,89930,29,,,0,60,,89931,29,,,0,19,,89932,29,,,0,20,,89933,29,,,0,60,,89934,29,,,0,20,,89935,29,,,0,21,,89936,29,,,0,70,,89937,29,,,0,30,,89938,29,,,0,69,,89939,29,,,0,30,,89940,29,,,0,72,,89941,29,,,0
2601,'5460',659,,89965,29,,,0,62,,89952,29,,,0,23,,89942,29,,,0,62,,89961,29,,,0,20,,89966,29,,,0,26,,89951,29,,,0,62,,89944,29,,,0,20,,89962,29,,,0,23,,89955,29,,,0,59,,89945,29,,,0,18,,89949,29,,,0,18,,89943,29,,,0,59,,89963,29,,,0,18,,89947,29,,,0,19,,89968,29,,,0,58,,89946,29,,,0,18,,89950,29,,,0,18,,89948,29,,,0,58,,89959,29,,,0,18,,89956,29,,,0,18,,89969,29,,,0,18,,89953,29,,,0,58,,89964,29,,,0,18,,89957,29,,,0,18,,89960,29,,,0,58,,89958,29,,,0,18,,89967,29,,,0,18,,89954,29,,,0,58,,89978,29,,,0,18,,89973,29,,,0,18,,89977,29,,,0,17,,89971,29,,,0,57,,89980,29,,,0,17,,89970,29,,,0,20,,89976,29,,,0,59,,89974,29,,,0,20,,89975,29,,,0,20,,89979,29,,,0,60,,89972,29,,,0,19,,89982,29,,,0,19,,89988,29,,,0,60,,89984,29,,,0,20,,89987,29,,,0,20,,89983,29,,,0,59,,89981,29,,,0,20,,89985,29,,,0,22,,89986,29,,,0,70,,89989,29,,,0,29,,89990,29,,,0,70,,89991,29,,,0,30,,89992,29,,,0
2601,'5461',659,,90016,29,,,0,62,,90003,29,,,0,23,,89993,29,,,0,62,,90012,29,,,0,20,,90017,29,,,0,26,,90002,29,,,0,62,,89995,29,,,0,20,,90013,29,,,0,23,,90006,29,,,0,59,,89996,29,,,0,18,,90000,29,,,0,18,,89994,29,,,0,59,,90014,29,,,0,18,,89998,29,,,0,19,,90019,29,,,0,58,,89997,29,,,0,18,,90001,29,,,0,18,,89999,29,,,0,58,,90010,29,,,0,18,,90007,29,,,0,18,,90020,29,,,0,18,,90004,29,,,0,58,,90015,29,,,0,18,,90008,29,,,0,18,,90011,29,,,0,58,,90009,29,,,0,18,,90018,29,,,0,18,,90005,29,,,0,58,,90029,29,,,0,18,,90024,29,,,0,18,,90028,29,,,0,17,,90022,29,,,0,57,,90031,29,,,0,17,,90021,29,,,0,20,,90027,29,,,0,59,,90025,29,,,0,20,,90026,29,,,0,20,,90030,29,,,0,60,,90023,29,,,0,19,,90033,29,,,0,19,,90039,29,,,0,60,,90035,29,,,0,20,,90038,29,,,0,20,,90034,29,,,0,59,,90032,29,,,0,20,,90036,29,,,0,22,,90037,29,,,0,70,,90040,29,,,0,29,,90041,29,,,0,70,,90042,29,,,0,30,,90043,29,,,0
2601,'5462',659,,90067,29,,,0,62,,90054,29,,,0,23,,90044,29,,,0,62,,90063,29,,,0,20,,90068,29,,,0,26,,90053,29,,,0,62,,90046,29,,,0,20,,90064,29,,,0,23,,90057,29,,,0,59,,90047,29,,,0,18,,90051,29,,,0,18,,90045,29,,,0,59,,90065,29,,,0,18,,90049,29,,,0,19,,90070,29,,,0,58,,90048,29,,,0,18,,90052,29,,,0,18,,90050,29,,,0,58,,90061,29,,,0,18,,90058,29,,,0,18,,90071,29,,,0,18,,90055,29,,,0,58,,90066,29,,,0,18,,90059,29,,,0,18,,90062,29,,,0,58,,90060,29,,,0,18,,90069,29,,,0,18,,90056,29,,,0,58,,90080,29,,,0,18,,90075,29,,,0,18,,90079,29,,,0,17,,90073,29,,,0,57,,90082,29,,,0,17,,90072,29,,,0,20,,90078,29,,,0,59,,90076,29,,,0,20,,90077,29,,,0,20,,90081,29,,,0,60,,90074,29,,,0,19,,90084,29,,,0,19,,90090,29,,,0,60,,90086,29,,,0,20,,90089,29,,,0,20,,90085,29,,,0,59,,90083,29,,,0,20,,90087,29,,,0,22,,90088,29,,,0,70,,90091,29,,,0,29,,90092,29,,,0,70,,90093,29,,,0,30,,90094,29,,,0
2601,'5463',659,,90118,29,,,0,62,,90105,29,,,0,23,,90095,29,,,0,62,,90114,29,,,0,20,,90119,29,,,0,26,,90104,29,,,0,62,,90097,29,,,0,20,,90115,29,,,0,23,,90108,29,,,0,59,,90098,29,,,0,18,,90102,29,,,0,18,,90096,29,,,0,59,,90116,29,,,0,18,,90100,29,,,0,19,,90121,29,,,0,58,,90099,29,,,0,18,,90103,29,,,0,18,,90101,29,,,0,58,,90112,29,,,0,18,,90109,29,,,0,18,,90122,29,,,0,18,,90106,29,,,0,58,,90117,29,,,0,18,,90110,29,,,0,18,,90113,29,,,0,58,,90111,29,,,0,18,,90120,29,,,0,18,,90107,29,,,0,58,,90131,29,,,0,18,,90126,29,,,0,18,,90130,29,,,0,17,,90124,29,,,0,57,,90133,29,,,0,17,,90123,29,,,0,20,,90129,29,,,0,59,,90127,29,,,0,20,,90128,29,,,0,20,,90132,29,,,0,60,,90125,29,,,0,19,,90135,29,,,0,19,,90141,29,,,0,60,,90137,29,,,0,20,,90140,29,,,0,20,,90136,29,,,0,59,,90134,29,,,0,20,,90138,29,,,0,22,,90139,29,,,0,70,,90142,29,,,0,29,,90143,29,,,0,70,,90144,29,,,0,30,,90145,29,,,0
