1101,'5456',620,,85737,63,,,0,32,,85738,63,,,0,61,,85746,63,,,0,24,,85740,63,,,0,21,,85756,63,,,0,61,,85744,63,,,0,20,,85739,63,,,0,20,,85752,63,,,0,59,,85741,63,,,0,18,,85747,63,,,0,19,,85762,63,,,0,61,,85742,63,,,0,25,,85743,63,,,0,66,,85745,63,,,0,25,,85754,63,,,0,26,,85748,63,,,0,65,,85761,63,,,0,25,,85750,63,,,0,66,,85749,63,,,0,26,,85751,63,,,0,65,,85753,63,,,0,29,,85755,63,,,0,25,,85763,63,,,0,59,,85780,63,,,0,18,,85757,63,,,0,20,,85758,63,,,0,56,,85766,63,,,0,18,,85759,63,,,0,17,,85760,63,,,0,60,,85784,63,,,0,17,,85765,63,,,0,17,,85764,63,,,0,18,,85781,63,,,0,60,,85767,63,,,0,20,,85769,63,,,0,63,,85770,63,,,0,14,,85768,63,,,0,17,,85783,63,,,0,20,,85771,63,,,0,69,,85779,63,,,0,34,,85772,63,,,0,70,,85773,63,,,0,74,,85775,63,,,0,29,,85778,63,,,0,75,,85774,63,,,0,27,,85776,63,,,0,28,,85777,63,,,0,85,,85782,63,,,0
1101,'5458',620,,85785,63,,,0,32,,85786,63,,,0,61,,85794,63,,,0,24,,85788,63,,,0,21,,85804,63,,,0,61,,85792,63,,,0,20,,85787,63,,,0,20,,85800,63,,,0,59,,85789,63,,,0,18,,85795,63,,,0,19,,85810,63,,,0,61,,85790,63,,,0,25,,85791,63,,,0,66,,85793,63,,,0,25,,85802,63,,,0,26,,85796,63,,,0,65,,85809,63,,,0,25,,85798,63,,,0,66,,85797,63,,,0,26,,85799,63,,,0,65,,85801,63,,,0,29,,85803,63,,,0,25,,85811,63,,,0,59,,85828,63,,,0,18,,85805,63,,,0,20,,85806,63,,,0,56,,85814,63,,,0,18,,85807,63,,,0,17,,85808,63,,,0,60,,85832,63,,,0,17,,85813,63,,,0,17,,85812,63,,,0,18,,85829,63,,,0,60,,85815,63,,,0,20,,85817,63,,,0,63,,85818,63,,,0,14,,85816,63,,,0,17,,85831,63,,,0,20,,85819,63,,,0,69,,85827,63,,,0,34,,85820,63,,,0,70,,85821,63,,,0,74,,85823,63,,,0,29,,85826,63,,,0,75,,85822,63,,,0,27,,85824,63,,,0,28,,85825,63,,,0,85,,85830,63,,,0
1101,'5459',717,,85846,63,,,0,36,,85834,63,,,0,75,,85839,63,,,0,30,,85864,63,,,0,79,,85847,63,,,0,70,,85833,63,,,0,30,,85842,63,,,0,72,,85858,63,,,0,25,,85836,63,,,0,20,,85860,63,,,0,66,,85848,63,,,0,25,,85835,63,,,0,67,,85840,63,,,0,25,,85857,63,,,0,65,,85837,63,,,0,26,,85855,63,,,0,25,,85845,63,,,0,65,,85838,63,,,0,25,,85844,63,,,0,65,,85866,63,,,0,25,,85841,63,,,0,24,,85859,63,,,0,65,,85849,63,,,0,24,,85843,63,,,0,65,,85865,63,,,0,24,,85856,63,,,0,24,,85862,63,,,0,65,,85863,63,,,0,22,,85850,63,,,0,65,,85861,63,,,0,25,,85854,63,,,0,65,,85853,63,,,0,25,,85851,63,,,0,75,,85852,63,,,0,30,,85869,63,,,0,69,,85867,63,,,0,31,,85868,63,,,0,28,,85870,63,,,0,85,,85871,63,,,0
1101,'5460',737,,85872,63,,,0,85,,85877,63,,,0,86,,85874,63,,,0,46,,85873,63,,,0,76,,85875,63,,,0,72,,85876,63,,,0,31,,85878,63,,,0,70,,85879,63,,,0,29,,85880,63,,,0,70,,85881,63,,,0,31,,85883,63,,,0,68,,85885,63,,,0,30,,85884,63,,,0,70,,85882,63,,,0,31,,85886,63,,,0,70,,85887,63,,,0,28,,85888,63,,,0,29,,85889,63,,,0,70,,85891,63,,,0,29,,85890,63,,,0,70,,85893,63,,,0,29,,85892,63,,,0,70,,85895,63,,,0,75,,85894,63,,,0,43,,85896,63,,,0,80,,85897,63,,,0,84,,85898,63,,,0,43,,85899,63,,,0,78,,85900,63,,,0,86,,85901,63,,,0
1101,'5461',737,,85902,63,,,0,85,,85907,63,,,0,86,,85904,63,,,0,46,,85903,63,,,0,76,,85905,63,,,0,72,,85906,63,,,0,31,,85908,63,,,0,70,,85909,63,,,0,29,,85910,63,,,0,70,,85911,63,,,0,31,,85913,63,,,0,68,,85915,63,,,0,30,,85914,63,,,0,70,,85912,63,,,0,31,,85916,63,,,0,70,,85917,63,,,0,28,,85918,63,,,0,29,,85919,63,,,0,70,,85921,63,,,0,29,,85920,63,,,0,70,,85923,63,,,0,29,,85922,63,,,0,70,,85925,63,,,0,75,,85924,63,,,0,43,,85926,63,,,0,80,,85927,63,,,0,84,,85928,63,,,0,43,,85929,63,,,0,78,,85930,63,,,0,86,,85931,63,,,0
1101,'5462',737,,85932,63,,,0,85,,85937,63,,,0,86,,85934,63,,,0,46,,85933,63,,,0,76,,85935,63,,,0,72,,85936,63,,,0,31,,85938,63,,,0,70,,85939,63,,,0,29,,85940,63,,,0,70,,85941,63,,,0,31,,85943,63,,,0,68,,85945,63,,,0,30,,85944,63,,,0,70,,85942,63,,,0,31,,85946,63,,,0,70,,85947,63,,,0,28,,85948,63,,,0,29,,85949,63,,,0,70,,85951,63,,,0,29,,85950,63,,,0,70,,85953,63,,,0,29,,85952,63,,,0,70,,85955,63,,,0,75,,85954,63,,,0,43,,85956,63,,,0,80,,85957,63,,,0,84,,85958,63,,,0,43,,85959,63,,,0,78,,85960,63,,,0,86,,85961,63,,,0
1101,'5463',737,,85962,63,,,0,85,,85967,63,,,0,86,,85964,63,,,0,46,,85963,63,,,0,76,,85965,63,,,0,72,,85966,63,,,0,31,,85968,63,,,0,70,,85969,63,,,0,29,,85970,63,,,0,70,,85971,63,,,0,31,,85973,63,,,0,68,,85975,63,,,0,30,,85974,63,,,0,70,,85972,63,,,0,31,,85976,63,,,0,70,,85977,63,,,0,28,,85978,63,,,0,29,,85979,63,,,0,70,,85981,63,,,0,29,,85980,63,,,0,70,,85983,63,,,0,29,,85982,63,,,0,70,,85985,63,,,0,75,,85984,63,,,0,43,,85986,63,,,0,80,,85987,63,,,0,84,,85988,63,,,0,43,,85989,63,,,0,78,,85990,63,,,0,86,,85991,63,,,0
2401,'5456',528,,89027,48,,,0,93,,89028,48,,,0,90,,89029,48,,,0,46,,89030,48,,,0,75,,89031,48,,,0,96,,89032,48,,,0,104,,89033,48,,,0,101,,89034,48,,,0,101,,89035,48,,,0,100,,89036,48,,,0,115,,89037,48,,,0,107,,89038,48,,,0,86,,89039,48,,,0,86,,89040,48,,,0,74,,89041,48,,,0,49,,89042,48,,,0,85,,89043,48,,,0,101,,89044,48,,,0,115,,89045,48,,,0,168,,89046,48,,,0,120,,89047,48,,,0
2401,'5458',528,,89048,48,,,0,93,,89049,48,,,0,90,,89050,48,,,0,46,,89051,48,,,0,75,,89052,48,,,0,96,,89053,48,,,0,104,,89054,48,,,0,101,,89055,48,,,0,101,,89056,48,,,0,100,,89057,48,,,0,115,,89058,48,,,0,107,,89059,48,,,0,86,,89060,48,,,0,86,,89061,48,,,0,74,,89062,48,,,0,49,,89063,48,,,0,85,,89064,48,,,0,101,,89065,48,,,0,115,,89066,48,,,0,168,,89067,48,,,0,120,,89068,48,,,0
2401,'5459',718,,89075,48,,,0,108,,89074,48,,,0,105,,89076,48,,,0,100,,89072,48,,,0,104,,89069,48,,,0,98,,89070,48,,,0,95,,89071,48,,,0,101,,89078,48,,,0,98,,89073,48,,,0,102,,89077,48,,,0,103,,89079,48,,,0,127,,89080,48,,,0,164,,89081,48,,,0,130,,89082,48,,,0,170,,89083,48,,,0,118,,89084,48,,,0
2401,'5460',825,,89085,48,,,0,130,,89086,48,,,0,174,,89087,48,,,0,127,,89088,48,,,0,173,,89089,48,,,0,171,,89090,48,,,0,129,,89091,48,,,0,128,,89092,48,,,0,169,,89093,48,,,0,125,,89094,48,,,0,168,,89095,48,,,0
2401,'5461',825,,89096,48,,,0,130,,89097,48,,,0,174,,89098,48,,,0,127,,89099,48,,,0,173,,89100,48,,,0,171,,89101,48,,,0,129,,89102,48,,,0,128,,89103,48,,,0,169,,89104,48,,,0,125,,89105,48,,,0,168,,89106,48,,,0
2401,'5462',825,,89107,48,,,0,130,,89108,48,,,0,174,,89109,48,,,0,127,,89110,48,,,0,173,,89111,48,,,0,171,,89112,48,,,0,129,,89113,48,,,0,128,,89114,48,,,0,169,,89115,48,,,0,125,,89116,48,,,0,168,,89117,48,,,0
2401,'5463',825,,89118,48,,,0,130,,89119,48,,,0,174,,89120,48,,,0,127,,89121,48,,,0,173,,89122,48,,,0,171,,89123,48,,,0,129,,89124,48,,,0,128,,89125,48,,,0,169,,89126,48,,,0,125,,89127,48,,,0,168,,89128,48,,,0
