201,'5456',556,,82174,14,0,46 37,0,61,,82175,14,0,46 37,0,25,,82176,14,0,46 37,0,69,,82177,14,0,46 37,0,30,,82178,14,0,46 37,0,70,,82179,14,0,46 37,0,32,,82180,14,0,46 37,0,72,,82181,14,0,46 37,0,33,,82182,14,0,46 37,0,77,,82183,14,0,46 37,0,79,,82184,14,0,46 37,0,39,,82185,14,0,46 37,0,80,,82186,14,0,46 37,0,79,,82187,14,0,46 37,0,40,,82188,14,0,46 37,0,92,,82190,14,0,46 37,0,72,,82202,14,0,46 37,0,37,,82204,14,0,46 37,0,76,,82205,14,0,46 37,0,37,,82201,14,0,46 37,0,78,,82203,14,0,46 37,0,88,,82196,14,0,46 37,0,25,,82195,14,0,46 37,0,82,,82200,14,0,46 37,0,83,,82194,14,0,46 37,0,41,,82199,14,0,46 37,0,79,,82193,14,0,46 37,0,81,,82198,14,0,46 37,0,41,,82192,14,0,46 37,0,81,,82197,14,0,46 37,0,72,,82191,14,0,46 37,0
201,'5458',556,,82207,14,0,46 37,0,61,,82208,14,0,46 37,0,25,,82209,14,0,46 37,0,69,,82210,14,0,46 37,0,30,,82211,14,0,46 37,0,70,,82212,14,0,46 37,0,32,,82213,14,0,46 37,0,72,,82214,14,0,46 37,0,33,,82215,14,0,46 37,0,77,,82216,14,0,46 37,0,79,,82217,14,0,46 37,0,39,,82218,14,0,46 37,0,80,,82219,14,0,46 37,0,79,,82220,14,0,46 37,0,40,,82221,14,0,46 37,0,92,,82223,14,0,46 37,0,72,,82236,14,0,46 37,0,37,,82238,14,0,46 37,0,76,,82239,14,0,46 37,0,37,,82235,14,0,46 37,0,78,,82237,14,0,46 37,0,88,,82230,14,0,46 37,0,25,,82229,14,0,46 37,0,82,,82234,14,0,46 37,0,83,,82228,14,0,46 37,0,41,,82233,14,0,46 37,0,79,,82227,14,0,46 37,0,81,,82232,14,0,46 37,0,41,,82226,14,0,46 37,0,81,,82231,14,0,46 37,0,72,,82225,14,0,46 37,0
201,'5459',639,,82261,14,0,46 37,0,117,,82262,14,0,46 37,0,164,,82256,14,0,46 37,0,80,,82249,14,0,46 37,0,56,,82259,14,0,46 37,0,78,,82250,14,0,46 37,0,80,,82242,14,0,46 37,0,38,,82245,14,0,46 37,0,78,,82244,14,0,46 37,0,81,,82254,14,0,46 37,0,40,,82246,14,0,46 37,0,82,,82243,14,0,46 37,0,81,,82247,14,0,46 37,0,35,,82255,14,0,46 37,0,81,,82258,14,0,46 37,0,81,,82257,14,0,46 37,0,37,,82260,14,0,46 37,0,76,,82251,14,0,46 37,0,80,,82252,14,0,46 37,0,45,,82253,14,0,46 37,0,81,,82266,14,0,46 37,0,81,,82263,14,0,46 37,0,44,,82264,14,0,46 37,0,81,,82265,14,0,46 37,0,76,,82267,14,0,46 37,0
201,'5460',625,,82283,14,0,46 37,0,119,,82290,14,0,46 37,0,158,,82284,14,0,46 37,0,135,,82291,14,0,46 37,0,100,,82270,14,0,46 37,0,79,,82281,14,0,46 37,0,39,,82277,14,0,46 37,0,79,,82276,14,0,46 37,0,81,,82272,14,0,46 37,0,40,,82273,14,0,46 37,0,80,,82282,14,0,46 37,0,81,,82278,14,0,46 37,0,36,,82274,14,0,46 37,0,80,,82275,14,0,46 37,0,81,,82279,14,0,46 37,0,37,,82288,14,0,46 37,0,82,,82280,14,0,46 37,0,80,,82287,14,0,46 37,0,41,,82286,14,0,46 37,0,80,,82289,14,0,46 37,0,81,,82285,14,0,46 37,0,42,,82292,14,0,46 37,0,81,,82293,14,0,46 37,0
201,'5461',625,,82308,14,0,46 37,0,119,,82315,14,0,46 37,0,158,,82309,14,0,46 37,0,135,,82316,14,0,46 37,0,100,,82295,14,0,46 37,0,79,,82306,14,0,46 37,0,39,,82302,14,0,46 37,0,79,,82301,14,0,46 37,0,81,,82297,14,0,46 37,0,40,,82298,14,0,46 37,0,80,,82307,14,0,46 37,0,81,,82303,14,0,46 37,0,36,,82299,14,0,46 37,0,80,,82300,14,0,46 37,0,81,,82304,14,0,46 37,0,37,,82313,14,0,46 37,0,82,,82305,14,0,46 37,0,80,,82312,14,0,46 37,0,41,,82311,14,0,46 37,0,80,,82314,14,0,46 37,0,81,,82310,14,0,46 37,0,42,,82317,14,0,46 37,0,81,,82318,14,0,46 37,0
201,'5462',625,,82333,14,0,46 37,0,119,,82340,14,0,46 37,0,158,,82334,14,0,46 37,0,135,,82341,14,0,46 37,0,100,,82320,14,0,46 37,0,79,,82331,14,0,46 37,0,39,,82327,14,0,46 37,0,79,,82326,14,0,46 37,0,81,,82322,14,0,46 37,0,40,,82323,14,0,46 37,0,80,,82332,14,0,46 37,0,81,,82328,14,0,46 37,0,36,,82324,14,0,46 37,0,80,,82325,14,0,46 37,0,81,,82329,14,0,46 37,0,37,,82338,14,0,46 37,0,82,,82330,14,0,46 37,0,80,,82337,14,0,46 37,0,41,,82336,14,0,46 37,0,80,,82339,14,0,46 37,0,81,,82335,14,0,46 37,0,42,,82342,14,0,46 37,0,81,,82343,14,0,46 37,0
201,'5463',625,,82358,14,0,46 37,0,119,,82365,14,0,46 37,0,158,,82359,14,0,46 37,0,135,,82366,14,0,46 37,0,100,,82345,14,0,46 37,0,79,,82356,14,0,46 37,0,39,,82352,14,0,46 37,0,79,,82351,14,0,46 37,0,81,,82347,14,0,46 37,0,40,,82348,14,0,46 37,0,80,,82357,14,0,46 37,0,81,,82353,14,0,46 37,0,36,,82349,14,0,46 37,0,80,,82350,14,0,46 37,0,81,,82354,14,0,46 37,0,37,,82363,14,0,46 37,0,82,,82355,14,0,46 37,0,80,,82362,14,0,46 37,0,41,,82361,14,0,46 37,0,80,,82364,14,0,46 37,0,81,,82360,14,0,46 37,0,42,,82367,14,0,46 37,0,81,,82368,14,0,46 37,0
501,'5456',628,,83690,9,,,0,31,,83691,9,,,0,66,,83692,9,,,0,31,,83693,9,,,0,71,,83694,9,,,0,73,,83695,9,,,0,30,,83696,9,,,0,77,,83697,9,,,0,39,,83698,9,,,0,78,,83699,9,,,0,79,,83700,9,,,0,40,,83701,9,,,0,79,,83702,9,,,0,93,,83703,9,,,0,37,,83704,9,,,0,72,,83706,9,,,0,78,,83710,9,,,0,35,,83708,9,,,0,76,,83705,9,,,0,43,,83709,9,,,0,151,,83712,9,,,0,44,,83707,9,,,0,82,,83711,9,,,0
501,'5458',628,,83713,9,,,0,31,,83714,9,,,0,66,,83715,9,,,0,31,,83716,9,,,0,71,,83717,9,,,0,73,,83718,9,,,0,30,,83719,9,,,0,77,,83720,9,,,0,39,,83721,9,,,0,78,,83722,9,,,0,79,,83723,9,,,0,40,,83724,9,,,0,79,,83725,9,,,0,93,,83726,9,,,0,37,,83727,9,,,0,72,,83729,9,,,0,78,,83733,9,,,0,35,,83731,9,,,0,76,,83728,9,,,0,43,,83732,9,,,0,151,,83735,9,,,0,44,,83730,9,,,0,82,,83734,9,,,0
501,'5459',718,,83744,9,,,0,119,,83746,9,,,0,103,,83743,9,,,0,79,,83737,9,,,0,96,,83745,9,,,0,39,,83736,9,,,0,79,,83752,9,,,0,78,,83741,9,,,0,38,,83742,9,,,0,82,,83739,9,,,0,80,,83740,9,,,0,41,,83750,9,,,0,82,,83753,9,,,0,75,,83749,9,,,0,42,,83751,9,,,0,77,,83755,9,,,0,76,,83754,9,,,0,41,,83747,9,,,0,85,,83748,9,,,0
501,'5460',705,,83770,9,,,0,118,,83769,9,,,0,117,,83768,9,,,0,79,,83762,9,,,0,98,,83765,9,,,0,39,,83761,9,,,0,80,,83757,9,,,0,78,,83756,9,,,0,41,,83772,9,,,0,80,,83764,9,,,0,80,,83760,9,,,0,40,,83759,9,,,0,82,,83758,9,,,0,75,,83771,9,,,0,40,,83766,9,,,0,76,,83763,9,,,0,84,,83767,9,,,0
501,'5461',705,,83787,9,,,0,118,,83786,9,,,0,117,,83785,9,,,0,79,,83779,9,,,0,98,,83782,9,,,0,39,,83778,9,,,0,80,,83774,9,,,0,78,,83773,9,,,0,41,,83789,9,,,0,80,,83781,9,,,0,80,,83777,9,,,0,40,,83776,9,,,0,82,,83775,9,,,0,75,,83788,9,,,0,40,,83783,9,,,0,76,,83780,9,,,0,84,,83784,9,,,0
501,'5462',705,,83804,9,,,0,118,,83803,9,,,0,117,,83802,9,,,0,79,,83796,9,,,0,98,,83799,9,,,0,39,,83795,9,,,0,80,,83791,9,,,0,78,,83790,9,,,0,41,,83806,9,,,0,80,,83798,9,,,0,80,,83794,9,,,0,40,,83793,9,,,0,82,,83792,9,,,0,75,,83805,9,,,0,40,,83800,9,,,0,76,,83797,9,,,0,84,,83801,9,,,0
501,'5463',705,,83821,9,,,0,118,,83820,9,,,0,117,,83819,9,,,0,79,,83813,9,,,0,98,,83816,9,,,0,39,,83812,9,,,0,80,,83808,9,,,0,78,,83807,9,,,0,41,,83823,9,,,0,80,,83815,9,,,0,80,,83811,9,,,0,40,,83810,9,,,0,82,,83809,9,,,0,75,,83822,9,,,0,40,,83817,9,,,0,76,,83814,9,,,0,84,,83818,9,,,0
801,'5456',640,,85130,5,,,0,75,,85131,5,,,0,24,,85134,5,,,0,65,,85132,5,,,0,35,,85135,5,,,0,86,,85133,5,,,0,84,,85136,5,,,0,31,,85138,5,,,0,82,,85137,5,,,0,84,,85140,5,,,0,39,,85139,5,,,0,85,,85143,5,,,0,87,,85141,5,,,0,26,,85155,5,0,8 9,0,57,,85142,5,,,0,32,,85145,5,,,0,74,,85144,5,,,0,37,,85147,5,,,0,85,,85146,5,,,0,31,,85149,5,,,0,72,,85148,5,,,0,74,,85150,5,,,0,48,,85151,5,,,0,97,,85152,5,,,0,85,,85153,5,,,0
801,'5458',640,,85156,5,,,0,75,,85157,5,,,0,24,,85160,5,,,0,65,,85158,5,,,0,35,,85161,5,,,0,86,,85159,5,,,0,84,,85162,5,,,0,31,,85164,5,,,0,82,,85163,5,,,0,84,,85166,5,,,0,39,,85165,5,,,0,85,,85169,5,,,0,87,,85167,5,,,0,26,,85181,5,0,8 9,0,57,,85168,5,,,0,32,,85171,5,,,0,74,,85170,5,,,0,37,,85173,5,,,0,85,,85172,5,,,0,31,,85175,5,,,0,72,,85174,5,,,0,74,,85176,5,,,0,48,,85177,5,,,0,97,,85178,5,,,0,85,,85179,5,,,0
801,'5459',717,,85183,5,0,8 9,0,85,,85184,5,0,8 9,0,45,,85185,5,0,8 9,0,85,,85186,5,0,8 9,0,85,,85187,5,0,8 9,0,91,,85188,5,0,8 9,0,48,,85189,5,0,8 9,0,90,,85190,5,0,8 9,0,92,,85182,5,0,8 9,0,91,,85191,5,0,8 9,0,92,,85192,5,0,8 9,0,90,,85193,5,0,8 9,0,91,,85194,5,0,8 9,0,46,,85195,5,0,8 9,0,84,,85196,5,0,8 9,0
801,'5460',932,,85198,5,0,8 9,0,85,,85199,5,0,8 9,0,90,,85200,5,0,8 9,0,48,,85201,5,0,8 9,0,90,,85197,5,0,8 9,0,92,,85202,5,0,8 9,0,91,,85203,5,0,8 9,0,92,,85204,5,0,8 9,0,90,,85205,5,0,8 9,0,91,,85206,5,0,8 9,0,47,,85207,5,0,8 9,0
801,'5461',932,,85209,5,0,8 9,0,85,,85210,5,0,8 9,0,90,,85211,5,0,8 9,0,48,,85212,5,0,8 9,0,90,,85208,5,0,8 9,0,92,,85213,5,0,8 9,0,91,,85214,5,0,8 9,0,92,,85215,5,0,8 9,0,90,,85216,5,0,8 9,0,91,,85217,5,0,8 9,0,47,,85218,5,0,8 9,0
801,'5462',932,,85220,5,0,8 9,0,85,,85221,5,0,8 9,0,90,,85222,5,0,8 9,0,48,,85223,5,0,8 9,0,90,,85219,5,0,8 9,0,92,,85224,5,0,8 9,0,91,,85225,5,0,8 9,0,92,,85226,5,0,8 9,0,90,,85227,5,0,8 9,0,91,,85228,5,0,8 9,0,47,,85229,5,0,8 9,0
801,'5463',932,,85231,5,0,8 9,0,85,,85232,5,0,8 9,0,90,,85233,5,0,8 9,0,48,,85234,5,0,8 9,0,90,,85230,5,0,8 9,0,92,,85235,5,0,8 9,0,91,,85236,5,0,8 9,0,92,,85237,5,0,8 9,0,90,,85238,5,0,8 9,0,91,,85239,5,0,8 9,0,47,,85240,5,0,8 9,0
