401,'5456',550,,83165,4,,,0,57,,83171,4,,,0,19,,83215,4,,,0,15,,83158,4,,,0,14,,83157,4,,,0,53,,83228,4,,,0,15,,83156,4,,,0,15,,83174,4,,,0,13,,83186,4,,,0,54,,83182,4,,,0,12,,83170,4,,,0,14,,83213,4,,,0,13,,83162,4,,,0,14,,83219,4,,,0,55,,83212,4,,,0,14,,83223,4,,,0,13,,83218,4,,,0,13,,98819,4,,,0,53,,83220,4,,,0,13,,83224,4,,,0,13,,83221,4,,,0,14,,83226,4,,,0,12,,83222,4,,,0,52,,83177,4,,,0,13,,98815,4,,,0,13,,83207,4,,,0,14,,83163,4,,,0,53,,83185,4,,,0,15,,83208,4,,,0,14,,83178,4,,,0,14,,83204,4,,,0,54,,83227,4,,,0,14,,83214,4,,,0,11,,83169,4,,,0,13,,83209,4,,,0,13,,83164,4,,,0,53,,83176,4,,,0,13,,83172,4,,,0,15,,83195,4,,,0,10,,98814,4,,,0,8,,83216,4,,,0,55,,83199,4,,,0,16,,83166,4,,,0,8,,98816,4,,,0,10,,83196,4,,,0,16,,83179,4,,,0,48,,83205,4,,,0,11,,83184,4,,,0,19,,83203,4,,,0,16,,83201,4,,,0,56,,83183,4,,,0,15,,83160,4,,,0,15,,83191,4,,,0,17,,83190,4,,,0,55,,83189,4,,,0,16,,83192,4,,,0,16,,83188,4,,,0,15,,83198,4,,,0,55,,83194,4,,,0,16,,83202,4,,,0,15,,98817,4,,,0,16,,83193,4,,,0,58,,83168,4,,,0,17,,83197,4,,,0,16,,98818,4,,,0,56,,83173,4,,,0,19,,83180,4,,,0,20,,83161,4,,,0,60,,83175,4,,,0,24,,83187,4,,,0,25,,83181,4,,,0,69,,83217,4,,,0,31,,83211,4,,,0,72,,83210,4,,,0
401,'5458',550,,83240,4,,,0,57,,83247,4,,,0,19,,83293,4,,,0,15,,83232,4,,,0,14,,83231,4,,,0,53,,83306,4,,,0,15,,83230,4,,,0,15,,83251,4,,,0,13,,83264,4,,,0,54,,83260,4,,,0,12,,83246,4,,,0,14,,83291,4,,,0,13,,83236,4,,,0,14,,83297,4,,,0,55,,83290,4,,,0,14,,83301,4,,,0,13,,83296,4,,,0,13,,98825,4,,,0,53,,83298,4,,,0,13,,83302,4,,,0,13,,83299,4,,,0,14,,83304,4,,,0,12,,83300,4,,,0,52,,83255,4,,,0,13,,98821,4,,,0,13,,83285,4,,,0,14,,83238,4,,,0,53,,83263,4,,,0,15,,83286,4,,,0,14,,83256,4,,,0,14,,83282,4,,,0,54,,83305,4,,,0,14,,83292,4,,,0,11,,83244,4,,,0,13,,83287,4,,,0,13,,83239,4,,,0,53,,83254,4,,,0,13,,83249,4,,,0,15,,83273,4,,,0,10,,98820,4,,,0,8,,83294,4,,,0,55,,83277,4,,,0,16,,83241,4,,,0,8,,98822,4,,,0,10,,83274,4,,,0,16,,83257,4,,,0,48,,83283,4,,,0,11,,83262,4,,,0,19,,83281,4,,,0,16,,83279,4,,,0,56,,83261,4,,,0,15,,83234,4,,,0,15,,83269,4,,,0,17,,83268,4,,,0,55,,83267,4,,,0,16,,83270,4,,,0,16,,83266,4,,,0,15,,83276,4,,,0,55,,83272,4,,,0,16,,83280,4,,,0,15,,98823,4,,,0,16,,83271,4,,,0,58,,83243,4,,,0,17,,83275,4,,,0,16,,98824,4,,,0,56,,83250,4,,,0,19,,83258,4,,,0,20,,83235,4,,,0,60,,83253,4,,,0,24,,83265,4,,,0,25,,83259,4,,,0,69,,83295,4,,,0,31,,83289,4,,,0,72,,83288,4,,,0,30,,83248,4,,,0,71,,83245,4,,,0,30,,83237,4,,,0,70,,83252,4,,,0
401,'5459',658,,83341,4,,,0,60,,83350,4,,,0,20,,83323,4,,,0,18,,83333,4,,,0,56,,98834,4,,,0,16,,83313,4,,,0,16,,83331,4,,,0,56,,83332,4,,,0,15,,98835,4,,,0,15,,98826,4,,,0,15,,83319,4,,,0,55,,83321,4,,,0,15,,83370,4,,,0,15,,98828,4,,,0,15,,83348,4,,,0,55,,83308,4,,,0,14,,83317,4,,,0,15,,83329,4,,,0,15,,98832,4,,,0,15,,83345,4,,,0,55,,83309,4,,,0,16,,83318,4,,,0,15,,83324,4,,,0,55,,98833,4,,,0,16,,83349,4,,,0,16,,83322,4,,,0,15,,83314,4,,,0,56,,83325,4,,,0,16,,98831,4,,,0,16,,83344,4,,,0,16,,83310,4,,,0,56,,83316,4,,,0,15,,83311,4,,,0,16,,98827,4,,,0,16,,83347,4,,,0,57,,83327,4,,,0,17,,83315,4,,,0,16,,83312,4,,,0,56,,98830,4,,,0,15,,83339,4,,,0,17,,83320,4,,,0,18,,83326,4,,,0,59,,83328,4,,,0,18,,98829,4,,,0,19,,83330,4,,,0,58,,83352,4,,,0,18,,83351,4,,,0,18,,98836,4,,,0,18,,83357,4,,,0,58,,83358,4,,,0,18,,83360,4,,,0,18,,98839,4,,,0,58,,98838,4,,,0,18,,83363,4,,,0,25,,83367,4,,,0,64,,98840,4,,,0,30,,83365,4,,,0,72,,83364,4,,,0,31,,98841,4,,,0,72,,83366,4,,,0,30,,98842,4,,,0,70,,83356,4,,,0,31,,98837,4,,,0,70,,83354,4,,,0
401,'5460',721,,83371,4,,,0,30,,83372,4,,,0,71,,83373,4,,,0,29,,83374,4,,,0,67,,83375,4,,,0,30,,83376,4,,,0,59,,98843,4,,,0,19,,83378,4,,,0,20,,83379,4,,,0,59,,83380,4,,,0,20,,83381,4,,,0,20,,83382,4,,,0,59,,83383,4,,,0,20,,83384,4,,,0,19,,83385,4,,,0,60,,83386,4,,,0,20,,83387,4,,,0,17,,83415,4,,,0,18,,83388,4,,,0,56,,83389,4,,,0,16,,83390,4,,,0,16,,83391,4,,,0,57,,83417,4,,,0,17,,83392,4,,,0,16,,83393,4,,,0,16,,83394,4,,,0,57,,83395,4,,,0,16,,83416,4,,,0,16,,83396,4,,,0,17,,83397,4,,,0,57,,83398,4,,,0,19,,83399,4,,,0,19,,83400,4,,,0,58,,83401,4,,,0,18,,83402,4,,,0,19,,83403,4,,,0,58,,83404,4,,,0,19,,83418,4,,,0,18,,83405,4,,,0,60,,83406,4,,,0,20,,83407,4,,,0,24,,83408,4,,,0,72,,98844,4,,,0,32,,83410,4,,,0,69,,83411,4,,,0,32,,83412,4,,,0,71,,83413,4,,,0,29,,83414,4,0,23 49,0
401,'5461',721,,83419,4,,,0,30,,83420,4,,,0,71,,83421,4,,,0,29,,98845,4,,,0,67,,83423,4,,,0,30,,83424,4,,,0,59,,83425,4,,,0,19,,83426,4,,,0,20,,83427,4,,,0,59,,83428,4,,,0,20,,98846,4,,,0,20,,83430,4,,,0,59,,83431,4,,,0,20,,83432,4,,,0,19,,98847,4,,,0,60,,83434,4,,,0,20,,83435,4,,,0,17,,83463,4,,,0,18,,98848,4,,,0,56,,98849,4,,,0,16,,83438,4,,,0,16,,83439,4,,,0,57,,83465,4,,,0,17,,98850,4,,,0,16,,98851,4,,,0,16,,83442,4,,,0,57,,83443,4,,,0,16,,83464,4,,,0,16,,98852,4,,,0,17,,98853,4,,,0,57,,83446,4,,,0,19,,83447,4,,,0,19,,98854,4,,,0,58,,83449,4,,,0,18,,83450,4,,,0,19,,83451,4,,,0,58,,83452,4,,,0,19,,98863,4,,,0,18,,98855,4,,,0,60,,83454,4,,,0,20,,83455,4,,,0,24,,98856,4,,,0,72,,98857,4,,,0,32,,98858,4,,,0,69,,98859,4,,,0,32,,98860,4,,,0,71,,98861,4,,,0,29,,98862,4,0,23 49,0
401,'5462',721,,83467,4,,,0,30,,83468,4,,,0,71,,83469,4,,,0,29,,98864,4,,,0,67,,83471,4,,,0,30,,83472,4,,,0,59,,83473,4,,,0,19,,83474,4,,,0,20,,83475,4,,,0,59,,83476,4,,,0,20,,98865,4,,,0,20,,83478,4,,,0,59,,83479,4,,,0,20,,83480,4,,,0,19,,98866,4,,,0,60,,83482,4,,,0,20,,83483,4,,,0,17,,83511,4,,,0,18,,98867,4,,,0,56,,98868,4,,,0,16,,83486,4,,,0,16,,83487,4,,,0,57,,83513,4,,,0,17,,98869,4,,,0,16,,98870,4,,,0,16,,83490,4,,,0,57,,83491,4,,,0,16,,83512,4,,,0,16,,98871,4,,,0,17,,98872,4,,,0,57,,83494,4,,,0,19,,83495,4,,,0,19,,98873,4,,,0,58,,83497,4,,,0,18,,83498,4,,,0,19,,83499,4,,,0,58,,83500,4,,,0,19,,98882,4,,,0,18,,98874,4,,,0,60,,83502,4,,,0,20,,83503,4,,,0,24,,98875,4,,,0,72,,98876,4,,,0,32,,98877,4,,,0,69,,98878,4,,,0,32,,98879,4,,,0,71,,98880,4,,,0,29,,98881,4,0,23 49,0
401,'5463',721,,83515,4,,,0,30,,83516,4,,,0,71,,83517,4,,,0,29,,98883,4,,,0,67,,83519,4,,,0,30,,83520,4,,,0,59,,83521,4,,,0,19,,83522,4,,,0,20,,83523,4,,,0,59,,83524,4,,,0,20,,98884,4,,,0,20,,83526,4,,,0,59,,83527,4,,,0,20,,83528,4,,,0,19,,98885,4,,,0,60,,83530,4,,,0,20,,83531,4,,,0,17,,83559,4,,,0,18,,98886,4,,,0,56,,98887,4,,,0,16,,83534,4,,,0,16,,83535,4,,,0,57,,83561,4,,,0,17,,98888,4,,,0,16,,98889,4,,,0,16,,83538,4,,,0,57,,83539,4,,,0,16,,83560,4,,,0,16,,98890,4,,,0,17,,98891,4,,,0,57,,83542,4,,,0,19,,83543,4,,,0,19,,98892,4,,,0,58,,83545,4,,,0,18,,83546,4,,,0,19,,83547,4,,,0,58,,83548,4,,,0,19,,98901,4,,,0,18,,98893,4,,,0,60,,83550,4,,,0,20,,83551,4,,,0,24,,98894,4,,,0,72,,98895,4,,,0,32,,98896,4,,,0,69,,98897,4,,,0,32,,98898,4,,,0,71,,98899,4,,,0,29,,98900,4,0,23 49,0
700,'5456',559,,84561,4,0,5,0,67,,84582,4,0,5,0,17,,84562,4,0,5,0,14,,84587,4,0,5,0,54,,84572,4,0,5,0,13,,84594,4,0,5,0,16,,84566,4,0,5,0,15,,84591,4,0,5,0,60,,84565,4,0,5,0,18,,84602,4,0,5,0,18,,84580,4,0,5,0,61,,84563,4,0,5,0,21,,84586,4,0,5,0,20,,84596,4,0,5,0,60,,84564,4,0,5,0,20,,84567,4,0,5,0,20,,84600,4,0,5,0,60,,84581,4,0,5,0,20,,84568,4,0,5,0,20,,84588,4,0,5,0,60,,84593,4,0,5,0,20,,84570,4,0,5,0,20,,84571,4,0,5,0,57,,84605,4,0,5,0,19,,84601,4,0,5,0,16,,84583,4,0,5,0,55,,84569,4,0,5,0,17,,84607,4,0,5,0,17,,84589,4,0,5,0,17,,84595,4,0,5,0,53,,84608,4,0,5,0,6,,84575,4,0,5,0,18,,84576,4,0,5,0,20,,84604,4,0,5,0,58,,84603,4,0,5,0,18,,84584,4,0,5,0,19,,99287,4,0,5,0,59,,84606,4,0,5,0,19,,84590,4,0,5,0,16,,84597,4,0,5,0,18,,84574,4,0,5,0,57,,84585,4,0,5,0,31,,84598,4,0,5,0,70,,84577,4,0,5,0,33,,84592,4,0,5,0,69,,84578,4,0,5,0,30,,84599,4,0,5,0,72,,84579,4,0,5,0
700,'5458',559,,84609,4,0,5,0,67,,84630,4,0,5,0,17,,84610,4,0,5,0,14,,84635,4,0,5,0,54,,84620,4,0,5,0,13,,84642,4,0,5,0,16,,84614,4,0,5,0,15,,84639,4,0,5,0,60,,84613,4,0,5,0,18,,84650,4,0,5,0,18,,84628,4,0,5,0,61,,84611,4,0,5,0,21,,84634,4,0,5,0,20,,84644,4,0,5,0,60,,84612,4,0,5,0,20,,84615,4,0,5,0,20,,84648,4,0,5,0,60,,84629,4,0,5,0,20,,84616,4,0,5,0,20,,84636,4,0,5,0,60,,84641,4,0,5,0,20,,84618,4,0,5,0,20,,84619,4,0,5,0,57,,84653,4,0,5,0,19,,84649,4,0,5,0,16,,84631,4,0,5,0,55,,84617,4,0,5,0,17,,84655,4,0,5,0,17,,84637,4,0,5,0,17,,84643,4,0,5,0,53,,84656,4,0,5,0,6,,84623,4,0,5,0,18,,84624,4,0,5,0,20,,84652,4,0,5,0,58,,84651,4,0,5,0,18,,84632,4,0,5,0,19,,99288,4,0,5,0,59,,84654,4,0,5,0,19,,84638,4,0,5,0,16,,84645,4,0,5,0,18,,84622,4,0,5,0,57,,84633,4,0,5,0,31,,84646,4,0,5,0,70,,84625,4,0,5,0,33,,84640,4,0,5,0,69,,84626,4,0,5,0,30,,84647,4,0,5,0,72,,84627,4,0,5,0
700,'5459',646,,99297,4,0,5,0,85,,84685,4,0,5,0,80,,84668,4,0,5,0,29,,99298,4,0,5,0,79,,84660,4,0,5,0,29,,84680,4,0,5,0,70,,99291,4,0,5,0,31,,99296,4,0,5,0,69,,84657,4,0,5,0,31,,99289,4,0,5,0,70,,84681,4,0,5,0,30,,99292,4,0,5,0,70,,84672,4,0,5,0,28,,99290,4,0,5,0,72,,84661,4,0,5,0,30,,84682,4,0,5,0,70,,99293,4,0,5,0,31,,84673,4,0,5,0,70,,84662,4,0,5,0,30,,99295,4,0,5,0,71,,84683,4,0,5,0,30,,99294,4,0,5,0,69,,84675,4,0,5,0,29,,84670,4,0,5,0,68,,84669,4,0,5,0,31,,84684,4,0,5,0,70,,84674,4,0,5,0,28,,84676,4,0,5,0,70,,84677,4,0,5,0
700,'5460',712,,84702,4,0,5,0,35,,84704,4,0,5,0,84,,84690,4,0,5,0,77,,99305,4,0,5,0,40,,84705,4,0,5,0,70,,99299,4,0,5,0,30,,99302,4,0,5,0,70,,84693,4,0,5,0,29,,99300,4,0,5,0,71,,84692,4,0,5,0,30,,99301,4,0,5,0,70,,84687,4,0,5,0,30,,99303,4,0,5,0,70,,84695,4,0,5,0,30,,84696,4,0,5,0,70,,84697,4,0,5,0,30,,84699,4,0,5,0,70,,84698,4,0,5,0,30,,84701,4,0,5,0,70,,99304,4,0,5,0,30,,84706,4,0,5,0,70,,84709,4,0,5,0,30,,84708,4,0,5,0,70,,99306,4,0,5,0,30,,84711,4,0,5,0,71,,84710,4,0,5,0
700,'5461',712,,84728,4,0,5,0,35,,84730,4,0,5,0,84,,84716,4,0,5,0,77,,84729,4,0,5,0,40,,84731,4,0,5,0,70,,84712,4,0,5,0,30,,99307,4,0,5,0,70,,84719,4,0,5,0,29,,84714,4,0,5,0,71,,84718,4,0,5,0,30,,84715,4,0,5,0,70,,84713,4,0,5,0,30,,99308,4,0,5,0,70,,84721,4,0,5,0,30,,84722,4,0,5,0,70,,84723,4,0,5,0,30,,99309,4,0,5,0,70,,84724,4,0,5,0,30,,84727,4,0,5,0,70,,84726,4,0,5,0,30,,84732,4,0,5,0,70,,99311,4,0,5,0,30,,84734,4,0,5,0,70,,99310,4,0,5,0,30,,84737,4,0,5,0,71,,99312,4,0,5,0
700,'5462',712,,84754,4,0,5,0,35,,84756,4,0,5,0,84,,84742,4,0,5,0,77,,84755,4,0,5,0,40,,84757,4,0,5,0,70,,84738,4,0,5,0,30,,99313,4,0,5,0,70,,84745,4,0,5,0,29,,84740,4,0,5,0,71,,84744,4,0,5,0,30,,84741,4,0,5,0,70,,84739,4,0,5,0,30,,99314,4,0,5,0,70,,84747,4,0,5,0,30,,84748,4,0,5,0,70,,84749,4,0,5,0,30,,99315,4,0,5,0,70,,84750,4,0,5,0,30,,84753,4,0,5,0,70,,84752,4,0,5,0,30,,84758,4,0,5,0,70,,99317,4,0,5,0,30,,84760,4,0,5,0,70,,99316,4,0,5,0,30,,84763,4,0,5,0,71,,99318,4,0,5,0
700,'5463',712,,84780,4,0,5,0,35,,84782,4,0,5,0,84,,84768,4,0,5,0,77,,84781,4,0,5,0,40,,84783,4,0,5,0,70,,84764,4,0,5,0,30,,99319,4,0,5,0,70,,84771,4,0,5,0,29,,84766,4,0,5,0,71,,84770,4,0,5,0,30,,84767,4,0,5,0,70,,84765,4,0,5,0,30,,99320,4,0,5,0,70,,84773,4,0,5,0,30,,84774,4,0,5,0,70,,84775,4,0,5,0,30,,99321,4,0,5,0,70,,84776,4,0,5,0,30,,84779,4,0,5,0,70,,84778,4,0,5,0,30,,84784,4,0,5,0,70,,99323,4,0,5,0,30,,84786,4,0,5,0,70,,99322,4,0,5,0,30,,84789,4,0,5,0,71,,99324,4,0,5,0
901,'5456',1457,,99403,4,0,24 49,0,55,,85253,4,0,24 49,0,35,,85254,4,0,24 49,0,75,,85255,4,0,24 49,0,21,,85256,4,,,0,14,,99404,4,0,24 49,0,55,,85258,4,0,24 49,0,15,,85257,4,,,0
901,'5458',1457,,99405,4,0,24 49,0,55,,85261,4,0,24 49,0,35,,85262,4,0,24 49,0,75,,85263,4,0,24 49,0,21,,85264,4,,,0,14,,99406,4,0,24 49,0,55,,85266,4,0,24 49,0,15,,85265,4,,,0
14000700,'5456',2145,,98428,4,0,5,0,70,,98424,4,0,5,0,32,,98429,4,0,5,0,69,,98425,4,0,5,0,31,,98427,4,0,5,0,70,,98426,4,0,5,0
14000700,'5458',2145,,98434,4,0,5,0,70,,98430,4,0,5,0,32,,98435,4,0,5,0,69,,98431,4,0,5,0,31,,98433,4,0,5,0,70,,98432,4,0,5,0
14000700,'5459',2144,,98436,4,0,5,0,74,,98437,4,0,5,0,30,,98438,4,0,5,0,69,,98439,4,0,5,0,30,,98440,4,0,5,0,72,,98441,4,0,5,0
14000700,'5460',2047,,98442,4,0,5,0,71,,98443,4,0,5,0,30,,98444,4,0,5,0,100,,98445,4,0,5,0,99,,98446,4,0,5,0
14000700,'5461',2047,,98447,4,0,5,0,71,,98448,4,0,5,0,30,,98449,4,0,5,0,100,,98450,4,0,5,0,99,,98451,4,0,5,0
14000700,'5462',2047,,98452,4,0,5,0,71,,98453,4,0,5,0,30,,98454,4,0,5,0,100,,98455,4,0,5,0,99,,98456,4,0,5,0
14000700,'5463',2047,,98457,4,0,5,0,71,,98458,4,0,5,0,30,,98459,4,0,5,0,100,,98460,4,0,5,0,99,,98461,4,0,5,0
