701,'5456',619,,84790,20,,,0,30,,84805,20,,,0,65,,84792,20,,,0,15,,84819,20,,,0,17,,84791,20,,,0,11,,84832,20,,,0,46,,84827,20,,,0,10,,84833,20,,,0,7,,84813,20,,,0,10,,84834,20,,,0,8,,84794,20,,,0,16,,84816,20,,,0,57,,84806,20,,,0,14,,84825,20,,,0,19,,84795,20,,,0,60,,84796,20,,,0,20,,84829,20,,,0,19,,84812,20,,,0,61,,84793,20,,,0,20,,84817,20,,,0,21,,84823,20,,,0,60,,84797,20,,,0,20,,84798,20,,,0,25,,84831,20,,,0,60,,84814,20,,,0,20,,84800,20,,,0,21,,84818,20,,,0,59,,84824,20,,,0,22,,84799,20,,,0,23,,84801,20,,,0,62,,84835,20,,,0,20,,84828,20,,,0,18,,84807,20,,,0,54,,84802,20,,,0,24,,84837,20,,,0,19,,84815,20,,,0,57,,84820,20,,,0,19,,84803,20,,,0,14,,84804,20,,,0,16,,84836,20,,,0,58,,84826,20,,,0,19,,84809,20,,,0,17,,84810,20,,,0,70,,84821,20,,,0,29,,84808,20,,,0,70,,84830,20,,,0,29,,84811,20,,,0,70,,84822,20,,,0
701,'5458',619,,84838,20,,,0,30,,84853,20,,,0,65,,84840,20,,,0,15,,84867,20,,,0,17,,84839,20,,,0,11,,84880,20,,,0,46,,84875,20,,,0,10,,84881,20,,,0,7,,84861,20,,,0,10,,84882,20,,,0,8,,84842,20,,,0,16,,84864,20,,,0,57,,84854,20,,,0,14,,84873,20,,,0,19,,84843,20,,,0,60,,84844,20,,,0,20,,84877,20,,,0,19,,84860,20,,,0,61,,84841,20,,,0,20,,84865,20,,,0,21,,84871,20,,,0,60,,84845,20,,,0,20,,84846,20,,,0,25,,84879,20,,,0,60,,84862,20,,,0,20,,84848,20,,,0,21,,84866,20,,,0,59,,84872,20,,,0,22,,84847,20,,,0,23,,84849,20,,,0,62,,84883,20,,,0,20,,84876,20,,,0,18,,84855,20,,,0,54,,84850,20,,,0,24,,84885,20,,,0,19,,84863,20,,,0,57,,84868,20,,,0,19,,84851,20,,,0,14,,84852,20,,,0,16,,84884,20,,,0,58,,84874,20,,,0,19,,84857,20,,,0,17,,84858,20,,,0,70,,84869,20,,,0,29,,84856,20,,,0,70,,84878,20,,,0,29,,84859,20,,,0,70,,84870,20,,,0
701,'5459',709,,84913,20,,,0,30,,84897,20,,,0,73,,84906,20,,,0,31,,84890,20,,,0,70,,84914,20,,,0,29,,84898,20,,,0,73,,84907,20,,,0,27,,84886,20,,,0,70,,84888,20,,,0,29,,84908,20,,,0,71,,84894,20,,,0,29,,84901,20,,,0,68,,84887,20,,,0,31,,84889,20,,,0,70,,84909,20,,,0,30,,84893,20,,,0,69,,84902,20,,,0,31,,84891,20,,,0,70,,84892,20,,,0,33,,84910,20,,,0,70,,84895,20,,,0,29,,84904,20,,,0,71,,84896,20,,,0,29,,84899,20,,,0,69,,84911,20,,,0,30,,84900,20,,,0,75,,84905,20,,,0,36,,84903,20,,,0,68,,84912,20,,,0
701,'5460',718,,84927,20,,,0,40,,84916,20,,,0,80,,84928,20,,,0,76,,84929,20,,,0,25,,84915,20,,,0,69,,84917,20,,,0,31,,84930,20,,,0,69,,84918,20,,,0,31,,84933,20,,,0,69,,84919,20,,,0,31,,84920,20,,,0,70,,84932,20,,,0,28,,84931,20,,,0,70,,84934,20,,,0,30,,84935,20,,,0,69,,84922,20,,,0,31,,84923,20,,,0,73,,84925,20,,,0,32,,84924,20,,,0,69,,84921,20,,,0,30,,84926,20,,,0,69,,84936,20,,,0,32,,84937,20,,,0,74,,84938,20,,,0,34,,84940,20,,,0,69,,84939,20,,,0
701,'5461',718,,84953,20,,,0,40,,84942,20,,,0,80,,84954,20,,,0,76,,84955,20,,,0,25,,84941,20,,,0,69,,84943,20,,,0,31,,84956,20,,,0,69,,84944,20,,,0,31,,84959,20,,,0,69,,84945,20,,,0,31,,84946,20,,,0,70,,84958,20,,,0,28,,84957,20,,,0,70,,84960,20,,,0,30,,84961,20,,,0,69,,84948,20,,,0,31,,84949,20,,,0,73,,84951,20,,,0,32,,84950,20,,,0,69,,84947,20,,,0,30,,84952,20,,,0,69,,84962,20,,,0,32,,84963,20,,,0,74,,84964,20,,,0,34,,84966,20,,,0,69,,84965,20,,,0
701,'5462',718,,84979,20,,,0,40,,84968,20,,,0,80,,84980,20,,,0,76,,84981,20,,,0,25,,84967,20,,,0,69,,84969,20,,,0,31,,84982,20,,,0,69,,84970,20,,,0,31,,84985,20,,,0,69,,84971,20,,,0,31,,84972,20,,,0,70,,84984,20,,,0,28,,84983,20,,,0,70,,84986,20,,,0,30,,84987,20,,,0,69,,84974,20,,,0,31,,84975,20,,,0,73,,84977,20,,,0,32,,84976,20,,,0,69,,84973,20,,,0,30,,84978,20,,,0,69,,84988,20,,,0,32,,84989,20,,,0,74,,84990,20,,,0,34,,84992,20,,,0,69,,84991,20,,,0
701,'5463',718,,85005,20,,,0,40,,84994,20,,,0,80,,85006,20,,,0,76,,85007,20,,,0,25,,84993,20,,,0,69,,84995,20,,,0,31,,85008,20,,,0,69,,84996,20,,,0,31,,85011,20,,,0,69,,84997,20,,,0,31,,84998,20,,,0,70,,85010,20,,,0,28,,85009,20,,,0,70,,85012,20,,,0,30,,85013,20,,,0,69,,85000,20,,,0,31,,85001,20,,,0,73,,85003,20,,,0,32,,85002,20,,,0,69,,84999,20,,,0,30,,85004,20,,,0,69,,85014,20,,,0,32,,85015,20,,,0,74,,85016,20,,,0,34,,85018,20,,,0,69,,85017,20,,,0
1500,'5456',541,,87185,25,,,0,60,,87186,25,,,0,19,,87187,25,,,0,16,,87188,25,,,0,17,,87189,25,,,0,56,,87190,25,,,0,16,,87191,25,,,0,17,,87192,25,,,0,14,,87193,25,,,0,53,,87194,25,,,0,11,,87195,25,,,0,11,,87196,25,,,0,11,,87197,25,,,0,11,,87198,25,,,0,51,,87257,7,,,0,11,,87200,25,,,0,11,,87201,25,,,0,12,,87202,25,,,0,10,,87203,25,,,0,54,,87204,25,,,0,15,,87205,25,,,0,15,,87206,25,,,0,15,,87207,25,,,0,55,,87208,25,,,0,15,,87209,25,,,0,16,,87210,25,,,0,15,,87211,25,,,0,55,,87212,25,,,0,15,,87213,25,,,0,15,,87214,25,,,0,15,,87215,25,,,0,55,,87216,25,,,0,15,,87217,25,,,0,15,,87218,25,,,0,15,,87219,25,,,0,55,,87220,25,,,0,15,,87221,25,,,0,16,,87222,25,,,0,15,,87223,25,,,0,56,,87224,25,,,0,15,,87225,25,,,0,14,,87226,25,,,0,13,,87227,25,,,0,55,,87228,25,,,0,15,,87229,25,,,0,15,,87230,25,,,0,15,,87231,25,,,0,55,,87232,25,,,0,15,,87233,25,,,0,15,,87234,25,,,0,15,,87235,25,,,0,54,,87236,25,,,0,14,,87237,25,,,0,15,,87238,25,,,0,16,,87239,25,,,0,55,,87240,25,,,0,15,,87241,25,,,0,14,,87242,25,,,0,14,,87243,25,,,0,60,,87244,25,,,0,20,,87245,25,,,0,20,,87246,25,,,0,60,,87247,25,,,0,20,,87248,25,,,0,20,,87249,25,,,0,60,,87250,25,,,0,20,,87251,25,,,0,25,,87252,25,,,0,70,,87253,25,,,0,29,,87254,25,,,0,70,,87255,25,,,0,30,,87256,25,,,0
1500,'5458',541,,87258,25,,,0,60,,87259,25,,,0,19,,87260,25,,,0,16,,87261,25,,,0,17,,87262,25,,,0,56,,87263,25,,,0,16,,87264,25,,,0,17,,87265,25,,,0,14,,87266,25,,,0,53,,87267,25,,,0,11,,87268,25,,,0,11,,87269,25,,,0,11,,87270,25,,,0,11,,87271,25,,,0,51,,87334,7,,,0,11,,87273,25,,,0,11,,87274,25,,,0,12,,87275,25,,,0,10,,87276,25,,,0,54,,87277,25,,,0,15,,87278,25,,,0,15,,87279,25,,,0,15,,87280,25,,,0,55,,87281,25,,,0,15,,87282,25,,,0,16,,87283,25,,,0,15,,87284,25,,,0,55,,87285,25,,,0,15,,87286,25,,,0,15,,87287,25,,,0,15,,87288,25,,,0,55,,87289,25,,,0,15,,87290,25,,,0,15,,87291,25,,,0,15,,87292,25,,,0,55,,87293,25,,,0,15,,87294,25,,,0,16,,87295,25,,,0,15,,87296,25,,,0,56,,87297,25,,,0,15,,87298,25,,,0,14,,87299,25,,,0,13,,87300,25,,,0,55,,87301,25,,,0,15,,87302,25,,,0,15,,87303,25,,,0,15,,87304,25,,,0,55,,87305,25,,,0,15,,87306,25,,,0,15,,87307,25,,,0,15,,87308,25,,,0,54,,87309,25,,,0,14,,87310,25,,,0,15,,87311,25,,,0,16,,87312,25,,,0,55,,87313,25,,,0,15,,87314,25,,,0,14,,87315,25,,,0,14,,87316,25,,,0,60,,87317,25,,,0,20,,87318,25,,,0,20,,87319,25,,,0,60,,87320,25,,,0,20,,87321,25,,,0,20,,87322,25,,,0,60,,87323,25,,,0,20,,87324,25,,,0,25,,87325,25,,,0,70,,87326,25,,,0,29,,87327,25,,,0,70,,87328,25,,,0,30,,87329,25,,,0,70,,87330,25,,,0,30,,87331,25,,,0,70,,87332,25,,,0,30,,87333,25,,,0
1500,'5459',640,,87391,25,,,0,65,,87378,25,,,0,22,,87376,25,,,0,19,,87377,25,,,0,56,,87353,25,,,0,15,,87389,25,,,0,15,,87371,25,,,0,16,,87350,25,,,0,54,,87375,25,,,0,15,,87374,25,,,0,16,,87352,25,,,0,15,,87390,25,,,0,55,,87372,25,,,0,15,,87351,25,,,0,15,,87373,25,,,0,15,,87370,25,,,0,57,,87345,25,,,0,15,,87349,25,,,0,15,,87388,25,,,0,16,,87369,25,,,0,56,,87348,25,,,0,16,,87368,25,,,0,15,,87367,25,,,0,15,,87347,25,,,0,55,,87346,25,,,0,15,,87387,25,,,0,15,,87366,25,,,0,15,,87344,25,,,0,56,,87364,25,,,0,15,,87365,25,,,0,15,,87342,25,,,0,15,,87343,25,,,0,55,,87386,25,,,0,15,,87363,25,,,0,15,,87341,25,,,0,15,,87362,25,,,0,55,,87361,25,,,0,15,,87339,25,,,0,15,,87340,25,,,0,15,,87385,25,,,0,54,,87360,25,,,0,15,,87335,25,,,0,15,,87356,25,,,0,15,,87358,25,,,0,55,,87337,25,,,0,15,,87338,25,,,0,15,,87384,25,,,0,13,,87357,25,,,0,54,,87336,25,,,0,15,,87355,25,,,0,15,,87359,25,,,0,15,,87354,25,,,0,58,,87381,25,,,0,20,,87382,25,,,0,20,,87383,25,,,0,60,,87380,25,,,0,20,,87379,25,,,0,20,,87393,25,,,0,60,,87392,25,,,0,20,,87394,25,,,0,23,,87395,25,,,0,70,,87396,25,,,0,30,,87397,25,,,0,69,,87398,25,,,0,29,,87399,25,,,0,69,,87400,25,,,0,29,,87401,25,,,0,70,,87402,25,,,0,30,,87403,25,,,0
1500,'5460',702,,87444,25,,,0,30,,87443,25,,,0,68,,87419,25,,,0,22,,87422,25,,,0,17,,87460,25,,,0,16,,87409,25,,,0,55,,87421,25,,,0,15,,87408,25,,,0,15,,87404,25,,,0,16,,87423,25,,,0,55,,87413,25,,,0,15,,87425,25,,,0,15,,87405,25,,,0,15,,87410,25,,,0,55,,87406,25,,,0,15,,87407,25,,,0,15,,87428,25,,,0,16,,87417,25,,,0,55,,87426,25,,,0,15,,87414,25,,,0,15,,87416,25,,,0,15,,87411,25,,,0,55,,87412,25,,,0,15,,87429,25,,,0,15,,87418,25,,,0,16,,87430,25,,,0,55,,87415,25,,,0,14,,87431,25,,,0,15,,87432,25,,,0,15,,87427,25,,,0,55,,87442,25,,,0,14,,87438,25,,,0,15,,87436,25,,,0,15,,87434,25,,,0,55,,87439,25,,,0,15,,87441,25,,,0,15,,87435,25,,,0,15,,87437,25,,,0,55,,87440,25,,,0,14,,87433,25,,,0,15,,87420,25,,,0,15,,87424,25,,,0,55,,87448,25,,,0,15,,87447,25,,,0,15,,87446,25,,,0,14,,87450,25,,,0,55,,87455,25,,,0,20,,87452,25,,,0,20,,87445,25,,,0,60,,87451,25,,,0,19,,87454,25,,,0,27,,87453,25,,,0,69,,87449,25,,,0,29,,87456,25,,,0,70,,87457,25,,,0,29,,87459,25,,,0,70,,87458,25,,,0
1500,'5461',702,,87501,25,,,0,30,,87500,25,,,0,68,,87476,25,,,0,22,,87479,25,,,0,17,,87517,25,,,0,16,,87466,25,,,0,55,,87478,25,,,0,15,,87465,25,,,0,15,,87461,25,,,0,16,,87480,25,,,0,55,,87470,25,,,0,15,,87482,25,,,0,15,,87462,25,,,0,15,,87467,25,,,0,55,,87463,25,,,0,15,,87464,25,,,0,15,,87485,25,,,0,16,,87474,25,,,0,55,,87483,25,,,0,15,,87471,25,,,0,15,,87473,25,,,0,15,,87468,25,,,0,55,,87469,25,,,0,15,,87486,25,,,0,15,,87475,25,,,0,16,,87487,25,,,0,55,,87472,25,,,0,14,,87488,25,,,0,15,,87489,25,,,0,15,,87484,25,,,0,55,,87499,25,,,0,14,,87495,25,,,0,15,,87493,25,,,0,15,,87491,25,,,0,55,,87496,25,,,0,15,,87498,25,,,0,15,,87492,25,,,0,15,,87494,25,,,0,55,,87497,25,,,0,14,,87490,25,,,0,15,,87477,25,,,0,15,,87481,25,,,0,55,,87505,25,,,0,15,,87504,25,,,0,15,,87503,25,,,0,14,,87507,25,,,0,55,,87512,25,,,0,20,,87509,25,,,0,20,,87502,25,,,0,60,,87508,25,,,0,19,,87511,25,,,0,27,,87510,25,,,0,69,,87506,25,,,0,29,,87513,25,,,0,70,,87514,25,,,0,29,,87516,25,,,0,70,,87515,25,,,0
1500,'5462',702,,87558,25,,,0,30,,87557,25,,,0,68,,87533,25,,,0,22,,87536,25,,,0,17,,87574,25,,,0,16,,87523,25,,,0,55,,87535,25,,,0,15,,87522,25,,,0,15,,87518,25,,,0,16,,87537,25,,,0,55,,87527,25,,,0,15,,87539,25,,,0,15,,87519,25,,,0,15,,87524,25,,,0,55,,87520,25,,,0,15,,87521,25,,,0,15,,87542,25,,,0,16,,87531,25,,,0,55,,87540,25,,,0,15,,87528,25,,,0,15,,87530,25,,,0,15,,87525,25,,,0,55,,87526,25,,,0,15,,87543,25,,,0,15,,87532,25,,,0,16,,87544,25,,,0,55,,87529,25,,,0,14,,87545,25,,,0,15,,87546,25,,,0,15,,87541,25,,,0,55,,87556,25,,,0,14,,87552,25,,,0,15,,87550,25,,,0,15,,87548,25,,,0,55,,87553,25,,,0,15,,87555,25,,,0,15,,87549,25,,,0,15,,87551,25,,,0,55,,87554,25,,,0,14,,87547,25,,,0,15,,87534,25,,,0,15,,87538,25,,,0,55,,87562,25,,,0,15,,87561,25,,,0,15,,87560,25,,,0,14,,87564,25,,,0,55,,87569,25,,,0,20,,87566,25,,,0,20,,87559,25,,,0,60,,87565,25,,,0,19,,87568,25,,,0,27,,87567,25,,,0,69,,87563,25,,,0,29,,87570,25,,,0,70,,87571,25,,,0,29,,87573,25,,,0,70,,87572,25,,,0
1500,'5463',702,,87615,25,,,0,30,,87614,25,,,0,68,,87590,25,,,0,22,,87593,25,,,0,17,,87631,25,,,0,16,,87580,25,,,0,55,,87592,25,,,0,15,,87579,25,,,0,15,,87575,25,,,0,16,,87594,25,,,0,55,,87584,25,,,0,15,,87596,25,,,0,15,,87576,25,,,0,15,,87581,25,,,0,55,,87577,25,,,0,15,,87578,25,,,0,15,,87599,25,,,0,16,,87588,25,,,0,55,,87597,25,,,0,15,,87585,25,,,0,15,,87587,25,,,0,15,,87582,25,,,0,55,,87583,25,,,0,15,,87600,25,,,0,15,,87589,25,,,0,16,,87601,25,,,0,55,,87586,25,,,0,14,,87602,25,,,0,15,,87603,25,,,0,15,,87598,25,,,0,55,,87613,25,,,0,14,,87609,25,,,0,15,,87607,25,,,0,15,,87605,25,,,0,55,,87610,25,,,0,15,,87612,25,,,0,15,,87606,25,,,0,15,,87608,25,,,0,55,,87611,25,,,0,14,,87604,25,,,0,15,,87591,25,,,0,15,,87595,25,,,0,55,,87619,25,,,0,15,,87618,25,,,0,15,,87617,25,,,0,14,,87621,25,,,0,55,,87626,25,,,0,20,,87623,25,,,0,20,,87616,25,,,0,60,,87622,25,,,0,19,,87625,25,,,0,27,,87624,25,,,0,69,,87620,25,,,0,29,,87627,25,,,0,70,,87628,25,,,0,29,,87630,25,,,0,70,,87629,25,,,0
14000701,'5456',2151,,98463,25,,,0,72,,98467,25,,,0,28,,98462,25,,,0,70,,98465,25,,,0,36,,98464,25,,,0,68,,98466,25,,,0
14000701,'5458',2151,,98469,25,,,0,72,,98473,25,,,0,28,,98468,25,,,0,70,,98471,25,,,0,36,,98470,25,,,0,68,,98472,25,,,0
14000701,'5459',2152,,98474,25,,,0,72,,98475,25,,,0,30,,98477,25,,,0,69,,98476,25,,,0,35,,98478,25,,,0,67,,98479,25,,,0
14000701,'5460',2051,,98480,25,,,0,70,,98482,25,,,0,80,,98481,25,,,0,22,,98483,25,,,0,99,,98484,25,,,0,103,,98485,25,,,0
14000701,'5461',2051,,98486,25,,,0,70,,98488,25,,,0,80,,98487,25,,,0,22,,98489,25,,,0,99,,98490,25,,,0,103,,98491,25,,,0
14000701,'5462',2051,,98492,25,,,0,70,,98494,25,,,0,80,,98493,25,,,0,22,,98495,25,,,0,99,,98496,25,,,0,103,,98497,25,,,0
14000701,'5463',2051,,98498,25,,,0,70,,98500,25,,,0,80,,98499,25,,,0,22,,98501,25,,,0,99,,98502,25,,,0,103,,98503,25,,,0
