701,'5456',628,,84790,34,4,,0,30,,84805,34,4,,0,65,,84792,34,4,,0,15,,84819,34,4,,0,19,,84791,34,4,,0,52,,84832,34,4,,0,7,,84827,34,4,,0,10,,84833,34,4,,0,7,,84813,34,4,,0,10,,84834,34,4,,0,8,,84794,34,4,,0,56,,84816,34,4,,0,17,,84806,34,4,,0,14,,84825,34,4,,0,19,,84795,34,4,,0,60,,84796,34,4,,0,20,,84829,34,4,,0,19,,84812,34,4,,0,61,,84793,34,4,,0,20,,84817,34,4,,0,21,,84823,34,4,,0,60,,84797,34,4,,0,20,,84798,34,4,,0,65,,84831,34,4,,0,20,,84814,34,4,,0,20,,84800,34,4,,0,61,,84818,34,4,,0,19,,84824,34,4,,0,22,,84799,34,4,,0,63,,84801,34,4,,0,22,,84835,34,4,,0,18,,84828,34,4,,0,58,,84807,34,4,,0,14,,84802,34,4,,0,24,,84837,34,4,,0,59,,84815,34,4,,0,16,,84820,34,4,,0,19,,84803,34,4,,0,14,,84804,34,4,,0,56,,84836,34,4,,0,18,,84826,34,4,,0,19,,84809,34,4,,0,57,,84810,34,4,,0,30,,84821,34,4,,0,69,,84808,34,4,,0,30,,84830,34,4,,0,69,,84811,34,4,,0,30,,84822,34,4,,0
701,'5458',628,,84838,34,4,,0,30,,84853,34,4,,0,65,,84840,34,4,,0,15,,84867,34,4,,0,19,,84839,34,4,,0,52,,84880,34,4,,0,7,,84875,34,4,,0,10,,84881,34,4,,0,7,,84861,34,4,,0,10,,84882,34,4,,0,8,,84842,34,4,,0,56,,84864,34,4,,0,17,,84854,34,4,,0,14,,84873,34,4,,0,19,,84843,34,4,,0,60,,84844,34,4,,0,20,,84877,34,4,,0,19,,84860,34,4,,0,61,,84841,34,4,,0,20,,84865,34,4,,0,21,,84871,34,4,,0,60,,84845,34,4,,0,20,,84846,34,4,,0,65,,84879,34,4,,0,20,,84862,34,4,,0,20,,84848,34,4,,0,61,,84866,34,4,,0,19,,84872,34,4,,0,22,,84847,34,4,,0,63,,84849,34,4,,0,22,,84883,34,4,,0,18,,84876,34,4,,0,58,,84855,34,4,,0,14,,84850,34,4,,0,24,,84885,34,4,,0,59,,84863,34,4,,0,16,,84868,34,4,,0,19,,84851,34,4,,0,14,,84852,34,4,,0,56,,84884,34,4,,0,18,,84874,34,4,,0,19,,84857,34,4,,0,57,,84858,34,4,,0,30,,84869,34,4,,0,69,,84856,34,4,,0,30,,84878,34,4,,0,69,,84859,34,4,,0,30,,84870,34,4,,0
701,'5459',717,,84913,34,4,,0,30,,84897,34,4,,0,73,,84906,34,4,,0,32,,84890,34,4,,0,70,,84914,34,4,,0,29,,84898,34,4,,0,73,,84907,34,4,,0,27,,84886,34,4,,0,70,,84888,34,4,,0,29,,84908,34,4,,0,71,,84894,34,4,,0,29,,84901,34,4,,0,68,,84887,34,4,,0,31,,84889,34,4,,0,70,,84909,34,4,,0,30,,84893,34,4,,0,69,,84902,34,4,,0,31,,84891,34,4,,0,70,,84892,34,4,,0,33,,84910,34,4,,0,70,,84895,34,4,,0,29,,84904,34,4,,0,71,,84896,34,4,,0,29,,84899,34,4,,0,69,,84911,34,4,,0,30,,84900,34,4,,0,75,,84905,34,4,,0,76,,84903,34,4,,0,28,,84912,34,4,,0
701,'5460',726,,84927,34,4,,0,80,,84916,34,4,,0,41,,84928,34,4,,0,76,,84929,34,4,,0,25,,84915,34,4,,0,70,,84917,34,4,,0,31,,84930,34,4,,0,69,,84918,34,4,,0,31,,84933,34,4,,0,69,,84919,34,4,,0,31,,84920,34,4,,0,70,,84932,34,4,,0,28,,84931,34,4,,0,69,,84934,34,4,,0,30,,84935,34,4,,0,69,,84922,34,4,,0,31,,84923,34,4,,0,73,,84925,34,4,,0,32,,84924,34,4,,0,69,,84921,34,4,,0,30,,84926,34,4,,0,69,,84936,34,4,,0,32,,84937,34,4,,0,74,,84938,34,4,,0,34,,84940,34,4,,0,69,,84939,34,4,,0
701,'5461',726,,84953,34,4,,0,80,,84942,34,4,,0,41,,84954,34,4,,0,76,,84955,34,4,,0,25,,84941,34,4,,0,70,,84943,34,4,,0,31,,84956,34,4,,0,69,,84944,34,4,,0,31,,84959,34,4,,0,69,,84945,34,4,,0,31,,84946,34,4,,0,70,,84958,34,4,,0,28,,84957,34,4,,0,69,,84960,34,4,,0,30,,84961,34,4,,0,69,,84948,34,4,,0,31,,84949,34,4,,0,73,,84951,34,4,,0,32,,84950,34,4,,0,69,,84947,34,4,,0,30,,84952,34,4,,0,69,,84962,34,4,,0,32,,84963,34,4,,0,74,,84964,34,4,,0,34,,84966,34,4,,0,69,,84965,34,4,,0
701,'5462',726,,84979,34,4,,0,80,,84968,34,4,,0,41,,84980,34,4,,0,76,,84981,34,4,,0,25,,84967,34,4,,0,70,,84969,34,4,,0,31,,84982,34,4,,0,69,,84970,34,4,,0,31,,84985,34,4,,0,69,,84971,34,4,,0,31,,84972,34,4,,0,70,,84984,34,4,,0,28,,84983,34,4,,0,69,,84986,34,4,,0,30,,84987,34,4,,0,69,,84974,34,4,,0,31,,84975,34,4,,0,73,,84977,34,4,,0,32,,84976,34,4,,0,69,,84973,34,4,,0,30,,84978,34,4,,0,69,,84988,34,4,,0,32,,84989,34,4,,0,74,,84990,34,4,,0,34,,84992,34,4,,0,69,,84991,34,4,,0
701,'5463',726,,85005,34,4,,0,80,,84994,34,4,,0,41,,85006,34,4,,0,76,,85007,34,4,,0,25,,84993,34,4,,0,70,,84995,34,4,,0,31,,85008,34,4,,0,69,,84996,34,4,,0,31,,85011,34,4,,0,69,,84997,34,4,,0,31,,84998,34,4,,0,70,,85010,34,4,,0,28,,85009,34,4,,0,69,,85012,34,4,,0,30,,85013,34,4,,0,69,,85000,34,4,,0,31,,85001,34,4,,0,73,,85003,34,4,,0,32,,85002,34,4,,0,69,,84999,34,4,,0,30,,85004,34,4,,0,69,,85014,34,4,,0,32,,85015,34,4,,0,74,,85016,34,4,,0,34,,85018,34,4,,0,69,,85017,34,4,,0
1100,'5456',605,,85484,39,4,,0,33,,85487,67,4,,0,73,,85490,67,4,,0,21,,85483,67,4,,0,22,,85497,67,4,,0,59,,85485,67,4,,0,21,,85494,67,4,,0,17,,85510,67,4,,0,56,,85486,67,4,,0,15,,85503,67,4,,0,15,,85489,67,4,,0,21,,85488,67,4,,0,64,,85499,67,4,,0,26,,85491,67,4,,0,66,,85507,67,4,,0,26,,85492,67,4,,0,66,,85493,67,4,,0,26,,85495,67,4,,0,25,,85498,67,4,,0,66,,85496,67,4,,0,25,,85508,67,4,,0,66,,85500,67,4,,0,24,,85501,67,4,,0,18,,85514,67,4,,0,60,,85502,67,4,,0,18,,85504,67,4,,0,19,,85532,67,4,,0,57,,85505,67,4,,0,20,,85509,67,4,,0,19,,85527,67,4,,0,60,,85506,67,4,,0,20,,85511,67,4,,0,14,,85515,67,4,,0,15,,85513,67,4,,0,55,,85512,67,4,,0,15,,85531,67,4,,0,18,,85517,67,4,,0,54,,85516,67,4,,0,17,,85530,67,4,,0,18,,85518,67,4,,0,22,,85519,67,4,,0,70,,85520,67,4,,0,75,,85521,67,4,,0,30,,85529,67,4,,0,74,,85523,67,4,,0,29,,85522,67,4,,0,73,,85524,67,4,,0,30,,85528,67,4,,0,69,,85525,67,4,,0,41,,85526,67,4,,0
1100,'5458',605,,85534,39,4,,0,33,,85537,67,4,,0,73,,85540,67,4,,0,21,,85533,67,4,,0,22,,85547,67,4,,0,59,,85535,67,4,,0,21,,85544,67,4,,0,17,,85560,67,4,,0,56,,85536,67,4,,0,15,,85553,67,4,,0,15,,85539,67,4,,0,21,,85538,67,4,,0,64,,85549,67,4,,0,26,,85541,67,4,,0,66,,85557,67,4,,0,26,,85542,67,4,,0,66,,85543,67,4,,0,26,,85545,67,4,,0,25,,85548,67,4,,0,66,,85546,67,4,,0,25,,85558,67,4,,0,66,,85550,67,4,,0,24,,85551,67,4,,0,18,,85564,67,4,,0,60,,85552,67,4,,0,18,,85554,67,4,,0,19,,85582,67,4,,0,57,,85555,67,4,,0,20,,85559,67,4,,0,19,,85577,67,4,,0,60,,85556,67,4,,0,20,,85561,67,4,,0,14,,85565,67,4,,0,15,,85563,67,4,,0,55,,85562,67,4,,0,15,,85581,67,4,,0,18,,85567,67,4,,0,54,,85566,67,4,,0,17,,85580,67,4,,0,18,,85568,67,4,,0,22,,85569,67,4,,0,70,,85570,67,4,,0,75,,85571,67,4,,0,30,,85579,67,4,,0,74,,85573,67,4,,0,29,,85572,67,4,,0,73,,85574,67,4,,0,30,,85578,67,4,,0,69,,85575,67,4,,0,41,,85576,67,4,,0
1100,'5459',754,,85613,67,4,,0,77,,85597,67,4,,0,76,,85583,67,4,,0,31,,85587,67,4,,0,70,,85614,67,4,,0,32,,85605,67,4,,0,66,,85592,67,4,,0,25,,85584,67,4,,0,26,,85590,67,4,,0,69,,85602,67,4,,0,25,,85586,67,4,,0,65,,85600,67,4,,0,26,,85594,67,4,,0,65,,85585,67,4,,0,26,,85588,67,4,,0,26,,85601,67,4,,0,65,,85593,67,4,,0,25,,85604,67,4,,0,67,,85596,67,4,,0,25,,85591,67,4,,0,62,,85595,67,4,,0,23,,85612,67,4,,0,23,,85589,67,4,,0,63,,85603,67,4,,0,24,,85615,67,4,,0,65,,85606,67,4,,0,25,,85598,67,4,,0,24,,85599,67,4,,0,63,,85608,67,4,,0,25,,85610,67,4,,0,64,,85607,67,4,,0,30,,85609,67,4,,0,70,,85611,67,4,,0,33,,85616,67,4,,0,75,,85617,67,4,,0,29,,85618,67,4,,0,69,,85619,67,4,,0,38,,85620,67,4,,0
1100,'5460',809,,85622,67,4,,0,40,,85621,67,4,,0,81,,85624,67,4,,0,73,,85623,67,4,,0,31,,85626,67,4,,0,76,,85625,67,4,,0,35,,85630,67,4,,0,71,,85628,67,4,,0,30,,85627,67,4,,0,73,,85629,67,4,,0,30,,85633,67,4,,0,70,,85634,67,4,,0,30,,85632,67,4,,0,71,,85631,67,4,,0,30,,85637,67,4,,0,70,,85636,67,4,,0,29,,85635,67,4,,0,70,,85639,67,4,,0,28,,85640,67,4,,0,68,,85638,67,4,,0,28,,85641,67,4,,0,69,,85642,67,4,,0,30,,85644,67,4,,0,85,,85643,67,4,,0,85,,85645,67,4,,0,44,,85646,67,4,,0,77,,85647,67,4,,0,84,,85648,67,4,,0,85,,85649,67,4,,0
1100,'5461',809,,85651,67,4,,0,40,,85650,67,4,,0,81,,85653,67,4,,0,73,,85652,67,4,,0,31,,85655,67,4,,0,76,,85654,67,4,,0,35,,85659,67,4,,0,71,,85657,67,4,,0,30,,85656,67,4,,0,73,,85658,67,4,,0,30,,85662,67,4,,0,70,,85663,67,4,,0,30,,85661,67,4,,0,71,,85660,67,4,,0,30,,85666,67,4,,0,70,,85665,67,4,,0,29,,85664,67,4,,0,70,,85668,67,4,,0,28,,85669,67,4,,0,68,,85667,67,4,,0,28,,85670,67,4,,0,69,,85671,67,4,,0,30,,85673,67,4,,0,85,,85672,67,4,,0,85,,85674,67,4,,0,44,,85675,67,4,,0,77,,85676,67,4,,0,84,,85677,67,4,,0,85,,85678,67,4,,0
1100,'5462',809,,85680,67,4,,0,40,,85679,67,4,,0,81,,85682,67,4,,0,73,,85681,67,4,,0,31,,85684,67,4,,0,76,,85683,67,4,,0,35,,85688,67,4,,0,71,,85686,67,4,,0,30,,85685,67,4,,0,73,,85687,67,4,,0,30,,85691,67,4,,0,70,,85692,67,4,,0,30,,85690,67,4,,0,71,,85689,67,4,,0,30,,85695,67,4,,0,70,,85694,67,4,,0,29,,85693,67,4,,0,70,,85697,67,4,,0,28,,85698,67,4,,0,68,,85696,67,4,,0,28,,85699,67,4,,0,69,,85700,67,4,,0,30,,85702,67,4,,0,85,,85701,67,4,,0,85,,85703,67,4,,0,44,,85704,67,4,,0,77,,85705,67,4,,0,84,,85706,67,4,,0,85,,85707,67,4,,0
1100,'5463',809,,85709,67,4,,0,40,,85708,67,4,,0,81,,85711,67,4,,0,73,,85710,67,4,,0,31,,85713,67,4,,0,76,,85712,67,4,,0,35,,85717,67,4,,0,71,,85715,67,4,,0,30,,85714,67,4,,0,73,,85716,67,4,,0,30,,85720,67,4,,0,70,,85721,67,4,,0,30,,85719,67,4,,0,71,,85718,67,4,,0,30,,85724,67,4,,0,70,,85723,67,4,,0,29,,85722,67,4,,0,70,,85726,67,4,,0,28,,85727,67,4,,0,68,,85725,67,4,,0,28,,85728,67,4,,0,69,,85729,67,4,,0,30,,85731,67,4,,0,85,,85730,67,4,,0,85,,85732,67,4,,0,44,,85733,67,4,,0,77,,85734,67,4,,0,84,,85735,67,4,,0,85,,85736,67,4,,0
14000701,'5456',2201,,98463,39,4,,0,32,,98467,39,4,,0,68,,98462,39,4,,0,30,,98465,39,4,,0,76,,98464,39,4,,0,28,,98466,39,4,,0
14000701,'5458',2201,,98469,39,4,,0,32,,98473,39,4,,0,68,,98468,39,4,,0,30,,98471,39,4,,0,76,,98470,39,4,,0,28,,98472,39,4,,0
14000701,'5459',2201,,98474,39,4,,0,32,,98475,39,4,,0,69,,98477,39,4,,0,29,,98476,39,4,,0,75,,98478,39,4,,0,27,,98479,39,4,,0
14000701,'5460',2100,,98480,39,4,,0,30,,98482,39,4,,0,79,,98481,39,4,,0,22,,98483,39,4,,0,99,,98484,39,4,,0,103,,98485,39,4,,0
14000701,'5461',2100,,98486,39,4,,0,30,,98488,39,4,,0,79,,98487,39,4,,0,22,,98489,39,4,,0,99,,98490,39,4,,0,103,,98491,39,4,,0
14000701,'5462',2100,,98492,39,4,,0,30,,98494,39,4,,0,79,,98493,39,4,,0,22,,98495,39,4,,0,99,,98496,39,4,,0,103,,98497,39,4,,0
14000701,'5463',2100,,98498,39,4,,0,30,,98500,39,4,,0,79,,98499,39,4,,0,22,,98501,39,4,,0,99,,98502,39,4,,0,103,,98503,39,4,,0
