7100,'5456',1614,,103601,41,,,0,104,,95558,41,,,0,103,,103600,41,,,0
7100,'5458',1614,,103603,41,,,0,104,,95561,41,,,0,103,,103602,41,,,0
7200,'5456',655,,103614,60,,,0,80,,103620,60,,,0,70,,103610,60,,,0,30,,103611,60,,,0,70,,103618,60,,,0,30,,103612,60,,,0,70,,103613,60,,,0,30,,103622,60,,,0,71,,103615,60,,,0,29,,103616,60,,,0,72,,103617,60,,,0,28,,103626,60,,,0,70,,103630,60,,,0,30,,103619,60,,,0,70,,103632,60,,,0,30,,103637,60,,,0,70,,103621,60,,,0,30,,103624,60,,,0,70,,103627,60,,,0,30,,103640,60,,,0,69,,103623,60,,,0,31,,103633,60,,,0,70,,103635,60,,,0,32,,103625,60,,,0,68,,103628,60,,,0,31,,103638,60,,,0,69,,103641,60,,,0,30,,103629,60,,,0,70,,103636,60,,,0,30,,103631,60,,,0,101,,103639,60,,,0,99,,103634,60,,,0,118,,95600,60,4,,0
7200,'5458',655,,103646,60,,,0,80,,103652,60,,,0,70,,103642,60,,,0,30,,103643,60,,,0,70,,103650,60,,,0,30,,103644,60,,,0,70,,103645,60,,,0,30,,103654,60,,,0,71,,103647,60,,,0,29,,103648,60,,,0,72,,103649,60,,,0,28,,103658,60,,,0,70,,103662,60,,,0,30,,103651,60,,,0,70,,103664,60,,,0,30,,103669,60,,,0,70,,103653,60,,,0,30,,103656,60,,,0,70,,103659,60,,,0,30,,103672,60,,,0,69,,103655,60,,,0,31,,103665,60,,,0,70,,103667,60,,,0,32,,103657,60,,,0,68,,103660,60,,,0,31,,103670,60,,,0,69,,103673,60,,,0,30,,103661,60,,,0,70,,103668,60,,,0,30,,103663,60,,,0,101,,103671,60,,,0,99,,103666,60,,,0,118,,95633,60,4,,0
7200,'5459',806,,103674,60,,,0,30,,103675,60,,,0,69,,103676,60,,,0,30,,95637,60,,,0,70,,103677,60,,,0,30,,103678,60,,,0,70,,103679,60,,,0,30,,103680,60,,,0,70,,103681,60,,,0,30,,103682,60,,,0,70,,103683,60,,,0,30,,103684,60,,,0,70,,103685,60,,,0,30,,103686,60,,,0,70,,103687,60,,,0,30,,103688,60,,,0,70,,103689,60,,,0,30,,103690,60,,,0,70,,103691,60,,,0,30,,103692,60,,,0,70,,103693,60,,,0,30,,95655,60,,,0,70,,95656,60,,,0,30,,103694,60,,,0,70,,103695,60,,,0,30,,103696,60,,,0,70,,103697,60,,,0,30,,95661,60,,,0,100,,103698,60,,,0,100,,103699,60,,,0,118,,95664,60,4,,0
7200,'5460',835,,103700,60,,,0,100,,103703,60,,,0,100,,103701,60,,,0,100,,103702,60,,,0,70,,103704,60,,,0,30,,103705,60,,,0,70,,103706,60,,,0,30,,103707,60,,,0,70,,103708,60,,,0,30,,103709,60,,,0,70,,103710,60,,,0,30,,103711,60,,,0,70,,103712,60,,,0,30,,103713,60,,,0,70,,103714,60,,,0,30,,103715,60,,,0,70,,103716,60,,,0,30,,95682,60,,,0,70,,103717,60,,,0,30,,103718,60,,,0,70,,103719,60,,,0,30,,95686,60,,,0,100,,95687,60,,,0,100,,103720,60,,,0,101,,95689,60,,,0,76,,103721,60,4,,0
7200,'5461',835,,103722,60,,,0,100,,103725,60,,,0,100,,103723,60,,,0,100,,103724,60,,,0,70,,103726,60,,,0,30,,103727,60,,,0,70,,103728,60,,,0,30,,103729,60,,,0,70,,103730,60,,,0,30,,103731,60,,,0,70,,103732,60,,,0,30,,103733,60,,,0,70,,103734,60,,,0,30,,103735,60,,,0,70,,103736,60,,,0,30,,103737,60,,,0,70,,103738,60,,,0,30,,103739,60,,,0,70,,103740,60,,,0,30,,103741,60,,,0,70,,103742,60,,,0,30,,103743,60,,,0,100,,103744,60,,,0,100,,103745,60,,,0,101,,103746,60,,,0,76,,95716,60,4,,0
7200,'5462',835,,103747,60,,,0,100,,103750,60,,,0,100,,103748,60,,,0,100,,103749,60,,,0,70,,103751,60,,,0,30,,103752,60,,,0,70,,103753,60,,,0,30,,103754,60,,,0,70,,103755,60,,,0,30,,103756,60,,,0,70,,103757,60,,,0,30,,103758,60,,,0,70,,103759,60,,,0,30,,103760,60,,,0,70,,103761,60,,,0,30,,103762,60,,,0,70,,103763,60,,,0,30,,103764,60,,,0,70,,103765,60,,,0,30,,103766,60,,,0,70,,103767,60,,,0,30,,103768,60,,,0,100,,103769,60,,,0,100,,103770,60,,,0,101,,103771,60,,,0,76,,95742,60,4,,0
7200,'5463',835,,103772,60,,,0,100,,103775,60,,,0,100,,103773,60,,,0,100,,103774,60,,,0,70,,103776,60,,,0,30,,103777,60,,,0,70,,103778,60,,,0,30,,103779,60,,,0,70,,103780,60,,,0,30,,103781,60,,,0,70,,103782,60,,,0,30,,103783,60,,,0,70,,103784,60,,,0,30,,103785,60,,,0,70,,103786,60,,,0,30,,103787,60,,,0,70,,103788,60,,,0,30,,95760,60,,,0,70,,103789,60,,,0,30,,103790,60,,,0,70,,103791,60,,,0,30,,103792,60,,,0,100,,95765,60,,,0,100,,103793,60,,,0,101,,103794,60,,,0,76,,95768,60,4,,0
8100,'5456',625,,104198,36,,,0,191,,96345,36,,,0,122,,104199,36,,,0,97,,104200,36,,,0,100,,104201,36,,,0,100,,104203,36,,,0,100,,104202,36,,,0,100,,96351,36,,,0,100,,96352,36,,,0,100,,96354,36,,,0,100,,96355,36,,,0,87,,104205,36,,,0,114,,104206,36,,,0,99,,104207,36,,,0
8100,'5458',625,,104208,36,,,0,191,,96361,36,,,0,122,,104209,36,,,0,97,,104210,36,,,0,100,,104211,36,,,0,100,,104213,36,,,0,100,,104212,36,,,0,100,,96367,36,,,0,100,,96368,36,,,0,100,,96370,36,,,0,100,,96371,36,,,0,87,,104215,36,,,0,114,,104216,36,,,0,99,,104217,36,,,0
8100,'5459',836,,104218,36,,,0,100,,96377,36,,,0,100,,96378,36,,,0,99,,104219,36,,,0,100,,104220,36,,,0,100,,104221,36,,,0,101,,96382,36,,,0,100,,104222,36,,,0,100,,104223,36,,,0,100,,96385,36,,,0,100,,96386,36,,,0,100,,104224,36,,,0,100,,104225,36,,,0
8100,'5460',835,,104226,36,,,0,101,,96390,36,,,0,99,,104227,36,,,0,100,,96393,36,,,0,100,,96394,36,,,0,100,,104228,36,,,0,100,,104229,36,,,0,100,,104230,36,,,0,100,,104231,36,,,0,100,,104232,36,,,0,100,,96400,36,,,0,101,,104233,36,,,0,102,,104234,36,,,0
8100,'5461',835,,96405,36,,,0,101,,96404,36,,,0,99,,96406,36,,,0,100,,96407,36,,,0,100,,96408,36,,,0,100,,104236,36,,,0,100,,104237,36,,,0,100,,104238,36,,,0,100,,104239,36,,,0,100,,104240,36,,,0,100,,104241,36,,,0,101,,104242,36,,,0,102,,96416,36,,,0
8100,'5462',835,,96419,36,,,0,101,,96418,36,,,0,99,,96420,36,,,0,100,,96421,36,,,0,100,,96422,36,,,0,100,,104244,36,,,0,100,,104245,36,,,0,100,,104246,36,,,0,100,,104247,36,,,0,100,,104248,36,,,0,100,,104249,36,,,0,101,,104250,36,,,0,102,,96430,36,,,0
8100,'5463',835,,96433,36,,,0,101,,96432,36,,,0,99,,96434,36,,,0,100,,96435,36,,,0,100,,96436,36,,,0,100,,104252,36,,,0,100,,104253,36,,,0,100,,104254,36,,,0,100,,104255,36,,,0,100,,104256,36,,,0,100,,104257,36,,,0,101,,104258,36,,,0,102,,96444,36,,,0
1007200,'5456',626,,105685,63,,,0
1007200,'5458',626,,105686,63,,,0
1007200,'5459',635,,105687,63,,,0,100,,105688,63,,,0
1007200,'5460',735,,98261,63,,,0
1007200,'5461',735,,105689,63,,,0
1007200,'5462',735,,105690,63,,,0
1007200,'5463',735,,105691,63,,,0
