4700,'5456',637,,93089,33,,,0,22,,93087,33,,,0,64,,93088,33,,,0
4700,'5458',637,,93092,33,,,0,22,,93090,33,,,0,64,,93091,33,,,0
4701,'5456',1657,,93093,27,,,0,67,,93094,27,,,0,29,,93095,27,,,0
4701,'5458',1657,,93096,27,,,0,67,,93097,27,,,0,29,,93098,27,,,0
5701,'5456',602,,94106,9,,,0,48,,94109,9,,,0,85,,94119,9,,,0,78,,94125,9,,,0,10,,94111,9,,,0,84,,94108,9,,,0,47,,94107,9,,,0,84,,94110,9,,,0,85,,94112,9,,,0,85,,94113,9,,,0,46,,94114,9,,,0,85,,94115,9,,,0,89,,94116,9,,,0,100,,94126,9,,,0,72,,94127,9,,,0,43,,94117,9,,,0,87,,94118,9,,,0,87,,94120,9,,,0,88,,94121,9,,,0,99,,94122,9,,,0,116,,94123,9,,,0,110,,94124,9,,,0
5701,'5458',602,,94128,9,,,0,48,,94131,9,,,0,85,,94141,9,,,0,78,,94147,9,,,0,10,,94133,9,,,0,84,,94130,9,,,0,47,,94129,9,,,0,84,,94132,9,,,0,85,,94134,9,,,0,85,,94135,9,,,0,46,,94136,9,,,0,85,,94137,9,,,0,89,,94138,9,,,0,100,,94148,9,,,0,72,,94149,9,,,0,43,,94139,9,,,0,87,,94140,9,,,0,87,,94142,9,,,0,88,,94143,9,,,0,99,,94144,9,,,0,116,,94145,9,,,0,110,,94146,9,,,0
5701,'5459',629,,94161,9,,,0,107,,94151,9,,,0,97,,94162,9,,,0,105,,94165,9,,,0,101,,94163,9,,,0,107,,94164,9,,,0,110,,94150,9,,,0,100,,94156,9,,,0,150,,94160,9,,,0,101,,94157,9,,,0,108,,94152,9,,,0,91,,94154,9,,,0,114,,94158,9,,,0,100,,94159,9,,,0,99,,94155,9,,,0,113,,94153,9,,,0
5701,'5460',736,,94169,9,,,0,99,,94166,9,,,0,105,,94168,9,,,0,100,,94167,9,,,0,106,,94170,9,,,0,110,,94173,9,,,0,100,,94171,9,,,0,150,,94174,9,,,0,100,,94172,9,,,0,110,,94178,9,,,0,90,,94180,9,,,0,113,,94179,9,,,0,100,,94177,9,,,0,100,,94176,9,,,0,85,,94175,9,,,0
5701,'5461',736,,94184,9,,,0,99,,94181,9,,,0,105,,94183,9,,,0,100,,94182,9,,,0,106,,94185,9,,,0,110,,94188,9,,,0,100,,94186,9,,,0,150,,94189,9,,,0,100,,94187,9,,,0,110,,94193,9,,,0,90,,94195,9,,,0,113,,94194,9,,,0,100,,94192,9,,,0,100,,94191,9,,,0,85,,94190,9,,,0
5701,'5462',736,,94199,9,,,0,99,,94196,9,,,0,105,,94198,9,,,0,100,,94197,9,,,0,106,,94200,9,,,0,110,,94203,9,,,0,100,,94201,9,,,0,150,,94204,9,,,0,100,,94202,9,,,0,110,,94208,9,,,0,90,,94210,9,,,0,113,,94209,9,,,0,100,,94207,9,,,0,100,,94206,9,,,0,85,,94205,9,,,0
5701,'5463',736,,94214,9,,,0,99,,94211,9,,,0,105,,94213,9,,,0,100,,94212,9,,,0,106,,94215,9,,,0,110,,94218,9,,,0,100,,94216,9,,,0,150,,94219,9,,,0,100,,94217,9,,,0,110,,94223,9,,,0,90,,94225,9,,,0,113,,94224,9,,,0,100,,94222,9,,,0,100,,94221,9,,,0,85,,94220,9,,,0
