7001,'5456',710,,95451,4,,,0,104,,95461,4,,,0,95,,95452,4,,,0,100,,95458,4,,,0,103,,95453,4,,,0,100,,95454,4,,,0,100,,95455,4,,,0,100,,95456,4,,,0,101,,95457,4,,,0,99,,95459,4,,,0,30,,95463,4,,,0,73,,95460,4,,,0,99,,95462,4,,,0,99,,95464,4,,,0,200,,95465,4,,,0,199,,95466,4,,,0
7001,'5458',710,,95467,4,,,0,104,,95477,4,,,0,95,,95468,4,,,0,100,,95474,4,,,0,103,,95469,4,,,0,100,,95470,4,,,0,100,,95471,4,,,0,100,,95472,4,,,0,101,,95473,4,,,0,99,,95475,4,,,0,30,,95479,4,,,0,73,,95476,4,,,0,99,,95478,4,,,0,99,,95480,4,,,0,200,,95481,4,,,0,199,,95482,4,,,0
7001,'5459',909,,95483,4,,,0,102,,95484,4,,,0,101,,95485,4,,,0,100,,95486,4,,,0,100,,95487,4,,,0,103,,95488,4,,,0,101,,95489,4,,,0,99,,95490,4,,,0,96,,95491,4,,,0,99,,95492,4,,,0,100,,95493,4,,,0,200,,95494,4,,,0,200,,95495,4,,,0
7001,'5460',908,,95496,4,,,0,200,,95497,4,,,0,100,,95498,4,,,0,103,,95499,4,,,0,101,,95500,4,,,0,99,,95501,4,,,0,100,,95502,4,,,0,103,,95503,4,,,0,99,,95504,4,,,0,100,,95505,4,,,0,100,,95506,4,,,0,99,,95507,4,,,0,200,,95508,4,,,0,100,,95509,4,,,0
7001,'5461',908,,95510,4,,,0,101,,95524,4,,,0,99,,95511,4,,,0,100,,95512,4,,,0,103,,95513,4,,,0,101,,95514,4,,,0,99,,95515,4,,,0,100,,95516,4,,,0,103,,95517,4,,,0,99,,95518,4,,,0,100,,95519,4,,,0,100,,95520,4,,,0,99,,95521,4,,,0,98,,95525,4,,,0,102,,95522,4,,,0,100,,95523,4,,,0
7001,'5462',908,,95526,4,,,0,101,,95540,4,,,0,99,,95527,4,,,0,100,,95528,4,,,0,103,,95529,4,,,0,101,,95530,4,,,0,99,,95531,4,,,0,100,,95532,4,,,0,103,,95533,4,,,0,99,,95534,4,,,0,100,,95535,4,,,0,100,,95536,4,,,0,99,,95537,4,,,0,98,,95541,4,,,0,102,,95538,4,,,0,100,,95539,4,,,0
7001,'5463',908,,95542,4,,,0,200,,95543,4,,,0,100,,95544,4,,,0,103,,95545,4,,,0,101,,95546,4,,,0,99,,95547,4,,,0,100,,95548,4,,,0,103,,95549,4,,,0,99,,95550,4,,,0,100,,95551,4,,,0,100,,95552,4,,,0,99,,95553,4,,,0,200,,95554,4,,,0,100,,95555,4,,,0
7101,'5456',615,,95562,24,,,0,30,,95563,24,,,0,88,,95564,24,,,0
7101,'5458',615,,95565,24,,,0,30,,95566,24,,,0,88,,95567,24,,,0
24007001,'5456',2500,,98629,2,0,27,0
24007001,'5458',1303,,98631,3,,,0,201,,98632,3,,,0,202,,98633,3,,,0,200,,98635,3,,,0,199,,98634,3,,,0,395,,98630,2,0,27,0
24007001,'5459',1103,,98636,3,,,0,200,,98637,3,,,0,202,,98638,3,,,0,198,,98639,3,,,0,200,,98640,3,,,0,200,,98641,3,,,0,397,,98642,2,0,27,0
24007001,'5460',1101,,98643,3,,,0,202,,98644,3,,,0,201,,98645,3,,,0,201,,98646,3,,,0,201,,98647,3,,,0,199,,98648,3,,,0,314,,98649,2,0,27,0
24007001,'5461',1101,,98650,3,,,0,105,,98657,3,,,0,97,,98651,3,,,0,101,,98659,3,,,0,100,,98652,3,,,0,100,,98658,3,,,0,101,,98653,3,,,0,101,,98660,3,,,0,100,,98654,3,,,0,199,,98655,3,,,0,314,,98656,2,0,27,0
24007001,'5462',1101,,98661,3,,,0,105,,98668,3,,,0,97,,98662,3,,,0,101,,98670,3,,,0,100,,98663,3,,,0,100,,98669,3,,,0,101,,98664,3,,,0,101,,98671,3,,,0,100,,98665,3,,,0,199,,98666,3,,,0,314,,98667,2,0,27,0
24007001,'5463',1101,,98672,3,,,0,105,,98679,3,,,0,97,,98673,3,,,0,201,,98674,3,,,0,100,,98680,3,,,0,101,,98675,3,,,0,201,,98676,3,,,0,199,,98677,3,,,0,314,,98678,2,0,27,0
