6101,'5456',535,,95096,26,,,0,68,,95094,26,,,0,27,,95089,26,,,0,27,,95088,26,,,0,78,,95099,26,,,0,80,,95095,26,,,0,37,,95090,26,,,0,64,,95100,26,,,0,34,,95085,26,,,0,88,,95092,26,,,0,77,,95098,26,,,0,37,,95086,26,,,0,78,,95091,26,,,0,77,,95097,26,,,0,26,,95084,26,,,0,77,,95093,26,,,0,32,,95082,26,,,0,71,,95080,26,,,0,32,,95079,26,,,0,70,,95101,49,,,0,15,,95075,26,,,0,17,,95087,49,,,0,71,,95076,49,,,0,24,,95074,49,,,0,14,,95083,49,,,0,59,,95069,49,,,0,37,,95078,49,,,0,53,,95077,26,,,0,30,,95070,26,,,0,86,,95068,26,,,0,89,,95071,26,,,0,98,,95066,26,,,0,44,,95073,26,,,0,97,,95067,26,,,0,85,,95072,26,,,0
6101,'5458',535,,95133,26,,,0,68,,95131,26,,,0,27,,95126,26,,,0,27,,95125,26,,,0,78,,95136,26,,,0,80,,95132,26,,,0,37,,95127,26,,,0,64,,95137,26,,,0,34,,95122,26,,,0,88,,95129,26,,,0,77,,95135,26,,,0,37,,95123,26,,,0,78,,95128,26,,,0,77,,95134,26,,,0,26,,95121,26,,,0,77,,95130,26,,,0,32,,95118,26,,,0,71,,95117,26,,,0,32,,95116,26,,,0,70,,95138,49,,,0,15,,95112,26,,,0,17,,95124,49,,,0,71,,95113,49,,,0,24,,95111,49,,,0,14,,95119,49,,,0,59,,95106,49,,,0,37,,95115,49,,,0,53,,95114,26,,,0,30,,95107,26,,,0,86,,95105,26,,,0,89,,95108,26,,,0,98,,95103,26,,,0,44,,95110,26,,,0,97,,95104,26,,,0,85,,95109,26,,,0,99,,95102,26,,,0
6101,'5459',607,,95139,25,,,0,96,,95140,26,,,0,38,,95141,26,,,0,101,,95142,26,,,0,83,,95143,26,,,0,89,,95144,26,,,0,31,,95145,26,,,0,88,,95146,26,,,0,72,,95147,26,,,0,32,,95148,26,,,0,84,,95149,26,,,0,38,,95150,26,,,0,76,,95151,26,,,0,75,,95152,26,,,0,26,,95153,26,,,0,76,,95154,26,,,0,38,,95155,26,,,0,73,,95156,26,,,0,34,,95157,26,,,0,76,,95158,26,,,0,76,,95159,26,,,0,36,,95160,26,,,0,81,,95161,26,,,0,83,,95162,26,,,0,98,,95163,26,,,0,46,,95164,26,,,0,99,,95165,26,,,0,83,,95166,26,,,0,100,,95167,26,,,0
6101,'5460',612,,95170,25,,,0,102,,95168,25,,,0,34,,95171,26,,,0,89,,95169,26,,,0,94,,95172,26,,,0,86,,95173,26,,,0,87,,95174,26,,,0,47,,95175,26,,,0,103,,95176,26,,,0,86,,95177,26,,,0,101,,95178,26,,,0,85,,95179,26,,,0,101,,95180,26,,,0,80,,95181,26,,,0,100,,95182,26,,,0,50,,95183,26,,,0,97,,95184,26,,,0,100,,95185,26,,,0,81,,95186,26,,,0,100,,95187,26,,,0,96,,95188,26,,,0
6101,'5461',612,,95191,25,,,0,102,,95189,25,,,0,34,,95192,26,,,0,89,,95190,26,,,0,94,,95193,26,,,0,86,,95194,26,,,0,87,,95195,26,,,0,47,,95196,26,,,0,103,,95197,26,,,0,86,,95198,26,,,0,101,,95199,26,,,0,85,,95200,26,,,0,101,,95201,26,,,0,80,,95202,26,,,0,100,,95203,26,,,0,50,,95204,26,,,0,97,,95205,26,,,0,100,,95206,26,,,0,81,,95207,26,,,0,100,,95208,26,,,0,96,,95209,26,,,0
6101,'5462',612,,95212,25,,,0,102,,95210,25,,,0,34,,95213,26,,,0,89,,95211,26,,,0,94,,95214,26,,,0,86,,95215,26,,,0,87,,95216,26,,,0,47,,95217,26,,,0,103,,95218,26,,,0,86,,95219,26,,,0,101,,95220,26,,,0,85,,95221,26,,,0,101,,95222,26,,,0,80,,95223,26,,,0,100,,95224,26,,,0,50,,95225,26,,,0,97,,95226,26,,,0,100,,95227,26,,,0,81,,95228,26,,,0,100,,95229,26,,,0,96,,95230,26,,,0
6101,'5463',612,,95233,25,,,0,102,,95231,25,,,0,34,,95234,26,,,0,89,,95232,26,,,0,94,,95235,26,,,0,86,,95236,26,,,0,87,,95237,26,,,0,47,,95238,26,,,0,103,,95239,26,,,0,86,,95240,26,,,0,101,,95241,26,,,0,85,,95242,26,,,0,101,,95243,26,,,0,80,,95244,26,,,0,100,,95245,26,,,0,50,,95246,26,,,0,97,,95247,26,,,0,100,,95248,26,,,0,81,,95249,26,,,0,100,,95250,26,,,0,96,,95251,26,,,0
6401,'5456',732,,95278,64,,,0,203,,95277,19,,,0,377,,95275,64,,,0,293,,95276,19,,,0
6401,'5458',732,,95285,64,,,0,203,,95284,19,,,0,377,,95282,64,,,0,293,,95283,19,,,0
6501,'5456',1704,,95297,44,,,0,27,,95299,44,,,0,72,,95296,44,,,0,24,,95298,44,,,0
6501,'5458',1704,,95301,44,,,0,27,,95303,44,,,0,72,,95300,44,,,0,24,,95302,44,,,0
