1401,'5456',613,,86705,47,,,0,26,,86706,47,,,0,62,,99959,47,,,0,16,,86708,47,,,0,13,,86709,47,,,0,12,,86710,47,,,0,14,,86711,47,,,0,54,,86712,47,,,0,14,,86713,47,,,0,14,,86714,47,,,0,14,,86715,47,,,0,53,,99960,47,,,0,13,,86717,47,,,0,12,,99961,47,,,0,13,,86719,47,,,0,13,,99962,47,,,0,53,,86721,47,,,0,13,,86722,47,,,0,14,,86723,47,,,0,13,,86724,47,,,0,53,,86725,47,,,0,13,,99963,47,,,0,14,,86727,47,,,0,15,,99964,47,,,0,15,,86729,47,,,0,53,,99965,47,,,0,14,,99966,47,,,0,13,,86732,47,,,0,14,,86733,47,,,0,53,,86734,47,,,0,13,,86735,47,,,0,13,,99967,47,,,0,12,,86737,47,,,0,12,,86738,47,,,0,52,,86739,47,,,0,12,,86740,47,,,0,10,,86741,47,,,0,12,,99986,47,,,0,2,,99968,47,,,0,12,,99969,47,,,0,44,,99970,47,,,0,15,,99971,47,,,0,13,,99972,47,,,0,10,,86747,47,,,0,5,,99973,47,,,0,14,,99974,47,,,0,56,,99975,47,,,0,16,,86751,47,,,0,16,,86752,47,,,0,58,,86753,47,,,0,17,,99976,47,,,0,15,,99977,47,,,0,15,,99978,47,,,0,53,,99979,47,,,0,16,,99980,47,,,0,12,,99981,47,,,0,11,,99982,47,,,0,15,,86761,47,,,0,55,,86762,47,,,0,13,,86763,47,,,0,15,,86764,47,,,0,15,,86765,47,,,0,54,,86766,47,,,0,15,,99983,47,,,0,17,,99984,47,,,0,59,,86769,47,,,0,20,,86770,47,,,0,19,,86771,47,,,0,20,,86772,47,,,0,60,,86773,47,,,0,23,,99985,47,,,0,71,,86775,47,,,0,31,,86776,47,,,0,67,,86777,47,,,0,30,,86778,47,,,0
1401,'5458',613,,86796,47,,,0,26,,86797,47,,,0,62,,99992,47,,,0,16,,86799,47,,,0,13,,86800,47,,,0,12,,86801,47,,,0,14,,86802,47,,,0,54,,86803,47,,,0,14,,86804,47,,,0,14,,86805,47,,,0,14,,86806,47,,,0,53,,99993,47,,,0,13,,86808,47,,,0,12,,99994,47,,,0,13,,86810,47,,,0,13,,99995,47,,,0,53,,86812,47,,,0,13,,86813,47,,,0,14,,86814,47,,,0,13,,86815,47,,,0,53,,86816,47,,,0,13,,99996,47,,,0,14,,86818,47,,,0,15,,99997,47,,,0,15,,86820,47,,,0,53,,99998,47,,,0,14,,99999,47,,,0,13,,86823,47,,,0,14,,86824,47,,,0,53,,86825,47,,,0,13,,86826,47,,,0,13,,100000,47,,,0,12,,86828,47,,,0,12,,86829,47,,,0,52,,86830,47,,,0,12,,86831,47,,,0,10,,86832,47,,,0,12,,100020,47,,,0,2,,100001,47,,,0,12,,100002,47,,,0,44,,100003,47,,,0,15,,100004,47,,,0,13,,100005,47,,,0,10,,86838,47,,,0,5,,100006,47,,,0,14,,100007,47,,,0,56,,100008,47,,,0,16,,86842,47,,,0,16,,86843,47,,,0,58,,86844,47,,,0,17,,100009,47,,,0,15,,100010,47,,,0,15,,100011,47,,,0,53,,100012,47,,,0,16,,100013,47,,,0,12,,100014,47,,,0,11,,100015,47,,,0,15,,86852,47,,,0,55,,86853,47,,,0,13,,86854,47,,,0,15,,86855,47,,,0,15,,86856,47,,,0,54,,86857,47,,,0,15,,100016,47,,,0,17,,100017,47,,,0,59,,86860,47,,,0,20,,86861,47,,,0,19,,86862,47,,,0,20,,86863,47,,,0,60,,86864,47,,,0,23,,100018,47,,,0,71,,86866,47,,,0,31,,86867,47,,,0,67,,86868,47,,,0,30,,86869,47,,,0,70,,100019,47,,,0,30,,86871,47,,,0
1401,'5459',626,,86916,47,,,0,30,,86915,47,,,0,66,,86881,47,,,0,22,,100028,47,,,0,57,,86917,47,,,0,15,,100052,47,,,0,15,,86883,47,,,0,15,,100025,47,,,0,55,,86919,47,,,0,15,,86878,47,,,0,15,,86885,47,,,0,15,,100027,47,,,0,55,,86921,47,,,0,14,,100053,47,,,0,14,,86886,47,,,0,16,,100022,47,,,0,14,,86925,47,,,0,55,,100021,47,,,0,15,,86892,47,,,0,16,,100032,47,,,0,55,,86926,47,,,0,14,,100023,47,,,0,15,,100055,47,,,0,15,,100030,47,,,0,15,,86889,47,,,0,55,,86924,47,,,0,15,,100029,47,,,0,14,,86890,47,,,0,57,,100031,47,,,0,15,,100054,47,,,0,15,,100033,47,,,0,15,,100041,47,,,0,55,,100024,47,,,0,15,,100026,47,,,0,15,,100039,47,,,0,14,,100047,47,,,0,15,,100043,47,,,0,55,,100044,47,,,0,15,,100046,47,,,0,15,,100040,47,,,0,15,,100035,47,,,0,55,,100045,47,,,0,15,,100042,47,,,0,15,,86909,47,,,0,15,,100036,47,,,0,55,,100048,47,,,0,15,,100038,47,,,0,15,,100037,47,,,0,15,,100051,47,,,0,54,,86911,47,,,0,15,,100049,47,,,0,15,,100034,47,,,0,59,,100050,47,,,0,20,,100057,47,,,0,20,,86928,47,,,0,60,,100056,47,,,0,20,,86929,47,,,0,20,,86931,47,,,0,60,,100059,47,,,0,20,,100058,47,,,0,20,,86933,47,,,0,68,,86932,47,,,0,29,,86936,47,,,0,70,,100060,47,,,0,31,,100061,47,,,0,70,,86939,47,,,0,29,,86940,47,,,0
1401,'5460',656,,100069,47,,,0,65,,86984,47,,,0,26,,86983,47,,,0,57,,86967,47,,,0,15,,87001,47,,,0,15,,86974,47,,,0,16,,100070,47,,,0,55,,86990,47,,,0,16,,87000,47,,,0,14,,86958,47,,,0,15,,86989,47,,,0,55,,86955,47,,,0,16,,86959,47,,,0,15,,86968,47,,,0,15,,86992,47,,,0,55,,86946,47,,,0,15,,100062,47,,,0,15,,86947,47,,,0,15,,86977,47,,,0,54,,86948,47,,,0,15,,86960,47,,,0,17,,86969,47,,,0,15,,86993,47,,,0,56,,86943,47,,,0,15,,100063,47,,,0,16,,86945,47,,,0,15,,86975,47,,,0,55,,86944,47,,,0,16,,86961,47,,,0,15,,86941,47,,,0,15,,86970,47,,,0,55,,86991,47,,,0,15,,86951,47,,,0,15,,100064,47,,,0,15,,86950,47,,,0,54,,86981,47,,,0,15,,86949,47,,,0,15,,86962,47,,,0,15,,86942,47,,,0,55,,86971,47,,,0,14,,86994,47,,,0,15,,86952,47,,,0,15,,100065,47,,,0,55,,86953,47,,,0,15,,86982,47,,,0,15,,86957,47,,,0,15,,86966,47,,,0,55,,86956,47,,,0,16,,86973,47,,,0,17,,86996,47,,,0,60,,100067,47,,,0,18,,86988,47,,,0,20,,86954,47,,,0,20,,86965,47,,,0,60,,86972,47,,,0,21,,86998,47,,,0,70,,100068,47,,,0,30,,86964,47,,,0,69,,86963,47,,,0,31,,86995,47,,,0,82,,100066,47,,,0
1401,'5461',656,,100082,47,,,0,65,,87045,47,,,0,26,,87044,47,,,0,57,,87028,47,,,0,15,,87062,47,,,0,15,,87035,47,,,0,16,,87060,47,,,0,55,,100081,47,,,0,16,,87061,47,,,0,14,,87019,47,,,0,15,,87050,47,,,0,55,,87016,47,,,0,16,,87020,47,,,0,15,,87029,47,,,0,15,,87053,47,,,0,55,,100072,47,,,0,15,,87037,47,,,0,15,,87008,47,,,0,15,,87038,47,,,0,54,,87009,47,,,0,15,,87021,47,,,0,17,,87030,47,,,0,15,,87054,47,,,0,56,,100071,47,,,0,15,,87039,47,,,0,16,,87006,47,,,0,15,,87036,47,,,0,55,,87005,47,,,0,16,,87022,47,,,0,15,,87002,47,,,0,15,,87031,47,,,0,55,,87052,47,,,0,15,,87012,47,,,0,15,,87040,47,,,0,15,,100073,47,,,0,54,,100078,47,,,0,15,,87010,47,,,0,15,,87023,47,,,0,15,,87003,47,,,0,55,,87032,47,,,0,14,,87055,47,,,0,15,,87013,47,,,0,15,,87041,47,,,0,55,,100074,47,,,0,15,,100079,47,,,0,15,,87018,47,,,0,15,,100077,47,,,0,55,,87017,47,,,0,16,,87034,47,,,0,17,,87057,47,,,0,60,,87047,47,,,0,18,,87049,47,,,0,20,,87015,47,,,0,20,,100076,47,,,0,60,,87033,47,,,0,21,,87059,47,,,0,70,,87048,47,,,0,30,,87025,47,,,0,69,,100075,47,,,0,31,,87056,47,,,0,82,,100080,47,,,0
1401,'5462',656,,100094,47,,,0,65,,87106,47,,,0,26,,87105,47,,,0,57,,87089,47,,,0,15,,87123,47,,,0,15,,87096,47,,,0,16,,87121,47,,,0,55,,100093,47,,,0,16,,87122,47,,,0,14,,87080,47,,,0,15,,87111,47,,,0,55,,87077,47,,,0,16,,87081,47,,,0,15,,87090,47,,,0,15,,87114,47,,,0,55,,100084,47,,,0,15,,87098,47,,,0,15,,87069,47,,,0,15,,87099,47,,,0,54,,87070,47,,,0,15,,87082,47,,,0,17,,87091,47,,,0,15,,87115,47,,,0,56,,100083,47,,,0,15,,87100,47,,,0,16,,87067,47,,,0,15,,87097,47,,,0,55,,87066,47,,,0,16,,87083,47,,,0,15,,87063,47,,,0,15,,87092,47,,,0,55,,87113,47,,,0,15,,87073,47,,,0,15,,87101,47,,,0,15,,100085,47,,,0,54,,100090,47,,,0,15,,87071,47,,,0,15,,87084,47,,,0,15,,87064,47,,,0,55,,87093,47,,,0,14,,87116,47,,,0,15,,87074,47,,,0,15,,87102,47,,,0,55,,100086,47,,,0,15,,100091,47,,,0,15,,87079,47,,,0,15,,100089,47,,,0,55,,87078,47,,,0,16,,87095,47,,,0,17,,87118,47,,,0,60,,87108,47,,,0,18,,87110,47,,,0,20,,87076,47,,,0,20,,100088,47,,,0,60,,87094,47,,,0,21,,87120,47,,,0,70,,87109,47,,,0,30,,87086,47,,,0,69,,100087,47,,,0,31,,87117,47,,,0,82,,100092,47,,,0
1401,'5463',656,,100106,47,,,0,65,,87167,47,,,0,26,,87166,47,,,0,57,,87150,47,,,0,15,,87184,47,,,0,15,,87157,47,,,0,16,,87182,47,,,0,55,,100105,47,,,0,16,,87183,47,,,0,14,,87141,47,,,0,15,,87172,47,,,0,55,,87138,47,,,0,16,,87142,47,,,0,15,,87151,47,,,0,15,,87175,47,,,0,55,,100096,47,,,0,15,,87159,47,,,0,15,,87130,47,,,0,15,,87160,47,,,0,54,,87131,47,,,0,15,,87143,47,,,0,17,,87152,47,,,0,15,,87176,47,,,0,56,,100095,47,,,0,15,,87161,47,,,0,16,,87128,47,,,0,15,,87158,47,,,0,55,,87127,47,,,0,16,,87144,47,,,0,15,,87124,47,,,0,15,,87153,47,,,0,55,,87174,47,,,0,15,,87134,47,,,0,15,,87162,47,,,0,15,,100097,47,,,0,54,,100102,47,,,0,15,,87132,47,,,0,15,,87145,47,,,0,15,,87125,47,,,0,55,,87154,47,,,0,14,,87177,47,,,0,15,,87135,47,,,0,15,,87163,47,,,0,55,,100098,47,,,0,15,,100103,47,,,0,15,,87140,47,,,0,15,,100101,47,,,0,55,,87139,47,,,0,16,,87156,47,,,0,17,,87179,47,,,0,60,,87169,47,,,0,18,,87171,47,,,0,20,,87137,47,,,0,20,,100100,47,,,0,60,,87155,47,,,0,21,,87181,47,,,0,70,,87170,47,,,0,30,,87147,47,,,0,69,,100099,47,,,0,31,,87178,47,,,0,82,,100104,47,,,0
2501,'5456',816,,89230,60,4,,0
2501,'5458',816,,89249,60,4,,0
4601,'5456',702,,93064,12,,,0,108,,93073,12,,,0,126,,93063,12,,,0,93,,93072,12,,,0,381,,102663,12,,,0,125,,93065,12,,,0,70,,102664,12,,,0,40,,93066,12,,,0,81,,93067,12,,,0,27,,102662,12,,,0,89,,93071,12,,,0
4601,'5458',702,,93076,12,,,0,108,,93085,12,,,0,126,,93075,12,,,0,93,,93084,12,,,0,381,,102667,12,,,0,125,,93077,12,,,0,70,,102668,12,,,0,40,,93078,12,,,0,81,,93079,12,,,0,27,,102666,12,,,0,89,,93083,12,,,0
