2500,'5456',559,,89129,17,,,0,75,,89131,17,,,0,71,,89135,17,,,0,38,,89130,17,,,0,69,,89132,17,,,0,95,,89133,17,,,0,104,,89134,17,,,0,101,,89136,17,,,0,100,,89137,17,,,0,98,,89138,17,,,0,100,,89139,17,,,0,97,,89140,9,,,0,41,,89141,17,,,0,87,,89142,17,,,0,95,,89143,17,,,0,102,,89144,17,,,0,100,,89145,17,,,0,121,,89146,17,,,0,167,,89147,17,,,0,133,,89148,17,0,5,0
2500,'5458',559,,89149,17,,,0,75,,89151,17,,,0,71,,89155,17,,,0,38,,89150,17,,,0,69,,89152,17,,,0,95,,89153,17,,,0,104,,89154,17,,,0,101,,89156,17,,,0,100,,89157,17,,,0,98,,89158,17,,,0,100,,89159,17,,,0,97,,89160,9,,,0,41,,89161,17,,,0,87,,89162,17,,,0,95,,89163,17,,,0,102,,89164,17,,,0,100,,89165,17,,,0,121,,89166,17,,,0,167,,89167,17,,,0,133,,89168,17,0,5,0
2500,'5459',743,,89175,17,,,0,109,,89173,17,,,0,154,,89177,17,,,0,101,,89171,17,,,0,100,,89169,17,,,0,98,,89170,17,,,0,100,,89172,17,,,0,99,,89176,17,,,0,100,,89174,17,,,0,101,,89178,17,,,0,102,,89179,17,,,0,124,,89180,17,,,0,121,,89181,17,,,0,169,,89182,17,,,0,130,,89183,17,0,5,0
2500,'5460',735,,89186,17,,,0,167,,89184,17,,,0,129,,89185,17,,,0,170,,89187,17,,,0,132,,89188,17,,,0,169,,89189,17,,,0,133,,89190,17,,,0,169,,89191,17,,,0,130,,89192,17,,,0,121,,89193,17,,,0,168,,89194,17,,,0
2500,'5461',735,,89197,17,,,0,167,,89195,17,,,0,129,,89196,17,,,0,170,,89198,17,,,0,132,,89199,17,,,0,169,,89200,17,,,0,133,,89201,17,,,0,169,,89202,17,,,0,130,,89203,17,,,0,121,,89204,17,,,0,168,,89205,17,,,0
2500,'5462',735,,89208,17,,,0,167,,89206,17,,,0,129,,89207,17,,,0,170,,89209,17,,,0,132,,89210,17,,,0,169,,89211,17,,,0,133,,89212,17,,,0,169,,89213,17,,,0,130,,89214,17,,,0,121,,89215,17,,,0,168,,89216,17,,,0
2500,'5463',735,,89219,17,,,0,167,,89217,17,,,0,129,,89218,17,,,0,170,,89220,17,,,0,132,,89221,17,,,0,169,,89222,17,,,0,133,,89223,17,,,0,169,,89224,17,,,0,130,,89225,17,,,0,121,,89226,17,,,0,168,,89227,17,,,0
4001,'5456',613,,92942,32,,,0,99,,92940,32,,,0,27,,92941,32,,,0,98,,92939,32,,,0,94,,92935,32,,,0,99,,92933,32,,,0,100,,92938,32,,,0,103,,92928,32,,,0,102,,92934,32,,,0,101,,92927,32,,,0,110,,92937,32,,,0,75,,92925,32,,,0,35,,92926,32,,,0,71,,92924,32,,,0,73,,92936,32,,,0,44,,92930,32,,,0,94,,92932,32,,,0,98,,92929,32,,,0,164,,92931,32,,,0
4001,'5458',613,,92961,32,,,0,99,,92959,32,,,0,27,,92960,32,,,0,98,,92958,32,,,0,94,,92954,32,,,0,99,,92952,32,,,0,100,,92957,32,,,0,103,,92947,32,,,0,102,,92953,32,,,0,101,,92946,32,,,0,110,,92956,32,,,0,75,,92944,32,,,0,35,,92945,32,,,0,71,,92943,32,,,0,73,,92955,32,,,0,44,,92949,32,,,0,94,,92951,32,,,0,98,,92948,32,,,0,164,,92950,32,,,0
4001,'5459',650,,92971,32,,,0,168,,92974,32,,,0,102,,92962,32,,,0,100,,92964,32,,,0,101,,92970,32,,,0,101,,92972,32,,,0,100,,92963,32,,,0,100,,92965,32,,,0,100,,92968,32,,,0,100,,92973,32,,,0,100,,92966,32,,,0,98,,92967,32,,,0,99,,92969,32,,,0,97,,92975,32,,,0,130,,92976,32,,,0
4001,'5460',746,,92978,32,,,0,173,,92977,32,,,0,101,,92979,32,,,0,100,,92980,32,,,0,102,,92982,32,,,0,100,,92981,32,,,0,100,,92986,32,,,0,100,,92984,32,,,0,100,,92985,32,,,0,99,,92983,32,,,0,98,,92988,32,,,0,99,,92987,32,,,0,98,,92989,32,,,0
4001,'5461',746,,92991,32,,,0,173,,92990,32,,,0,101,,92992,32,,,0,100,,92993,32,,,0,102,,92995,32,,,0,100,,92994,32,,,0,100,,92999,32,,,0,100,,92997,32,,,0,100,,92998,32,,,0,99,,92996,32,,,0,98,,93001,32,,,0,99,,93000,32,,,0,98,,93002,32,,,0
4001,'5462',746,,93004,32,,,0,173,,93003,32,,,0,101,,93005,32,,,0,100,,93006,32,,,0,102,,93008,32,,,0,100,,93007,32,,,0,100,,93012,32,,,0,100,,93010,32,,,0,100,,93011,32,,,0,99,,93009,32,,,0,98,,93014,32,,,0,99,,93013,32,,,0,98,,93015,32,,,0
4001,'5463',746,,93017,32,,,0,173,,93016,32,,,0,101,,93018,32,,,0,100,,93019,32,,,0,102,,93021,32,,,0,100,,93020,32,,,0,100,,93025,32,,,0,100,,93023,32,,,0,100,,93024,32,,,0,99,,93022,32,,,0,98,,93027,32,,,0,99,,93026,32,,,0,98,,93028,32,,,0
4600,'5456',618,,93036,32,,,0,19,,93037,32,,,0,71,,93046,32,,,0,29,,93048,32,,,0,77,,93038,32,,,0,96,,93035,32,,,0,95,,93047,32,,,0,339,,93044,32,,,0,111,,93039,32,,,0,73,,93045,32,,,0,77,,93040,32,,,0,95,,93041,32,,,0,29,,93042,32,,,0,87,,93043,32,,,0
4600,'5458',618,,93050,32,,,0,19,,93051,32,,,0,71,,93060,32,,,0,29,,93062,32,,,0,77,,93052,32,,,0,96,,93049,32,,,0,95,,93061,32,,,0,339,,93058,32,,,0,111,,93053,32,,,0,73,,93059,32,,,0,77,,93054,32,,,0,95,,93055,32,,,0,29,,93056,32,,,0,87,,93057,32,,,0
