2100,'5456',633,,88096,2,0,18 19,0,511,,88132,30,0,18 19,0,503,,88137,30,0,18 19,0
2100,'5458',633,,88143,2,0,18 19,0,511,,88179,30,0,18 19,0,503,,88184,30,0,18 19,0
2100,'5459',853,,88198,30,0,18 19,0,387,,88189,30,0,18 19,0,199,,88190,30,0,18 19,0,202,,88204,30,0,18 19,0,199,,88199,30,0,18 19,0
2100,'5460',913,,88219,30,0,18 19,0,322,,88217,30,0,18 19,0,203,,88223,30,0,18 19,0,200,,88229,30,0,18 19,0,197,,88235,30,0,18 19,0
2100,'5461',913,,88244,30,0,18 19,0,322,,88242,30,0,18 19,0,203,,88248,30,0,18 19,0,200,,88254,30,0,18 19,0,197,,88260,30,0,18 19,0
2100,'5462',913,,88269,30,0,18 19,0,322,,88267,30,0,18 19,0,203,,88273,30,0,18 19,0,200,,88279,30,0,18 19,0,197,,88285,30,0,18 19,0
2100,'5463',913,,88294,30,0,18 19,0,322,,88292,30,0,18 19,0,203,,88298,30,0,18 19,0,200,,88304,30,0,18 19,0,197,,88310,30,0,18 19,0
8300,'5456',659,,96544,9,,,0,244,,96543,9,,,0,140,,96545,9,,,0,207,,96546,9,,,0,198,,96547,9,,,0,252,,96548,9,,,0,208,,96549,9,,,0
8300,'5458',659,,96551,9,,,0,244,,96550,9,,,0,140,,96552,9,,,0,207,,96553,9,,,0,198,,96554,9,,,0,252,,96555,9,,,0,208,,96556,9,,,0
8300,'5459',1045,,96559,9,,,0,300,,96560,9,,,0,305,,96558,9,,,0,300,,96557,9,,,0
8300,'5460',1045,,96563,9,,,0,300,,96564,9,,,0,305,,96562,9,,,0,300,,96561,9,,,0
8300,'5461',1045,,96567,9,,,0,300,,96568,9,,,0,305,,96566,9,,,0,300,,96565,9,,,0
8300,'5462',1045,,96571,9,,,0,300,,96572,9,,,0,305,,96570,9,,,0,300,,96569,9,,,0
8300,'5463',1045,,96575,9,,,0,300,,96576,9,,,0,305,,96574,9,,,0,300,,96573,9,,,0
