5201,'5456',1517,,93480,37,4,,0
5201,'5458',1517,,93521,37,4,,0
5300,'5456',619,,93666,2,0,25 40,0,33,,93664,2,,,0,184,,93668,2,0,25 40,0,185,,93665,2,0,25 40,0,130,,93671,2,0,25 40,0,165,,93670,2,0,25 40,0,185,,93672,2,0,25 40,0,108,,93669,2,0,25 40,0,130,,93667,2,0,25 40,0,167,,93673,2,0,25 40,0,130,,93674,2,0,25 40,0
5300,'5458',619,,93677,2,0,25 40,0,33,,93675,2,,,0,184,,93679,2,0,25 40,0,185,,93676,2,0,25 40,0,130,,93682,2,0,25 40,0,165,,93681,2,0,25 40,0,185,,93683,2,0,25 40,0,108,,93680,2,0,25 40,0,130,,93678,2,0,25 40,0,167,,93684,2,0,25 40,0,130,,93685,2,0,25 40,0
5300,'5459',701,,93686,2,0,25 40,0,200,,93690,2,0,25 40,0,210,,93691,2,0,25 40,0,210,,93692,2,0,25 40,0,210,,93689,2,0,25 40,0,210,,93687,2,0,25 40,0,206,,93688,2,0,25 40,0
5300,'5460',701,,93696,2,0,25 40,0,202,,93693,2,0,25 40,0,208,,93694,2,0,25 40,0,210,,93697,2,0,25 40,0,210,,93695,2,0,25 40,0,210,,93699,2,0,25 40,0,205,,93698,2,0,25 40,0
5300,'5461',701,,93703,2,0,25 40,0,202,,93700,2,0,25 40,0,208,,93701,2,0,25 40,0,210,,93704,2,0,25 40,0,210,,93702,2,0,25 40,0,210,,93706,2,0,25 40,0,205,,93705,2,0,25 40,0
5300,'5462',701,,93710,2,0,25 40,0,202,,93707,2,0,25 40,0,208,,93708,2,0,25 40,0,210,,93711,2,0,25 40,0,210,,93709,2,0,25 40,0,210,,93713,2,0,25 40,0,205,,93712,2,0,25 40,0
5300,'5463',701,,93717,2,0,25 40,0,202,,93714,2,0,25 40,0,208,,93715,2,0,25 40,0,210,,93718,2,0,25 40,0,210,,93716,2,0,25 40,0,210,,93720,2,0,25 40,0,205,,93719,2,0,25 40,0
6100,'5458',2619,,94915,36,4,,0
6100,'5459',2523,,94980,36,4,,0,99,,94981,36,4,,0
6100,'5460',2420,,95002,36,4,,0
6100,'5461',2420,,95023,36,4,,0
6100,'5462',2420,,95044,36,4,,0
6100,'5463',2420,,95065,36,4,,0
