3801,'5456',708,,92483,38,,,0,30,,92482,38,,,0,73,,92484,38,,,0,27,,92485,38,,,0,74,,92488,38,,,0,43,,92486,38,,,0,88,,102452,38,,,0,100,,92490,38,,,0,103,,102453,38,,,0,72,,92503,17,,,0,30,,92491,38,,,0,80,,92504,17,,,0,26,,92492,38,,,0,77,,92505,17,,,0,76,,92493,38,,,0,45,,92494,38,,,0,71,,92499,38,,,0,23,,92495,38,,,0,64,,92502,38,,,0,23,,92496,38,,,0,70,,92497,38,,,0,35,,92500,38,,,0,98,,92498,38,,,0,104,,92501,38,,,0
3801,'5458',708,,92507,38,,,0,30,,92506,38,,,0,73,,92508,38,,,0,27,,92509,38,,,0,74,,92512,38,,,0,43,,92510,38,,,0,88,,102454,38,,,0,100,,92514,38,,,0,103,,102455,38,,,0,72,,92527,17,,,0,30,,92515,38,,,0,80,,92528,17,,,0,26,,92516,38,,,0,77,,92529,17,,,0,76,,92517,38,,,0,45,,92518,38,,,0,71,,92523,38,,,0,23,,92519,38,,,0,64,,92526,38,,,0,23,,92520,38,,,0,70,,92521,38,,,0,35,,92524,38,,,0,98,,92522,38,,,0,104,,92525,38,,,0
4601,'5456',720,,93064,31,,,0,113,,93073,31,,,0,7,,102665,11,,,0,115,,93063,31,,,0,93,,93072,31,,,0,385,,102663,31,,,0,172,,93065,31,,,0,30,,102664,31,,,0,80,,93066,31,,,0,34,,93067,31,,,0,65,,102662,31,,,0,89,,93071,31,,,0
4601,'5458',720,,93076,31,,,0,113,,93085,31,,,0,7,,102669,11,,,0,115,,93075,31,,,0,93,,93084,31,,,0,385,,102667,31,,,0,172,,93077,31,,,0,30,,102668,31,,,0,80,,93078,31,,,0,34,,93079,31,,,0,65,,102666,31,,,0,89,,93083,31,,,0
4800,'5456',611,,102672,2,,,0,23,,102673,2,,,0,25,,102674,2,,,0
4800,'5458',611,,102675,2,,,0,23,,102676,2,,,0,25,,102677,2,,,0
5200,'5456',502,,102692,17,,,0,31,,102696,17,,,0,70,,102694,17,,,0,20,,102705,17,,,0,19,,102693,17,,,0,63,,102722,17,,,0,28,,102695,17,,,0,23,,93252,17,,,0,50,,102697,17,,,0,17,,93253,17,,,0,10,,102704,17,,,0,70,,102698,17,,,0,32,,102718,17,,,0,65,,102699,17,,,0,30,,102700,17,,,0,75,,102701,17,,,0,31,,102719,17,,,0,71,,102702,17,,,0,30,,102703,17,,,0,76,,102706,17,,,0,34,,102720,17,,,0,73,,102707,17,,,0,31,,102708,17,,,0,73,,102723,17,,,0,31,,102709,17,,,0,71,,102721,17,,,0,28,,102710,17,,,0,70,,102711,17,,,0,32,,102724,17,,,0,70,,102712,17,,,0,74,,102713,17,,,0,30,,102714,17,,,0,29,,102725,17,,,0,67,,102715,17,,,0,32,,102716,17,,,0,96,,102727,17,,,0,99,,102717,17,,,0,103,,102726,17,,,0
5200,'5458',502,,102728,17,,,0,31,,102732,17,,,0,70,,102730,17,,,0,20,,102741,17,,,0,19,,102729,17,,,0,63,,102758,17,,,0,28,,102731,17,,,0,23,,93291,17,,,0,50,,102733,17,,,0,17,,93292,17,,,0,10,,102740,17,,,0,70,,102734,17,,,0,32,,102754,17,,,0,65,,102735,17,,,0,30,,102736,17,,,0,75,,102737,17,,,0,31,,102755,17,,,0,71,,102738,17,,,0,30,,102739,17,,,0,76,,102742,17,,,0,34,,102756,17,,,0,73,,102743,17,,,0,31,,102744,17,,,0,73,,102759,17,,,0,31,,102745,17,,,0,71,,102757,17,,,0,28,,102746,17,,,0,70,,102747,17,,,0,32,,102760,17,,,0,70,,102748,17,,,0,74,,102749,17,,,0,30,,102750,17,,,0,29,,102761,17,,,0,67,,102751,17,,,0,32,,102752,17,,,0,96,,102763,17,,,0,99,,102753,17,,,0,103,,102762,17,,,0
5200,'5459',635,,102781,17,,,0,70,,102780,17,,,0,41,,102775,17,,,0,74,,102783,17,,,0,30,,102778,17,,,0,73,,102764,17,,,0,30,,102771,17,,,0,70,,102790,17,,,0,31,,102769,17,,,0,74,,102766,17,,,0,72,,102772,17,,,0,32,,102792,17,,,0,75,,102767,17,,,0,33,,102765,17,,,0,76,,102774,17,,,0,26,,102791,17,,,0,74,,102770,17,,,0,32,,102777,17,,,0,75,,102773,17,,,0,29,,102788,17,,,0,70,,102768,17,,,0,30,,102779,17,,,0,62,,102785,17,,,0,25,,102776,17,,,0,64,,102784,17,,,0,24,,102787,17,,,0,29,,102786,17,,,0,68,,102782,17,,,0,30,,102789,17,,,0,100,,102793,17,,,0,94,,102794,17,,,0,109,,102795,17,,,0
5200,'5460',705,,102817,17,,,0,32,,102799,17,,,0,80,,102802,17,,,0,31,,102816,17,,,0,72,,102810,17,,,0,31,,102798,17,,,0,71,,102801,17,,,0,31,,102812,17,,,0,71,,102806,17,,,0,31,,102797,17,,,0,73,,102800,17,,,0,30,,102815,17,,,0,71,,102808,17,,,0,78,,102796,17,,,0,29,,102804,17,,,0,74,,102814,17,,,0,35,,102807,17,,,0,73,,102823,17,,,0,29,,102803,17,,,0,70,,102813,17,,,0,28,,102809,17,,,0,70,,102811,17,,,0,29,,102805,17,,,0,69,,102819,17,,,0,39,,102818,17,,,0,100,,102820,17,,,0,98,,102822,17,,,0,108,,102821,17,,,0
5200,'5461',705,,102845,17,,,0,32,,102827,17,,,0,80,,102830,17,,,0,31,,102844,17,,,0,72,,102838,17,,,0,31,,105838,17,,,0,71,,102829,17,,,0,31,,102840,17,,,0,71,,102834,17,,,0,31,,105837,17,,,0,73,,102828,17,,,0,30,,102843,17,,,0,71,,102836,17,,,0,78,,105836,17,,,0,29,,102832,17,,,0,74,,102842,17,,,0,35,,102835,17,,,0,73,,105840,17,,,0,29,,102831,17,,,0,70,,102841,17,,,0,28,,102837,17,,,0,70,,105839,17,,,0,29,,102833,17,,,0,69,,102847,17,,,0,39,,102846,17,,,0,100,,102848,17,,,0,98,,102850,17,,,0,108,,102849,17,,,0
5200,'5462',705,,102873,17,,,0,32,,102855,17,,,0,80,,102858,17,,,0,31,,102872,17,,,0,72,,102866,17,,,0,31,,105843,17,,,0,71,,102857,17,,,0,31,,102868,17,,,0,71,,102862,17,,,0,31,,105842,17,,,0,73,,102856,17,,,0,30,,102871,17,,,0,71,,102864,17,,,0,78,,105841,17,,,0,29,,102860,17,,,0,74,,102870,17,,,0,35,,102863,17,,,0,73,,105845,17,,,0,29,,102859,17,,,0,70,,102869,17,,,0,28,,102865,17,,,0,70,,105844,17,,,0,29,,102861,17,,,0,69,,102875,17,,,0,39,,102874,17,,,0,100,,102876,17,,,0,98,,102878,17,,,0,108,,102877,17,,,0
5200,'5463',705,,102901,17,,,0,32,,102883,17,,,0,80,,102886,17,,,0,31,,102900,17,,,0,72,,102894,17,,,0,31,,105848,17,,,0,71,,102885,17,,,0,31,,102896,17,,,0,71,,102890,17,,,0,31,,105847,17,,,0,73,,102884,17,,,0,30,,102899,17,,,0,71,,102892,17,,,0,78,,105846,17,,,0,29,,102888,17,,,0,74,,102898,17,,,0,35,,102891,17,,,0,73,,105850,17,,,0,29,,102887,17,,,0,70,,102897,17,,,0,28,,102893,17,,,0,70,,105849,17,,,0,29,,102889,17,,,0,69,,102903,17,,,0,39,,102902,17,,,0,100,,102904,17,,,0,98,,102906,17,,,0,108,,102905,17,,,0
5301,'5456',817,,103139,40,,,0,115,,93722,40,,,0,199,,93721,40,,,0,122,,93726,31,,,0,173,,93727,31,,,0,193,,103140,31,,,0,101,,103137,50,,,0,129,,103138,31,,,0,167,,103141,31,,,0,130,,103142,31,,,0
5301,'5458',817,,103145,40,,,0,115,,93732,40,,,0,199,,93731,40,,,0,122,,93736,31,,,0,173,,93737,31,,,0,193,,103146,31,,,0,101,,103143,50,,,0,129,,103144,31,,,0,167,,103147,31,,,0,130,,103148,31,,,0
5301,'5459',805,,93746,40,,,0,201,,93747,40,,,0,214,,93745,40,,,0,209,,93742,31,,,0,211,,93743,31,,,0,209,,93744,31,,,0,201,,93741,31,,,0
5301,'5460',805,,93751,40,,,0,200,,93748,40,,,0,213,,93749,40,,,0,211,,93752,31,,,0,209,,93750,31,,,0,210,,93753,31,,,0,202,,93754,31,,,0
5301,'5461',805,,103149,40,,,0,200,,93755,40,,,0,213,,93756,40,,,0,211,,93759,31,,,0,209,,93757,31,,,0,210,,93760,31,,,0,202,,93761,31,,,0
5301,'5462',805,,103150,40,,,0,200,,93762,40,,,0,213,,93763,40,,,0,211,,93766,31,,,0,209,,93764,31,,,0,210,,93767,31,,,0,202,,93768,31,,,0
5301,'5463',805,,103151,40,,,0,200,,93769,40,,,0,213,,93770,40,,,0,211,,93773,31,,,0,209,,93771,31,,,0,210,,93774,31,,,0,202,,93775,31,,,0
5401,'5456',531,,103169,2,,,0,127,,93835,2,,,0,170,,93834,2,,,0,218,,93833,2,,,0,198,,103170,2,,,0,170,,103171,2,,,0,102,,93840,2,,,0,187,,93838,2,,,0,153,,103172,2,,,0,200,,93839,2,,,0
5401,'5458',531,,103173,2,,,0,127,,93845,2,,,0,170,,93844,2,,,0,218,,93843,2,,,0,198,,103174,2,,,0,170,,103175,2,,,0,102,,93850,2,,,0,187,,93848,2,,,0,153,,103176,2,,,0,200,,93849,2,,,0
5401,'5459',726,,93857,2,,,0,200,,93854,2,,,0,210,,93855,2,,,0,205,,93856,2,,,0,210,,93853,2,,,0,250,,93852,2,,,0,225,,93851,2,,,0
5401,'5460',726,,93860,2,,,0,200,,93861,2,,,0,210,,103177,2,,,0,205,,93859,2,,,0,210,,93862,2,,,0,250,,93864,2,,,0,225,,93863,2,,,0
5401,'5461',726,,93867,2,,,0,200,,93868,2,,,0,210,,103178,2,,,0,205,,93866,2,,,0,210,,103179,2,,,0,250,,93871,2,,,0,225,,93870,2,,,0
5401,'5462',726,,93874,2,,,0,200,,93875,2,,,0,210,,103180,2,,,0,205,,93873,2,,,0,210,,103181,2,,,0,250,,93878,2,,,0,225,,93877,2,,,0
5401,'5463',726,,93881,2,,,0,200,,93882,2,,,0,210,,103182,2,,,0,205,,93880,2,,,0,210,,103183,2,,,0,250,,93885,2,,,0,225,,93884,2,,,0
5501,'5456',628,,103200,2,,,0,128,,103199,2,,,0,245,,93941,2,,,0,135,,103201,2,,,0,200,,103203,2,,,0,105,,93946,2,,,0,195,,103204,2,,,0,195,,93949,2,,,0,195,,103202,2,,,0
5501,'5458',628,,103206,2,,,0,128,,103205,2,,,0,245,,93950,2,,,0,135,,103207,2,,,0,200,,103209,2,,,0,105,,93955,2,,,0,195,,103210,2,,,0,195,,93958,2,,,0,195,,103208,2,,,0
5501,'5459',831,,93964,2,,,0,210,,93961,2,,,0,205,,93962,2,,,0,205,,93963,2,,,0,250,,93959,2,,,0,205,,93960,2,,,0
5501,'5460',831,,103211,2,,,0,210,,93967,2,,,0,205,,93968,2,,,0,205,,93966,2,,,0,250,,93970,2,,,0,205,,93969,2,,,0
5501,'5461',831,,103212,2,,,0,210,,93973,2,,,0,205,,93974,2,,,0,205,,93972,2,,,0,250,,93976,2,,,0,205,,93975,2,,,0
5501,'5462',831,,103213,2,,,0,210,,93979,2,,,0,205,,93980,2,,,0,205,,93978,2,,,0,250,,93982,2,,,0,205,,93981,2,,,0
5501,'5463',831,,103214,2,,,0,210,,93985,2,,,0,205,,93986,2,,,0,205,,93984,2,,,0,250,,93988,2,,,0,205,,93987,2,,,0
5701,'5456',614,,94106,26,,,0,90,,94109,26,,,0,46,,94119,26,,,0,81,,94125,26,,,0,10,,94111,26,,,0,80,,94108,26,,,0,87,,103227,26,,,0,45,,94110,26,,,0,85,,103228,26,,,0,85,,94113,26,,,0,86,,103229,26,,,0,45,,103230,26,,,0,91,,103231,26,,,0,101,,103232,26,,,0,73,,94127,26,,,0,81,,94117,26,,,0,45,,94118,26,,,0,85,,94120,26,,,0,88,,94121,26,,,0,99,,94122,26,,,0,114,,94123,26,,,0,110,,94124,26,,,0
5701,'5458',614,,94128,26,,,0,90,,94131,26,,,0,46,,94141,26,,,0,81,,94147,26,,,0,10,,94133,26,,,0,80,,94130,26,,,0,87,,103233,26,,,0,45,,94132,26,,,0,85,,103234,26,,,0,85,,94135,26,,,0,86,,103235,26,,,0,45,,103236,26,,,0,91,,103237,26,,,0,101,,103238,26,,,0,73,,94149,26,,,0,81,,94139,26,,,0,45,,94140,26,,,0,85,,94142,26,,,0,88,,94143,26,,,0,99,,94144,26,,,0,114,,94145,26,,,0,110,,94146,26,,,0
5701,'5459',640,,94161,26,,,0,108,,94151,26,,,0,97,,94162,26,,,0,105,,94165,26,,,0,104,,94163,26,,,0,147,,94164,26,,,0,110,,94150,26,,,0,100,,94156,26,,,0,110,,94160,26,,,0,101,,94157,26,,,0,108,,94152,26,,,0,90,,94154,26,,,0,112,,94158,26,,,0,99,,94159,26,,,0,99,,94155,26,,,0,113,,94153,26,,,0
5701,'5460',748,,94169,26,,,0,99,,94166,26,,,0,105,,94168,26,,,0,101,,94167,26,,,0,147,,94170,26,,,0,110,,94173,26,,,0,100,,94171,26,,,0,110,,94174,26,,,0,100,,94172,26,,,0,109,,94178,26,,,0,90,,94180,26,,,0,112,,94179,26,,,0,100,,94177,26,,,0,99,,94176,26,,,0,84,,94175,26,,,0
5701,'5461',748,,94184,26,,,0,99,,94181,26,,,0,105,,94183,26,,,0,101,,94182,26,,,0,147,,94185,26,,,0,110,,94188,26,,,0,100,,94186,26,,,0,110,,94189,26,,,0,100,,94187,26,,,0,109,,94193,26,,,0,90,,94195,26,,,0,112,,94194,26,,,0,100,,94192,26,,,0,99,,94191,26,,,0,84,,94190,26,,,0
5701,'5462',748,,94199,26,,,0,99,,94196,26,,,0,105,,94198,26,,,0,101,,94197,26,,,0,147,,94200,26,,,0,110,,94203,26,,,0,100,,94201,26,,,0,110,,94204,26,,,0,100,,94202,26,,,0,109,,94208,26,,,0,90,,94210,26,,,0,112,,94209,26,,,0,100,,94207,26,,,0,99,,94206,26,,,0,84,,94205,26,,,0
5701,'5463',748,,94214,26,,,0,99,,94211,26,,,0,105,,94213,26,,,0,101,,94212,26,,,0,147,,94215,26,,,0,110,,94218,26,,,0,100,,94216,26,,,0,110,,94219,26,,,0,100,,94217,26,,,0,109,,94223,26,,,0,90,,94225,26,,,0,112,,94224,26,,,0,100,,94222,26,,,0,99,,94221,26,,,0,84,,94220,26,,,0
5801,'5456',613,,94355,2,,,0,30,,94354,2,,,0,77,,94349,2,,,0,38,,94347,2,,,0,60,,94356,2,,,0,19,,94367,2,0,41 14,0,17,,94346,2,,,0,85,,94348,2,,,0,87,,103261,2,,,0,85,,94351,2,,,0,45,,103262,2,,,0,85,,94353,2,,,0,86,,94357,2,,,0,85,,94358,2,,,0,19,,94368,2,,,0,25,,94359,2,,,0,56,,94369,2,,,0,25,,94360,2,,,0,93,,94361,2,,,0,88,,94362,2,,,0,86,,94363,2,,,0,46,,94370,2,,,0,186,,94364,2,,,0,110,,103263,2,,,0,110,,94366,2,,,0
5801,'5458',613,,94380,2,,,0,30,,94379,2,,,0,77,,94374,2,,,0,38,,94372,2,,,0,60,,94381,2,,,0,19,,94392,2,0,41 14,0,17,,94371,2,,,0,85,,94373,2,,,0,87,,103264,2,,,0,85,,94376,2,,,0,45,,103265,2,,,0,85,,94378,2,,,0,86,,94382,2,,,0,85,,94383,2,,,0,19,,94393,2,,,0,25,,94384,2,,,0,56,,94394,2,,,0,25,,94385,2,,,0,93,,94386,2,,,0,88,,94387,2,,,0,86,,94388,2,,,0,46,,94395,2,,,0,186,,94389,2,,,0,110,,103266,2,,,0,110,,94391,2,,,0
5801,'5459',646,,94408,2,,,0,100,,94409,2,,,0,100,,94410,2,,,0,105,,94411,2,,,0,105,,94407,2,,,0,145,,94406,2,,,0,100,,94405,2,,,0,110,,94404,2,,,0,100,,94402,2,,,0,110,,94403,2,,,0,100,,94397,2,,,0,105,,94398,2,,,0,100,,94399,2,,,0,105,,94400,2,,,0,115,,94401,2,,,0,110,,94396,2,,,0
5801,'5460',746,,103267,2,,,0,100,,94418,2,,,0,105,,103268,2,,,0,105,,103270,2,,,0,145,,94414,2,,,0,100,,103269,2,,,0,110,,94413,2,,,0,100,,94420,2,,,0,110,,94415,2,,,0,100,,94423,2,,,0,105,,94422,2,,,0,100,,94424,2,,,0,105,,94425,2,,,0,200,,94421,2,,,0
5801,'5461',746,,94426,2,,,0,100,,94432,2,,,0,105,,103271,2,,,0,105,,103272,2,,,0,145,,94428,2,,,0,100,,94431,2,,,0,110,,94427,2,,,0,100,,103273,2,,,0,110,,94429,2,,,0,100,,94437,2,,,0,105,,94436,2,,,0,100,,94438,2,,,0,105,,103274,2,,,0,200,,94435,2,,,0
5801,'5462',746,,94440,2,,,0,100,,94446,2,,,0,105,,103275,2,,,0,105,,103276,2,,,0,145,,94442,2,,,0,100,,94445,2,,,0,110,,94441,2,,,0,100,,103277,2,,,0,110,,94443,2,,,0,100,,94451,2,,,0,105,,94450,2,,,0,100,,94452,2,,,0,105,,103278,2,,,0,200,,94449,2,,,0
5801,'5463',746,,94454,2,,,0,100,,94460,2,,,0,105,,103279,2,,,0,105,,103280,2,,,0,145,,94456,2,,,0,100,,94459,2,,,0,110,,94455,2,,,0,100,,103281,2,,,0,110,,94457,2,,,0,100,,94465,2,,,0,105,,94464,2,,,0,100,,94466,2,,,0,105,,103282,2,,,0,200,,94463,2,,,0
5901,'5456',648,,94570,2,,,0,69,,94573,2,,,0,96,,94587,2,,,0,3,,94578,2,,,0,107,,103285,2,,,0,101,,103284,2,,,0,97,,94571,2,,,0,103,,94572,2,,,0,102,,94574,2,,,0,105,,94575,2,,,0,96,,94581,2,,,0,87,,94582,2,,,0,45,,94576,2,,,0,83,,94584,2,,,0,81,,94583,2,,,0,105,,94585,2,,,0,105,,94586,2,,,0,114,,94580,2,,,0
5901,'5458',648,,94588,2,,,0,69,,94591,2,,,0,96,,94605,2,,,0,3,,94596,2,,,0,107,,103287,2,,,0,101,,103286,2,,,0,97,,94589,2,,,0,103,,94590,2,,,0,102,,94592,2,,,0,105,,94593,2,,,0,96,,94599,2,,,0,87,,94600,2,,,0,45,,94594,2,,,0,83,,94602,2,,,0,81,,94601,2,,,0,105,,94603,2,,,0,105,,94604,2,,,0,114,,94598,2,,,0
5901,'5459',651,,94617,2,,,0,100,,94618,2,,,0,100,,94619,2,,,0,100,,94615,2,,,0,105,,94616,2,,,0,145,,94614,2,,,0,105,,94613,2,,,0,105,,94612,2,,,0,105,,94611,2,,,0,102,,94610,2,,,0,103,,94609,2,,,0,105,,94608,2,,,0,105,,94607,2,,,0,120,,94606,2,,,0
5901,'5460',751,,94621,2,,,0,100,,94620,2,,,0,100,,94622,2,,,0,105,,94624,2,,,0,145,,94623,2,,,0,105,,94627,2,,,0,105,,94628,2,,,0,105,,94626,2,,,0,102,,94625,2,,,0,103,,94631,2,,,0,105,,94630,2,,,0,105,,94632,2,,,0,120,,94629,2,,,0
5901,'5461',751,,94635,2,,,0,100,,94634,2,,,0,100,,94633,2,,,0,105,,94637,2,,,0,145,,94636,2,,,0,105,,103288,2,,,0,105,,103289,2,,,0,105,,94639,2,,,0,102,,94638,2,,,0,103,,103291,2,,,0,105,,103290,2,,,0,105,,103292,2,,,0,120,,94642,2,,,0
5901,'5462',751,,94647,2,,,0,100,,94646,2,,,0,100,,94648,2,,,0,105,,94650,2,,,0,145,,94649,2,,,0,105,,103293,2,,,0,105,,103294,2,,,0,105,,94652,2,,,0,102,,94651,2,,,0,103,,103296,2,,,0,105,,103295,2,,,0,105,,103297,2,,,0,120,,94655,2,,,0
5901,'5463',751,,94660,2,,,0,100,,94659,2,,,0,100,,94661,2,,,0,105,,94663,2,,,0,145,,94662,2,,,0,105,,103298,2,,,0,105,,103299,2,,,0,105,,94665,2,,,0,102,,94664,2,,,0,103,,103301,2,,,0,105,,103300,2,,,0,105,,103302,2,,,0,120,,94668,2,,,0
6001,'5456',710,,94779,2,0,28 37 14,0,37,,94776,2,0,28 37 14,0,72,,94778,2,0,28 37 14,0,40,,94777,2,0,28 37 14,0,93,,94783,2,0,28 37 14,0,101,,94784,2,0,28 37 14,0,101,,94785,2,0,28 37 14,0,102,,94786,2,0,28 37 14,0,150,,94782,2,0,28 37 14,0,97,,94780,2,0,28 37 14,0,50,,94781,2,0,28 37 14,0,85,,94793,2,0,28 37 14,0,82,,94792,2,0,28 37 14,0,85,,94787,2,0,28 37 14,0,100,,94788,2,0,28 37 14,0,100,,94789,2,0,28 37 14,0,110,,94790,2,0,28 37 14,0,107,,103322,2,0,28 37 14,0
6001,'5458',710,,94797,2,0,28 37 14,0,37,,94794,2,0,28 37 14,0,72,,94796,2,0,28 37 14,0,40,,94795,2,0,28 37 14,0,93,,94801,2,0,28 37 14,0,101,,94802,2,0,28 37 14,0,101,,94803,2,0,28 37 14,0,102,,94804,2,0,28 37 14,0,150,,94800,2,0,28 37 14,0,97,,94798,2,0,28 37 14,0,50,,94799,2,0,28 37 14,0,85,,94811,2,0,28 37 14,0,82,,94810,2,0,28 37 14,0,85,,94805,2,0,28 37 14,0,100,,94806,2,0,28 37 14,0,100,,94807,2,0,28 37 14,0,110,,94808,2,0,28 37 14,0,107,,103323,2,0,28 37 14,0
6001,'5459',721,,94823,2,0,28 37 14,0,100,,94824,2,0,28 37 14,0,100,,94825,2,0,28 37 14,0,100,,94822,2,0,28 37 14,0,105,,94821,2,0,28 37 14,0,105,,94820,2,0,28 37 14,0,105,,94819,2,0,28 37 14,0,105,,94818,2,0,28 37 14,0,105,,94817,2,0,28 37 14,0,105,,94816,2,0,28 37 14,0,105,,94815,2,0,28 37 14,0,145,,94814,2,0,28 37 14,0,105,,94813,2,0,28 37 14,0,107,,94812,2,0,28 37 14,0
6001,'5460',821,,94827,2,0,28 37 14,0,100,,94828,2,0,28 37 14,0,100,,94829,2,0,28 37 14,0,105,,94826,2,0,28 37 14,0,105,,94832,2,0,28 37 14,0,105,,103324,2,0,28 37 14,0,105,,94831,2,0,28 37 14,0,105,,94830,2,0,28 37 14,0,105,,94835,2,0,28 37 14,0,105,,94836,2,0,28 37 14,0,145,,94834,2,0,28 37 14,0,105,,94838,2,0,28 37 14,0,107,,94837,2,0,28 37 14,0
6001,'5461',821,,94840,2,0,28 37 14,0,100,,94841,2,0,28 37 14,0,100,,94842,2,0,28 37 14,0,105,,94839,2,0,28 37 14,0,105,,94845,2,0,28 37 14,0,105,,94846,2,0,28 37 14,0,105,,94844,2,0,28 37 14,0,105,,94843,2,0,28 37 14,0,105,,94848,2,0,28 37 14,0,105,,94849,2,0,28 37 14,0,145,,94847,2,0,28 37 14,0,105,,94851,2,0,28 37 14,0,107,,103325,2,0,28 37 14,0
6001,'5462',821,,94853,2,0,28 37 14,0,100,,94854,2,0,28 37 14,0,100,,94855,2,0,28 37 14,0,105,,94852,2,0,28 37 14,0,105,,94858,2,0,28 37 14,0,105,,94859,2,0,28 37 14,0,105,,94857,2,0,28 37 14,0,105,,94856,2,0,28 37 14,0,105,,94861,2,0,28 37 14,0,105,,94862,2,0,28 37 14,0,145,,94860,2,0,28 37 14,0,105,,94864,2,0,28 37 14,0,107,,103326,2,0,28 37 14,0
6001,'5463',821,,94866,2,0,28 37 14,0,100,,94867,2,0,28 37 14,0,100,,94868,2,0,28 37 14,0,105,,94865,2,0,28 37 14,0,105,,94871,2,0,28 37 14,0,105,,94872,2,0,28 37 14,0,105,,94870,2,0,28 37 14,0,105,,94869,2,0,28 37 14,0,105,,94874,2,0,28 37 14,0,105,,94875,2,0,28 37 14,0,145,,94873,2,0,28 37 14,0,105,,94877,2,0,28 37 14,0,107,,103327,2,0,28 37 14,0
6101,'5456',518,,95096,2,,,0,28,,95094,2,,,0,67,,95089,2,,,0,26,,95088,2,,,0,77,,95099,2,,,0,37,,95095,2,,,0,79,,95090,2,,,0,26,,95100,2,,,0,74,,95085,2,,,0,88,,95092,2,,,0,37,,95098,2,,,0,76,,95086,2,,,0,77,,95091,2,,,0,37,,95097,2,,,0,65,,95084,2,,,0,37,,95093,2,,,0,71,,95082,2,,,0,30,,95080,2,,,0,72,,95079,2,,,0,83,,95075,2,,,0,240,,95077,2,,,0,70,,103351,2,,,0,86,,95068,2,,,0,49,,103352,2,,,0,98,,103349,2,,,0,86,,95073,2,,,0,97,,103350,2,,,0,86,,95072,2,,,0
6101,'5458',518,,95133,2,,,0,28,,95131,2,,,0,67,,95126,2,,,0,26,,95125,2,,,0,77,,95136,2,,,0,37,,95132,2,,,0,79,,95127,2,,,0,26,,95137,2,,,0,74,,95122,2,,,0,88,,95129,2,,,0,37,,95135,2,,,0,76,,95123,2,,,0,77,,95128,2,,,0,37,,95134,2,,,0,65,,95121,2,,,0,37,,95130,2,,,0,71,,95118,2,,,0,30,,95117,2,,,0,72,,95116,2,,,0,83,,95112,2,,,0,240,,95114,2,,,0,70,,103358,2,,,0,86,,95105,2,,,0,49,,103359,2,,,0,98,,103356,2,,,0,86,,95110,2,,,0,97,,103357,2,,,0,86,,95109,2,,,0,99,,103355,2,,,0
6101,'5459',550,,95139,1,,,0,96,,95140,2,,,0,78,,95141,2,,,0,100,,95142,2,,,0,83,,95143,2,,,0,49,,95144,2,,,0,71,,103362,2,,,0,86,,95146,2,,,0,32,,95147,2,,,0,72,,103363,2,,,0,83,,95149,2,,,0,38,,95150,2,,,0,76,,103364,2,,,0,36,,95152,2,,,0,66,,95153,2,,,0,36,,95154,2,,,0,77,,95155,2,,,0,74,,95156,2,,,0,34,,95157,2,,,0,76,,95158,2,,,0,36,,95159,2,,,0,76,,95160,2,,,0,81,,95161,2,,,0,43,,95162,2,,,0,98,,95163,2,,,0,87,,95164,2,,,0,99,,95165,2,,,0,84,,95166,2,,,0,101,,95167,2,,,0
6101,'5460',555,,95170,1,,,0,102,,95168,1,,,0,74,,95171,2,,,0,89,,95169,2,,,0,93,,95172,2,,,0,46,,95173,2,,,0,87,,95174,2,,,0,86,,95175,2,,,0,102,,95176,2,,,0,86,,95177,2,,,0,101,,95178,2,,,0,85,,95179,2,,,0,100,,95180,2,,,0,41,,95181,2,,,0,100,,95182,2,,,0,90,,95183,2,,,0,97,,95184,2,,,0,100,,95185,2,,,0,82,,95186,2,,,0,100,,95187,2,,,0,96,,95188,2,,,0
6101,'5461',555,,103365,1,,,0,102,,95189,1,,,0,74,,95192,2,,,0,89,,95190,2,,,0,93,,95193,2,,,0,46,,95194,2,,,0,87,,95195,2,,,0,86,,95196,2,,,0,102,,95197,2,,,0,86,,95198,2,,,0,101,,95199,2,,,0,85,,95200,2,,,0,100,,95201,2,,,0,41,,95202,2,,,0,100,,95203,2,,,0,90,,95204,2,,,0,97,,95205,2,,,0,100,,95206,2,,,0,82,,95207,2,,,0,100,,95208,2,,,0,96,,95209,2,,,0
6101,'5462',555,,103366,1,,,0,102,,95210,1,,,0,74,,95213,2,,,0,89,,95211,2,,,0,93,,95214,2,,,0,46,,95215,2,,,0,87,,95216,2,,,0,86,,95217,2,,,0,102,,95218,2,,,0,86,,95219,2,,,0,101,,95220,2,,,0,85,,95221,2,,,0,100,,95222,2,,,0,41,,95223,2,,,0,100,,95224,2,,,0,90,,95225,2,,,0,97,,95226,2,,,0,100,,95227,2,,,0,82,,95228,2,,,0,100,,95229,2,,,0,96,,95230,2,,,0
6101,'5463',555,,103367,1,,,0,102,,95231,1,,,0,74,,95234,2,,,0,89,,95232,2,,,0,93,,95235,2,,,0,46,,95236,2,,,0,87,,95237,2,,,0,86,,95238,2,,,0,102,,95239,2,,,0,86,,95240,2,,,0,101,,95241,2,,,0,85,,95242,2,,,0,100,,95243,2,,,0,41,,95244,2,,,0,100,,95245,2,,,0,90,,95246,2,,,0,97,,95247,2,,,0,100,,95248,2,,,0,82,,95249,2,,,0,100,,95250,2,,,0,96,,95251,2,,,0
6401,'5456',636,,103379,2,,,0,577,,95275,2,,,0,500,,103380,2,0,34 35 36,0
6401,'5458',636,,103383,2,,,0,577,,95282,2,,,0,500,,103384,2,0,34 35 36,0
9501,'5456',513,,97387,9,0,15,0,25,,105008,23,0,15,0,67,,105009,23,0,15,0,21,,105010,23,0,15,0,15,,105011,23,0,15,0,12,,105015,23,0,15,0,54,,105014,23,0,15,0,12,,105017,23,0,15,0,12,,105012,23,0,15,0,13,,105024,23,0,15,0,13,,105026,23,0,15,0,54,,105025,23,0,15,0,12,,105016,23,0,15,0,13,,105023,23,0,15,0,13,,105022,23,0,15,0,51,,105013,23,0,15,0,12,,105018,23,0,15,0,11,,105021,23,0,15,0,12,,105020,23,0,15,0,12,,105019,23,0,15,0,12,,105027,23,0,15,0,52,,105041,23,0,15,0,12,,105031,23,0,15,0,12,,105040,23,0,15,0,13,,105045,23,0,15,0,52,,105029,23,0,15,0,11,,105042,23,0,15,0,13,,105037,23,0,15,0,12,,105039,23,0,15,0,13,,105034,23,0,15,0,52,,105044,23,0,15,0,13,,105035,23,0,15,0,12,,105030,23,0,15,0,12,,105036,23,0,15,0,12,,105032,23,0,15,0,52,,105028,23,0,15,0,12,,105043,23,0,15,0,11,,105033,23,0,15,0,12,,105038,23,0,15,0,10,,97466,23,0,15,0,10,,105055,23,0,15,0,50,,105059,23,0,15,0,10,,105054,23,0,15,0,11,,105047,23,0,15,0,10,,105090,23,0,15,0,10,,105053,23,0,15,0,11,,105048,23,0,15,0,52,,97467,23,0,15,0,11,,105058,23,0,15,0,11,,105051,23,0,15,0,10,,105052,23,0,15,0,11,,105057,23,0,15,0,51,,97464,23,0,15,0,10,,105056,23,0,15,0,10,,105060,23,0,15,0,10,,105049,23,0,15,0,9,,105092,23,0,15,0,8,,105046,23,0,15,0,48,,105087,23,0,15,0,8,,105050,23,0,15,0,8,,105097,23,0,15,0,8,,105062,23,0,15,0,8,,97468,23,0,15,0,7,,105074,23,0,15,0,6,,97482,23,0,15,0,1,,105067,23,0,15,0,5,,97465,23,0,15,0,7,,105066,23,0,15,0,48,,105072,23,0,15,0,8,,97481,23,0,15,0,9,,105070,23,0,15,0,7,,105069,23,0,15,0,7,,105076,23,0,15,0,10,,105064,23,0,15,0,10,,105091,23,0,15,0,49,,105089,23,0,15,0,11,,105096,23,0,15,0,12,,105061,23,0,15,0,12,,105068,23,0,15,0,11,,105065,23,0,15,0,51,,105073,23,0,15,0,12,,105071,23,0,15,0,12,,105075,23,0,15,0,14,,105063,23,0,15,0,14,,105088,23,0,15,0,55,,105095,23,0,15,0,15,,105081,23,0,15,0,15,,105080,23,0,15,0,15,,105082,23,0,15,0,55,,105084,23,0,15,0,14,,105078,23,0,15,0,19,,105086,23,0,15,0,60,,105093,23,0,15,0,18,,105079,23,0,15,0,20,,105083,23,0,15,0,66,,105077,23,0,15,0,29,,105094,23,0,15,0,70,,105085,23,0,15,0
9501,'5458',513,,97485,9,0,15,0,25,,105098,23,0,15,0,67,,105099,23,0,15,0,21,,105100,23,0,15,0,15,,105101,23,0,15,0,12,,105105,23,0,15,0,54,,105104,23,0,15,0,12,,105107,23,0,15,0,12,,105102,23,0,15,0,13,,105114,23,0,15,0,13,,105116,23,0,15,0,54,,105115,23,0,15,0,12,,105106,23,0,15,0,13,,105113,23,0,15,0,13,,105112,23,0,15,0,51,,105103,23,0,15,0,12,,105108,23,0,15,0,11,,105111,23,0,15,0,12,,105110,23,0,15,0,12,,105109,23,0,15,0,12,,105117,23,0,15,0,52,,105131,23,0,15,0,12,,105121,23,0,15,0,12,,105130,23,0,15,0,13,,105135,23,0,15,0,52,,105119,23,0,15,0,11,,105132,23,0,15,0,13,,105127,23,0,15,0,12,,105129,23,0,15,0,13,,105124,23,0,15,0,52,,105134,23,0,15,0,13,,105125,23,0,15,0,12,,105120,23,0,15,0,12,,105126,23,0,15,0,12,,105122,23,0,15,0,52,,105118,23,0,15,0,12,,105133,23,0,15,0,11,,105123,23,0,15,0,12,,105128,23,0,15,0,10,,97565,23,0,15,0,10,,105145,23,0,15,0,50,,105149,23,0,15,0,10,,105144,23,0,15,0,11,,105137,23,0,15,0,10,,105181,23,0,15,0,10,,105143,23,0,15,0,11,,105138,23,0,15,0,52,,97566,23,0,15,0,11,,105148,23,0,15,0,11,,105141,23,0,15,0,10,,105142,23,0,15,0,11,,105147,23,0,15,0,51,,97563,23,0,15,0,10,,105146,23,0,15,0,10,,105150,23,0,15,0,10,,105139,23,0,15,0,9,,105183,23,0,15,0,8,,105136,23,0,15,0,48,,105178,23,0,15,0,8,,105140,23,0,15,0,8,,105188,23,0,15,0,8,,105152,23,0,15,0,8,,97567,23,0,15,0,7,,105164,23,0,15,0,6,,97584,23,0,15,0,1,,105157,23,0,15,0,5,,97564,23,0,15,0,7,,105156,23,0,15,0,48,,105162,23,0,15,0,8,,97580,23,0,15,0,9,,105160,23,0,15,0,7,,105159,23,0,15,0,7,,105166,23,0,15,0,10,,105154,23,0,15,0,10,,105182,23,0,15,0,49,,105180,23,0,15,0,11,,105187,23,0,15,0,12,,105151,23,0,15,0,12,,105158,23,0,15,0,11,,105155,23,0,15,0,51,,105163,23,0,15,0,12,,105161,23,0,15,0,12,,105165,23,0,15,0,14,,105153,23,0,15,0,14,,105179,23,0,15,0,55,,105186,23,0,15,0,15,,105171,23,0,15,0,15,,105170,23,0,15,0,15,,105172,23,0,15,0,55,,105174,23,0,15,0,14,,105168,23,0,15,0,19,,105177,23,0,15,0,60,,105184,23,0,15,0,18,,105169,23,0,15,0,20,,105173,23,0,15,0,66,,105167,23,0,15,0,29,,105185,23,0,15,0,70,,105176,23,0,15,0,30,,105175,23,0,15,0,70,,105189,23,0,15,0,30,,105190,23,0,15,0,70,,97583,23,0,15,0
9501,'5459',637,,105192,23,0,15,0,77,,105193,23,0,15,0,20,,105194,23,0,15,0,20,,105195,23,0,15,0,60,,105196,23,0,15,0,15,,105197,23,0,15,0,15,,105191,23,0,15,0,15,,105198,23,0,15,0,57,,105199,23,0,15,0,15,,105200,23,0,15,0,16,,105201,23,0,15,0,55,,105202,23,0,15,0,16,,105203,23,0,15,0,15,,105204,23,0,15,0,16,,105205,23,0,15,0,55,,105206,23,0,15,0,16,,105207,23,0,15,0,16,,105208,23,0,15,0,15,,105209,23,0,15,0,57,,105210,23,0,15,0,15,,105211,23,0,15,0,15,,105212,23,0,15,0,14,,105213,23,0,15,0,53,,105214,23,0,15,0,12,,105215,23,0,15,0,12,,105216,23,0,15,0,12,,105217,23,0,15,0,12,,105218,23,0,15,0,52,,97613,23,0,15,0,12,,105219,23,0,15,0,12,,105220,23,0,15,0,12,,105221,23,0,15,0,13,,105222,23,0,15,0,53,,105223,23,0,15,0,12,,105224,23,0,15,0,12,,105225,23,0,15,0,12,,105226,23,0,15,0,13,,105227,23,0,15,0,52,,105228,23,0,15,0,12,,97624,23,0,15,0,11,,105229,23,0,15,0,11,,105230,23,0,15,0,12,,105231,23,0,15,0,51,,105232,23,0,15,0,11,,105233,23,0,15,0,12,,105234,23,0,15,0,12,,105235,23,0,15,0,12,,105236,23,0,15,0,52,,105237,23,0,15,0,12,,105238,23,0,15,0,12,,105239,23,0,15,0,12,,105240,23,0,15,0,12,,105241,23,0,15,0,52,,105242,23,0,15,0,12,,105243,23,0,15,0,12,,105244,23,0,15,0,14,,105245,23,0,15,0,15,,105246,23,0,15,0,55,,105247,23,0,15,0,14,,105248,23,0,15,0,15,,105249,23,0,15,0,15,,105250,23,0,15,0,54,,105251,23,0,15,0,15,,105252,23,0,15,0,14,,105253,23,0,15,0,15,,105254,23,0,15,0,55,,105255,23,0,15,0,15,,105256,23,0,15,0,20,,105257,23,0,15,0,60,,105258,23,0,15,0,19,,105259,23,0,15,0,20,,105260,23,0,15,0,66,,105261,23,0,15,0,28,,105262,23,0,15,0,70,,105263,23,0,15,0,30,,105264,23,0,15,0,69,,105265,23,0,15,0,30,,105266,23,0,15,0,70,,97663,23,0,15,0
9501,'5460',721,,105267,23,0,15,0,30,,105268,23,0,15,0,59,,105269,23,0,15,0,20,,105270,23,0,15,0,20,,105271,23,0,15,0,55,,105272,23,0,15,0,15,,105273,23,0,15,0,16,,105274,23,0,15,0,15,,105275,23,0,15,0,57,,105276,23,0,15,0,15,,105277,23,0,15,0,15,,105278,23,0,15,0,16,,105283,23,0,15,0,55,,105279,23,0,15,0,15,,105280,23,0,15,0,15,,105281,23,0,15,0,15,,105284,23,0,15,0,56,,105285,23,0,15,0,16,,105282,23,0,15,0,15,,105286,23,0,15,0,15,,105287,23,0,15,0,55,,105288,23,0,15,0,15,,105289,23,0,15,0,15,,105290,23,0,15,0,15,,105291,23,0,15,0,56,,105292,23,0,15,0,15,,105293,23,0,15,0,15,,105294,23,0,15,0,15,,105295,23,0,15,0,55,,105296,23,0,15,0,15,,105297,23,0,15,0,15,,105298,23,0,15,0,15,,105299,23,0,15,0,56,,105300,23,0,15,0,13,,105301,23,0,15,0,12,,105302,23,0,15,0,11,,105303,23,0,15,0,53,,105304,23,0,15,0,12,,105305,23,0,15,0,12,,105306,23,0,15,0,12,,105307,23,0,15,0,12,,105308,23,0,15,0,52,,105309,23,0,15,0,12,,105310,23,0,15,0,14,,105311,23,0,15,0,15,,105312,23,0,15,0,14,,105313,23,0,15,0,55,,105314,23,0,15,0,14,,105315,23,0,15,0,15,,105316,23,0,15,0,15,,105317,23,0,15,0,55,,105318,23,0,15,0,15,,105319,23,0,15,0,15,,105320,23,0,15,0,12,,105321,23,0,15,0,55,,105322,23,0,15,0,15,,105323,23,0,15,0,15,,105324,23,0,15,0,15,,105325,23,0,15,0,55,,105326,23,0,15,0,15,,105328,23,0,15,0,19,,105327,23,0,15,0,60,,105329,23,0,15,0,18,,105330,23,0,15,0,20,,105331,23,0,15,0,72,,105332,23,0,15,0,35,,105333,23,0,15,0
9501,'5461',721,,105334,23,0,15,0,30,,105335,23,0,15,0,59,,105336,23,0,15,0,20,,105337,23,0,15,0,20,,105338,23,0,15,0,55,,105339,23,0,15,0,15,,105340,23,0,15,0,16,,105341,23,0,15,0,15,,105342,23,0,15,0,57,,105343,23,0,15,0,15,,105344,23,0,15,0,15,,105345,23,0,15,0,16,,105350,23,0,15,0,55,,105346,23,0,15,0,15,,105347,23,0,15,0,15,,105348,23,0,15,0,15,,105351,23,0,15,0,56,,105352,23,0,15,0,16,,105349,23,0,15,0,15,,105353,23,0,15,0,15,,105354,23,0,15,0,55,,105355,23,0,15,0,15,,105356,23,0,15,0,15,,105357,23,0,15,0,15,,105358,23,0,15,0,56,,105359,23,0,15,0,15,,105360,23,0,15,0,15,,105361,23,0,15,0,15,,105362,23,0,15,0,55,,105363,23,0,15,0,15,,105364,23,0,15,0,15,,105365,23,0,15,0,15,,105366,23,0,15,0,56,,105367,23,0,15,0,13,,105368,23,0,15,0,12,,105369,23,0,15,0,11,,105370,23,0,15,0,53,,105371,23,0,15,0,12,,105372,23,0,15,0,12,,105373,23,0,15,0,12,,105374,23,0,15,0,12,,105375,23,0,15,0,52,,105376,23,0,15,0,12,,105377,23,0,15,0,14,,105378,23,0,15,0,15,,105379,23,0,15,0,14,,105380,23,0,15,0,55,,105381,23,0,15,0,14,,105382,23,0,15,0,15,,105383,23,0,15,0,15,,105384,23,0,15,0,55,,105385,23,0,15,0,15,,105386,23,0,15,0,15,,105387,23,0,15,0,12,,105388,23,0,15,0,55,,105389,23,0,15,0,15,,105390,23,0,15,0,15,,105391,23,0,15,0,15,,105392,23,0,15,0,55,,105393,23,0,15,0,15,,105395,23,0,15,0,19,,105394,23,0,15,0,60,,105396,23,0,15,0,18,,105397,23,0,15,0,20,,105398,23,0,15,0,72,,105399,23,0,15,0,35,,105400,23,0,15,0
9501,'5462',721,,105401,23,0,15,0,30,,105402,23,0,15,0,59,,105403,23,0,15,0,20,,105404,23,0,15,0,20,,105405,23,0,15,0,55,,105406,23,0,15,0,15,,105407,23,0,15,0,16,,105408,23,0,15,0,15,,105409,23,0,15,0,57,,105410,23,0,15,0,15,,105411,23,0,15,0,15,,105412,23,0,15,0,16,,105417,23,0,15,0,55,,105413,23,0,15,0,15,,105414,23,0,15,0,15,,105415,23,0,15,0,15,,105418,23,0,15,0,56,,105419,23,0,15,0,16,,105416,23,0,15,0,15,,105420,23,0,15,0,15,,105421,23,0,15,0,55,,105422,23,0,15,0,15,,105423,23,0,15,0,15,,105424,23,0,15,0,15,,105425,23,0,15,0,56,,105426,23,0,15,0,15,,105427,23,0,15,0,15,,105428,23,0,15,0,15,,105429,23,0,15,0,55,,105430,23,0,15,0,15,,105431,23,0,15,0,15,,105432,23,0,15,0,15,,105433,23,0,15,0,56,,105434,23,0,15,0,13,,105435,23,0,15,0,12,,105436,23,0,15,0,11,,105437,23,0,15,0,53,,105438,23,0,15,0,12,,105439,23,0,15,0,12,,105440,23,0,15,0,12,,105441,23,0,15,0,12,,105442,23,0,15,0,52,,105443,23,0,15,0,12,,105444,23,0,15,0,14,,105445,23,0,15,0,15,,105446,23,0,15,0,14,,105447,23,0,15,0,55,,105448,23,0,15,0,14,,105449,23,0,15,0,15,,105450,23,0,15,0,15,,105451,23,0,15,0,55,,105452,23,0,15,0,15,,105453,23,0,15,0,15,,105454,23,0,15,0,12,,105455,23,0,15,0,55,,105456,23,0,15,0,15,,105457,23,0,15,0,15,,105458,23,0,15,0,15,,105459,23,0,15,0,55,,105460,23,0,15,0,15,,105462,23,0,15,0,19,,105461,23,0,15,0,60,,105463,23,0,15,0,18,,105464,23,0,15,0,20,,105465,23,0,15,0,72,,105466,23,0,15,0,35,,105467,23,0,15,0
9501,'5463',721,,105468,23,0,15,0,30,,105469,23,0,15,0,59,,105470,23,0,15,0,20,,105471,23,0,15,0,20,,105472,23,0,15,0,55,,105473,23,0,15,0,15,,105474,23,0,15,0,16,,105475,23,0,15,0,15,,105476,23,0,15,0,57,,105477,23,0,15,0,15,,105478,23,0,15,0,15,,105479,23,0,15,0,16,,105484,23,0,15,0,55,,105480,23,0,15,0,15,,105481,23,0,15,0,15,,105482,23,0,15,0,15,,105485,23,0,15,0,56,,105486,23,0,15,0,16,,105483,23,0,15,0,15,,105487,23,0,15,0,15,,105488,23,0,15,0,55,,105489,23,0,15,0,15,,105490,23,0,15,0,15,,105491,23,0,15,0,15,,105492,23,0,15,0,56,,105493,23,0,15,0,15,,105494,23,0,15,0,15,,105495,23,0,15,0,15,,105496,23,0,15,0,55,,105497,23,0,15,0,15,,105498,23,0,15,0,15,,105499,23,0,15,0,15,,105500,23,0,15,0,56,,105501,23,0,15,0,13,,105502,23,0,15,0,12,,105503,23,0,15,0,11,,105504,23,0,15,0,53,,105505,23,0,15,0,12,,105506,23,0,15,0,12,,105507,23,0,15,0,12,,105508,23,0,15,0,12,,105509,23,0,15,0,52,,105510,23,0,15,0,12,,105511,23,0,15,0,14,,105512,23,0,15,0,15,,105513,23,0,15,0,14,,105514,23,0,15,0,55,,105515,23,0,15,0,14,,105516,23,0,15,0,15,,105517,23,0,15,0,15,,105518,23,0,15,0,55,,105519,23,0,15,0,15,,105520,23,0,15,0,15,,105521,23,0,15,0,12,,105522,23,0,15,0,55,,105523,23,0,15,0,15,,105524,23,0,15,0,15,,105525,23,0,15,0,15,,105526,23,0,15,0,55,,105527,23,0,15,0,15,,105529,23,0,15,0,19,,105528,23,0,15,0,60,,105530,23,0,15,0,18,,105531,23,0,15,0,20,,105532,23,0,15,0,72,,105533,23,0,15,0,35,,105534,23,0,15,0
24005101,'5456',808,,105766,24,,,0,32,,98605,24,,,0,75,,98606,24,,,0,98,,105767,24,,,0,98,,98604,24,,,0,101,,98609,24,,,0,101,,105765,24,,,0,103,,98610,24,,,0,110,,98602,24,,,0,33,,98598,24,4,,0,52,,98596,24,,,0,21,,98600,24,,,0,68,,98599,24,,,0,32,,98593,24,,,0,24,,98601,24,,,0,64,,98597,24,,,0,97,,98594,24,,,0,100,,105764,24,,,0
24005101,'5458',808,,105770,24,,,0,32,,98623,24,,,0,75,,98624,24,,,0,98,,105771,24,,,0,98,,98622,24,,,0,101,,98627,24,,,0,101,,105769,24,,,0,103,,98628,24,,,0,110,,98620,24,,,0,33,,98616,24,4,,0,52,,98614,24,,,0,21,,98618,24,,,0,68,,98617,24,,,0,32,,98611,24,,,0,24,,98619,24,,,0,64,,98615,24,,,0,97,,98612,24,,,0,100,,105768,24,,,0
