100,'5456',706,,81954,3,,,0,42,,81953,3,,,0,763,,81957,5,,,0,48,,81956,3,,,0,99,,81955,3,,,0
100,'5458',706,,81959,3,,,0,42,,81958,3,,,0,763,,81962,5,,,0,48,,81961,3,,,0,99,,81960,3,,,0
701,'5456',609,,84790,4,,,0,29,,84805,4,,,0,64,,84792,4,,,0,15,,84819,4,,,0,16,,84791,4,,,0,9,,99327,4,,,0,6,,84827,4,,,0,10,,84833,4,,,0,47,,84813,4,,,0,10,,84834,4,,,0,8,,84794,4,,,0,16,,84816,4,,,0,17,,84806,4,,,0,55,,84825,4,,,0,20,,84795,4,,,0,20,,84796,4,,,0,60,,84829,4,,,0,19,,84812,4,,,0,20,,84793,4,,,0,60,,84817,4,,,0,21,,84823,4,,,0,20,,84797,4,,,0,60,,84798,4,,,0,25,,84831,4,,,0,20,,84814,4,,,0,60,,84800,4,,,0,21,,99326,4,,,0,19,,84824,4,,,0,61,,84799,4,,,0,22,,84801,4,,,0,62,,84835,4,,,0,20,,84828,4,,,0,19,,84807,4,,,0,14,,99325,4,,,0,64,,84837,4,,,0,19,,84815,4,,,0,17,,84820,4,,,0,60,,84803,4,,,0,14,,84804,4,,,0,16,,84836,4,,,0,59,,84826,4,,,0,19,,84809,4,,,0,18,,84810,4,,,0,70,,84821,4,,,0,30,,84808,4,,,0,70,,84830,4,,,0,30,,84811,4,,,0,70,,84822,4,,,0
701,'5458',609,,84838,4,,,0,29,,84853,4,,,0,64,,84840,4,,,0,15,,84867,4,,,0,16,,84839,4,,,0,9,,99330,4,,,0,6,,84875,4,,,0,10,,84881,4,,,0,47,,84861,4,,,0,10,,84882,4,,,0,8,,84842,4,,,0,16,,84864,4,,,0,17,,84854,4,,,0,55,,84873,4,,,0,20,,84843,4,,,0,20,,84844,4,,,0,60,,84877,4,,,0,19,,84860,4,,,0,20,,84841,4,,,0,60,,84865,4,,,0,21,,84871,4,,,0,20,,84845,4,,,0,60,,84846,4,,,0,25,,84879,4,,,0,20,,84862,4,,,0,60,,84848,4,,,0,21,,99329,4,,,0,19,,84872,4,,,0,61,,84847,4,,,0,22,,84849,4,,,0,62,,84883,4,,,0,20,,84876,4,,,0,19,,84855,4,,,0,14,,99328,4,,,0,64,,84885,4,,,0,19,,84863,4,,,0,17,,84868,4,,,0,60,,84851,4,,,0,14,,84852,4,,,0,16,,84884,4,,,0,59,,84874,4,,,0,19,,84857,4,,,0,18,,84858,4,,,0,70,,84869,4,,,0,30,,84856,4,,,0,70,,84878,4,,,0,30,,84859,4,,,0,70,,84870,4,,,0
701,'5459',659,,84913,4,,,0,70,,84897,4,,,0,72,,99339,4,,,0,31,,84890,4,,,0,70,,84914,4,,,0,29,,84898,4,,,0,71,,99340,4,,,0,27,,84886,4,,,0,30,,99331,4,,,0,69,,99341,4,,,0,31,,99335,4,,,0,69,,99338,4,,,0,28,,84887,4,,,0,70,,99332,4,,,0,30,,84909,4,,,0,70,,99334,4,,,0,30,,84902,4,,,0,71,,99333,4,,,0,30,,84892,4,,,0,73,,84910,4,,,0,70,,99336,4,,,0,29,,84904,4,,,0,71,,84896,4,,,0,30,,99337,4,,,0,29,,84911,4,,,0,70,,84900,4,,,0,76,,84905,4,,,0,36,,84903,4,,,0,68,,84912,4,,,0
701,'5460',707,,99345,4,,,0,40,,84916,4,,,0,80,,84928,4,,,0,76,,84929,4,,,0,25,,84915,4,,,0,29,,84917,4,,,0,71,,99346,4,,,0,29,,84918,4,,,0,70,,84933,4,,,0,29,,99342,4,,,0,71,,99343,4,,,0,30,,99348,4,,,0,68,,99347,4,,,0,30,,84934,4,,,0,70,,99349,4,,,0,29,,84922,4,,,0,71,,99344,4,,,0,32,,84925,4,,,0,72,,84924,4,,,0,29,,84921,4,,,0,71,,84926,4,,,0,29,,84936,4,,,0,72,,84937,4,,,0,75,,99350,4,,,0,34,,84940,4,,,0,69,,84939,4,,,0
701,'5461',707,,84953,4,,,0,40,,99352,4,,,0,80,,84954,4,,,0,76,,84955,4,,,0,25,,99351,4,,,0,29,,84943,4,,,0,71,,84956,4,,,0,29,,84944,4,,,0,70,,84959,4,,,0,29,,84945,4,,,0,71,,99353,4,,,0,30,,99356,4,,,0,68,,99355,4,,,0,30,,84960,4,,,0,70,,99357,4,,,0,29,,84948,4,,,0,71,,99354,4,,,0,32,,84951,4,,,0,72,,84950,4,,,0,29,,84947,4,,,0,71,,84952,4,,,0,29,,84962,4,,,0,72,,84963,4,,,0,75,,99358,4,,,0,34,,99359,4,,,0,69,,84965,4,,,0
701,'5462',707,,84979,4,,,0,40,,99361,4,,,0,80,,84980,4,,,0,76,,84981,4,,,0,25,,99360,4,,,0,29,,84969,4,,,0,71,,84982,4,,,0,29,,84970,4,,,0,70,,84985,4,,,0,29,,84971,4,,,0,71,,99362,4,,,0,30,,99365,4,,,0,68,,99364,4,,,0,30,,84986,4,,,0,70,,99366,4,,,0,29,,84974,4,,,0,71,,99363,4,,,0,32,,84977,4,,,0,72,,84976,4,,,0,29,,84973,4,,,0,71,,84978,4,,,0,29,,84988,4,,,0,72,,84989,4,,,0,75,,99367,4,,,0,34,,99368,4,,,0,69,,84991,4,,,0
701,'5463',707,,85005,4,,,0,40,,99370,4,,,0,80,,85006,4,,,0,76,,85007,4,,,0,25,,99369,4,,,0,29,,84995,4,,,0,71,,85008,4,,,0,29,,84996,4,,,0,70,,85011,4,,,0,29,,84997,4,,,0,71,,99371,4,,,0,30,,99374,4,,,0,68,,99373,4,,,0,30,,85012,4,,,0,70,,99375,4,,,0,29,,85000,4,,,0,71,,99372,4,,,0,32,,85003,4,,,0,72,,85002,4,,,0,29,,84999,4,,,0,71,,85004,4,,,0,29,,85014,4,,,0,72,,85015,4,,,0,75,,99376,4,,,0,34,,99377,4,,,0,69,,85017,4,,,0
14000701,'5456',2137,,98463,4,,,0,72,,98467,4,,,0,29,,98462,4,,,0,70,,98465,4,,,0,37,,98464,4,,,0,68,,98466,4,,,0
14000701,'5458',2137,,98469,4,,,0,72,,98473,4,,,0,29,,98468,4,,,0,70,,98471,4,,,0,37,,98470,4,,,0,68,,98472,4,,,0
14000701,'5459',2138,,98474,4,,,0,72,,98475,4,,,0,30,,98477,4,,,0,70,,98476,4,,,0,36,,98478,4,,,0,67,,98479,4,,,0
14000701,'5460',2038,,105746,4,,,0,70,,98482,4,,,0,40,,98481,4,,,0,62,,98483,4,,,0,100,,98484,4,,,0,103,,98485,4,,,0
14000701,'5461',2038,,98486,4,,,0,70,,98488,4,,,0,40,,105747,4,,,0,62,,98489,4,,,0,100,,98490,4,,,0,103,,98491,4,,,0
14000701,'5462',2038,,98492,4,,,0,70,,98494,4,,,0,40,,105748,4,,,0,62,,98495,4,,,0,100,,98496,4,,,0,103,,98497,4,,,0
14000701,'5463',2038,,98498,4,,,0,70,,98500,4,,,0,40,,105749,4,,,0,62,,98501,4,,,0,100,,98502,4,,,0,103,,98503,4,,,0
