7201,'5456',549,,103795,26,,,0,80,,103798,26,,,0,30,,103796,26,,,0,72,,103800,26,,,0,72,,103810,26,,,0,21,,103805,26,,,0,27,,103797,26,,,0,70,,103799,26,,,0,30,,103803,26,,,0,70,,103801,26,,,0,30,,103802,26,,,0,73,,103809,26,,,0,30,,103804,26,,,0,70,,103806,26,,,0,31,,103807,26,,,0,70,,103814,26,,,0,30,,103817,26,,,0,71,,103808,26,,,0,30,,103819,26,,,0,70,,103823,26,,,0,15,,95798,22,0,13 14,0,16,,103811,26,,,0,68,,103812,26,,,0,30,,103818,26,,,0,71,,103825,26,,,0,30,,103813,26,,,0,68,,103820,26,,,0,30,,103822,26,,,0,69,,103815,26,,,0,30,,103816,26,,,0,70,,103824,26,,,0,30,,103826,26,,,0,70,,103821,26,,,0
7201,'5457',1436,,103827,22,,,0
7201,'5458',549,,103828,26,,,0,80,,103831,26,,,0,30,,103829,26,,,0,72,,103833,26,,,0,72,,103844,26,,,0,21,,103838,26,,,0,27,,103830,26,,,0,70,,103832,26,,,0,30,,103836,26,,,0,70,,103834,26,,,0,30,,103835,26,,,0,73,,103843,26,,,0,30,,103837,26,,,0,70,,103839,26,,,0,31,,103840,26,,,0,70,,103848,26,,,0,30,,103851,26,,,0,71,,103842,26,,,0,10,,103841,22,,,0,20,,103853,26,,,0,70,,103857,26,,,0,15,,95833,22,0,13 14,0,16,,103845,26,,,0,68,,103846,26,,,0,30,,103852,26,,,0,71,,103859,26,,,0,30,,103847,26,,,0,68,,103854,26,,,0,30,,103856,26,,,0,69,,103849,26,,,0,30,,103850,26,,,0,70,,103858,26,,,0,30,,103860,26,,,0,70,,103855,26,,,0
7201,'5459',617,,103885,26,,,0,102,,95838,26,,,0,99,,103862,26,,,0,33,,103863,26,,,0,71,,103864,26,,,0,30,,103865,26,,,0,71,,95843,26,,,0,29,,103866,26,,,0,71,,103867,26,,,0,30,,103868,26,,,0,70,,103861,26,,,0,30,,103869,26,,,0,70,,103870,26,,,0,31,,103871,26,,,0,74,,103872,26,,,0,31,,103873,26,,,0,69,,103874,26,,,0,31,,103875,26,,,0,69,,103876,26,,,0,26,,103877,26,,,0,68,,103878,26,,,0,30,,103879,26,,,0,69,,103880,26,,,0,30,,103881,26,,,0,69,,95860,26,,,0,30,,95861,26,,,0,71,,103882,26,,,0,29,,103883,26,,,0,70,,103884,26,,,0
7201,'5460',718,,103887,26,,,0,100,,95868,26,,,0,100,,103888,26,,,0,105,,103889,26,,,0,100,,103891,26,,,0,30,,103892,26,,,0,70,,103886,26,,,0,29,,103890,26,,,0,70,,103893,26,,,0,30,,103895,26,,,0,70,,103896,26,,,0,31,,103897,26,,,0,70,,103894,26,,,0,30,,103898,26,,,0,69,,103899,26,,,0,30,,103900,26,,,0,74,,103901,26,,,0,28,,103902,26,,,0,72,,103903,26,,,0,30,,103904,26,,,0,70,,95887,26,,,0,29,,103905,26,,,0,70,,103906,26,,,0,30,,103907,26,,,0,70,,95890,26,,,0
7201,'5461',718,,103909,26,,,0,100,,103910,26,,,0,100,,103911,26,,,0,105,,103912,26,,,0,100,,103914,26,,,0,30,,103915,26,,,0,70,,103908,26,,,0,29,,103913,26,,,0,70,,103916,26,,,0,30,,103918,26,,,0,70,,103919,26,,,0,31,,103920,26,,,0,70,,103917,26,,,0,30,,103921,26,,,0,69,,103922,26,,,0,30,,103923,26,,,0,74,,103924,26,,,0,28,,103925,26,,,0,72,,103926,26,,,0,30,,103927,26,,,0,70,,103929,26,,,0,29,,103928,26,,,0,70,,103930,26,,,0,30,,103931,26,,,0,70,,103932,26,,,0
7201,'5462',718,,103934,26,,,0,100,,103935,26,,,0,100,,103936,26,,,0,105,,103937,26,,,0,100,,103939,26,,,0,30,,103940,26,,,0,70,,103933,26,,,0,29,,103938,26,,,0,70,,103941,26,,,0,30,,103943,26,,,0,70,,103944,26,,,0,31,,103945,26,,,0,70,,103942,26,,,0,30,,103946,26,,,0,69,,103947,26,,,0,30,,103948,26,,,0,74,,103949,26,,,0,28,,103950,26,,,0,72,,103951,26,,,0,30,,103952,26,,,0,70,,103954,26,,,0,29,,103953,26,,,0,70,,103955,26,,,0,30,,103956,26,,,0,70,,103957,26,,,0
7201,'5463',718,,103959,26,,,0,100,,103960,26,,,0,100,,103961,26,,,0,105,,103962,26,,,0,100,,103964,26,,,0,30,,103965,26,,,0,70,,103958,26,,,0,29,,103963,26,,,0,70,,103966,26,,,0,30,,103968,26,,,0,70,,103969,26,,,0,31,,103970,26,,,0,70,,103967,26,,,0,30,,103971,26,,,0,69,,103972,26,,,0,30,,103973,26,,,0,74,,103974,26,,,0,28,,103975,26,,,0,72,,103976,26,,,0,30,,103977,26,,,0,70,,95962,26,,,0,29,,103978,26,,,0,70,,103979,26,,,0,30,,103980,26,,,0,70,,103981,26,,,0
1007201,'5456',2228,,105692,29,,,0,99,,105694,29,,,0,100,,105693,29,,,0
1007201,'5458',2228,,105695,29,,,0,99,,105697,29,,,0,100,,105696,29,,,0
1007201,'5459',2229,,98271,29,,,0,98,,105698,29,,,0,100,,105699,29,,,0
1007201,'5460',2228,,98274,29,,,0,100,,105700,29,,,0
1007201,'5461',2228,,105701,29,,,0,100,,105702,29,,,0
1007201,'5462',2228,,105703,29,,,0,100,,105704,29,,,0
1007201,'5463',2228,,98280,29,,,0,100,,105705,29,,,0
