1500,'5456',523,,87185,7,,,0,19,,87186,7,,,0,59,,87187,7,,,0,16,,100107,7,,,0,16,,100108,7,,,0,16,,100109,7,,,0,55,,87191,7,,,0,15,,87192,7,,,0,13,,100110,7,,,0,12,,87194,7,,,0,11,,87195,7,,,0,50,,100111,7,,,0,11,,100112,7,,,0,11,,100113,7,,,0,11,,87199,7,,,0,11,,87200,7,,,0,52,,87201,7,,,0,12,,87202,7,,,0,11,,87203,7,,,0,14,,87204,7,,,0,15,,87205,7,,,0,55,,100114,7,,,0,15,,100115,7,,,0,15,,87208,7,,,0,15,,87209,7,,,0,55,,100116,7,,,0,15,,100117,7,,,0,14,,100118,7,,,0,15,,100119,7,,,0,55,,100120,7,,,0,15,,100121,7,,,0,15,,87216,7,,,0,15,,87217,7,,,0,55,,100122,7,,,0,15,,87219,7,,,0,15,,100123,7,,,0,15,,100124,7,,,0,55,,100125,7,,,0,15,,87223,7,,,0,15,,100126,7,,,0,15,,87225,7,,,0,55,,100127,7,,,0,13,,87227,7,,,0,15,,100128,7,,,0,15,,87229,7,,,0,55,,87230,7,,,0,15,,100129,7,,,0,15,,100130,7,,,0,15,,100131,7,,,0,55,,100132,7,,,0,17,,87235,7,,,0,15,,100133,7,,,0,14,,100134,7,,,0,55,,87238,7,,,0,18,,100135,7,,,0,15,,87240,7,,,0,15,,100136,7,,,0,55,,100137,7,,,0,15,,87243,7,,,0,20,,100138,7,,,0,60,,100139,7,,,0,20,,87246,7,,,0,20,,87247,7,,,0,61,,100140,7,,,0,20,,100141,7,,,0,20,,87250,7,,,0,60,,87251,7,,,0,25,,100142,7,,,0,70,,87253,7,,,0,31,,87254,7,,,0,71,,100143,7,,,0,30,,100144,7,,,0
1500,'5458',523,,87258,7,,,0,19,,87259,7,,,0,59,,87260,7,,,0,16,,100145,7,,,0,16,,100146,7,,,0,16,,100147,7,,,0,55,,87264,7,,,0,15,,87265,7,,,0,13,,100148,7,,,0,12,,87267,7,,,0,11,,87268,7,,,0,50,,100149,7,,,0,11,,100150,7,,,0,11,,100151,7,,,0,11,,87272,7,,,0,11,,87273,7,,,0,52,,87274,7,,,0,12,,87275,7,,,0,11,,87276,7,,,0,14,,87277,7,,,0,15,,87278,7,,,0,55,,100152,7,,,0,15,,100153,7,,,0,15,,87281,7,,,0,15,,87282,7,,,0,55,,100154,7,,,0,15,,100155,7,,,0,14,,100156,7,,,0,15,,100157,7,,,0,55,,100158,7,,,0,15,,100159,7,,,0,15,,87289,7,,,0,15,,87290,7,,,0,55,,100160,7,,,0,15,,87292,7,,,0,15,,100161,7,,,0,15,,100162,7,,,0,55,,100163,7,,,0,15,,87296,7,,,0,15,,100164,7,,,0,15,,87298,7,,,0,55,,100165,7,,,0,13,,87300,7,,,0,15,,100166,7,,,0,15,,87302,7,,,0,55,,87303,7,,,0,15,,100167,7,,,0,15,,100168,7,,,0,15,,100169,7,,,0,55,,100170,7,,,0,17,,87308,7,,,0,15,,100171,7,,,0,14,,100172,7,,,0,55,,87311,7,,,0,18,,100173,7,,,0,15,,87313,7,,,0,15,,100174,7,,,0,55,,100175,7,,,0,15,,87316,7,,,0,20,,100176,7,,,0,60,,100177,7,,,0,20,,87319,7,,,0,20,,87320,7,,,0,61,,100178,7,,,0,20,,100179,7,,,0,20,,87323,7,,,0,60,,87324,7,,,0,25,,100180,7,,,0,70,,87326,7,,,0,31,,87327,7,,,0,71,,100181,7,,,0,30,,100182,7,,,0,70,,87330,7,,,0,30,,87331,7,,,0,70,,100183,7,,,0,30,,87333,7,,,0
1500,'5459',622,,87391,7,,,0,25,,87378,7,,,0,61,,87376,7,,,0,19,,87377,7,,,0,16,,87353,7,,,0,15,,100201,7,,,0,55,,87371,7,,,0,15,,87350,7,,,0,14,,87375,7,,,0,15,,87374,7,,,0,54,,87352,7,,,0,15,,100202,7,,,0,15,,87372,7,,,0,15,,87351,7,,,0,55,,87373,7,,,0,15,,87370,7,,,0,15,,100189,7,,,0,15,,87349,7,,,0,55,,100200,7,,,0,15,,87369,7,,,0,16,,87348,7,,,0,15,,87368,7,,,0,55,,87367,7,,,0,15,,100190,7,,,0,15,,87346,7,,,0,15,,87387,7,,,0,54,,87366,7,,,0,15,,87344,7,,,0,16,,100194,7,,,0,15,,87365,7,,,0,55,,87342,7,,,0,15,,100188,7,,,0,16,,100199,7,,,0,15,,87363,7,,,0,55,,87341,7,,,0,15,,100193,7,,,0,16,,87361,7,,,0,15,,87339,7,,,0,55,,100187,7,,,0,15,,100198,7,,,0,14,,87360,7,,,0,15,,100184,7,,,0,56,,100192,7,,,0,15,,87358,7,,,0,15,,87337,7,,,0,15,,100186,7,,,0,55,,100197,7,,,0,14,,87357,7,,,0,15,,100185,7,,,0,15,,100191,7,,,0,55,,87359,7,,,0,16,,87354,7,,,0,18,,100195,7,,,0,60,,87382,7,,,0,20,,100196,7,,,0,20,,87380,7,,,0,60,,87379,7,,,0,20,,87393,7,,,0,20,,87392,7,,,0,60,,100203,7,,,0,24,,87395,7,,,0,70,,100204,7,,,0,31,,100205,7,,,0,70,,100206,7,,,0,31,,100207,7,,,0,69,,100208,7,,,0,29,,100209,7,,,0,70,,87402,7,,,0,30,,100210,7,,,0
1500,'5460',644,,87444,7,,,0,70,,87443,7,,,0,28,,87419,7,,,0,60,,100213,7,,,0,17,,87460,7,,,0,16,,87409,7,,,0,15,,87421,7,,,0,55,,87408,7,,,0,15,,100211,7,,,0,15,,100214,7,,,0,15,,87413,7,,,0,55,,87425,7,,,0,15,,87405,7,,,0,15,,87410,7,,,0,15,,100212,7,,,0,54,,87407,7,,,0,15,,100215,7,,,0,15,,87417,7,,,0,15,,87426,7,,,0,55,,87414,7,,,0,15,,87416,7,,,0,15,,87411,7,,,0,14,,87412,7,,,0,55,,100216,7,,,0,15,,87418,7,,,0,15,,87430,7,,,0,15,,87415,7,,,0,55,,87431,7,,,0,15,,87432,7,,,0,15,,87427,7,,,0,15,,100218,7,,,0,55,,87438,7,,,0,15,,87436,7,,,0,15,,87434,7,,,0,15,,87439,7,,,0,55,,87441,7,,,0,15,,87435,7,,,0,15,,100217,7,,,0,15,,87440,7,,,0,55,,87433,7,,,0,15,,87420,7,,,0,15,,87424,7,,,0,15,,87448,7,,,0,56,,87447,7,,,0,15,,100219,7,,,0,15,,87450,7,,,0,15,,87455,7,,,0,60,,100221,7,,,0,20,,87445,7,,,0,20,,100220,7,,,0,60,,87454,7,,,0,27,,100222,7,,,0,69,,87449,7,,,0,30,,87456,7,,,0,70,,87457,7,,,0,30,,87459,7,,,0,70,,100223,7,,,0
1500,'5461',644,,87501,7,,,0,70,,87500,7,,,0,28,,87476,7,,,0,60,,87479,7,,,0,17,,87517,7,,,0,16,,87466,7,,,0,15,,87478,7,,,0,55,,87465,7,,,0,15,,87461,7,,,0,15,,87480,7,,,0,15,,100225,7,,,0,55,,87482,7,,,0,15,,87462,7,,,0,15,,100224,7,,,0,15,,87463,7,,,0,54,,87464,7,,,0,15,,87485,7,,,0,15,,87474,7,,,0,15,,87483,7,,,0,55,,87471,7,,,0,15,,87473,7,,,0,15,,87468,7,,,0,14,,87469,7,,,0,55,,87486,7,,,0,15,,87475,7,,,0,15,,87487,7,,,0,15,,87472,7,,,0,55,,100228,7,,,0,15,,87489,7,,,0,15,,100227,7,,,0,15,,87499,7,,,0,55,,87495,7,,,0,15,,87493,7,,,0,15,,87491,7,,,0,15,,100230,7,,,0,55,,87498,7,,,0,15,,100229,7,,,0,15,,87494,7,,,0,15,,87497,7,,,0,55,,87490,7,,,0,15,,87477,7,,,0,15,,100226,7,,,0,15,,87505,7,,,0,56,,100231,7,,,0,15,,87503,7,,,0,15,,100232,7,,,0,15,,87512,7,,,0,60,,87509,7,,,0,20,,87502,7,,,0,20,,87508,7,,,0,60,,87511,7,,,0,27,,87510,7,,,0,69,,87506,7,,,0,30,,87513,7,,,0,70,,100233,7,,,0,30,,87516,7,,,0,70,,87515,7,,,0
1500,'5462',644,,87558,7,,,0,70,,87557,7,,,0,28,,87533,7,,,0,60,,87536,7,,,0,17,,87574,7,,,0,16,,87523,7,,,0,15,,87535,7,,,0,55,,87522,7,,,0,15,,87518,7,,,0,15,,87537,7,,,0,15,,100235,7,,,0,55,,87539,7,,,0,15,,87519,7,,,0,15,,100234,7,,,0,15,,87520,7,,,0,54,,87521,7,,,0,15,,87542,7,,,0,15,,87531,7,,,0,15,,87540,7,,,0,55,,87528,7,,,0,15,,87530,7,,,0,15,,87525,7,,,0,14,,87526,7,,,0,55,,87543,7,,,0,15,,87532,7,,,0,15,,87544,7,,,0,15,,87529,7,,,0,55,,100238,7,,,0,15,,87546,7,,,0,15,,100237,7,,,0,15,,87556,7,,,0,55,,87552,7,,,0,15,,87550,7,,,0,15,,87548,7,,,0,15,,100240,7,,,0,55,,87555,7,,,0,15,,100239,7,,,0,15,,87551,7,,,0,15,,87554,7,,,0,55,,87547,7,,,0,15,,87534,7,,,0,15,,100236,7,,,0,15,,87562,7,,,0,56,,100241,7,,,0,15,,87560,7,,,0,15,,100242,7,,,0,15,,87569,7,,,0,60,,87566,7,,,0,20,,87559,7,,,0,20,,87565,7,,,0,60,,87568,7,,,0,27,,87567,7,,,0,69,,87563,7,,,0,30,,87570,7,,,0,70,,100243,7,,,0,30,,87573,7,,,0,70,,87572,7,,,0
1500,'5463',644,,87615,7,,,0,70,,87614,7,,,0,28,,87590,7,,,0,60,,87593,7,,,0,17,,87631,7,,,0,16,,87580,7,,,0,15,,87592,7,,,0,55,,87579,7,,,0,15,,87575,7,,,0,15,,87594,7,,,0,15,,100245,7,,,0,55,,87596,7,,,0,15,,87576,7,,,0,15,,100244,7,,,0,15,,87577,7,,,0,54,,87578,7,,,0,15,,87599,7,,,0,15,,87588,7,,,0,15,,87597,7,,,0,55,,87585,7,,,0,15,,87587,7,,,0,15,,87582,7,,,0,14,,87583,7,,,0,55,,87600,7,,,0,15,,87589,7,,,0,15,,87601,7,,,0,15,,87586,7,,,0,55,,100248,7,,,0,15,,87603,7,,,0,15,,100247,7,,,0,15,,87613,7,,,0,55,,87609,7,,,0,15,,87607,7,,,0,15,,87605,7,,,0,15,,100250,7,,,0,55,,87612,7,,,0,15,,100249,7,,,0,15,,87608,7,,,0,15,,87611,7,,,0,55,,87604,7,,,0,15,,87591,7,,,0,15,,100246,7,,,0,15,,87619,7,,,0,56,,100251,7,,,0,15,,87617,7,,,0,15,,100252,7,,,0,15,,87626,7,,,0,60,,87623,7,,,0,20,,87616,7,,,0,20,,87622,7,,,0,60,,87625,7,,,0,27,,87624,7,,,0,69,,87620,7,,,0,30,,87627,7,,,0,70,,100253,7,,,0,30,,87630,7,,,0,70,,87629,7,,,0
2600,'5456',548,,100962,7,,,0,68,,89326,7,,,0,22,,89327,7,,,0,18,,89328,7,,,0,51,,89329,7,,,0,15,,100963,7,,,0,5,,89332,7,,,0,7,,89333,7,,,0,7,,89334,7,,,0,8,,100964,7,,,0,55,,89337,7,,,0,16,,89339,7,,,0,16,,89341,7,,,0,16,,89343,7,,,0,57,,89345,7,,,0,16,,100966,7,,,0,16,,100968,7,,,0,17,,100969,7,,,0,56,,100970,7,,,0,13,,89352,7,,,0,15,,89353,7,,,0,15,,89354,7,,,0,57,,89355,7,,,0,14,,89356,7,,,0,15,,89357,7,,,0,16,,100971,7,,,0,55,,89359,7,,,0,14,,89360,7,,,0,15,,89361,7,,,0,15,,100972,7,,,0,56,,100973,7,,,0,14,,100974,7,,,0,15,,100976,7,,,0,15,,100977,7,,,0,53,,89368,7,,,0,13,,89369,7,,,0,12,,100978,7,,,0,10,,100980,7,,,0,13,,100981,7,,,0,52,,100982,7,,,0,12,,100983,7,,,0,12,,89376,7,,,0,12,,100984,7,,,0,53,,100985,7,,,0,11,,89379,7,,,0,12,,89380,7,,,0,12,,89381,7,,,0,15,,89382,7,,,0,51,,100986,7,,,0,13,,100987,7,,,0,13,,100988,7,,,0,16,,89386,7,,,0,16,,100989,7,,,0,55,,89388,7,,,0,17,,89389,7,,,0,13,,89390,7,,,0,15,,100990,7,,,0,55,,100991,7,,,0,20,,89393,7,,,0,21,,89394,7,,,0,60,,89395,7,,,0,20,,89396,7,,,0,20,,100992,7,,,0,59,,89398,7,,,0,23,,89399,7,,,0,73,,89400,7,,,0,30,,100993,7,,,0,70,,89402,7,,,0,30,,89403,7,,,0,72,,100994,7,,,0,30,,89405,7,,,0
2600,'5458',548,,100995,7,,,0,68,,89408,7,,,0,22,,89409,7,,,0,18,,89410,7,,,0,51,,89411,7,,,0,15,,100996,7,,,0,5,,89414,7,,,0,7,,89415,7,,,0,7,,89416,7,,,0,8,,100997,7,,,0,55,,89419,7,,,0,16,,89421,7,,,0,16,,89423,7,,,0,16,,89425,7,,,0,57,,89427,7,,,0,16,,100999,7,,,0,16,,101001,7,,,0,17,,101002,7,,,0,56,,101003,7,,,0,13,,89434,7,,,0,15,,89435,7,,,0,15,,89436,7,,,0,57,,89437,7,,,0,14,,89438,7,,,0,15,,89439,7,,,0,16,,101004,7,,,0,55,,89441,7,,,0,14,,89442,7,,,0,15,,89443,7,,,0,15,,101005,7,,,0,56,,101006,7,,,0,14,,101007,7,,,0,15,,101009,7,,,0,15,,101010,7,,,0,53,,89450,7,,,0,13,,89451,7,,,0,12,,101011,7,,,0,10,,101013,7,,,0,13,,101014,7,,,0,52,,101015,7,,,0,12,,101016,7,,,0,12,,89458,7,,,0,12,,101017,7,,,0,53,,101018,7,,,0,11,,89461,7,,,0,12,,89462,7,,,0,12,,89463,7,,,0,15,,89464,7,,,0,51,,101019,7,,,0,13,,101020,7,,,0,13,,101021,7,,,0,16,,89468,7,,,0,16,,101022,7,,,0,55,,89470,7,,,0,17,,89471,7,,,0,13,,89472,7,,,0,15,,101023,7,,,0,55,,101024,7,,,0,20,,89475,7,,,0,21,,89476,7,,,0,60,,89477,7,,,0,20,,89478,7,,,0,20,,101025,7,,,0,59,,89480,7,,,0,23,,89481,7,,,0,73,,89482,7,,,0,30,,101026,7,,,0,70,,89484,7,,,0,30,,89485,7,,,0,72,,101027,7,,,0,30,,89487,7,,,0,100,,101028,7,,,0
2600,'5459',633,,101029,7,,,0,70,,89492,7,,,0,30,,89493,7,,,0,18,,101030,7,,,0,57,,101031,7,,,0,17,,89496,7,,,0,17,,89497,7,,,0,17,,89498,7,,,0,57,,89499,7,,,0,17,,101032,7,,,0,17,,89501,7,,,0,57,,101033,7,,,0,17,,89503,7,,,0,17,,89504,7,,,0,18,,89505,7,,,0,57,,89490,7,,,0,18,,89506,7,,,0,18,,101034,7,,,0,57,,89508,7,,,0,17,,101035,7,,,0,17,,101036,7,,,0,57,,89511,7,,,0,17,,89512,7,,,0,17,,89513,7,,,0,18,,101037,7,,,0,56,,89515,7,,,0,17,,89516,7,,,0,17,,101038,7,,,0,17,,101039,7,,,0,57,,89519,7,,,0,17,,89520,7,,,0,17,,101040,7,,,0,56,,89522,7,,,0,15,,89523,7,,,0,15,,89524,7,,,0,16,,101041,7,,,0,56,,89526,7,,,0,17,,89527,7,,,0,16,,101042,7,,,0,17,,101043,7,,,0,57,,89530,7,,,0,20,,101044,7,,,0,19,,89532,7,,,0,60,,89533,7,,,0,20,,101045,7,,,0,20,,89535,7,,,0,60,,101046,7,,,0,20,,89537,7,,,0,20,,89538,7,,,0,60,,101047,7,,,0,25,,89540,7,,,0,70,,101048,7,,,0,30,,89542,7,,,0,72,,89543,7,,,0,30,,101049,7,,,0,70,,89545,7,,,0,32,,89546,7,,,0,100,,89547,7,,,0
2600,'5460',656,,89564,7,,,0,67,,101055,7,,,0,22,,101050,7,,,0,63,,89548,7,,,0,22,,89566,7,,,0,20,,101056,7,,,0,67,,101051,7,,,0,22,,89549,7,,,0,20,,89567,7,,,0,64,,101052,7,,,0,20,,89550,7,,,0,58,,89556,7,,,0,18,,89552,7,,,0,19,,89565,7,,,0,19,,89553,7,,,0,59,,101053,7,,,0,18,,89551,7,,,0,18,,89568,7,,,0,58,,89560,7,,,0,18,,89563,7,,,0,20,,89561,7,,,0,58,,101054,7,,,0,18,,89557,7,,,0,18,,89569,7,,,0,58,,89559,7,,,0,17,,89562,7,,,0,18,,89578,7,,,0,18,,101057,7,,,0,57,,89575,7,,,0,18,,89584,7,,,0,18,,89577,7,,,0,58,,89580,7,,,0,17,,89576,7,,,0,17,,101058,7,,,0,16,,89574,7,,,0,60,,89583,7,,,0,19,,89579,7,,,0,20,,89581,7,,,0,59,,89589,7,,,0,20,,89587,7,,,0,19,,89591,7,,,0,60,,89588,7,,,0,20,,89590,7,,,0,20,,89592,7,,,0,60,,89586,7,,,0,30,,89594,7,,,0,70,,101059,7,,,0,30,,89595,7,,,0,70,,89596,7,,,0,38,,101060,7,,,0
2600,'5461',656,,101065,7,,,0,67,,89622,7,,,0,22,,89604,7,,,0,63,,89598,7,,,0,22,,89616,7,,,0,20,,89623,7,,,0,67,,89605,7,,,0,22,,89599,7,,,0,20,,89617,7,,,0,64,,89608,7,,,0,20,,101061,7,,,0,58,,89606,7,,,0,18,,89602,7,,,0,19,,89615,7,,,0,19,,89603,7,,,0,59,,89620,7,,,0,18,,101062,7,,,0,18,,101066,7,,,0,58,,89610,7,,,0,18,,89613,7,,,0,20,,89611,7,,,0,58,,89621,7,,,0,18,,101063,7,,,0,18,,101067,7,,,0,58,,101064,7,,,0,17,,89612,7,,,0,18,,89628,7,,,0,18,,89632,7,,,0,57,,101069,7,,,0,18,,89634,7,,,0,18,,101070,7,,,0,58,,89630,7,,,0,17,,89626,7,,,0,17,,89635,7,,,0,16,,101068,7,,,0,60,,89633,7,,,0,19,,89629,7,,,0,20,,101071,7,,,0,59,,101074,7,,,0,20,,101073,7,,,0,19,,101076,7,,,0,60,,89638,7,,,0,20,,101075,7,,,0,20,,101077,7,,,0,60,,101072,7,,,0,30,,101078,7,,,0,70,,89643,7,,,0,30,,101079,7,,,0,70,,101080,7,,,0,38,,101081,7,,,0
2600,'5462',656,,101086,7,,,0,67,,89672,7,,,0,22,,89654,7,,,0,63,,89648,7,,,0,22,,89666,7,,,0,20,,89673,7,,,0,67,,89655,7,,,0,22,,89649,7,,,0,20,,89667,7,,,0,64,,89658,7,,,0,20,,101082,7,,,0,58,,89656,7,,,0,18,,89652,7,,,0,19,,89665,7,,,0,19,,89653,7,,,0,59,,89670,7,,,0,18,,101083,7,,,0,18,,101087,7,,,0,58,,89660,7,,,0,18,,89663,7,,,0,20,,89661,7,,,0,58,,89671,7,,,0,18,,101084,7,,,0,18,,101088,7,,,0,58,,101085,7,,,0,17,,89662,7,,,0,18,,89678,7,,,0,18,,89682,7,,,0,57,,101090,7,,,0,18,,89684,7,,,0,18,,101091,7,,,0,58,,89680,7,,,0,17,,89676,7,,,0,17,,89685,7,,,0,16,,101089,7,,,0,60,,89683,7,,,0,19,,89679,7,,,0,20,,101092,7,,,0,59,,101095,7,,,0,20,,101094,7,,,0,19,,101097,7,,,0,60,,89688,7,,,0,20,,101096,7,,,0,20,,101098,7,,,0,60,,101093,7,,,0,30,,101099,7,,,0,70,,89693,7,,,0,30,,101100,7,,,0,70,,101101,7,,,0,38,,101102,7,,,0
2600,'5463',656,,101107,7,,,0,67,,89722,7,,,0,22,,89704,7,,,0,63,,89698,7,,,0,22,,89716,7,,,0,20,,89723,7,,,0,67,,89705,7,,,0,22,,89699,7,,,0,20,,89717,7,,,0,64,,89708,7,,,0,20,,101103,7,,,0,58,,89706,7,,,0,18,,89702,7,,,0,19,,89715,7,,,0,19,,89703,7,,,0,59,,89720,7,,,0,18,,101104,7,,,0,18,,101108,7,,,0,58,,89710,7,,,0,18,,89713,7,,,0,20,,89711,7,,,0,58,,89721,7,,,0,18,,101105,7,,,0,18,,101109,7,,,0,58,,101106,7,,,0,17,,89712,7,,,0,18,,89728,7,,,0,18,,89732,7,,,0,57,,101111,7,,,0,18,,89734,7,,,0,18,,101112,7,,,0,58,,89730,7,,,0,17,,89726,7,,,0,17,,89735,7,,,0,16,,101110,7,,,0,60,,89733,7,,,0,19,,89729,7,,,0,20,,101113,7,,,0,59,,101116,7,,,0,20,,101115,7,,,0,19,,101118,7,,,0,60,,89738,7,,,0,20,,101117,7,,,0,20,,101119,7,,,0,60,,101114,7,,,0,30,,101120,7,,,0,70,,89743,7,,,0,30,,101121,7,,,0,70,,101122,7,,,0,38,,101123,7,,,0
