4700,'5456',619,,93089,13,,,0,21,,93087,13,,,0,63,,93088,13,,,0
4700,'5458',619,,93092,13,,,0,21,,93090,13,,,0,63,,93091,13,,,0
4701,'5456',1716,,93093,47,,,0,26,,93094,47,,,0,68,,93095,47,,,0
4701,'5458',1716,,93096,47,,,0,26,,93097,47,,,0,68,,93098,47,,,0
5800,'5456',625,,94235,5,,,0,30,,94234,5,,,0,80,,94229,5,,,0,79,,94228,5,,,0,25,,94236,5,,,0,71,,94226,5,,,0,43,,94227,5,,,0,86,,94230,5,,,0,85,,94231,5,,,0,85,,94232,5,,,0,45,,94233,5,,,0,87,,94237,5,,,0,87,,94238,5,,,0,20,,94247,5,,,0,63,,94239,5,,,0,16,,94248,5,,,0,27,,94240,5,,,0,91,,94241,5,,,0,88,,94242,5,,,0,85,,94243,5,,,0,85,,94249,5,,,0,146,,94244,5,,,0,110,,94245,5,,,0,149,,94246,5,,,0
5800,'5458',625,,94259,5,,,0,30,,94258,5,,,0,80,,94253,5,,,0,79,,94252,5,,,0,25,,94260,5,,,0,71,,94250,5,,,0,43,,94251,5,,,0,86,,94254,5,,,0,85,,94255,5,,,0,85,,94256,5,,,0,45,,94257,5,,,0,87,,94261,5,,,0,87,,94262,5,,,0,20,,94271,5,,,0,63,,94263,5,,,0,16,,94272,5,,,0,27,,94264,5,,,0,91,,94265,5,,,0,88,,94266,5,,,0,85,,94267,5,,,0,85,,94273,5,,,0,146,,94268,5,,,0,110,,94269,5,,,0,149,,94270,5,,,0
5800,'5459',658,,94286,5,,,0,100,,94287,5,,,0,100,,94288,5,,,0,146,,94289,5,,,0,105,,94284,5,,,0,105,,94285,5,,,0,100,,94283,5,,,0,111,,94281,5,,,0,100,,94282,5,,,0,110,,94280,5,,,0,99,,94275,5,,,0,105,,94276,5,,,0,100,,94277,5,,,0,105,,94278,5,,,0,114,,94279,5,,,0,150,,94274,5,,,0
5800,'5460',757,,94290,5,,,0,101,,94294,5,,,0,145,,94291,5,,,0,106,,94295,5,,,0,105,,94293,5,,,0,100,,94296,5,,,0,111,,94292,5,,,0,100,,94297,5,,,0,109,,94298,5,,,0,100,,94300,5,,,0,104,,94299,5,,,0,100,,94301,5,,,0,105,,94302,5,,,0,199,,94303,5,,,0
5800,'5461',757,,94304,5,,,0,101,,94308,5,,,0,145,,94305,5,,,0,106,,94309,5,,,0,105,,94307,5,,,0,100,,94310,5,,,0,111,,94306,5,,,0,100,,94311,5,,,0,109,,94312,5,,,0,100,,94314,5,,,0,104,,94313,5,,,0,100,,94315,5,,,0,105,,94316,5,,,0,199,,94317,5,,,0
5800,'5462',757,,94318,5,,,0,101,,94322,5,,,0,145,,94319,5,,,0,106,,94323,5,,,0,105,,94321,5,,,0,100,,94324,5,,,0,111,,94320,5,,,0,100,,94325,5,,,0,109,,94326,5,,,0,100,,94328,5,,,0,104,,94327,5,,,0,100,,94329,5,,,0,105,,94330,5,,,0,199,,94331,5,,,0
5800,'5463',757,,94332,5,,,0,101,,94336,5,,,0,145,,94333,5,,,0,106,,94337,5,,,0,105,,94335,5,,,0,100,,94338,5,,,0,111,,94334,5,,,0,100,,94339,5,,,0,109,,94340,5,,,0,100,,94342,5,,,0,104,,94341,5,,,0,100,,94343,5,,,0,105,,94344,5,,,0,199,,94345,5,,,0
