201,'5456',608,,82174,27,0,46 37,0,21,,82175,27,0,46 37,0,26,,82176,27,0,46 37,0,69,,82177,27,0,46 37,0,32,,82178,27,0,46 37,0,71,,82179,27,0,46 37,0,32,,82180,27,0,46 37,0,70,,82181,27,0,46 37,0,73,,82182,27,0,46 37,0,39,,82183,27,0,46 37,0,79,,82184,27,0,46 37,0,39,,82185,27,0,46 37,0,80,,82186,27,0,46 37,0,80,,82187,27,0,46 37,0,40,,82188,27,0,46 37,0,57,,82189,1,0,46 37,0,35,,82190,27,0,46 37,0,55,,98700,8,0,46 37,0,19,,82202,27,0,46 37,0,77,,82204,27,0,46 37,0,36,,82205,27,0,46 37,0,75,,82201,27,0,46 37,0,37,,82203,27,0,46 37,0,86,,82196,27,0,46 37,0,65,,82195,27,0,46 37,0,41,,82200,27,0,46 37,0,83,,82194,27,0,46 37,0,81,,82199,27,0,46 37,0,38,,82193,27,0,46 37,0,80,,82198,27,0,46 37,0,81,,82192,27,0,46 37,0,40,,82197,27,0,46 37,0,72,,82191,27,0,46 37,0
201,'5458',608,,82207,27,0,46 37,0,21,,82208,27,0,46 37,0,26,,82209,27,0,46 37,0,69,,82210,27,0,46 37,0,32,,82211,27,0,46 37,0,71,,82212,27,0,46 37,0,32,,82213,27,0,46 37,0,70,,82214,27,0,46 37,0,73,,82215,27,0,46 37,0,39,,82216,27,0,46 37,0,79,,82217,27,0,46 37,0,39,,82218,27,0,46 37,0,80,,82219,27,0,46 37,0,80,,82220,27,0,46 37,0,40,,82221,27,0,46 37,0,57,,82222,1,0,46 37,0,35,,82223,27,0,46 37,0,55,,98701,8,0,46 37,0,19,,82236,27,0,46 37,0,77,,82238,27,0,46 37,0,36,,82239,27,0,46 37,0,75,,82235,27,0,46 37,0,37,,82237,27,0,46 37,0,86,,82230,27,0,46 37,0,65,,82229,27,0,46 37,0,41,,82234,27,0,46 37,0,83,,82228,27,0,46 37,0,81,,82233,27,0,46 37,0,38,,82227,27,0,46 37,0,80,,82232,27,0,46 37,0,81,,82226,27,0,46 37,0,40,,82231,27,0,46 37,0,72,,82225,27,0,46 37,0,31,,82224,1,0,46 37,0
201,'5459',651,,98713,27,0,46 37,0,158,,98714,27,0,46 37,0,22,,82248,1,0,46 37,0,103,,98709,27,0,46 37,0,80,,98704,27,0,46 37,0,37,,82241,1,0,46 37,0,60,,98712,27,0,46 37,0,39,,98705,27,0,46 37,0,80,,82242,27,0,46 37,0,78,,82245,27,0,46 37,0,39,,98702,27,0,46 37,0,80,,98707,27,0,46 37,0,80,,98703,27,0,46 37,0,41,,82243,27,0,46 37,0,81,,82247,27,0,46 37,0,75,,98708,27,0,46 37,0,41,,98711,27,0,46 37,0,80,,98710,27,0,46 37,0,77,,82260,27,0,46 37,0,35,,82251,27,0,46 37,0,80,,98706,27,0,46 37,0,85,,82253,27,0,46 37,0,41,,98716,27,0,46 37,0,81,,82263,27,0,46 37,0,83,,98715,27,0,46 37,0,40,,82265,27,0,46 37,0,76,,98717,27,0,46 37,0,30,,98718,1,0,46 37,0
201,'5460',637,,82283,27,0,46 37,0,120,,82290,27,0,46 37,0,158,,82284,27,0,46 37,0,99,,82271,1,0,46 37,0,37,,82291,27,0,46 37,0,60,,82269,1,0,46 37,0,40,,82270,27,0,46 37,0,79,,82281,27,0,46 37,0,79,,82277,27,0,46 37,0,40,,82276,27,0,46 37,0,80,,82272,27,0,46 37,0,80,,82273,27,0,46 37,0,40,,82282,27,0,46 37,0,81,,82278,27,0,46 37,0,76,,82274,27,0,46 37,0,40,,82275,27,0,46 37,0,81,,82279,27,0,46 37,0,77,,82288,27,0,46 37,0,40,,82280,27,0,46 37,0,80,,82287,27,0,46 37,0,81,,82286,27,0,46 37,0,40,,82289,27,0,46 37,0,81,,82285,27,0,46 37,0,81,,82292,27,0,46 37,0,41,,82293,27,0,46 37,0
201,'5461',637,,82308,27,0,46 37,0,120,,82315,27,0,46 37,0,158,,82309,27,0,46 37,0,99,,82296,1,0,46 37,0,37,,82316,27,0,46 37,0,60,,82294,1,0,46 37,0,40,,82295,27,0,46 37,0,79,,82306,27,0,46 37,0,79,,82302,27,0,46 37,0,40,,82301,27,0,46 37,0,80,,82297,27,0,46 37,0,80,,82298,27,0,46 37,0,40,,82307,27,0,46 37,0,81,,82303,27,0,46 37,0,76,,82299,27,0,46 37,0,40,,82300,27,0,46 37,0,81,,82304,27,0,46 37,0,77,,82313,27,0,46 37,0,40,,82305,27,0,46 37,0,80,,82312,27,0,46 37,0,81,,82311,27,0,46 37,0,40,,82314,27,0,46 37,0,81,,82310,27,0,46 37,0,81,,82317,27,0,46 37,0,41,,82318,27,0,46 37,0
201,'5462',637,,82333,27,0,46 37,0,120,,82340,27,0,46 37,0,158,,82334,27,0,46 37,0,99,,82321,1,0,46 37,0,37,,82341,27,0,46 37,0,60,,82319,1,0,46 37,0,40,,82320,27,0,46 37,0,79,,82331,27,0,46 37,0,79,,82327,27,0,46 37,0,40,,82326,27,0,46 37,0,80,,82322,27,0,46 37,0,80,,82323,27,0,46 37,0,40,,82332,27,0,46 37,0,81,,82328,27,0,46 37,0,76,,82324,27,0,46 37,0,40,,82325,27,0,46 37,0,81,,82329,27,0,46 37,0,77,,82338,27,0,46 37,0,40,,82330,27,0,46 37,0,80,,82337,27,0,46 37,0,81,,82336,27,0,46 37,0,40,,82339,27,0,46 37,0,81,,82335,27,0,46 37,0,81,,82342,27,0,46 37,0,41,,82343,27,0,46 37,0
201,'5463',637,,82358,27,0,46 37,0,120,,82365,27,0,46 37,0,158,,82359,27,0,46 37,0,99,,82346,1,0,46 37,0,37,,82366,27,0,46 37,0,60,,82344,1,0,46 37,0,40,,82345,27,0,46 37,0,79,,82356,27,0,46 37,0,79,,82352,27,0,46 37,0,40,,82351,27,0,46 37,0,80,,82347,27,0,46 37,0,80,,82348,27,0,46 37,0,40,,82357,27,0,46 37,0,81,,82353,27,0,46 37,0,76,,82349,27,0,46 37,0,40,,82350,27,0,46 37,0,81,,82354,27,0,46 37,0,77,,82363,27,0,46 37,0,40,,82355,27,0,46 37,0,80,,82362,27,0,46 37,0,81,,82361,27,0,46 37,0,40,,82364,27,0,46 37,0,81,,82360,27,0,46 37,0,81,,82367,27,0,46 37,0,41,,82368,27,0,46 37,0
300,'5456',625,,82369,32,,,0,34,,82371,34,,,0,76,,82370,32,,,0,81,,82379,34,,,0,37,,82372,32,,,0,75,,82373,34,,,0,30,,82377,36,,,0,69,,82374,34,,,0,30,,82375,36,,,0,70,,82376,34,,,0,30,,82378,36,,,0,75,,82380,34,,,0,70,,82381,36,,,0,30,,82385,34,,,0,71,,82382,36,,,0,33,,82395,34,,,0,75,,82384,36,,,0,35,,82383,34,,,0,74,,82394,34,,,0,33,,82386,34,,,0,73,,82387,32,,,0,74,,82393,34,,,0,27,,82388,32,,,0,30,,82389,34,,,0,70,,82396,32,,,0,25,,82390,34,,,0,65,,82391,32,,,0,30,,82397,34,,,0,85,,82392,32,4,,0
300,'5458',625,,82398,32,,,0,34,,82400,34,,,0,76,,82399,32,,,0,81,,82408,34,,,0,37,,82401,32,,,0,75,,82402,34,,,0,30,,82406,36,,,0,69,,82403,34,,,0,30,,82404,36,,,0,70,,82405,34,,,0,30,,82407,36,,,0,75,,82409,34,,,0,70,,82410,36,,,0,30,,82414,34,,,0,71,,82411,36,,,0,33,,82424,34,,,0,75,,82413,36,,,0,35,,82412,34,,,0,74,,82423,34,,,0,33,,82415,34,,,0,73,,82416,32,,,0,74,,82422,34,,,0,27,,82417,32,,,0,30,,82418,34,,,0,70,,82425,32,,,0,25,,82419,34,,,0,65,,82420,32,,,0,30,,82426,34,,,0,85,,82421,32,4,,0
300,'5459',703,,82450,32,,,0,30,,82433,34,,,0,69,,82427,32,,,0,30,,82442,34,,,0,70,,82435,32,,,0,30,,82452,34,,,0,70,,82441,32,,,0,30,,82428,34,,,0,69,,82449,36,,,0,30,,82440,34,,,0,70,,82431,36,,,0,30,,82453,34,,,0,70,,82443,36,,,0,31,,82430,34,,,0,69,,82437,36,,,0,34,,82429,34,,,0,69,,82436,36,,,0,40,,82434,34,,,0,70,,82438,32,,,0,38,,82432,34,,,0,64,,82439,32,,,0,36,,82445,34,,,0,68,,82446,32,,,0,32,,82444,34,,,0,65,,82447,32,,,0,30,,82448,34,,,0,70,,82454,32,,,0,30,,82451,34,,,0,85,,82455,32,4,,0
300,'5460',717,,82470,32,,,0,85,,82458,34,,,0,40,,82471,32,,,0,85,,82465,34,,,0,75,,82469,32,,,0,40,,82456,34,,,0,59,,82466,32,,,0,31,,82461,34,,,0,69,,82457,32,,,0,30,,82462,34,,,0,70,,82460,32,,,0,30,,82459,34,,,0,70,,82463,32,,,0,37,,82464,34,,,0,67,,82467,32,,,0,41,,82468,34,,,0,65,,82475,32,,,0,33,,82472,34,,,0,68,,82473,32,,,0,30,,82474,34,,,0,70,,82477,32,,,0,30,,82476,34,,,0,70,,82478,32,,,0,35,,82479,34,,,0,83,,82480,32,4,,0
300,'5461',717,,82495,32,,,0,85,,82483,34,,,0,40,,82496,32,,,0,85,,82490,34,,,0,75,,82494,32,,,0,40,,82481,34,,,0,59,,82491,32,,,0,31,,82486,34,,,0,69,,82482,32,,,0,30,,82487,34,,,0,70,,82485,32,,,0,30,,82484,34,,,0,70,,82488,32,,,0,37,,82489,34,,,0,67,,82492,32,,,0,41,,82493,34,,,0,65,,82500,32,,,0,33,,82497,34,,,0,68,,82498,32,,,0,30,,82499,34,,,0,70,,82502,32,,,0,30,,82501,34,,,0,70,,82503,32,,,0,35,,82504,34,,,0,83,,82505,32,4,,0
300,'5462',717,,82520,32,,,0,85,,82508,34,,,0,40,,82521,32,,,0,85,,82515,34,,,0,75,,82519,32,,,0,40,,82506,34,,,0,59,,82516,32,,,0,31,,82511,34,,,0,69,,82507,32,,,0,30,,82512,34,,,0,70,,82510,32,,,0,30,,82509,34,,,0,70,,82513,32,,,0,37,,82514,34,,,0,67,,82517,32,,,0,41,,82518,34,,,0,65,,82525,32,,,0,33,,82522,34,,,0,68,,82523,32,,,0,30,,82524,34,,,0,70,,82527,32,,,0,30,,82526,34,,,0,70,,82528,32,,,0,35,,82529,34,,,0,83,,82530,32,4,,0
300,'5463',717,,82545,32,,,0,85,,82533,34,,,0,40,,82546,32,,,0,85,,82540,34,,,0,75,,82544,32,,,0,40,,82531,34,,,0,59,,82541,32,,,0,31,,82536,34,,,0,69,,82532,32,,,0,30,,82537,34,,,0,70,,82535,32,,,0,30,,82534,34,,,0,70,,82538,32,,,0,37,,82539,34,,,0,67,,82542,32,,,0,41,,82543,34,,,0,65,,82550,32,,,0,33,,82547,34,,,0,68,,82548,32,,,0,30,,82549,34,,,0,70,,82552,32,,,0,30,,82551,34,,,0,70,,82553,32,,,0,35,,82554,34,,,0,83,,82555,32,4,,0
501,'5456',640,,83690,22,,,0,71,,83691,22,,,0,28,,83692,22,,,0,72,,83693,22,,,0,32,,83694,22,,,0,71,,83695,22,,,0,30,,83696,22,,,0,77,,83697,22,,,0,80,,83698,22,,,0,39,,83699,22,,,0,79,,83700,22,,,0,40,,83701,22,,,0,80,,83702,22,,,0,94,,83703,22,,,0,76,,83704,22,,,0,35,,83706,22,,,0,77,,83710,22,,,0,34,,83708,22,,,0,75,,83705,22,,,0,81,,83709,22,,,0,110,,83712,22,,,0,82,,83707,22,,,0,42,,83711,22,,,0
501,'5458',640,,83713,22,,,0,71,,83714,22,,,0,28,,83715,22,,,0,72,,83716,22,,,0,32,,83717,22,,,0,71,,83718,22,,,0,30,,83719,22,,,0,77,,83720,22,,,0,80,,83721,22,,,0,39,,83722,22,,,0,79,,83723,22,,,0,40,,83724,22,,,0,80,,83725,22,,,0,94,,83726,22,,,0,76,,83727,22,,,0,35,,83729,22,,,0,77,,83733,22,,,0,34,,83731,22,,,0,75,,83728,22,,,0,81,,83732,22,,,0,110,,83735,22,,,0,82,,83730,22,,,0,42,,83734,22,,,0
501,'5459',730,,98923,22,,,0,120,,98924,22,,,0,60,,98920,1,,,0,44,,83743,22,,,0,79,,98919,22,,,0,98,,83745,22,,,0,79,,98918,22,,,0,39,,98928,22,,,0,78,,98922,22,,,0,79,,83742,22,,,0,41,,83739,22,,,0,80,,98921,22,,,0,81,,98927,22,,,0,41,,98929,22,,,0,75,,83749,22,,,0,81,,83751,22,,,0,37,,98931,22,,,0,75,,98930,22,,,0,40,,98925,22,,,0,85,,98926,22,,,0
501,'5460',717,,98934,22,,,0,119,,98933,22,,,0,118,,98932,22,,,0,79,,83762,22,,,0,98,,83765,22,,,0,79,,83761,22,,,0,40,,83757,22,,,0,79,,83756,22,,,0,80,,83772,22,,,0,40,,83764,22,,,0,80,,83760,22,,,0,80,,83759,22,,,0,42,,83758,22,,,0,75,,83771,22,,,0,80,,83766,22,,,0,36,,83763,22,,,0,82,,83767,22,,,0
501,'5461',717,,83787,22,,,0,119,,83786,22,,,0,118,,83785,22,,,0,79,,83779,22,,,0,98,,83782,22,,,0,79,,83778,22,,,0,40,,83774,22,,,0,79,,83773,22,,,0,80,,83789,22,,,0,40,,83781,22,,,0,80,,83777,22,,,0,80,,83776,22,,,0,42,,83775,22,,,0,75,,83788,22,,,0,80,,83783,22,,,0,36,,83780,22,,,0,82,,83784,22,,,0
501,'5462',717,,83804,22,,,0,119,,83803,22,,,0,118,,83802,22,,,0,79,,83796,22,,,0,98,,83799,22,,,0,79,,83795,22,,,0,40,,83791,22,,,0,79,,83790,22,,,0,80,,83806,22,,,0,40,,83798,22,,,0,80,,83794,22,,,0,80,,83793,22,,,0,42,,83792,22,,,0,75,,83805,22,,,0,80,,83800,22,,,0,36,,83797,22,,,0,82,,83801,22,,,0
501,'5463',717,,83821,22,,,0,119,,83820,22,,,0,118,,83819,22,,,0,79,,83813,22,,,0,98,,83816,22,,,0,79,,83812,22,,,0,40,,83808,22,,,0,79,,83807,22,,,0,80,,83823,22,,,0,40,,83815,22,,,0,80,,83811,22,,,0,80,,83810,22,,,0,42,,83809,22,,,0,75,,83822,22,,,0,80,,83817,22,,,0,36,,83814,22,,,0,82,,83818,22,,,0
1001,'5456',621,,85373,21,0,46 37,0,82,,85378,21,0,46 37,0,36,,85374,21,0,46 37,0,76,,85375,21,0,46 37,0,44,,85376,21,0,46 37,0,80,,85377,21,0,46 37,0,95,,85381,21,0,46 37,0,115,,85379,21,0,46 37,0,90,,85382,21,0,46 37,0,75,,85380,21,0,46 37,0,86,,85385,21,0,46 37,0,41,,85383,21,0,46 37,0,95,,85386,21,0,46 37,0,81,,85384,21,0,46 37,0,88,,85387,21,0,46 37,0,41,,85388,21,0,46 37,0,61,,85392,21,0,46 37,0,31,,85389,21,0,46 37,0,96,,85391,21,0,46 37,0,101,,85390,21,0,46 37,0
1001,'5458',621,,85393,21,0,46 37,0,82,,85398,21,0,46 37,0,36,,85394,21,0,46 37,0,76,,85395,21,0,46 37,0,44,,85396,21,0,46 37,0,80,,85397,21,0,46 37,0,95,,85401,21,0,46 37,0,115,,85399,21,0,46 37,0,90,,85402,21,0,46 37,0,75,,85400,21,0,46 37,0,86,,85405,21,0,46 37,0,41,,85403,21,0,46 37,0,95,,85406,21,0,46 37,0,81,,85404,21,0,46 37,0,88,,85407,21,0,46 37,0,41,,85408,21,0,46 37,0,61,,85412,21,0,46 37,0,31,,85409,21,0,46 37,0,96,,85411,21,0,46 37,0,101,,85410,21,0,46 37,0
1001,'5459',718,,85422,21,0,46 37,0,101,,85425,21,0,46 37,0,101,,85413,21,0,46 37,0,96,,85417,21,0,46 37,0,108,,85419,21,0,46 37,0,110,,85418,21,0,46 37,0,96,,85415,21,0,46 37,0,100,,85414,21,0,46 37,0,100,,85416,21,0,46 37,0,103,,85420,21,0,46 37,0,103,,85421,21,0,46 37,0,100,,85423,21,0,46 37,0,99,,85424,21,0,46 37,0,99,,85426,21,0,46 37,0
1001,'5460',719,,85432,21,0,46 37,0,100,,85431,21,0,46 37,0,99,,85428,21,0,46 37,0,104,,85429,21,0,46 37,0,100,,85435,21,0,46 37,0,110,,85434,21,0,46 37,0,90,,85427,21,0,46 37,0,107,,85430,21,0,46 37,0,100,,85433,21,0,46 37,0,99,,85437,21,0,46 37,0,103,,85436,21,0,46 37,0,105,,85438,21,0,46 37,0,99,,85439,21,0,46 37,0
1001,'5461',719,,85446,21,0,46 37,0,100,,85445,21,0,46 37,0,99,,85442,21,0,46 37,0,104,,85443,21,0,46 37,0,100,,85449,21,0,46 37,0,110,,85448,21,0,46 37,0,90,,85441,21,0,46 37,0,107,,85444,21,0,46 37,0,100,,85447,21,0,46 37,0,99,,85451,21,0,46 37,0,103,,85450,21,0,46 37,0,105,,85452,21,0,46 37,0,99,,85453,21,0,46 37,0
1001,'5462',719,,85460,21,0,46 37,0,100,,85459,21,0,46 37,0,99,,85456,21,0,46 37,0,104,,85457,21,0,46 37,0,100,,85463,21,0,46 37,0,110,,85462,21,0,46 37,0,90,,85455,21,0,46 37,0,107,,85458,21,0,46 37,0,100,,85461,21,0,46 37,0,99,,85465,21,0,46 37,0,103,,85464,21,0,46 37,0,105,,85466,21,0,46 37,0,99,,85467,21,0,46 37,0
1001,'5463',719,,85474,21,0,46 37,0,100,,85473,21,0,46 37,0,99,,85470,21,0,46 37,0,104,,85471,21,0,46 37,0,100,,85477,21,0,46 37,0,110,,85476,21,0,46 37,0,90,,85469,21,0,46 37,0,107,,85472,21,0,46 37,0,100,,85475,21,0,46 37,0,99,,85479,21,0,46 37,0,103,,85478,21,0,46 37,0,105,,85480,21,0,46 37,0,99,,85481,21,0,46 37,0
2701,'5456',545,,90458,32,,,0,82,,90459,32,,,0,28,,90460,32,,,0,62,,90461,32,,,0,33,,90462,32,,,0,65,,90463,32,,,0,23,,90464,32,,,0,69,,90465,32,,,0,19,,90466,32,,,0,23,,90467,32,,,0,64,,90468,32,,,0,24,,90469,32,,,0,66,,90470,32,,,0,26,,90471,32,,,0,29,,90472,32,,,0,67,,90473,32,,,0,26,,90474,32,,,0,66,,90475,32,,,0,26,,90476,32,,,0,66,,90477,32,,,0,25,,90478,32,,,0,66,,90479,32,,,0,27,,90480,32,,,0,21,,90514,32,,,0,7,,90481,32,,,0,61,,90482,32,,,0,33,,90483,32,,,0,71,,90484,32,,,0,32,,90485,32,,,0,67,,90486,32,,,0,13,,90487,32,,,0,12,,90488,32,,,0,15,,90489,32,,,0,54,,90490,32,,,0,16,,90491,32,,,0,19,,90492,32,,,0,63,,90493,32,,,0,26,,90494,32,,,0,68,,90495,32,,,0,29,,90496,32,,,0,66,,90497,32,,,0,29,,90498,32,,,0,30,,90499,32,,,0,76,,90500,32,,,0,78,,90501,32,,,0,37,,90502,32,,,0
2701,'5458',545,,90515,32,,,0,82,,90516,32,,,0,28,,90517,32,,,0,62,,90518,32,,,0,33,,90519,32,,,0,65,,90520,32,,,0,23,,90521,32,,,0,69,,90522,32,,,0,19,,90523,32,,,0,23,,90524,32,,,0,64,,90525,32,,,0,24,,90526,32,,,0,66,,90527,32,,,0,26,,90528,32,,,0,29,,90529,32,,,0,67,,90530,32,,,0,26,,90531,32,,,0,66,,90532,32,,,0,26,,90533,32,,,0,66,,90534,32,,,0,24,,90536,32,,,0,1,,101384,32,,,0,66,,90537,32,,,0,27,,90538,32,,,0,21,,90575,32,,,0,68,,101385,32,,,0,33,,90540,32,,,0,71,,90541,32,,,0,32,,90542,32,,,0,67,,90543,32,,,0,13,,90544,32,,,0,12,,101386,32,,,0,15,,101387,32,,,0,54,,90547,32,,,0,16,,101388,32,,,0,19,,90549,32,,,0,63,,101389,32,,,0,26,,90551,32,,,0,68,,90552,32,,,0,29,,101390,32,,,0,66,,90554,32,,,0,29,,90555,32,,,0,30,,101391,32,,,0,76,,101392,32,,,0,78,,101393,32,,,0,37,,101394,32,,,0,80,,101395,32,,,0,80,,101396,32,,,0
2701,'5459',648,,101401,32,,,0,81,,101402,32,,,0,30,,101403,32,,,0,70,,101404,32,,,0,30,,101405,32,,,0,66,,101406,32,,,0,28,,101407,32,,,0,68,,101408,32,,,0,27,,101409,32,,,0,65,,90585,32,,,0,22,,101410,32,,,0,23,,101411,32,,,0,62,,101412,32,,,0,21,,90589,32,,,0,62,,101413,32,,,0,23,,101414,32,,,0,24,,101415,32,,,0,62,,90593,32,,,0,24,,101416,32,,,0,23,,101417,32,,,0,61,,90596,32,,,0,21,,101418,32,,,0,61,,90598,32,,,0,21,,101419,32,,,0,20,,90600,32,,,0,60,,101420,32,,,0,20,,90602,32,,,0,21,,101421,32,,,0,60,,101422,32,,,0,20,,90605,32,,,0,18,,101423,32,,,0,59,,90607,32,,,0,20,,101424,32,,,0,21,,90609,32,,,0,66,,101425,32,,,0,26,,101426,32,,,0,68,,101427,32,,,0,30,,101428,32,,,0,69,,101429,32,,,0,29,,101430,32,,,0,29,,101431,32,,,0,71,,101432,32,,,0,70,,101433,32,,,0,30,,101434,32,,,0,71,,101435,32,,,0,28,,101436,32,,,0,29,,101437,32,,,0,70,,101438,32,,,0
2701,'5460',718,,101441,32,,,0,83,,90628,32,,,0,31,,101442,32,,,0,69,,90630,32,,,0,32,,90631,32,,,0,71,,90626,32,,,0,32,,90632,32,,,0,65,,90633,32,,,0,27,,90634,32,,,0,27,,90635,32,,,0,65,,101443,32,,,0,26,,90637,32,,,0,64,,90638,32,,,0,23,,90639,32,,,0,22,,101444,32,,,0,63,,90641,32,,,0,23,,90642,32,,,0,63,,90643,32,,,0,22,,101445,32,,,0,23,,90645,32,,,0,63,,90646,32,,,0,23,,90647,32,,,0,23,,101446,32,,,0,62,,90649,32,,,0,22,,90650,32,,,0,63,,90651,32,,,0,23,,101447,32,,,0,22,,90653,32,,,0,63,,90654,32,,,0,26,,101448,32,,,0,65,,101449,32,,,0,28,,90657,32,,,0,68,,101450,32,,,0,30,,101451,32,,,0,29,,90660,32,,,0,75,,101452,32,,,0,81,,90662,32,,,0,36,,101453,32,,,0
2701,'5461',718,,90666,32,,,0,83,,90667,32,,,0,31,,90668,32,,,0,69,,90669,32,,,0,32,,101456,32,,,0,71,,101455,32,,,0,32,,90671,32,,,0,65,,101457,32,,,0,27,,101458,32,,,0,27,,90674,32,,,0,65,,101459,32,,,0,26,,90676,32,,,0,64,,90677,32,,,0,23,,90678,32,,,0,22,,101460,32,,,0,63,,90680,32,,,0,23,,90681,32,,,0,63,,90682,32,,,0,22,,101461,32,,,0,23,,90684,32,,,0,63,,90685,32,,,0,23,,90686,32,,,0,23,,101462,32,,,0,62,,90688,32,,,0,22,,90689,32,,,0,63,,90690,32,,,0,23,,101463,32,,,0,22,,90692,32,,,0,63,,90693,32,,,0,26,,90694,32,,,0,65,,101464,32,,,0,28,,90696,32,,,0,68,,90697,32,,,0,30,,101465,32,,,0,29,,90699,32,,,0,75,,101466,32,,,0,81,,90701,32,,,0,36,,101467,32,,,0
2701,'5462',718,,90705,32,,,0,83,,90706,32,,,0,31,,90707,32,,,0,69,,90708,32,,,0,32,,101470,32,,,0,71,,101469,32,,,0,32,,90710,32,,,0,65,,101471,32,,,0,27,,101472,32,,,0,27,,90713,32,,,0,65,,101473,32,,,0,26,,90715,32,,,0,64,,90716,32,,,0,23,,90717,32,,,0,22,,101474,32,,,0,63,,90719,32,,,0,23,,90720,32,,,0,63,,90721,32,,,0,22,,101475,32,,,0,23,,90723,32,,,0,63,,90724,32,,,0,23,,90725,32,,,0,23,,101476,32,,,0,62,,90727,32,,,0,22,,90728,32,,,0,63,,90729,32,,,0,23,,101477,32,,,0,22,,90731,32,,,0,63,,90732,32,,,0,26,,90733,32,,,0,65,,101478,32,,,0,28,,90735,32,,,0,68,,90736,32,,,0,30,,101479,32,,,0,29,,90738,32,,,0,75,,101480,32,,,0,81,,90740,32,,,0,36,,101481,32,,,0
2701,'5463',718,,90744,32,,,0,83,,90745,32,,,0,31,,90746,32,,,0,69,,90747,32,,,0,32,,101484,32,,,0,71,,101483,32,,,0,32,,90749,32,,,0,65,,101485,32,,,0,27,,101486,32,,,0,27,,90752,32,,,0,65,,101487,32,,,0,26,,90754,32,,,0,64,,90755,32,,,0,23,,90756,32,,,0,22,,101488,32,,,0,63,,90758,32,,,0,23,,90759,32,,,0,63,,90760,32,,,0,22,,101489,32,,,0,23,,90762,32,,,0,63,,90763,32,,,0,23,,90764,32,,,0,23,,101490,32,,,0,62,,90766,32,,,0,22,,90767,32,,,0,63,,90768,32,,,0,23,,101491,32,,,0,22,,90770,32,,,0,63,,90771,32,,,0,26,,90772,32,,,0,65,,101492,32,,,0,28,,90774,32,,,0,68,,90775,32,,,0,30,,101493,32,,,0,29,,90777,32,,,0,75,,101494,32,,,0,81,,90779,32,,,0,36,,101495,32,,,0
2801,'5456',613,,101599,37,,,0,28,,91091,37,,,0,66,,91092,37,,,0,23,,101600,37,,,0,13,,91094,37,,,0,13,,91095,37,,,0,51,,91096,37,,,0,12,,91097,37,,,0,12,,91098,37,,,0,12,,91099,37,,,0,15,,91100,37,,,0,58,,91101,37,,,0,21,,91102,37,,,0,65,,91103,37,,,0,24,,91104,37,,,0,24,,91105,37,,,0,66,,91106,37,,,0,28,,91107,37,,,0,67,,91108,37,,,0,27,,91109,37,,,0,66,,91110,37,,,0,26,,91111,37,,,0,26,,91112,37,,,0,66,,91113,37,,,0,26,,91114,37,,,0,65,,91115,37,,,0,27,,91116,37,,,0,61,,91117,37,,,0,32,,91118,37,,,0,72,,91119,37,,,0,20,,91137,37,,,0,13,,91120,37,,,0,69,,91121,37,,,0,131,,91122,37,,,0,20,,91123,37,,,0,66,,91124,37,,,0,29,,91125,37,,,0,66,,91126,37,,,0,26,,91127,37,,,0,69,,91128,37,,,0,30,,91129,37,,,0,71,,91130,37,,,0,37,,91131,37,,,0,77,,91132,37,,,0,79,,91133,37,,,0
2801,'5458',613,,101601,37,,,0,28,,91139,37,,,0,66,,91140,37,,,0,23,,101602,37,,,0,13,,91142,37,,,0,13,,91143,37,,,0,51,,91144,37,,,0,12,,91145,37,,,0,12,,91146,37,,,0,12,,91147,37,,,0,15,,91148,37,,,0,58,,91149,37,,,0,21,,91150,37,,,0,65,,91151,37,,,0,24,,91152,37,,,0,24,,91153,37,,,0,66,,91154,37,,,0,28,,91155,37,,,0,67,,91156,37,,,0,27,,91157,37,,,0,66,,91158,37,,,0,26,,91159,37,,,0,26,,91160,37,,,0,66,,91161,37,,,0,26,,91162,37,,,0,65,,91163,37,,,0,27,,91164,37,,,0,61,,91165,37,,,0,32,,91166,37,,,0,72,,91167,37,,,0,20,,91188,37,,,0,13,,91168,37,,,0,69,,91169,37,,,0,131,,91170,37,,,0,20,,91171,37,,,0,66,,101603,37,,,0,29,,101604,37,,,0,66,,91174,37,,,0,26,,101605,37,,,0,69,,101606,37,,,0,30,,91177,37,,,0,71,,101607,37,,,0,37,,91179,37,,,0,77,,101608,37,,,0,79,,91181,37,,,0,40,,101609,37,,,0
2801,'5459',709,,101612,37,,,0,35,,101613,37,,,0,70,,101614,37,,,0,30,,101611,37,,,0,68,,101615,37,,,0,27,,101616,37,,,0,68,,101617,37,,,0,27,,101618,37,,,0,66,,101619,37,,,0,23,,101620,37,,,0,24,,101621,37,,,0,62,,91200,37,,,0,22,,101622,37,,,0,21,,91202,37,,,0,62,,101623,37,,,0,24,,91204,37,,,0,62,,101624,37,,,0,25,,91206,37,,,0,21,,101625,37,,,0,64,,91208,37,,,0,20,,101626,37,,,0,20,,91210,37,,,0,63,,101627,37,,,0,19,,101628,37,,,0,21,,91213,37,,,0,60,,101629,37,,,0,20,,91215,37,,,0,21,,101630,37,,,0,60,,91217,37,,,0,20,,101631,37,,,0,18,,91219,37,,,0,60,,101632,37,,,0,20,,101633,37,,,0,23,,91222,37,,,0,66,,91223,37,,,0,27,,101634,37,,,0,69,,91225,37,,,0,30,,91226,37,,,0,69,,101635,37,,,0,28,,101636,37,,,0,69,,101637,37,,,0,32,,101638,37,,,0,70,,101639,37,,,0,30,,101640,37,,,0,71,,101641,37,,,0,27,,101642,37,,,0,70,,101643,37,,,0
2801,'5460',648,,91238,37,,,0,98,,91239,37,,,0,70,,91240,37,,,0,32,,91241,37,,,0,68,,91242,37,,,0,32,,101646,37,,,0,71,,91244,37,,,0,29,,101647,37,,,0,67,,101648,37,,,0,26,,91247,37,,,0,67,,91248,37,,,0,24,,91249,37,,,0,25,,91250,37,,,0,64,,91251,37,,,0,22,,91252,37,,,0,62,,91253,37,,,0,23,,91254,37,,,0,24,,91255,37,,,0,63,,91256,37,,,0,22,,91257,37,,,0,63,,91258,37,,,0,23,,91259,37,,,0,24,,91260,37,,,0,62,,101649,37,,,0,23,,91262,37,,,0,21,,91263,37,,,0,63,,91264,37,,,0,22,,101650,37,,,0,63,,91266,37,,,0,24,,101651,37,,,0,27,,101652,37,,,0,66,,101653,37,,,0,29,,101654,37,,,0,69,,101655,37,,,0,29,,101656,37,,,0,70,,101657,37,,,0,40,,101658,37,,,0,78,,101659,37,,,0,85,,101660,37,,,0
2801,'5461',648,,91277,37,,,0,98,,91278,37,,,0,70,,101661,37,,,0,32,,101662,37,,,0,68,,91281,37,,,0,32,,91282,37,,,0,71,,91283,37,,,0,29,,101663,37,,,0,67,,91285,37,,,0,26,,91286,37,,,0,67,,91287,37,,,0,24,,91288,37,,,0,25,,91289,37,,,0,64,,91290,37,,,0,22,,91291,37,,,0,62,,91292,37,,,0,23,,91293,37,,,0,24,,91294,37,,,0,63,,91295,37,,,0,22,,91296,37,,,0,63,,91297,37,,,0,23,,91298,37,,,0,24,,91299,37,,,0,62,,91300,37,,,0,23,,91301,37,,,0,21,,91302,37,,,0,63,,91303,37,,,0,22,,101664,37,,,0,63,,91305,37,,,0,24,,101665,37,,,0,27,,101666,37,,,0,66,,91308,37,,,0,29,,101667,37,,,0,69,,101668,37,,,0,29,,91311,37,,,0,70,,101669,37,,,0,40,,101670,37,,,0,78,,101671,37,,,0,85,,101672,37,,,0
2801,'5462',648,,91316,37,,,0,98,,91317,37,,,0,70,,101673,37,,,0,32,,101674,37,,,0,68,,91320,37,,,0,32,,91321,37,,,0,71,,91322,37,,,0,29,,101675,37,,,0,67,,91324,37,,,0,26,,91325,37,,,0,67,,91326,37,,,0,24,,91327,37,,,0,25,,91328,37,,,0,64,,91329,37,,,0,22,,91330,37,,,0,62,,91331,37,,,0,23,,91332,37,,,0,24,,91333,37,,,0,63,,91334,37,,,0,22,,91335,37,,,0,63,,91336,37,,,0,23,,91337,37,,,0,24,,91338,37,,,0,62,,91339,37,,,0,23,,91340,37,,,0,21,,91341,37,,,0,63,,91342,37,,,0,22,,101676,37,,,0,63,,91344,37,,,0,24,,101677,37,,,0,27,,101678,37,,,0,66,,91347,37,,,0,29,,101679,37,,,0,69,,101680,37,,,0,29,,91350,37,,,0,70,,101681,37,,,0,40,,101682,37,,,0,78,,101683,37,,,0,85,,101684,37,,,0
2801,'5463',648,,91355,37,,,0,98,,91356,37,,,0,70,,101685,37,,,0,32,,101686,37,,,0,68,,91359,37,,,0,32,,91360,37,,,0,71,,91361,37,,,0,29,,101687,37,,,0,67,,91363,37,,,0,26,,91364,37,,,0,67,,91365,37,,,0,24,,91366,37,,,0,25,,91367,37,,,0,64,,91368,37,,,0,22,,91369,37,,,0,62,,91370,37,,,0,23,,91371,37,,,0,24,,91372,37,,,0,63,,91373,37,,,0,22,,91374,37,,,0,63,,91375,37,,,0,23,,91376,37,,,0,24,,91377,37,,,0,62,,91378,37,,,0,23,,91379,37,,,0,21,,91380,37,,,0,63,,91381,37,,,0,22,,101688,37,,,0,63,,91383,37,,,0,24,,101689,37,,,0,27,,101690,37,,,0,66,,91386,37,,,0,29,,101691,37,,,0,69,,101692,37,,,0,29,,91389,37,,,0,70,,101693,37,,,0,40,,101694,37,,,0,78,,101695,37,,,0,85,,101696,37,,,0
3001,'5456',627,,101846,30,,,0,31,,101847,30,,,0,74,,101848,30,,,0,69,,101849,30,,,0,30,,101850,30,,,0,73,,101851,30,,,0,27,,101852,30,,,0,70,,101853,30,,,0,29,,101854,30,,,0,71,,101855,30,,,0,31,,101856,30,,,0,70,,101857,30,,,0,32,,101858,30,,,0,70,,101859,30,,,0,30,,101860,30,,,0,71,,101861,30,,,0,30,,101862,30,,,0,71,,91611,30,,,0,35,,91612,30,,,0,72,,101863,30,,,0,33,,101864,30,,,0,72,,101865,30,,,0,31,,101866,30,,,0,68,,101867,30,,,0,27,,101868,30,,,0,76,,91619,30,,,0,39,,101869,30,,,0,77,,91621,30,,,0,94,,101870,30,,,0,99,,101871,30,,,0,108,,91624,30,,,0,90,,101872,30,,,0
3001,'5458',627,,101873,30,,,0,31,,101874,30,,,0,74,,101875,30,,,0,69,,101876,30,,,0,30,,101877,30,,,0,73,,101878,30,,,0,27,,101879,30,,,0,70,,101880,30,,,0,29,,101881,30,,,0,71,,101882,30,,,0,31,,101883,30,,,0,70,,101884,30,,,0,32,,101885,30,,,0,70,,101886,30,,,0,30,,101887,30,,,0,71,,101888,30,,,0,30,,101889,30,,,0,71,,91643,30,,,0,35,,91644,30,,,0,72,,101890,30,,,0,33,,101891,30,,,0,72,,101892,30,,,0,31,,101893,30,,,0,68,,101894,30,,,0,27,,101895,30,,,0,76,,91651,30,,,0,39,,101896,30,,,0,77,,91653,30,,,0,94,,101897,30,,,0,99,,101898,30,,,0,108,,91656,30,,,0,90,,101899,30,,,0
3001,'5459',654,,101901,30,,,0,88,,101902,30,,,0,80,,91661,30,,,0,33,,101900,30,,,0,71,,101903,30,,,0,32,,101904,30,,,0,72,,101905,30,,,0,29,,101906,30,,,0,70,,101907,30,,,0,30,,101908,30,,,0,70,,101909,30,,,0,29,,101910,30,,,0,69,,101911,30,,,0,30,,101912,30,,,0,70,,101913,30,,,0,30,,101914,30,,,0,70,,101915,30,,,0,30,,101916,30,,,0,71,,101917,30,,,0,30,,101918,30,,,0,70,,101919,30,,,0,30,,91679,30,,,0,75,,101920,30,,,0,80,,101921,30,,,0,40,,101922,30,,,0,81,,101923,30,,,0,95,,91684,30,,,0,100,,101924,30,,,0,110,,91686,30,,,0,91,,91687,30,,,0
3001,'5460',755,,101925,30,,,0,102,,101926,30,,,0,82,,101927,30,,,0,80,,101928,30,,,0,38,,101929,30,,,0,70,,101930,30,,,0,30,,101931,30,,,0,70,,101932,30,,,0,30,,91696,30,,,0,70,,91697,30,,,0,30,,101933,30,,,0,70,,101934,30,,,0,30,,91700,30,,,0,70,,101935,30,,,0,30,,101936,30,,,0,70,,91703,30,,,0,30,,101937,30,,,0,70,,101938,30,,,0,32,,101939,30,,,0,75,,101940,30,,,0,80,,101941,30,,,0,40,,101942,30,,,0,80,,101943,30,,,0,95,,101944,30,,,0,100,,101945,30,,,0,106,,91713,30,,,0,104,,101946,30,,,0
3001,'5461',755,,101947,30,,,0,102,,101948,30,,,0,82,,101949,30,,,0,80,,101950,30,,,0,38,,101951,30,,,0,70,,101952,30,,,0,30,,101953,30,,,0,70,,101954,30,,,0,30,,101955,30,,,0,70,,101956,30,,,0,30,,101957,30,,,0,70,,101958,30,,,0,30,,101959,30,,,0,70,,101960,30,,,0,30,,101961,30,,,0,70,,101962,30,,,0,30,,101963,30,,,0,70,,91732,30,,,0,32,,101964,30,,,0,75,,101965,30,,,0,80,,101966,30,,,0,40,,101967,30,,,0,80,,101968,30,,,0,95,,91738,30,,,0,100,,101969,30,,,0,106,,101970,30,,,0,104,,91741,30,,,0
3001,'5462',755,,101971,30,,,0,102,,101972,30,,,0,82,,101973,30,,,0,80,,101974,30,,,0,38,,101975,30,,,0,70,,101976,30,,,0,30,,101977,30,,,0,70,,101978,30,,,0,30,,101979,30,,,0,70,,101980,30,,,0,30,,101981,30,,,0,70,,101982,30,,,0,30,,101983,30,,,0,70,,101984,30,,,0,30,,101985,30,,,0,70,,101986,30,,,0,30,,101987,30,,,0,70,,91759,30,,,0,32,,101988,30,,,0,75,,101989,30,,,0,80,,101990,30,,,0,40,,101991,30,,,0,80,,101992,30,,,0,95,,91765,30,,,0,100,,101993,30,,,0,106,,101994,30,,,0,104,,91768,30,,,0
3001,'5463',755,,101995,30,,,0,102,,101996,30,,,0,82,,101997,30,,,0,80,,101998,30,,,0,38,,101999,30,,,0,70,,102000,30,,,0,30,,102001,30,,,0,70,,102002,30,,,0,30,,102003,30,,,0,70,,102004,30,,,0,30,,102005,30,,,0,70,,102006,30,,,0,30,,102007,30,,,0,70,,102008,30,,,0,30,,102009,30,,,0,70,,102010,30,,,0,30,,102011,30,,,0,70,,91786,30,,,0,32,,102012,30,,,0,75,,102013,30,,,0,80,,102014,30,,,0,40,,102015,30,,,0,80,,102016,30,,,0,95,,91792,30,,,0,100,,102017,30,,,0,106,,102018,30,,,0,104,,91795,30,,,0
3101,'5456',607,,92000,26,,,0,36,,102195,26,,,0,74,,92002,26,,,0,29,,102196,26,,,0,70,,102197,26,,,0,30,,92005,26,,,0,70,,102198,26,,,0,30,,102199,26,,,0,69,,92008,26,,,0,30,,102200,26,,,0,69,,92010,26,,,0,33,,92011,26,,,0,71,,102201,26,,,0,31,,92013,26,,,0,70,,92014,26,,,0,30,,92015,26,,,0,71,,92016,26,,,0,29,,102202,26,,,0,74,,92019,26,,,0,33,,102203,26,,,0,71,,102204,26,,,0,76,,102205,26,,,0,31,,102206,26,,,0,68,,102207,26,,,0,29,,102208,26,,,0,28,,102209,26,,,0,82,,102210,26,,,0,73,,102211,26,,,0,86,,92028,26,,,0,100,,92029,26,,,0,59,,102212,26,,,0,141,,102213,26,,,0
3101,'5458',607,,92033,26,,,0,36,,102215,26,,,0,74,,92035,26,,,0,29,,102216,26,,,0,70,,102217,26,,,0,30,,92038,26,,,0,70,,102218,26,,,0,30,,102219,26,,,0,69,,92041,26,,,0,30,,102220,26,,,0,69,,92043,26,,,0,33,,92044,26,,,0,71,,102221,26,,,0,31,,92046,26,,,0,70,,92047,26,,,0,30,,92048,26,,,0,71,,92049,26,,,0,29,,102222,26,,,0,74,,92052,26,,,0,33,,102223,26,,,0,71,,102224,26,,,0,76,,102225,26,,,0,31,,102226,26,,,0,68,,102227,26,,,0,29,,102228,26,,,0,28,,102229,26,,,0,82,,102230,26,,,0,73,,102231,26,,,0,86,,92061,26,,,0,100,,92062,26,,,0,59,,102232,26,,,0,141,,102233,26,,,0
3101,'5459',715,,102235,26,,,0,87,,92067,26,,,0,37,,102236,26,,,0,71,,102237,26,,,0,32,,92070,26,,,0,72,,102238,26,,,0,30,,102239,26,,,0,70,,102240,26,,,0,30,,102241,26,,,0,70,,102242,26,,,0,29,,102243,26,,,0,69,,102244,26,,,0,30,,102245,26,,,0,70,,102246,26,,,0,30,,102247,26,,,0,70,,102248,26,,,0,30,,102249,26,,,0,71,,102250,26,,,0,30,,92084,26,,,0,70,,102251,26,,,0,30,,102252,26,,,0,70,,92087,26,,,0,40,,92088,26,,,0,80,,92089,26,,,0,80,,92090,26,,,0,46,,102253,26,,,0,100,,102254,26,,,0,100,,102255,26,,,0,150,,102256,26,,,0
3101,'5460',725,,102259,26,,,0,102,,102260,26,,,0,92,,102261,26,,,0,40,,102262,26,,,0,78,,102258,26,,,0,75,,102263,26,,,0,30,,102264,26,,,0,70,,92103,26,,,0,30,,102265,26,,,0,70,,102266,26,,,0,30,,92106,26,,,0,70,,102267,26,,,0,30,,102268,26,,,0,70,,102269,26,,,0,30,,102270,26,,,0,70,,102271,26,,,0,30,,102272,26,,,0,70,,92113,26,,,0,31,,102273,26,,,0,71,,102274,26,,,0,40,,92116,26,,,0,80,,92117,26,,,0,80,,102275,26,,,0,87,,102276,26,,,0,58,,102277,26,,,0,100,,102278,26,,,0,153,,102279,26,,,0
3101,'5461',725,,102281,26,,,0,102,,102282,26,,,0,92,,102283,26,,,0,40,,102284,26,,,0,78,,102280,26,,,0,75,,102285,26,,,0,30,,102286,26,,,0,70,,92130,26,,,0,30,,102287,26,,,0,70,,102288,26,,,0,30,,92133,26,,,0,70,,102289,26,,,0,30,,102290,26,,,0,70,,102291,26,,,0,30,,102292,26,,,0,70,,102293,26,,,0,30,,102294,26,,,0,70,,102295,26,,,0,31,,102296,26,,,0,71,,102297,26,,,0,40,,92143,26,,,0,80,,92144,26,,,0,80,,92145,26,,,0,87,,102298,26,,,0,58,,102299,26,,,0,100,,102300,26,,,0,153,,102301,26,,,0
3101,'5462',725,,102303,26,,,0,102,,102304,26,,,0,92,,102305,26,,,0,40,,102306,26,,,0,78,,102302,26,,,0,75,,102307,26,,,0,30,,102308,26,,,0,70,,92157,26,,,0,30,,102309,26,,,0,70,,102310,26,,,0,30,,92160,26,,,0,70,,102311,26,,,0,30,,102312,26,,,0,70,,102313,26,,,0,30,,102314,26,,,0,70,,102315,26,,,0,30,,102316,26,,,0,70,,102317,26,,,0,31,,102318,26,,,0,71,,102319,26,,,0,40,,92170,26,,,0,80,,92171,26,,,0,80,,92172,26,,,0,87,,102320,26,,,0,58,,102321,26,,,0,100,,102322,26,,,0,153,,102323,26,,,0
3101,'5463',725,,102325,26,,,0,102,,102326,26,,,0,92,,102327,26,,,0,40,,102328,26,,,0,78,,102324,26,,,0,75,,102329,26,,,0,30,,102330,26,,,0,70,,92184,26,,,0,30,,102331,26,,,0,70,,102332,26,,,0,30,,92187,26,,,0,70,,102333,26,,,0,30,,102334,26,,,0,70,,102335,26,,,0,30,,102336,26,,,0,70,,102337,26,,,0,30,,102338,26,,,0,70,,102339,26,,,0,31,,102340,26,,,0,71,,102341,26,,,0,40,,92197,26,,,0,80,,92198,26,,,0,80,,92199,26,,,0,87,,102342,26,,,0,58,,102343,26,,,0,100,,102344,26,,,0,153,,102345,26,,,0
3201,'5456',730,,102387,35,,,0,84,,92305,35,,,0
3201,'5458',730,,102397,35,,,0,84,,92323,35,,,0
4700,'5456',710,,93089,51,,,0,25,,93087,51,,,0,69,,102670,51,,,0
4700,'5458',710,,93092,51,,,0,25,,93090,51,,,0,69,,102671,51,,,0
4800,'5456',707,,102672,55,,,0,28,,102673,55,,,0,71,,102674,55,,,0
4800,'5458',707,,102675,55,,,0,28,,102676,55,,,0,71,,102677,55,,,0
5300,'5456',744,,93664,48,,,0
5300,'5458',744,,93675,48,,,0
6100,'5456',611,,94909,75,,,0,44,,94907,75,,,0,56,,94908,75,,,0,23,,103334,75,,,0,66,,94900,75,,,0,19,,94895,75,,,0,19,,94894,75,,,0,67,,94893,75,,,0
6100,'5458',611,,94948,75,,,0,44,,94946,75,,,0,56,,94947,75,,,0,23,,103342,75,,,0,66,,94939,75,,,0,19,,94934,75,,,0,19,,94933,75,,,0,67,,94932,75,,,0
6500,'5456',637,,103386,60,,,0,105,,95290,60,,,0,68,,95289,60,,,0,41,,95288,60,,,0
6500,'5458',637,,103387,60,,,0,105,,95294,60,,,0,68,,95293,60,,,0,41,,95292,60,,,0
7001,'5456',744,,103511,18,,,0,108,,95461,18,,,0,96,,103512,18,,,0,99,,103518,18,,,0,104,,103513,18,,,0,99,,103514,18,,,0,101,,103515,18,,,0,102,,103516,18,,,0,149,,103517,18,,,0,98,,103519,18,,,0,28,,103522,18,,,0,30,,103520,18,,,0,94,,103521,18,,,0,97,,103523,18,,,0,198,,103524,18,,,0,198,,103525,18,,,0
7001,'5458',744,,103526,18,,,0,108,,95477,18,,,0,96,,103527,18,,,0,99,,103533,18,,,0,104,,103528,18,,,0,99,,103529,18,,,0,101,,103530,18,,,0,102,,103531,18,,,0,149,,103532,18,,,0,98,,103534,18,,,0,28,,103537,18,,,0,30,,103535,18,,,0,94,,103536,18,,,0,97,,103538,18,,,0,198,,103539,18,,,0,198,,103540,18,,,0
7001,'5459',946,,103541,18,,,0,102,,95484,18,,,0,103,,103542,18,,,0,101,,103543,18,,,0,102,,95487,18,,,0,105,,103544,18,,,0,98,,103545,18,,,0,98,,95490,18,,,0,92,,103546,18,,,0,99,,103547,18,,,0,97,,103548,18,,,0,200,,103549,18,,,0,200,,103550,18,,,0
7001,'5460',943,,95496,18,,,0,202,,103551,18,,,0,101,,95498,18,,,0,104,,103552,18,,,0,101,,103553,18,,,0,100,,103554,18,,,0,99,,103555,18,,,0,100,,103556,18,,,0,97,,103557,18,,,0,100,,103558,18,,,0,100,,103559,18,,,0,97,,103560,18,,,0,199,,103561,18,,,0,97,,95509,18,,,0
7001,'5461',943,,103562,18,,,0,102,,103573,18,,,0,100,,103563,18,,,0,101,,95512,18,,,0,104,,103564,18,,,0,101,,103565,18,,,0,100,,103566,18,,,0,99,,103567,18,,,0,100,,103568,18,,,0,97,,95518,18,,,0,100,,103569,18,,,0,100,,103570,18,,,0,97,,95521,18,,,0,101,,103574,18,,,0,98,,103571,18,,,0,97,,103572,18,,,0
7001,'5462',943,,103575,18,,,0,102,,103586,18,,,0,100,,103576,18,,,0,101,,95528,18,,,0,104,,103577,18,,,0,101,,103578,18,,,0,100,,103579,18,,,0,99,,103580,18,,,0,100,,103581,18,,,0,97,,95534,18,,,0,100,,103582,18,,,0,100,,103583,18,,,0,97,,95537,18,,,0,101,,103587,18,,,0,98,,103584,18,,,0,97,,103585,18,,,0
7001,'5463',943,,103588,18,,,0,202,,95543,18,,,0,101,,95544,18,,,0,104,,103589,18,,,0,101,,103590,18,,,0,100,,103591,18,,,0,99,,103592,18,,,0,100,,103593,18,,,0,97,,103594,18,,,0,100,,103595,18,,,0,100,,103596,18,,,0,97,,103597,18,,,0,199,,103598,18,,,0,97,,103599,18,,,0
7101,'5456',647,,103604,38,,,0,72,,103605,38,,,0,91,,103606,38,,,0
7101,'5458',647,,103607,38,,,0,72,,103608,38,,,0,91,,103609,38,,,0
7201,'5456',629,,103795,59,,,0,82,,103798,59,,,0,33,,103796,59,,,0,75,,103800,59,,,0,33,,103810,59,,,0,60,,103805,59,,,0,27,,103797,59,,,0,69,,103799,59,,,0,30,,103803,59,,,0,71,,103801,59,,,0,31,,103802,59,,,0,74,,103809,59,,,0,30,,103804,59,,,0,70,,103806,59,,,0,31,,103807,59,,,0,70,,103814,59,,,0,31,,103817,59,,,0,73,,103808,59,,,0,34,,103819,59,,,0,71,,103823,59,,,0,31,,103811,59,,,0,65,,103812,59,,,0,28,,103818,59,,,0,67,,103825,59,,,0,29,,103813,59,,,0,67,,103820,59,,,0,28,,103822,59,,,0,68,,103815,59,,,0,30,,103816,59,,,0,70,,103824,59,,,0,30,,103826,59,,,0,70,,103821,59,,,0
7201,'5457',1529,,103827,55,,,0
7201,'5458',629,,103828,59,,,0,82,,103831,59,,,0,33,,103829,59,,,0,75,,103833,59,,,0,33,,103844,59,,,0,60,,103838,59,,,0,27,,103830,59,,,0,69,,103832,59,,,0,30,,103836,59,,,0,71,,103834,59,,,0,31,,103835,59,,,0,74,,103843,59,,,0,30,,103837,59,,,0,70,,103839,59,,,0,31,,103840,59,,,0,70,,103848,59,,,0,31,,103851,59,,,0,73,,103842,59,,,0,10,,103841,55,,,0,24,,103853,59,,,0,71,,103857,59,,,0,31,,103845,59,,,0,65,,103846,59,,,0,28,,103852,59,,,0,67,,103859,59,,,0,29,,103847,59,,,0,67,,103854,59,,,0,28,,103856,59,,,0,68,,103849,59,,,0,30,,103850,59,,,0,70,,103858,59,,,0,30,,103860,59,,,0,70,,103855,59,,,0
7201,'5459',656,,103885,59,,,0,145,,95838,59,,,0,100,,103862,59,,,0,33,,103863,59,,,0,73,,103864,59,,,0,30,,103865,59,,,0,73,,95843,59,,,0,31,,103866,59,,,0,71,,103867,59,,,0,30,,103868,59,,,0,72,,103861,59,,,0,30,,103869,59,,,0,70,,103870,59,,,0,32,,103871,59,,,0,74,,103872,59,,,0,29,,103873,59,,,0,68,,103874,59,,,0,32,,103875,59,,,0,68,,103876,59,,,0,27,,103877,59,,,0,65,,103878,59,,,0,30,,103879,59,,,0,68,,103880,59,,,0,29,,103881,59,,,0,68,,95860,59,,,0,30,,95861,59,,,0,71,,103882,59,,,0,28,,103883,59,,,0,70,,103884,59,,,0
7201,'5460',759,,103887,59,,,0,142,,95868,59,,,0,102,,103888,59,,,0,106,,103889,59,,,0,101,,103891,59,,,0,31,,103892,59,,,0,70,,103886,59,,,0,31,,103890,59,,,0,70,,103893,59,,,0,30,,103895,59,,,0,70,,103896,59,,,0,31,,103897,59,,,0,69,,103894,59,,,0,29,,103898,59,,,0,69,,103899,59,,,0,30,,103900,59,,,0,73,,103901,59,,,0,28,,103902,59,,,0,69,,103903,59,,,0,29,,103904,59,,,0,70,,95887,59,,,0,29,,103905,59,,,0,70,,103906,59,,,0,29,,103907,59,,,0,69,,95890,59,,,0
7201,'5461',759,,103909,59,,,0,142,,103910,59,,,0,102,,103911,59,,,0,106,,103912,59,,,0,101,,103914,59,,,0,31,,103915,59,,,0,70,,103908,59,,,0,31,,103913,59,,,0,70,,103916,59,,,0,30,,103918,59,,,0,70,,103919,59,,,0,31,,103920,59,,,0,69,,103917,59,,,0,29,,103921,59,,,0,69,,103922,59,,,0,30,,103923,59,,,0,73,,103924,59,,,0,28,,103925,59,,,0,69,,103926,59,,,0,29,,103927,59,,,0,70,,103929,59,,,0,29,,103928,59,,,0,70,,103930,59,,,0,29,,103931,59,,,0,69,,103932,59,,,0
7201,'5462',759,,103934,59,,,0,142,,103935,59,,,0,102,,103936,59,,,0,106,,103937,59,,,0,101,,103939,59,,,0,31,,103940,59,,,0,70,,103933,59,,,0,31,,103938,59,,,0,70,,103941,59,,,0,30,,103943,59,,,0,70,,103944,59,,,0,31,,103945,59,,,0,69,,103942,59,,,0,29,,103946,59,,,0,69,,103947,59,,,0,30,,103948,59,,,0,73,,103949,59,,,0,28,,103950,59,,,0,69,,103951,59,,,0,29,,103952,59,,,0,70,,103954,59,,,0,29,,103953,59,,,0,70,,103955,59,,,0,29,,103956,59,,,0,69,,103957,59,,,0
7201,'5463',759,,103959,59,,,0,142,,103960,59,,,0,102,,103961,59,,,0,106,,103962,59,,,0,101,,103964,59,,,0,31,,103965,59,,,0,70,,103958,59,,,0,31,,103963,59,,,0,70,,103966,59,,,0,30,,103968,59,,,0,70,,103969,59,,,0,31,,103970,59,,,0,69,,103967,59,,,0,29,,103971,59,,,0,69,,103972,59,,,0,30,,103973,59,,,0,73,,103974,59,,,0,28,,103975,59,,,0,69,,103976,59,,,0,29,,103977,59,,,0,70,,95962,59,,,0,29,,103978,59,,,0,70,,103979,59,,,0,29,,103980,59,,,0,69,,103981,59,,,0
7501,'5456',623,,96154,54,,,0,30,,96151,54,,,0,63,,96152,54,,,0,22,,104088,54,,,0,65,,104090,54,,,0,27,,104087,54,,,0,19,,96163,54,,,0,55,,104091,54,,,0,28,,96155,54,,,0,72,,104089,56,,,0,39,,96159,56,,,0,71,,104092,56,,,0,35,,104093,56,,,0,68,,96164,56,,,0,30,,104094,56,,,0,71,,96166,56,,,0,30,,104095,56,,,0,70,,96168,56,,,0,33,,104096,56,,,0,73,,104097,56,,,0,34,,104098,56,,,0,60,,104106,56,,,0,10,,104099,56,,,0,19,,96174,56,,,0,54,,96173,56,,,0,9,,96182,54,,,0,9,,104105,35,,,0,10,,104100,56,,,0,26,,96176,56,,,0,66,,104101,56,,,0,28,,96178,56,,,0,96,,96179,56,,,0,96,,96180,56,,,0,100,,104102,56,,,0,98,,104103,56,,,0
7501,'5458',623,,96191,54,,,0,30,,96188,54,,,0,63,,96189,54,,,0,22,,104108,54,,,0,65,,104110,54,,,0,27,,104107,54,,,0,19,,96200,54,,,0,55,,104111,54,,,0,28,,96192,54,,,0,72,,104109,56,,,0,39,,96196,56,,,0,71,,104112,56,,,0,35,,104113,56,,,0,68,,96201,56,,,0,30,,104114,56,,,0,71,,96203,56,,,0,30,,104115,56,,,0,70,,96205,56,,,0,33,,104116,56,,,0,73,,104117,56,,,0,34,,104118,56,,,0,60,,104126,56,,,0,10,,104119,56,,,0,19,,96211,56,,,0,54,,96210,56,,,0,9,,96219,54,,,0,9,,104125,35,,,0,10,,104120,56,,,0,26,,96213,56,,,0,66,,104121,56,,,0,28,,96215,56,,,0,96,,96216,56,,,0,96,,96217,56,,,0,100,,104122,56,,,0,98,,104123,56,,,0
7501,'5459',826,,96226,54,,,0,102,,104128,54,,,0,115,,104129,56,,,0,106,,96229,56,,,0,102,,96230,56,,,0,70,,104130,56,,,0,31,,104131,56,,,0,70,,104132,56,,,0,30,,104133,56,,,0,73,,96235,56,,,0,30,,104134,56,,,0,70,,96237,56,,,0,29,,96238,56,,,0,69,,104135,56,,,0,30,,104136,56,,,0,96,,104137,56,,,0,93,,96242,56,,,0,98,,96243,56,,,0,100,,104138,56,,,0,100,,104139,56,,,0
7501,'5460',928,,96250,54,,,0,111,,104142,56,,,0,102,,96252,56,,,0,104,,104143,56,,,0,71,,104144,56,,,0,31,,96255,56,,,0,70,,104145,56,,,0,30,,96257,56,,,0,71,,104146,56,,,0,31,,104147,56,,,0,69,,104148,56,,,0,30,,104149,56,,,0,100,,104150,56,,,0,100,,104151,56,,,0,98,,104152,56,,,0,98,,96265,56,,,0,99,,104153,56,,,0,100,,104154,56,,,0
7501,'5461',928,,96272,54,,,0,111,,96273,56,,,0,102,,96274,56,,,0,104,,96275,56,,,0,71,,104158,56,,,0,31,,96277,56,,,0,70,,104159,56,,,0,30,,96279,56,,,0,71,,104160,56,,,0,31,,104161,56,,,0,69,,104162,56,,,0,30,,104163,56,,,0,100,,104164,56,,,0,100,,104165,56,,,0,98,,104166,56,,,0,98,,104167,56,,,0,99,,104168,56,,,0,100,,96289,56,,,0
7501,'5462',928,,96294,54,,,0,111,,96295,56,,,0,102,,96296,56,,,0,104,,96297,56,,,0,71,,104172,56,,,0,31,,96299,56,,,0,70,,104173,56,,,0,30,,96301,56,,,0,71,,104174,56,,,0,31,,104175,56,,,0,69,,104176,56,,,0,30,,104177,56,,,0,100,,104178,56,,,0,100,,104179,56,,,0,98,,104180,56,,,0,98,,104181,56,,,0,99,,104182,56,,,0,100,,96311,56,,,0
7501,'5463',928,,96316,54,,,0,111,,96317,56,,,0,102,,96318,56,,,0,104,,96319,56,,,0,71,,104186,56,,,0,31,,96321,56,,,0,70,,104187,56,,,0,30,,96323,56,,,0,71,,104188,56,,,0,31,,104189,56,,,0,69,,104190,56,,,0,30,,104191,56,,,0,100,,104192,56,,,0,100,,104193,56,,,0,98,,104194,56,,,0,98,,104195,56,,,0,99,,104196,56,,,0,100,,96333,56,,,0
9500,'5456',511,,104484,22,0,15,0,25,,104485,22,0,15,0,17,,104487,22,0,15,0,55,,104488,22,0,15,0,16,,104486,22,0,15,0,11,,104489,22,0,15,0,11,,104498,22,0,15,0,12,,104508,22,0,15,0,48,,104493,22,0,15,0,9,,104492,22,0,15,0,3,,96936,22,0,15,0,4,,104497,22,0,15,0,8,,104491,22,0,15,0,8,,104494,22,0,15,0,9,,104495,22,0,15,0,9,,104490,22,0,15,0,47,,96867,22,0,15,0,8,,104504,22,0,15,0,7,,104499,22,0,15,0,9,,96868,22,0,15,0,8,,104506,22,0,15,0,9,,104503,22,0,15,0,9,,104509,22,0,15,0,50,,104507,22,0,15,0,10,,104501,22,0,15,0,9,,104496,22,0,15,0,10,,104502,22,0,15,0,11,,104500,22,0,15,0,10,,104505,22,0,15,0,50,,96870,22,0,15,0,10,,104524,22,0,15,0,10,,104520,22,0,15,0,10,,104521,22,0,15,0,11,,104522,22,0,15,0,12,,104525,22,0,15,0,53,,104515,22,0,15,0,12,,104511,22,0,15,0,12,,104516,22,0,15,0,12,,104513,22,0,15,0,13,,104510,22,0,15,0,52,,104523,22,0,15,0,12,,104517,22,0,15,0,12,,104519,22,0,15,0,12,,104518,22,0,15,0,13,,104526,22,0,15,0,52,,104514,22,0,15,0,12,,104512,22,0,15,0,12,,104535,22,0,15,0,12,,104528,22,0,15,0,12,,96925,22,0,15,0,51,,104540,22,0,15,0,10,,104532,22,0,15,0,10,,104534,22,0,15,0,10,,104537,22,0,15,0,10,,96923,22,0,15,0,51,,104536,22,0,15,0,10,,104541,22,0,15,0,11,,104533,22,0,15,0,11,,104527,22,0,15,0,11,,104563,22,0,15,0,10,,104531,22,0,15,0,50,,104542,22,0,15,0,12,,96924,22,0,15,0,10,,104539,22,0,15,0,10,,104529,22,0,15,0,11,,104530,22,0,15,0,11,,104538,22,0,15,0,49,,96935,22,0,15,0,11,,104550,22,0,15,0,8,,104552,22,0,15,0,12,,104546,22,0,15,0,13,,104567,22,0,15,0,52,,104564,22,0,15,0,13,,104571,22,0,15,0,13,,104543,22,0,15,0,11,,104547,22,0,15,0,13,,104545,22,0,15,0,52,,104551,22,0,15,0,12,,104549,22,0,15,0,12,,104553,22,0,15,0,15,,104544,22,0,15,0,15,,104565,22,0,15,0,55,,104569,22,0,15,0,15,,104548,22,0,15,0,15,,104557,22,0,15,0,15,,104559,22,0,15,0,55,,104560,22,0,15,0,15,,104555,22,0,15,0,20,,104566,22,0,15,0,60,,104570,22,0,15,0,20,,104556,22,0,15,0,20,,104558,22,0,15,0,70,,104554,22,0,15,0,31,,104568,22,0,15,0,70,,104562,22,0,15,0,30,,104561,22,0,15,0
9500,'5458',511,,104572,22,0,15,0,25,,104573,22,0,15,0,17,,104575,22,0,15,0,55,,104576,22,0,15,0,16,,104574,22,0,15,0,11,,104577,22,0,15,0,11,,104586,22,0,15,0,12,,104596,22,0,15,0,48,,104581,22,0,15,0,9,,104580,22,0,15,0,3,,97035,22,0,15,0,4,,104585,22,0,15,0,8,,104579,22,0,15,0,8,,104582,22,0,15,0,9,,104583,22,0,15,0,9,,104578,22,0,15,0,47,,96963,22,0,15,0,8,,104592,22,0,15,0,7,,104587,22,0,15,0,9,,96964,22,0,15,0,8,,104594,22,0,15,0,9,,104591,22,0,15,0,9,,104597,22,0,15,0,50,,104595,22,0,15,0,10,,104589,22,0,15,0,9,,104584,22,0,15,0,10,,104590,22,0,15,0,11,,104588,22,0,15,0,10,,104593,22,0,15,0,50,,96966,22,0,15,0,10,,104612,22,0,15,0,10,,104608,22,0,15,0,10,,104609,22,0,15,0,11,,104610,22,0,15,0,12,,104613,22,0,15,0,53,,104603,22,0,15,0,12,,104599,22,0,15,0,12,,104604,22,0,15,0,12,,104601,22,0,15,0,13,,104598,22,0,15,0,52,,104611,22,0,15,0,12,,104605,22,0,15,0,12,,104607,22,0,15,0,12,,104606,22,0,15,0,13,,104614,22,0,15,0,52,,104602,22,0,15,0,12,,104600,22,0,15,0,12,,104623,22,0,15,0,12,,104616,22,0,15,0,12,,97021,22,0,15,0,51,,104628,22,0,15,0,10,,104620,22,0,15,0,10,,104622,22,0,15,0,10,,104625,22,0,15,0,10,,97019,22,0,15,0,51,,104624,22,0,15,0,10,,104629,22,0,15,0,11,,104621,22,0,15,0,11,,104615,22,0,15,0,11,,104651,22,0,15,0,10,,104619,22,0,15,0,50,,104630,22,0,15,0,12,,97020,22,0,15,0,10,,104627,22,0,15,0,10,,104617,22,0,15,0,11,,104618,22,0,15,0,11,,104626,22,0,15,0,49,,97031,22,0,15,0,11,,104638,22,0,15,0,8,,104640,22,0,15,0,12,,104634,22,0,15,0,13,,104655,22,0,15,0,52,,104652,22,0,15,0,13,,104659,22,0,15,0,13,,104631,22,0,15,0,11,,104635,22,0,15,0,13,,104633,22,0,15,0,52,,104639,22,0,15,0,12,,104637,22,0,15,0,12,,104641,22,0,15,0,15,,104632,22,0,15,0,15,,104653,22,0,15,0,55,,104657,22,0,15,0,15,,104636,22,0,15,0,15,,104645,22,0,15,0,15,,104647,22,0,15,0,55,,104648,22,0,15,0,15,,104643,22,0,15,0,20,,104654,22,0,15,0,60,,104658,22,0,15,0,20,,104644,22,0,15,0,20,,104646,22,0,15,0,70,,104642,22,0,15,0,31,,104656,22,0,15,0,70,,104650,22,0,15,0,30,,104649,22,0,15,0,70,,104660,22,0,15,0,30,,104661,22,0,15,0,70,,97034,22,0,15,0
9500,'5459',626,,104662,22,0,15,0,32,,104663,22,0,15,0,62,,104664,22,0,15,0,15,,104665,22,0,15,0,15,,104666,22,0,15,0,55,,104667,22,0,15,0,16,,104668,22,0,15,0,16,,104669,22,0,15,0,15,,104670,22,0,15,0,54,,104671,22,0,15,0,15,,104672,22,0,15,0,15,,104673,22,0,15,0,15,,104674,22,0,15,0,55,,104675,22,0,15,0,14,,104676,22,0,15,0,15,,104677,22,0,15,0,15,,104678,22,0,15,0,55,,104679,22,0,15,0,15,,104680,22,0,15,0,15,,104681,22,0,15,0,14,,104682,22,0,15,0,53,,104683,22,0,15,0,12,,104684,22,0,15,0,12,,104685,22,0,15,0,12,,104686,22,0,15,0,12,,104687,22,0,15,0,52,,97062,22,0,15,0,12,,104688,22,0,15,0,11,,104689,22,0,15,0,12,,104690,22,0,15,0,12,,104691,22,0,15,0,53,,104692,22,0,15,0,12,,104693,22,0,15,0,12,,104694,22,0,15,0,12,,104695,22,0,15,0,11,,104696,22,0,15,0,51,,104697,22,0,15,0,12,,97073,22,0,15,0,13,,104698,22,0,15,0,12,,104699,22,0,15,0,12,,104700,22,0,15,0,52,,104701,22,0,15,0,12,,104702,22,0,15,0,12,,104703,22,0,15,0,13,,104704,22,0,15,0,12,,104705,22,0,15,0,52,,104706,22,0,15,0,13,,104707,22,0,15,0,12,,104708,22,0,15,0,12,,104709,22,0,15,0,12,,104710,22,0,15,0,53,,104711,22,0,15,0,12,,104712,22,0,15,0,13,,104713,22,0,15,0,15,,104714,22,0,15,0,15,,104715,22,0,15,0,55,,104716,22,0,15,0,15,,104717,22,0,15,0,15,,104718,22,0,15,0,15,,104719,22,0,15,0,55,,104720,22,0,15,0,15,,104721,22,0,15,0,16,,104722,22,0,15,0,55,,104723,22,0,15,0,15,,104724,22,0,15,0,15,,104725,22,0,15,0,20,,104726,22,0,15,0,60,,104727,22,0,15,0,20,,104728,22,0,15,0,20,,104729,22,0,15,0,71,,104730,22,0,15,0,30,,104731,22,0,15,0,69,,104732,22,0,15,0,30,,104733,22,0,15,0,69,,104734,22,0,15,0,30,,104735,22,0,15,0,70,,97112,22,0,15,0
9500,'5460',628,,104736,22,0,15,0,30,,104738,22,0,15,0,60,,104739,22,0,15,0,20,,104740,22,0,15,0,20,,104741,22,0,15,0,55,,104742,22,0,15,0,15,,104737,22,0,15,0,15,,104743,22,0,15,0,15,,104744,22,0,15,0,55,,104745,22,0,15,0,15,,104746,22,0,15,0,15,,104747,22,0,15,0,14,,104748,22,0,15,0,55,,104749,22,0,15,0,15,,104751,22,0,15,0,15,,104752,22,0,15,0,15,,104750,22,0,15,0,55,,104753,22,0,15,0,15,,104754,22,0,15,0,15,,104755,22,0,15,0,15,,104756,22,0,15,0,55,,104803,22,0,15,0,15,,104757,22,0,15,0,15,,104802,22,0,15,0,14,,104758,22,0,15,0,55,,104801,22,0,15,0,15,,104759,22,0,15,0,15,,104760,22,0,15,0,15,,104761,22,0,15,0,55,,104762,22,0,15,0,15,,104763,22,0,15,0,15,,104764,22,0,15,0,15,,104765,22,0,15,0,55,,104766,22,0,15,0,13,,104767,22,0,15,0,12,,104768,22,0,15,0,12,,104769,22,0,15,0,53,,104770,22,0,15,0,12,,104771,22,0,15,0,12,,104772,22,0,15,0,13,,104773,22,0,15,0,12,,104774,22,0,15,0,52,,104775,22,0,15,0,12,,104776,22,0,15,0,14,,104777,22,0,15,0,15,,104778,22,0,15,0,16,,104779,22,0,15,0,55,,104780,22,0,15,0,15,,104781,22,0,15,0,15,,104782,22,0,15,0,15,,104783,22,0,15,0,55,,104784,22,0,15,0,15,,104785,22,0,15,0,15,,104786,22,0,15,0,56,,104787,22,0,15,0,15,,104788,22,0,15,0,15,,104789,22,0,15,0,15,,104790,22,0,15,0,55,,104791,22,0,15,0,15,,104793,22,0,15,0,15,,104794,22,0,15,0,20,,104792,22,0,15,0,60,,104795,22,0,15,0,20,,104796,22,0,15,0,20,,104797,22,0,15,0,71,,104798,22,0,15,0,30,,104799,22,0,15,0,70,,104800,22,0,15,0
9500,'5461',628,,104804,22,0,15,0,30,,104806,22,0,15,0,60,,104807,22,0,15,0,20,,104808,22,0,15,0,20,,104809,22,0,15,0,55,,104810,22,0,15,0,15,,104805,22,0,15,0,15,,104811,22,0,15,0,15,,104812,22,0,15,0,55,,104813,22,0,15,0,15,,104814,22,0,15,0,15,,104815,22,0,15,0,14,,104816,22,0,15,0,55,,104817,22,0,15,0,15,,104819,22,0,15,0,15,,104820,22,0,15,0,15,,104818,22,0,15,0,55,,104821,22,0,15,0,15,,104822,22,0,15,0,15,,104823,22,0,15,0,15,,104824,22,0,15,0,55,,104871,22,0,15,0,15,,104825,22,0,15,0,15,,104870,22,0,15,0,14,,104826,22,0,15,0,55,,104869,22,0,15,0,15,,104827,22,0,15,0,15,,104828,22,0,15,0,15,,104829,22,0,15,0,55,,104830,22,0,15,0,15,,104831,22,0,15,0,15,,104832,22,0,15,0,15,,104833,22,0,15,0,55,,104834,22,0,15,0,13,,104835,22,0,15,0,12,,104836,22,0,15,0,12,,104837,22,0,15,0,53,,104838,22,0,15,0,12,,104839,22,0,15,0,12,,104840,22,0,15,0,13,,104841,22,0,15,0,12,,104842,22,0,15,0,52,,104843,22,0,15,0,12,,104844,22,0,15,0,14,,104845,22,0,15,0,15,,104846,22,0,15,0,16,,104847,22,0,15,0,55,,104848,22,0,15,0,15,,104849,22,0,15,0,15,,104850,22,0,15,0,15,,104851,22,0,15,0,55,,104852,22,0,15,0,15,,104853,22,0,15,0,15,,104854,22,0,15,0,56,,104855,22,0,15,0,15,,104856,22,0,15,0,15,,104857,22,0,15,0,15,,104858,22,0,15,0,55,,104859,22,0,15,0,15,,104861,22,0,15,0,15,,104862,22,0,15,0,20,,104860,22,0,15,0,60,,104863,22,0,15,0,20,,104864,22,0,15,0,20,,104865,22,0,15,0,71,,104866,22,0,15,0,30,,104867,22,0,15,0,70,,104868,22,0,15,0
9500,'5462',628,,104872,22,0,15,0,30,,104874,22,0,15,0,60,,104875,22,0,15,0,20,,104876,22,0,15,0,20,,104877,22,0,15,0,55,,104878,22,0,15,0,15,,104873,22,0,15,0,15,,104879,22,0,15,0,15,,104880,22,0,15,0,55,,104881,22,0,15,0,15,,104882,22,0,15,0,15,,104883,22,0,15,0,14,,104884,22,0,15,0,55,,104885,22,0,15,0,15,,104887,22,0,15,0,15,,104888,22,0,15,0,15,,104886,22,0,15,0,55,,104889,22,0,15,0,15,,104890,22,0,15,0,15,,104891,22,0,15,0,15,,104892,22,0,15,0,55,,104939,22,0,15,0,15,,104893,22,0,15,0,15,,104938,22,0,15,0,14,,104894,22,0,15,0,55,,104937,22,0,15,0,15,,104895,22,0,15,0,15,,104896,22,0,15,0,15,,104897,22,0,15,0,55,,104898,22,0,15,0,15,,104899,22,0,15,0,15,,104900,22,0,15,0,15,,104901,22,0,15,0,55,,104902,22,0,15,0,13,,104903,22,0,15,0,12,,104904,22,0,15,0,12,,104905,22,0,15,0,53,,104906,22,0,15,0,12,,104907,22,0,15,0,12,,104908,22,0,15,0,13,,104909,22,0,15,0,12,,104910,22,0,15,0,52,,104911,22,0,15,0,12,,104912,22,0,15,0,14,,104913,22,0,15,0,15,,104914,22,0,15,0,16,,104915,22,0,15,0,55,,104916,22,0,15,0,15,,104917,22,0,15,0,15,,104918,22,0,15,0,15,,104919,22,0,15,0,55,,104920,22,0,15,0,15,,104921,22,0,15,0,15,,104922,22,0,15,0,56,,104923,22,0,15,0,15,,104924,22,0,15,0,15,,104925,22,0,15,0,15,,104926,22,0,15,0,55,,104927,22,0,15,0,15,,104929,22,0,15,0,15,,104930,22,0,15,0,20,,104928,22,0,15,0,60,,104931,22,0,15,0,20,,104932,22,0,15,0,20,,104933,22,0,15,0,71,,104934,22,0,15,0,30,,104935,22,0,15,0,70,,104936,22,0,15,0
9500,'5463',628,,104940,22,0,15,0,30,,104942,22,0,15,0,60,,104943,22,0,15,0,20,,104944,22,0,15,0,20,,104945,22,0,15,0,55,,104946,22,0,15,0,15,,104941,22,0,15,0,15,,104947,22,0,15,0,15,,104948,22,0,15,0,55,,104949,22,0,15,0,15,,104950,22,0,15,0,15,,104951,22,0,15,0,14,,104952,22,0,15,0,55,,104953,22,0,15,0,15,,104955,22,0,15,0,15,,104956,22,0,15,0,15,,104954,22,0,15,0,55,,104957,22,0,15,0,15,,104958,22,0,15,0,15,,104959,22,0,15,0,15,,104960,22,0,15,0,55,,105007,22,0,15,0,15,,104961,22,0,15,0,15,,105006,22,0,15,0,14,,104962,22,0,15,0,55,,105005,22,0,15,0,15,,104963,22,0,15,0,15,,104964,22,0,15,0,15,,104965,22,0,15,0,55,,104966,22,0,15,0,15,,104967,22,0,15,0,15,,104968,22,0,15,0,15,,104969,22,0,15,0,55,,104970,22,0,15,0,13,,104971,22,0,15,0,12,,104972,22,0,15,0,12,,104973,22,0,15,0,53,,104974,22,0,15,0,12,,104975,22,0,15,0,12,,104976,22,0,15,0,13,,104977,22,0,15,0,12,,104978,22,0,15,0,52,,104979,22,0,15,0,12,,104980,22,0,15,0,14,,104981,22,0,15,0,15,,104982,22,0,15,0,16,,104983,22,0,15,0,55,,104984,22,0,15,0,15,,104985,22,0,15,0,15,,104986,22,0,15,0,15,,104987,22,0,15,0,55,,104988,22,0,15,0,15,,104989,22,0,15,0,15,,104990,22,0,15,0,56,,104991,22,0,15,0,15,,104992,22,0,15,0,15,,104993,22,0,15,0,15,,104994,22,0,15,0,55,,104995,22,0,15,0,15,,104997,22,0,15,0,15,,104998,22,0,15,0,20,,104996,22,0,15,0,60,,104999,22,0,15,0,20,,105000,22,0,15,0,20,,105001,22,0,15,0,71,,105002,22,0,15,0,30,,105003,22,0,15,0,70,,105004,22,0,15,0
1007201,'5456',2310,,105692,62,,,0,96,,105694,62,,,0,98,,105693,62,,,0
1007201,'5458',2310,,105695,62,,,0,96,,105697,62,,,0,98,,105696,62,,,0
1007201,'5459',2311,,98271,62,,,0,96,,105698,62,,,0,96,,105699,62,,,0
1007201,'5460',2309,,98274,62,,,0,95,,105700,62,,,0
1007201,'5461',2309,,105701,62,,,0,95,,105702,62,,,0
1007201,'5462',2309,,105703,62,,,0,95,,105704,62,,,0
1007201,'5463',2309,,98280,62,,,0,95,,105705,62,,,0
24002701,'5456',732,,98539,27,0,5,0,27,,105752,27,0,5,0,65,,98541,27,0,5,0,24,,98542,27,0,5,0
24002701,'5458',732,,98543,27,0,5,0,27,,105753,27,0,5,0,65,,98545,27,0,5,0,24,,98546,27,0,5,0
24007001,'5458',1344,,98631,17,,,0,210,,98632,17,,,0,198,,98633,17,,,0,190,,98635,17,,,0,198,,98634,17,,,0
24007001,'5459',1145,,98636,17,,,0,199,,98637,17,,,0,205,,105772,17,,,0,193,,105773,17,,,0,197,,105774,17,,,0,198,,105775,17,,,0
24007001,'5460',1139,,98643,17,,,0,206,,105776,17,,,0,203,,98645,17,,,0,196,,105777,17,,,0,198,,105778,17,,,0,197,,105779,17,,,0
24007001,'5461',1139,,105781,17,,,0,108,,105786,17,,,0,98,,105782,17,,,0,102,,105788,17,,,0,101,,98652,17,,,0,100,,105787,17,,,0,96,,105783,17,,,0,100,,105789,17,,,0,98,,105784,17,,,0,197,,105785,17,,,0
24007001,'5462',1139,,105790,17,,,0,108,,105795,17,,,0,98,,105791,17,,,0,102,,105797,17,,,0,101,,98663,17,,,0,100,,105796,17,,,0,96,,105792,17,,,0,100,,105798,17,,,0,98,,105793,17,,,0,197,,105794,17,,,0
24007001,'5463',1139,,105799,17,,,0,108,,105804,17,,,0,98,,105800,17,,,0,203,,98674,17,,,0,100,,98680,17,,,0,96,,105801,17,,,0,198,,105802,17,,,0,197,,105803,17,,,0
