8301,'5456',656,,96579,9,,,0,96,,96577,9,,,0,249,,96578,9,,,0,141,,105877,9,,,0,195,,105876,9,,,0,211,,96582,9,,,0,253,,96583,9,,,0,200,,96584,9,,,0
8301,'5458',656,,96587,9,,,0,96,,96585,9,,,0,249,,96586,9,,,0,141,,105879,9,,,0,195,,105878,9,,,0,211,,96590,9,,,0,253,,96591,9,,,0,200,,96592,9,,,0
8301,'5459',937,,104345,9,,,0,300,,104343,9,,,0,305,,104344,9,,,0,300,,104342,9,,,0
8301,'5460',936,,104348,9,,,0,300,,104349,9,,,0,305,,104347,9,,,0,300,,104346,9,,,0
8301,'5461',936,,104352,9,,,0,300,,104353,9,,,0,305,,104351,9,,,0,300,,104350,9,,,0
8301,'5462',936,,104356,9,,,0,300,,104357,9,,,0,305,,104355,9,,,0,300,,104354,9,,,0
8301,'5463',936,,105882,9,,,0,300,,105883,9,,,0,305,,105881,9,,,0,300,,105880,9,,,0
8500,'5456',637,,105884,9,,,0,98,,105885,9,,,0,200,,105886,9,,,0,200,,105887,9,,,0,200,,105888,9,,,0,200,,105889,9,,,0,199,,105890,9,,,0,200,,105891,9,,,0
8500,'5458',637,,105892,9,,,0,98,,105893,9,,,0,200,,105894,9,,,0,200,,105895,9,,,0,200,,105896,9,,,0,200,,105897,9,,,0,199,,105898,9,,,0,200,,105899,9,,,0
8500,'5459',842,,104371,9,,,0,300,,104372,9,,,0,306,,104373,9,,,0,299,,104370,9,,,0
8500,'5460',842,,104376,9,,,0,300,,104377,9,,,0,306,,104374,9,,,0,299,,104375,9,,,0
8500,'5461',842,,104380,9,,,0,300,,104381,9,,,0,306,,104378,9,,,0,299,,104379,9,,,0
8500,'5462',842,,104384,9,,,0,300,,104385,9,,,0,306,,104382,9,,,0,299,,104383,9,,,0
8500,'5463',842,,105902,9,,,0,300,,105903,9,,,0,306,,105900,9,,,0,299,,105901,9,,,0
