401,'5456',607,,83165,24,,,0,18,,83171,24,,,0,20,,83215,24,,,0,55,,83158,24,,,0,15,,83157,24,,,0,15,,83228,24,,,0,15,,83156,24,,,0,55,,83174,24,,,0,15,,83186,24,,,0,14,,83182,24,,,0,13,,83170,24,,,0,14,,83213,24,,,0,52,,83162,24,,,0,13,,83219,24,,,0,15,,83212,24,,,0,14,,83223,24,,,0,53,,83218,24,,,0,13,,98819,24,,,0,13,,83220,24,,,0,13,,83224,24,,,0,13,,83221,24,,,0,54,,83226,24,,,0,13,,83222,24,,,0,12,,83177,24,,,0,14,,98815,24,,,0,53,,83207,24,,,0,14,,83163,24,,,0,13,,83185,24,,,0,15,,83208,24,,,0,15,,83178,24,,,0,53,,83204,24,,,0,14,,83227,24,,,0,14,,83214,24,,,0,12,,83169,24,,,0,53,,83209,24,,,0,13,,83164,24,,,0,13,,83176,24,,,0,14,,83172,24,,,0,57,,83195,24,,,0,10,,98814,24,,,0,8,,83216,24,,,0,16,,83199,24,,,0,17,,83166,24,,,0,48,,98816,24,,,0,10,,83196,24,,,0,15,,83179,24,,,0,7,,83205,24,,,0,11,,83184,24,,,0,59,,83203,24,,,0,15,,83201,24,,,0,15,,83183,24,,,0,13,,83160,24,,,0,55,,83191,24,,,0,16,,83190,24,,,0,15,,83189,24,,,0,15,,83192,24,,,0,55,,83188,24,,,0,15,,83198,24,,,0,15,,83194,24,,,0,15,,83202,24,,,0,55,,98817,24,,,0,16,,83193,24,,,0,18,,83168,24,,,0,17,,83197,24,,,0,55,,98818,24,,,0,16,,83173,24,,,0,18,,83180,24,,,0,60,,83161,24,,,0,20,,83175,24,,,0,23,,83187,24,,,0,64,,83181,24,,,0,29,,83217,24,,,0,70,,83211,24,,,0,30,,83210,24,,,0
401,'5458',607,,83240,24,,,0,18,,83247,24,,,0,20,,83293,24,,,0,55,,83232,24,,,0,15,,83231,24,,,0,15,,83306,24,,,0,15,,83230,24,,,0,55,,83251,24,,,0,15,,83264,24,,,0,14,,83260,24,,,0,13,,83246,24,,,0,14,,83291,24,,,0,52,,83236,24,,,0,13,,83297,24,,,0,15,,83290,24,,,0,14,,83301,24,,,0,53,,83296,24,,,0,13,,98825,24,,,0,13,,83298,24,,,0,13,,83302,24,,,0,13,,83299,24,,,0,54,,83304,24,,,0,13,,83300,24,,,0,12,,83255,24,,,0,14,,98821,24,,,0,53,,83285,24,,,0,14,,83238,24,,,0,13,,83263,24,,,0,15,,83286,24,,,0,15,,83256,24,,,0,53,,83282,24,,,0,14,,83305,24,,,0,14,,83292,24,,,0,12,,83244,24,,,0,53,,83287,24,,,0,13,,83239,24,,,0,13,,83254,24,,,0,14,,83249,24,,,0,57,,83273,24,,,0,10,,98820,24,,,0,8,,83294,24,,,0,16,,83277,24,,,0,17,,83241,24,,,0,48,,98822,24,,,0,10,,83274,24,,,0,15,,83257,24,,,0,7,,83283,24,,,0,11,,83262,24,,,0,59,,83281,24,,,0,15,,83279,24,,,0,15,,83261,24,,,0,13,,83234,24,,,0,55,,83269,24,,,0,16,,83268,24,,,0,15,,83267,24,,,0,15,,83270,24,,,0,55,,83266,24,,,0,15,,83276,24,,,0,15,,83272,24,,,0,15,,83280,24,,,0,55,,98823,24,,,0,16,,83271,24,,,0,18,,83243,24,,,0,17,,83275,24,,,0,55,,98824,24,,,0,16,,83250,24,,,0,18,,83258,24,,,0,60,,83235,24,,,0,20,,83253,24,,,0,23,,83265,24,,,0,64,,83259,24,,,0,29,,83295,24,,,0,70,,83289,24,,,0,30,,83288,24,,,0,70,,83248,24,,,0,31,,83245,24,,,0,70,,83237,24,,,0,30,,83252,24,,,0
401,'5459',717,,83341,24,,,0,20,,83350,24,,,0,20,,83323,24,,,0,58,,83333,24,,,0,17,,98834,24,,,0,16,,83313,24,,,0,56,,83331,24,,,0,16,,83332,24,,,0,16,,98835,24,,,0,16,,98826,24,,,0,55,,83319,24,,,0,15,,83321,24,,,0,15,,83370,24,,,0,15,,98828,24,,,0,55,,83348,24,,,0,16,,83308,24,,,0,15,,83317,24,,,0,15,,83329,24,,,0,55,,98832,24,,,0,15,,83345,24,,,0,15,,83309,24,,,0,16,,83318,24,,,0,55,,83324,24,,,0,15,,98833,24,,,0,16,,83349,24,,,0,16,,83322,24,,,0,55,,83314,24,,,0,16,,83325,24,,,0,16,,98831,24,,,0,16,,83344,24,,,0,56,,83310,24,,,0,16,,83316,24,,,0,15,,83311,24,,,0,56,,98827,24,,,0,16,,83347,24,,,0,17,,83327,24,,,0,16,,83315,24,,,0,56,,83312,24,,,0,16,,98830,24,,,0,15,,83339,24,,,0,17,,83320,24,,,0,58,,83326,24,,,0,18,,83328,24,,,0,18,,98829,24,,,0,58,,83330,24,,,0,18,,83352,24,,,0,18,,83351,24,,,0,58,,98836,24,,,0,17,,83357,24,,,0,18,,83358,24,,,0,18,,83360,24,,,0,58,,98839,24,,,0,18,,98838,24,,,0,18,,83363,24,,,0,65,,83367,24,,,0,23,,98840,24,,,0,70,,83365,24,,,0,31,,83364,24,,,0,71,,98841,24,,,0,30,,83366,24,,,0,69,,98842,24,,,0,30,,83356,24,,,0,70,,98837,24,,,0,30,,83354,24,,,0
401,'5460',739,,83371,24,,,0,70,,83372,24,,,0,32,,83373,24,,,0,69,,83374,24,,,0,28,,83375,24,,,0,70,,83376,24,,,0,20,,98843,24,,,0,20,,83378,24,,,0,60,,83379,24,,,0,19,,83380,24,,,0,20,,83381,24,,,0,60,,83382,24,,,0,20,,83383,24,,,0,20,,83384,24,,,0,59,,83385,24,,,0,20,,83386,24,,,0,20,,83387,24,,,0,58,,83415,24,,,0,18,,83388,24,,,0,16,,83389,24,,,0,16,,83390,24,,,0,56,,83391,24,,,0,17,,83417,24,,,0,16,,83392,24,,,0,16,,83393,24,,,0,56,,83394,24,,,0,17,,83395,24,,,0,16,,83416,24,,,0,56,,83396,24,,,0,17,,83397,24,,,0,17,,83398,24,,,0,18,,83399,24,,,0,58,,83400,24,,,0,17,,83401,24,,,0,18,,83402,24,,,0,58,,83403,24,,,0,18,,83404,24,,,0,19,,83418,24,,,0,58,,83405,24,,,0,20,,83406,24,,,0,20,,83407,24,,,0,64,,83408,24,,,0,31,,98844,24,,,0,72,,83410,24,,,0,29,,83411,24,,,0,70,,83412,24,,,0,30,,83413,24,,,0
401,'5461',739,,83419,24,,,0,70,,83420,24,,,0,32,,83421,24,,,0,69,,98845,24,,,0,28,,83423,24,,,0,70,,83424,24,,,0,20,,83425,24,,,0,20,,83426,24,,,0,60,,83427,24,,,0,19,,83428,24,,,0,20,,98846,24,,,0,60,,83430,24,,,0,20,,83431,24,,,0,20,,83432,24,,,0,59,,98847,24,,,0,20,,83434,24,,,0,20,,83435,24,,,0,58,,83463,24,,,0,18,,98848,24,,,0,16,,98849,24,,,0,16,,83438,24,,,0,56,,83439,24,,,0,17,,83465,24,,,0,16,,98850,24,,,0,16,,98851,24,,,0,56,,83442,24,,,0,17,,83443,24,,,0,16,,83464,24,,,0,56,,98852,24,,,0,17,,98853,24,,,0,17,,83446,24,,,0,18,,83447,24,,,0,58,,98854,24,,,0,17,,83449,24,,,0,18,,83450,24,,,0,58,,83451,24,,,0,18,,83452,24,,,0,19,,98863,24,,,0,58,,98855,24,,,0,20,,83454,24,,,0,20,,83455,24,,,0,64,,98856,24,,,0,31,,98857,24,,,0,72,,98858,24,,,0,29,,98859,24,,,0,70,,98860,24,,,0,30,,98861,24,,,0
401,'5462',739,,83467,24,,,0,70,,83468,24,,,0,32,,83469,24,,,0,69,,98864,24,,,0,28,,83471,24,,,0,70,,83472,24,,,0,20,,83473,24,,,0,20,,83474,24,,,0,60,,83475,24,,,0,19,,83476,24,,,0,20,,98865,24,,,0,60,,83478,24,,,0,20,,83479,24,,,0,20,,83480,24,,,0,59,,98866,24,,,0,20,,83482,24,,,0,20,,83483,24,,,0,58,,83511,24,,,0,18,,98867,24,,,0,16,,98868,24,,,0,16,,83486,24,,,0,56,,83487,24,,,0,17,,83513,24,,,0,16,,98869,24,,,0,16,,98870,24,,,0,56,,83490,24,,,0,17,,83491,24,,,0,16,,83512,24,,,0,56,,98871,24,,,0,17,,98872,24,,,0,17,,83494,24,,,0,18,,83495,24,,,0,58,,98873,24,,,0,17,,83497,24,,,0,18,,83498,24,,,0,58,,83499,24,,,0,18,,83500,24,,,0,19,,98882,24,,,0,58,,98874,24,,,0,20,,83502,24,,,0,20,,83503,24,,,0,64,,98875,24,,,0,31,,98876,24,,,0,72,,98877,24,,,0,29,,98878,24,,,0,70,,98879,24,,,0,30,,98880,24,,,0
401,'5463',739,,83515,24,,,0,70,,83516,24,,,0,32,,83517,24,,,0,69,,98883,24,,,0,28,,83519,24,,,0,70,,83520,24,,,0,20,,83521,24,,,0,20,,83522,24,,,0,60,,83523,24,,,0,19,,83524,24,,,0,20,,98884,24,,,0,60,,83526,24,,,0,20,,83527,24,,,0,20,,83528,24,,,0,59,,98885,24,,,0,20,,83530,24,,,0,20,,83531,24,,,0,58,,83559,24,,,0,18,,98886,24,,,0,16,,98887,24,,,0,16,,83534,24,,,0,56,,83535,24,,,0,17,,83561,24,,,0,16,,98888,24,,,0,16,,98889,24,,,0,56,,83538,24,,,0,17,,83539,24,,,0,16,,83560,24,,,0,56,,98890,24,,,0,17,,98891,24,,,0,17,,83542,24,,,0,18,,83543,24,,,0,58,,98892,24,,,0,17,,83545,24,,,0,18,,83546,24,,,0,58,,83547,24,,,0,18,,83548,24,,,0,19,,98901,24,,,0,58,,98893,24,,,0,20,,83550,24,,,0,20,,83551,24,,,0,64,,98894,24,,,0,31,,98895,24,,,0,72,,98896,24,,,0,29,,98897,24,,,0,70,,98898,24,,,0,30,,98899,24,,,0
600,'5456',542,,83825,1,,,0,70,,83826,1,,,0,30,,83827,1,,,0,64,,83828,1,,,0,24,,83829,1,,,0,24,,83845,1,,,0,58,,83847,1,,,0,20,,83836,1,,,0,19,,83830,1,,,0,61,,98935,1,,,0,24,,83832,1,,,0,64,,83833,1,,,0,22,,83840,1,,,0,24,,83834,1,,,0,63,,83835,1,,,0,24,,83837,1,,,0,24,,98936,1,,,0,64,,83839,1,,,0,24,,83841,1,,,0,65,,83842,1,,,0,26,,83843,1,,,0,23,,83844,1,,,0,61,,83846,1,,,0,20,,83848,1,,,0,60,,98937,1,,,0,17,,83855,1,,,0,14,,83850,1,,,0,17,,83851,1,,,0,54,,83858,1,,,0,16,,83852,1,,,0,15,,98938,1,,,0,14,,83854,1,,,0,54,,83856,1,,,0,16,,83857,1,,,0,14,,83859,1,,,0,15,,83860,1,,,0,57,,98939,1,,,0,17,,83862,1,,,0,24,,83863,1,,,0,64,,83865,1,,,0,29,,83864,1,,,0,73,,98940,1,,,0,18,,83866,1,,,0,76,,83868,1,,,0,18,,98941,1,,,0,78,,83871,1,,,0,20,,83870,1,,,0,100,,83872,1,,,0,100,,83873,1,,,0
600,'5458',542,,83875,1,,,0,70,,83876,1,,,0,30,,83877,1,,,0,64,,83878,1,,,0,24,,83879,1,,,0,24,,98946,1,,,0,58,,83897,1,,,0,20,,83886,1,,,0,19,,83880,1,,,0,61,,98942,1,,,0,24,,83882,1,,,0,64,,83883,1,,,0,22,,83890,1,,,0,24,,98943,1,,,0,63,,83885,1,,,0,24,,83887,1,,,0,24,,98944,1,,,0,64,,83889,1,,,0,24,,83891,1,,,0,65,,83892,1,,,0,26,,98945,1,,,0,23,,83894,1,,,0,61,,83896,1,,,0,20,,83898,1,,,0,60,,98947,1,,,0,17,,83905,1,,,0,14,,83900,1,,,0,17,,83901,1,,,0,54,,83908,1,,,0,16,,83902,1,,,0,15,,98948,1,,,0,14,,83904,1,,,0,54,,83906,1,,,0,16,,83907,1,,,0,14,,83909,1,,,0,15,,83910,1,,,0,57,,98949,1,,,0,17,,83912,1,,,0,24,,83913,1,,,0,64,,83915,1,,,0,29,,83914,1,,,0,73,,98950,1,,,0,18,,83916,1,,,0,76,,83918,1,,,0,18,,98951,1,,,0,78,,83921,1,,,0,20,,83920,1,,,0,100,,83922,1,,,0,100,,83923,1,,,0,30,,98953,1,,,0,70,,83925,1,,,0,30,,98954,1,,,0,70,,83924,1,,,0,30,,98952,1,,,0
600,'5459',547,,98955,1,,,0,70,,83931,1,,,0,83,,83932,1,,,0,20,,83933,1,,,0,35,,98956,1,,,0,60,,98957,1,,,0,18,,98958,1,,,0,70,,98959,1,,,0,15,,83929,1,,,0,15,,98960,1,,,0,26,,98961,1,,,0,53,,98962,1,,,0,12,,98963,1,,,0,12,,83942,1,,,0,64,,98964,1,,,0,12,,83944,1,,,0,12,,98965,1,,,0,24,,98966,1,,,0,52,,83947,1,,,0,12,,83948,1,,,0,24,,83949,1,,,0,12,,98967,1,,,0,52,,98968,1,,,0,24,,83952,1,,,0,12,,83953,1,,,0,12,,98969,1,,,0,60,,98970,1,,,0,10,,98971,1,,,0,10,,83957,1,,,0,21,,83958,1,,,0,51,,83967,1,,,0,10,,98972,1,,,0,21,,98973,1,,,0,11,,98978,1,,,0,10,,83961,1,,,0,60,,83962,1,,,0,11,,83969,1,,,0,10,,98974,1,,,0,20,,98975,1,,,0,51,,98976,1,,,0,12,,83970,1,,,0,12,,98977,1,,,0,24,,98979,1,,,0,52,,98980,1,,,0,12,,83973,1,,,0,12,,98981,1,,,0,25,,98983,1,,,0,55,,98984,1,,,0,15,,98985,1,,,0,30,,98986,1,,,0,55,,98987,1,,,0,17,,98982,1,,,0,76,,83981,1,,,0,18,,98988,1,,,0,35,,98989,1,,,0,61,,83984,1,,,0,20,,83985,1,,,0,90,,83986,1,,,0,95,,98990,1,,,0,30,,83988,1,,,0,70,,98991,1,,,0,30,,98992,1,,,0,70,,98993,1,,,0,29,,98994,1,,,0
600,'5460',622,,99014,1,,,0,78,,84032,1,,,0,55,,99004,1,,,0,65,,84030,1,,,0,80,,99005,1,,,0,20,,98996,1,,,0,37,,99009,1,,,0,55,,99024,1,,,0,16,,84003,1,,,0,72,,84034,1,,,0,15,,99013,1,,,0,15,,98995,1,,,0,70,,98997,1,,,0,12,,98999,1,,,0,12,,84037,1,,,0,12,,99016,1,,,0,64,,98998,1,,,0,12,,84007,1,,,0,12,,99000,1,,,0,12,,99003,1,,,0,64,,99015,1,,,0,12,,99001,1,,,0,12,,99002,1,,,0,12,,84008,1,,,0,64,,99008,1,,,0,12,,84038,1,,,0,12,,84022,1,,,0,12,,84012,1,,,0,64,,84010,1,,,0,12,,99007,1,,,0,12,,99006,1,,,0,12,,84036,1,,,0,64,,84005,1,,,0,12,,99011,1,,,0,12,,99010,1,,,0,12,,99025,1,,,0,65,,84027,1,,,0,15,,84013,1,,,0,15,,99012,1,,,0,73,,99017,1,,,0,17,,84029,1,,,0,18,,99018,1,,,0,75,,99019,1,,,0,17,,84028,1,,,0,74,,99021,1,,,0,17,,99022,1,,,0,18,,84026,1,,,0,88,,99020,1,,,0,97,,99023,1,,,0,89,,84039,1,,,0
600,'5461',622,,99043,1,,,0,78,,84082,1,,,0,55,,99033,1,,,0,65,,84080,1,,,0,80,,99035,1,,,0,20,,99027,1,,,0,37,,99039,1,,,0,55,,99052,1,,,0,16,,99034,1,,,0,72,,84084,1,,,0,15,,99042,1,,,0,15,,99026,1,,,0,70,,84045,1,,,0,12,,99029,1,,,0,12,,84087,1,,,0,12,,99045,1,,,0,64,,99028,1,,,0,12,,99037,1,,,0,12,,84048,1,,,0,12,,99032,1,,,0,64,,99044,1,,,0,12,,99030,1,,,0,12,,99031,1,,,0,12,,84058,1,,,0,64,,99038,1,,,0,12,,84088,1,,,0,12,,84072,1,,,0,12,,84062,1,,,0,64,,84060,1,,,0,12,,84059,1,,,0,12,,99036,1,,,0,12,,84086,1,,,0,64,,84055,1,,,0,12,,99040,1,,,0,12,,84065,1,,,0,12,,99053,1,,,0,65,,84077,1,,,0,15,,84063,1,,,0,15,,99041,1,,,0,73,,99046,1,,,0,17,,84079,1,,,0,18,,99047,1,,,0,75,,99048,1,,,0,17,,84078,1,,,0,74,,84083,1,,,0,17,,99050,1,,,0,18,,84076,1,,,0,88,,99049,1,,,0,97,,99051,1,,,0,89,,84089,1,,,0
600,'5462',622,,99071,1,,,0,78,,84132,1,,,0,55,,99061,1,,,0,65,,84130,1,,,0,80,,99063,1,,,0,20,,99055,1,,,0,37,,99067,1,,,0,55,,99080,1,,,0,16,,99062,1,,,0,72,,84134,1,,,0,15,,99070,1,,,0,15,,99054,1,,,0,70,,84095,1,,,0,12,,99057,1,,,0,12,,84137,1,,,0,12,,99073,1,,,0,64,,99056,1,,,0,12,,99065,1,,,0,12,,84098,1,,,0,12,,99060,1,,,0,64,,99072,1,,,0,12,,99058,1,,,0,12,,99059,1,,,0,12,,84108,1,,,0,64,,99066,1,,,0,12,,84138,1,,,0,12,,84122,1,,,0,12,,84112,1,,,0,64,,84110,1,,,0,12,,84109,1,,,0,12,,99064,1,,,0,12,,84136,1,,,0,64,,84105,1,,,0,12,,99068,1,,,0,12,,84115,1,,,0,12,,99081,1,,,0,65,,84127,1,,,0,15,,84113,1,,,0,15,,99069,1,,,0,73,,99074,1,,,0,17,,84129,1,,,0,18,,99075,1,,,0,75,,99076,1,,,0,17,,84128,1,,,0,74,,84133,1,,,0,17,,99078,1,,,0,18,,84126,1,,,0,88,,99077,1,,,0,97,,99079,1,,,0,89,,84139,1,,,0
600,'5463',622,,99099,1,,,0,78,,84182,1,,,0,55,,99089,1,,,0,65,,84180,1,,,0,80,,99091,1,,,0,20,,99083,1,,,0,37,,99095,1,,,0,55,,99108,1,,,0,16,,99090,1,,,0,72,,84184,1,,,0,15,,99098,1,,,0,15,,99082,1,,,0,70,,84145,1,,,0,12,,99085,1,,,0,12,,84187,1,,,0,12,,99101,1,,,0,64,,99084,1,,,0,12,,99093,1,,,0,12,,84148,1,,,0,12,,99088,1,,,0,64,,99100,1,,,0,12,,99086,1,,,0,12,,99087,1,,,0,12,,84158,1,,,0,64,,99094,1,,,0,12,,84188,1,,,0,12,,84172,1,,,0,12,,84162,1,,,0,64,,84160,1,,,0,12,,84159,1,,,0,12,,99092,1,,,0,12,,84186,1,,,0,64,,84155,1,,,0,12,,99096,1,,,0,12,,84165,1,,,0,12,,99109,1,,,0,65,,84177,1,,,0,15,,84163,1,,,0,15,,99097,1,,,0,73,,99102,1,,,0,17,,84179,1,,,0,18,,99103,1,,,0,75,,99104,1,,,0,17,,84178,1,,,0,74,,84183,1,,,0,17,,99106,1,,,0,18,,84176,1,,,0,88,,99105,1,,,0,97,,99107,1,,,0,89,,84189,1,,,0
601,'5456',555,,99110,30,4,,0,55,,84194,30,4,,0,30,,84195,30,4,,0,64,,84196,30,4,,0,16,,99113,30,4,,0,15,,99111,30,4,,0,8,,84214,30,4,,0,15,,84198,30,4,,0,56,,84201,30,4,,0,14,,84208,30,4,,0,19,,84199,30,4,,0,57,,99112,30,4,,0,16,,84202,30,4,,0,16,,84221,30,4,,0,20,,84203,30,4,,0,62,,84212,30,4,,0,24,,84204,30,4,,0,63,,84205,30,4,,0,24,,84206,30,4,,0,24,,99114,30,4,,0,64,,84210,30,4,,0,24,,84211,30,4,,0,65,,84213,30,4,,0,26,,84215,30,4,,0,23,,84216,30,4,,0,61,,84217,30,4,,0,20,,84218,30,4,,0,20,,99115,30,4,,0,60,,99116,30,4,,0,19,,84222,30,4,,0,11,,84244,20,4,,0,5,,84223,30,4,,0,50,,84224,30,4,,0,20,,84225,30,4,,0,19,,84226,30,4,,0,61,,84227,30,4,,0,21,,84228,30,4,,0,20,,84229,30,4,,0,64,,99117,30,4,,0,23,,84231,30,4,,0,12,,84232,30,4,,0,64,,84233,30,4,,0,29,,84234,30,4,,0,73,,99118,30,4,,0,36,,84237,30,4,,0,58,,84236,30,4,,0,36,,84239,30,4,,0,20,,84238,30,4,,0,90,,84240,30,4,,0,100,,99119,30,4,,0,70,,84243,30,4,,0,31,,99120,30,4,,0
601,'5458',555,,99121,30,4,,0,55,,84246,30,4,,0,30,,84247,30,4,,0,64,,84248,30,4,,0,16,,99126,30,4,,0,15,,99122,30,4,,0,8,,84266,30,4,,0,15,,84250,30,4,,0,56,,84253,30,4,,0,14,,84260,30,4,,0,19,,84251,30,4,,0,57,,99123,30,4,,0,16,,99124,30,4,,0,16,,84273,30,4,,0,20,,84255,30,4,,0,62,,84264,30,4,,0,24,,99125,30,4,,0,63,,84257,30,4,,0,24,,84258,30,4,,0,24,,99127,30,4,,0,64,,84262,30,4,,0,24,,84263,30,4,,0,65,,84265,30,4,,0,26,,99128,30,4,,0,23,,84268,30,4,,0,61,,84269,30,4,,0,20,,84270,30,4,,0,20,,99129,30,4,,0,60,,99130,30,4,,0,19,,84274,30,4,,0,11,,84300,20,4,,0,5,,84275,30,4,,0,50,,84276,30,4,,0,20,,84277,30,4,,0,19,,84278,30,4,,0,61,,84279,30,4,,0,21,,84280,30,4,,0,20,,84281,30,4,,0,64,,99131,30,4,,0,23,,84283,30,4,,0,12,,84284,30,4,,0,64,,84285,30,4,,0,29,,84286,30,4,,0,73,,99132,30,4,,0,36,,84289,30,4,,0,58,,84288,30,4,,0,36,,84291,30,4,,0,20,,84290,30,4,,0,90,,84292,30,4,,0,100,,99133,30,4,,0,70,,84295,30,4,,0,31,,99134,30,4,,0,70,,84297,30,4,,0,30,,99136,30,4,,0,70,,84296,30,4,,0,30,,99135,30,4,,0
601,'5459',615,,84303,30,4,,0,23,,99138,30,4,,0,20,,84301,30,4,,0,78,,99139,30,4,,0,16,,99140,30,4,,0,60,,99141,30,4,,0,33,,99142,30,4,,0,55,,99143,30,4,,0,15,,84310,30,4,,0,28,,99144,30,4,,0,13,,99145,30,4,,0,53,,99137,30,4,,0,24,,84313,30,4,,0,12,,84314,30,4,,0,12,,99146,30,4,,0,64,,99148,30,4,,0,12,,99149,30,4,,0,12,,99147,30,4,,0,64,,84319,30,4,,0,12,,99150,30,4,,0,12,,84321,30,4,,0,24,,99155,30,4,,0,52,,99151,30,4,,0,12,,84323,30,4,,0,24,,99152,30,4,,0,10,,84325,30,4,,0,50,,99153,30,4,,0,20,,84329,30,4,,0,10,,99156,30,4,,0,11,,84331,30,4,,0,61,,99154,30,4,,0,11,,84332,30,4,,0,10,,99159,30,4,,0,21,,84333,30,4,,0,10,,99157,30,4,,0,50,,84335,30,4,,0,21,,99158,30,4,,0,10,,84338,30,4,,0,10,,99160,30,4,,0,51,,99161,30,4,,0,24,,99162,30,4,,0,12,,84342,30,4,,0,12,,99163,30,4,,0,52,,99164,30,4,,0,24,,99165,30,4,,0,12,,84346,30,4,,0,13,,99166,30,4,,0,55,,99167,30,4,,0,30,,84349,30,4,,0,15,,99168,30,4,,0,55,,99169,30,4,,0,35,,99170,30,4,,0,18,,84353,30,4,,0,76,,99171,30,4,,0,18,,99172,30,4,,0,81,,84356,30,4,,0,25,,99173,30,4,,0,95,,84358,30,4,,0,65,,99174,30,4,,0,30,,84360,30,4,,0,70,,99175,30,4,,0,30,,99176,30,4,,0,70,,99177,30,4,,0,29,,99178,30,4,,0
601,'5460',658,,84402,30,4,,0,95,,99189,30,4,,0,85,,99193,30,4,,0,20,,99188,30,4,,0,80,,84401,30,4,,0,17,,99196,30,4,,0,55,,99207,30,4,,0,31,,99179,30,4,,0,16,,84404,30,4,,0,55,,99198,30,4,,0,30,,84374,30,4,,0,15,,99181,30,4,,0,52,,99180,30,4,,0,24,,99200,30,4,,0,12,,99183,30,4,,0,12,,99184,30,4,,0,52,,84384,30,4,,0,24,,99182,30,4,,0,12,,84409,30,4,,0,12,,99199,30,4,,0,52,,99187,30,4,,0,24,,84383,30,4,,0,12,,99186,30,4,,0,12,,99185,30,4,,0,52,,84407,30,4,,0,24,,84379,30,4,,0,12,,99191,30,4,,0,12,,84382,30,4,,0,52,,99192,30,4,,0,24,,84408,30,4,,0,12,,84387,30,4,,0,12,,84377,30,4,,0,52,,99190,30,4,,0,24,,99208,30,4,,0,12,,99195,30,4,,0,13,,84405,30,4,,0,55,,84386,30,4,,0,30,,99197,30,4,,0,59,,99194,30,4,,0,17,,84399,30,4,,0,36,,99202,30,4,,0,57,,99201,30,4,,0,34,,99203,30,4,,0,57,,99204,30,4,,0,35,,84403,30,4,,0,20,,99205,30,4,,0,95,,84400,30,4,,0,70,,99206,30,4,,0,89,,84410,30,4,,0
601,'5461',658,,84451,30,4,,0,95,,99218,30,4,,0,85,,99222,30,4,,0,20,,99217,30,4,,0,80,,84450,30,4,,0,17,,99225,30,4,,0,55,,99233,30,4,,0,31,,99209,30,4,,0,16,,84453,30,4,,0,55,,99226,30,4,,0,30,,99216,30,4,,0,15,,84416,30,4,,0,52,,99210,30,4,,0,24,,99228,30,4,,0,12,,99212,30,4,,0,12,,99213,30,4,,0,52,,99221,30,4,,0,24,,99211,30,4,,0,12,,84458,30,4,,0,12,,99227,30,4,,0,52,,99215,30,4,,0,24,,84432,30,4,,0,12,,84421,30,4,,0,12,,99214,30,4,,0,52,,84456,30,4,,0,24,,84428,30,4,,0,12,,99220,30,4,,0,12,,84431,30,4,,0,52,,84430,30,4,,0,24,,84457,30,4,,0,12,,84436,30,4,,0,12,,84426,30,4,,0,52,,99219,30,4,,0,24,,99234,30,4,,0,12,,99224,30,4,,0,13,,84454,30,4,,0,55,,84435,30,4,,0,30,,84440,30,4,,0,59,,99223,30,4,,0,17,,84448,30,4,,0,36,,84445,30,4,,0,57,,99229,30,4,,0,34,,99230,30,4,,0,57,,84447,30,4,,0,35,,84452,30,4,,0,20,,99231,30,4,,0,95,,84449,30,4,,0,70,,99232,30,4,,0,89,,84459,30,4,,0
601,'5462',658,,84500,30,4,,0,95,,99244,30,4,,0,85,,99248,30,4,,0,20,,99243,30,4,,0,80,,84499,30,4,,0,17,,99251,30,4,,0,55,,99259,30,4,,0,31,,99235,30,4,,0,16,,84502,30,4,,0,55,,99252,30,4,,0,30,,99242,30,4,,0,15,,84465,30,4,,0,52,,99236,30,4,,0,24,,99254,30,4,,0,12,,99238,30,4,,0,12,,99239,30,4,,0,52,,99247,30,4,,0,24,,99237,30,4,,0,12,,84507,30,4,,0,12,,99253,30,4,,0,52,,99241,30,4,,0,24,,84481,30,4,,0,12,,84470,30,4,,0,12,,99240,30,4,,0,52,,84505,30,4,,0,24,,84477,30,4,,0,12,,99246,30,4,,0,12,,84480,30,4,,0,52,,84479,30,4,,0,24,,84506,30,4,,0,12,,84485,30,4,,0,12,,84475,30,4,,0,52,,99245,30,4,,0,24,,99260,30,4,,0,12,,99250,30,4,,0,13,,84503,30,4,,0,55,,84484,30,4,,0,30,,84489,30,4,,0,59,,99249,30,4,,0,17,,84497,30,4,,0,36,,84494,30,4,,0,57,,99255,30,4,,0,34,,99256,30,4,,0,57,,84496,30,4,,0,35,,84501,30,4,,0,20,,99257,30,4,,0,95,,84498,30,4,,0,70,,99258,30,4,,0,89,,84508,30,4,,0
601,'5463',658,,84549,30,4,,0,95,,99270,30,4,,0,85,,99274,30,4,,0,20,,99269,30,4,,0,80,,84548,30,4,,0,17,,99277,30,4,,0,55,,99285,30,4,,0,31,,99261,30,4,,0,16,,84551,30,4,,0,55,,99278,30,4,,0,30,,99268,30,4,,0,15,,84514,30,4,,0,52,,99262,30,4,,0,24,,99280,30,4,,0,12,,99264,30,4,,0,12,,99265,30,4,,0,52,,99273,30,4,,0,24,,99263,30,4,,0,12,,84556,30,4,,0,12,,99279,30,4,,0,52,,99267,30,4,,0,24,,84530,30,4,,0,12,,84519,30,4,,0,12,,99266,30,4,,0,52,,84554,30,4,,0,24,,84526,30,4,,0,12,,99272,30,4,,0,12,,84529,30,4,,0,52,,84528,30,4,,0,24,,84555,30,4,,0,12,,84534,30,4,,0,12,,84524,30,4,,0,52,,99271,30,4,,0,24,,99286,30,4,,0,12,,99276,30,4,,0,13,,84552,30,4,,0,55,,84533,30,4,,0,30,,84538,30,4,,0,59,,99275,30,4,,0,17,,84546,30,4,,0,36,,84543,30,4,,0,57,,99281,30,4,,0,34,,99282,30,4,,0,57,,84545,30,4,,0,35,,84550,30,4,,0,20,,99283,30,4,,0,95,,84547,30,4,,0,70,,99284,30,4,,0,89,,84557,30,4,,0
701,'5456',605,,84790,1,,,0,29,,84805,1,,,0,23,,84792,1,,,0,55,,84819,1,,,0,16,,84791,1,,,0,9,,99327,1,,,0,6,,84827,1,,,0,10,,84833,1,,,0,47,,84813,1,,,0,10,,84834,1,,,0,8,,84794,1,,,0,16,,84816,1,,,0,17,,84806,1,,,0,55,,84825,1,,,0,20,,84795,1,,,0,20,,84796,1,,,0,60,,84829,1,,,0,19,,84812,1,,,0,20,,84793,1,,,0,60,,84817,1,,,0,21,,84823,1,,,0,20,,84797,1,,,0,60,,84798,1,,,0,25,,84831,1,,,0,20,,84814,1,,,0,60,,84800,1,,,0,21,,99326,1,,,0,19,,84824,1,,,0,61,,84799,1,,,0,22,,84801,1,,,0,22,,84835,1,,,0,60,,84828,1,,,0,18,,84807,1,,,0,14,,99325,1,,,0,64,,84837,1,,,0,19,,84815,1,,,0,17,,84820,1,,,0,60,,84803,1,,,0,14,,84804,1,,,0,17,,84836,1,,,0,19,,84826,1,,,0,59,,84809,1,,,0,18,,84810,1,,,0,70,,84821,1,,,0,30,,84808,1,,,0,70,,84830,1,,,0,30,,84811,1,,,0,70,,84822,1,,,0
701,'5458',605,,84838,1,,,0,29,,84853,1,,,0,23,,84840,1,,,0,55,,84867,1,,,0,16,,84839,1,,,0,9,,99330,1,,,0,6,,84875,1,,,0,10,,84881,1,,,0,47,,84861,1,,,0,10,,84882,1,,,0,8,,84842,1,,,0,16,,84864,1,,,0,17,,84854,1,,,0,55,,84873,1,,,0,20,,84843,1,,,0,20,,84844,1,,,0,60,,84877,1,,,0,19,,84860,1,,,0,20,,84841,1,,,0,60,,84865,1,,,0,21,,84871,1,,,0,20,,84845,1,,,0,60,,84846,1,,,0,25,,84879,1,,,0,20,,84862,1,,,0,60,,84848,1,,,0,21,,99329,1,,,0,19,,84872,1,,,0,61,,84847,1,,,0,22,,84849,1,,,0,22,,84883,1,,,0,60,,84876,1,,,0,18,,84855,1,,,0,14,,99328,1,,,0,64,,84885,1,,,0,19,,84863,1,,,0,17,,84868,1,,,0,60,,84851,1,,,0,14,,84852,1,,,0,17,,84884,1,,,0,19,,84874,1,,,0,59,,84857,1,,,0,18,,84858,1,,,0,70,,84869,1,,,0,30,,84856,1,,,0,70,,84878,1,,,0,30,,84859,1,,,0,70,,84870,1,,,0
701,'5459',656,,84913,1,,,0,70,,84897,1,,,0,31,,99339,1,,,0,71,,84890,1,,,0,30,,84914,1,,,0,69,,84898,1,,,0,31,,99340,1,,,0,67,,84886,1,,,0,29,,99331,1,,,0,69,,99341,1,,,0,31,,99335,1,,,0,69,,99338,1,,,0,28,,84887,1,,,0,70,,99332,1,,,0,30,,84909,1,,,0,70,,99334,1,,,0,30,,84902,1,,,0,71,,99333,1,,,0,30,,84892,1,,,0,73,,84910,1,,,0,30,,99336,1,,,0,69,,84904,1,,,0,31,,84896,1,,,0,70,,99337,1,,,0,30,,84911,1,,,0,70,,84900,1,,,0,76,,84905,1,,,0,36,,84903,1,,,0,68,,84912,1,,,0
701,'5460',704,,99345,1,,,0,40,,84916,1,,,0,80,,84928,1,,,0,76,,84929,1,,,0,25,,84915,1,,,0,28,,84917,1,,,0,71,,99346,1,,,0,29,,84918,1,,,0,70,,84933,1,,,0,29,,99342,1,,,0,70,,99343,1,,,0,30,,99348,1,,,0,68,,99347,1,,,0,30,,84934,1,,,0,70,,99349,1,,,0,29,,84922,1,,,0,71,,99344,1,,,0,32,,84925,1,,,0,72,,84924,1,,,0,29,,84921,1,,,0,71,,84926,1,,,0,30,,84936,1,,,0,72,,84937,1,,,0,75,,99350,1,,,0,34,,84940,1,,,0,70,,84939,1,,,0
701,'5461',704,,84953,1,,,0,40,,99352,1,,,0,80,,84954,1,,,0,76,,84955,1,,,0,25,,99351,1,,,0,28,,84943,1,,,0,71,,84956,1,,,0,29,,84944,1,,,0,70,,84959,1,,,0,29,,84945,1,,,0,70,,99353,1,,,0,30,,99356,1,,,0,68,,99355,1,,,0,30,,84960,1,,,0,70,,99357,1,,,0,29,,84948,1,,,0,71,,99354,1,,,0,32,,84951,1,,,0,72,,84950,1,,,0,29,,84947,1,,,0,71,,84952,1,,,0,30,,84962,1,,,0,72,,84963,1,,,0,75,,99358,1,,,0,34,,99359,1,,,0,70,,84965,1,,,0
701,'5462',704,,84979,1,,,0,40,,99361,1,,,0,80,,84980,1,,,0,76,,84981,1,,,0,25,,99360,1,,,0,28,,84969,1,,,0,71,,84982,1,,,0,29,,84970,1,,,0,70,,84985,1,,,0,29,,84971,1,,,0,70,,99362,1,,,0,30,,99365,1,,,0,68,,99364,1,,,0,30,,84986,1,,,0,70,,99366,1,,,0,29,,84974,1,,,0,71,,99363,1,,,0,32,,84977,1,,,0,72,,84976,1,,,0,29,,84973,1,,,0,71,,84978,1,,,0,30,,84988,1,,,0,72,,84989,1,,,0,75,,99367,1,,,0,34,,99368,1,,,0,70,,84991,1,,,0
701,'5463',704,,85005,1,,,0,40,,99370,1,,,0,80,,85006,1,,,0,76,,85007,1,,,0,25,,99369,1,,,0,28,,84995,1,,,0,71,,85008,1,,,0,29,,84996,1,,,0,70,,85011,1,,,0,29,,84997,1,,,0,70,,99371,1,,,0,30,,99374,1,,,0,68,,99373,1,,,0,30,,85012,1,,,0,70,,99375,1,,,0,29,,85000,1,,,0,71,,99372,1,,,0,32,,85003,1,,,0,72,,85002,1,,,0,29,,84999,1,,,0,71,,85004,1,,,0,30,,85014,1,,,0,72,,85015,1,,,0,75,,99376,1,,,0,34,,99377,1,,,0,70,,85017,1,,,0
1100,'5456',612,,85487,28,,,0,30,,85490,28,,,0,61,,85483,28,,,0,19,,85497,28,,,0,18,,85485,28,,,0,19,,99407,28,,,0,55,,85510,28,,,0,16,,85486,28,,,0,18,,85503,28,,,0,58,,85489,28,,,0,21,,85488,28,,,0,24,,85499,28,,,0,66,,85491,28,,,0,25,,99408,28,,,0,65,,85492,28,,,0,25,,85493,28,,,0,25,,85495,28,,,0,65,,85498,28,,,0,26,,85496,28,,,0,65,,99409,28,,,0,26,,85500,28,,,0,64,,85501,28,,,0,18,,85514,28,,,0,18,,85502,28,,,0,18,,85504,28,,,0,59,,85532,28,,,0,18,,85505,28,,,0,20,,85509,28,,,0,59,,99420,28,,,0,19,,85506,28,,,0,20,,85511,28,,,0,57,,99411,28,,,0,15,,85513,28,,,0,17,,99410,28,,,0,15,,85531,28,,,0,58,,85517,28,,,0,14,,85516,28,,,0,18,,99423,28,,,0,59,,99412,28,,,0,24,,85519,28,,,0,30,,99413,28,,,0,75,,99414,28,,,0,70,,99422,28,,,0,34,,99416,28,,,0,70,,99415,28,,,0,34,,99417,28,,,0,70,,99421,28,,,0,30,,99418,28,,,0,83,,99419,28,,,0
1100,'5458',612,,85537,28,,,0,30,,85540,28,,,0,61,,85533,28,,,0,19,,85547,28,,,0,18,,85535,28,,,0,19,,99424,28,,,0,55,,85560,28,,,0,16,,85536,28,,,0,18,,85553,28,,,0,58,,85539,28,,,0,21,,85538,28,,,0,24,,85549,28,,,0,66,,85541,28,,,0,25,,99425,28,,,0,65,,85542,28,,,0,25,,85543,28,,,0,25,,85545,28,,,0,65,,85548,28,,,0,26,,85546,28,,,0,65,,99426,28,,,0,26,,85550,28,,,0,64,,85551,28,,,0,18,,85564,28,,,0,18,,85552,28,,,0,18,,85554,28,,,0,59,,85582,28,,,0,18,,85555,28,,,0,20,,85559,28,,,0,59,,99437,28,,,0,19,,85556,28,,,0,20,,85561,28,,,0,57,,99428,28,,,0,15,,85563,28,,,0,17,,99427,28,,,0,15,,85581,28,,,0,58,,85567,28,,,0,14,,85566,28,,,0,18,,99440,28,,,0,59,,99429,28,,,0,24,,85569,28,,,0,30,,99430,28,,,0,75,,99431,28,,,0,70,,99439,28,,,0,34,,99433,28,,,0,70,,99432,28,,,0,34,,99434,28,,,0,70,,99438,28,,,0,30,,99435,28,,,0,83,,99436,28,,,0
1100,'5459',728,,99461,28,,,0,76,,85597,28,,,0,36,,99441,28,,,0,71,,85587,28,,,0,30,,85614,28,,,0,70,,99455,28,,,0,25,,99446,28,,,0,65,,99442,28,,,0,26,,85590,28,,,0,29,,99452,28,,,0,65,,99443,28,,,0,25,,99450,28,,,0,65,,85594,28,,,0,24,,85585,28,,,0,65,,99444,28,,,0,26,,99451,28,,,0,25,,99447,28,,,0,65,,99454,28,,,0,27,,99448,28,,,0,65,,85591,28,,,0,23,,85595,28,,,0,24,,99460,28,,,0,63,,99445,28,,,0,24,,99453,28,,,0,64,,99462,28,,,0,25,,85606,28,,,0,25,,99449,28,,,0,64,,85599,28,,,0,25,,85608,28,,,0,65,,99458,28,,,0,24,,99456,28,,,0,70,,99457,28,,,0,30,,99459,28,,,0,74,,99463,28,,,0,35,,99464,28,,,0,69,,99465,28,,,0,30,,99466,28,,,0,79,,99467,28,,,0
1100,'5460',743,,85622,28,,,0,80,,85621,28,,,0,81,,99469,28,,,0,31,,99468,28,,,0,71,,99470,28,,,0,35,,85625,28,,,0,75,,99474,28,,,0,31,,99472,28,,,0,70,,99471,28,,,0,31,,99473,28,,,0,70,,99477,28,,,0,30,,99478,28,,,0,70,,99476,28,,,0,31,,99475,28,,,0,70,,99481,28,,,0,30,,99480,28,,,0,69,,99479,28,,,0,30,,99483,28,,,0,69,,99484,28,,,0,29,,99482,28,,,0,69,,99485,28,,,0,29,,99486,28,,,0,70,,99488,28,,,0,45,,99487,28,,,0,85,,99489,28,,,0,84,,99490,28,,,0,79,,99491,28,,,0,45,,99492,28,,,0,85,,99493,28,,,0
1100,'5461',743,,85651,28,,,0,80,,99494,28,,,0,81,,99496,28,,,0,31,,99495,28,,,0,71,,99498,28,,,0,35,,99497,28,,,0,75,,99502,28,,,0,31,,99500,28,,,0,70,,99499,28,,,0,31,,99501,28,,,0,70,,99504,28,,,0,30,,99505,28,,,0,70,,99503,28,,,0,31,,85660,28,,,0,70,,85666,28,,,0,30,,85665,28,,,0,69,,99506,28,,,0,30,,99507,28,,,0,69,,99508,28,,,0,29,,85667,28,,,0,69,,85670,28,,,0,29,,99509,28,,,0,70,,99511,28,,,0,45,,99510,28,,,0,85,,99512,28,,,0,84,,99513,28,,,0,79,,99514,28,,,0,45,,99515,28,,,0,85,,99516,28,,,0
1100,'5462',743,,85680,28,,,0,80,,99517,28,,,0,81,,99519,28,,,0,31,,99518,28,,,0,71,,99521,28,,,0,35,,99520,28,,,0,75,,99525,28,,,0,31,,99523,28,,,0,70,,99522,28,,,0,31,,99524,28,,,0,70,,99527,28,,,0,30,,99528,28,,,0,70,,99526,28,,,0,31,,85689,28,,,0,70,,85695,28,,,0,30,,85694,28,,,0,69,,99529,28,,,0,30,,99530,28,,,0,69,,99531,28,,,0,29,,85696,28,,,0,69,,85699,28,,,0,29,,99532,28,,,0,70,,99534,28,,,0,45,,99533,28,,,0,85,,99535,28,,,0,84,,99536,28,,,0,79,,99537,28,,,0,45,,99538,28,,,0,85,,99539,28,,,0
1100,'5463',743,,85709,28,,,0,80,,99540,28,,,0,81,,99542,28,,,0,31,,99541,28,,,0,71,,99544,28,,,0,35,,99543,28,,,0,75,,99548,28,,,0,31,,99546,28,,,0,70,,99545,28,,,0,31,,99547,28,,,0,70,,99550,28,,,0,30,,99551,28,,,0,70,,99549,28,,,0,31,,85718,28,,,0,70,,85724,28,,,0,30,,85723,28,,,0,69,,99552,28,,,0,30,,99553,28,,,0,69,,99554,28,,,0,29,,85725,28,,,0,69,,85728,28,,,0,29,,99555,28,,,0,70,,99557,28,,,0,45,,99556,28,,,0,85,,99558,28,,,0,84,,99559,28,,,0,79,,99560,28,,,0,45,,99561,28,,,0,85,,99562,28,,,0
1401,'5456',1444,,86690,28,4,,0,14,,86691,28,4,,0,65,,86692,28,4,,0,17,,86693,28,4,,0,15,,86694,28,4,,0,57,,86695,28,4,,0,15,,86696,28,4,,0,7,,86780,28,4,,0,1,,86697,28,4,,0,14,,86698,28,4,,0,54,,86699,28,4,,0,14,,86700,28,4,,0,17,,86701,28,4,,0,15,,86702,28,4,,0,57,,86703,28,4,,0,14,,99958,28,4,,0
1401,'5458',1444,,86781,28,4,,0,14,,86782,28,4,,0,65,,99987,28,4,,0,17,,86784,28,4,,0,15,,86785,28,4,,0,57,,86786,28,4,,0,15,,86787,28,4,,0,7,,86873,28,4,,0,1,,86788,28,4,,0,14,,86789,28,4,,0,54,,86790,28,4,,0,14,,99988,28,4,,0,17,,99989,28,4,,0,15,,86793,28,4,,0,57,,99990,28,4,,0,14,,99991,28,4,,0
2101,'5456',605,,88315,27,4,,0,29,,88331,27,4,,0,23,,88317,27,4,,0,55,,88346,27,4,,0,16,,88316,31,4,,0,15,,88356,31,4,,0,57,,88339,31,4,,0,18,,88319,31,4,,0,16,,88343,31,4,,0,17,,88330,31,4,,0,55,,88353,31,4,,0,20,,88320,31,4,,0,20,,88321,27,4,,0,60,,88357,31,4,,0,19,,88338,27,4,,0,20,,88318,31,4,,0,60,,88344,27,4,,0,21,,88351,31,4,,0,20,,88322,27,4,,0,60,,88323,31,4,,0,25,,88360,27,4,,0,20,,88337,31,4,,0,60,,88324,27,4,,0,21,,100442,31,4,,0,19,,88352,27,4,,0,61,,88325,31,4,,0,22,,88326,27,4,,0,22,,88363,31,4,,0,60,,88355,31,4,,0,18,,88333,31,4,,0,14,,100441,27,4,,0,64,,88364,31,4,,0,19,,88341,31,4,,0,17,,88347,31,4,,0,60,,88327,31,4,,0,14,,88328,31,4,,0,17,,88362,27,4,,0,19,,88361,31,4,,0,59,,88340,31,4,,0,18,,88332,31,4,,0,70,,88348,27,4,,0,30,,88334,27,4,,0,70,,88358,27,4,,0,30,,88335,27,4,,0,70,,88349,27,4,,0,29,,88336,27,4,,0,72,,88359,27,4,,0,29,,88342,27,4,,0,70,,88350,27,4,,0,105,,88354,27,4,,0
2101,'5458',605,,88365,27,4,,0,29,,88381,27,4,,0,23,,88367,27,4,,0,55,,88396,27,4,,0,16,,88366,31,4,,0,15,,88406,31,4,,0,57,,88389,31,4,,0,18,,88369,31,4,,0,16,,88393,31,4,,0,17,,88380,31,4,,0,55,,88403,31,4,,0,20,,88370,31,4,,0,20,,88371,27,4,,0,60,,88407,31,4,,0,19,,88388,27,4,,0,20,,88368,31,4,,0,60,,88394,27,4,,0,21,,88401,31,4,,0,20,,88372,27,4,,0,60,,88373,31,4,,0,25,,88410,27,4,,0,20,,88387,31,4,,0,60,,88374,27,4,,0,21,,100444,31,4,,0,19,,88402,27,4,,0,61,,88375,31,4,,0,22,,88376,27,4,,0,22,,88413,31,4,,0,60,,88405,31,4,,0,18,,88383,31,4,,0,14,,100443,27,4,,0,64,,88414,31,4,,0,19,,88391,31,4,,0,17,,88397,31,4,,0,60,,88377,31,4,,0,14,,88378,31,4,,0,17,,88412,27,4,,0,19,,88411,31,4,,0,59,,88390,31,4,,0,18,,88382,31,4,,0,70,,88398,27,4,,0,30,,88384,27,4,,0,70,,88408,27,4,,0,30,,88385,27,4,,0,70,,88399,27,4,,0,29,,88386,27,4,,0,72,,88409,27,4,,0,29,,88392,27,4,,0,70,,88400,27,4,,0,105,,88404,27,4,,0
2101,'5459',656,,88445,27,4,,0,70,,88427,27,4,,0,31,,100453,27,4,,0,71,,88419,27,4,,0,30,,88446,27,4,,0,69,,88428,27,4,,0,31,,100454,27,4,,0,67,,88415,27,4,,0,29,,100445,27,4,,0,69,,100455,27,4,,0,31,,100448,27,4,,0,69,,100452,27,4,,0,28,,88416,27,4,,0,70,,100446,27,4,,0,30,,88439,27,4,,0,70,,100449,27,4,,0,30,,88431,27,4,,0,71,,100447,27,4,,0,30,,88421,27,4,,0,73,,88440,27,4,,0,30,,100450,27,4,,0,69,,88433,27,4,,0,31,,88426,27,4,,0,70,,100451,27,4,,0,30,,88441,27,4,,0,70,,88429,27,4,,0,76,,88432,27,4,,0,36,,88434,27,4,,0,68,,88443,27,4,,0,30,,88435,27,4,,0,72,,88444,27,4,,0,30,,88442,27,4,,0,70,,88447,27,4,,0,103,,88448,27,4,,0
2101,'5460',704,,100460,27,4,,0,40,,88452,27,4,,0,80,,88463,27,4,,0,76,,88461,27,4,,0,25,,88449,27,4,,0,28,,88451,27,4,,0,71,,100461,27,4,,0,29,,88450,27,4,,0,70,,88465,27,4,,0,29,,100457,27,4,,0,70,,100456,27,4,,0,30,,100462,27,4,,0,68,,100458,27,4,,0,30,,88467,27,4,,0,70,,100463,27,4,,0,29,,88469,27,4,,0,71,,100459,27,4,,0,32,,88458,27,4,,0,72,,88459,27,4,,0,29,,88460,27,4,,0,71,,88456,27,4,,0,30,,88470,27,4,,0,72,,88471,27,4,,0,75,,100464,27,4,,0,104,,88473,27,4,,0,100,,88474,27,4,,0,102,,88475,27,4,,0,100,,88476,27,4,,0,103,,88477,27,4,,0
2101,'5461',704,,88491,27,4,,0,40,,100466,27,4,,0,80,,88492,27,4,,0,76,,88490,27,4,,0,25,,100465,27,4,,0,28,,88480,27,4,,0,71,,88493,27,4,,0,29,,88479,27,4,,0,70,,88494,27,4,,0,29,,88483,27,4,,0,70,,100467,27,4,,0,30,,100470,27,4,,0,68,,100468,27,4,,0,30,,88496,27,4,,0,70,,100471,27,4,,0,29,,88498,27,4,,0,71,,100469,27,4,,0,32,,88487,27,4,,0,72,,88488,27,4,,0,29,,88489,27,4,,0,71,,88485,27,4,,0,30,,88499,27,4,,0,72,,88500,27,4,,0,75,,100472,27,4,,0,104,,88502,27,4,,0,100,,88503,27,4,,0,102,,88504,27,4,,0,100,,88505,27,4,,0,103,,88506,27,4,,0
2101,'5462',704,,88520,27,4,,0,40,,100474,27,4,,0,80,,88521,27,4,,0,76,,88519,27,4,,0,25,,100473,27,4,,0,28,,88509,27,4,,0,71,,88522,27,4,,0,29,,88508,27,4,,0,70,,88523,27,4,,0,29,,88512,27,4,,0,70,,100475,27,4,,0,30,,100478,27,4,,0,68,,100476,27,4,,0,30,,88525,27,4,,0,70,,100479,27,4,,0,29,,88527,27,4,,0,71,,100477,27,4,,0,32,,88516,27,4,,0,72,,88517,27,4,,0,29,,88518,27,4,,0,71,,88514,27,4,,0,30,,88528,27,4,,0,72,,88529,27,4,,0,75,,100480,27,4,,0,104,,88531,27,4,,0,100,,88532,27,4,,0,102,,88533,27,4,,0,100,,88534,27,4,,0,103,,88535,27,4,,0
2101,'5463',704,,88549,27,4,,0,40,,100482,27,4,,0,80,,88550,27,4,,0,76,,88548,27,4,,0,25,,100481,27,4,,0,28,,88538,27,4,,0,71,,88551,27,4,,0,29,,88537,27,4,,0,70,,88552,27,4,,0,29,,88541,27,4,,0,70,,100483,27,4,,0,30,,100486,27,4,,0,68,,100484,27,4,,0,30,,88554,27,4,,0,70,,100487,27,4,,0,29,,88556,27,4,,0,71,,100485,27,4,,0,32,,88545,27,4,,0,72,,88546,27,4,,0,29,,88547,27,4,,0,71,,88543,27,4,,0,30,,88557,27,4,,0,72,,88558,27,4,,0,75,,100488,27,4,,0,104,,88560,27,4,,0,100,,88561,27,4,,0,102,,88562,27,4,,0,100,,88563,27,4,,0,103,,88564,27,4,,0
2201,'5456',618,,100564,47,,,0,29,,100567,47,,,0,90,,100569,39,,,0,67,,100565,53,,,0,32,,100566,53,,,0,71,,100568,53,,,0,100,,88755,53,,,0,30,,88754,53,,,0,70,,100570,53,,,0,98,,100571,53,,,0,30,,100572,39,,,0,69,,100573,39,,,0,100,,100574,39,,,0,32,,100575,39,,,0,101,,88763,39,,,0,71,,100576,39,,,0,30,,100577,39,,,0,98,,100578,39,,,0,76,,88767,39,,,0,98,,88768,39,,,0,31,,100579,39,,,0,101,,88771,39,,,0,71,,88770,39,,,0,88,,88772,39,4,,0
2201,'5458',618,,100580,47,,,0,29,,100583,47,,,0,90,,100585,39,,,0,67,,100581,53,,,0,32,,100582,53,,,0,71,,100584,53,,,0,100,,88779,53,,,0,30,,88778,53,,,0,70,,100586,53,,,0,98,,100587,53,,,0,30,,100588,39,,,0,69,,100589,39,,,0,100,,100590,39,,,0,32,,100591,39,,,0,101,,88787,39,,,0,71,,100592,39,,,0,30,,100593,39,,,0,98,,100594,39,,,0,76,,88791,39,,,0,98,,88792,39,,,0,31,,100595,39,,,0,101,,88795,39,,,0,71,,88794,39,,,0,88,,88796,39,4,,0
2201,'5459',735,,88807,39,,,0,79,,100609,39,,,0,29,,88803,39,,,0,69,,88797,39,,,0,31,,88806,39,,,0,70,,100610,39,,,0,29,,88802,39,,,0,69,,88801,39,,,0,31,,88804,39,,,0,69,,88799,39,,,0,28,,100614,39,,,0,70,,100597,39,,,0,29,,100598,39,,,0,70,,100596,39,,,0,30,,100602,39,,,0,70,,100613,39,,,0,29,,100604,39,,,0,71,,100600,39,,,0,31,,100603,39,,,0,74,,100605,39,,,0,31,,100601,39,,,0,71,,100599,39,,,0,30,,100607,39,,,0,71,,100606,39,,,0,27,,100612,39,,,0,68,,100608,39,,,0,32,,100615,39,,,0,70,,100611,39,,,0,88,,100616,39,4,,0
2201,'5460',804,,100622,39,,,0,40,,88835,39,,,0,69,,100618,39,,,0,28,,100619,39,,,0,70,,100623,39,,,0,30,,88836,39,,,0,69,,100617,39,,,0,30,,100620,39,,,0,70,,88831,39,,,0,30,,88829,39,,,0,68,,100621,39,,,0,30,,88832,39,,,0,70,,88839,39,,,0,30,,88840,39,,,0,70,,88838,39,,,0,30,,88842,39,,,0,74,,88841,39,,,0,30,,88844,39,,,0,70,,88843,39,,,0,30,,88845,39,,,0,72,,88846,39,,,0,30,,88847,39,,,0
2201,'5461',804,,88859,39,,,0,40,,88860,39,,,0,69,,88852,39,,,0,28,,88853,39,,,0,70,,88862,39,,,0,30,,88861,39,,,0,69,,88851,39,,,0,30,,88855,39,,,0,70,,88856,39,,,0,30,,88854,39,,,0,68,,88858,39,,,0,30,,88857,39,,,0,70,,88864,39,,,0,30,,88865,39,,,0,70,,88863,39,,,0,30,,100625,39,,,0,74,,88866,39,,,0,30,,88869,39,,,0,70,,88868,39,,,0,30,,100626,39,,,0,72,,88871,39,,,0,30,,88872,39,,,0
2201,'5462',804,,88884,39,,,0,40,,88885,39,,,0,69,,88877,39,,,0,28,,88878,39,,,0,70,,88887,39,,,0,30,,88886,39,,,0,69,,88876,39,,,0,30,,88880,39,,,0,70,,88881,39,,,0,30,,88879,39,,,0,68,,88883,39,,,0,30,,88882,39,,,0,70,,88889,39,,,0,30,,88890,39,,,0,70,,88888,39,,,0,30,,100629,39,,,0,74,,88891,39,,,0,30,,88894,39,,,0,70,,88893,39,,,0,30,,100630,39,,,0,72,,88896,39,,,0,30,,88897,39,,,0
2201,'5463',804,,88909,39,,,0,40,,88910,39,,,0,69,,88902,39,,,0,28,,88903,39,,,0,70,,88912,39,,,0,30,,88911,39,,,0,69,,88901,39,,,0,30,,88905,39,,,0,70,,88906,39,,,0,30,,88904,39,,,0,68,,88908,39,,,0,30,,88907,39,,,0,70,,88914,39,,,0,30,,88915,39,,,0,70,,88913,39,,,0,30,,100633,39,,,0,74,,88916,39,,,0,30,,88919,39,,,0,70,,88918,39,,,0,30,,100634,39,,,0,72,,88921,39,,,0,30,,88922,39,,,0
1000600,'5456',557,,105535,1,,,0,97,,97934,1,,,0,88,,105536,1,,,0,80,,97935,1,,,0,79,,97940,1,,,0,47,,97936,1,,,0,86,,105537,1,,,0,87,,97938,1,,,0,88,,97939,1,,,0,49,,97941,1,,,0,90,,97942,1,,,0,82,,97943,1,,,0,80,,97944,1,,,0,29,,97945,1,,,0,71,,97946,1,,,0,30,,105538,1,,,0,69,,97948,1,,,0,29,,97949,1,,,0,72,,105539,1,,,0,46,,105540,1,,,0,96,,97952,1,,,0,94,,97953,1,,,0,94,,97954,1,,,0,110,,97955,1,,,0,100,,105541,1,,,0
1000600,'5458',557,,105542,1,,,0,97,,97959,1,,,0,88,,105543,1,,,0,80,,97960,1,,,0,79,,97965,1,,,0,47,,97961,1,,,0,86,,105544,1,,,0,87,,97963,1,,,0,88,,105545,1,,,0,49,,97966,1,,,0,90,,97967,1,,,0,82,,97968,1,,,0,80,,97969,1,,,0,29,,97970,1,,,0,71,,97971,1,,,0,30,,105546,1,,,0,69,,97973,1,,,0,29,,97974,1,,,0,72,,105547,1,,,0,46,,105548,1,,,0,96,,97977,1,,,0,94,,97978,1,,,0,94,,97979,1,,,0,110,,97980,1,,,0,100,,105549,1,,,0
1000600,'5459',640,,105550,1,,,0,98,,105551,1,,,0,110,,105552,1,,,0,98,,105553,1,,,0,102,,97986,1,,,0,88,,105554,1,,,0,88,,105555,1,,,0,88,,105556,1,,,0,46,,97990,1,,,0,80,,105557,1,,,0,83,,97992,1,,,0,81,,105558,1,,,0,41,,97995,1,,,0,97,,97994,1,,,0,100,,97996,1,,,0,98,,97997,1,,,0,105,,105559,1,,,0,93,,105560,1,,,0,164,,105561,1,,,0,55,,98001,1,,,0
1000600,'5460',730,,105568,1,,,0,110,,105569,1,,,0,100,,98016,1,,,0,104,,105562,1,,,0,101,,98005,1,,,0,103,,105563,1,,,0,100,,98017,1,,,0,100,,105564,1,,,0,100,,105565,1,,,0,100,,98007,1,,,0,100,,105567,1,,,0,98,,105566,1,,,0,111,,105570,1,,,0,91,,105571,1,,,0,152,,105572,1,,,0,55,,98014,1,,,0
1000600,'5461',730,,105578,1,,,0,110,,105579,1,,,0,100,,98032,1,,,0,104,,105573,1,,,0,101,,105575,1,,,0,103,,105574,1,,,0,100,,98033,1,,,0,100,,98020,1,,,0,100,,105576,1,,,0,100,,98023,1,,,0,100,,105577,1,,,0,98,,98024,1,,,0,111,,98028,1,,,0,91,,105580,1,,,0,152,,105581,1,,,0,55,,98030,1,,,0
1000600,'5462',730,,105587,1,,,0,110,,105588,1,,,0,100,,98048,1,,,0,104,,105582,1,,,0,101,,105584,1,,,0,103,,105583,1,,,0,100,,98049,1,,,0,100,,98036,1,,,0,100,,105585,1,,,0,100,,98039,1,,,0,100,,105586,1,,,0,98,,98040,1,,,0,111,,98044,1,,,0,91,,105589,1,,,0,152,,105590,1,,,0,55,,98046,1,,,0
1000600,'5463',730,,105596,1,,,0,110,,105597,1,,,0,100,,98064,1,,,0,104,,105591,1,,,0,101,,105593,1,,,0,103,,105592,1,,,0,100,,98065,1,,,0,100,,98052,1,,,0,100,,105594,1,,,0,100,,98055,1,,,0,100,,105595,1,,,0,98,,98056,1,,,0,111,,98060,1,,,0,91,,105598,1,,,0,152,,105599,1,,,0,55,,98062,1,,,0
1000601,'5456',625,,98066,38,4,,0,88,,105600,38,4,,0,37,,98076,38,4,,0,71,,98067,38,4,,0,35,,98073,38,4,,0,72,,98068,38,4,,0,79,,98069,38,4,,0,47,,98071,38,4,,0,87,,98074,38,4,,0,88,,98072,38,4,,0,90,,105601,38,4,,0,87,,98078,38,4,,0,40,,105602,38,4,,0,80,,98077,38,4,,0,85,,98079,38,4,,0,38,,98081,38,4,,0,83,,98082,38,4,,0,85,,98083,38,4,,0,102,,105603,38,4,,0,106,,98085,38,4,,0,94,,105604,38,4,,0,98,,98087,38,4,,0,100,,98088,38,4,,0
1000601,'5458',625,,98089,38,4,,0,88,,105605,38,4,,0,37,,105607,38,4,,0,71,,98090,38,4,,0,35,,98096,38,4,,0,72,,98091,38,4,,0,79,,98092,38,4,,0,47,,98094,38,4,,0,87,,98097,38,4,,0,88,,98095,38,4,,0,90,,105606,38,4,,0,87,,98101,38,4,,0,40,,105608,38,4,,0,80,,98100,38,4,,0,85,,98102,38,4,,0,38,,98104,38,4,,0,83,,98105,38,4,,0,85,,98106,38,4,,0,102,,105609,38,4,,0,106,,98108,38,4,,0,94,,105610,38,4,,0,98,,98110,38,4,,0,100,,98111,38,4,,0
1000601,'5459',718,,98112,38,4,,0,112,,105611,38,4,,0,100,,105612,38,4,,0,91,,105613,38,4,,0,88,,98116,38,4,,0,48,,98117,38,4,,0,88,,105614,38,4,,0,88,,98119,38,4,,0,82,,105615,38,4,,0,42,,98120,38,4,,0,82,,105616,38,4,,0,81,,98123,38,4,,0,93,,98124,38,4,,0,100,,98125,38,4,,0,107,,105617,38,4,,0,102,,105618,38,4,,0,94,,105619,38,4,,0,97,,98129,38,4,,0,110,,98130,38,4,,0
1000601,'5460',728,,105626,38,4,,0,90,,98144,38,4,,0,100,,105621,38,4,,0,107,,98136,38,4,,0,102,,105620,38,4,,0,94,,98146,38,4,,0,100,,105622,38,4,,0,100,,105623,38,4,,0,100,,98140,38,4,,0,100,,105625,38,4,,0,100,,105624,38,4,,0,107,,105627,38,4,,0,109,,105628,38,4,,0,92,,98143,38,4,,0,91,,105629,38,4,,0,106,,105630,38,4,,0
1000601,'5461',728,,105636,38,4,,0,90,,98160,38,4,,0,100,,105632,38,4,,0,107,,105634,38,4,,0,102,,105631,38,4,,0,94,,98162,38,4,,0,100,,98149,38,4,,0,100,,105633,38,4,,0,100,,98156,38,4,,0,100,,105635,38,4,,0,100,,98151,38,4,,0,107,,105637,38,4,,0,109,,105638,38,4,,0,92,,98159,38,4,,0,91,,105639,38,4,,0,106,,105640,38,4,,0
1000601,'5462',728,,105646,38,4,,0,90,,98176,38,4,,0,100,,105642,38,4,,0,107,,105644,38,4,,0,102,,105641,38,4,,0,94,,98178,38,4,,0,100,,98165,38,4,,0,100,,105643,38,4,,0,100,,98172,38,4,,0,100,,105645,38,4,,0,100,,98167,38,4,,0,107,,105647,38,4,,0,109,,105648,38,4,,0,92,,98175,38,4,,0,91,,105649,38,4,,0,106,,105650,38,4,,0
1000601,'5463',728,,105656,38,4,,0,90,,98192,38,4,,0,100,,105652,38,4,,0,107,,105654,38,4,,0,102,,105651,38,4,,0,94,,98194,38,4,,0,100,,98181,38,4,,0,100,,105653,38,4,,0,100,,98188,38,4,,0,100,,105655,38,4,,0,100,,98183,38,4,,0,107,,105657,38,4,,0,109,,105658,38,4,,0,92,,98191,38,4,,0,91,,105659,38,4,,0,106,,105660,38,4,,0
1002201,'5456',718,,105669,41,,,0,218,,105670,41,,,0,200,,105671,41,,,0,198,,105672,27,,,0,174,,105673,27,,,0,26,,105675,27,4,,0,174,,105674,27,,,0,132,,98214,27,,,0,172,,98215,27,,,0
1002201,'5458',718,,105676,41,,,0,218,,105677,41,,,0,200,,105678,41,,,0,198,,105679,27,,,0,99,,105680,27,4,,0,75,,105681,27,,,0,200,,105682,27,,,0,132,,98223,27,,,0,172,,98224,27,,,0
2000600,'5456',627,,98346,1,,,0,91,,105726,1,,,0,84,,98347,1,,,0,39,,98350,1,,,0,83,,98348,1,,,0,87,,98351,1,,,0,47,,98352,1,,,0,87,,98354,1,,,0,88,,98353,1,,,0,90,,105727,1,,,0,87,,98356,1,,,0,40,,105729,1,,,0,74,,105728,1,,,0,32,,98359,1,,,0,70,,98360,1,,,0,28,,98361,1,,,0,70,,98362,1,,,0,31,,98363,1,,,0,77,,98364,1,,,0,90,,105730,1,,,0
2000600,'5458',627,,98366,1,,,0,91,,105732,1,,,0,84,,98367,1,,,0,39,,98370,1,,,0,83,,105731,1,,,0,87,,98371,1,,,0,47,,98372,1,,,0,87,,98374,1,,,0,88,,98373,1,,,0,90,,105733,1,,,0,87,,98376,1,,,0,40,,105735,1,,,0,74,,105734,1,,,0,32,,98379,1,,,0,70,,98380,1,,,0,28,,98381,1,,,0,70,,98382,1,,,0,31,,98383,1,,,0,77,,98384,1,,,0,90,,105736,1,,,0
2000601,'5456',652,,98387,33,4,,0,75,,98386,33,4,,0,79,,98398,33,4,,0,31,,98389,33,4,,0,75,,98396,33,4,,0,32,,98388,33,4,,0,86,,105737,33,4,,0,87,,98391,33,4,,0,88,,98392,33,4,,0,49,,98393,33,4,,0,90,,98394,33,4,,0,82,,98395,33,4,,0,80,,98397,33,4,,0,38,,98400,33,4,,0,86,,105738,33,4,,0,82,,98401,33,4,,0,42,,105739,33,4,,0,99,,105740,33,4,,0,96,,98404,33,4,,0
2000601,'5458',652,,98406,33,4,,0,75,,98405,33,4,,0,79,,98417,33,4,,0,31,,98408,33,4,,0,75,,98415,33,4,,0,32,,98407,33,4,,0,86,,105741,33,4,,0,87,,98410,33,4,,0,88,,105742,33,4,,0,49,,98412,33,4,,0,90,,98413,33,4,,0,82,,98414,33,4,,0,80,,98416,33,4,,0,38,,98419,33,4,,0,86,,105743,33,4,,0,82,,98420,33,4,,0,42,,105744,33,4,,0,99,,105745,33,4,,0,96,,98423,33,4,,0
14000701,'5456',2134,,98463,1,,,0,72,,98467,1,,,0,29,,98462,1,,,0,70,,98465,1,,,0,37,,98464,1,,,0,68,,98466,1,,,0
14000701,'5458',2134,,98469,1,,,0,72,,98473,1,,,0,29,,98468,1,,,0,70,,98471,1,,,0,37,,98470,1,,,0,68,,98472,1,,,0
14000701,'5459',2135,,98474,1,,,0,72,,98475,1,,,0,30,,98477,1,,,0,70,,98476,1,,,0,36,,98478,1,,,0,67,,98479,1,,,0
14000701,'5460',2035,,105746,1,,,0,70,,98482,1,,,0,40,,98481,1,,,0,62,,98483,1,,,0,100,,98484,1,,,0,103,,98485,1,,,0
14000701,'5461',2035,,98486,1,,,0,70,,98488,1,,,0,40,,105747,1,,,0,62,,98489,1,,,0,100,,98490,1,,,0,103,,98491,1,,,0
14000701,'5462',2035,,98492,1,,,0,70,,98494,1,,,0,40,,105748,1,,,0,62,,98495,1,,,0,100,,98496,1,,,0,103,,98497,1,,,0
14000701,'5463',2035,,98498,1,,,0,70,,98500,1,,,0,40,,105749,1,,,0,62,,98501,1,,,0,100,,98502,1,,,0,103,,98503,1,,,0
