201,'5456',554,,82174,11,0,46 37,0,61,,82175,11,0,46 37,0,26,,82176,11,0,46 37,0,68,,82177,11,0,46 37,0,30,,82178,11,0,46 37,0,69,,82179,11,0,46 37,0,32,,82180,11,0,46 37,0,72,,82181,11,0,46 37,0,33,,82182,11,0,46 37,0,78,,82183,11,0,46 37,0,79,,82184,11,0,46 37,0,39,,82185,11,0,46 37,0,80,,82186,11,0,46 37,0,79,,82187,11,0,46 37,0,40,,82188,11,0,46 37,0,92,,82190,11,0,46 37,0,72,,82202,11,0,46 37,0,37,,82204,11,0,46 37,0,76,,82205,11,0,46 37,0,37,,82201,11,0,46 37,0,77,,82203,11,0,46 37,0,89,,82196,11,0,46 37,0,25,,82195,11,0,46 37,0,83,,82200,11,0,46 37,0,83,,82194,11,0,46 37,0,41,,82199,11,0,46 37,0,78,,82193,11,0,46 37,0,81,,82198,11,0,46 37,0,41,,82192,11,0,46 37,0,82,,82197,11,0,46 37,0,72,,82191,11,0,46 37,0
201,'5458',554,,82207,11,0,46 37,0,61,,82208,11,0,46 37,0,26,,82209,11,0,46 37,0,68,,82210,11,0,46 37,0,30,,82211,11,0,46 37,0,69,,82212,11,0,46 37,0,32,,82213,11,0,46 37,0,72,,82214,11,0,46 37,0,33,,82215,11,0,46 37,0,78,,82216,11,0,46 37,0,79,,82217,11,0,46 37,0,39,,82218,11,0,46 37,0,80,,82219,11,0,46 37,0,79,,82220,11,0,46 37,0,40,,82221,11,0,46 37,0,92,,82223,11,0,46 37,0,72,,82236,11,0,46 37,0,37,,82238,11,0,46 37,0,76,,82239,11,0,46 37,0,37,,82235,11,0,46 37,0,77,,82237,11,0,46 37,0,89,,82230,11,0,46 37,0,25,,82229,11,0,46 37,0,83,,82234,11,0,46 37,0,83,,82228,11,0,46 37,0,41,,82233,11,0,46 37,0,78,,82227,11,0,46 37,0,81,,82232,11,0,46 37,0,41,,82226,11,0,46 37,0,82,,82231,11,0,46 37,0,72,,82225,11,0,46 37,0
201,'5459',637,,82261,11,0,46 37,0,118,,82262,11,0,46 37,0,163,,82256,11,0,46 37,0,39,,82249,11,0,46 37,0,97,,82259,11,0,46 37,0,78,,82250,11,0,46 37,0,80,,82242,11,0,46 37,0,38,,82245,11,0,46 37,0,78,,82244,11,0,46 37,0,81,,82254,11,0,46 37,0,40,,82246,11,0,46 37,0,81,,82243,11,0,46 37,0,81,,82247,11,0,46 37,0,36,,82255,11,0,46 37,0,81,,82258,11,0,46 37,0,81,,82257,11,0,46 37,0,38,,82260,11,0,46 37,0,76,,82251,11,0,46 37,0,80,,82252,11,0,46 37,0,45,,82253,11,0,46 37,0,81,,82266,11,0,46 37,0,81,,82263,11,0,46 37,0,43,,82264,11,0,46 37,0,81,,82265,11,0,46 37,0,76,,82267,11,0,46 37,0
201,'5460',624,,82283,11,0,46 37,0,119,,82290,11,0,46 37,0,157,,82284,11,0,46 37,0,135,,82291,11,0,46 37,0,100,,82270,11,0,46 37,0,79,,82281,11,0,46 37,0,39,,82277,11,0,46 37,0,79,,82276,11,0,46 37,0,81,,82272,11,0,46 37,0,40,,82273,11,0,46 37,0,80,,82282,11,0,46 37,0,81,,82278,11,0,46 37,0,36,,82274,11,0,46 37,0,81,,82275,11,0,46 37,0,81,,82279,11,0,46 37,0,37,,82288,11,0,46 37,0,81,,82280,11,0,46 37,0,80,,82287,11,0,46 37,0,41,,82286,11,0,46 37,0,80,,82289,11,0,46 37,0,81,,82285,11,0,46 37,0,42,,82292,11,0,46 37,0,82,,82293,11,0,46 37,0
201,'5461',624,,82308,11,0,46 37,0,119,,82315,11,0,46 37,0,157,,82309,11,0,46 37,0,135,,82316,11,0,46 37,0,100,,82295,11,0,46 37,0,79,,82306,11,0,46 37,0,39,,82302,11,0,46 37,0,79,,82301,11,0,46 37,0,81,,82297,11,0,46 37,0,40,,82298,11,0,46 37,0,80,,82307,11,0,46 37,0,81,,82303,11,0,46 37,0,36,,82299,11,0,46 37,0,81,,82300,11,0,46 37,0,81,,82304,11,0,46 37,0,37,,82313,11,0,46 37,0,81,,82305,11,0,46 37,0,80,,82312,11,0,46 37,0,41,,82311,11,0,46 37,0,80,,82314,11,0,46 37,0,81,,82310,11,0,46 37,0,42,,82317,11,0,46 37,0,82,,82318,11,0,46 37,0
201,'5462',624,,82333,11,0,46 37,0,119,,82340,11,0,46 37,0,157,,82334,11,0,46 37,0,135,,82341,11,0,46 37,0,100,,82320,11,0,46 37,0,79,,82331,11,0,46 37,0,39,,82327,11,0,46 37,0,79,,82326,11,0,46 37,0,81,,82322,11,0,46 37,0,40,,82323,11,0,46 37,0,80,,82332,11,0,46 37,0,81,,82328,11,0,46 37,0,36,,82324,11,0,46 37,0,81,,82325,11,0,46 37,0,81,,82329,11,0,46 37,0,37,,82338,11,0,46 37,0,81,,82330,11,0,46 37,0,80,,82337,11,0,46 37,0,41,,82336,11,0,46 37,0,80,,82339,11,0,46 37,0,81,,82335,11,0,46 37,0,42,,82342,11,0,46 37,0,82,,82343,11,0,46 37,0
201,'5463',624,,82358,11,0,46 37,0,119,,82365,11,0,46 37,0,157,,82359,11,0,46 37,0,135,,82366,11,0,46 37,0,100,,82345,11,0,46 37,0,79,,82356,11,0,46 37,0,39,,82352,11,0,46 37,0,79,,82351,11,0,46 37,0,81,,82347,11,0,46 37,0,40,,82348,11,0,46 37,0,80,,82357,11,0,46 37,0,81,,82353,11,0,46 37,0,36,,82349,11,0,46 37,0,81,,82350,11,0,46 37,0,81,,82354,11,0,46 37,0,37,,82363,11,0,46 37,0,81,,82355,11,0,46 37,0,80,,82362,11,0,46 37,0,41,,82361,11,0,46 37,0,80,,82364,11,0,46 37,0,81,,82360,11,0,46 37,0,42,,82367,11,0,46 37,0,82,,82368,11,0,46 37,0
801,'5456',639,,85130,2,,,0,75,,85131,2,,,0,24,,85134,2,,,0,64,,85132,2,,,0,35,,85135,2,,,0,87,,85133,2,,,0,83,,85136,2,,,0,31,,85138,2,,,0,82,,85137,2,,,0,84,,85140,2,,,0,39,,85139,2,,,0,85,,85143,2,,,0,86,,85141,2,,,0,26,,85155,2,0,8 9,0,17,,85142,2,,,0,72,,85145,2,,,0,75,,85144,2,,,0,37,,85147,2,,,0,85,,85146,2,,,0,32,,85149,2,,,0,72,,85148,2,,,0,74,,85150,2,,,0,48,,85151,2,,,0,97,,85152,2,,,0,85,,85153,2,,,0
801,'5458',639,,85156,2,,,0,75,,85157,2,,,0,24,,85160,2,,,0,64,,85158,2,,,0,35,,85161,2,,,0,87,,85159,2,,,0,83,,85162,2,,,0,31,,85164,2,,,0,82,,85163,2,,,0,84,,85166,2,,,0,39,,85165,2,,,0,85,,85169,2,,,0,86,,85167,2,,,0,26,,85181,2,0,8 9,0,17,,85168,2,,,0,72,,85171,2,,,0,75,,85170,2,,,0,37,,85173,2,,,0,85,,85172,2,,,0,32,,85175,2,,,0,72,,85174,2,,,0,74,,85176,2,,,0,48,,85177,2,,,0,97,,85178,2,,,0,85,,85179,2,,,0
801,'5459',716,,85183,2,0,8 9,0,85,,85184,2,0,8 9,0,45,,85185,2,0,8 9,0,85,,85186,2,0,8 9,0,85,,85187,2,0,8 9,0,90,,85188,2,0,8 9,0,48,,85189,2,0,8 9,0,90,,85190,2,0,8 9,0,92,,85182,2,0,8 9,0,91,,85191,2,0,8 9,0,92,,85192,2,0,8 9,0,90,,85193,2,0,8 9,0,91,,85194,2,0,8 9,0,47,,85195,2,0,8 9,0,84,,85196,2,0,8 9,0
801,'5460',931,,85198,2,0,8 9,0,85,,85199,2,0,8 9,0,90,,85200,2,0,8 9,0,48,,85201,2,0,8 9,0,90,,85197,2,0,8 9,0,92,,85202,2,0,8 9,0,91,,85203,2,0,8 9,0,92,,85204,2,0,8 9,0,90,,85205,2,0,8 9,0,91,,85206,2,0,8 9,0,47,,85207,2,0,8 9,0
801,'5461',931,,85209,2,0,8 9,0,85,,85210,2,0,8 9,0,90,,85211,2,0,8 9,0,48,,85212,2,0,8 9,0,90,,85208,2,0,8 9,0,92,,85213,2,0,8 9,0,91,,85214,2,0,8 9,0,92,,85215,2,0,8 9,0,90,,85216,2,0,8 9,0,91,,85217,2,0,8 9,0,47,,85218,2,0,8 9,0
801,'5462',931,,85220,2,0,8 9,0,85,,85221,2,0,8 9,0,90,,85222,2,0,8 9,0,48,,85223,2,0,8 9,0,90,,85219,2,0,8 9,0,92,,85224,2,0,8 9,0,91,,85225,2,0,8 9,0,92,,85226,2,0,8 9,0,90,,85227,2,0,8 9,0,91,,85228,2,0,8 9,0,47,,85229,2,0,8 9,0
801,'5463',931,,85231,2,0,8 9,0,85,,85232,2,0,8 9,0,90,,85233,2,0,8 9,0,48,,85234,2,0,8 9,0,90,,85230,2,0,8 9,0,92,,85235,2,0,8 9,0,91,,85236,2,0,8 9,0,92,,85237,2,0,8 9,0,90,,85238,2,0,8 9,0,91,,85239,2,0,8 9,0,47,,85240,2,0,8 9,0
