7100,'5456',1605,,95557,29,,,0,104,,95558,29,,,0,103,,95556,29,,,0
7100,'5458',1605,,95560,29,,,0,104,,95561,29,,,0,103,,95559,29,,,0
7200,'5456',648,,95572,48,,,0,79,,95578,48,,,0,29,,95568,48,,,0,70,,95569,48,,,0,30,,95576,48,,,0,71,,95570,48,,,0,29,,95571,48,,,0,70,,95580,48,,,0,31,,95573,48,,,0,69,,95574,48,,,0,32,,95575,48,,,0,68,,95584,48,,,0,30,,95588,48,,,0,69,,95577,48,,,0,30,,95590,48,,,0,70,,95595,48,,,0,30,,95579,48,,,0,70,,95582,48,,,0,30,,95585,48,,,0,70,,95598,48,,,0,29,,95581,48,,,0,71,,95591,48,,,0,30,,95593,48,,,0,73,,95583,48,,,0,28,,95586,48,,,0,71,,95596,48,,,0,29,,95599,48,,,0,70,,95587,48,,,0,32,,95594,48,,,0,70,,95589,48,,,0,100,,95597,48,,,0,99,,95592,48,,,0,116,,95600,48,0,10 11 12,0
7200,'5458',648,,95605,48,,,0,79,,95611,48,,,0,29,,95601,48,,,0,70,,95602,48,,,0,30,,95609,48,,,0,71,,95603,48,,,0,29,,95604,48,,,0,70,,95613,48,,,0,31,,95606,48,,,0,69,,95607,48,,,0,32,,95608,48,,,0,68,,95617,48,,,0,30,,95621,48,,,0,69,,95610,48,,,0,30,,95623,48,,,0,70,,95628,48,,,0,30,,95612,48,,,0,70,,95615,48,,,0,30,,95618,48,,,0,70,,95631,48,,,0,29,,95614,48,,,0,71,,95624,48,,,0,30,,95626,48,,,0,73,,95616,48,,,0,28,,95619,48,,,0,71,,95629,48,,,0,29,,95632,48,,,0,70,,95620,48,,,0,32,,95627,48,,,0,70,,95622,48,,,0,100,,95630,48,,,0,99,,95625,48,,,0,116,,95633,48,0,10 11 12,0
7200,'5459',800,,95634,48,,,0,29,,95635,48,,,0,29,,95636,48,,,0,70,,95637,48,,,0,30,,95638,48,,,0,70,,95639,48,,,0,30,,95640,48,,,0,69,,95641,48,,,0,30,,95642,48,,,0,70,,95643,48,,,0,30,,95644,48,,,0,70,,95645,48,,,0,29,,95646,48,,,0,70,,95647,48,,,0,30,,95648,48,,,0,70,,95649,48,,,0,30,,95650,48,,,0,70,,95651,48,,,0,30,,95652,48,,,0,70,,95653,48,,,0,30,,95654,48,,,0,70,,95655,48,,,0,30,,95656,48,,,0,70,,95657,48,,,0,31,,95658,48,,,0,70,,95659,48,,,0,30,,95660,48,,,0,70,,95661,48,,,0,100,,95662,48,,,0,100,,95663,48,,,0,118,,95664,48,0,10 11 12,0
7200,'5460',828,,95665,48,,,0,100,,95668,48,,,0,100,,95666,48,,,0,99,,95667,48,,,0,30,,95669,48,,,0,70,,95670,48,,,0,30,,95671,48,,,0,69,,95672,48,,,0,30,,95673,48,,,0,70,,95674,48,,,0,30,,95675,48,,,0,70,,95676,48,,,0,30,,95677,48,,,0,70,,95678,48,,,0,30,,95679,48,,,0,70,,95680,48,,,0,30,,95681,48,,,0,70,,95682,48,,,0,31,,95683,48,,,0,70,,95684,48,,,0,30,,95685,48,,,0,71,,95686,48,,,0,99,,95687,48,,,0,100,,95688,48,,,0,102,,95689,48,,,0,75,,95690,48,0,10 11 12,0
7200,'5461',828,,95691,48,,,0,100,,95694,48,,,0,100,,95692,48,,,0,99,,95693,48,,,0,30,,95695,48,,,0,70,,95696,48,,,0,30,,95697,48,,,0,69,,95698,48,,,0,30,,95699,48,,,0,70,,95700,48,,,0,30,,95701,48,,,0,70,,95702,48,,,0,30,,95703,48,,,0,70,,95704,48,,,0,30,,95705,48,,,0,70,,95706,48,,,0,30,,95707,48,,,0,70,,95708,48,,,0,31,,95709,48,,,0,70,,95710,48,,,0,30,,95711,48,,,0,71,,95712,48,,,0,99,,95713,48,,,0,100,,95714,48,,,0,102,,95715,48,,,0,75,,95716,48,0,10 11 12,0
7200,'5462',828,,95717,48,,,0,100,,95720,48,,,0,100,,95718,48,,,0,99,,95719,48,,,0,30,,95721,48,,,0,70,,95722,48,,,0,30,,95723,48,,,0,69,,95724,48,,,0,30,,95725,48,,,0,70,,95726,48,,,0,30,,95727,48,,,0,70,,95728,48,,,0,30,,95729,48,,,0,70,,95730,48,,,0,30,,95731,48,,,0,70,,95732,48,,,0,30,,95733,48,,,0,70,,95734,48,,,0,31,,95735,48,,,0,70,,95736,48,,,0,30,,95737,48,,,0,71,,95738,48,,,0,99,,95739,48,,,0,100,,95740,48,,,0,102,,95741,48,,,0,75,,95742,48,0,10 11 12,0
7200,'5463',828,,95743,48,,,0,100,,95746,48,,,0,100,,95744,48,,,0,99,,95745,48,,,0,30,,95747,48,,,0,70,,95748,48,,,0,30,,95749,48,,,0,69,,95750,48,,,0,30,,95751,48,,,0,70,,95752,48,,,0,30,,95753,48,,,0,70,,95754,48,,,0,30,,95755,48,,,0,70,,95756,48,,,0,30,,95757,48,,,0,70,,95758,48,,,0,30,,95759,48,,,0,70,,95760,48,,,0,31,,95761,48,,,0,70,,95762,48,,,0,30,,95763,48,,,0,71,,95764,48,,,0,99,,95765,48,,,0,100,,95766,48,,,0,102,,95767,48,,,0,75,,95768,48,0,10 11 12,0
8100,'5456',618,,96344,24,,,0,189,,96345,24,,,0,123,,96346,24,,,0,97,,96347,24,,,0,100,,96348,24,,,0,100,,96350,24,,,0,100,,96349,24,,,0,100,,96351,24,,,0,100,,96352,24,,,0,100,,96354,24,,,0,100,,96355,24,,,0,87,,96356,24,,,0,115,,96357,24,,,0,99,,96358,24,,,0,107,,96359,24,0,44 49,0
8100,'5458',618,,96360,24,,,0,189,,96361,24,,,0,123,,96362,24,,,0,97,,96363,24,,,0,100,,96364,24,,,0,100,,96366,24,,,0,100,,96365,24,,,0,100,,96367,24,,,0,100,,96368,24,,,0,100,,96370,24,,,0,100,,96371,24,,,0,87,,96372,24,,,0,115,,96373,24,,,0,99,,96374,24,,,0,107,,96375,24,0,44 49,0
8100,'5459',829,,96376,24,,,0,100,,96377,24,,,0,100,,96378,24,,,0,99,,96379,24,,,0,100,,96380,24,,,0,100,,96381,24,,,0,101,,96382,24,,,0,100,,96383,24,,,0,100,,96384,24,,,0,100,,96385,24,,,0,100,,96386,24,,,0,101,,96387,24,,,0,100,,96388,24,,,0,101,,96389,24,0,44 49,0
8100,'5460',828,,96391,24,,,0,101,,96390,24,,,0,99,,96392,24,,,0,100,,96393,24,,,0,100,,96394,24,,,0,100,,96395,24,,,0,100,,96396,24,,,0,100,,96397,24,,,0,100,,96398,24,,,0,100,,96399,24,,,0,100,,96400,24,,,0,101,,96401,24,,,0,102,,96402,24,,,0,104,,96403,24,0,44 49,0
8100,'5461',828,,96405,24,,,0,101,,96404,24,,,0,99,,96406,24,,,0,100,,96407,24,,,0,100,,96408,24,,,0,100,,96409,24,,,0,100,,96410,24,,,0,100,,96411,24,,,0,100,,96412,24,,,0,100,,96413,24,,,0,100,,96414,24,,,0,101,,96415,24,,,0,102,,96416,24,,,0,104,,96417,24,0,44 49,0
8100,'5462',828,,96419,24,,,0,101,,96418,24,,,0,99,,96420,24,,,0,100,,96421,24,,,0,100,,96422,24,,,0,100,,96423,24,,,0,100,,96424,24,,,0,100,,96425,24,,,0,100,,96426,24,,,0,100,,96427,24,,,0,100,,96428,24,,,0,101,,96429,24,,,0,102,,96430,24,,,0,104,,96431,24,0,44 49,0
8100,'5463',828,,96433,24,,,0,101,,96432,24,,,0,99,,96434,24,,,0,100,,96435,24,,,0,100,,96436,24,,,0,100,,96437,24,,,0,100,,96438,24,,,0,100,,96439,24,,,0,100,,96440,24,,,0,100,,96441,24,,,0,100,,96442,24,,,0,101,,96443,24,,,0,102,,96444,24,,,0,104,,96445,24,0,44 49,0
8500,'5456',713,,96613,50,,,0,98,,96614,50,,,0,200,,96615,50,,,0,201,,96616,50,,,0,200,,96617,50,,,0,200,,96618,50,,,0,198,,96619,50,,,0,199,,96620,50,,,0
8500,'5458',713,,96621,50,,,0,98,,96622,50,,,0,200,,96623,50,,,0,201,,96624,50,,,0,200,,96625,50,,,0,200,,96626,50,,,0,198,,96627,50,,,0,199,,96628,50,,,0
8500,'5459',918,,96630,45,,,0,300,,96631,45,,,0,306,,96632,45,,,0,299,,96629,45,,,0
8500,'5460',918,,96635,45,,,0,300,,96636,45,,,0,306,,96633,45,,,0,299,,96634,45,,,0
8500,'5461',918,,96639,45,,,0,300,,96640,45,,,0,306,,96637,45,,,0,299,,96638,45,,,0
8500,'5462',918,,96643,45,,,0,300,,96644,45,,,0,306,,96641,45,,,0,299,,96642,45,,,0
8500,'5463',913,,96647,50,,,0,300,,96648,50,,,0,306,,96645,50,,,0,299,,96646,50,,,0
8700,'5456',750,,96649,41,,,0,201,,96650,41,,,0,201,,96651,41,,,0,205,,96653,34,,,0,195,,96654,41,,,0,201,,96655,41,,,0
8700,'5458',750,,96656,41,,,0,201,,96657,41,,,0,201,,96658,41,,,0,205,,96660,34,,,0,195,,96661,41,,,0,201,,96662,41,,,0
8800,'5456',851,,96675,15,,,0,200,,96676,15,,,0,201,,96677,15,,,0,200,,96678,15,,,0,200,,96679,15,,,0,206,,96680,15,,,0
8800,'5458',851,,96681,15,,,0,200,,96682,15,,,0,201,,96683,15,,,0,200,,96684,15,,,0,200,,96685,15,,,0,206,,96686,15,,,0
8800,'5459',826,,96695,15,,,0,98,,96696,15,,,0,100,,96697,15,,,0,100,,96698,15,,,0,100,,96699,15,,,0,99,,96700,15,,,0,100,,96691,15,,,0,100,,96692,15,,,0,100,,96693,15,,,0,100,,96694,15,,,0,98,,96688,15,,,0,100,,96689,15,,,0,101,,96690,15,,,0,100,,96687,15,,,0
8800,'5460',826,,96706,15,,,0,94,,96707,15,,,0,100,,96708,15,,,0,101,,96709,15,,,0,101,,96710,15,,,0,100,,96711,15,,,0,99,,96702,15,,,0,99,,96703,15,,,0,100,,96704,15,,,0,101,,96705,15,,,0,102,,96713,15,,,0,99,,96714,15,,,0,99,,96701,15,,,0,98,,96712,15,,,0
8800,'5461',826,,96720,15,,,0,94,,96721,15,,,0,100,,96722,15,,,0,101,,96723,15,,,0,101,,96724,15,,,0,100,,96725,15,,,0,99,,96716,15,,,0,99,,96717,15,,,0,100,,96718,15,,,0,101,,96719,15,,,0,102,,96727,15,,,0,99,,96728,15,,,0,99,,96715,15,,,0,98,,96726,15,,,0
8800,'5462',826,,96734,15,,,0,94,,96735,15,,,0,100,,96736,15,,,0,101,,96737,15,,,0,101,,96738,15,,,0,100,,96739,15,,,0,99,,96730,15,,,0,99,,96731,15,,,0,100,,96732,15,,,0,101,,96733,15,,,0,102,,96741,15,,,0,99,,96742,15,,,0,99,,96729,15,,,0,98,,96740,15,,,0
8800,'5463',826,,96748,15,,,0,94,,96749,15,,,0,100,,96750,15,,,0,101,,96751,15,,,0,101,,96752,15,,,0,100,,96753,15,,,0,99,,96744,15,,,0,99,,96745,15,,,0,100,,96746,15,,,0,101,,96747,15,,,0,102,,96755,15,,,0,99,,96756,15,,,0,99,,96743,15,,,0,98,,96754,15,,,0
1007200,'5456',619,,98257,51,,,0
1007200,'5458',619,,98258,51,,,0
1007200,'5459',629,,98259,51,,,0,99,,98260,51,,,0
1007200,'5460',728,,98261,51,,,0
1007200,'5461',728,,98262,51,,,0
1007200,'5462',728,,98263,51,,,0
1007200,'5463',728,,98264,51,,,0
