1501,'4832',703,,83326,25,,,0,29,,83321,25,,,0,20,,68402,25,,,0,57,,68389,25,,,0,15,,68443,25,,,0,15,,68403,25,,,0,15,,68390,25,,,0,55,,68442,25,,,0,14,,83327,25,,,0,15,,68391,25,,,0,15,,68405,25,,,0,55,,68385,25,,,0,15,,83324,25,,,0,15,,83319,25,,,0,16,,68408,25,,,0,56,,68395,25,,,0,16,,68409,25,,,0,15,,68387,25,,,0,15,,83322,25,,,0,55,,83320,25,,,0,15,,68396,25,,,0,15,,68410,25,,,0,15,,68392,25,,,0,55,,68411,25,,,0,17,,68393,25,,,0,15,,83325,25,,,0,15,,83323,25,,,0,55,,68394,25,,,0,15,,68412,25,,,0,15,,68414,25,,,0,15,,68413,25,,,0,55,,68415,25,,,0,15,,83328,25,,,0,15,,83330,25,,,0,15,,68406,25,,,0,55,,68418,25,,,0,15,,68424,25,,,0,15,,68423,25,,,0,15,,68419,25,,,0,55,,83329,25,,,0,15,,83331,25,,,0,14,,68420,25,,,0,15,,68422,25,,,0,55,,68438,25,,,0,14,,68435,25,,,0,15,,68432,25,,,0,15,,68436,25,,,0,54,,68425,25,,,0,18,,68437,25,,,0,19,,68426,25,,,0,59,,68427,25,,,0,19,,68429,25,,,0,19,,68431,25,,,0,60,,68430,25,,,0,20,,83332,25,,,0,26,,83334,25,,,0,70,,83333,25,,,0,31,,83335,25,,,0,70,,68440,25,,,0,30,,68441,25,,,0
1501,'5453',703,,83341,25,,,0,29,,79129,25,,,0,20,,83342,25,,,0,57,,79130,25,,,0,15,,79184,25,,,0,15,,83343,25,,,0,15,,83338,25,,,0,55,,83355,25,,,0,14,,79145,25,,,0,15,,79132,25,,,0,15,,79146,25,,,0,55,,83337,25,,,0,15,,83339,25,,,0,15,,83336,25,,,0,16,,79149,25,,,0,56,,79136,25,,,0,16,,79150,25,,,0,15,,79128,25,,,0,15,,79138,25,,,0,55,,79127,25,,,0,15,,79137,25,,,0,15,,79151,25,,,0,15,,79133,25,,,0,55,,79152,25,,,0,17,,79134,25,,,0,15,,83340,25,,,0,15,,79139,25,,,0,55,,79135,25,,,0,15,,83345,25,,,0,15,,79155,25,,,0,15,,79154,25,,,0,55,,79156,25,,,0,15,,83344,25,,,0,15,,79158,25,,,0,15,,79147,25,,,0,55,,83347,25,,,0,15,,79165,25,,,0,15,,79164,25,,,0,15,,79160,25,,,0,55,,83346,25,,,0,15,,79162,25,,,0,14,,79161,25,,,0,15,,79163,25,,,0,55,,83352,25,,,0,14,,79176,25,,,0,15,,83350,25,,,0,15,,79177,25,,,0,54,,79166,25,,,0,18,,83351,25,,,0,19,,83348,25,,,0,59,,79168,25,,,0,19,,79170,25,,,0,19,,79172,25,,,0,60,,79171,25,,,0,20,,83349,25,,,0,26,,79175,25,,,0,70,,79174,25,,,0,31,,83353,25,,,0,70,,83354,25,,,0,30,,79182,25,,,0
1501,'5456',537,,93144,14,,,0,70,,93145,25,,,0,28,,93146,25,,,0,18,,93147,25,,,0,60,,93148,25,,,0,17,,93149,25,,,0,15,,93150,25,,,0,55,,93151,25,,,0,16,,93152,25,,,0,17,,93143,25,,,0,17,,93153,25,,,0,56,,93154,25,,,0,15,,93155,25,,,0,15,,93156,25,,,0,15,,93157,25,,,0,55,,93158,25,,,0,15,,93159,25,,,0,15,,93160,25,,,0,16,,93161,25,,,0,56,,93162,25,,,0,15,,93163,25,,,0,15,,93164,25,,,0,15,,93165,25,,,0,55,,93166,25,,,0,15,,93167,25,,,0,15,,93168,25,,,0,15,,93169,25,,,0,55,,93170,25,,,0,15,,93171,25,,,0,15,,93172,25,,,0,13,,93173,25,,,0,55,,93174,25,,,0,16,,93175,25,,,0,14,,93176,25,,,0,13,,93177,25,,,0,52,,93178,25,,,0,11,,93179,25,,,0,11,,93180,25,,,0,9,,93181,25,,,0,16,,93182,25,,,0,53,,93183,25,,,0,12,,93184,25,,,0,12,,93185,25,,,0,12,,93186,25,,,0,11,,93187,25,,,0,11,,93188,25,,,0,52,,93189,25,,,0,10,,93190,25,,,0,9,,93191,25,,,0,12,,93192,25,,,0,11,,93193,25,,,0,51,,93194,25,,,0,11,,93195,25,,,0,11,,93196,25,,,0,10,,93197,25,,,0,14,,93198,25,,,0,55,,93199,25,,,0,15,,93200,25,,,0,15,,93201,25,,,0,15,,93202,25,,,0,55,,93203,25,,,0,15,,93204,25,,,0,14,,93205,25,,,0,19,,93206,25,,,0,60,,93207,25,,,0,21,,93208,25,,,0,19,,93209,25,,,0,64,,93210,25,,,0,31,,93211,25,,,0,73,,93212,25,,,0,31,,93213,25,,,0,70,,93214,25,,,0,30,,93215,25,,,0
1501,'5458',537,,93217,14,,,0,70,,93218,25,,,0,28,,93219,25,,,0,18,,93220,25,,,0,60,,93221,25,,,0,17,,93222,25,,,0,15,,93223,25,,,0,55,,93224,25,,,0,16,,93225,25,,,0,17,,93216,25,,,0,17,,93226,25,,,0,56,,93227,25,,,0,15,,93228,25,,,0,15,,93229,25,,,0,15,,93230,25,,,0,55,,93231,25,,,0,15,,93232,25,,,0,15,,93233,25,,,0,16,,93234,25,,,0,56,,93235,25,,,0,15,,93236,25,,,0,15,,93237,25,,,0,15,,93238,25,,,0,55,,93239,25,,,0,15,,93240,25,,,0,15,,93241,25,,,0,15,,93242,25,,,0,55,,93243,25,,,0,15,,93244,25,,,0,15,,93245,25,,,0,13,,93246,25,,,0,55,,93247,25,,,0,16,,93248,25,,,0,14,,93249,25,,,0,13,,93250,25,,,0,52,,93251,25,,,0,11,,93252,25,,,0,11,,93253,25,,,0,9,,93254,25,,,0,16,,93255,25,,,0,53,,93256,25,,,0,12,,93257,25,,,0,12,,93258,25,,,0,12,,93259,25,,,0,11,,93260,25,,,0,11,,93261,25,,,0,52,,93262,25,,,0,10,,93263,25,,,0,9,,93264,25,,,0,12,,93265,25,,,0,11,,93266,25,,,0,51,,93267,25,,,0,11,,93268,25,,,0,11,,93269,25,,,0,10,,93270,25,,,0,14,,93271,25,,,0,55,,93272,25,,,0,15,,93273,25,,,0,15,,93274,25,,,0,15,,93275,25,,,0,55,,93276,25,,,0,15,,93277,25,,,0,14,,93278,25,,,0,19,,93279,25,,,0,60,,93280,25,,,0,21,,93281,25,,,0,19,,93282,25,,,0,64,,93283,25,,,0,31,,93284,25,,,0,73,,93285,25,,,0,31,,93286,25,,,0,70,,93287,25,,,0,30,,93288,25,,,0,70,,93289,25,,,0,30,,93290,25,,,0,70,,93291,25,,,0,30,,93292,25,,,0
1501,'5459',706,,93333,25,,,0,24,,93347,25,,,0,20,,93332,25,,,0,55,,93308,25,,,0,14,,93328,25,,,0,15,,93329,25,,,0,16,,93307,25,,,0,55,,93346,25,,,0,15,,93330,25,,,0,15,,93306,25,,,0,16,,93331,25,,,0,55,,93323,25,,,0,13,,93304,25,,,0,14,,93305,25,,,0,14,,93345,25,,,0,55,,93324,25,,,0,15,,93303,25,,,0,16,,93326,25,,,0,15,,93327,25,,,0,55,,93300,25,,,0,15,,93302,25,,,0,15,,93344,25,,,0,14,,93325,25,,,0,56,,93301,25,,,0,15,,93322,25,,,0,15,,93321,25,,,0,15,,93299,25,,,0,56,,93296,25,,,0,15,,93343,25,,,0,16,,93320,25,,,0,14,,93298,25,,,0,55,,93318,25,,,0,15,,93319,25,,,0,15,,93297,25,,,0,15,,93312,25,,,0,55,,93348,25,,,0,15,,93341,25,,,0,15,,93313,25,,,0,15,,93314,25,,,0,55,,93316,25,,,0,15,,93293,25,,,0,15,,93295,25,,,0,15,,93342,25,,,0,54,,93315,25,,,0,14,,93294,25,,,0,15,,93317,25,,,0,15,,93340,25,,,0,55,,93311,25,,,0,15,,93309,25,,,0,15,,93349,25,,,0,17,,93337,25,,,0,59,,93310,25,,,0,20,,93335,25,,,0,20,,93336,25,,,0,60,,93334,25,,,0,20,,93338,25,,,0,20,,93339,25,,,0,60,,93352,25,,,0,20,,93351,25,,,0,23,,93350,25,,,0,69,,93353,25,,,0,31,,93354,25,,,0,70,,93355,25,,,0,29,,93356,25,,,0,70,,93357,25,,,0,30,,93358,25,,,0,72,,93359,25,,,0,30,,93360,25,,,0
1501,'5460',703,,93378,25,,,0,29,,93365,25,,,0,20,,93379,25,,,0,57,,93366,25,,,0,15,,93420,25,,,0,15,,93380,25,,,0,15,,93367,25,,,0,55,,93419,25,,,0,14,,93381,25,,,0,15,,93368,25,,,0,15,,93382,25,,,0,55,,93362,25,,,0,15,,93376,25,,,0,15,,93361,25,,,0,16,,93385,25,,,0,56,,93372,25,,,0,16,,93386,25,,,0,15,,93364,25,,,0,15,,93374,25,,,0,55,,93363,25,,,0,15,,93373,25,,,0,15,,93387,25,,,0,15,,93369,25,,,0,55,,93388,25,,,0,17,,93370,25,,,0,15,,93377,25,,,0,15,,93375,25,,,0,55,,93371,25,,,0,15,,93389,25,,,0,15,,93391,25,,,0,15,,93390,25,,,0,55,,93392,25,,,0,15,,93384,25,,,0,15,,93394,25,,,0,15,,93383,25,,,0,55,,93395,25,,,0,15,,93401,25,,,0,15,,93400,25,,,0,15,,93396,25,,,0,55,,93393,25,,,0,15,,93398,25,,,0,14,,93397,25,,,0,15,,93399,25,,,0,55,,93415,25,,,0,14,,93412,25,,,0,15,,93409,25,,,0,15,,93413,25,,,0,54,,93402,25,,,0,18,,93414,25,,,0,19,,93403,25,,,0,59,,93404,25,,,0,19,,93406,25,,,0,19,,93408,25,,,0,60,,93407,25,,,0,20,,93405,25,,,0,26,,93411,25,,,0,70,,93410,25,,,0,31,,93416,25,,,0,70,,93417,25,,,0,30,,93418,25,,,0
1501,'5461',703,,93438,25,,,0,29,,93425,25,,,0,20,,93439,25,,,0,57,,93426,25,,,0,15,,93480,25,,,0,15,,93440,25,,,0,15,,93427,25,,,0,55,,93479,25,,,0,14,,93441,25,,,0,15,,93428,25,,,0,15,,93442,25,,,0,55,,93422,25,,,0,15,,93436,25,,,0,15,,93421,25,,,0,16,,93445,25,,,0,56,,93432,25,,,0,16,,93446,25,,,0,15,,93424,25,,,0,15,,93434,25,,,0,55,,93423,25,,,0,15,,93433,25,,,0,15,,93447,25,,,0,15,,93429,25,,,0,55,,93448,25,,,0,17,,93430,25,,,0,15,,93437,25,,,0,15,,93435,25,,,0,55,,93431,25,,,0,15,,93449,25,,,0,15,,93451,25,,,0,15,,93450,25,,,0,55,,93452,25,,,0,15,,93444,25,,,0,15,,93454,25,,,0,15,,93443,25,,,0,55,,93455,25,,,0,15,,93461,25,,,0,15,,93460,25,,,0,15,,93456,25,,,0,55,,93453,25,,,0,15,,93458,25,,,0,14,,93457,25,,,0,15,,93459,25,,,0,55,,93475,25,,,0,14,,93472,25,,,0,15,,93469,25,,,0,15,,93473,25,,,0,54,,93462,25,,,0,18,,93474,25,,,0,19,,93463,25,,,0,59,,93464,25,,,0,19,,93466,25,,,0,19,,93468,25,,,0,60,,93467,25,,,0,20,,93465,25,,,0,26,,93471,25,,,0,70,,93470,25,,,0,31,,93476,25,,,0,70,,93477,25,,,0,30,,93478,25,,,0
1501,'5462',703,,93498,25,,,0,29,,93485,25,,,0,20,,93499,25,,,0,57,,93486,25,,,0,15,,93540,25,,,0,15,,93500,25,,,0,15,,93487,25,,,0,55,,93539,25,,,0,14,,93501,25,,,0,15,,93488,25,,,0,15,,93502,25,,,0,55,,93482,25,,,0,15,,93496,25,,,0,15,,93481,25,,,0,16,,93505,25,,,0,56,,93492,25,,,0,16,,93506,25,,,0,15,,93484,25,,,0,15,,93494,25,,,0,55,,93483,25,,,0,15,,93493,25,,,0,15,,93507,25,,,0,15,,93489,25,,,0,55,,93508,25,,,0,17,,93490,25,,,0,15,,93497,25,,,0,15,,93495,25,,,0,55,,93491,25,,,0,15,,93509,25,,,0,15,,93511,25,,,0,15,,93510,25,,,0,55,,93512,25,,,0,15,,93504,25,,,0,15,,93514,25,,,0,15,,93503,25,,,0,55,,93515,25,,,0,15,,93521,25,,,0,15,,93520,25,,,0,15,,93516,25,,,0,55,,93513,25,,,0,15,,93518,25,,,0,14,,93517,25,,,0,15,,93519,25,,,0,55,,93535,25,,,0,14,,93532,25,,,0,15,,93529,25,,,0,15,,93533,25,,,0,54,,93522,25,,,0,18,,93534,25,,,0,19,,93523,25,,,0,59,,93524,25,,,0,19,,93526,25,,,0,19,,93528,25,,,0,60,,93527,25,,,0,20,,93525,25,,,0,26,,93531,25,,,0,70,,93530,25,,,0,31,,93536,25,,,0,70,,93537,25,,,0,30,,93538,25,,,0
1501,'5463',703,,93558,25,,,0,29,,93545,25,,,0,20,,93559,25,,,0,57,,93546,25,,,0,15,,93600,25,,,0,15,,93560,25,,,0,15,,93547,25,,,0,55,,93599,25,,,0,14,,93561,25,,,0,15,,93548,25,,,0,15,,93562,25,,,0,55,,93542,25,,,0,15,,93556,25,,,0,15,,93541,25,,,0,16,,93565,25,,,0,56,,93552,25,,,0,16,,93566,25,,,0,15,,93544,25,,,0,15,,93554,25,,,0,55,,93543,25,,,0,15,,93553,25,,,0,15,,93567,25,,,0,15,,93549,25,,,0,55,,93568,25,,,0,17,,93550,25,,,0,15,,93557,25,,,0,15,,93555,25,,,0,55,,93551,25,,,0,15,,93569,25,,,0,15,,93571,25,,,0,15,,93570,25,,,0,55,,93572,25,,,0,15,,93564,25,,,0,15,,93574,25,,,0,15,,93563,25,,,0,55,,93575,25,,,0,15,,93581,25,,,0,15,,93580,25,,,0,15,,93576,25,,,0,55,,93573,25,,,0,15,,93578,25,,,0,14,,93577,25,,,0,15,,93579,25,,,0,55,,93595,25,,,0,14,,93592,25,,,0,15,,93589,25,,,0,15,,93593,25,,,0,54,,93582,25,,,0,18,,93594,25,,,0,19,,93583,25,,,0,59,,93584,25,,,0,19,,93586,25,,,0,19,,93588,25,,,0,60,,93587,25,,,0,20,,93585,25,,,0,26,,93591,25,,,0,70,,93590,25,,,0,31,,93596,25,,,0,70,,93597,25,,,0,30,,93598,25,,,0
2601,'4832',706,,70203,39,,,0,22,,70190,39,,,0,23,,70180,39,,,0,62,,70199,39,,,0,20,,70204,39,,,0,67,,83947,39,,,0,22,,70182,39,,,0,20,,70200,39,,,0,63,,70193,39,,,0,19,,70183,39,,,0,18,,70187,39,,,0,58,,83944,39,,,0,19,,70201,39,,,0,18,,70185,39,,,0,19,,70206,39,,,0,58,,70184,39,,,0,18,,83946,39,,,0,18,,83945,39,,,0,58,,70197,39,,,0,19,,70194,39,,,0,18,,70207,39,,,0,58,,70191,39,,,0,18,,83949,39,,,0,18,,83948,39,,,0,18,,70198,39,,,0,58,,70196,39,,,0,18,,70205,39,,,0,17,,70192,39,,,0,58,,83954,39,,,0,18,,83951,39,,,0,18,,70215,39,,,0,57,,70209,39,,,0,17,,70218,39,,,0,17,,70208,39,,,0,20,,83953,39,,,0,59,,83952,39,,,0,20,,70213,39,,,0,20,,83955,39,,,0,60,,83950,39,,,0,19,,70220,39,,,0,19,,70226,39,,,0,60,,70222,39,,,0,20,,83957,39,,,0,20,,83956,39,,,0,59,,70219,39,,,0,20,,70223,39,,,0,22,,70224,39,,,0,70,,70227,39,,,0,29,,70228,39,,,0,68,,70229,39,,,0,30,,70230,39,,,0
2601,'5453',706,,79747,39,,,0,22,,79734,39,,,0,23,,83958,39,,,0,62,,79743,39,,,0,20,,79748,39,,,0,67,,79733,39,,,0,22,,83960,39,,,0,20,,79744,39,,,0,63,,79737,39,,,0,19,,79727,39,,,0,18,,79731,39,,,0,58,,83959,39,,,0,19,,83970,39,,,0,18,,83962,39,,,0,19,,79750,39,,,0,58,,83961,39,,,0,18,,83963,39,,,0,18,,79730,39,,,0,58,,83968,39,,,0,19,,83966,39,,,0,18,,79751,39,,,0,58,,83964,39,,,0,18,,83971,39,,,0,18,,79739,39,,,0,18,,83969,39,,,0,58,,83967,39,,,0,18,,79749,39,,,0,17,,83965,39,,,0,58,,79760,39,,,0,18,,79755,39,,,0,18,,79759,39,,,0,57,,83973,39,,,0,17,,79762,39,,,0,17,,83972,39,,,0,20,,79758,39,,,0,59,,79756,39,,,0,20,,79757,39,,,0,20,,83975,39,,,0,60,,83974,39,,,0,19,,79764,39,,,0,19,,79770,39,,,0,60,,79766,39,,,0,20,,83978,39,,,0,20,,79765,39,,,0,59,,83976,39,,,0,20,,79767,39,,,0,22,,83977,39,,,0,70,,79771,39,,,0,29,,79772,39,,,0,68,,79773,39,,,0,30,,83979,39,,,0
2601,'5456',621,,95259,39,,,0,24,,95260,39,,,0,58,,95261,39,,,0,16,,95262,39,,,0,15,,95263,39,,,0,15,,95264,39,,,0,56,,95265,39,,,0,19,,95266,39,,,0,16,,95267,39,,,0,12,,95268,39,,,0,50,,95269,39,,,0,14,,95270,39,,,0,14,,95271,39,,,0,13,,95272,39,,,0,15,,95273,39,,,0,55,,95274,39,,,0,15,,95275,39,,,0,15,,95276,39,,,0,16,,95277,39,,,0,55,,95278,39,,,0,15,,95279,39,,,0,15,,95280,39,,,0,56,,95281,39,,,0,15,,95282,39,,,0,15,,95283,39,,,0,16,,95284,39,,,0,54,,95285,39,,,0,15,,95286,39,,,0,16,,95287,39,,,0,15,,95288,39,,,0,54,,95289,39,,,0,12,,95290,39,,,0,14,,95291,39,,,0,12,,95292,39,,,0,15,,95293,39,,,0,55,,95294,39,,,0,14,,95295,39,,,0,16,,95296,39,,,0,14,,95297,39,,,0,56,,95298,39,,,0,14,,95299,39,,,0,16,,95300,39,,,0,17,,95301,39,,,0,56,,95302,39,,,0,16,,95303,39,,,0,16,,95304,39,,,0,15,,95305,39,,,0,53,,95306,39,,,0,17,,95307,39,,,0,16,,95308,39,,,0,12,,95309,39,,,0,55,,95310,39,,,0,14,,95311,39,,,0,16,,95312,39,,,0,15,,95313,39,,,0,60,,95314,39,,,0,20,,95315,39,,,0,20,,95316,39,,,0,57,,95317,39,,,0,20,,95318,39,,,0,20,,95319,39,,,0,69,,95320,39,,,0,31,,95321,39,,,0,70,,95322,39,,,0,28,,95323,39,,,0,68,,95324,39,,,0,31,,95325,39,,,0
2601,'5458',621,,95326,39,,,0,24,,95327,39,,,0,58,,95328,39,,,0,16,,95329,39,,,0,15,,95330,39,,,0,15,,95331,39,,,0,56,,95332,39,,,0,19,,95333,39,,,0,16,,95334,39,,,0,12,,95335,39,,,0,50,,95336,39,,,0,14,,95337,39,,,0,14,,95338,39,,,0,13,,95339,39,,,0,15,,95340,39,,,0,55,,95341,39,,,0,15,,95342,39,,,0,15,,95343,39,,,0,16,,95344,39,,,0,55,,95345,39,,,0,15,,95346,39,,,0,15,,95347,39,,,0,56,,95348,39,,,0,15,,95349,39,,,0,15,,95350,39,,,0,16,,95351,39,,,0,54,,95352,39,,,0,15,,95353,39,,,0,16,,95354,39,,,0,15,,95355,39,,,0,54,,95356,39,,,0,12,,95357,39,,,0,14,,95358,39,,,0,12,,95359,39,,,0,15,,95360,39,,,0,55,,95361,39,,,0,14,,95362,39,,,0,16,,95363,39,,,0,14,,95364,39,,,0,56,,95365,39,,,0,14,,95366,39,,,0,16,,95367,39,,,0,17,,95368,39,,,0,56,,95369,39,,,0,16,,95370,39,,,0,16,,95371,39,,,0,15,,95372,39,,,0,53,,95373,39,,,0,17,,95374,39,,,0,16,,95375,39,,,0,12,,95376,39,,,0,55,,95377,39,,,0,14,,95378,39,,,0,16,,95379,39,,,0,15,,95380,39,,,0,60,,95381,39,,,0,20,,95382,39,,,0,20,,95383,39,,,0,57,,95384,39,,,0,20,,95385,39,,,0,20,,95386,39,,,0,69,,95387,39,,,0,31,,95388,39,,,0,70,,95389,39,,,0,28,,95390,39,,,0,68,,95391,39,,,0,31,,95392,39,,,0,70,,95393,39,,,0
2601,'5459',646,,95395,39,,,0,70,,95396,39,,,0,27,,95397,39,,,0,57,,95398,39,,,0,17,,95399,39,,,0,17,,95400,39,,,0,18,,95401,39,,,0,59,,95402,39,,,0,18,,95403,39,,,0,17,,95404,39,,,0,58,,95405,39,,,0,17,,95406,39,,,0,18,,95407,39,,,0,17,,95408,39,,,0,57,,95409,39,,,0,19,,95410,39,,,0,17,,95411,39,,,0,58,,95394,39,,,0,17,,95412,39,,,0,17,,95413,39,,,0,17,,95414,39,,,0,57,,95415,39,,,0,17,,95416,39,,,0,16,,95417,39,,,0,57,,95418,39,,,0,17,,95419,39,,,0,17,,95420,39,,,0,17,,95421,39,,,0,57,,95422,39,,,0,16,,95423,39,,,0,16,,95424,39,,,0,56,,95425,39,,,0,15,,95426,39,,,0,17,,95427,39,,,0,17,,95428,39,,,0,57,,95429,39,,,0,16,,95430,39,,,0,17,,95431,39,,,0,17,,95432,39,,,0,60,,95433,39,,,0,20,,95434,39,,,0,19,,95435,39,,,0,59,,95436,39,,,0,20,,95437,39,,,0,20,,95438,39,,,0,58,,95439,39,,,0,20,,95440,39,,,0,19,,95441,39,,,0,60,,95442,39,,,0,19,,95443,39,,,0,20,,95444,39,,,0,60,,95445,39,,,0,19,,95446,39,,,0,21,,95447,39,,,0,70,,95448,39,,,0,30,,95449,39,,,0,68,,95450,39,,,0,30,,95451,39,,,0,72,,95452,39,,,0
2601,'5460',706,,95476,39,,,0,22,,95463,39,,,0,23,,95453,39,,,0,62,,95472,39,,,0,20,,95477,39,,,0,67,,95462,39,,,0,22,,95455,39,,,0,20,,95473,39,,,0,63,,95466,39,,,0,19,,95456,39,,,0,18,,95460,39,,,0,58,,95454,39,,,0,19,,95474,39,,,0,18,,95458,39,,,0,19,,95479,39,,,0,58,,95457,39,,,0,18,,95461,39,,,0,18,,95459,39,,,0,58,,95470,39,,,0,19,,95467,39,,,0,18,,95480,39,,,0,58,,95464,39,,,0,18,,95475,39,,,0,18,,95468,39,,,0,18,,95471,39,,,0,58,,95469,39,,,0,18,,95478,39,,,0,17,,95465,39,,,0,58,,95489,39,,,0,18,,95484,39,,,0,18,,95488,39,,,0,57,,95482,39,,,0,17,,95491,39,,,0,17,,95481,39,,,0,20,,95487,39,,,0,59,,95485,39,,,0,20,,95486,39,,,0,20,,95490,39,,,0,60,,95483,39,,,0,19,,95493,39,,,0,19,,95499,39,,,0,60,,95495,39,,,0,20,,95498,39,,,0,20,,95494,39,,,0,59,,95492,39,,,0,20,,95496,39,,,0,22,,95497,39,,,0,70,,95500,39,,,0,29,,95501,39,,,0,68,,95502,39,,,0,30,,95503,39,,,0
2601,'5461',706,,95527,39,,,0,22,,95514,39,,,0,23,,95504,39,,,0,62,,95523,39,,,0,20,,95528,39,,,0,67,,95513,39,,,0,22,,95506,39,,,0,20,,95524,39,,,0,63,,95517,39,,,0,19,,95507,39,,,0,18,,95511,39,,,0,58,,95505,39,,,0,19,,95525,39,,,0,18,,95509,39,,,0,19,,95530,39,,,0,58,,95508,39,,,0,18,,95512,39,,,0,18,,95510,39,,,0,58,,95521,39,,,0,19,,95518,39,,,0,18,,95531,39,,,0,58,,95515,39,,,0,18,,95526,39,,,0,18,,95519,39,,,0,18,,95522,39,,,0,58,,95520,39,,,0,18,,95529,39,,,0,17,,95516,39,,,0,58,,95540,39,,,0,18,,95535,39,,,0,18,,95539,39,,,0,57,,95533,39,,,0,17,,95542,39,,,0,17,,95532,39,,,0,20,,95538,39,,,0,59,,95536,39,,,0,20,,95537,39,,,0,20,,95541,39,,,0,60,,95534,39,,,0,19,,95544,39,,,0,19,,95550,39,,,0,60,,95546,39,,,0,20,,95549,39,,,0,20,,95545,39,,,0,59,,95543,39,,,0,20,,95547,39,,,0,22,,95548,39,,,0,70,,95551,39,,,0,29,,95552,39,,,0,68,,95553,39,,,0,30,,95554,39,,,0
2601,'5462',706,,95578,39,,,0,22,,95565,39,,,0,23,,95555,39,,,0,62,,95574,39,,,0,20,,95579,39,,,0,67,,95564,39,,,0,22,,95557,39,,,0,20,,95575,39,,,0,63,,95568,39,,,0,19,,95558,39,,,0,18,,95562,39,,,0,58,,95556,39,,,0,19,,95576,39,,,0,18,,95560,39,,,0,19,,95581,39,,,0,58,,95559,39,,,0,18,,95563,39,,,0,18,,95561,39,,,0,58,,95572,39,,,0,19,,95569,39,,,0,18,,95582,39,,,0,58,,95566,39,,,0,18,,95577,39,,,0,18,,95570,39,,,0,18,,95573,39,,,0,58,,95571,39,,,0,18,,95580,39,,,0,17,,95567,39,,,0,58,,95591,39,,,0,18,,95586,39,,,0,18,,95590,39,,,0,57,,95584,39,,,0,17,,95593,39,,,0,17,,95583,39,,,0,20,,95589,39,,,0,59,,95587,39,,,0,20,,95588,39,,,0,20,,95592,39,,,0,60,,95585,39,,,0,19,,95595,39,,,0,19,,95601,39,,,0,60,,95597,39,,,0,20,,95600,39,,,0,20,,95596,39,,,0,59,,95594,39,,,0,20,,95598,39,,,0,22,,95599,39,,,0,70,,95602,39,,,0,29,,95603,39,,,0,68,,95604,39,,,0,30,,95605,39,,,0
2601,'5463',706,,95629,39,,,0,22,,95616,39,,,0,23,,95606,39,,,0,62,,95625,39,,,0,20,,95630,39,,,0,67,,95615,39,,,0,22,,95608,39,,,0,20,,95626,39,,,0,63,,95619,39,,,0,19,,95609,39,,,0,18,,95613,39,,,0,58,,95607,39,,,0,19,,95627,39,,,0,18,,95611,39,,,0,19,,95632,39,,,0,58,,95610,39,,,0,18,,95614,39,,,0,18,,95612,39,,,0,58,,95623,39,,,0,19,,95620,39,,,0,18,,95633,39,,,0,58,,95617,39,,,0,18,,95628,39,,,0,18,,95621,39,,,0,18,,95624,39,,,0,58,,95622,39,,,0,18,,95631,39,,,0,17,,95618,39,,,0,58,,95642,39,,,0,18,,95637,39,,,0,18,,95641,39,,,0,57,,95635,39,,,0,17,,95644,39,,,0,17,,95634,39,,,0,20,,95640,39,,,0,59,,95638,39,,,0,20,,95639,39,,,0,20,,95643,39,,,0,60,,95636,39,,,0,19,,95646,39,,,0,19,,95652,39,,,0,60,,95648,39,,,0,20,,95651,39,,,0,20,,95647,39,,,0,59,,95645,39,,,0,20,,95649,39,,,0,22,,95650,39,,,0,70,,95653,39,,,0,29,,95654,39,,,0,68,,95655,39,,,0,30,,95656,39,,,0
