2400,'4832',733,,83622,5,,,0,107,,83621,39,,,0,170,,83624,39,,,0,131,,83623,39,,,0,173,,83625,39,,,0,130,,83626,39,,,0,170,,83627,39,,,0,130,,83628,39,,,0,166,,83629,39,,,0,125,,83630,39,,,0,124,,83631,39,,,0,167,,83632,39,,,0
2400,'5453',733,,83633,5,,,0,107,,79376,39,,,0,170,,83635,39,,,0,131,,83634,39,,,0,173,,83636,39,,,0,130,,83637,39,,,0,170,,83638,39,,,0,130,,83639,39,,,0,166,,83640,39,,,0,125,,83641,39,,,0,124,,83642,39,,,0,167,,83643,39,,,0
2400,'5456',640,,94437,39,,,0,75,,94438,39,,,0,40,,94439,39,,,0,102,,94440,39,,,0,149,,94442,39,,,0,100,,94441,39,,,0,101,,94443,39,,,0,100,,94444,39,,,0,100,,94445,39,,,0,100,,94446,39,,,0,50,,94447,39,,,0,80,,94448,39,,,0,91,,94449,39,,,0,97,,94450,39,,,0,99,,94451,39,,,0,110,,94452,39,,,0,122,,94453,39,,,0,170,,94454,39,,,0,130,,94455,39,,,0
2400,'5458',640,,94456,39,,,0,75,,94457,39,,,0,40,,94458,39,,,0,102,,94459,39,,,0,149,,94461,39,,,0,100,,94460,39,,,0,101,,94462,39,,,0,100,,94463,39,,,0,100,,94464,39,,,0,100,,94465,39,,,0,50,,94466,39,,,0,80,,94467,39,,,0,91,,94468,39,,,0,97,,94469,39,,,0,99,,94470,39,,,0,110,,94471,39,,,0,122,,94472,39,,,0,170,,94473,39,,,0,130,,94474,39,,,0
2400,'5459',721,,94479,39,,,0,123,,94477,39,,,0,105,,94475,39,,,0,153,,94476,39,,,0,100,,94478,39,,,0,100,,94484,39,,,0,98,,94481,39,,,0,100,,94480,39,,,0,100,,94483,39,,,0,57,,94482,39,,,0,143,,94485,39,,,0,112,,94486,39,,,0,122,,94487,39,,,0,125,,94488,39,,,0,167,,94489,39,,,0
2400,'5460',733,,94491,5,,,0,107,,94490,39,,,0,170,,94493,39,,,0,131,,94492,39,,,0,173,,94494,39,,,0,130,,94495,39,,,0,170,,94496,39,,,0,130,,94497,39,,,0,166,,94498,39,,,0,125,,94499,39,,,0,124,,94500,39,,,0,167,,94501,39,,,0
2400,'5461',733,,94503,5,,,0,107,,94502,39,,,0,170,,94505,39,,,0,131,,94504,39,,,0,173,,94506,39,,,0,130,,94507,39,,,0,170,,94508,39,,,0,130,,94509,39,,,0,166,,94510,39,,,0,125,,94511,39,,,0,124,,94512,39,,,0,167,,94513,39,,,0
2400,'5462',733,,94515,5,,,0,107,,94514,39,,,0,170,,94517,39,,,0,131,,94516,39,,,0,173,,94518,39,,,0,130,,94519,39,,,0,170,,94520,39,,,0,130,,94521,39,,,0,166,,94522,39,,,0,125,,94523,39,,,0,124,,94524,39,,,0,167,,94525,39,,,0
2400,'5463',733,,94527,5,,,0,107,,94526,39,,,0,170,,94529,39,,,0,131,,94528,39,,,0,173,,94530,39,,,0,130,,94531,39,,,0,170,,94532,39,,,0,130,,94533,39,,,0,166,,94534,39,,,0,125,,94535,39,,,0,124,,94536,39,,,0,167,,94537,39,,,0
2500,'4832',755,,83736,46,,,0,170,,83734,46,,,0,130,,83735,46,,,0,171,,83737,46,,,0,133,,83738,46,,,0,170,,83739,46,,,0,130,,83740,46,,,0,167,,83741,46,,,0,129,,83742,46,,,0,160,,83743,46,,,0,127,,83744,46,,,0
2500,'5453',755,,79543,46,,,0,170,,83745,46,,,0,130,,83746,46,,,0,171,,83747,46,,,0,133,,83748,46,,,0,170,,83749,46,,,0,130,,83750,46,,,0,167,,83751,46,,,0,129,,83752,46,,,0,160,,83753,46,,,0,127,,83754,46,,,0
2500,'5456',620,,94640,46,,,0,37,,94642,46,,,0,74,,94646,46,,,0,79,,94641,46,,,0,28,,94643,46,,,0,94,,94644,46,,,0,104,,94645,46,,,0,100,,94647,46,,,0,101,,94648,46,,,0,100,,94649,46,,,0,100,,94650,46,,,0,100,,94651,38,,,0,80,,94652,46,,,0,87,,94653,46,,,0,51,,94654,46,,,0,100,,94655,46,,,0,99,,94656,46,,,0,160,,94657,46,,,0,127,,94658,46,,,0
2500,'5458',620,,94660,46,,,0,37,,94662,46,,,0,74,,94666,46,,,0,79,,94661,46,,,0,28,,94663,46,,,0,94,,94664,46,,,0,104,,94665,46,,,0,100,,94667,46,,,0,101,,94668,46,,,0,100,,94669,46,,,0,100,,94670,46,,,0,100,,94671,38,,,0,80,,94672,46,,,0,87,,94673,46,,,0,51,,94674,46,,,0,100,,94675,46,,,0,99,,94676,46,,,0,160,,94677,46,,,0,127,,94678,46,,,0
2500,'5459',804,,94686,46,,,0,110,,94684,46,,,0,115,,94688,46,,,0,103,,94682,46,,,0,100,,94680,46,,,0,98,,94681,46,,,0,100,,94683,46,,,0,100,,94687,46,,,0,100,,94685,46,,,0,100,,94689,46,,,0,102,,94690,46,,,0,122,,94691,46,,,0,161,,94692,46,,,0,127,,94693,46,,,0
2500,'5460',755,,94697,46,,,0,170,,94695,46,,,0,130,,94696,46,,,0,171,,94698,46,,,0,133,,94699,46,,,0,170,,94700,46,,,0,130,,94701,46,,,0,167,,94702,46,,,0,129,,94703,46,,,0,160,,94704,46,,,0,127,,94705,46,,,0
2500,'5461',755,,94708,46,,,0,170,,94706,46,,,0,130,,94707,46,,,0,171,,94709,46,,,0,133,,94710,46,,,0,170,,94711,46,,,0,130,,94712,46,,,0,167,,94713,46,,,0,129,,94714,46,,,0,160,,94715,46,,,0,127,,94716,46,,,0
2500,'5462',755,,94719,46,,,0,170,,94717,46,,,0,130,,94718,46,,,0,171,,94720,46,,,0,133,,94721,46,,,0,170,,94722,46,,,0,130,,94723,46,,,0,167,,94724,46,,,0,129,,94725,46,,,0,160,,94726,46,,,0,127,,94727,46,,,0
2500,'5463',755,,94730,46,,,0,170,,94728,46,,,0,130,,94729,46,,,0,171,,94731,46,,,0,133,,94732,46,,,0,170,,94733,46,,,0,130,,94734,46,,,0,167,,94735,46,,,0,129,,94736,46,,,0,160,,94737,46,,,0,127,,94738,46,,,0
