4700,'5456',659,,98600,43,,,0,65,,98598,43,,,0,27,,98599,43,,,0
4700,'5458',659,,98603,43,,,0,65,,98601,43,,,0,27,,98602,43,,,0
4800,'5456',656,,98610,47,,,0,68,,98611,47,,,0,30,,98612,47,,,0
4800,'5458',656,,98613,47,,,0,68,,98614,47,,,0,30,,98615,47,,,0
5300,'5456',732,,99175,40,,,0
5300,'5458',732,,99186,40,,,0
6100,'5456',601,,100420,67,,,0,42,,100418,67,,,0,16,,100419,67,,,0,61,,100412,67,,,0,25,,100411,67,,,0,59,,100406,67,,,0,19,,100405,67,,,0,26,,100404,67,,,0
6100,'5458',601,,100459,67,,,0,42,,100457,67,,,0,16,,100458,67,,,0,61,,100451,67,,,0,25,,100450,67,,,0,59,,100445,67,,,0,19,,100444,67,,,0,26,,100443,67,,,0
6500,'5456',625,,100802,52,,,0,103,,100801,52,,,0,27,,100800,52,,,0,82,,100799,52,,,0
6500,'5458',625,,100806,52,,,0,103,,100805,52,,,0,27,,100804,52,,,0,82,,100803,52,,,0
9500,'4832',619,,86672,16,0,15,0,30,,86674,16,0,15,0,60,,86675,16,0,15,0,20,,86676,16,0,15,0,20,,86677,16,0,15,0,55,,86678,16,0,15,0,15,,86673,16,0,15,0,15,,86679,16,0,15,0,14,,86680,16,0,15,0,54,,86681,16,0,15,0,15,,86682,16,0,15,0,15,,86683,16,0,15,0,14,,86684,16,0,15,0,55,,86685,16,0,15,0,15,,86687,16,0,15,0,15,,86688,16,0,15,0,15,,86686,16,0,15,0,55,,86689,16,0,15,0,14,,86690,16,0,15,0,15,,86691,16,0,15,0,15,,86692,16,0,15,0,55,,86739,16,0,15,0,15,,86693,16,0,15,0,15,,86738,16,0,15,0,14,,86694,16,0,15,0,14,,86737,16,0,15,0,55,,86695,16,0,15,0,15,,86696,16,0,15,0,15,,86697,16,0,15,0,15,,86698,16,0,15,0,55,,86699,16,0,15,0,15,,86700,16,0,15,0,15,,86701,16,0,15,0,15,,86702,16,0,15,0,53,,86703,16,0,15,0,12,,86704,16,0,15,0,12,,86705,16,0,15,0,13,,86706,16,0,15,0,11,,86707,16,0,15,0,52,,86708,16,0,15,0,13,,86709,16,0,15,0,12,,86710,16,0,15,0,13,,86711,16,0,15,0,52,,86712,16,0,15,0,14,,86713,16,0,15,0,15,,86714,16,0,15,0,18,,86715,16,0,15,0,55,,86716,16,0,15,0,15,,86717,16,0,15,0,16,,86718,16,0,15,0,15,,86719,16,0,15,0,55,,86720,16,0,15,0,15,,86721,16,0,15,0,15,,86722,16,0,15,0,16,,86723,16,0,15,0,55,,86724,16,0,15,0,15,,86725,16,0,15,0,15,,86726,16,0,15,0,15,,86727,16,0,15,0,55,,86729,16,0,15,0,15,,86730,16,0,15,0,21,,86728,16,0,15,0,60,,86731,16,0,15,0,20,,86732,16,0,15,0,20,,86733,16,0,15,0,71,,86734,16,0,15,0,30,,86735,16,0,15,0,70,,86736,16,0,15,0
9500,'5453',619,,86740,16,0,15,0,30,,86742,16,0,15,0,60,,86743,16,0,15,0,20,,86744,16,0,15,0,20,,86745,16,0,15,0,55,,86746,16,0,15,0,15,,86741,16,0,15,0,15,,86747,16,0,15,0,14,,86748,16,0,15,0,54,,86749,16,0,15,0,15,,86750,16,0,15,0,15,,86751,16,0,15,0,14,,86752,16,0,15,0,55,,86753,16,0,15,0,15,,86755,16,0,15,0,15,,86756,16,0,15,0,15,,86754,16,0,15,0,55,,86757,16,0,15,0,14,,86758,16,0,15,0,15,,86759,16,0,15,0,15,,86760,16,0,15,0,55,,86807,16,0,15,0,15,,86761,16,0,15,0,15,,86806,16,0,15,0,14,,86762,16,0,15,0,14,,86805,16,0,15,0,55,,86763,16,0,15,0,15,,86764,16,0,15,0,15,,86765,16,0,15,0,15,,86766,16,0,15,0,55,,86767,16,0,15,0,15,,86768,16,0,15,0,15,,86769,16,0,15,0,15,,86770,16,0,15,0,53,,86771,16,0,15,0,12,,86772,16,0,15,0,12,,86773,16,0,15,0,13,,86774,16,0,15,0,11,,86775,16,0,15,0,52,,86776,16,0,15,0,13,,86777,16,0,15,0,12,,86778,16,0,15,0,13,,86779,16,0,15,0,52,,86780,16,0,15,0,14,,86781,16,0,15,0,15,,86782,16,0,15,0,18,,86783,16,0,15,0,55,,86784,16,0,15,0,15,,86785,16,0,15,0,16,,86786,16,0,15,0,15,,86787,16,0,15,0,55,,86788,16,0,15,0,15,,86789,16,0,15,0,15,,86790,16,0,15,0,16,,86791,16,0,15,0,55,,86792,16,0,15,0,15,,86793,16,0,15,0,15,,86794,16,0,15,0,15,,86795,16,0,15,0,55,,86797,16,0,15,0,15,,86798,16,0,15,0,21,,86796,16,0,15,0,60,,86799,16,0,15,0,20,,86800,16,0,15,0,20,,86801,16,0,15,0,71,,86802,16,0,15,0,30,,86803,16,0,15,0,70,,86804,16,0,15,0
9500,'5456',502,,102352,16,0,15,0,25,,102353,16,0,15,0,17,,102355,16,0,15,0,15,,102356,16,0,15,0,55,,102354,16,0,15,0,11,,102357,16,0,15,0,11,,102366,16,0,15,0,11,,102376,16,0,15,0,8,,102361,16,0,15,0,48,,102360,16,0,15,0,3,,102447,16,0,15,0,4,,102365,16,0,15,0,8,,102359,16,0,15,0,7,,102362,16,0,15,0,9,,102363,16,0,15,0,9,,102358,16,0,15,0,7,,102378,16,0,15,0,8,,102372,16,0,15,0,47,,102367,16,0,15,0,9,,102379,16,0,15,0,8,,102374,16,0,15,0,9,,102371,16,0,15,0,9,,102377,16,0,15,0,10,,102375,16,0,15,0,50,,102369,16,0,15,0,9,,102364,16,0,15,0,10,,102370,16,0,15,0,11,,102368,16,0,15,0,10,,102373,16,0,15,0,10,,102381,16,0,15,0,50,,102395,16,0,15,0,10,,102391,16,0,15,0,10,,102392,16,0,15,0,11,,102393,16,0,15,0,12,,102396,16,0,15,0,12,,102386,16,0,15,0,52,,102382,16,0,15,0,12,,102387,16,0,15,0,12,,102384,16,0,15,0,13,,102380,16,0,15,0,12,,102394,16,0,15,0,52,,102388,16,0,15,0,12,,102390,16,0,15,0,12,,102389,16,0,15,0,13,,102397,16,0,15,0,12,,102385,16,0,15,0,52,,102383,16,0,15,0,12,,102406,16,0,15,0,12,,102399,16,0,15,0,12,,102436,16,0,15,0,11,,102411,16,0,15,0,50,,102403,16,0,15,0,10,,102405,16,0,15,0,10,,102408,16,0,15,0,10,,102434,16,0,15,0,11,,102407,16,0,15,0,10,,102412,16,0,15,0,51,,102404,16,0,15,0,11,,102398,16,0,15,0,11,,102437,16,0,15,0,10,,102402,16,0,15,0,10,,102413,16,0,15,0,50,,102435,16,0,15,0,10,,102410,16,0,15,0,10,,102400,16,0,15,0,11,,102401,16,0,15,0,11,,102409,16,0,15,0,10,,102446,16,0,15,0,51,,102421,16,0,15,0,9,,102423,16,0,15,0,12,,102417,16,0,15,0,13,,102441,16,0,15,0,12,,102438,16,0,15,0,53,,102445,16,0,15,0,13,,102414,16,0,15,0,12,,102418,16,0,15,0,14,,102416,16,0,15,0,12,,102422,16,0,15,0,52,,102420,16,0,15,0,12,,102424,16,0,15,0,15,,102415,16,0,15,0,15,,102439,16,0,15,0,56,,102443,16,0,15,0,15,,102419,16,0,15,0,15,,102428,16,0,15,0,15,,102430,16,0,15,0,55,,102431,16,0,15,0,15,,102426,16,0,15,0,20,,102440,16,0,15,0,20,,102444,16,0,15,0,61,,102427,16,0,15,0,20,,102429,16,0,15,0,70,,102425,16,0,15,0,32,,102442,16,0,15,0,70,,102433,16,0,15,0,30,,102432,16,0,15,0
9500,'5458',502,,102448,16,0,15,0,25,,102449,16,0,15,0,17,,102451,16,0,15,0,15,,102452,16,0,15,0,55,,102450,16,0,15,0,11,,102453,16,0,15,0,11,,102462,16,0,15,0,11,,102472,16,0,15,0,8,,102457,16,0,15,0,48,,102456,16,0,15,0,3,,102546,16,0,15,0,4,,102461,16,0,15,0,8,,102455,16,0,15,0,7,,102458,16,0,15,0,9,,102459,16,0,15,0,9,,102454,16,0,15,0,7,,102474,16,0,15,0,8,,102468,16,0,15,0,47,,102463,16,0,15,0,9,,102475,16,0,15,0,8,,102470,16,0,15,0,9,,102467,16,0,15,0,9,,102473,16,0,15,0,10,,102471,16,0,15,0,50,,102465,16,0,15,0,9,,102460,16,0,15,0,10,,102466,16,0,15,0,11,,102464,16,0,15,0,10,,102469,16,0,15,0,10,,102477,16,0,15,0,50,,102491,16,0,15,0,10,,102487,16,0,15,0,10,,102488,16,0,15,0,11,,102489,16,0,15,0,12,,102492,16,0,15,0,12,,102482,16,0,15,0,52,,102478,16,0,15,0,12,,102483,16,0,15,0,12,,102480,16,0,15,0,13,,102476,16,0,15,0,12,,102490,16,0,15,0,52,,102484,16,0,15,0,12,,102486,16,0,15,0,12,,102485,16,0,15,0,13,,102493,16,0,15,0,12,,102481,16,0,15,0,52,,102479,16,0,15,0,12,,102502,16,0,15,0,12,,102495,16,0,15,0,12,,102532,16,0,15,0,11,,102507,16,0,15,0,50,,102499,16,0,15,0,10,,102501,16,0,15,0,10,,102504,16,0,15,0,10,,102530,16,0,15,0,11,,102503,16,0,15,0,10,,102508,16,0,15,0,51,,102500,16,0,15,0,11,,102494,16,0,15,0,11,,102533,16,0,15,0,10,,102498,16,0,15,0,10,,102509,16,0,15,0,50,,102531,16,0,15,0,10,,102506,16,0,15,0,10,,102496,16,0,15,0,11,,102497,16,0,15,0,11,,102505,16,0,15,0,10,,102542,16,0,15,0,51,,102517,16,0,15,0,9,,102519,16,0,15,0,12,,102513,16,0,15,0,13,,102537,16,0,15,0,12,,102534,16,0,15,0,53,,102541,16,0,15,0,13,,102510,16,0,15,0,12,,102514,16,0,15,0,14,,102512,16,0,15,0,12,,102518,16,0,15,0,52,,102516,16,0,15,0,12,,102520,16,0,15,0,15,,102511,16,0,15,0,15,,102535,16,0,15,0,56,,102539,16,0,15,0,15,,102515,16,0,15,0,15,,102524,16,0,15,0,15,,102526,16,0,15,0,55,,102527,16,0,15,0,15,,102522,16,0,15,0,20,,102536,16,0,15,0,20,,102540,16,0,15,0,61,,102523,16,0,15,0,20,,102525,16,0,15,0,70,,102521,16,0,15,0,32,,102538,16,0,15,0,70,,102529,16,0,15,0,30,,102528,16,0,15,0,70,,102543,16,0,15,0,30,,102544,16,0,15,0,70,,102545,16,0,15,0
9500,'5459',617,,102547,16,0,15,0,32,,102548,16,0,15,0,62,,102549,16,0,15,0,15,,102550,16,0,15,0,15,,102551,16,0,15,0,15,,102552,16,0,15,0,55,,102553,16,0,15,0,16,,102554,16,0,15,0,15,,102555,16,0,15,0,14,,102556,16,0,15,0,54,,102557,16,0,15,0,15,,102558,16,0,15,0,15,,102559,16,0,15,0,15,,102560,16,0,15,0,54,,102561,16,0,15,0,15,,102562,16,0,15,0,14,,102563,16,0,15,0,15,,102564,16,0,15,0,54,,102565,16,0,15,0,15,,102566,16,0,15,0,14,,102567,16,0,15,0,13,,102568,16,0,15,0,52,,102569,16,0,15,0,11,,102570,16,0,15,0,12,,102571,16,0,15,0,12,,102572,16,0,15,0,12,,102573,16,0,15,0,52,,102574,16,0,15,0,11,,102575,16,0,15,0,12,,102576,16,0,15,0,12,,102577,16,0,15,0,13,,102578,16,0,15,0,52,,102579,16,0,15,0,11,,102580,16,0,15,0,12,,102581,16,0,15,0,11,,102582,16,0,15,0,11,,102583,16,0,15,0,12,,102584,16,0,15,0,53,,102585,16,0,15,0,12,,102586,16,0,15,0,12,,102587,16,0,15,0,13,,102588,16,0,15,0,12,,102589,16,0,15,0,52,,102590,16,0,15,0,13,,102591,16,0,15,0,12,,102592,16,0,15,0,12,,102593,16,0,15,0,53,,102594,16,0,15,0,12,,102595,16,0,15,0,13,,102596,16,0,15,0,12,,102597,16,0,15,0,13,,102598,16,0,15,0,52,,102599,16,0,15,0,13,,102600,16,0,15,0,16,,102601,16,0,15,0,15,,102602,16,0,15,0,56,,102603,16,0,15,0,15,,102604,16,0,15,0,15,,102605,16,0,15,0,15,,102606,16,0,15,0,55,,102607,16,0,15,0,15,,102608,16,0,15,0,16,,102609,16,0,15,0,15,,102610,16,0,15,0,55,,102611,16,0,15,0,15,,102612,16,0,15,0,20,,102613,16,0,15,0,20,,102614,16,0,15,0,60,,102615,16,0,15,0,20,,102616,16,0,15,0,71,,102617,16,0,15,0,31,,102618,16,0,15,0,70,,102619,16,0,15,0,30,,102620,16,0,15,0,69,,102621,16,0,15,0,30,,102622,16,0,15,0,70,,102623,16,0,15,0
9500,'5460',619,,102624,16,0,15,0,30,,102626,16,0,15,0,60,,102627,16,0,15,0,20,,102628,16,0,15,0,20,,102629,16,0,15,0,55,,102630,16,0,15,0,15,,102625,16,0,15,0,15,,102631,16,0,15,0,14,,102632,16,0,15,0,54,,102633,16,0,15,0,15,,102634,16,0,15,0,15,,102635,16,0,15,0,14,,102636,16,0,15,0,55,,102637,16,0,15,0,15,,102639,16,0,15,0,15,,102640,16,0,15,0,15,,102638,16,0,15,0,55,,102641,16,0,15,0,14,,102642,16,0,15,0,15,,102643,16,0,15,0,15,,102644,16,0,15,0,55,,102691,16,0,15,0,15,,102645,16,0,15,0,15,,102690,16,0,15,0,14,,102646,16,0,15,0,14,,102689,16,0,15,0,55,,102647,16,0,15,0,15,,102648,16,0,15,0,15,,102649,16,0,15,0,15,,102650,16,0,15,0,55,,102651,16,0,15,0,15,,102652,16,0,15,0,15,,102653,16,0,15,0,15,,102654,16,0,15,0,53,,102655,16,0,15,0,12,,102656,16,0,15,0,12,,102657,16,0,15,0,13,,102658,16,0,15,0,11,,102659,16,0,15,0,52,,102660,16,0,15,0,13,,102661,16,0,15,0,12,,102662,16,0,15,0,13,,102663,16,0,15,0,52,,102664,16,0,15,0,14,,102665,16,0,15,0,15,,102666,16,0,15,0,18,,102667,16,0,15,0,55,,102668,16,0,15,0,15,,102669,16,0,15,0,16,,102670,16,0,15,0,15,,102671,16,0,15,0,55,,102672,16,0,15,0,15,,102673,16,0,15,0,15,,102674,16,0,15,0,16,,102675,16,0,15,0,55,,102676,16,0,15,0,15,,102677,16,0,15,0,15,,102678,16,0,15,0,15,,102679,16,0,15,0,55,,102681,16,0,15,0,15,,102682,16,0,15,0,21,,102680,16,0,15,0,60,,102683,16,0,15,0,20,,102684,16,0,15,0,20,,102685,16,0,15,0,71,,102686,16,0,15,0,30,,102687,16,0,15,0,70,,102688,16,0,15,0
9500,'5461',619,,102692,16,0,15,0,30,,102694,16,0,15,0,60,,102695,16,0,15,0,20,,102696,16,0,15,0,20,,102697,16,0,15,0,55,,102698,16,0,15,0,15,,102693,16,0,15,0,15,,102699,16,0,15,0,14,,102700,16,0,15,0,54,,102701,16,0,15,0,15,,102702,16,0,15,0,15,,102703,16,0,15,0,14,,102704,16,0,15,0,55,,102705,16,0,15,0,15,,102707,16,0,15,0,15,,102708,16,0,15,0,15,,102706,16,0,15,0,55,,102709,16,0,15,0,14,,102710,16,0,15,0,15,,102711,16,0,15,0,15,,102712,16,0,15,0,55,,102759,16,0,15,0,15,,102713,16,0,15,0,15,,102758,16,0,15,0,14,,102714,16,0,15,0,14,,102757,16,0,15,0,55,,102715,16,0,15,0,15,,102716,16,0,15,0,15,,102717,16,0,15,0,15,,102718,16,0,15,0,55,,102719,16,0,15,0,15,,102720,16,0,15,0,15,,102721,16,0,15,0,15,,102722,16,0,15,0,53,,102723,16,0,15,0,12,,102724,16,0,15,0,12,,102725,16,0,15,0,13,,102726,16,0,15,0,11,,102727,16,0,15,0,52,,102728,16,0,15,0,13,,102729,16,0,15,0,12,,102730,16,0,15,0,13,,102731,16,0,15,0,52,,102732,16,0,15,0,14,,102733,16,0,15,0,15,,102734,16,0,15,0,18,,102735,16,0,15,0,55,,102736,16,0,15,0,15,,102737,16,0,15,0,16,,102738,16,0,15,0,15,,102739,16,0,15,0,55,,102740,16,0,15,0,15,,102741,16,0,15,0,15,,102742,16,0,15,0,16,,102743,16,0,15,0,55,,102744,16,0,15,0,15,,102745,16,0,15,0,15,,102746,16,0,15,0,15,,102747,16,0,15,0,55,,102749,16,0,15,0,15,,102750,16,0,15,0,21,,102748,16,0,15,0,60,,102751,16,0,15,0,20,,102752,16,0,15,0,20,,102753,16,0,15,0,71,,102754,16,0,15,0,30,,102755,16,0,15,0,70,,102756,16,0,15,0
9500,'5462',619,,102760,16,0,15,0,30,,102762,16,0,15,0,60,,102763,16,0,15,0,20,,102764,16,0,15,0,20,,102765,16,0,15,0,55,,102766,16,0,15,0,15,,102761,16,0,15,0,15,,102767,16,0,15,0,14,,102768,16,0,15,0,54,,102769,16,0,15,0,15,,102770,16,0,15,0,15,,102771,16,0,15,0,14,,102772,16,0,15,0,55,,102773,16,0,15,0,15,,102775,16,0,15,0,15,,102776,16,0,15,0,15,,102774,16,0,15,0,55,,102777,16,0,15,0,14,,102778,16,0,15,0,15,,102779,16,0,15,0,15,,102780,16,0,15,0,55,,102827,16,0,15,0,15,,102781,16,0,15,0,15,,102826,16,0,15,0,14,,102782,16,0,15,0,14,,102825,16,0,15,0,55,,102783,16,0,15,0,15,,102784,16,0,15,0,15,,102785,16,0,15,0,15,,102786,16,0,15,0,55,,102787,16,0,15,0,15,,102788,16,0,15,0,15,,102789,16,0,15,0,15,,102790,16,0,15,0,53,,102791,16,0,15,0,12,,102792,16,0,15,0,12,,102793,16,0,15,0,13,,102794,16,0,15,0,11,,102795,16,0,15,0,52,,102796,16,0,15,0,13,,102797,16,0,15,0,12,,102798,16,0,15,0,13,,102799,16,0,15,0,52,,102800,16,0,15,0,14,,102801,16,0,15,0,15,,102802,16,0,15,0,18,,102803,16,0,15,0,55,,102804,16,0,15,0,15,,102805,16,0,15,0,16,,102806,16,0,15,0,15,,102807,16,0,15,0,55,,102808,16,0,15,0,15,,102809,16,0,15,0,15,,102810,16,0,15,0,16,,102811,16,0,15,0,55,,102812,16,0,15,0,15,,102813,16,0,15,0,15,,102814,16,0,15,0,15,,102815,16,0,15,0,55,,102817,16,0,15,0,15,,102818,16,0,15,0,21,,102816,16,0,15,0,60,,102819,16,0,15,0,20,,102820,16,0,15,0,20,,102821,16,0,15,0,71,,102822,16,0,15,0,30,,102823,16,0,15,0,70,,102824,16,0,15,0
9500,'5463',619,,102828,16,0,15,0,30,,102830,16,0,15,0,60,,102831,16,0,15,0,20,,102832,16,0,15,0,20,,102833,16,0,15,0,55,,102834,16,0,15,0,15,,102829,16,0,15,0,15,,102835,16,0,15,0,14,,102836,16,0,15,0,54,,102837,16,0,15,0,15,,102838,16,0,15,0,15,,102839,16,0,15,0,14,,102840,16,0,15,0,55,,102841,16,0,15,0,15,,102843,16,0,15,0,15,,102844,16,0,15,0,15,,102842,16,0,15,0,55,,102845,16,0,15,0,14,,102846,16,0,15,0,15,,102847,16,0,15,0,15,,102848,16,0,15,0,55,,102895,16,0,15,0,15,,102849,16,0,15,0,15,,102894,16,0,15,0,14,,102850,16,0,15,0,14,,102893,16,0,15,0,55,,102851,16,0,15,0,15,,102852,16,0,15,0,15,,102853,16,0,15,0,15,,102854,16,0,15,0,55,,102855,16,0,15,0,15,,102856,16,0,15,0,15,,102857,16,0,15,0,15,,102858,16,0,15,0,53,,102859,16,0,15,0,12,,102860,16,0,15,0,12,,102861,16,0,15,0,13,,102862,16,0,15,0,11,,102863,16,0,15,0,52,,102864,16,0,15,0,13,,102865,16,0,15,0,12,,102866,16,0,15,0,13,,102867,16,0,15,0,52,,102868,16,0,15,0,14,,102869,16,0,15,0,15,,102870,16,0,15,0,18,,102871,16,0,15,0,55,,102872,16,0,15,0,15,,102873,16,0,15,0,16,,102874,16,0,15,0,15,,102875,16,0,15,0,55,,102876,16,0,15,0,15,,102877,16,0,15,0,15,,102878,16,0,15,0,16,,102879,16,0,15,0,55,,102880,16,0,15,0,15,,102881,16,0,15,0,15,,102882,16,0,15,0,15,,102883,16,0,15,0,55,,102885,16,0,15,0,15,,102886,16,0,15,0,21,,102884,16,0,15,0,60,,102887,16,0,15,0,20,,102888,16,0,15,0,20,,102889,16,0,15,0,71,,102890,16,0,15,0,30,,102891,16,0,15,0,70,,102892,16,0,15,0
