300,'4832',706,,63734,19,,,0,45,,63722,21,,,0,79,,63735,19,,,0,84,,63729,21,,,0,35,,63733,19,,,0,80,,63720,21,,,0,19,,63730,19,,,0,71,,63725,21,,,0,29,,63721,19,,,0,69,,63726,21,,,0,30,,63724,19,,,0,69,,63723,21,,,0,31,,63727,19,,,0,77,,63728,21,,,0,27,,63731,19,,,0,81,,63732,21,,,0,26,,63739,19,,,0,73,,63736,21,,,0,28,,63737,19,,,0,70,,63738,21,,,0,71,,63741,19,,,0,30,,63740,21,,,0,70,,63742,19,,,0,35,,63743,21,,,0,84,,63744,19,0,5,0
300,'5453',706,,77922,19,,,0,45,,77910,21,,,0,79,,77923,19,,,0,84,,77917,21,,,0,35,,77921,19,,,0,80,,77908,21,,,0,19,,77918,19,,,0,71,,77913,21,,,0,29,,77909,19,,,0,69,,77914,21,,,0,30,,77912,19,,,0,69,,77911,21,,,0,31,,77915,19,,,0,77,,77916,21,,,0,27,,77919,19,,,0,81,,77920,21,,,0,26,,77927,19,,,0,73,,77924,21,,,0,28,,77925,19,,,0,70,,77926,21,,,0,71,,77929,19,,,0,30,,77928,21,,,0,70,,77930,19,,,0,35,,77931,21,,,0,84,,77932,19,0,5,0
300,'5456',614,,87880,19,,,0,33,,87882,21,,,0,75,,87881,19,,,0,80,,87890,21,,,0,37,,87883,19,,,0,76,,87884,21,,,0,26,,87888,19,,,0,73,,87885,21,,,0,26,,87886,19,,,0,72,,87887,21,,,0,27,,87889,19,,,0,78,,87891,21,,,0,27,,87892,19,,,0,73,,87896,21,,,0,27,,87893,19,,,0,77,,87906,21,,,0,31,,87895,19,,,0,78,,87894,21,,,0,74,,87905,21,,,0,33,,87897,21,,,0,75,,87898,19,,,0,34,,87904,21,,,0,68,,87899,19,,,0,30,,87900,21,,,0,70,,87907,19,,,0,25,,87901,21,,,0,66,,87902,19,,,0,30,,87908,21,,,0,86,,87903,19,0,5,0
300,'5458',614,,87909,19,,,0,33,,87911,21,,,0,75,,87910,19,,,0,80,,87919,21,,,0,37,,87912,19,,,0,76,,87913,21,,,0,26,,87917,19,,,0,73,,87914,21,,,0,26,,87915,19,,,0,72,,87916,21,,,0,27,,87918,19,,,0,78,,87920,21,,,0,27,,87921,19,,,0,73,,87925,21,,,0,27,,87922,19,,,0,77,,87935,21,,,0,31,,87924,19,,,0,78,,87923,21,,,0,74,,87934,21,,,0,33,,87926,21,,,0,75,,87927,19,,,0,34,,87933,21,,,0,68,,87928,19,,,0,30,,87929,21,,,0,70,,87936,19,,,0,25,,87930,21,,,0,66,,87931,19,,,0,30,,87937,21,,,0,86,,87932,19,0,5,0
300,'5459',652,,87961,19,,,0,70,,87944,21,,,0,28,,87938,19,,,0,70,,87953,21,,,0,30,,87946,19,,,0,69,,87963,21,,,0,30,,87952,19,,,0,70,,87939,21,,,0,23,,87960,19,,,0,75,,87951,21,,,0,25,,87942,19,,,0,74,,87964,21,,,0,26,,87954,19,,,0,75,,87941,21,,,0,25,,87948,19,,,0,78,,87940,21,,,0,25,,87947,19,,,0,84,,87945,21,,,0,30,,87949,19,,,0,79,,87943,21,,,0,64,,87950,19,,,0,37,,87956,21,,,0,68,,87957,19,,,0,32,,87955,21,,,0,65,,87958,19,,,0,31,,87959,21,,,0,70,,87965,19,,,0,31,,87962,21,,,0,85,,87966,19,0,5,0
300,'5460',706,,87981,19,,,0,45,,87969,21,,,0,79,,87982,19,,,0,84,,87976,21,,,0,35,,87980,19,,,0,80,,87967,21,,,0,19,,87977,19,,,0,71,,87972,21,,,0,29,,87968,19,,,0,69,,87973,21,,,0,30,,87971,19,,,0,69,,87970,21,,,0,31,,87974,19,,,0,77,,87975,21,,,0,27,,87978,19,,,0,81,,87979,21,,,0,26,,87986,19,,,0,73,,87983,21,,,0,28,,87984,19,,,0,70,,87985,21,,,0,71,,87988,19,,,0,30,,87987,21,,,0,70,,87989,19,,,0,35,,87990,21,,,0,84,,87991,19,0,5,0
300,'5461',706,,88006,19,,,0,45,,87994,21,,,0,79,,88007,19,,,0,84,,88001,21,,,0,35,,88005,19,,,0,80,,87992,21,,,0,19,,88002,19,,,0,71,,87997,21,,,0,29,,87993,19,,,0,69,,87998,21,,,0,30,,87996,19,,,0,69,,87995,21,,,0,31,,87999,19,,,0,77,,88000,21,,,0,27,,88003,19,,,0,81,,88004,21,,,0,26,,88011,19,,,0,73,,88008,21,,,0,28,,88009,19,,,0,70,,88010,21,,,0,71,,88013,19,,,0,30,,88012,21,,,0,70,,88014,19,,,0,35,,88015,21,,,0,84,,88016,19,0,5,0
300,'5462',706,,88031,19,,,0,45,,88019,21,,,0,79,,88032,19,,,0,84,,88026,21,,,0,35,,88030,19,,,0,80,,88017,21,,,0,19,,88027,19,,,0,71,,88022,21,,,0,29,,88018,19,,,0,69,,88023,21,,,0,30,,88021,19,,,0,69,,88020,21,,,0,31,,88024,19,,,0,77,,88025,21,,,0,27,,88028,19,,,0,81,,88029,21,,,0,26,,88036,19,,,0,73,,88033,21,,,0,28,,88034,19,,,0,70,,88035,21,,,0,71,,88038,19,,,0,30,,88037,21,,,0,70,,88039,19,,,0,35,,88040,21,,,0,84,,88041,19,0,5,0
300,'5463',706,,88056,19,,,0,45,,88044,21,,,0,79,,88057,19,,,0,84,,88051,21,,,0,35,,88055,19,,,0,80,,88042,21,,,0,19,,88052,19,,,0,71,,88047,21,,,0,29,,88043,19,,,0,69,,88048,21,,,0,30,,88046,19,,,0,69,,88045,21,,,0,31,,88049,19,,,0,77,,88050,21,,,0,27,,88053,19,,,0,81,,88054,21,,,0,26,,88061,19,,,0,73,,88058,21,,,0,28,,88059,19,,,0,70,,88060,21,,,0,71,,88063,19,,,0,30,,88062,21,,,0,70,,88064,19,,,0,35,,88065,21,,,0,84,,88066,19,0,5,0
14000700,'4832',2059,,77671,28,0,5,0,71,,77672,28,0,5,0,70,,77673,28,0,5,0,100,,77674,28,0,5,0,58,,77675,28,0,5,0
14000700,'5453',2059,,81925,28,0,5,0,71,,81926,28,0,5,0,70,,81927,28,0,5,0,100,,81928,28,0,5,0,58,,81929,28,0,5,0
14000700,'5456',2158,,103939,28,0,5,0,69,,103935,28,0,5,0,32,,103940,28,0,5,0,69,,103936,28,0,5,0,31,,103938,28,0,5,0,69,,103937,28,0,5,0
14000700,'5458',2158,,103945,28,0,5,0,69,,103941,28,0,5,0,32,,103946,28,0,5,0,69,,103942,28,0,5,0,31,,103944,28,0,5,0,69,,103943,28,0,5,0
14000700,'5459',2157,,103947,28,0,5,0,74,,103948,28,0,5,0,69,,103949,28,0,5,0,29,,103950,28,0,5,0,30,,103951,28,0,5,0,71,,103952,28,0,5,0
14000700,'5460',2059,,103953,28,0,5,0,71,,103954,28,0,5,0,70,,103955,28,0,5,0,100,,103956,28,0,5,0,58,,103957,28,0,5,0
14000700,'5461',2059,,103958,28,0,5,0,71,,103959,28,0,5,0,70,,103960,28,0,5,0,100,,103961,28,0,5,0,58,,103962,28,0,5,0
14000700,'5462',2059,,103963,28,0,5,0,71,,103964,28,0,5,0,70,,103965,28,0,5,0,100,,103966,28,0,5,0,58,,103967,28,0,5,0
14000700,'5463',2059,,103968,28,0,5,0,71,,103969,28,0,5,0,70,,103970,28,0,5,0,100,,103971,28,0,5,0,58,,103972,28,0,5,0
