4801,'5456',1722,,98618,55,,,0,28,,98617,55,,,0,66,,98616,55,,,0
4801,'5458',1722,,98621,55,,,0,28,,98620,55,,,0,66,,98619,55,,,0
5201,'5456',519,,98955,33,,,0,36,,98954,33,,,0,78,,98957,33,,,0,78,,98956,33,,,0,26,,98965,33,,,0,70,,98958,34,,,0,33,,98982,34,,,0,64,,98959,33,,,0,34,,98960,34,,,0,75,,98961,33,,,0,29,,98983,33,,,0,70,,98963,33,,,0,28,,98962,33,,,0,75,,98964,33,,,0,34,,98981,33,,,0,71,,98967,33,,,0,30,,98966,33,,,0,70,,98987,33,,,0,31,,98968,34,,,0,60,,98991,33,0,38 3 39 49,0,8,,98980,34,,,0,25,,98992,18,0,30 14,0,3,,98993,18,0,30 14,0,73,,98970,34,,,0,36,,98988,34,,,0,63,,98971,34,,,0,25,,98979,34,,,0,62,,98972,33,,,0,30,,98973,33,,,0,69,,98989,33,,,0,29,,98974,33,,,0,73,,98975,33,,,0,29,,98977,33,,,0,68,,98990,33,,,0,26,,98976,33,0,38 3 39 49,0,74,,98978,33,,,0,98,,98986,33,,,0,99,,98984,33,,,0
5201,'5458',519,,98995,33,,,0,36,,98994,33,,,0,78,,98997,33,,,0,78,,98996,33,,,0,26,,99005,33,,,0,70,,98998,34,,,0,33,,99022,34,,,0,64,,98999,33,,,0,34,,99000,34,,,0,75,,99001,33,,,0,29,,99023,33,,,0,70,,99003,33,,,0,28,,99002,33,,,0,75,,99004,33,,,0,34,,99021,33,,,0,71,,99007,33,,,0,30,,99006,33,,,0,70,,99027,33,,,0,26,,99031,18,0,30 14,0,5,,99008,34,,,0,60,,99032,33,0,38 3 39 49,0,8,,99020,34,,,0,28,,99033,18,0,30 14,0,73,,99010,34,,,0,36,,99028,34,,,0,63,,99011,34,,,0,25,,99019,34,,,0,62,,99012,33,,,0,30,,99013,33,,,0,69,,99029,33,,,0,29,,99014,33,,,0,73,,99015,33,,,0,29,,99017,33,,,0,68,,99030,33,,,0,26,,99016,33,0,38 3 39 49,0,74,,99018,33,,,0,98,,99026,33,,,0,99,,99024,33,,,0
5201,'5459',700,,99043,33,,,0,32,,99053,33,,,0,70,,99051,33,,,0,31,,99034,33,,,0,70,,99041,33,,,0,30,,99060,33,,,0,70,,99038,33,,,0,32,,99035,33,,,0,70,,99042,33,,,0,30,,99061,33,,,0,71,,99039,33,,,0,31,,99036,33,,,0,75,,99045,33,,,0,30,,99063,33,,,0,75,,99040,33,,,0,35,,99050,33,,,0,75,,99044,33,,,0,30,,99062,33,,,0,70,,99037,33,,,0,30,,99048,33,,,0,63,,99056,33,,,0,25,,99047,33,,,0,64,,99052,33,,,0,25,,99049,33,,,0,70,,99046,33,,,0,29,,99059,33,,,0,72,,99054,33,,,0,30,,99058,33,,,0,70,,99055,33,,,0,24,,99057,33,0,38 3 39 49,0,30,,99064,33,,,0,143,,99065,33,,,0,100,,99066,33,,,0
5201,'5460',731,,99072,33,,,0,70,,99088,33,,,0,31,,99080,33,,,0,71,,99068,33,,,0,30,,99075,33,,,0,70,,99082,33,,,0,31,,99077,33,,,0,70,,99069,33,,,0,31,,99074,33,,,0,70,,99083,33,,,0,30,,99079,33,,,0,75,,99067,33,,,0,30,,99073,33,,,0,75,,99086,33,,,0,35,,99078,33,,,0,75,,99093,33,,,0,29,,99071,33,,,0,70,,99085,33,,,0,30,,99076,33,,,0,70,,99081,33,,,0,30,,99070,33,,,0,70,,99084,33,,,0,79,,99087,33,,,0,100,,99089,33,,,0,99,,99090,33,,,0,100,,99091,33,,,0,100,,99092,33,,,0
5201,'5461',731,,99099,33,,,0,70,,99115,33,,,0,31,,99107,33,,,0,71,,99095,33,,,0,30,,99102,33,,,0,70,,99109,33,,,0,31,,99104,33,,,0,70,,99096,33,,,0,31,,99101,33,,,0,70,,99110,33,,,0,30,,99106,33,,,0,75,,99094,33,,,0,30,,99100,33,,,0,75,,99113,33,,,0,35,,99105,33,,,0,75,,99120,33,,,0,29,,99098,33,,,0,70,,99112,33,,,0,30,,99103,33,,,0,70,,99108,33,,,0,30,,99097,33,,,0,70,,99111,33,,,0,79,,99114,33,,,0,100,,99116,33,,,0,99,,99117,33,,,0,100,,99118,33,,,0,100,,99119,33,,,0
5201,'5462',731,,99126,33,,,0,70,,99142,33,,,0,31,,99134,33,,,0,71,,99122,33,,,0,30,,99129,33,,,0,70,,99136,33,,,0,31,,99131,33,,,0,70,,99123,33,,,0,31,,99128,33,,,0,70,,99137,33,,,0,30,,99133,33,,,0,75,,99121,33,,,0,30,,99127,33,,,0,75,,99140,33,,,0,35,,99132,33,,,0,75,,99147,33,,,0,29,,99125,33,,,0,70,,99139,33,,,0,30,,99130,33,,,0,70,,99135,33,,,0,30,,99124,33,,,0,70,,99138,33,,,0,79,,99141,33,,,0,100,,99143,33,,,0,99,,99144,33,,,0,100,,99145,33,,,0,100,,99146,33,,,0
5201,'5463',731,,99153,33,,,0,70,,99169,33,,,0,31,,99161,33,,,0,71,,99149,33,,,0,30,,99156,33,,,0,70,,99163,33,,,0,31,,99158,33,,,0,70,,99150,33,,,0,31,,99155,33,,,0,70,,99164,33,,,0,30,,99160,33,,,0,75,,99148,33,,,0,30,,99154,33,,,0,75,,99167,33,,,0,35,,99159,33,,,0,75,,99174,33,,,0,29,,99152,33,,,0,70,,99166,33,,,0,30,,99157,33,,,0,70,,99162,33,,,0,30,,99151,33,,,0,70,,99165,33,,,0,79,,99168,33,,,0,100,,99170,33,,,0,99,,99171,33,,,0,100,,99172,33,,,0,100,,99173,33,,,0
5500,'5456',623,,99397,31,,,0,132,,99401,31,,,0,173,,99400,31,,,0,214,,99399,31,,,0,198,,99398,31,,,0,174,,99402,31,,,0,106,,99406,31,,,0,182,,99404,31,,,0,148,,99403,31,,,0,198,,99405,31,,,0
5500,'5458',623,,99407,31,,,0,132,,99411,31,,,0,173,,99410,31,,,0,214,,99409,31,,,0,198,,99408,31,,,0,174,,99412,31,,,0,106,,99416,31,,,0,182,,99414,31,,,0,148,,99413,31,,,0,198,,99415,31,,,0
5500,'5459',818,,99423,31,,,0,201,,99419,31,,,0,213,,99420,31,,,0,204,,99421,31,,,0,211,,99422,31,,,0,209,,99418,31,,,0,264,,99417,31,,,0
5500,'5460',816,,99424,31,,,0,202,,99427,31,,,0,214,,99426,31,,,0,205,,99425,31,,,0,210,,99429,31,,,0,208,,99430,31,,,0,263,,99428,31,,,0
5500,'5461',816,,99431,31,,,0,202,,99434,31,,,0,214,,99433,31,,,0,205,,99432,31,,,0,210,,99436,31,,,0,208,,99437,31,,,0,263,,99435,31,,,0
5500,'5462',816,,99438,31,,,0,202,,99441,31,,,0,214,,99440,31,,,0,205,,99439,31,,,0,210,,99443,31,,,0,208,,99444,31,,,0,263,,99442,31,,,0
5500,'5463',816,,99445,31,,,0,202,,99448,31,,,0,214,,99447,31,,,0,205,,99446,31,,,0,210,,99450,31,,,0,208,,99451,31,,,0,263,,99449,31,,,0
5901,'5456',656,,100081,16,,,0,69,,100084,16,,,0,97,,100098,16,,,0,3,,100089,16,,,0,106,,100090,16,,,0,101,,100088,16,,,0,97,,100082,16,,,0,103,,100083,16,,,0,102,,100085,16,,,0,107,,100086,16,,,0,98,,100092,16,,,0,86,,100093,16,,,0,84,,100087,16,,,0,42,,100095,16,,,0,81,,100094,16,,,0,104,,100096,16,,,0,105,,100097,16,,,0,114,,100091,16,,,0
5901,'5458',656,,100099,16,,,0,69,,100102,16,,,0,97,,100116,16,,,0,3,,100107,16,,,0,106,,100108,16,,,0,101,,100106,16,,,0,97,,100100,16,,,0,103,,100101,16,,,0,102,,100103,16,,,0,107,,100104,16,,,0,98,,100110,16,,,0,86,,100111,16,,,0,84,,100105,16,,,0,42,,100113,16,,,0,81,,100112,16,,,0,104,,100114,16,,,0,105,,100115,16,,,0,114,,100109,16,,,0
5901,'5459',657,,100128,16,,,0,100,,100129,16,,,0,101,,100130,16,,,0,101,,100126,16,,,0,145,,100127,16,,,0,105,,100125,16,,,0,105,,100124,16,,,0,105,,100123,16,,,0,105,,100122,16,,,0,102,,100121,16,,,0,103,,100120,16,,,0,105,,100119,16,,,0,105,,100118,16,,,0,120,,100117,16,,,0
5901,'5460',757,,100132,16,,,0,101,,100131,16,,,0,101,,100133,16,,,0,145,,100135,16,,,0,105,,100134,16,,,0,105,,100138,16,,,0,105,,100139,16,,,0,105,,100137,16,,,0,102,,100136,16,,,0,103,,100142,16,,,0,105,,100141,16,,,0,105,,100143,16,,,0,120,,100140,16,,,0
5901,'5461',757,,100146,16,,,0,101,,100145,16,,,0,101,,100144,16,,,0,145,,100148,16,,,0,105,,100147,16,,,0,105,,100151,16,,,0,105,,100152,16,,,0,105,,100150,16,,,0,102,,100149,16,,,0,103,,100155,16,,,0,105,,100154,16,,,0,105,,100156,16,,,0,120,,100153,16,,,0
5901,'5462',757,,100158,16,,,0,101,,100157,16,,,0,101,,100159,16,,,0,145,,100161,16,,,0,105,,100160,16,,,0,105,,100164,16,,,0,105,,100165,16,,,0,105,,100163,16,,,0,102,,100162,16,,,0,103,,100168,16,,,0,105,,100167,16,,,0,105,,100169,16,,,0,120,,100166,16,,,0
5901,'5463',757,,100171,16,,,0,101,,100170,16,,,0,101,,100172,16,,,0,145,,100174,16,,,0,105,,100173,16,,,0,105,,100177,16,,,0,105,,100178,16,,,0,105,,100176,16,,,0,102,,100175,16,,,0,103,,100181,16,,,0,105,,100180,16,,,0,105,,100182,16,,,0,120,,100179,16,,,0
6100,'5456',542,,100420,50,,,0,77,,100418,50,,,0,12,,100419,50,,,0,21,,100412,50,,,0,60,,100411,50,,,0,20,,100406,50,,,0,20,,100405,50,,,0,68,,100404,50,,,0,18,,100424,32,0,30 14,0,80,,100417,32,0,30 14,0,36,,100413,32,0,30 14,0,64,,100422,32,0,30 14,0,36,,100407,32,0,30 14,0,88,,100414,32,0,30 14,0,76,,100421,32,0,30 14,0,35,,100408,32,0,30 14,0,74,,100415,32,0,30 14,0,79,,100423,32,0,30 14,0,30,,100409,32,0,30 14,0,80,,100416,32,0,30 14,0,33,,100403,32,0,30 14,0,67,,100425,32,0,30 14,0,15,,100402,32,0,30 14,0,26,,100401,32,0,30 14,0,79,,100398,32,0,30 14,0,68,,100410,32,0,30 14,0,25,,100400,32,0,30 14,0,28,,100393,32,0,30 14,0,72,,100392,32,0,30 14,0,30,,100399,32,0,30 14,0,70,,100394,32,0,30 14,0,95,,100389,32,0,30 14,0,81,,100395,32,0,30 14,0,104,,100390,32,0,30 14,0,33,,100396,32,0,30 14,0,100,,100391,32,0,30 14,0,74,,100397,32,0,30 14,0
6100,'5458',542,,100459,50,,,0,77,,100457,50,,,0,12,,100458,50,,,0,21,,100451,50,,,0,60,,100450,50,,,0,20,,100445,50,,,0,20,,100444,50,,,0,68,,100443,50,,,0,18,,100463,32,0,30 14,0,80,,100456,32,0,30 14,0,36,,100452,32,0,30 14,0,64,,100461,32,0,30 14,0,36,,100446,32,0,30 14,0,88,,100453,32,0,30 14,0,76,,100460,32,0,30 14,0,35,,100447,32,0,30 14,0,74,,100454,32,0,30 14,0,79,,100462,32,0,30 14,0,30,,100448,32,0,30 14,0,68,,100442,32,0,30 14,0,12,,100455,32,0,30 14,0,33,,100441,32,0,30 14,0,82,,100440,32,0,30 14,0,26,,100439,32,0,30 14,0,79,,100436,32,0,30 14,0,68,,100449,32,0,30 14,0,25,,100438,32,0,30 14,0,28,,100431,32,0,30 14,0,72,,100430,32,0,30 14,0,30,,100437,32,0,30 14,0,70,,100432,32,0,30 14,0,95,,100427,32,0,30 14,0,81,,100433,32,0,30 14,0,104,,100428,32,0,30 14,0,33,,100434,32,0,30 14,0,100,,100429,32,0,30 14,0,74,,100435,32,0,30 14,0,100,,100426,32,0,30,0
6100,'5459',654,,100465,32,0,30 14,0,99,,100466,32,0,30 14,0,82,,100464,32,0,30 14,0,98,,100467,32,0,30 14,0,96,,100468,32,0,30 14,0,82,,100469,32,0,30 14,0,35,,100470,32,0,30 14,0,88,,100471,32,0,30 14,0,75,,100472,32,0,30 14,0,35,,100473,32,0,30 14,0,76,,100474,32,0,30 14,0,36,,100475,32,0,30 14,0,77,,100476,32,0,30 14,0,77,,100477,32,0,30 14,0,25,,100478,32,0,30 14,0,78,,100479,32,0,30 14,0,41,,100480,32,0,30 14,0,72,,100481,32,0,30 14,0,31,,100482,32,0,30 14,0,71,,100483,32,0,30 14,0,73,,100484,32,0,30 14,0,43,,100485,32,0,30 14,0,81,,100486,32,0,30 14,0,81,,100487,32,0,30 14,0,103,,100488,32,0,30 14,0,32,,100489,32,0,30 14,0,100,,100490,32,0,30 14,0,78,,100491,32,0,30,0,99,,100492,32,0,30,0
6100,'5460',657,,100493,32,0,30 14,0,144,,100494,32,0,30 14,0,43,,100495,32,0,30 14,0,96,,100496,32,0,30 14,0,83,,100497,32,0,30 14,0,86,,100498,32,0,30 14,0,97,,100499,32,0,30 14,0,44,,100500,32,0,30 14,0,101,,100501,32,0,30 14,0,93,,100502,32,0,30 14,0,103,,100503,32,0,30 14,0,77,,100504,32,0,30 14,0,102,,100505,32,0,30 14,0,86,,100506,32,0,30 14,0,103,,100507,32,0,30 14,0,86,,100508,32,0,30 14,0,46,,100509,32,0,30 14,0,101,,100510,32,0,30 14,0,93,,100511,32,0,30 14,0,101,,100512,32,0,30 14,0,74,,100513,32,0,30,0
6100,'5461',657,,100514,32,0,30 14,0,144,,100515,32,0,30 14,0,43,,100516,32,0,30 14,0,96,,100517,32,0,30 14,0,83,,100518,32,0,30 14,0,86,,100519,32,0,30 14,0,97,,100520,32,0,30 14,0,44,,100521,32,0,30 14,0,101,,100522,32,0,30 14,0,93,,100523,32,0,30 14,0,103,,100524,32,0,30 14,0,77,,100525,32,0,30 14,0,102,,100526,32,0,30 14,0,86,,100527,32,0,30 14,0,103,,100528,32,0,30 14,0,86,,100529,32,0,30 14,0,46,,100530,32,0,30 14,0,101,,100531,32,0,30 14,0,93,,100532,32,0,30 14,0,101,,100533,32,0,30 14,0,74,,100534,32,0,30,0
6100,'5462',657,,100535,32,0,30 14,0,144,,100536,32,0,30 14,0,43,,100537,32,0,30 14,0,96,,100538,32,0,30 14,0,83,,100539,32,0,30 14,0,86,,100540,32,0,30 14,0,97,,100541,32,0,30 14,0,44,,100542,32,0,30 14,0,101,,100543,32,0,30 14,0,93,,100544,32,0,30 14,0,103,,100545,32,0,30 14,0,77,,100546,32,0,30 14,0,102,,100547,32,0,30 14,0,86,,100548,32,0,30 14,0,103,,100549,32,0,30 14,0,86,,100550,32,0,30 14,0,46,,100551,32,0,30 14,0,101,,100552,32,0,30 14,0,93,,100553,32,0,30 14,0,101,,100554,32,0,30 14,0,74,,100555,32,0,30,0
6100,'5463',657,,100556,32,0,30 14,0,144,,100557,32,0,30 14,0,43,,100558,32,0,30 14,0,96,,100559,32,0,30 14,0,83,,100560,32,0,30 14,0,86,,100561,32,0,30 14,0,97,,100562,32,0,30 14,0,44,,100563,32,0,30 14,0,101,,100564,32,0,30 14,0,93,,100565,32,0,30 14,0,103,,100566,32,0,30 14,0,77,,100567,32,0,30 14,0,102,,100568,32,0,30 14,0,86,,100569,32,0,30 14,0,103,,100570,32,0,30 14,0,86,,100571,32,0,30 14,0,46,,100572,32,0,30 14,0,101,,100573,32,0,30 14,0,93,,100574,32,0,30 14,0,101,,100575,32,0,30 14,0,74,,100576,32,0,30,0
6400,'5456',741,,100772,57,,,0,507,,100775,88,,,0,580,,100774,73,,,0
6400,'5458',741,,100779,57,,,0,507,,100782,88,,,0,580,,100781,73,,,0
