5501,'4832',844,,85459,19,,,0,212,,85461,19,,,0,245,,85462,19,,,0,205,,85460,19,,,0,210,,73617,19,,,0,204,,73616,19,,,0
5501,'5453',844,,85463,19,,,0,212,,85465,19,,,0,245,,85466,19,,,0,205,,85464,19,,,0,210,,80903,19,,,0,204,,80902,19,,,0
5501,'5456',642,,99454,19,,,0,170,,99453,19,,,0,204,,99452,19,,,0,136,,99455,19,,,0,200,,99458,19,,,0,105,,99457,19,,,0,196,,99459,19,,,0,193,,99460,19,,,0,193,,99456,19,,,0
5501,'5458',642,,99463,19,,,0,170,,99462,19,,,0,204,,99461,19,,,0,136,,99464,19,,,0,200,,99467,19,,,0,105,,99466,19,,,0,196,,99468,19,,,0,193,,99469,19,,,0,193,,99465,19,,,0
5501,'5459',845,,99475,19,,,0,211,,99472,19,,,0,246,,99473,19,,,0,206,,99474,19,,,0,209,,99470,19,,,0,204,,99471,19,,,0
5501,'5460',844,,99476,19,,,0,212,,99478,19,,,0,245,,99479,19,,,0,205,,99477,19,,,0,210,,99481,19,,,0,204,,99480,19,,,0
5501,'5461',844,,99482,19,,,0,212,,99484,19,,,0,245,,99485,19,,,0,205,,99483,19,,,0,210,,99487,19,,,0,204,,99486,19,,,0
5501,'5462',844,,99488,19,,,0,212,,99490,19,,,0,245,,99491,19,,,0,205,,99489,19,,,0,210,,99493,19,,,0,204,,99492,19,,,0
5501,'5463',844,,99494,19,,,0,212,,99496,19,,,0,245,,99497,19,,,0,205,,99495,19,,,0,210,,99499,19,,,0,204,,99498,19,,,0
6401,'5456',642,,100789,13,,,0,579,,100786,13,,,0,501,,100790,13,0,34 35 36,0
6401,'5458',642,,100796,13,,,0,579,,100793,13,,,0,501,,100797,13,0,34 35 36,0
