600,'4832',640,,78233,12,,,0,70,,82206,12,,,0,95,,82188,12,,,0,25,,82204,12,,,0,80,,82190,12,,,0,21,,82182,12,,,0,78,,78229,12,,,0,15,,82211,12,,,0,16,,82189,12,,,0,72,,82208,12,,,0,15,,82199,12,,,0,15,,78211,12,,,0,70,,82183,12,,,0,12,,82185,12,,,0,12,,82209,12,,,0,12,,82201,12,,,0,64,,82184,12,,,0,12,,78223,12,,,0,12,,82186,12,,,0,12,,65128,12,,,0,64,,82200,12,,,0,12,,82187,12,,,0,12,,78217,12,,,0,12,,82193,12,,,0,64,,82196,12,,,0,12,,78250,12,,,0,12,,82202,12,,,0,12,,65139,12,,,0,64,,82195,12,,,0,12,,82194,12,,,0,12,,82192,12,,,0,12,,78248,12,,,0,64,,82191,12,,,0,12,,78231,12,,,0,12,,82198,12,,,0,12,,82212,12,,,0,65,,78239,12,,,0,15,,82197,12,,,0,15,,78232,12,,,0,72,,78235,12,,,0,17,,78241,12,,,0,18,,82203,12,,,0,74,,78237,12,,,0,17,,78240,12,,,0,74,,82207,12,,,0,17,,78247,12,,,0,18,,78238,12,,,0,88,,82205,12,,,0,96,,82210,12,,,0,80,,78251,12,,,0
600,'5453',640,,82235,12,,,0,70,,82247,12,,,0,95,,82221,12,,,0,25,,82245,12,,,0,80,,82223,12,,,0,21,,82214,12,,,0,78,,82230,12,,,0,15,,82253,12,,,0,16,,82222,12,,,0,72,,78381,12,,,0,15,,82234,12,,,0,15,,82213,12,,,0,70,,78342,12,,,0,12,,82216,12,,,0,12,,78384,12,,,0,12,,82237,12,,,0,64,,82215,12,,,0,12,,82226,12,,,0,12,,82217,12,,,0,12,,82220,12,,,0,64,,82236,12,,,0,12,,82218,12,,,0,12,,82219,12,,,0,12,,82227,12,,,0,64,,82228,12,,,0,12,,78385,12,,,0,12,,78369,12,,,0,12,,78359,12,,,0,64,,78357,12,,,0,12,,78356,12,,,0,12,,82225,12,,,0,12,,82250,12,,,0,64,,82224,12,,,0,12,,82232,12,,,0,12,,82231,12,,,0,12,,82254,12,,,0,65,,82242,12,,,0,15,,82229,12,,,0,15,,82233,12,,,0,72,,82238,12,,,0,17,,82244,12,,,0,18,,82239,12,,,0,74,,82240,12,,,0,17,,82243,12,,,0,74,,82248,12,,,0,17,,82249,12,,,0,18,,82241,12,,,0,88,,82246,12,,,0,96,,82252,12,,,0,80,,82251,12,,,0
600,'5456',530,,89335,1,,,0,20,,89336,12,,,0,70,,89337,12,,,0,31,,89338,12,,,0,65,,89339,12,,,0,24,,89340,12,,,0,64,,89356,12,,,0,19,,89358,12,,,0,20,,89347,12,,,0,59,,89341,12,,,0,20,,89342,12,,,0,25,,89343,12,,,0,64,,89344,12,,,0,22,,89351,12,,,0,25,,89345,12,,,0,63,,89346,12,,,0,24,,89348,12,,,0,64,,89349,12,,,0,25,,89350,12,,,0,24,,89352,12,,,0,65,,89353,12,,,0,26,,89354,12,,,0,63,,89355,12,,,0,21,,89357,12,,,0,20,,89359,12,,,0,60,,89360,12,,,0,16,,89366,12,,,0,14,,89361,12,,,0,57,,89362,12,,,0,14,,89369,12,,,0,16,,89363,12,,,0,15,,89364,12,,,0,14,,89365,12,,,0,54,,89367,12,,,0,16,,89368,12,,,0,14,,89370,12,,,0,15,,89371,12,,,0,57,,89372,12,,,0,17,,89373,12,,,0,23,,89374,12,,,0,64,,89376,12,,,0,29,,89375,12,,,0,73,,89378,12,,,0,18,,89377,12,,,0,75,,89379,12,,,0,18,,89380,12,,,0,78,,89382,12,,,0,19,,89381,12,,,0,100,,89383,12,,,0,98,,89384,12,,,0
600,'5458',530,,89385,1,,,0,20,,89386,12,,,0,70,,89387,12,,,0,31,,89388,12,,,0,65,,89389,12,,,0,24,,89390,12,,,0,64,,89406,12,,,0,19,,89408,12,,,0,20,,89397,12,,,0,59,,89391,12,,,0,20,,89392,12,,,0,25,,89393,12,,,0,64,,89394,12,,,0,22,,89401,12,,,0,25,,89395,12,,,0,63,,89396,12,,,0,24,,89398,12,,,0,64,,89399,12,,,0,25,,89400,12,,,0,24,,89402,12,,,0,65,,89403,12,,,0,26,,89404,12,,,0,63,,89405,12,,,0,21,,89407,12,,,0,20,,89409,12,,,0,60,,89410,12,,,0,16,,89416,12,,,0,14,,89411,12,,,0,57,,89412,12,,,0,14,,89419,12,,,0,16,,89413,12,,,0,15,,89414,12,,,0,14,,89415,12,,,0,54,,89417,12,,,0,16,,89418,12,,,0,14,,89420,12,,,0,15,,89421,12,,,0,57,,89422,12,,,0,17,,89423,12,,,0,23,,89424,12,,,0,64,,89426,12,,,0,29,,89425,12,,,0,73,,89428,12,,,0,18,,89427,12,,,0,75,,89429,12,,,0,18,,89430,12,,,0,78,,89432,12,,,0,19,,89431,12,,,0,100,,89433,12,,,0,98,,89434,12,,,0,30,,89438,12,,,0,70,,89436,12,,,0,30,,89439,12,,,0,70,,89435,12,,,0,30,,89437,12,,,0
600,'5459',555,,89441,12,,,0,70,,89442,12,,,0,84,,89443,12,,,0,20,,89444,12,,,0,76,,89445,12,,,0,20,,89446,12,,,0,18,,89447,12,,,0,70,,89448,12,,,0,15,,89440,12,,,0,15,,89449,12,,,0,66,,89450,12,,,0,13,,89451,12,,,0,13,,89452,12,,,0,12,,89453,12,,,0,64,,89454,12,,,0,12,,89455,12,,,0,12,,89456,12,,,0,65,,89457,12,,,0,12,,89458,12,,,0,12,,89459,12,,,0,24,,89460,12,,,0,52,,89461,12,,,0,13,,89462,12,,,0,24,,89463,12,,,0,12,,89464,12,,,0,52,,89465,12,,,0,20,,89466,12,,,0,10,,89467,12,,,0,10,,89468,12,,,0,61,,89469,12,,,0,11,,89478,12,,,0,10,,89470,12,,,0,20,,89471,12,,,0,11,,89479,12,,,0,50,,89472,12,,,0,20,,89473,12,,,0,11,,89480,12,,,0,10,,89474,12,,,0,60,,89475,12,,,0,11,,89476,12,,,0,12,,89481,12,,,0,12,,89477,12,,,0,64,,89482,12,,,0,12,,89483,12,,,0,12,,89484,12,,,0,12,,89485,12,,,0,65,,89487,12,,,0,15,,89488,12,,,0,14,,89489,12,,,0,70,,89490,12,,,0,15,,89491,12,,,0,17,,89486,12,,,0,76,,89492,12,,,0,18,,89493,12,,,0,74,,89494,12,,,0,21,,89495,12,,,0,20,,89496,12,,,0,90,,89497,12,,,0,94,,89498,12,,,0,30,,89499,12,,,0,69,,89500,12,,,0,30,,89501,12,,,0,69,,89502,12,,,0,29,,89503,12,,,0
600,'5460',632,,89530,12,,,0,78,,89543,12,,,0,95,,89513,12,,,0,25,,89541,12,,,0,80,,89515,12,,,0,21,,89505,12,,,0,78,,89525,12,,,0,15,,89552,12,,,0,16,,89514,12,,,0,72,,89545,12,,,0,15,,89529,12,,,0,15,,89504,12,,,0,70,,89506,12,,,0,12,,89508,12,,,0,12,,89548,12,,,0,12,,89532,12,,,0,64,,89507,12,,,0,12,,89518,12,,,0,12,,89509,12,,,0,12,,89512,12,,,0,64,,89531,12,,,0,12,,89510,12,,,0,12,,89511,12,,,0,12,,89519,12,,,0,64,,89522,12,,,0,12,,89549,12,,,0,12,,89533,12,,,0,12,,89523,12,,,0,64,,89521,12,,,0,12,,89520,12,,,0,12,,89517,12,,,0,12,,89547,12,,,0,64,,89516,12,,,0,12,,89527,12,,,0,12,,89526,12,,,0,12,,89553,12,,,0,65,,89538,12,,,0,15,,89524,12,,,0,15,,89528,12,,,0,72,,89534,12,,,0,17,,89540,12,,,0,18,,89535,12,,,0,74,,89536,12,,,0,17,,89539,12,,,0,74,,89544,12,,,0,17,,89546,12,,,0,18,,89537,12,,,0,88,,89542,12,,,0,96,,89551,12,,,0,88,,89550,12,,,0
600,'5461',632,,89580,12,,,0,78,,89593,12,,,0,95,,89563,12,,,0,25,,89591,12,,,0,80,,89565,12,,,0,21,,89555,12,,,0,78,,89575,12,,,0,15,,89602,12,,,0,16,,89564,12,,,0,72,,89595,12,,,0,15,,89579,12,,,0,15,,89554,12,,,0,70,,89556,12,,,0,12,,89558,12,,,0,12,,89598,12,,,0,12,,89582,12,,,0,64,,89557,12,,,0,12,,89568,12,,,0,12,,89559,12,,,0,12,,89562,12,,,0,64,,89581,12,,,0,12,,89560,12,,,0,12,,89561,12,,,0,12,,89569,12,,,0,64,,89572,12,,,0,12,,89599,12,,,0,12,,89583,12,,,0,12,,89573,12,,,0,64,,89571,12,,,0,12,,89570,12,,,0,12,,89567,12,,,0,12,,89597,12,,,0,64,,89566,12,,,0,12,,89577,12,,,0,12,,89576,12,,,0,12,,89603,12,,,0,65,,89588,12,,,0,15,,89574,12,,,0,15,,89578,12,,,0,72,,89584,12,,,0,17,,89590,12,,,0,18,,89585,12,,,0,74,,89586,12,,,0,17,,89589,12,,,0,74,,89594,12,,,0,17,,89596,12,,,0,18,,89587,12,,,0,88,,89592,12,,,0,96,,89601,12,,,0,88,,89600,12,,,0
600,'5462',632,,89630,12,,,0,78,,89643,12,,,0,95,,89613,12,,,0,25,,89641,12,,,0,80,,89615,12,,,0,21,,89605,12,,,0,78,,89625,12,,,0,15,,89652,12,,,0,16,,89614,12,,,0,72,,89645,12,,,0,15,,89629,12,,,0,15,,89604,12,,,0,70,,89606,12,,,0,12,,89608,12,,,0,12,,89648,12,,,0,12,,89632,12,,,0,64,,89607,12,,,0,12,,89618,12,,,0,12,,89609,12,,,0,12,,89612,12,,,0,64,,89631,12,,,0,12,,89610,12,,,0,12,,89611,12,,,0,12,,89619,12,,,0,64,,89622,12,,,0,12,,89649,12,,,0,12,,89633,12,,,0,12,,89623,12,,,0,64,,89621,12,,,0,12,,89620,12,,,0,12,,89617,12,,,0,12,,89647,12,,,0,64,,89616,12,,,0,12,,89627,12,,,0,12,,89626,12,,,0,12,,89653,12,,,0,65,,89638,12,,,0,15,,89624,12,,,0,15,,89628,12,,,0,72,,89634,12,,,0,17,,89640,12,,,0,18,,89635,12,,,0,74,,89636,12,,,0,17,,89639,12,,,0,74,,89644,12,,,0,17,,89646,12,,,0,18,,89637,12,,,0,88,,89642,12,,,0,96,,89651,12,,,0,88,,89650,12,,,0
600,'5463',632,,89680,12,,,0,78,,89693,12,,,0,95,,89663,12,,,0,25,,89691,12,,,0,80,,89665,12,,,0,21,,89655,12,,,0,78,,89675,12,,,0,15,,89702,12,,,0,16,,89664,12,,,0,72,,89695,12,,,0,15,,89679,12,,,0,15,,89654,12,,,0,70,,89656,12,,,0,12,,89658,12,,,0,12,,89698,12,,,0,12,,89682,12,,,0,64,,89657,12,,,0,12,,89668,12,,,0,12,,89659,12,,,0,12,,89662,12,,,0,64,,89681,12,,,0,12,,89660,12,,,0,12,,89661,12,,,0,12,,89669,12,,,0,64,,89672,12,,,0,12,,89699,12,,,0,12,,89683,12,,,0,12,,89673,12,,,0,64,,89671,12,,,0,12,,89670,12,,,0,12,,89667,12,,,0,12,,89697,12,,,0,64,,89666,12,,,0,12,,89677,12,,,0,12,,89676,12,,,0,12,,89703,12,,,0,65,,89688,12,,,0,15,,89674,12,,,0,15,,89678,12,,,0,72,,89684,12,,,0,17,,89690,12,,,0,18,,89685,12,,,0,74,,89686,12,,,0,17,,89689,12,,,0,74,,89694,12,,,0,17,,89696,12,,,0,18,,89687,12,,,0,88,,89692,12,,,0,96,,89701,12,,,0,88,,89700,12,,,0
1000600,'4832',740,,81691,12,,,0,110,,81692,12,,,0,101,,87301,12,,,0,105,,87293,12,,,0,101,,81686,12,,,0,143,,87294,12,,,0,100,,87302,12,,,0,100,,87295,12,,,0,100,,81687,12,,,0,100,,87296,12,,,0,100,,81690,12,,,0,58,,87297,12,,,0,150,,87298,12,,,0,50,,87299,12,,,0,152,,87300,12,,,0,94,,81695,12,,,0
1000600,'5453',740,,87310,12,,,0,110,,87311,12,,,0,101,,87316,12,,,0,105,,87303,12,,,0,101,,87305,12,,,0,143,,87304,12,,,0,100,,81752,12,,,0,100,,81739,12,,,0,100,,87306,12,,,0,100,,87307,12,,,0,100,,87309,12,,,0,58,,87308,12,,,0,150,,87312,12,,,0,50,,87313,12,,,0,152,,87315,12,,,0,94,,87314,12,,,0
1000600,'5456',605,,103443,12,,,0,98,,103445,12,,,0,49,,103444,12,,,0,81,,103446,12,,,0,78,,103451,12,,,0,48,,103447,12,,,0,86,,103448,12,,,0,88,,103449,12,,,0,89,,103450,12,,,0,89,,103452,12,,,0,90,,103453,12,,,0,42,,103454,12,,,0,80,,103455,12,,,0,28,,103456,12,,,0,71,,103457,12,,,0,30,,103458,12,,,0,69,,103459,12,,,0,29,,103460,12,,,0,72,,103461,12,,,0,85,,103462,12,,,0,96,,103463,12,,,0,53,,103464,12,,,0,94,,103465,12,,,0,109,,103466,12,,,0,98,,103467,12,,,0
1000600,'5458',605,,103468,12,,,0,98,,103470,12,,,0,49,,103469,12,,,0,81,,103471,12,,,0,78,,103476,12,,,0,48,,103472,12,,,0,86,,103473,12,,,0,88,,103474,12,,,0,89,,103475,12,,,0,89,,103477,12,,,0,90,,103478,12,,,0,42,,103479,12,,,0,80,,103480,12,,,0,28,,103481,12,,,0,71,,103482,12,,,0,30,,103483,12,,,0,69,,103484,12,,,0,29,,103485,12,,,0,72,,103486,12,,,0,85,,103487,12,,,0,96,,103488,12,,,0,53,,103489,12,,,0,94,,103490,12,,,0,109,,103491,12,,,0,98,,103492,12,,,0
1000600,'5459',648,,103493,12,,,0,99,,103494,12,,,0,111,,103495,12,,,0,98,,103496,12,,,0,103,,103497,12,,,0,89,,103498,12,,,0,89,,103499,12,,,0,88,,103500,12,,,0,86,,103501,12,,,0,40,,103502,12,,,0,82,,103503,12,,,0,81,,103504,12,,,0,41,,103506,12,,,0,97,,103505,12,,,0,100,,103507,12,,,0,97,,103508,12,,,0,105,,103509,12,,,0,92,,103510,12,,,0,164,,103511,12,,,0,95,,103512,12,,,0
1000600,'5460',740,,103521,12,,,0,110,,103522,12,,,0,101,,103527,12,,,0,105,,103513,12,,,0,101,,103516,12,,,0,143,,103514,12,,,0,100,,103528,12,,,0,100,,103515,12,,,0,100,,103517,12,,,0,100,,103518,12,,,0,100,,103520,12,,,0,58,,103519,12,,,0,150,,103523,12,,,0,50,,103524,12,,,0,152,,103526,12,,,0,94,,103525,12,,,0
1000600,'5461',740,,103537,12,,,0,110,,103538,12,,,0,101,,103543,12,,,0,105,,103529,12,,,0,101,,103532,12,,,0,143,,103530,12,,,0,100,,103544,12,,,0,100,,103531,12,,,0,100,,103533,12,,,0,100,,103534,12,,,0,100,,103536,12,,,0,58,,103535,12,,,0,150,,103539,12,,,0,50,,103540,12,,,0,152,,103542,12,,,0,94,,103541,12,,,0
1000600,'5462',740,,103553,12,,,0,110,,103554,12,,,0,101,,103559,12,,,0,105,,103545,12,,,0,101,,103548,12,,,0,143,,103546,12,,,0,100,,103560,12,,,0,100,,103547,12,,,0,100,,103549,12,,,0,100,,103550,12,,,0,100,,103552,12,,,0,58,,103551,12,,,0,150,,103555,12,,,0,50,,103556,12,,,0,152,,103558,12,,,0,94,,103557,12,,,0
1000600,'5463',740,,103569,12,,,0,110,,103570,12,,,0,101,,103575,12,,,0,105,,103561,12,,,0,101,,103564,12,,,0,143,,103562,12,,,0,100,,103576,12,,,0,100,,103563,12,,,0,100,,103565,12,,,0,100,,103566,12,,,0,100,,103568,12,,,0,58,,103567,12,,,0,150,,103571,12,,,0,50,,103572,12,,,0,152,,103574,12,,,0,94,,103573,12,,,0
2000600,'5456',636,,103857,12,,,0,92,,103860,12,,,0,85,,103858,12,,,0,39,,103861,12,,,0,83,,103859,12,,,0,87,,103862,12,,,0,88,,103863,12,,,0,47,,103865,12,,,0,89,,103864,12,,,0,90,,103866,12,,,0,87,,103867,12,,,0,80,,103869,12,,,0,33,,103868,12,,,0,72,,103870,12,,,0,30,,103871,12,,,0,68,,103872,12,,,0,30,,103873,12,,,0,71,,103874,12,,,0,37,,103875,12,,,0,89,,103876,12,,,0
2000600,'5458',636,,103877,12,,,0,92,,103880,12,,,0,85,,103878,12,,,0,39,,103881,12,,,0,83,,103879,12,,,0,87,,103882,12,,,0,88,,103883,12,,,0,47,,103885,12,,,0,89,,103884,12,,,0,90,,103886,12,,,0,87,,103887,12,,,0,80,,103889,12,,,0,33,,103888,12,,,0,72,,103890,12,,,0,30,,103891,12,,,0,68,,103892,12,,,0,30,,103893,12,,,0,71,,103894,12,,,0,37,,103895,12,,,0,89,,103896,12,,,0
