4700,'5456',618,,98600,10,,,0,21,,98598,10,,,0,63,,98599,10,,,0
4700,'5458',618,,98603,10,,,0,21,,98601,10,,,0,63,,98602,10,,,0
4701,'5456',1714,,98604,44,,,0,26,,98605,44,,,0,68,,98606,44,,,0
4701,'5458',1714,,98607,44,,,0,26,,98608,44,,,0,68,,98609,44,,,0
5800,'5456',624,,99746,2,,,0,30,,99745,2,,,0,79,,99740,2,,,0,79,,99739,2,,,0,25,,99747,2,,,0,72,,99737,2,,,0,43,,99738,2,,,0,86,,99741,2,,,0,85,,99742,2,,,0,85,,99743,2,,,0,45,,99744,2,,,0,87,,99748,2,,,0,86,,99749,2,,,0,19,,99758,2,,,0,65,,99750,2,,,0,16,,99759,2,,,0,27,,99751,2,,,0,91,,99752,2,,,0,88,,99753,2,,,0,85,,99754,2,,,0,85,,99760,2,,,0,146,,99755,2,,,0,110,,99756,2,,,0,148,,99757,2,,,0
5800,'5458',624,,99770,2,,,0,30,,99769,2,,,0,79,,99764,2,,,0,79,,99763,2,,,0,25,,99771,2,,,0,72,,99761,2,,,0,43,,99762,2,,,0,86,,99765,2,,,0,85,,99766,2,,,0,85,,99767,2,,,0,45,,99768,2,,,0,87,,99772,2,,,0,86,,99773,2,,,0,19,,99782,2,,,0,65,,99774,2,,,0,16,,99783,2,,,0,27,,99775,2,,,0,91,,99776,2,,,0,88,,99777,2,,,0,85,,99778,2,,,0,85,,99784,2,,,0,146,,99779,2,,,0,110,,99780,2,,,0,148,,99781,2,,,0
5800,'5459',657,,99797,2,,,0,100,,99798,2,,,0,100,,99799,2,,,0,146,,99800,2,,,0,105,,99795,2,,,0,105,,99796,2,,,0,100,,99794,2,,,0,111,,99792,2,,,0,100,,99793,2,,,0,110,,99791,2,,,0,99,,99786,2,,,0,105,,99787,2,,,0,100,,99788,2,,,0,105,,99789,2,,,0,114,,99790,2,,,0,150,,99785,2,,,0
5800,'5460',756,,99801,2,,,0,101,,99805,2,,,0,145,,99802,2,,,0,106,,99806,2,,,0,105,,99804,2,,,0,100,,99807,2,,,0,111,,99803,2,,,0,100,,99808,2,,,0,109,,99809,2,,,0,100,,99811,2,,,0,104,,99810,2,,,0,100,,99812,2,,,0,105,,99813,2,,,0,199,,99814,2,,,0
5800,'5461',756,,99815,2,,,0,101,,99819,2,,,0,145,,99816,2,,,0,106,,99820,2,,,0,105,,99818,2,,,0,100,,99821,2,,,0,111,,99817,2,,,0,100,,99822,2,,,0,109,,99823,2,,,0,100,,99825,2,,,0,104,,99824,2,,,0,100,,99826,2,,,0,105,,99827,2,,,0,199,,99828,2,,,0
5800,'5462',756,,99829,2,,,0,101,,99833,2,,,0,145,,99830,2,,,0,106,,99834,2,,,0,105,,99832,2,,,0,100,,99835,2,,,0,111,,99831,2,,,0,100,,99836,2,,,0,109,,99837,2,,,0,100,,99839,2,,,0,104,,99838,2,,,0,100,,99840,2,,,0,105,,99841,2,,,0,199,,99842,2,,,0
5800,'5463',756,,99843,2,,,0,101,,99847,2,,,0,145,,99844,2,,,0,106,,99848,2,,,0,105,,99846,2,,,0,100,,99849,2,,,0,111,,99845,2,,,0,100,,99850,2,,,0,109,,99851,2,,,0,100,,99853,2,,,0,104,,99852,2,,,0,100,,99854,2,,,0,105,,99855,2,,,0,199,,99856,2,,,0
