301,'5456',611,,88069,17,,,0,37,,88067,27,,,0,76,,88068,27,,,0,79,,88070,27,,,0,42,,88077,27,,,0,75,,88071,27,,,0,36,,88072,27,,,0,71,,88076,27,,,0,30,,88073,27,,,0,70,,88074,27,,,0,31,,88075,27,,,0,71,,88078,27,,,0,75,,88079,27,,,0,30,,88080,27,,,0,70,,88082,27,,,0,32,,88081,27,,,0,74,,88093,27,,,0,34,,88083,27,,,0,74,,88084,27,,,0,35,,88092,27,,,0,73,,88085,27,,,0,31,,88086,27,,,0,74,,88091,27,,,0,24,,88087,27,,,0,69,,88088,27,,,0,30,,88095,27,,,0,65,,88089,27,,,0,24,,88090,27,,,0,70,,88094,27,,,0
301,'5458',611,,88098,17,,,0,37,,88096,27,,,0,76,,88097,27,,,0,79,,88099,27,,,0,42,,88106,27,,,0,75,,88100,27,,,0,36,,88101,27,,,0,71,,88105,27,,,0,30,,88102,27,,,0,70,,88103,27,,,0,31,,88104,27,,,0,71,,88107,27,,,0,75,,88108,27,,,0,30,,88109,27,,,0,70,,88111,27,,,0,32,,88110,27,,,0,74,,88122,27,,,0,34,,88112,27,,,0,74,,88113,27,,,0,35,,88121,27,,,0,73,,88114,27,,,0,31,,88115,27,,,0,74,,88120,27,,,0,24,,88116,27,,,0,69,,88117,27,,,0,30,,88124,27,,,0,65,,88118,27,,,0,24,,88119,27,,,0,70,,88123,27,,,0
301,'5459',727,,88146,27,,,0,30,,88132,27,,,0,71,,88125,27,,,0,30,,88138,27,,,0,71,,88133,27,,,0,71,,88149,27,,,0,31,,88137,27,,,0,71,,88126,27,,,0,29,,88148,27,,,0,70,,88140,27,,,0,32,,88128,27,,,0,70,,88150,27,,,0,30,,88139,27,,,0,71,,88127,27,,,0,30,,88134,27,,,0,74,,88131,27,,,0,33,,88129,27,,,0,78,,88130,27,,,0,28,,88135,27,,,0,76,,88141,27,,,0,24,,88136,27,,,0,74,,88143,27,,,0,28,,88142,27,,,0,71,,88144,27,,,0,24,,88145,27,,,0,70,,88151,27,,,0,30,,88147,27,,,0,69,,88152,27,,,0
301,'5460',742,,88166,27,,,0,86,,88154,27,,,0,80,,88167,27,,,0,46,,88160,27,,,0,76,,88165,27,,,0,80,,88153,27,,,0,20,,88161,27,,,0,71,,88156,27,,,0,29,,88155,27,,,0,70,,88162,27,,,0,32,,88159,27,,,0,70,,88158,27,,,0,30,,88157,27,,,0,77,,88163,27,,,0,28,,88164,27,,,0,81,,88170,27,,,0,23,,88168,27,,,0,73,,88169,27,,,0,26,,88174,27,,,0,70,,88172,27,,,0,29,,88171,27,,,0,70,,88173,27,,,0,30,,88175,27,,,0,74,,88176,27,,,0
301,'5461',742,,88190,27,,,0,86,,88178,27,,,0,80,,88191,27,,,0,46,,88184,27,,,0,76,,88189,27,,,0,80,,88177,27,,,0,20,,88185,27,,,0,71,,88180,27,,,0,29,,88179,27,,,0,70,,88186,27,,,0,32,,88183,27,,,0,70,,88182,27,,,0,30,,88181,27,,,0,77,,88187,27,,,0,28,,88188,27,,,0,81,,88194,27,,,0,23,,88192,27,,,0,73,,88193,27,,,0,26,,88198,27,,,0,70,,88196,27,,,0,29,,88195,27,,,0,70,,88197,27,,,0,30,,88199,27,,,0,74,,88200,27,,,0
301,'5462',742,,88214,27,,,0,86,,88202,27,,,0,80,,88215,27,,,0,46,,88208,27,,,0,76,,88213,27,,,0,80,,88201,27,,,0,20,,88209,27,,,0,71,,88204,27,,,0,29,,88203,27,,,0,70,,88210,27,,,0,32,,88207,27,,,0,70,,88206,27,,,0,30,,88205,27,,,0,77,,88211,27,,,0,28,,88212,27,,,0,81,,88218,27,,,0,23,,88216,27,,,0,73,,88217,27,,,0,26,,88222,27,,,0,70,,88220,27,,,0,29,,88219,27,,,0,70,,88221,27,,,0,30,,88223,27,,,0,74,,88224,27,,,0
301,'5463',742,,88238,27,,,0,86,,88226,27,,,0,80,,88239,27,,,0,46,,88232,27,,,0,76,,88237,27,,,0,80,,88225,27,,,0,20,,88233,27,,,0,71,,88228,27,,,0,29,,88227,27,,,0,70,,88234,27,,,0,32,,88231,27,,,0,70,,88230,27,,,0,30,,88229,27,,,0,77,,88235,27,,,0,28,,88236,27,,,0,81,,88242,27,,,0,23,,88240,27,,,0,73,,88241,27,,,0,26,,88246,27,,,0,70,,88244,27,,,0,29,,88243,27,,,0,70,,88245,27,,,0,30,,88247,27,,,0,74,,88248,27,,,0
701,'5456',613,,90301,10,,,0,29,,90316,10,,,0,64,,90303,10,,,0,15,,90330,10,,,0,16,,90302,10,,,0,11,,90343,10,,,0,6,,90338,10,,,0,50,,90344,10,,,0,7,,90324,10,,,0,10,,90345,10,,,0,8,,90305,10,,,0,16,,90327,10,,,0,57,,90317,10,,,0,14,,90336,10,,,0,19,,90306,10,,,0,20,,90307,10,,,0,60,,90340,10,,,0,19,,90323,10,,,0,21,,90304,10,,,0,60,,90328,10,,,0,21,,90334,10,,,0,20,,90308,10,,,0,60,,90309,10,,,0,25,,90342,10,,,0,60,,90325,10,,,0,20,,90311,10,,,0,21,,90329,10,,,0,59,,90335,10,,,0,22,,90310,10,,,0,22,,90312,10,,,0,62,,90346,10,,,0,20,,90339,10,,,0,19,,90318,10,,,0,54,,90313,10,,,0,24,,90348,10,,,0,19,,90326,10,,,0,57,,90331,10,,,0,19,,90314,10,,,0,14,,90315,10,,,0,16,,90347,10,,,0,59,,90337,10,,,0,19,,90320,10,,,0,17,,90321,10,,,0,70,,90332,10,,,0,30,,90319,10,,,0,70,,90341,10,,,0,30,,90322,10,,,0,70,,90333,10,,,0
701,'5458',613,,90349,10,,,0,29,,90364,10,,,0,64,,90351,10,,,0,15,,90378,10,,,0,16,,90350,10,,,0,11,,90391,10,,,0,6,,90386,10,,,0,50,,90392,10,,,0,7,,90372,10,,,0,10,,90393,10,,,0,8,,90353,10,,,0,16,,90375,10,,,0,57,,90365,10,,,0,14,,90384,10,,,0,19,,90354,10,,,0,20,,90355,10,,,0,60,,90388,10,,,0,19,,90371,10,,,0,21,,90352,10,,,0,60,,90376,10,,,0,21,,90382,10,,,0,20,,90356,10,,,0,60,,90357,10,,,0,25,,90390,10,,,0,60,,90373,10,,,0,20,,90359,10,,,0,21,,90377,10,,,0,59,,90383,10,,,0,22,,90358,10,,,0,22,,90360,10,,,0,62,,90394,10,,,0,20,,90387,10,,,0,19,,90366,10,,,0,54,,90361,10,,,0,24,,90396,10,,,0,19,,90374,10,,,0,57,,90379,10,,,0,19,,90362,10,,,0,14,,90363,10,,,0,16,,90395,10,,,0,59,,90385,10,,,0,19,,90368,10,,,0,17,,90369,10,,,0,70,,90380,10,,,0,30,,90367,10,,,0,70,,90389,10,,,0,30,,90370,10,,,0,70,,90381,10,,,0
701,'5459',703,,90424,10,,,0,30,,90408,10,,,0,72,,90417,10,,,0,31,,90401,10,,,0,70,,90425,10,,,0,29,,90409,10,,,0,71,,90418,10,,,0,27,,90397,10,,,0,70,,90399,10,,,0,29,,90419,10,,,0,71,,90405,10,,,0,29,,90412,10,,,0,68,,90398,10,,,0,31,,90400,10,,,0,70,,90420,10,,,0,30,,90404,10,,,0,69,,90413,10,,,0,31,,90402,10,,,0,70,,90403,10,,,0,33,,90421,10,,,0,70,,90406,10,,,0,29,,90415,10,,,0,71,,90407,10,,,0,30,,90410,10,,,0,69,,90422,10,,,0,30,,90411,10,,,0,76,,90416,10,,,0,36,,90414,10,,,0,68,,90423,10,,,0
701,'5460',711,,90438,10,,,0,40,,90427,10,,,0,80,,90439,10,,,0,76,,90440,10,,,0,25,,90426,10,,,0,69,,90428,10,,,0,31,,90441,10,,,0,69,,90429,10,,,0,30,,90444,10,,,0,69,,90430,10,,,0,31,,90431,10,,,0,70,,90443,10,,,0,28,,90442,10,,,0,30,,90445,10,,,0,70,,90446,10,,,0,29,,90433,10,,,0,71,,90434,10,,,0,72,,90436,10,,,0,32,,90435,10,,,0,69,,90432,10,,,0,31,,90437,10,,,0,69,,90447,10,,,0,32,,90448,10,,,0,75,,90449,10,,,0,34,,90451,10,,,0,69,,90450,10,,,0
701,'5461',711,,90464,10,,,0,40,,90453,10,,,0,80,,90465,10,,,0,76,,90466,10,,,0,25,,90452,10,,,0,69,,90454,10,,,0,31,,90467,10,,,0,69,,90455,10,,,0,30,,90470,10,,,0,69,,90456,10,,,0,31,,90457,10,,,0,70,,90469,10,,,0,28,,90468,10,,,0,30,,90471,10,,,0,70,,90472,10,,,0,29,,90459,10,,,0,71,,90460,10,,,0,72,,90462,10,,,0,32,,90461,10,,,0,69,,90458,10,,,0,31,,90463,10,,,0,69,,90473,10,,,0,32,,90474,10,,,0,75,,90475,10,,,0,34,,90477,10,,,0,69,,90476,10,,,0
701,'5462',711,,90490,10,,,0,40,,90479,10,,,0,80,,90491,10,,,0,76,,90492,10,,,0,25,,90478,10,,,0,69,,90480,10,,,0,31,,90493,10,,,0,69,,90481,10,,,0,30,,90496,10,,,0,69,,90482,10,,,0,31,,90483,10,,,0,70,,90495,10,,,0,28,,90494,10,,,0,30,,90497,10,,,0,70,,90498,10,,,0,29,,90485,10,,,0,71,,90486,10,,,0,72,,90488,10,,,0,32,,90487,10,,,0,69,,90484,10,,,0,31,,90489,10,,,0,69,,90499,10,,,0,32,,90500,10,,,0,75,,90501,10,,,0,34,,90503,10,,,0,69,,90502,10,,,0
701,'5463',711,,90516,10,,,0,40,,90505,10,,,0,80,,90517,10,,,0,76,,90518,10,,,0,25,,90504,10,,,0,69,,90506,10,,,0,31,,90519,10,,,0,69,,90507,10,,,0,30,,90522,10,,,0,69,,90508,10,,,0,31,,90509,10,,,0,70,,90521,10,,,0,28,,90520,10,,,0,30,,90523,10,,,0,70,,90524,10,,,0,29,,90511,10,,,0,71,,90512,10,,,0,72,,90514,10,,,0,32,,90513,10,,,0,69,,90510,10,,,0,31,,90515,10,,,0,69,,90525,10,,,0,32,,90526,10,,,0,75,,90527,10,,,0,34,,90529,10,,,0,69,,90528,10,,,0
14000701,'5456',2144,,103974,15,,,0,72,,103978,15,,,0,29,,103973,15,,,0,70,,103976,15,,,0,36,,103975,15,,,0,68,,103977,15,,,0
14000701,'5458',2144,,103980,15,,,0,72,,103984,15,,,0,29,,103979,15,,,0,70,,103982,15,,,0,36,,103981,15,,,0,68,,103983,15,,,0
14000701,'5459',2145,,103985,15,,,0,72,,103986,15,,,0,30,,103988,15,,,0,69,,103987,15,,,0,36,,103989,15,,,0,67,,103990,15,,,0
14000701,'5460',2044,,103991,15,,,0,70,,103993,15,,,0,40,,103992,15,,,0,62,,103994,15,,,0,100,,103995,15,,,0,103,,103996,15,,,0
14000701,'5461',2044,,103997,15,,,0,70,,103999,15,,,0,40,,103998,15,,,0,62,,104000,15,,,0,100,,104001,15,,,0,103,,104002,15,,,0
14000701,'5462',2044,,104003,15,,,0,70,,104005,15,,,0,40,,104004,15,,,0,62,,104006,15,,,0,100,,104007,15,,,0,103,,104008,15,,,0
14000701,'5463',2044,,104009,15,,,0,70,,104011,15,,,0,40,,104010,15,,,0,62,,104012,15,,,0,100,,104013,15,,,0,103,,104014,15,,,0
