100,'5456',706,,87465,3,,,0,42,,87464,3,,,0,763,,87468,5,,,0,48,,87467,3,,,0,99,,87466,3,,,0
100,'5458',706,,87470,3,,,0,42,,87469,3,,,0,763,,87473,5,,,0,48,,87472,3,,,0,99,,87471,3,,,0
701,'4832',707,,65876,4,,,0,40,,65865,4,,,0,80,,65877,4,,,0,76,,65878,4,,,0,25,,65864,4,,,0,29,,65866,4,,,0,71,,65879,4,,,0,29,,65867,4,,,0,70,,65882,4,,,0,29,,65868,4,,,0,71,,65869,4,,,0,30,,82452,4,,,0,68,,82451,4,,,0,30,,65883,4,,,0,70,,82453,4,,,0,29,,65871,4,,,0,71,,82449,4,,,0,32,,65874,4,,,0,72,,65873,4,,,0,29,,65870,4,,,0,71,,82450,4,,,0,29,,65885,4,,,0,72,,65886,4,,,0,75,,65887,4,,,0,34,,65889,4,,,0,69,,65888,4,,,0
701,'5453',707,,78719,4,,,0,40,,78708,4,,,0,80,,78720,4,,,0,76,,78721,4,,,0,25,,78707,4,,,0,29,,78709,4,,,0,71,,82456,4,,,0,29,,78710,4,,,0,70,,78725,4,,,0,29,,78711,4,,,0,71,,78712,4,,,0,30,,78724,4,,,0,68,,82457,4,,,0,30,,78726,4,,,0,70,,82458,4,,,0,29,,78714,4,,,0,71,,82454,4,,,0,32,,78717,4,,,0,72,,78716,4,,,0,29,,78713,4,,,0,71,,82455,4,,,0,29,,78728,4,,,0,72,,78729,4,,,0,75,,78730,4,,,0,34,,82459,4,,,0,69,,78731,4,,,0
701,'5456',609,,90301,4,,,0,29,,90316,4,,,0,64,,90303,4,,,0,15,,90330,4,,,0,16,,90302,4,,,0,9,,90343,4,,,0,6,,90338,4,,,0,10,,90344,4,,,0,47,,90324,4,,,0,10,,90345,4,,,0,8,,90305,4,,,0,16,,90327,4,,,0,17,,90317,4,,,0,55,,90336,4,,,0,20,,90306,4,,,0,20,,90307,4,,,0,60,,90340,4,,,0,19,,90323,4,,,0,20,,90304,4,,,0,60,,90328,4,,,0,21,,90334,4,,,0,20,,90308,4,,,0,60,,90309,4,,,0,25,,90342,4,,,0,20,,90325,4,,,0,60,,90311,4,,,0,21,,90329,4,,,0,19,,90335,4,,,0,61,,90310,4,,,0,22,,90312,4,,,0,62,,90346,4,,,0,20,,90339,4,,,0,19,,90318,4,,,0,14,,90313,4,,,0,64,,90348,4,,,0,19,,90326,4,,,0,17,,90331,4,,,0,60,,90314,4,,,0,14,,90315,4,,,0,16,,90347,4,,,0,59,,90337,4,,,0,19,,90320,4,,,0,18,,90321,4,,,0,70,,90332,4,,,0,30,,90319,4,,,0,70,,90341,4,,,0,30,,90322,4,,,0,70,,90333,4,,,0
701,'5458',609,,90349,4,,,0,29,,90364,4,,,0,64,,90351,4,,,0,15,,90378,4,,,0,16,,90350,4,,,0,9,,90391,4,,,0,6,,90386,4,,,0,10,,90392,4,,,0,47,,90372,4,,,0,10,,90393,4,,,0,8,,90353,4,,,0,16,,90375,4,,,0,17,,90365,4,,,0,55,,90384,4,,,0,20,,90354,4,,,0,20,,90355,4,,,0,60,,90388,4,,,0,19,,90371,4,,,0,20,,90352,4,,,0,60,,90376,4,,,0,21,,90382,4,,,0,20,,90356,4,,,0,60,,90357,4,,,0,25,,90390,4,,,0,20,,90373,4,,,0,60,,90359,4,,,0,21,,90377,4,,,0,19,,90383,4,,,0,61,,90358,4,,,0,22,,90360,4,,,0,62,,90394,4,,,0,20,,90387,4,,,0,19,,90366,4,,,0,14,,90361,4,,,0,64,,90396,4,,,0,19,,90374,4,,,0,17,,90379,4,,,0,60,,90362,4,,,0,14,,90363,4,,,0,16,,90395,4,,,0,59,,90385,4,,,0,19,,90368,4,,,0,18,,90369,4,,,0,70,,90380,4,,,0,30,,90367,4,,,0,70,,90389,4,,,0,30,,90370,4,,,0,70,,90381,4,,,0
701,'5459',659,,90424,4,,,0,70,,90408,4,,,0,72,,90417,4,,,0,31,,90401,4,,,0,70,,90425,4,,,0,29,,90409,4,,,0,71,,90418,4,,,0,27,,90397,4,,,0,30,,90399,4,,,0,69,,90419,4,,,0,31,,90405,4,,,0,69,,90412,4,,,0,28,,90398,4,,,0,70,,90400,4,,,0,30,,90420,4,,,0,70,,90404,4,,,0,30,,90413,4,,,0,71,,90402,4,,,0,30,,90403,4,,,0,73,,90421,4,,,0,70,,90406,4,,,0,29,,90415,4,,,0,71,,90407,4,,,0,30,,90410,4,,,0,29,,90422,4,,,0,70,,90411,4,,,0,76,,90416,4,,,0,36,,90414,4,,,0,68,,90423,4,,,0
701,'5460',707,,90438,4,,,0,40,,90427,4,,,0,80,,90439,4,,,0,76,,90440,4,,,0,25,,90426,4,,,0,29,,90428,4,,,0,71,,90441,4,,,0,29,,90429,4,,,0,70,,90444,4,,,0,29,,90430,4,,,0,71,,90431,4,,,0,30,,90443,4,,,0,68,,90442,4,,,0,30,,90445,4,,,0,70,,90446,4,,,0,29,,90433,4,,,0,71,,90434,4,,,0,32,,90436,4,,,0,72,,90435,4,,,0,29,,90432,4,,,0,71,,90437,4,,,0,29,,90447,4,,,0,72,,90448,4,,,0,75,,90449,4,,,0,34,,90451,4,,,0,69,,90450,4,,,0
701,'5461',707,,90464,4,,,0,40,,90453,4,,,0,80,,90465,4,,,0,76,,90466,4,,,0,25,,90452,4,,,0,29,,90454,4,,,0,71,,90467,4,,,0,29,,90455,4,,,0,70,,90470,4,,,0,29,,90456,4,,,0,71,,90457,4,,,0,30,,90469,4,,,0,68,,90468,4,,,0,30,,90471,4,,,0,70,,90472,4,,,0,29,,90459,4,,,0,71,,90460,4,,,0,32,,90462,4,,,0,72,,90461,4,,,0,29,,90458,4,,,0,71,,90463,4,,,0,29,,90473,4,,,0,72,,90474,4,,,0,75,,90475,4,,,0,34,,90477,4,,,0,69,,90476,4,,,0
701,'5462',707,,90490,4,,,0,40,,90479,4,,,0,80,,90491,4,,,0,76,,90492,4,,,0,25,,90478,4,,,0,29,,90480,4,,,0,71,,90493,4,,,0,29,,90481,4,,,0,70,,90496,4,,,0,29,,90482,4,,,0,71,,90483,4,,,0,30,,90495,4,,,0,68,,90494,4,,,0,30,,90497,4,,,0,70,,90498,4,,,0,29,,90485,4,,,0,71,,90486,4,,,0,32,,90488,4,,,0,72,,90487,4,,,0,29,,90484,4,,,0,71,,90489,4,,,0,29,,90499,4,,,0,72,,90500,4,,,0,75,,90501,4,,,0,34,,90503,4,,,0,69,,90502,4,,,0
701,'5463',707,,90516,4,,,0,40,,90505,4,,,0,80,,90517,4,,,0,76,,90518,4,,,0,25,,90504,4,,,0,29,,90506,4,,,0,71,,90519,4,,,0,29,,90507,4,,,0,70,,90522,4,,,0,29,,90508,4,,,0,71,,90509,4,,,0,30,,90521,4,,,0,68,,90520,4,,,0,30,,90523,4,,,0,70,,90524,4,,,0,29,,90511,4,,,0,71,,90512,4,,,0,32,,90514,4,,,0,72,,90513,4,,,0,29,,90510,4,,,0,71,,90515,4,,,0,29,,90525,4,,,0,72,,90526,4,,,0,75,,90527,4,,,0,34,,90529,4,,,0,69,,90528,4,,,0
14000701,'4832',2038,,77705,4,,,0,70,,77707,4,,,0,40,,77706,4,,,0,62,,77708,4,,,0,100,,77709,4,,,0,103,,77710,4,,,0
14000701,'5453',2038,,81930,4,,,0,70,,81932,4,,,0,40,,81931,4,,,0,62,,81933,4,,,0,100,,81934,4,,,0,103,,81935,4,,,0
14000701,'5456',2137,,103974,4,,,0,72,,103978,4,,,0,29,,103973,4,,,0,70,,103976,4,,,0,37,,103975,4,,,0,68,,103977,4,,,0
14000701,'5458',2137,,103980,4,,,0,72,,103984,4,,,0,29,,103979,4,,,0,70,,103982,4,,,0,37,,103981,4,,,0,68,,103983,4,,,0
14000701,'5459',2138,,103985,4,,,0,72,,103986,4,,,0,30,,103988,4,,,0,70,,103987,4,,,0,36,,103989,4,,,0,67,,103990,4,,,0
14000701,'5460',2038,,103991,4,,,0,70,,103993,4,,,0,40,,103992,4,,,0,62,,103994,4,,,0,100,,103995,4,,,0,103,,103996,4,,,0
14000701,'5461',2038,,103997,4,,,0,70,,103999,4,,,0,40,,103998,4,,,0,62,,104000,4,,,0,100,,104001,4,,,0,103,,104002,4,,,0
14000701,'5462',2038,,104003,4,,,0,70,,104005,4,,,0,40,,104004,4,,,0,62,,104006,4,,,0,100,,104007,4,,,0,103,,104008,4,,,0
14000701,'5463',2038,,104009,4,,,0,70,,104011,4,,,0,40,,104010,4,,,0,62,,104012,4,,,0,100,,104013,4,,,0,103,,104014,4,,,0
