1701,'5456',1458,,93603,2,,,0
1701,'5458',1458,,93604,2,,,0
2401,'4832',750,,83680,2,,,0,170,,83681,2,,,0,129,,83682,2,,,0,167,,83683,2,,,0,131,,83684,2,,,0,172,,83685,2,,,0,131,,83686,2,,,0,170,,83687,2,,,0,131,,83688,2,,,0,165,,83689,2,,,0,130,,83690,2,,,0
2401,'5453',750,,83691,2,,,0,170,,83692,2,,,0,129,,83693,2,,,0,167,,83694,2,,,0,131,,83695,2,,,0,172,,83696,2,,,0,131,,83697,2,,,0,170,,83698,2,,,0,131,,83699,2,,,0,165,,83700,2,,,0,130,,83701,2,,,0
2401,'5456',456,,94538,2,,,0,90,,94539,2,,,0,86,,94540,2,,,0,84,,94541,2,,,0,31,,94542,2,,,0,95,,94543,2,,,0,108,,94544,2,,,0,100,,94545,2,,,0,99,,94546,2,,,0,100,,94547,2,,,0,151,,94548,2,,,0,56,,94549,2,,,0,91,,94550,2,,,0,91,,94551,2,,,0,80,,94552,2,,,0,92,,94553,2,,,0,46,,94554,2,,,0,144,,94555,2,,,0,115,,94556,2,,,0,132,,94557,2,,,0,162,,94558,2,,,0
2401,'5458',456,,94559,2,,,0,90,,94560,2,,,0,86,,94561,2,,,0,84,,94562,2,,,0,31,,94563,2,,,0,95,,94564,2,,,0,108,,94565,2,,,0,100,,94566,2,,,0,99,,94567,2,,,0,100,,94568,2,,,0,151,,94569,2,,,0,56,,94570,2,,,0,91,,94571,2,,,0,91,,94572,2,,,0,80,,94573,2,,,0,92,,94574,2,,,0,46,,94575,2,,,0,144,,94576,2,,,0,115,,94577,2,,,0,132,,94578,2,,,0,162,,94579,2,,,0
2401,'5459',644,,94586,2,,,0,106,,94585,2,,,0,103,,94587,2,,,0,100,,94583,2,,,0,100,,94580,2,,,0,98,,94581,2,,,0,95,,94582,2,,,0,100,,94589,2,,,0,98,,94584,2,,,0,103,,94588,2,,,0,104,,94590,2,,,0,169,,94591,2,,,0,125,,94592,2,,,0,170,,94593,2,,,0,131,,94594,2,,,0,163,,94595,2,,,0
2401,'5460',750,,94596,2,,,0,170,,94597,2,,,0,129,,94598,2,,,0,167,,94599,2,,,0,131,,94600,2,,,0,172,,94601,2,,,0,131,,94602,2,,,0,170,,94603,2,,,0,131,,94604,2,,,0,165,,94605,2,,,0,130,,94606,2,,,0
2401,'5461',750,,94607,2,,,0,170,,94608,2,,,0,129,,94609,2,,,0,167,,94610,2,,,0,131,,94611,2,,,0,172,,94612,2,,,0,131,,94613,2,,,0,170,,94614,2,,,0,131,,94615,2,,,0,165,,94616,2,,,0,130,,94617,2,,,0
2401,'5462',750,,94618,2,,,0,170,,94619,2,,,0,129,,94620,2,,,0,167,,94621,2,,,0,131,,94622,2,,,0,172,,94623,2,,,0,131,,94624,2,,,0,170,,94625,2,,,0,131,,94626,2,,,0,165,,94627,2,,,0,130,,94628,2,,,0
2401,'5463',750,,94629,2,,,0,170,,94630,2,,,0,129,,94631,2,,,0,167,,94632,2,,,0,131,,94633,2,,,0,172,,94634,2,,,0,131,,94635,2,,,0,170,,94636,2,,,0,131,,94637,2,,,0,165,,94638,2,,,0,130,,94639,2,,,0
