7101,'5456',604,,101073,14,,,0,30,,101074,14,,,0,86,,101075,14,,,0
7101,'5458',604,,101076,14,,,0,30,,101077,14,,,0,86,,101078,14,,,0
7201,'5456',540,,101280,14,,,0,80,,101283,14,,,0,30,,101281,14,,,0,70,,101285,14,,,0,31,,101295,14,,,0,61,,101290,14,,,0,27,,101282,14,,,0,70,,101284,14,,,0,30,,101288,14,,,0,70,,101286,14,,,0,30,,101287,14,,,0,73,,101294,14,,,0,30,,101289,14,,,0,70,,101291,14,,,0,30,,101292,14,,,0,70,,101299,14,,,0,30,,101302,14,,,0,71,,101293,14,,,0,30,,101304,14,,,0,70,,101308,14,,,0,15,,101309,10,0,13 14,0,16,,101296,14,,,0,68,,101297,14,,,0,31,,101303,14,,,0,71,,101311,14,,,0,30,,101298,14,,,0,70,,101305,14,,,0,30,,101307,14,,,0,69,,101300,14,,,0,30,,101301,14,,,0,70,,101310,14,,,0,30,,101312,14,,,0,70,,101306,14,,,0
7201,'5457',1423,,101313,10,,,0
7201,'5458',540,,101314,14,,,0,80,,101317,14,,,0,30,,101315,14,,,0,70,,101319,14,,,0,31,,101330,14,,,0,61,,101324,14,,,0,27,,101316,14,,,0,70,,101318,14,,,0,30,,101322,14,,,0,70,,101320,14,,,0,30,,101321,14,,,0,73,,101329,14,,,0,30,,101323,14,,,0,70,,101325,14,,,0,30,,101326,14,,,0,70,,101334,14,,,0,30,,101337,14,,,0,71,,101328,14,,,0,10,,101327,10,,,0,20,,101339,14,,,0,70,,101343,14,,,0,15,,101344,10,0,13 14,0,16,,101331,14,,,0,68,,101332,14,,,0,31,,101338,14,,,0,71,,101346,14,,,0,30,,101333,14,,,0,70,,101340,14,,,0,30,,101342,14,,,0,69,,101335,14,,,0,30,,101336,14,,,0,70,,101345,14,,,0,30,,101347,14,,,0,70,,101341,14,,,0
7201,'5459',608,,101376,14,,,0,101,,101349,14,,,0,100,,101350,14,,,0,33,,101351,14,,,0,70,,101352,14,,,0,30,,101353,14,,,0,70,,101354,14,,,0,30,,101355,14,,,0,70,,101356,14,,,0,30,,101357,14,,,0,70,,101348,14,,,0,30,,101358,14,,,0,70,,101359,14,,,0,30,,101360,14,,,0,75,,101361,14,,,0,30,,101362,14,,,0,70,,101363,14,,,0,30,,101364,14,,,0,70,,101365,14,,,0,25,,101366,14,,,0,70,,101367,14,,,0,30,,101368,14,,,0,69,,101369,14,,,0,30,,101370,14,,,0,70,,101371,14,,,0,30,,101372,14,,,0,70,,101373,14,,,0,30,,101374,14,,,0,70,,101375,14,,,0
7201,'5460',709,,101378,14,,,0,100,,101379,14,,,0,100,,101380,14,,,0,103,,101381,14,,,0,100,,101383,14,,,0,30,,101384,14,,,0,70,,101377,14,,,0,30,,101382,14,,,0,70,,101385,14,,,0,30,,101387,14,,,0,70,,101388,14,,,0,30,,101389,14,,,0,70,,101386,14,,,0,30,,101390,14,,,0,70,,101391,14,,,0,30,,101392,14,,,0,74,,101393,14,,,0,28,,101394,14,,,0,72,,101395,14,,,0,30,,101396,14,,,0,70,,101398,14,,,0,30,,101397,14,,,0,70,,101399,14,,,0,30,,101400,14,,,0,70,,101401,14,,,0
7201,'5461',709,,101403,14,,,0,100,,101404,14,,,0,100,,101405,14,,,0,103,,101406,14,,,0,100,,101408,14,,,0,30,,101409,14,,,0,70,,101402,14,,,0,30,,101407,14,,,0,70,,101410,14,,,0,30,,101412,14,,,0,70,,101413,14,,,0,30,,101414,14,,,0,70,,101411,14,,,0,30,,101415,14,,,0,70,,101416,14,,,0,30,,101417,14,,,0,74,,101418,14,,,0,28,,101419,14,,,0,72,,101420,14,,,0,30,,101421,14,,,0,70,,101423,14,,,0,30,,101422,14,,,0,70,,101424,14,,,0,30,,101425,14,,,0,70,,101426,14,,,0
7201,'5462',709,,101428,14,,,0,100,,101429,14,,,0,100,,101430,14,,,0,103,,101431,14,,,0,100,,101433,14,,,0,30,,101434,14,,,0,70,,101427,14,,,0,30,,101432,14,,,0,70,,101435,14,,,0,30,,101437,14,,,0,70,,101438,14,,,0,30,,101439,14,,,0,70,,101436,14,,,0,30,,101440,14,,,0,70,,101441,14,,,0,30,,101442,14,,,0,74,,101443,14,,,0,28,,101444,14,,,0,72,,101445,14,,,0,30,,101446,14,,,0,70,,101448,14,,,0,30,,101447,14,,,0,70,,101449,14,,,0,30,,101450,14,,,0,70,,101451,14,,,0
7201,'5463',709,,101453,14,,,0,100,,101454,14,,,0,100,,101455,14,,,0,103,,101456,14,,,0,100,,101458,14,,,0,30,,101459,14,,,0,70,,101452,14,,,0,30,,101457,14,,,0,70,,101460,14,,,0,30,,101462,14,,,0,70,,101463,14,,,0,30,,101464,14,,,0,70,,101461,14,,,0,30,,101465,14,,,0,70,,101466,14,,,0,30,,101467,14,,,0,74,,101468,14,,,0,28,,101469,14,,,0,72,,101470,14,,,0,30,,101471,14,,,0,70,,101473,14,,,0,30,,101472,14,,,0,70,,101474,14,,,0,30,,101475,14,,,0,70,,101476,14,,,0
8500,'5456',715,,102124,47,,,0,98,,102125,47,,,0,200,,102126,47,,,0,201,,102127,47,,,0,200,,102128,47,,,0,200,,102129,47,,,0,198,,102130,47,,,0,199,,102131,47,,,0
8500,'5458',715,,102132,47,,,0,98,,102133,47,,,0,200,,102134,47,,,0,201,,102135,47,,,0,200,,102136,47,,,0,200,,102137,47,,,0,198,,102138,47,,,0,199,,102139,47,,,0
8500,'5459',920,,102141,47,,,0,300,,102142,47,,,0,306,,102143,47,,,0,299,,102140,47,,,0
8500,'5460',920,,102146,47,,,0,300,,102147,47,,,0,306,,102144,47,,,0,299,,102145,47,,,0
8500,'5461',920,,102150,47,,,0,300,,102151,47,,,0,306,,102148,47,,,0,299,,102149,47,,,0
8500,'5462',920,,102154,47,,,0,300,,102155,47,,,0,306,,102152,47,,,0,299,,102153,47,,,0
8500,'5463',920,,102158,47,,,0,300,,102159,47,,,0,306,,102156,47,,,0,299,,102157,47,,,0
8700,'5456',751,,102160,43,,,0,202,,102161,43,,,0,201,,102162,43,,,0,205,,102164,36,,,0,195,,102165,43,,,0,200,,102166,43,,,0
8700,'5458',751,,102167,43,,,0,202,,102168,43,,,0,201,,102169,43,,,0,205,,102171,36,,,0,195,,102172,43,,,0,200,,102173,43,,,0
8800,'5456',852,,102186,17,,,0,201,,102187,17,,,0,201,,102188,17,,,0,200,,102189,17,,,0,200,,102190,17,,,0,205,,102191,17,,,0
8800,'5458',852,,102192,17,,,0,201,,102193,17,,,0,201,,102194,17,,,0,200,,102195,17,,,0,200,,102196,17,,,0,205,,102197,17,,,0
8800,'5459',827,,102206,17,,,0,99,,102207,17,,,0,100,,102208,17,,,0,100,,102209,17,,,0,100,,102210,17,,,0,99,,102211,17,,,0,100,,102202,17,,,0,100,,102203,17,,,0,100,,102204,17,,,0,100,,102205,17,,,0,98,,102199,17,,,0,99,,102200,17,,,0,101,,102201,17,,,0,100,,102198,17,,,0
8800,'5460',827,,102217,17,,,0,94,,102218,17,,,0,101,,102219,17,,,0,101,,102220,17,,,0,101,,102221,17,,,0,100,,102222,17,,,0,99,,102213,17,,,0,99,,102214,17,,,0,100,,102215,17,,,0,101,,102216,17,,,0,101,,102224,17,,,0,99,,102225,17,,,0,99,,102212,17,,,0,98,,102223,17,,,0
8800,'5461',827,,102231,17,,,0,94,,102232,17,,,0,101,,102233,17,,,0,101,,102234,17,,,0,101,,102235,17,,,0,100,,102236,17,,,0,99,,102227,17,,,0,99,,102228,17,,,0,100,,102229,17,,,0,101,,102230,17,,,0,101,,102238,17,,,0,99,,102239,17,,,0,99,,102226,17,,,0,98,,102237,17,,,0
8800,'5462',827,,102245,17,,,0,94,,102246,17,,,0,101,,102247,17,,,0,101,,102248,17,,,0,101,,102249,17,,,0,100,,102250,17,,,0,99,,102241,17,,,0,99,,102242,17,,,0,100,,102243,17,,,0,101,,102244,17,,,0,101,,102252,17,,,0,99,,102253,17,,,0,99,,102240,17,,,0,98,,102251,17,,,0
8800,'5463',827,,102259,17,,,0,94,,102260,17,,,0,101,,102261,17,,,0,101,,102262,17,,,0,101,,102263,17,,,0,100,,102264,17,,,0,99,,102255,17,,,0,99,,102256,17,,,0,100,,102257,17,,,0,101,,102258,17,,,0,101,,102266,17,,,0,99,,102267,17,,,0,99,,102254,17,,,0,98,,102265,17,,,0
1007201,'5456',2211,,103776,14,,,0,99,,103778,14,,,0,100,,103777,14,,,0
1007201,'5458',2211,,103779,14,,,0,99,,103781,14,,,0,100,,103780,14,,,0
1007201,'5459',2211,,103782,14,,,0,99,,103783,14,,,0,100,,103784,14,,,0
1007201,'5460',2211,,103785,14,,,0,100,,103786,14,,,0
1007201,'5461',2211,,103787,14,,,0,100,,103788,14,,,0
1007201,'5462',2211,,103789,14,,,0,100,,103790,14,,,0
1007201,'5463',2211,,103791,14,,,0,100,,103792,14,,,0
