4700,'5456',616,,98600,7,,,0,21,,98598,7,,,0,63,,98599,7,,,0
4700,'5458',616,,98603,7,,,0,21,,98601,7,,,0,63,,98602,7,,,0
4701,'5456',1711,,98604,41,,,0,26,,98605,41,,,0,69,,98606,41,,,0
4701,'5458',1711,,98607,41,,,0,26,,98608,41,,,0,69,,98609,41,,,0
5801,'5456',622,,99866,12,,,0,30,,99865,12,,,0,78,,99860,12,,,0,79,,99858,12,,,0,25,,99867,13,,,0,72,,99857,12,,,0,43,,99859,12,,,0,87,,99861,12,,,0,85,,99862,12,,,0,85,,99863,12,,,0,45,,99864,12,,,0,86,,99868,12,,,0,86,,99869,12,,,0,19,,99879,12,,,0,65,,99870,12,,,0,16,,99880,12,,,0,27,,99871,12,,,0,91,,99872,12,,,0,88,,99873,12,,,0,85,,99874,12,,,0,86,,99881,12,,,0,146,,99875,12,,,0,110,,99876,12,,,0,149,,99877,12,,,0
5801,'5458',622,,99891,12,,,0,30,,99890,12,,,0,78,,99885,12,,,0,79,,99883,12,,,0,25,,99892,13,,,0,72,,99882,12,,,0,43,,99884,12,,,0,87,,99886,12,,,0,85,,99887,12,,,0,85,,99888,12,,,0,45,,99889,12,,,0,86,,99893,12,,,0,86,,99894,12,,,0,19,,99904,12,,,0,65,,99895,12,,,0,16,,99905,12,,,0,27,,99896,12,,,0,91,,99897,12,,,0,88,,99898,12,,,0,85,,99899,12,,,0,86,,99906,12,,,0,146,,99900,12,,,0,110,,99901,12,,,0,149,,99902,12,,,0
5801,'5459',655,,99919,12,,,0,100,,99920,12,,,0,100,,99921,12,,,0,146,,99922,12,,,0,105,,99918,12,,,0,105,,99917,12,,,0,100,,99916,12,,,0,110,,99915,12,,,0,100,,99913,12,,,0,110,,99914,12,,,0,100,,99908,12,,,0,105,,99909,12,,,0,100,,99910,12,,,0,105,,99911,12,,,0,114,,99912,12,,,0,150,,99907,12,,,0
5801,'5460',754,,99923,12,,,0,101,,99929,12,,,0,145,,99927,12,,,0,106,,99930,12,,,0,105,,99925,12,,,0,100,,99928,12,,,0,110,,99924,12,,,0,100,,99931,12,,,0,110,,99926,12,,,0,100,,99934,12,,,0,104,,99933,12,,,0,100,,99935,12,,,0,105,,99936,12,,,0,199,,99932,12,,,0
5801,'5461',754,,99937,12,,,0,101,,99943,12,,,0,145,,99941,12,,,0,106,,99944,12,,,0,105,,99939,12,,,0,100,,99942,12,,,0,110,,99938,12,,,0,100,,99945,12,,,0,110,,99940,12,,,0,100,,99948,12,,,0,104,,99947,12,,,0,100,,99949,12,,,0,105,,99950,12,,,0,199,,99946,12,,,0
5801,'5462',754,,99951,12,,,0,101,,99957,12,,,0,145,,99955,12,,,0,106,,99958,12,,,0,105,,99953,12,,,0,100,,99956,12,,,0,110,,99952,12,,,0,100,,99959,12,,,0,110,,99954,12,,,0,100,,99962,12,,,0,104,,99961,12,,,0,100,,99963,12,,,0,105,,99964,12,,,0,199,,99960,12,,,0
5801,'5463',754,,99965,12,,,0,101,,99971,12,,,0,145,,99969,12,,,0,106,,99972,12,,,0,105,,99967,12,,,0,100,,99970,12,,,0,110,,99966,12,,,0,100,,99973,12,,,0,110,,99968,12,,,0,100,,99976,12,,,0,104,,99975,12,,,0,100,,99977,12,,,0,105,,99978,12,,,0,199,,99974,12,,,0
