2401,'5456',524,,94538,42,,,0,93,,94539,42,,,0,90,,94540,42,,,0,46,,94541,42,,,0,74,,94542,42,,,0,96,,94543,42,,,0,105,,94544,42,,,0,100,,94545,42,,,0,101,,94546,42,,,0,100,,94547,42,,,0,113,,94548,42,,,0,107,,94549,42,,,0,87,,94550,42,,,0,87,,94551,42,,,0,34,,94552,42,,,0,89,,94553,42,,,0,85,,94554,42,,,0,102,,94555,42,,,0,115,,94556,42,,,0,168,,94557,42,,,0,120,,94558,42,,,0
2401,'5458',524,,94559,42,,,0,93,,94560,42,,,0,90,,94561,42,,,0,46,,94562,42,,,0,74,,94563,42,,,0,96,,94564,42,,,0,105,,94565,42,,,0,100,,94566,42,,,0,101,,94567,42,,,0,100,,94568,42,,,0,113,,94569,42,,,0,107,,94570,42,,,0,87,,94571,42,,,0,87,,94572,42,,,0,34,,94573,42,,,0,89,,94574,42,,,0,85,,94575,42,,,0,102,,94576,42,,,0,115,,94577,42,,,0,168,,94578,42,,,0,120,,94579,42,,,0
2401,'5459',714,,94586,42,,,0,108,,94585,42,,,0,105,,94587,42,,,0,100,,94583,42,,,0,103,,94580,42,,,0,98,,94581,42,,,0,95,,94582,42,,,0,101,,94589,42,,,0,98,,94584,42,,,0,102,,94588,42,,,0,104,,94590,42,,,0,127,,94591,42,,,0,164,,94592,42,,,0,130,,94593,42,,,0,170,,94594,42,,,0,118,,94595,42,,,0
2401,'5460',821,,94596,42,,,0,130,,94597,42,,,0,174,,94598,42,,,0,127,,94599,42,,,0,172,,94600,42,,,0,132,,94601,42,,,0,169,,94602,42,,,0,128,,94603,42,,,0,169,,94604,42,,,0,125,,94605,42,,,0,168,,94606,42,,,0
2401,'5461',821,,94607,42,,,0,130,,94608,42,,,0,174,,94609,42,,,0,127,,94610,42,,,0,172,,94611,42,,,0,132,,94612,42,,,0,169,,94613,42,,,0,128,,94614,42,,,0,169,,94615,42,,,0,125,,94616,42,,,0,168,,94617,42,,,0
2401,'5462',821,,94618,42,,,0,130,,94619,42,,,0,174,,94620,42,,,0,127,,94621,42,,,0,172,,94622,42,,,0,132,,94623,42,,,0,169,,94624,42,,,0,128,,94625,42,,,0,169,,94626,42,,,0,125,,94627,42,,,0,168,,94628,42,,,0
2401,'5463',821,,94629,42,,,0,130,,94630,42,,,0,174,,94631,42,,,0,127,,94632,42,,,0,172,,94633,42,,,0,132,,94634,42,,,0,169,,94635,42,,,0,128,,94636,42,,,0,169,,94637,42,,,0,125,,94638,42,,,0,168,,94639,42,,,0
2501,'5456',651,,94739,59,,,0,81,,94740,59,,,0,81,,94741,59,0,6 7,0,39,,94744,59,,,0,150,,94742,59,,,0,101,,94743,59,,,0,101,,94745,59,,,0,100,,94746,59,,,0,100,,94747,59,,,0,117,,94748,59,,,0,94,,94749,59,,,0,93,,94750,59,,,0,37,,94751,59,,,0,83,,94752,59,,,0,83,,94753,59,,,0,92,,94754,59,,,0,103,,94755,59,,,0,130,,94756,59,,,0,169,,94757,59,,,0
2501,'5458',651,,94758,59,,,0,81,,94759,59,,,0,81,,94760,59,0,6 7,0,39,,94763,59,,,0,150,,94761,59,,,0,101,,94762,59,,,0,101,,94764,59,,,0,100,,94765,59,,,0,100,,94766,59,,,0,117,,94767,59,,,0,94,,94768,59,,,0,93,,94769,59,,,0,37,,94770,59,,,0,83,,94771,59,,,0,83,,94772,59,,,0,92,,94773,59,,,0,103,,94774,59,,,0,130,,94775,59,,,0,169,,94776,59,,,0
2501,'5459',754,,94780,59,,,0,101,,94777,59,,,0,146,,94779,59,,,0,103,,94778,59,,,0,99,,94786,59,,,0,55,,94783,59,,,0,100,,94782,59,,,0,99,,94781,59,,,0,100,,94784,59,,,0,101,,94785,59,,,0,158,,94787,59,,,0,127,,94788,59,,,0,165,,94789,59,,,0,129,,94790,59,,,0,169,,94791,59,,,0
2501,'5460',910,,94793,59,,,0,132,,94792,59,,,0,170,,94794,59,,,0,131,,94795,59,,,0,172,,94796,59,,,0,131,,94797,59,,,0,167,,94798,59,,,0,129,,94799,59,,,0,169,,94800,59,,,0,124,,94801,59,,,0,169,,94802,59,,,0
2501,'5461',910,,94804,59,,,0,132,,94803,59,,,0,170,,94805,59,,,0,131,,94806,59,,,0,172,,94807,59,,,0,131,,94808,59,,,0,167,,94809,59,,,0,129,,94810,59,,,0,169,,94811,59,,,0,124,,94812,59,,,0,169,,94813,59,,,0
2501,'5462',910,,94815,59,,,0,132,,94814,59,,,0,170,,94816,59,,,0,131,,94817,59,,,0,172,,94818,59,,,0,131,,94819,59,,,0,167,,94820,59,,,0,129,,94821,59,,,0,169,,94822,59,,,0,124,,94823,59,,,0,169,,94824,59,,,0
2501,'5463',910,,94826,59,,,0,132,,94825,59,,,0,170,,94827,59,,,0,131,,94828,59,,,0,172,,94829,59,,,0,131,,94830,59,,,0,167,,94831,59,,,0,129,,94832,59,,,0,169,,94833,59,,,0,124,,94834,59,,,0,169,,94835,59,,,0
4000,'5456',638,,98352,11,,,0,81,,98353,11,,,0,27,,98351,11,,,0,65,,98350,11,,,0,108,,98345,11,,,0,103,,98346,11,,,0,98,,98343,11,,,0,101,,98348,11,,,0,99,,98339,11,,,0,98,,98347,11,,,0,100,,98338,11,,,0,82,,98337,11,,,0,31,,98344,11,,,0,69,,98336,11,,,0,35,,98341,11,,,0,95,,98349,11,,,0,102,,98340,11,,,0,170,,98342,11,,,0,343,,98335,11,,,0
4000,'5458',638,,98371,11,,,0,81,,98372,11,,,0,27,,98370,11,,,0,65,,98369,11,,,0,108,,98364,11,,,0,103,,98365,11,,,0,98,,98362,11,,,0,101,,98367,11,,,0,99,,98358,11,,,0,98,,98366,11,,,0,100,,98357,11,,,0,82,,98356,11,,,0,31,,98363,11,,,0,69,,98355,11,,,0,35,,98360,11,,,0,95,,98368,11,,,0,102,,98359,11,,,0,170,,98361,11,,,0,343,,98354,11,,,0
4000,'5459',716,,98382,11,,,0,131,,98383,11,,,0,100,,98373,11,,,0,100,,98376,11,,,0,100,,98378,11,,,0,100,,98384,11,,,0,101,,98374,11,,,0,100,,98375,11,,,0,100,,98379,11,,,0,100,,98385,11,,,0,99,,98377,11,,,0,99,,98381,11,,,0,100,,98380,11,,,0,95,,98386,11,,,0
4000,'5460',812,,98388,11,,,0,135,,98387,11,,,0,100,,98389,11,,,0,100,,98390,11,,,0,100,,98391,11,,,0,101,,98392,11,,,0,100,,98395,11,,,0,100,,98394,11,,,0,100,,98393,11,,,0,99,,98396,11,,,0,99,,98397,11,,,0,100,,98398,11,,,0
4000,'5461',812,,98400,11,,,0,135,,98399,11,,,0,100,,98401,11,,,0,100,,98402,11,,,0,100,,98403,11,,,0,101,,98404,11,,,0,100,,98407,11,,,0,100,,98406,11,,,0,100,,98405,11,,,0,99,,98408,11,,,0,99,,98409,11,,,0,100,,98410,11,,,0
4000,'5462',812,,98412,11,,,0,135,,98411,11,,,0,100,,98413,11,,,0,100,,98414,11,,,0,100,,98415,11,,,0,101,,98416,11,,,0,100,,98419,11,,,0,100,,98418,11,,,0,100,,98417,11,,,0,99,,98420,11,,,0,99,,98421,11,,,0,100,,98422,11,,,0
4000,'5463',812,,98424,11,,,0,135,,98423,11,,,0,100,,98425,11,,,0,100,,98426,11,,,0,100,,98427,11,,,0,101,,98428,11,,,0,100,,98431,11,,,0,100,,98430,11,,,0,100,,98429,11,,,0,99,,98432,11,,,0,99,,98433,11,,,0,100,,98434,11,,,0
4601,'5456',700,,98575,11,,,0,108,,98584,11,,,0,126,,98574,11,,,0,93,,98583,11,,,0,381,,98580,11,,,0,122,,98576,11,,,0,71,,98581,11,,,0,39,,98577,11,,,0,84,,98578,11,,,0,27,,98579,11,,,0,89,,98582,11,,,0
4601,'5458',700,,98587,11,,,0,108,,98596,11,,,0,126,,98586,11,,,0,93,,98595,11,,,0,381,,98592,11,,,0,122,,98588,11,,,0,71,,98593,11,,,0,39,,98589,11,,,0,84,,98590,11,,,0,27,,98591,11,,,0,89,,98594,11,,,0
