200,'5456',550,,87484,10,,,0,80,,87485,10,,,0,20,,87486,10,,,0,71,,87487,10,,,0,31,,87488,10,,,0,70,,87489,10,,,0,31,,87490,10,,,0,71,,87491,10,,,0,15,,87492,10,0,5,0,70,,87493,10,,,0,38,,87494,10,,,0,80,,87495,10,,,0,80,,87496,10,,,0,40,,87497,10,,,0,80,,87498,10,,,0,80,,87499,10,,,0,37,,87500,10,,,0,76,,87518,10,,,0,37,,87514,10,,,0,76,,87516,10,,,0,73,,87517,10,0,5,0,17,,87508,10,,,0,33,,87506,10,,,0,80,,87513,10,,,0,90,,87505,10,,,0,80,,87512,10,,,0,20,,87507,10,0,5,0,22,,87504,10,,,0,60,,87515,10,0,5,0,20,,87511,10,,,0,78,,87503,10,,,0,40,,87510,10,,,0,79,,87502,10,,,0,79,,87509,10,,,0,30,,87501,10,0,5,0
200,'5458',550,,87519,10,,,0,80,,87520,10,,,0,20,,87521,10,,,0,71,,87522,10,,,0,31,,87523,10,,,0,70,,87524,10,,,0,31,,87525,10,,,0,71,,87526,10,,,0,15,,87527,10,0,5,0,70,,87528,10,,,0,38,,87529,10,,,0,80,,87530,10,,,0,80,,87531,10,,,0,40,,87532,10,,,0,80,,87533,10,,,0,80,,87534,10,,,0,37,,87535,10,,,0,76,,87554,10,,,0,37,,87550,10,,,0,76,,87552,10,,,0,73,,87553,10,0,5,0,17,,87544,10,,,0,33,,87542,10,,,0,80,,87549,10,,,0,90,,87541,10,,,0,80,,87548,10,,,0,20,,87543,10,0,5,0,22,,87540,10,,,0,60,,87551,10,0,5,0,20,,87547,10,,,0,78,,87539,10,,,0,40,,87546,10,,,0,79,,87538,10,,,0,79,,87545,10,,,0,30,,87537,10,0,5,0,68,,87536,10,0,5,0
200,'5459',601,,87574,10,,,0,112,,87577,10,,,0,119,,87575,10,,,0,80,,87563,10,,,0,45,,87576,10,,,0,80,,87561,10,,,0,80,,87555,10,,,0,40,,87562,10,,,0,80,,87556,10,,,0,80,,87569,10,,,0,41,,87557,10,,,0,80,,87560,10,,,0,80,,87559,10,,,0,40,,87558,10,,,0,80,,87572,10,,,0,79,,87573,10,,,0,35,,87571,10,,,0,80,,87565,10,,,0,75,,87566,10,,,0,20,,87564,10,0,5,0,75,,87568,10,,,0,20,,87570,10,0,5,0,20,,87567,10,,,0,65,,87582,10,0,5,0,20,,87583,10,,,0,80,,87580,10,,,0,40,,87579,10,,,0,79,,87581,10,,,0,80,,87578,10,,,0,35,,87584,10,0,5,0
200,'5460',656,,87607,10,,,0,160,,87606,10,,,0,121,,87605,10,,,0,100,,87586,10,,,0,80,,87604,10,,,0,40,,87592,10,,,0,80,,87590,10,,,0,80,,87585,10,,,0,40,,87587,10,,,0,80,,87598,10,,,0,80,,87593,10,,,0,40,,87588,10,,,0,80,,87591,10,,,0,80,,87589,10,,,0,35,,87599,10,,,0,80,,87595,10,,,0,75,,87594,10,0,5,0,20,,87600,10,,,0,20,,87597,10,0,5,0,60,,87596,10,,,0,40,,87602,10,,,0,79,,87603,10,,,0,80,,87601,10,,,0,40,,87608,10,,,0,80,,87609,10,,,0
200,'5461',656,,87632,10,,,0,160,,87631,10,,,0,121,,87630,10,,,0,100,,87611,10,,,0,80,,87629,10,,,0,40,,87617,10,,,0,80,,87615,10,,,0,80,,87610,10,,,0,40,,87612,10,,,0,80,,87623,10,,,0,80,,87618,10,,,0,40,,87613,10,,,0,80,,87616,10,,,0,80,,87614,10,,,0,35,,87624,10,,,0,80,,87620,10,,,0,75,,87619,10,0,5,0,20,,87625,10,,,0,20,,87622,10,0,5,0,60,,87621,10,,,0,40,,87627,10,,,0,79,,87628,10,,,0,80,,87626,10,,,0,40,,87633,10,,,0,80,,87634,10,,,0
200,'5462',656,,87657,10,,,0,160,,87656,10,,,0,121,,87655,10,,,0,100,,87636,10,,,0,80,,87654,10,,,0,40,,87642,10,,,0,80,,87640,10,,,0,80,,87635,10,,,0,40,,87637,10,,,0,80,,87648,10,,,0,80,,87643,10,,,0,40,,87638,10,,,0,80,,87641,10,,,0,80,,87639,10,,,0,35,,87649,10,,,0,80,,87645,10,,,0,75,,87644,10,0,5,0,20,,87650,10,,,0,20,,87647,10,0,5,0,60,,87646,10,,,0,40,,87652,10,,,0,79,,87653,10,,,0,80,,87651,10,,,0,40,,87658,10,,,0,80,,87659,10,,,0
200,'5463',656,,87682,10,,,0,160,,87681,10,,,0,121,,87680,10,,,0,100,,87661,10,,,0,80,,87679,10,,,0,40,,87667,10,,,0,80,,87665,10,,,0,80,,87660,10,,,0,40,,87662,10,,,0,80,,87673,10,,,0,80,,87668,10,,,0,40,,87663,10,,,0,80,,87666,10,,,0,80,,87664,10,,,0,35,,87674,10,,,0,80,,87670,10,,,0,75,,87669,10,0,5,0,20,,87675,10,,,0,20,,87672,10,0,5,0,60,,87671,10,,,0,40,,87677,10,,,0,79,,87678,10,,,0,80,,87676,10,,,0,40,,87683,10,,,0,80,,87684,10,,,0
301,'5456',632,,88067,2,,,0,75,,88068,2,,,0,37,,88070,2,,,0,81,,88077,2,,,0,77,,88071,2,,,0,35,,88072,2,,,0,70,,88076,2,,,0,30,,88073,2,,,0,70,,88074,2,,,0,30,,88075,2,,,0,70,,88078,2,,,0,35,,88079,2,,,0,70,,88080,2,,,0,30,,88082,2,,,0,71,,88081,2,,,0,33,,88093,2,,,0,75,,88083,2,,,0,35,,88084,2,,,0,75,,88092,2,,,0,73,,88085,2,,,0,33,,88086,2,,,0,74,,88091,2,,,0,25,,88087,2,,,0,70,,88088,2,,,0,30,,88095,2,,,0,65,,88089,2,,,0,25,,88090,2,,,0,30,,88094,2,,,0
301,'5458',632,,88096,2,,,0,75,,88097,2,,,0,37,,88099,2,,,0,81,,88106,2,,,0,77,,88100,2,,,0,35,,88101,2,,,0,70,,88105,2,,,0,30,,88102,2,,,0,70,,88103,2,,,0,30,,88104,2,,,0,70,,88107,2,,,0,35,,88108,2,,,0,70,,88109,2,,,0,30,,88111,2,,,0,71,,88110,2,,,0,33,,88122,2,,,0,75,,88112,2,,,0,35,,88113,2,,,0,75,,88121,2,,,0,73,,88114,2,,,0,33,,88115,2,,,0,74,,88120,2,,,0,25,,88116,2,,,0,70,,88117,2,,,0,30,,88124,2,,,0,65,,88118,2,,,0,25,,88119,2,,,0,30,,88123,2,,,0
301,'5459',711,,88146,2,,,0,30,,88132,2,,,0,70,,88125,2,,,0,30,,88138,2,,,0,70,,88133,2,,,0,30,,88149,2,,,0,70,,88137,2,,,0,31,,88126,2,,,0,69,,88148,2,,,0,30,,88140,2,,,0,70,,88128,2,,,0,30,,88150,2,,,0,70,,88139,2,,,0,31,,88127,2,,,0,70,,88134,2,,,0,34,,88131,2,,,0,70,,88129,2,,,0,40,,88130,2,,,0,70,,88135,2,,,0,76,,88141,2,,,0,24,,88136,2,,,0,75,,88143,2,,,0,28,,88142,2,,,0,72,,88144,2,,,0,25,,88145,2,,,0,30,,88151,2,,,0,70,,88147,2,,,0,30,,88152,2,,,0
301,'5460',726,,88166,2,,,0,85,,88154,2,,,0,40,,88167,2,,,0,85,,88160,2,,,0,75,,88165,2,,,0,40,,88153,2,,,0,60,,88161,2,,,0,31,,88156,2,,,0,69,,88155,2,,,0,30,,88162,2,,,0,70,,88159,2,,,0,30,,88158,2,,,0,70,,88157,2,,,0,37,,88163,2,,,0,68,,88164,2,,,0,41,,88170,2,,,0,64,,88168,2,,,0,33,,88169,2,,,0,67,,88174,2,,,0,30,,88172,2,,,0,70,,88171,2,,,0,30,,88173,2,,,0,70,,88175,2,,,0,35,,88176,2,,,0
301,'5461',726,,88190,2,,,0,85,,88178,2,,,0,40,,88191,2,,,0,85,,88184,2,,,0,75,,88189,2,,,0,40,,88177,2,,,0,60,,88185,2,,,0,31,,88180,2,,,0,69,,88179,2,,,0,30,,88186,2,,,0,70,,88183,2,,,0,30,,88182,2,,,0,70,,88181,2,,,0,37,,88187,2,,,0,68,,88188,2,,,0,41,,88194,2,,,0,64,,88192,2,,,0,33,,88193,2,,,0,67,,88198,2,,,0,30,,88196,2,,,0,70,,88195,2,,,0,30,,88197,2,,,0,70,,88199,2,,,0,35,,88200,2,,,0
301,'5462',726,,88214,2,,,0,85,,88202,2,,,0,40,,88215,2,,,0,85,,88208,2,,,0,75,,88213,2,,,0,40,,88201,2,,,0,60,,88209,2,,,0,31,,88204,2,,,0,69,,88203,2,,,0,30,,88210,2,,,0,70,,88207,2,,,0,30,,88206,2,,,0,70,,88205,2,,,0,37,,88211,2,,,0,68,,88212,2,,,0,41,,88218,2,,,0,64,,88216,2,,,0,33,,88217,2,,,0,67,,88222,2,,,0,30,,88220,2,,,0,70,,88219,2,,,0,30,,88221,2,,,0,70,,88223,2,,,0,35,,88224,2,,,0
301,'5463',726,,88238,2,,,0,85,,88226,2,,,0,40,,88239,2,,,0,85,,88232,2,,,0,75,,88237,2,,,0,40,,88225,2,,,0,60,,88233,2,,,0,31,,88228,2,,,0,69,,88227,2,,,0,30,,88234,2,,,0,70,,88231,2,,,0,30,,88230,2,,,0,70,,88229,2,,,0,37,,88235,2,,,0,68,,88236,2,,,0,41,,88242,2,,,0,64,,88240,2,,,0,33,,88241,2,,,0,67,,88246,2,,,0,30,,88244,2,,,0,70,,88243,2,,,0,30,,88245,2,,,0,70,,88247,2,,,0,35,,88248,2,,,0
500,'5456',610,,89074,10,,,0,95,,89075,10,,,0,32,,89076,10,,,0,70,,89077,10,,,0,31,,89078,10,,,0,70,,89079,10,,,0,46,,89080,10,,,0,73,,89081,10,,,0,80,,89082,10,,,0,40,,89083,10,,,0,80,,89084,10,,,0,80,,89085,10,,,0,40,,89086,10,,,0,80,,89087,10,,,0,75,,89092,10,,,0,36,,89090,10,,,0,77,,89088,10,,,0,34,,89091,10,,,0,91,,89093,10,,,0,76,,89095,10,,,0,85,,89089,10,,,0,45,,89094,10,,,0
500,'5458',610,,89096,10,,,0,95,,89097,10,,,0,32,,89098,10,,,0,70,,89099,10,,,0,31,,89100,10,,,0,70,,89101,10,,,0,46,,89102,10,,,0,73,,89103,10,,,0,80,,89104,10,,,0,40,,89105,10,,,0,80,,89106,10,,,0,80,,89107,10,,,0,40,,89108,10,,,0,80,,89109,10,,,0,75,,89114,10,,,0,36,,89112,10,,,0,77,,89110,10,,,0,34,,89113,10,,,0,91,,89115,10,,,0,76,,89117,10,,,0,85,,89111,10,,,0,45,,89116,10,,,0
500,'5459',636,,89129,10,,,0,116,,89125,10,,,0,100,,89128,10,,,0,80,,89119,10,,,0,85,,89126,10,,,0,40,,89120,10,,,0,80,,89135,10,,,0,80,,89127,10,,,0,40,,89118,10,,,0,81,,89124,10,,,0,80,,89121,10,,,0,40,,89131,10,,,0,80,,89122,10,,,0,80,,89123,10,,,0,39,,89132,10,,,0,75,,89133,10,,,0,80,,89134,10,,,0,40,,89130,10,,,0,90,,89136,10,,,0
500,'5460',736,,89150,10,,,0,120,,89149,10,,,0,161,,89148,10,,,0,40,,89143,10,,,0,80,,89137,10,,,0,80,,89138,10,,,0,40,,89151,10,,,0,80,,89144,10,,,0,80,,89141,10,,,0,40,,89139,10,,,0,80,,89140,10,,,0,80,,89152,10,,,0,40,,89145,10,,,0,75,,89142,10,,,0,80,,89146,10,,,0,40,,89147,10,,,0
500,'5461',736,,89166,10,,,0,120,,89163,10,,,0,161,,89165,10,,,0,40,,89159,10,,,0,80,,89153,10,,,0,80,,89154,10,,,0,40,,89167,10,,,0,80,,89160,10,,,0,80,,89157,10,,,0,40,,89155,10,,,0,80,,89156,10,,,0,80,,89168,10,,,0,40,,89161,10,,,0,75,,89158,10,,,0,80,,89162,10,,,0,40,,89164,10,,,0
500,'5462',736,,89182,10,,,0,120,,89181,10,,,0,161,,89180,10,,,0,40,,89175,10,,,0,80,,89169,10,,,0,80,,89170,10,,,0,40,,89183,10,,,0,80,,89176,10,,,0,80,,89173,10,,,0,40,,89171,10,,,0,80,,89172,10,,,0,80,,89184,10,,,0,40,,89177,10,,,0,75,,89174,10,,,0,80,,89178,10,,,0,40,,89179,10,,,0
500,'5463',736,,89198,10,,,0,120,,89197,10,,,0,161,,89196,10,,,0,40,,89191,10,,,0,80,,89185,10,,,0,80,,89186,10,,,0,40,,89199,10,,,0,80,,89192,10,,,0,80,,89189,10,,,0,40,,89187,10,,,0,80,,89188,10,,,0,80,,89200,10,,,0,40,,89193,10,,,0,75,,89190,10,,,0,80,,89194,10,,,0,40,,89195,10,,,0
