200,'5456',608,,87484,38,,,0,41,,87485,38,,,0,61,,87486,38,,,0,33,,87487,38,,,0,73,,87488,38,,,0,30,,87489,38,,,0,71,,87490,38,,,0,30,,87491,38,,,0,86,,87493,38,,,0,78,,87494,38,,,0,41,,87495,38,,,0,81,,87496,38,,,0,80,,87497,38,,,0,41,,87498,38,,,0,80,,87499,38,,,0,79,,87500,38,,,0,35,,87518,38,,,0,77,,87514,38,,,0,76,,87516,38,,,0,47,,87508,38,,,0,72,,87506,38,,,0,39,,87513,38,,,0,89,,87505,38,,,0,78,,87512,38,,,0,82,,87504,38,,,0,40,,87511,38,,,0,78,,87503,38,,,0,78,,87510,38,,,0,39,,87502,38,,,0,78,,87509,38,,,0
200,'5458',608,,87519,38,,,0,41,,87520,38,,,0,61,,87521,38,,,0,33,,87522,38,,,0,73,,87523,38,,,0,30,,87524,38,,,0,71,,87525,38,,,0,30,,87526,38,,,0,86,,87528,38,,,0,78,,87529,38,,,0,41,,87530,38,,,0,81,,87531,38,,,0,80,,87532,38,,,0,41,,87533,38,,,0,80,,87534,38,,,0,79,,87535,38,,,0,35,,87554,38,,,0,77,,87550,38,,,0,76,,87552,38,,,0,47,,87544,38,,,0,72,,87542,38,,,0,39,,87549,38,,,0,89,,87541,38,,,0,78,,87548,38,,,0,82,,87540,38,,,0,40,,87547,38,,,0,78,,87539,38,,,0,78,,87546,38,,,0,39,,87538,38,,,0,78,,87545,38,,,0
200,'5459',618,,87574,38,,,0,113,,87577,38,,,0,121,,87575,38,,,0,81,,87563,38,,,0,87,,87576,38,,,0,80,,87561,38,,,0,40,,87555,38,,,0,81,,87562,38,,,0,80,,87556,38,,,0,41,,87569,38,,,0,81,,87557,38,,,0,81,,87560,38,,,0,40,,87559,38,,,0,79,,87558,38,,,0,80,,87572,38,,,0,39,,87573,38,,,0,74,,87571,38,,,0,40,,87565,38,,,0,74,,87566,38,,,0,94,,87568,38,,,0,80,,87567,38,,,0,45,,87583,38,,,0,80,,87580,38,,,0,80,,87579,38,,,0,37,,87581,38,,,0,79,,87578,38,,,0
200,'5460',714,,87607,38,,,0,121,,87606,38,,,0,123,,87605,38,,,0,101,,87586,38,,,0,81,,87604,38,,,0,81,,87592,38,,,0,80,,87590,38,,,0,40,,87585,38,,,0,82,,87587,38,,,0,80,,87598,38,,,0,40,,87593,38,,,0,80,,87588,38,,,0,79,,87591,38,,,0,39,,87589,38,,,0,73,,87599,38,,,0,39,,87595,38,,,0,94,,87600,38,,,0,80,,87596,38,,,0,80,,87602,38,,,0,39,,87603,38,,,0,80,,87601,38,,,0,79,,87608,38,,,0,39,,87609,38,,,0
200,'5461',714,,87632,38,,,0,121,,87631,38,,,0,123,,87630,38,,,0,101,,87611,38,,,0,81,,87629,38,,,0,81,,87617,38,,,0,80,,87615,38,,,0,40,,87610,38,,,0,82,,87612,38,,,0,80,,87623,38,,,0,40,,87618,38,,,0,80,,87613,38,,,0,79,,87616,38,,,0,39,,87614,38,,,0,73,,87624,38,,,0,39,,87620,38,,,0,94,,87625,38,,,0,80,,87621,38,,,0,80,,87627,38,,,0,39,,87628,38,,,0,80,,87626,38,,,0,79,,87633,38,,,0,39,,87634,38,,,0
200,'5462',714,,87657,38,,,0,121,,87656,38,,,0,123,,87655,38,,,0,101,,87636,38,,,0,81,,87654,38,,,0,81,,87642,38,,,0,80,,87640,38,,,0,40,,87635,38,,,0,82,,87637,38,,,0,80,,87648,38,,,0,40,,87643,38,,,0,80,,87638,38,,,0,79,,87641,38,,,0,39,,87639,38,,,0,73,,87649,38,,,0,39,,87645,38,,,0,94,,87650,38,,,0,80,,87646,38,,,0,80,,87652,38,,,0,39,,87653,38,,,0,80,,87651,38,,,0,79,,87658,38,,,0,39,,87659,38,,,0
200,'5463',714,,87682,38,,,0,121,,87681,38,,,0,123,,87680,38,,,0,101,,87661,38,,,0,81,,87679,38,,,0,81,,87667,38,,,0,80,,87665,38,,,0,40,,87660,38,,,0,82,,87662,38,,,0,80,,87673,38,,,0,40,,87668,38,,,0,80,,87663,38,,,0,79,,87666,38,,,0,39,,87664,38,,,0,73,,87674,38,,,0,39,,87670,38,,,0,94,,87675,38,,,0,80,,87671,38,,,0,80,,87677,38,,,0,39,,87678,38,,,0,80,,87676,38,,,0,79,,87683,38,,,0,39,,87684,38,,,0
500,'5456',628,,89074,38,,,0,98,,89075,38,,,0,74,,89076,38,,,0,31,,89077,38,,,0,71,,89078,38,,,0,28,,89079,38,,,0,87,,89080,38,,,0,33,,89081,38,,,0,80,,89082,38,,,0,82,,89083,38,,,0,41,,89084,38,,,0,82,,89085,38,,,0,78,,89086,38,,,0,40,,89087,38,,,0,77,,89092,38,,,0,76,,89090,38,,,0,37,,89088,38,,,0,74,,89091,38,,,0,87,,89093,38,,,0,36,,89095,38,,,0,83,,89089,38,,,0,85,,89094,38,,,0
500,'5458',628,,89096,38,,,0,98,,89097,38,,,0,74,,89098,38,,,0,31,,89099,38,,,0,71,,89100,38,,,0,28,,89101,38,,,0,87,,89102,38,,,0,33,,89103,38,,,0,80,,89104,38,,,0,82,,89105,38,,,0,41,,89106,38,,,0,82,,89107,38,,,0,78,,89108,38,,,0,40,,89109,38,,,0,77,,89114,38,,,0,76,,89112,38,,,0,37,,89110,38,,,0,74,,89113,38,,,0,87,,89115,38,,,0,36,,89117,38,,,0,83,,89111,38,,,0,85,,89116,38,,,0
500,'5459',654,,89129,38,,,0,157,,89125,38,,,0,101,,89128,38,,,0,42,,89119,38,,,0,86,,89126,38,,,0,80,,89120,38,,,0,81,,89135,38,,,0,40,,89127,38,,,0,81,,89118,38,,,0,81,,89124,38,,,0,40,,89121,38,,,0,81,,89131,38,,,0,80,,89122,38,,,0,39,,89123,38,,,0,79,,89132,38,,,0,35,,89133,38,,,0,78,,89134,38,,,0,80,,89130,38,,,0,89,,89136,38,,,0
500,'5460',755,,89150,38,,,0,161,,89149,38,,,0,123,,89148,38,,,0,81,,89143,38,,,0,80,,89137,38,,,0,41,,89138,38,,,0,80,,89151,38,,,0,81,,89144,38,,,0,41,,89141,38,,,0,80,,89139,38,,,0,80,,89140,38,,,0,40,,89152,38,,,0,78,,89145,38,,,0,35,,89142,38,,,0,78,,89146,38,,,0,79,,89147,38,,,0
500,'5461',755,,89166,38,,,0,161,,89163,38,,,0,123,,89165,38,,,0,81,,89159,38,,,0,80,,89153,38,,,0,41,,89154,38,,,0,80,,89167,38,,,0,81,,89160,38,,,0,41,,89157,38,,,0,80,,89155,38,,,0,80,,89156,38,,,0,40,,89168,38,,,0,78,,89161,38,,,0,35,,89158,38,,,0,78,,89162,38,,,0,79,,89164,38,,,0
500,'5462',755,,89182,38,,,0,161,,89181,38,,,0,123,,89180,38,,,0,81,,89175,38,,,0,80,,89169,38,,,0,41,,89170,38,,,0,80,,89183,38,,,0,81,,89176,38,,,0,41,,89173,38,,,0,80,,89171,38,,,0,80,,89172,38,,,0,40,,89184,38,,,0,78,,89177,38,,,0,35,,89174,38,,,0,78,,89178,38,,,0,79,,89179,38,,,0
500,'5463',755,,89198,38,,,0,161,,89197,38,,,0,123,,89196,38,,,0,81,,89191,38,,,0,80,,89185,38,,,0,41,,89186,38,,,0,80,,89199,38,,,0,81,,89192,38,,,0,41,,89189,38,,,0,80,,89187,38,,,0,80,,89188,38,,,0,40,,89200,38,,,0,78,,89193,38,,,0,35,,89190,38,,,0,78,,89194,38,,,0,79,,89195,38,,,0
800,'5456',653,,90530,46,,,0,91,,90531,46,,,0,74,,90532,46,,,0,21,,90554,46,,,0,19,,90534,46,,,0,86,,90533,46,,,0,75,,90536,46,,,0,81,,90535,46,,,0,45,,90537,46,,,0,78,,90540,46,,,0,84,,90538,46,,,0,44,,90539,46,,,0,84,,90542,46,,,0,102,,90541,46,,,0,83,,90544,46,,,0,86,,90543,46,,,0,29,,90546,46,,,0,71,,90545,46,,,0,32,,90548,46,,,0,68,,90547,46,,,0,29,,90549,46,,,0,94,,90550,46,,,0,83,,90551,46,,,0,96,,90552,46,,,0,42,,90553,46,,,0
800,'5458',653,,90556,46,,,0,91,,90557,46,,,0,74,,90558,46,,,0,21,,90580,46,,,0,19,,90560,46,,,0,86,,90559,46,,,0,75,,90562,46,,,0,81,,90561,46,,,0,45,,90563,46,,,0,78,,90566,46,,,0,84,,90564,46,,,0,44,,90565,46,,,0,84,,90568,46,,,0,102,,90567,46,,,0,83,,90570,46,,,0,86,,90569,46,,,0,29,,90572,46,,,0,71,,90571,46,,,0,32,,90574,46,,,0,68,,90573,46,,,0,29,,90575,46,,,0,94,,90576,46,,,0,83,,90577,46,,,0,96,,90578,46,,,0,42,,90579,46,,,0
800,'5459',740,,90588,35,,,0,85,,90589,35,,,0,87,,90590,35,,,0,47,,90583,35,,,0,90,,90584,35,,,0,87,,90582,35,,,0,90,,90585,35,,,0,91,,90586,35,,,0,92,,90587,35,,,0,92,,90591,35,,,0,50,,90592,35,,,0,91,,90593,35,,,0,88,,90594,35,,,0,84,,90595,35,,,0,45,,90596,35,,,0
800,'5460',910,,90598,35,,,0,47,,90599,35,,,0,91,,90600,35,,,0,86,,90601,35,,,0,91,,90602,35,,,0,92,,90597,35,,,0,90,,90603,35,,,0,52,,90604,35,,,0,91,,90605,35,,,0,91,,90606,35,,,0,88,,90607,35,,,0
800,'5461',910,,90609,35,,,0,47,,90610,35,,,0,91,,90611,35,,,0,86,,90612,35,,,0,91,,90613,35,,,0,92,,90608,35,,,0,90,,90614,35,,,0,52,,90615,35,,,0,91,,90616,35,,,0,91,,90617,35,,,0,88,,90618,35,,,0
800,'5462',910,,90620,35,,,0,47,,90621,35,,,0,91,,90622,35,,,0,86,,90623,35,,,0,91,,90624,35,,,0,92,,90619,35,,,0,90,,90625,35,,,0,52,,90626,35,,,0,91,,90627,35,,,0,91,,90628,35,,,0,88,,90629,35,,,0
800,'5463',910,,90631,35,,,0,47,,90632,35,,,0,91,,90633,35,,,0,86,,90634,35,,,0,91,,90635,35,,,0,92,,90630,35,,,0,90,,90636,35,,,0,52,,90637,35,,,0,91,,90638,35,,,0,91,,90639,35,,,0,88,,90640,35,,,0
