4701,'5456',1704,,98604,36,,,0,27,,98605,36,,,0,28,,98606,36,,,0
4701,'5458',1704,,98607,36,,,0,27,,98608,36,,,0,28,,98609,36,,,0
4900,'5456',726,,98625,15,,,0,100,,98624,15,,,0,133,,98623,15,,,0,200,,98622,15,,,0,166,,98626,15,,,0,182,,98630,15,,,0,105,,98629,15,,,0,95,,98632,15,,,0,107,,98627,15,,,0,194,,98631,15,,,0,208,,98628,15,,,0
4900,'5458',726,,98636,15,,,0,100,,98635,15,,,0,133,,98634,15,,,0,200,,98633,15,,,0,166,,98637,15,,,0,182,,98641,15,,,0,105,,98640,15,,,0,95,,98643,15,,,0,107,,98638,15,,,0,194,,98642,15,,,0,208,,98639,15,,,0
4900,'5459',822,,98649,15,,,0,211,,98650,15,,,0,202,,98645,15,,,0,210,,98646,15,,,0,209,,98647,15,,,0,194,,98648,15,,,0,267,,98644,15,,,0
4900,'5460',822,,98652,15,,,0,210,,98651,15,,,0,202,,98653,15,,,0,209,,98654,15,,,0,210,,98656,15,,,0,194,,98657,15,,,0,268,,98655,15,,,0
4900,'5461',822,,98659,15,,,0,210,,98658,15,,,0,202,,98660,15,,,0,209,,98661,15,,,0,210,,98663,15,,,0,194,,98664,15,,,0,268,,98662,15,,,0
4900,'5462',822,,98666,15,,,0,210,,98665,15,,,0,202,,98667,15,,,0,209,,98668,15,,,0,210,,98670,15,,,0,194,,98671,15,,,0,268,,98669,15,,,0
4900,'5463',822,,98673,15,,,0,210,,98672,15,,,0,202,,98674,15,,,0,209,,98675,15,,,0,210,,98677,15,,,0,194,,98678,15,,,0,268,,98676,15,,,0
5701,'5456',606,,99617,16,,,0,50,,99620,16,,,0,85,,99630,16,,,0,79,,99636,16,,,0,10,,99622,16,,,0,82,,99619,16,,,0,47,,99618,16,,,0,85,,99621,16,,,0,85,,99623,16,,,0,85,,99624,16,,,0,86,,99625,16,,,0,45,,99626,16,,,0,90,,99627,16,,,0,100,,99637,16,,,0,72,,99638,16,,,0,43,,99628,16,,,0,86,,99629,16,,,0,86,,99631,16,,,0,88,,99632,16,,,0,99,,99633,16,,,0,115,,99634,16,,,0,110,,99635,16,,,0
5701,'5458',606,,99639,16,,,0,50,,99642,16,,,0,85,,99652,16,,,0,79,,99658,16,,,0,10,,99644,16,,,0,82,,99641,16,,,0,47,,99640,16,,,0,85,,99643,16,,,0,85,,99645,16,,,0,85,,99646,16,,,0,86,,99647,16,,,0,45,,99648,16,,,0,90,,99649,16,,,0,100,,99659,16,,,0,72,,99660,16,,,0,43,,99650,16,,,0,86,,99651,16,,,0,86,,99653,16,,,0,88,,99654,16,,,0,99,,99655,16,,,0,115,,99656,16,,,0,110,,99657,16,,,0
5701,'5459',632,,99672,16,,,0,108,,99662,16,,,0,97,,99673,16,,,0,105,,99676,16,,,0,103,,99674,16,,,0,107,,99675,16,,,0,150,,99661,16,,,0,100,,99667,16,,,0,110,,99671,16,,,0,101,,99668,16,,,0,108,,99663,16,,,0,90,,99665,16,,,0,113,,99669,16,,,0,99,,99670,16,,,0,99,,99666,16,,,0,113,,99664,16,,,0
5701,'5460',740,,99680,16,,,0,99,,99677,16,,,0,105,,99679,16,,,0,100,,99678,16,,,0,107,,99681,16,,,0,150,,99684,16,,,0,100,,99682,16,,,0,110,,99685,16,,,0,100,,99683,16,,,0,109,,99689,16,,,0,90,,99691,16,,,0,113,,99690,16,,,0,100,,99688,16,,,0,99,,99687,16,,,0,85,,99686,16,,,0
5701,'5461',740,,99695,16,,,0,99,,99692,16,,,0,105,,99694,16,,,0,100,,99693,16,,,0,107,,99696,16,,,0,150,,99699,16,,,0,100,,99697,16,,,0,110,,99700,16,,,0,100,,99698,16,,,0,109,,99704,16,,,0,90,,99706,16,,,0,113,,99705,16,,,0,100,,99703,16,,,0,99,,99702,16,,,0,85,,99701,16,,,0
5701,'5462',740,,99710,16,,,0,99,,99707,16,,,0,105,,99709,16,,,0,100,,99708,16,,,0,107,,99711,16,,,0,150,,99714,16,,,0,100,,99712,16,,,0,110,,99715,16,,,0,100,,99713,16,,,0,109,,99719,16,,,0,90,,99721,16,,,0,113,,99720,16,,,0,100,,99718,16,,,0,99,,99717,16,,,0,85,,99716,16,,,0
5701,'5463',740,,99725,16,,,0,99,,99722,16,,,0,105,,99724,16,,,0,100,,99723,16,,,0,107,,99726,16,,,0,150,,99729,16,,,0,100,,99727,16,,,0,110,,99730,16,,,0,100,,99728,16,,,0,109,,99734,16,,,0,90,,99736,16,,,0,113,,99735,16,,,0,100,,99733,16,,,0,99,,99732,16,,,0,85,,99731,16,,,0
