401,'4832',737,,82088,23,,,0,70,,82089,23,,,0,32,,82090,23,,,0,69,,82091,23,,,0,28,,64566,23,,,0,70,,64567,23,,,0,20,,64568,23,,,0,19,,64569,23,,,0,60,,64570,23,,,0,20,,64571,23,,,0,20,,64572,23,,,0,60,,64573,23,,,0,20,,64574,23,,,0,20,,64575,23,,,0,59,,64576,23,,,0,20,,64577,23,,,0,20,,64578,23,,,0,58,,64606,23,,,0,18,,64579,23,,,0,16,,64580,23,,,0,16,,64581,23,,,0,56,,64582,23,,,0,17,,64608,23,,,0,16,,64583,23,,,0,16,,64584,23,,,0,56,,64585,23,,,0,16,,64586,23,,,0,16,,64607,23,,,0,56,,64587,23,,,0,17,,64588,23,,,0,17,,64589,23,,,0,18,,64590,23,,,0,59,,64591,23,,,0,17,,64592,23,,,0,18,,64593,23,,,0,58,,82092,23,,,0,18,,82093,23,,,0,19,,64609,23,,,0,58,,64596,23,,,0,20,,82094,23,,,0,20,,82095,23,,,0,64,,64599,23,,,0,31,,64600,23,,,0,72,,64601,23,,,0,29,,64602,23,,,0,70,,82096,23,,,0,31,,82097,23,,,0
401,'5453',737,,78031,23,,,0,70,,82098,23,,,0,32,,78033,23,,,0,69,,82099,23,,,0,28,,78035,23,,,0,70,,82100,23,,,0,20,,78037,23,,,0,19,,78038,23,,,0,60,,78039,23,,,0,20,,82101,23,,,0,20,,82102,23,,,0,60,,78042,23,,,0,20,,78043,23,,,0,20,,82103,23,,,0,59,,82104,23,,,0,20,,78046,23,,,0,20,,78047,23,,,0,58,,82111,23,,,0,18,,78048,23,,,0,16,,82105,23,,,0,16,,78050,23,,,0,56,,78051,23,,,0,17,,82113,23,,,0,16,,78052,23,,,0,16,,82106,23,,,0,56,,78054,23,,,0,16,,78055,23,,,0,16,,82112,23,,,0,56,,78056,23,,,0,17,,82107,23,,,0,17,,78058,23,,,0,18,,78059,23,,,0,59,,78060,23,,,0,17,,82108,23,,,0,18,,78062,23,,,0,58,,78063,23,,,0,18,,78064,23,,,0,19,,82114,23,,,0,58,,78065,23,,,0,20,,78066,23,,,0,20,,82109,23,,,0,64,,78068,23,,,0,31,,78069,23,,,0,72,,78070,23,,,0,29,,82110,23,,,0,70,,78072,23,,,0,31,,78073,23,,,0
401,'5456',605,,88676,23,,,0,18,,88682,23,,,0,20,,88726,23,,,0,15,,88669,23,,,0,55,,88668,23,,,0,15,,88739,23,,,0,15,,88667,23,,,0,15,,88685,23,,,0,54,,88697,23,,,0,14,,88693,23,,,0,13,,88681,23,,,0,14,,88724,23,,,0,52,,88673,23,,,0,13,,88730,23,,,0,15,,88723,23,,,0,14,,88734,23,,,0,53,,88729,23,,,0,13,,88736,23,,,0,13,,88731,23,,,0,13,,88735,23,,,0,13,,88732,23,,,0,54,,88737,23,,,0,13,,88733,23,,,0,13,,88688,23,,,0,14,,88670,23,,,0,13,,88718,23,,,0,54,,88674,23,,,0,13,,88696,23,,,0,15,,88719,23,,,0,15,,88689,23,,,0,53,,88715,23,,,0,14,,88738,23,,,0,14,,88725,23,,,0,12,,88680,23,,,0,53,,88720,23,,,0,13,,88675,23,,,0,13,,88687,23,,,0,14,,88683,23,,,0,16,,88706,23,,,0,50,,88666,23,,,0,8,,88727,23,,,0,16,,88710,23,,,0,17,,88677,23,,,0,8,,88678,23,,,0,50,,88707,23,,,0,15,,88690,23,,,0,7,,88716,23,,,0,11,,88695,23,,,0,19,,88714,23,,,0,55,,88712,23,,,0,15,,88694,23,,,0,14,,88671,23,,,0,14,,88702,23,,,0,56,,88701,23,,,0,15,,88700,23,,,0,15,,88703,23,,,0,16,,88699,23,,,0,55,,88709,23,,,0,15,,88705,23,,,0,15,,88713,23,,,0,15,,88711,23,,,0,56,,88704,23,,,0,18,,88679,23,,,0,17,,88708,23,,,0,55,,88717,23,,,0,16,,88684,23,,,0,18,,88691,23,,,0,20,,88672,23,,,0,60,,88686,23,,,0,23,,88698,23,,,0,64,,88692,23,,,0,29,,88728,23,,,0,70,,88722,23,,,0,31,,88721,23,,,0
401,'5458',605,,88751,23,,,0,18,,88758,23,,,0,20,,88804,23,,,0,15,,88743,23,,,0,55,,88742,23,,,0,15,,88817,23,,,0,15,,88741,23,,,0,15,,88762,23,,,0,54,,88775,23,,,0,14,,88771,23,,,0,13,,88757,23,,,0,14,,88802,23,,,0,52,,88747,23,,,0,13,,88808,23,,,0,15,,88801,23,,,0,14,,88812,23,,,0,53,,88807,23,,,0,13,,88814,23,,,0,13,,88809,23,,,0,13,,88813,23,,,0,13,,88810,23,,,0,54,,88815,23,,,0,13,,88811,23,,,0,13,,88766,23,,,0,14,,88744,23,,,0,13,,88796,23,,,0,54,,88749,23,,,0,13,,88774,23,,,0,15,,88797,23,,,0,15,,88767,23,,,0,53,,88793,23,,,0,14,,88816,23,,,0,14,,88803,23,,,0,12,,88755,23,,,0,53,,88798,23,,,0,13,,88750,23,,,0,13,,88765,23,,,0,14,,88760,23,,,0,16,,88784,23,,,0,50,,88740,23,,,0,8,,88805,23,,,0,16,,88788,23,,,0,17,,88752,23,,,0,8,,88753,23,,,0,50,,88785,23,,,0,15,,88768,23,,,0,7,,88794,23,,,0,11,,88773,23,,,0,19,,88792,23,,,0,55,,88790,23,,,0,15,,88772,23,,,0,14,,88745,23,,,0,14,,88780,23,,,0,56,,88779,23,,,0,15,,88778,23,,,0,15,,88781,23,,,0,16,,88777,23,,,0,55,,88787,23,,,0,15,,88783,23,,,0,15,,88791,23,,,0,15,,88789,23,,,0,56,,88782,23,,,0,18,,88754,23,,,0,17,,88786,23,,,0,55,,88795,23,,,0,16,,88761,23,,,0,18,,88769,23,,,0,20,,88746,23,,,0,60,,88764,23,,,0,23,,88776,23,,,0,64,,88770,23,,,0,29,,88806,23,,,0,70,,88800,23,,,0,31,,88799,23,,,0,70,,88759,23,,,0,30,,88756,23,,,0,70,,88748,23,,,0,30,,88763,23,,,0
401,'5459',715,,88852,23,,,0,20,,88861,23,,,0,20,,88834,23,,,0,58,,88844,23,,,0,17,,88854,23,,,0,16,,88824,23,,,0,56,,88842,23,,,0,16,,88843,23,,,0,15,,88857,23,,,0,16,,88818,23,,,0,55,,88830,23,,,0,15,,88832,23,,,0,16,,88881,23,,,0,15,,88846,23,,,0,55,,88859,23,,,0,16,,88819,23,,,0,15,,88828,23,,,0,15,,88840,23,,,0,55,,88851,23,,,0,15,,88856,23,,,0,15,,88820,23,,,0,16,,88829,23,,,0,55,,88835,23,,,0,15,,88853,23,,,0,16,,88860,23,,,0,16,,88833,23,,,0,55,,88825,23,,,0,16,,88836,23,,,0,16,,88849,23,,,0,16,,88855,23,,,0,56,,88821,23,,,0,16,,88827,23,,,0,15,,88822,23,,,0,56,,88845,23,,,0,16,,88858,23,,,0,17,,88838,23,,,0,16,,88826,23,,,0,56,,88823,23,,,0,16,,88848,23,,,0,15,,88850,23,,,0,17,,88831,23,,,0,57,,88837,23,,,0,18,,88839,23,,,0,18,,88847,23,,,0,58,,88841,23,,,0,18,,88863,23,,,0,18,,88862,23,,,0,18,,88864,23,,,0,58,,88868,23,,,0,18,,88869,23,,,0,18,,88871,23,,,0,58,,88872,23,,,0,18,,88870,23,,,0,18,,88874,23,,,0,65,,88878,23,,,0,23,,88873,23,,,0,70,,88876,23,,,0,31,,88875,23,,,0,71,,88879,23,,,0,30,,88877,23,,,0,69,,88880,23,,,0,30,,88867,23,,,0,71,,88866,23,,,0,30,,88865,23,,,0
401,'5460',737,,88882,23,,,0,70,,88883,23,,,0,32,,88884,23,,,0,69,,88885,23,,,0,28,,88886,23,,,0,70,,88887,23,,,0,20,,88888,23,,,0,19,,88889,23,,,0,60,,88890,23,,,0,20,,88891,23,,,0,20,,88892,23,,,0,60,,88893,23,,,0,20,,88894,23,,,0,20,,88895,23,,,0,59,,88896,23,,,0,20,,88897,23,,,0,20,,88898,23,,,0,58,,88926,23,,,0,18,,88899,23,,,0,16,,88900,23,,,0,16,,88901,23,,,0,56,,88902,23,,,0,17,,88928,23,,,0,16,,88903,23,,,0,16,,88904,23,,,0,56,,88905,23,,,0,16,,88906,23,,,0,16,,88927,23,,,0,56,,88907,23,,,0,17,,88908,23,,,0,17,,88909,23,,,0,18,,88910,23,,,0,59,,88911,23,,,0,17,,88912,23,,,0,18,,88913,23,,,0,58,,88914,23,,,0,18,,88915,23,,,0,19,,88929,23,,,0,58,,88916,23,,,0,20,,88917,23,,,0,20,,88918,23,,,0,64,,88919,23,,,0,31,,88920,23,,,0,72,,88921,23,,,0,29,,88922,23,,,0,70,,88923,23,,,0,31,,88924,23,,,0
401,'5461',737,,88930,23,,,0,70,,88931,23,,,0,32,,88932,23,,,0,69,,88933,23,,,0,28,,88934,23,,,0,70,,88935,23,,,0,20,,88936,23,,,0,19,,88937,23,,,0,60,,88938,23,,,0,20,,88939,23,,,0,20,,88940,23,,,0,60,,88941,23,,,0,20,,88942,23,,,0,20,,88943,23,,,0,59,,88944,23,,,0,20,,88945,23,,,0,20,,88946,23,,,0,58,,88974,23,,,0,18,,88947,23,,,0,16,,88948,23,,,0,16,,88949,23,,,0,56,,88950,23,,,0,17,,88976,23,,,0,16,,88951,23,,,0,16,,88952,23,,,0,56,,88953,23,,,0,16,,88954,23,,,0,16,,88975,23,,,0,56,,88955,23,,,0,17,,88956,23,,,0,17,,88957,23,,,0,18,,88958,23,,,0,59,,88959,23,,,0,17,,88960,23,,,0,18,,88961,23,,,0,58,,88962,23,,,0,18,,88963,23,,,0,19,,88977,23,,,0,58,,88964,23,,,0,20,,88965,23,,,0,20,,88966,23,,,0,64,,88967,23,,,0,31,,88968,23,,,0,72,,88969,23,,,0,29,,88970,23,,,0,70,,88971,23,,,0,31,,88972,23,,,0
401,'5462',737,,88978,23,,,0,70,,88979,23,,,0,32,,88980,23,,,0,69,,88981,23,,,0,28,,88982,23,,,0,70,,88983,23,,,0,20,,88984,23,,,0,19,,88985,23,,,0,60,,88986,23,,,0,20,,88987,23,,,0,20,,88988,23,,,0,60,,88989,23,,,0,20,,88990,23,,,0,20,,88991,23,,,0,59,,88992,23,,,0,20,,88993,23,,,0,20,,88994,23,,,0,58,,89022,23,,,0,18,,88995,23,,,0,16,,88996,23,,,0,16,,88997,23,,,0,56,,88998,23,,,0,17,,89024,23,,,0,16,,88999,23,,,0,16,,89000,23,,,0,56,,89001,23,,,0,16,,89002,23,,,0,16,,89023,23,,,0,56,,89003,23,,,0,17,,89004,23,,,0,17,,89005,23,,,0,18,,89006,23,,,0,59,,89007,23,,,0,17,,89008,23,,,0,18,,89009,23,,,0,58,,89010,23,,,0,18,,89011,23,,,0,19,,89025,23,,,0,58,,89012,23,,,0,20,,89013,23,,,0,20,,89014,23,,,0,64,,89015,23,,,0,31,,89016,23,,,0,72,,89017,23,,,0,29,,89018,23,,,0,70,,89019,23,,,0,31,,89020,23,,,0
401,'5463',737,,89026,23,,,0,70,,89027,23,,,0,32,,89028,23,,,0,69,,89029,23,,,0,28,,89030,23,,,0,70,,89031,23,,,0,20,,89032,23,,,0,19,,89033,23,,,0,60,,89034,23,,,0,20,,89035,23,,,0,20,,89036,23,,,0,60,,89037,23,,,0,20,,89038,23,,,0,20,,89039,23,,,0,59,,89040,23,,,0,20,,89041,23,,,0,20,,89042,23,,,0,58,,89070,23,,,0,18,,89043,23,,,0,16,,89044,23,,,0,16,,89045,23,,,0,56,,89046,23,,,0,17,,89072,23,,,0,16,,89047,23,,,0,16,,89048,23,,,0,56,,89049,23,,,0,16,,89050,23,,,0,16,,89071,23,,,0,56,,89051,23,,,0,17,,89052,23,,,0,17,,89053,23,,,0,18,,89054,23,,,0,59,,89055,23,,,0,17,,89056,23,,,0,18,,89057,23,,,0,58,,89058,23,,,0,18,,89059,23,,,0,19,,89073,23,,,0,58,,89060,23,,,0,20,,89061,23,,,0,20,,89062,23,,,0,64,,89063,23,,,0,31,,89064,23,,,0,72,,89065,23,,,0,29,,89066,23,,,0,70,,89067,23,,,0,31,,89068,23,,,0
1100,'4832',741,,66491,27,,,0,80,,82531,27,,,0,81,,82533,27,,,0,31,,82532,27,,,0,71,,82535,27,,,0,35,,82534,27,,,0,75,,82539,27,,,0,31,,82537,27,,,0,70,,82536,27,,,0,31,,82538,27,,,0,70,,82542,27,,,0,30,,82543,27,,,0,70,,82541,27,,,0,31,,82540,27,,,0,70,,82546,27,,,0,30,,82545,27,,,0,69,,82544,27,,,0,30,,82548,27,,,0,69,,82549,27,,,0,29,,82547,27,,,0,69,,82550,27,,,0,29,,82551,27,,,0,70,,82553,27,,,0,45,,82552,27,,,0,85,,82554,27,,,0,84,,82555,27,,,0,79,,82556,27,,,0,45,,82557,27,,,0,85,,82558,27,,,0
1100,'5453',741,,82559,27,,,0,80,,78801,27,,,0,81,,82561,27,,,0,31,,82560,27,,,0,71,,82562,27,,,0,35,,78805,27,,,0,75,,82566,27,,,0,31,,82564,27,,,0,70,,82563,27,,,0,31,,82565,27,,,0,70,,82568,27,,,0,30,,82569,27,,,0,70,,82567,27,,,0,31,,78811,27,,,0,70,,78817,27,,,0,30,,82571,27,,,0,69,,82570,27,,,0,30,,82573,27,,,0,69,,82574,27,,,0,29,,82572,27,,,0,69,,82575,27,,,0,29,,82576,27,,,0,70,,82578,27,,,0,45,,82577,27,,,0,85,,82579,27,,,0,84,,82580,27,,,0,79,,82581,27,,,0,45,,82582,27,,,0,85,,82583,27,,,0
1100,'5456',610,,90998,27,,,0,30,,91001,27,,,0,61,,90994,27,,,0,19,,91008,27,,,0,18,,90996,27,,,0,19,,91005,27,,,0,55,,91021,27,,,0,16,,90997,27,,,0,18,,91014,27,,,0,58,,91000,27,,,0,21,,90999,27,,,0,24,,91010,27,,,0,66,,91002,27,,,0,25,,91018,27,,,0,65,,91003,27,,,0,25,,91004,27,,,0,25,,91006,27,,,0,65,,91009,27,,,0,25,,91007,27,,,0,65,,91019,27,,,0,26,,91011,27,,,0,64,,91012,27,,,0,18,,91025,27,,,0,18,,91013,27,,,0,18,,91015,27,,,0,59,,91043,27,,,0,18,,91016,27,,,0,20,,91020,27,,,0,59,,91038,27,,,0,19,,91017,27,,,0,20,,91022,27,,,0,57,,91026,27,,,0,15,,91024,27,,,0,18,,91023,27,,,0,15,,91042,27,,,0,58,,91028,27,,,0,14,,91027,27,,,0,18,,91041,27,,,0,59,,91029,27,,,0,24,,91030,27,,,0,30,,91031,27,,,0,75,,91032,27,,,0,70,,91040,27,,,0,34,,91034,27,,,0,70,,91033,27,,,0,34,,91035,27,,,0,70,,91039,27,,,0,30,,91036,27,,,0,83,,91037,27,,,0
1100,'5458',610,,91048,27,,,0,30,,91051,27,,,0,61,,91044,27,,,0,19,,91058,27,,,0,18,,91046,27,,,0,19,,91055,27,,,0,55,,91071,27,,,0,16,,91047,27,,,0,18,,91064,27,,,0,58,,91050,27,,,0,21,,91049,27,,,0,24,,91060,27,,,0,66,,91052,27,,,0,25,,91068,27,,,0,65,,91053,27,,,0,25,,91054,27,,,0,25,,91056,27,,,0,65,,91059,27,,,0,25,,91057,27,,,0,65,,91069,27,,,0,26,,91061,27,,,0,64,,91062,27,,,0,18,,91075,27,,,0,18,,91063,27,,,0,18,,91065,27,,,0,59,,91093,27,,,0,18,,91066,27,,,0,20,,91070,27,,,0,59,,91088,27,,,0,19,,91067,27,,,0,20,,91072,27,,,0,57,,91076,27,,,0,15,,91074,27,,,0,18,,91073,27,,,0,15,,91092,27,,,0,58,,91078,27,,,0,14,,91077,27,,,0,18,,91091,27,,,0,59,,91079,27,,,0,24,,91080,27,,,0,30,,91081,27,,,0,75,,91082,27,,,0,70,,91090,27,,,0,34,,91084,27,,,0,70,,91083,27,,,0,34,,91085,27,,,0,70,,91089,27,,,0,30,,91086,27,,,0,83,,91087,27,,,0
1100,'5459',726,,91124,27,,,0,76,,91108,27,,,0,36,,91094,27,,,0,71,,91098,27,,,0,30,,91125,27,,,0,70,,91116,27,,,0,25,,91103,27,,,0,25,,91095,27,,,0,66,,91101,27,,,0,29,,91113,27,,,0,65,,91097,27,,,0,25,,91111,27,,,0,65,,91105,27,,,0,24,,91096,27,,,0,25,,91099,27,,,0,65,,91112,27,,,0,25,,91104,27,,,0,65,,91115,27,,,0,27,,91107,27,,,0,65,,91102,27,,,0,24,,91106,27,,,0,24,,91123,27,,,0,63,,91100,27,,,0,24,,91114,27,,,0,64,,91126,27,,,0,25,,91117,27,,,0,25,,91109,27,,,0,64,,91110,27,,,0,25,,91119,27,,,0,65,,91121,27,,,0,24,,91118,27,,,0,70,,91120,27,,,0,30,,91122,27,,,0,74,,91127,27,,,0,35,,91128,27,,,0,69,,91129,27,,,0,30,,91130,27,,,0,79,,91131,27,,,0
1100,'5460',741,,91133,27,,,0,80,,91132,27,,,0,81,,91135,27,,,0,31,,91134,27,,,0,71,,91137,27,,,0,35,,91136,27,,,0,75,,91141,27,,,0,31,,91139,27,,,0,70,,91138,27,,,0,31,,91140,27,,,0,70,,91144,27,,,0,30,,91145,27,,,0,70,,91143,27,,,0,31,,91142,27,,,0,70,,91148,27,,,0,30,,91147,27,,,0,69,,91146,27,,,0,30,,91150,27,,,0,69,,91151,27,,,0,29,,91149,27,,,0,69,,91152,27,,,0,29,,91153,27,,,0,70,,91155,27,,,0,45,,91154,27,,,0,85,,91156,27,,,0,84,,91157,27,,,0,79,,91158,27,,,0,45,,91159,27,,,0,85,,91160,27,,,0
1100,'5461',741,,91162,27,,,0,80,,91161,27,,,0,81,,91164,27,,,0,31,,91163,27,,,0,71,,91166,27,,,0,35,,91165,27,,,0,75,,91170,27,,,0,31,,91168,27,,,0,70,,91167,27,,,0,31,,91169,27,,,0,70,,91173,27,,,0,30,,91174,27,,,0,70,,91172,27,,,0,31,,91171,27,,,0,70,,91177,27,,,0,30,,91176,27,,,0,69,,91175,27,,,0,30,,91179,27,,,0,69,,91180,27,,,0,29,,91178,27,,,0,69,,91181,27,,,0,29,,91182,27,,,0,70,,91184,27,,,0,45,,91183,27,,,0,85,,91185,27,,,0,84,,91186,27,,,0,79,,91187,27,,,0,45,,91188,27,,,0,85,,91189,27,,,0
1100,'5462',741,,91191,27,,,0,80,,91190,27,,,0,81,,91193,27,,,0,31,,91192,27,,,0,71,,91195,27,,,0,35,,91194,27,,,0,75,,91199,27,,,0,31,,91197,27,,,0,70,,91196,27,,,0,31,,91198,27,,,0,70,,91202,27,,,0,30,,91203,27,,,0,70,,91201,27,,,0,31,,91200,27,,,0,70,,91206,27,,,0,30,,91205,27,,,0,69,,91204,27,,,0,30,,91208,27,,,0,69,,91209,27,,,0,29,,91207,27,,,0,69,,91210,27,,,0,29,,91211,27,,,0,70,,91213,27,,,0,45,,91212,27,,,0,85,,91214,27,,,0,84,,91215,27,,,0,79,,91216,27,,,0,45,,91217,27,,,0,85,,91218,27,,,0
1100,'5463',741,,91220,27,,,0,80,,91219,27,,,0,81,,91222,27,,,0,31,,91221,27,,,0,71,,91224,27,,,0,35,,91223,27,,,0,75,,91228,27,,,0,31,,91226,27,,,0,70,,91225,27,,,0,31,,91227,27,,,0,70,,91231,27,,,0,30,,91232,27,,,0,70,,91230,27,,,0,31,,91229,27,,,0,70,,91235,27,,,0,30,,91234,27,,,0,69,,91233,27,,,0,30,,91237,27,,,0,69,,91238,27,,,0,29,,91236,27,,,0,69,,91239,27,,,0,29,,91240,27,,,0,70,,91242,27,,,0,45,,91241,27,,,0,85,,91243,27,,,0,84,,91244,27,,,0,79,,91245,27,,,0,45,,91246,27,,,0,85,,91247,27,,,0
2101,'4832',702,,68845,26,,,0,40,,68835,26,,,0,80,,68846,26,,,0,36,,68844,26,,,0,65,,68832,26,,,0,28,,68834,26,,,0,71,,68847,26,,,0,29,,68833,26,,,0,70,,68848,26,,,0,29,,68837,26,,,0,70,,68836,26,,,0,30,,83467,26,,,0,68,,83464,26,,,0,30,,68850,26,,,0,70,,83468,26,,,0,29,,68852,26,,,0,71,,83466,26,,,0,32,,68841,26,,,0,72,,68842,26,,,0,29,,68843,26,,,0,71,,83465,26,,,0,30,,68853,26,,,0,72,,68854,26,,,0,35,,68855,26,,,0,144,,68856,26,,,0,100,,68857,26,,,0,102,,68858,26,,,0,100,,68859,26,,,0,103,,68860,26,,,0
2101,'5453',702,,79237,26,,,0,40,,79227,26,,,0,80,,79238,26,,,0,36,,79236,26,,,0,65,,79224,26,,,0,28,,79226,26,,,0,71,,83472,26,,,0,29,,79225,26,,,0,70,,79240,26,,,0,29,,79229,26,,,0,70,,79228,26,,,0,30,,79241,26,,,0,68,,83469,26,,,0,30,,79242,26,,,0,70,,83473,26,,,0,29,,79244,26,,,0,71,,83471,26,,,0,32,,79233,26,,,0,72,,79234,26,,,0,29,,79235,26,,,0,71,,83470,26,,,0,30,,79245,26,,,0,72,,79246,26,,,0,35,,79247,26,,,0,144,,79248,26,,,0,100,,79249,26,,,0,102,,79250,26,,,0,100,,79251,26,,,0,103,,79252,26,,,0
2101,'5456',603,,93826,26,,,0,29,,93842,26,,,0,23,,93828,26,,,0,55,,93857,26,,,0,16,,93827,30,,,0,15,,93867,30,,,0,17,,93850,30,,,0,58,,93830,30,,,0,16,,93854,30,,,0,17,,93841,30,,,0,55,,93864,30,,,0,20,,93831,30,,,0,20,,93832,26,,,0,60,,93868,30,,,0,19,,93849,26,,,0,20,,93829,30,,,0,60,,93855,26,,,0,21,,93862,30,,,0,20,,93833,26,,,0,60,,93834,30,,,0,25,,93871,26,,,0,20,,93848,30,,,0,60,,93835,26,,,0,21,,93856,30,,,0,19,,93863,26,,,0,61,,93836,30,,,0,22,,93837,26,,,0,21,,93874,30,,,0,60,,93866,30,,,0,18,,93844,30,,,0,14,,93840,26,,,0,64,,93875,30,,,0,19,,93852,30,,,0,17,,93858,30,,,0,60,,93838,30,,,0,14,,93839,30,,,0,17,,93873,26,,,0,19,,93872,30,,,0,60,,93851,30,,,0,18,,93843,30,,,0,70,,93859,26,,,0,30,,93845,26,,,0,70,,93869,26,,,0,30,,93846,26,,,0,70,,93860,26,,,0,29,,93847,26,,,0,72,,93870,26,,,0,29,,93853,26,,,0,70,,93861,26,,,0,105,,93865,26,,,0
2101,'5458',603,,93876,26,,,0,29,,93892,26,,,0,23,,93878,26,,,0,55,,93907,26,,,0,16,,93877,30,,,0,15,,93917,30,,,0,17,,93900,30,,,0,58,,93880,30,,,0,16,,93904,30,,,0,17,,93891,30,,,0,55,,93914,30,,,0,20,,93881,30,,,0,20,,93882,26,,,0,60,,93918,30,,,0,19,,93899,26,,,0,20,,93879,30,,,0,60,,93905,26,,,0,21,,93912,30,,,0,20,,93883,26,,,0,60,,93884,30,,,0,25,,93921,26,,,0,20,,93898,30,,,0,60,,93885,26,,,0,21,,93906,30,,,0,19,,93913,26,,,0,61,,93886,30,,,0,22,,93887,26,,,0,21,,93924,30,,,0,60,,93916,30,,,0,18,,93894,30,,,0,14,,93890,26,,,0,64,,93925,30,,,0,19,,93902,30,,,0,17,,93908,30,,,0,60,,93888,30,,,0,14,,93889,30,,,0,17,,93923,26,,,0,19,,93922,30,,,0,60,,93901,30,,,0,18,,93893,30,,,0,70,,93909,26,,,0,30,,93895,26,,,0,70,,93919,26,,,0,30,,93896,26,,,0,70,,93910,26,,,0,29,,93897,26,,,0,72,,93920,26,,,0,29,,93903,26,,,0,70,,93911,26,,,0,105,,93915,26,,,0
2101,'5459',654,,93956,26,,,0,70,,93938,26,,,0,31,,93947,26,,,0,71,,93930,26,,,0,30,,93957,26,,,0,69,,93939,26,,,0,31,,93948,26,,,0,67,,93926,26,,,0,28,,93928,26,,,0,69,,93949,26,,,0,31,,93933,26,,,0,69,,93941,26,,,0,28,,93927,26,,,0,70,,93929,26,,,0,30,,93950,26,,,0,70,,93934,26,,,0,30,,93942,26,,,0,71,,93931,26,,,0,30,,93932,26,,,0,73,,93951,26,,,0,30,,93935,26,,,0,69,,93944,26,,,0,31,,93937,26,,,0,70,,93936,26,,,0,31,,93952,26,,,0,70,,93940,26,,,0,36,,93943,26,,,0,76,,93945,26,,,0,68,,93954,26,,,0,30,,93946,26,,,0,72,,93955,26,,,0,30,,93953,26,,,0,70,,93958,26,,,0,103,,93959,26,,,0
2101,'5460',702,,93973,26,,,0,40,,93963,26,,,0,80,,93974,26,,,0,36,,93972,26,,,0,65,,93960,26,,,0,28,,93962,26,,,0,71,,93975,26,,,0,29,,93961,26,,,0,70,,93976,26,,,0,29,,93965,26,,,0,70,,93964,26,,,0,30,,93977,26,,,0,68,,93966,26,,,0,30,,93978,26,,,0,70,,93979,26,,,0,29,,93980,26,,,0,71,,93968,26,,,0,32,,93969,26,,,0,72,,93970,26,,,0,29,,93971,26,,,0,71,,93967,26,,,0,30,,93981,26,,,0,72,,93982,26,,,0,35,,93983,26,,,0,144,,93984,26,,,0,100,,93985,26,,,0,102,,93986,26,,,0,100,,93987,26,,,0,103,,93988,26,,,0
2101,'5461',702,,94002,26,,,0,40,,93992,26,,,0,80,,94003,26,,,0,36,,94001,26,,,0,65,,93989,26,,,0,28,,93991,26,,,0,71,,94004,26,,,0,29,,93990,26,,,0,70,,94005,26,,,0,29,,93994,26,,,0,70,,93993,26,,,0,30,,94006,26,,,0,68,,93995,26,,,0,30,,94007,26,,,0,70,,94008,26,,,0,29,,94009,26,,,0,71,,93997,26,,,0,32,,93998,26,,,0,72,,93999,26,,,0,29,,94000,26,,,0,71,,93996,26,,,0,30,,94010,26,,,0,72,,94011,26,,,0,35,,94012,26,,,0,144,,94013,26,,,0,100,,94014,26,,,0,102,,94015,26,,,0,100,,94016,26,,,0,103,,94017,26,,,0
2101,'5462',702,,94031,26,,,0,40,,94021,26,,,0,80,,94032,26,,,0,36,,94030,26,,,0,65,,94018,26,,,0,28,,94020,26,,,0,71,,94033,26,,,0,29,,94019,26,,,0,70,,94034,26,,,0,29,,94023,26,,,0,70,,94022,26,,,0,30,,94035,26,,,0,68,,94024,26,,,0,30,,94036,26,,,0,70,,94037,26,,,0,29,,94038,26,,,0,71,,94026,26,,,0,32,,94027,26,,,0,72,,94028,26,,,0,29,,94029,26,,,0,71,,94025,26,,,0,30,,94039,26,,,0,72,,94040,26,,,0,35,,94041,26,,,0,144,,94042,26,,,0,100,,94043,26,,,0,102,,94044,26,,,0,100,,94045,26,,,0,103,,94046,26,,,0
2101,'5463',702,,94060,26,,,0,40,,94050,26,,,0,80,,94061,26,,,0,36,,94059,26,,,0,65,,94047,26,,,0,28,,94049,26,,,0,71,,94062,26,,,0,29,,94048,26,,,0,70,,94063,26,,,0,29,,94052,26,,,0,70,,94051,26,,,0,30,,94064,26,,,0,68,,94053,26,,,0,30,,94065,26,,,0,70,,94066,26,,,0,29,,94067,26,,,0,71,,94055,26,,,0,32,,94056,26,,,0,72,,94057,26,,,0,29,,94058,26,,,0,71,,94054,26,,,0,30,,94068,26,,,0,72,,94069,26,,,0,35,,94070,26,,,0,144,,94071,26,,,0,100,,94072,26,,,0,102,,94073,26,,,0,100,,94074,26,,,0,103,,94075,26,,,0
2201,'4832',802,,69166,38,,,0,40,,69167,38,,,0,69,,69159,38,,,0,28,,69160,38,,,0,70,,69169,38,,,0,30,,69168,38,,,0,69,,69158,38,,,0,30,,69162,38,,,0,70,,69163,38,,,0,30,,69161,38,,,0,68,,69165,38,,,0,30,,69164,38,,,0,70,,69171,38,,,0,30,,69172,38,,,0,70,,69170,38,,,0,30,,69174,38,,,0,74,,69173,38,,,0,30,,69176,38,,,0,70,,69175,38,,,0,30,,69177,38,,,0,72,,69178,38,,,0,30,,69179,38,,,0,91,,69180,38,0,5,0,100,,69181,38,0,5,0,110,,69182,38,0,5,0
2201,'5453',802,,79285,38,,,0,40,,83580,38,,,0,69,,79278,38,,,0,28,,79279,38,,,0,70,,79288,38,,,0,30,,83581,38,,,0,69,,79277,38,,,0,30,,79281,38,,,0,70,,79282,38,,,0,30,,83579,38,,,0,68,,79284,38,,,0,30,,79283,38,,,0,70,,79290,38,,,0,30,,79291,38,,,0,70,,79289,38,,,0,30,,79293,38,,,0,74,,79292,38,,,0,30,,79295,38,,,0,70,,79294,38,,,0,30,,79296,38,,,0,72,,79297,38,,,0,30,,79298,38,,,0,91,,83582,38,0,5,0,100,,79300,38,0,5,0,110,,79301,38,0,5,0
2201,'5456',616,,94260,46,,,0,29,,94263,46,,,0,90,,94267,38,,,0,67,,94261,52,,,0,32,,94262,52,,,0,71,,94264,52,,,0,100,,94266,52,,,0,30,,94265,52,,,0,70,,94268,52,,,0,98,,94269,52,,,0,29,,94270,38,,,0,69,,94271,38,,,0,100,,94272,38,,,0,32,,94273,38,,,0,101,,94274,38,,,0,71,,94275,38,,,0,30,,94276,38,,,0,99,,94277,38,,,0,76,,94278,38,,,0,98,,94279,38,,,0,31,,94280,38,,,0,101,,94282,38,,,0,71,,94281,38,,,0,48,,94283,38,0,5 49,0
2201,'5458',616,,94284,46,,,0,29,,94287,46,,,0,90,,94291,38,,,0,67,,94285,52,,,0,32,,94286,52,,,0,71,,94288,52,,,0,100,,94290,52,,,0,30,,94289,52,,,0,70,,94292,52,,,0,98,,94293,52,,,0,29,,94294,38,,,0,69,,94295,38,,,0,100,,94296,38,,,0,32,,94297,38,,,0,101,,94298,38,,,0,71,,94299,38,,,0,30,,94300,38,,,0,99,,94301,38,,,0,76,,94302,38,,,0,98,,94303,38,,,0,31,,94304,38,,,0,101,,94306,38,,,0,71,,94305,38,,,0,48,,94307,38,0,5 49,0
2201,'5459',733,,94318,38,,,0,79,,94329,38,,,0,29,,94314,38,,,0,69,,94308,38,,,0,31,,94317,38,,,0,70,,94330,38,,,0,28,,94313,38,,,0,69,,94312,38,,,0,31,,94315,38,,,0,69,,94310,38,,,0,28,,94334,38,,,0,70,,94311,38,,,0,29,,94316,38,,,0,70,,94309,38,,,0,30,,94322,38,,,0,70,,94333,38,,,0,29,,94324,38,,,0,71,,94320,38,,,0,31,,94323,38,,,0,74,,94325,38,,,0,31,,94321,38,,,0,71,,94319,38,,,0,30,,94327,38,,,0,72,,94326,38,,,0,27,,94332,38,,,0,68,,94328,38,,,0,32,,94335,38,,,0,70,,94331,38,,,0,48,,94336,38,0,5 49,0
2201,'5460',802,,94345,38,,,0,40,,94346,38,,,0,69,,94338,38,,,0,28,,94339,38,,,0,70,,94348,38,,,0,30,,94347,38,,,0,69,,94337,38,,,0,30,,94341,38,,,0,70,,94342,38,,,0,30,,94340,38,,,0,68,,94344,38,,,0,30,,94343,38,,,0,70,,94350,38,,,0,30,,94351,38,,,0,70,,94349,38,,,0,30,,94353,38,,,0,74,,94352,38,,,0,30,,94355,38,,,0,70,,94354,38,,,0,30,,94356,38,,,0,72,,94357,38,,,0,30,,94358,38,,,0,91,,94359,38,0,5,0,100,,94360,38,0,5,0,110,,94361,38,0,5,0
2201,'5461',802,,94370,38,,,0,40,,94371,38,,,0,69,,94363,38,,,0,28,,94364,38,,,0,70,,94373,38,,,0,30,,94372,38,,,0,69,,94362,38,,,0,30,,94366,38,,,0,70,,94367,38,,,0,30,,94365,38,,,0,68,,94369,38,,,0,30,,94368,38,,,0,70,,94375,38,,,0,30,,94376,38,,,0,70,,94374,38,,,0,30,,94378,38,,,0,74,,94377,38,,,0,30,,94380,38,,,0,70,,94379,38,,,0,30,,94381,38,,,0,72,,94382,38,,,0,30,,94383,38,,,0,91,,94384,38,0,5,0,100,,94385,38,0,5,0,110,,94386,38,0,5,0
2201,'5462',802,,94395,38,,,0,40,,94396,38,,,0,69,,94388,38,,,0,28,,94389,38,,,0,70,,94398,38,,,0,30,,94397,38,,,0,69,,94387,38,,,0,30,,94391,38,,,0,70,,94392,38,,,0,30,,94390,38,,,0,68,,94394,38,,,0,30,,94393,38,,,0,70,,94400,38,,,0,30,,94401,38,,,0,70,,94399,38,,,0,30,,94403,38,,,0,74,,94402,38,,,0,30,,94405,38,,,0,70,,94404,38,,,0,30,,94406,38,,,0,72,,94407,38,,,0,30,,94408,38,,,0,91,,94409,38,0,5,0,100,,94410,38,0,5,0,110,,94411,38,0,5,0
2201,'5463',802,,94420,38,,,0,40,,94421,38,,,0,69,,94413,38,,,0,28,,94414,38,,,0,70,,94423,38,,,0,30,,94422,38,,,0,69,,94412,38,,,0,30,,94416,38,,,0,70,,94417,38,,,0,30,,94415,38,,,0,68,,94419,38,,,0,30,,94418,38,,,0,70,,94425,38,,,0,30,,94426,38,,,0,70,,94424,38,,,0,30,,94428,38,,,0,74,,94427,38,,,0,30,,94430,38,,,0,70,,94429,38,,,0,30,,94431,38,,,0,72,,94432,38,,,0,30,,94433,38,,,0,91,,94434,38,0,5,0,100,,94435,38,0,5,0,110,,94436,38,0,5,0
3001,'4832',753,,80228,29,,,0,102,,84369,29,,,0,82,,71686,29,,,0,80,,84370,29,,,0,38,,84371,29,,,0,70,,84372,29,,,0,30,,84373,29,,,0,70,,84374,29,,,0,30,,84375,29,,,0,70,,84376,29,,,0,30,,71694,29,,,0,70,,80235,29,,,0,30,,80236,29,,,0,70,,84377,29,,,0,30,,84378,29,,,0,70,,80239,29,,,0,30,,84379,29,,,0,70,,84380,29,,,0,32,,84381,29,,,0,75,,84382,29,,,0,80,,84383,29,,,0,40,,84384,29,,,0,80,,84385,29,,,0,95,,84386,29,,,0,100,,80248,29,,,0,106,,71709,29,,,0,105,,84387,29,,,0
3001,'5453',753,,84388,29,,,0,102,,84389,29,,,0,82,,80294,29,,,0,80,,84390,29,,,0,38,,84391,29,,,0,70,,84392,29,,,0,30,,84393,29,,,0,70,,84394,29,,,0,30,,84395,29,,,0,70,,84396,29,,,0,30,,84397,29,,,0,70,,80303,29,,,0,30,,80304,29,,,0,70,,84398,29,,,0,30,,84399,29,,,0,70,,80307,29,,,0,30,,80308,29,,,0,70,,80309,29,,,0,32,,84400,29,,,0,75,,80311,29,,,0,80,,84401,29,,,0,40,,84402,29,,,0,80,,84403,29,,,0,95,,84404,29,,,0,100,,84405,29,,,0,106,,80317,29,,,0,105,,84406,29,,,0
3001,'5456',625,,97105,29,,,0,31,,97106,29,,,0,74,,97107,29,,,0,29,,97108,29,,,0,70,,97109,29,,,0,73,,97110,29,,,0,27,,97111,29,,,0,30,,97112,29,,,0,69,,97113,29,,,0,31,,97114,29,,,0,70,,97115,29,,,0,30,,97116,29,,,0,72,,97117,29,,,0,70,,97118,29,,,0,30,,97119,29,,,0,72,,97120,29,,,0,30,,97121,29,,,0,71,,97122,29,,,0,34,,97123,29,,,0,72,,97124,29,,,0,33,,97125,29,,,0,72,,97126,29,,,0,32,,97127,29,,,0,68,,97128,29,,,0,27,,97129,29,,,0,76,,97130,29,,,0,39,,97131,29,,,0,77,,97132,29,,,0,94,,97133,29,,,0,99,,97134,29,,,0,108,,97135,29,,,0,90,,97136,29,,,0
3001,'5458',625,,97137,29,,,0,31,,97138,29,,,0,74,,97139,29,,,0,29,,97140,29,,,0,70,,97141,29,,,0,73,,97142,29,,,0,27,,97143,29,,,0,30,,97144,29,,,0,69,,97145,29,,,0,31,,97146,29,,,0,70,,97147,29,,,0,30,,97148,29,,,0,72,,97149,29,,,0,70,,97150,29,,,0,30,,97151,29,,,0,72,,97152,29,,,0,30,,97153,29,,,0,71,,97154,29,,,0,34,,97155,29,,,0,72,,97156,29,,,0,33,,97157,29,,,0,72,,97158,29,,,0,32,,97159,29,,,0,68,,97160,29,,,0,27,,97161,29,,,0,76,,97162,29,,,0,39,,97163,29,,,0,77,,97164,29,,,0,94,,97165,29,,,0,99,,97166,29,,,0,108,,97167,29,,,0,90,,97168,29,,,0
3001,'5459',652,,97170,29,,,0,88,,97171,29,,,0,80,,97172,29,,,0,33,,97169,29,,,0,71,,97173,29,,,0,32,,97174,29,,,0,72,,97175,29,,,0,29,,97176,29,,,0,70,,97177,29,,,0,30,,97178,29,,,0,70,,97179,29,,,0,29,,97180,29,,,0,68,,97181,29,,,0,30,,97182,29,,,0,70,,97183,29,,,0,30,,97184,29,,,0,70,,97185,29,,,0,30,,97186,29,,,0,71,,97187,29,,,0,30,,97188,29,,,0,70,,97189,29,,,0,31,,97190,29,,,0,75,,97191,29,,,0,80,,97192,29,,,0,40,,97193,29,,,0,81,,97194,29,,,0,95,,97195,29,,,0,100,,97196,29,,,0,110,,97197,29,,,0,91,,97198,29,,,0
3001,'5460',753,,97199,29,,,0,102,,97200,29,,,0,82,,97201,29,,,0,80,,97202,29,,,0,38,,97203,29,,,0,70,,97204,29,,,0,30,,97205,29,,,0,70,,97206,29,,,0,30,,97207,29,,,0,70,,97208,29,,,0,30,,97209,29,,,0,70,,97210,29,,,0,30,,97211,29,,,0,70,,97212,29,,,0,30,,97213,29,,,0,70,,97214,29,,,0,30,,97215,29,,,0,70,,97216,29,,,0,32,,97217,29,,,0,75,,97218,29,,,0,80,,97219,29,,,0,40,,97220,29,,,0,80,,97221,29,,,0,95,,97222,29,,,0,100,,97223,29,,,0,106,,97224,29,,,0,105,,97225,29,,,0
3001,'5461',753,,97226,29,,,0,102,,97227,29,,,0,82,,97228,29,,,0,80,,97229,29,,,0,38,,97230,29,,,0,70,,97231,29,,,0,30,,97232,29,,,0,70,,97233,29,,,0,30,,97234,29,,,0,70,,97235,29,,,0,30,,97236,29,,,0,70,,97237,29,,,0,30,,97238,29,,,0,70,,97239,29,,,0,30,,97240,29,,,0,70,,97241,29,,,0,30,,97242,29,,,0,70,,97243,29,,,0,32,,97244,29,,,0,75,,97245,29,,,0,80,,97246,29,,,0,40,,97247,29,,,0,80,,97248,29,,,0,95,,97249,29,,,0,100,,97250,29,,,0,106,,97251,29,,,0,105,,97252,29,,,0
3001,'5462',753,,97253,29,,,0,102,,97254,29,,,0,82,,97255,29,,,0,80,,97256,29,,,0,38,,97257,29,,,0,70,,97258,29,,,0,30,,97259,29,,,0,70,,97260,29,,,0,30,,97261,29,,,0,70,,97262,29,,,0,30,,97263,29,,,0,70,,97264,29,,,0,30,,97265,29,,,0,70,,97266,29,,,0,30,,97267,29,,,0,70,,97268,29,,,0,30,,97269,29,,,0,70,,97270,29,,,0,32,,97271,29,,,0,75,,97272,29,,,0,80,,97273,29,,,0,40,,97274,29,,,0,80,,97275,29,,,0,95,,97276,29,,,0,100,,97277,29,,,0,106,,97278,29,,,0,105,,97279,29,,,0
3001,'5463',753,,97280,29,,,0,102,,97281,29,,,0,82,,97282,29,,,0,80,,97283,29,,,0,38,,97284,29,,,0,70,,97285,29,,,0,30,,97286,29,,,0,70,,97287,29,,,0,30,,97288,29,,,0,70,,97289,29,,,0,30,,97290,29,,,0,70,,97291,29,,,0,30,,97292,29,,,0,70,,97293,29,,,0,30,,97294,29,,,0,70,,97295,29,,,0,30,,97296,29,,,0,70,,97297,29,,,0,32,,97298,29,,,0,75,,97299,29,,,0,80,,97300,29,,,0,40,,97301,29,,,0,80,,97302,29,,,0,95,,97303,29,,,0,100,,97304,29,,,0,106,,97305,29,,,0,105,,97306,29,,,0
3101,'4832',723,,84592,25,,,0,102,,84593,25,,,0,92,,80522,25,,,0,40,,84594,25,,,0,78,,80519,25,,,0,75,,84595,25,,,0,30,,84596,25,,,0,70,,80526,25,,,0,30,,80527,25,,,0,70,,84597,25,,,0,30,,80529,25,,,0,70,,84598,25,,,0,30,,84599,25,,,0,70,,84600,25,,,0,30,,84601,25,,,0,70,,80534,25,,,0,30,,84602,25,,,0,70,,84603,25,,,0,31,,80537,25,,,0,71,,84604,25,,,0,40,,84605,25,,,0,80,,84606,25,,,0,80,,84607,25,,,0,47,,84608,25,,,0,98,,84609,25,,,0,100,,84610,25,,,0,146,,84611,25,,,0
3101,'5453',723,,84613,25,,,0,102,,84614,25,,,0,92,,84615,25,,,0,40,,84616,25,,,0,78,,84612,25,,,0,75,,84617,25,,,0,30,,84618,25,,,0,70,,80613,25,,,0,30,,84619,25,,,0,70,,80615,25,,,0,30,,80616,25,,,0,70,,84620,25,,,0,30,,84621,25,,,0,70,,84622,25,,,0,30,,84623,25,,,0,70,,84624,25,,,0,30,,80622,25,,,0,70,,80623,25,,,0,31,,80624,25,,,0,71,,80625,25,,,0,40,,84625,25,,,0,80,,80627,25,,,0,80,,84626,25,,,0,47,,84627,25,,,0,98,,84628,25,,,0,100,,84629,25,,,0,146,,84630,25,,,0
3101,'5456',605,,97511,25,,,0,36,,97512,25,,,0,74,,97513,25,,,0,29,,97514,25,,,0,70,,97515,25,,,0,30,,97516,25,,,0,70,,97517,25,,,0,30,,97518,25,,,0,69,,97519,25,,,0,30,,97520,25,,,0,69,,97521,25,,,0,32,,97522,25,,,0,71,,97523,25,,,0,31,,97524,25,,,0,70,,97525,25,,,0,31,,97526,25,,,0,71,,97527,25,,,0,29,,97528,25,,,0,73,,97530,25,,,0,33,,97529,25,,,0,71,,97531,25,,,0,76,,97532,25,,,0,31,,97533,25,,,0,69,,97534,25,,,0,29,,97535,25,,,0,28,,97536,25,,,0,82,,97537,25,,,0,73,,97538,25,,,0,46,,97539,25,,,0,100,,97540,25,,,0,99,,97541,25,,,0,101,,97542,25,,,0
3101,'5458',605,,97544,25,,,0,36,,97545,25,,,0,74,,97546,25,,,0,29,,97547,25,,,0,70,,97548,25,,,0,30,,97549,25,,,0,70,,97550,25,,,0,30,,97551,25,,,0,69,,97552,25,,,0,30,,97553,25,,,0,69,,97554,25,,,0,32,,97555,25,,,0,71,,97556,25,,,0,31,,97557,25,,,0,70,,97558,25,,,0,31,,97559,25,,,0,71,,97560,25,,,0,29,,97561,25,,,0,73,,97563,25,,,0,33,,97562,25,,,0,71,,97564,25,,,0,76,,97565,25,,,0,31,,97566,25,,,0,69,,97567,25,,,0,29,,97568,25,,,0,28,,97569,25,,,0,82,,97570,25,,,0,73,,97571,25,,,0,46,,97572,25,,,0,100,,97573,25,,,0,99,,97574,25,,,0,101,,97575,25,,,0
3101,'5459',713,,97577,25,,,0,87,,97578,25,,,0,37,,97579,25,,,0,71,,97580,25,,,0,32,,97581,25,,,0,72,,97582,25,,,0,30,,97583,25,,,0,70,,97584,25,,,0,30,,97585,25,,,0,70,,97586,25,,,0,29,,97587,25,,,0,68,,97588,25,,,0,30,,97589,25,,,0,70,,97590,25,,,0,30,,97591,25,,,0,70,,97592,25,,,0,30,,97593,25,,,0,71,,97594,25,,,0,30,,97595,25,,,0,70,,97596,25,,,0,31,,97597,25,,,0,70,,97598,25,,,0,40,,97599,25,,,0,80,,97600,25,,,0,80,,97601,25,,,0,46,,97602,25,,,0,100,,97603,25,,,0,100,,97604,25,,,0,150,,97605,25,,,0
3101,'5460',723,,97608,25,,,0,102,,97609,25,,,0,92,,97610,25,,,0,40,,97611,25,,,0,78,,97607,25,,,0,75,,97612,25,,,0,30,,97613,25,,,0,70,,97614,25,,,0,30,,97615,25,,,0,70,,97616,25,,,0,30,,97617,25,,,0,70,,97618,25,,,0,30,,97619,25,,,0,70,,97620,25,,,0,30,,97621,25,,,0,70,,97622,25,,,0,30,,97623,25,,,0,70,,97624,25,,,0,31,,97625,25,,,0,71,,97626,25,,,0,40,,97627,25,,,0,80,,97628,25,,,0,80,,97629,25,,,0,47,,97630,25,,,0,98,,97631,25,,,0,100,,97632,25,,,0,154,,97633,25,,,0
3101,'5461',723,,97635,25,,,0,102,,97636,25,,,0,92,,97637,25,,,0,40,,97638,25,,,0,78,,97634,25,,,0,75,,97639,25,,,0,30,,97640,25,,,0,70,,97641,25,,,0,30,,97642,25,,,0,70,,97643,25,,,0,30,,97644,25,,,0,70,,97645,25,,,0,30,,97646,25,,,0,70,,97647,25,,,0,30,,97648,25,,,0,70,,97649,25,,,0,30,,97650,25,,,0,70,,97651,25,,,0,31,,97652,25,,,0,71,,97653,25,,,0,40,,97654,25,,,0,80,,97655,25,,,0,80,,97656,25,,,0,47,,97657,25,,,0,98,,97658,25,,,0,100,,97659,25,,,0,154,,97660,25,,,0
3101,'5462',723,,97662,25,,,0,102,,97663,25,,,0,92,,97664,25,,,0,40,,97665,25,,,0,78,,97661,25,,,0,75,,97666,25,,,0,30,,97667,25,,,0,70,,97668,25,,,0,30,,97669,25,,,0,70,,97670,25,,,0,30,,97671,25,,,0,70,,97672,25,,,0,30,,97673,25,,,0,70,,97674,25,,,0,30,,97675,25,,,0,70,,97676,25,,,0,30,,97677,25,,,0,70,,97678,25,,,0,31,,97679,25,,,0,71,,97680,25,,,0,40,,97681,25,,,0,80,,97682,25,,,0,80,,97683,25,,,0,47,,97684,25,,,0,98,,97685,25,,,0,100,,97686,25,,,0,154,,97687,25,,,0
3101,'5463',723,,97689,25,,,0,102,,97690,25,,,0,92,,97691,25,,,0,40,,97692,25,,,0,78,,97688,25,,,0,75,,97693,25,,,0,30,,97694,25,,,0,70,,97695,25,,,0,30,,97696,25,,,0,70,,97697,25,,,0,30,,97698,25,,,0,70,,97699,25,,,0,30,,97700,25,,,0,70,,97701,25,,,0,30,,97702,25,,,0,70,,97703,25,,,0,30,,97704,25,,,0,70,,97705,25,,,0,31,,97706,25,,,0,71,,97707,25,,,0,40,,97708,25,,,0,80,,97709,25,,,0,80,,97710,25,,,0,47,,97711,25,,,0,98,,97712,25,,,0,100,,97713,25,,,0,154,,97714,25,,,0
3201,'5456',728,,97813,34,,,0,84,,97816,34,,,0
3201,'5458',728,,97831,34,,,0,84,,97834,34,,,0
4700,'5456',708,,98600,50,,,0,25,,98598,50,,,0,68,,98599,50,,,0
4700,'5458',708,,98603,50,,,0,25,,98601,50,,,0,68,,98602,50,,,0
4800,'5456',705,,98610,54,,,0,28,,98611,54,,,0,71,,98612,54,,,0
4800,'5458',705,,98613,54,,,0,28,,98614,54,,,0,71,,98615,54,,,0
5300,'5456',741,,99175,47,,,0
5300,'5458',741,,99186,47,,,0
6100,'5456',609,,100420,74,,,0,44,,100418,74,,,0,56,,100419,74,,,0,22,,100412,74,,,0,26,,100411,74,,,0,59,,100406,74,,,0,19,,100405,74,,,0,67,,100404,74,,,0
6100,'5458',609,,100459,74,,,0,44,,100457,74,,,0,56,,100458,74,,,0,22,,100451,74,,,0,26,,100450,74,,,0,59,,100445,74,,,0,19,,100444,74,,,0,67,,100443,74,,,0
6500,'5456',635,,100802,59,,,0,104,,100801,59,,,0,68,,100800,59,,,0,42,,100799,59,,,0
6500,'5458',635,,100806,59,,,0,104,,100805,59,,,0,68,,100804,59,,,0,42,,100803,59,,,0
7001,'4832',943,,85875,17,,,0,100,,75009,17,,,0,102,,85876,17,,,0,100,,85877,17,,,0,104,,74998,17,,,0,100,,85878,17,,,0,103,,85879,17,,,0,96,,85880,17,,,0,102,,85881,17,,,0,96,,85882,17,,,0,100,,85883,17,,,0,100,,85884,17,,,0,99,,85885,17,,,0,101,,85888,17,,,0,97,,85886,17,,,0,96,,85887,17,,,0
7001,'5453',943,,85889,17,,,0,100,,85903,17,,,0,102,,85890,17,,,0,100,,85891,17,,,0,104,,85892,17,,,0,100,,85893,17,,,0,103,,85894,17,,,0,96,,85895,17,,,0,102,,85896,17,,,0,96,,85897,17,,,0,100,,85898,17,,,0,100,,85899,17,,,0,99,,85900,17,,,0,101,,85904,17,,,0,97,,85901,17,,,0,96,,85902,17,,,0
7001,'5456',742,,100962,17,,,0,108,,100972,17,,,0,96,,100963,17,,,0,99,,100969,17,,,0,104,,100964,17,,,0,99,,100965,17,,,0,101,,100966,17,,,0,101,,100967,17,,,0,109,,100968,17,,,0,97,,100970,17,,,0,69,,100974,17,,,0,30,,100971,17,,,0,95,,100973,17,,,0,97,,100975,17,,,0,198,,100976,17,,,0,198,,100977,17,,,0
7001,'5458',742,,100978,17,,,0,108,,100988,17,,,0,96,,100979,17,,,0,99,,100985,17,,,0,104,,100980,17,,,0,99,,100981,17,,,0,101,,100982,17,,,0,101,,100983,17,,,0,109,,100984,17,,,0,97,,100986,17,,,0,69,,100990,17,,,0,30,,100987,17,,,0,95,,100989,17,,,0,97,,100991,17,,,0,198,,100992,17,,,0,198,,100993,17,,,0
7001,'5459',944,,100994,17,,,0,102,,100995,17,,,0,102,,100996,17,,,0,101,,100997,17,,,0,101,,100998,17,,,0,105,,100999,17,,,0,99,,101000,17,,,0,99,,101001,17,,,0,92,,101002,17,,,0,99,,101003,17,,,0,97,,101004,17,,,0,200,,101005,17,,,0,200,,101006,17,,,0
7001,'5460',941,,101007,17,,,0,202,,101008,17,,,0,101,,101009,17,,,0,103,,101010,17,,,0,101,,101011,17,,,0,100,,101012,17,,,0,99,,101013,17,,,0,101,,101014,17,,,0,97,,101015,17,,,0,100,,101016,17,,,0,100,,101017,17,,,0,97,,101018,17,,,0,199,,101019,17,,,0,98,,101020,17,,,0
7001,'5461',941,,101021,17,,,0,102,,101035,17,,,0,100,,101022,17,,,0,101,,101023,17,,,0,103,,101024,17,,,0,101,,101025,17,,,0,100,,101026,17,,,0,99,,101027,17,,,0,101,,101028,17,,,0,97,,101029,17,,,0,100,,101030,17,,,0,100,,101031,17,,,0,97,,101032,17,,,0,101,,101036,17,,,0,98,,101033,17,,,0,98,,101034,17,,,0
7001,'5462',941,,101037,17,,,0,102,,101051,17,,,0,100,,101038,17,,,0,101,,101039,17,,,0,103,,101040,17,,,0,101,,101041,17,,,0,100,,101042,17,,,0,99,,101043,17,,,0,101,,101044,17,,,0,97,,101045,17,,,0,100,,101046,17,,,0,100,,101047,17,,,0,97,,101048,17,,,0,101,,101052,17,,,0,98,,101049,17,,,0,98,,101050,17,,,0
7001,'5463',941,,101053,17,,,0,202,,101054,17,,,0,101,,101055,17,,,0,103,,101056,17,,,0,101,,101057,17,,,0,100,,101058,17,,,0,99,,101059,17,,,0,101,,101060,17,,,0,97,,101061,17,,,0,100,,101062,17,,,0,100,,101063,17,,,0,97,,101064,17,,,0,199,,101065,17,,,0,98,,101066,17,,,0
7101,'5456',645,,101073,37,,,0,72,,101074,37,,,0,91,,101075,37,,,0
7101,'5458',645,,101076,37,,,0,72,,101077,37,,,0,91,,101078,37,,,0
7201,'4832',757,,86119,58,,,0,102,,86120,58,,,0,142,,86121,58,,,0,106,,86122,58,,,0,101,,86124,58,,,0,30,,86125,58,,,0,70,,86118,58,,,0,31,,86123,58,,,0,70,,86126,58,,,0,30,,86128,58,,,0,70,,86129,58,,,0,31,,86130,58,,,0,69,,86127,58,,,0,29,,86131,58,,,0,69,,86132,58,,,0,30,,86133,58,,,0,74,,86134,58,,,0,28,,86135,58,,,0,69,,86136,58,,,0,29,,86137,58,,,0,70,,86139,58,,,0,29,,86138,58,,,0,70,,86140,58,,,0,29,,86141,58,,,0,69,,86142,58,,,0,55,,86143,58,,,0,96,,86144,58,,,0
7201,'5453',757,,81140,58,,,0,102,,86146,58,,,0,142,,86147,58,,,0,106,,86148,58,,,0,101,,86150,58,,,0,30,,86151,58,,,0,70,,86145,58,,,0,31,,86149,58,,,0,70,,86152,58,,,0,30,,86154,58,,,0,70,,86155,58,,,0,31,,86156,58,,,0,69,,86153,58,,,0,29,,86157,58,,,0,69,,86158,58,,,0,30,,86159,58,,,0,74,,86160,58,,,0,28,,86161,58,,,0,69,,86162,58,,,0,29,,86163,58,,,0,70,,86165,58,,,0,29,,86164,58,,,0,70,,86166,58,,,0,29,,86167,58,,,0,69,,86168,58,,,0,55,,86169,58,,,0,96,,86170,58,,,0
7201,'5456',627,,101280,58,,,0,82,,101283,58,,,0,33,,101281,58,,,0,75,,101285,58,,,0,33,,101295,58,,,0,60,,101290,58,,,0,27,,101282,58,,,0,69,,101284,58,,,0,30,,101288,58,,,0,71,,101286,58,,,0,31,,101287,58,,,0,73,,101294,58,,,0,30,,101289,58,,,0,70,,101291,58,,,0,31,,101292,58,,,0,70,,101299,58,,,0,31,,101302,58,,,0,73,,101293,58,,,0,34,,101304,58,,,0,71,,101308,58,,,0,31,,101296,58,,,0,65,,101297,58,,,0,28,,101303,58,,,0,68,,101311,58,,,0,29,,101298,58,,,0,67,,101305,58,,,0,28,,101307,58,,,0,68,,101300,58,,,0,30,,101301,58,,,0,70,,101310,58,,,0,30,,101312,58,,,0,70,,101306,58,,,0
7201,'5457',1526,,101313,54,,,0
7201,'5458',627,,101314,58,,,0,82,,101317,58,,,0,33,,101315,58,,,0,75,,101319,58,,,0,33,,101330,58,,,0,60,,101324,58,,,0,27,,101316,58,,,0,69,,101318,58,,,0,30,,101322,58,,,0,71,,101320,58,,,0,31,,101321,58,,,0,73,,101329,58,,,0,30,,101323,58,,,0,70,,101325,58,,,0,31,,101326,58,,,0,70,,101334,58,,,0,31,,101337,58,,,0,73,,101328,58,,,0,10,,101327,54,,,0,24,,101339,58,,,0,71,,101343,58,,,0,31,,101331,58,,,0,65,,101332,58,,,0,28,,101338,58,,,0,68,,101346,58,,,0,29,,101333,58,,,0,67,,101340,58,,,0,28,,101342,58,,,0,68,,101335,58,,,0,30,,101336,58,,,0,70,,101345,58,,,0,30,,101347,58,,,0,70,,101341,58,,,0
7201,'5459',654,,101376,58,,,0,105,,101349,58,,,0,100,,101350,58,,,0,73,,101351,58,,,0,73,,101352,58,,,0,30,,101353,58,,,0,73,,101354,58,,,0,31,,101355,58,,,0,71,,101356,58,,,0,30,,101357,58,,,0,71,,101348,58,,,0,30,,101358,58,,,0,70,,101359,58,,,0,31,,101360,58,,,0,75,,101361,58,,,0,29,,101362,58,,,0,68,,101363,58,,,0,32,,101364,58,,,0,68,,101365,58,,,0,27,,101366,58,,,0,66,,101367,58,,,0,30,,101368,58,,,0,68,,101369,58,,,0,29,,101370,58,,,0,68,,101371,58,,,0,30,,101372,58,,,0,71,,101373,58,,,0,28,,101374,58,,,0,70,,101375,58,,,0
7201,'5460',757,,101378,58,,,0,102,,101379,58,,,0,142,,101380,58,,,0,106,,101381,58,,,0,101,,101383,58,,,0,30,,101384,58,,,0,70,,101377,58,,,0,31,,101382,58,,,0,70,,101385,58,,,0,30,,101387,58,,,0,70,,101388,58,,,0,31,,101389,58,,,0,69,,101386,58,,,0,29,,101390,58,,,0,69,,101391,58,,,0,30,,101392,58,,,0,74,,101393,58,,,0,28,,101394,58,,,0,69,,101395,58,,,0,29,,101396,58,,,0,70,,101398,58,,,0,29,,101397,58,,,0,70,,101399,58,,,0,29,,101400,58,,,0,69,,101401,58,,,0
7201,'5461',757,,101403,58,,,0,102,,101404,58,,,0,142,,101405,58,,,0,106,,101406,58,,,0,101,,101408,58,,,0,30,,101409,58,,,0,70,,101402,58,,,0,31,,101407,58,,,0,70,,101410,58,,,0,30,,101412,58,,,0,70,,101413,58,,,0,31,,101414,58,,,0,69,,101411,58,,,0,29,,101415,58,,,0,69,,101416,58,,,0,30,,101417,58,,,0,74,,101418,58,,,0,28,,101419,58,,,0,69,,101420,58,,,0,29,,101421,58,,,0,70,,101423,58,,,0,29,,101422,58,,,0,70,,101424,58,,,0,29,,101425,58,,,0,69,,101426,58,,,0
7201,'5462',757,,101428,58,,,0,102,,101429,58,,,0,142,,101430,58,,,0,106,,101431,58,,,0,101,,101433,58,,,0,30,,101434,58,,,0,70,,101427,58,,,0,31,,101432,58,,,0,70,,101435,58,,,0,30,,101437,58,,,0,70,,101438,58,,,0,31,,101439,58,,,0,69,,101436,58,,,0,29,,101440,58,,,0,69,,101441,58,,,0,30,,101442,58,,,0,74,,101443,58,,,0,28,,101444,58,,,0,69,,101445,58,,,0,29,,101446,58,,,0,70,,101448,58,,,0,29,,101447,58,,,0,70,,101449,58,,,0,29,,101450,58,,,0,69,,101451,58,,,0
7201,'5463',757,,101453,58,,,0,102,,101454,58,,,0,142,,101455,58,,,0,106,,101456,58,,,0,101,,101458,58,,,0,30,,101459,58,,,0,70,,101452,58,,,0,31,,101457,58,,,0,70,,101460,58,,,0,30,,101462,58,,,0,70,,101463,58,,,0,31,,101464,58,,,0,69,,101461,58,,,0,29,,101465,58,,,0,69,,101466,58,,,0,30,,101467,58,,,0,74,,101468,58,,,0,28,,101469,58,,,0,69,,101470,58,,,0,29,,101471,58,,,0,70,,101473,58,,,0,29,,101472,58,,,0,70,,101474,58,,,0,29,,101475,58,,,0,69,,101476,58,,,0
7501,'4832',926,,86298,53,,,0,111,,81302,55,,,0,102,,75783,55,,,0,104,,75784,55,,,0,71,,86299,55,,,0,12,,81311,34,,,0,18,,75786,55,,,0,70,,75787,55,,,0,12,,86309,34,,,0,18,,81304,55,,,0,13,,75804,34,,,0,58,,86300,55,,,0,13,,75805,34,,,0,18,,86301,55,,,0,12,,75806,34,,,0,58,,86302,55,,,0,12,,75807,34,,,0,18,,86303,55,,,0,12,,75808,34,,,0,55,,86308,34,,,0,15,,75809,34,,,0,18,,86304,55,,,0,67,,86310,34,,,0,33,,86305,55,,,0,66,,86311,34,,,0,32,,75795,55,,,0,98,,75796,55,,,0,99,,81308,55,,,0,100,,86306,55,,,0
7501,'5453',926,,81350,53,,,0,111,,81351,55,,,0,102,,81352,55,,,0,104,,81353,55,,,0,71,,86314,55,,,0,12,,81371,34,,,0,18,,81355,55,,,0,70,,81356,55,,,0,12,,86325,34,,,0,18,,86315,55,,,0,13,,81373,34,,,0,58,,86316,55,,,0,13,,86326,34,,,0,18,,86317,55,,,0,12,,81375,34,,,0,58,,86318,55,,,0,12,,81376,34,,,0,18,,86319,55,,,0,12,,81377,34,,,0,55,,86324,34,,,0,15,,86327,34,,,0,18,,86320,55,,,0,67,,86328,34,,,0,33,,86321,55,,,0,66,,86329,34,,,0,32,,86322,55,,,0,98,,81365,55,,,0,99,,81366,55,,,0,100,,81367,55,,,0
7501,'5456',621,,101665,53,,,0,30,,101662,53,,,0,63,,101663,53,,,0,22,,101667,53,,,0,65,,101669,53,,,0,26,,101664,53,,,0,19,,101674,53,,,0,56,,101671,53,,,0,28,,101666,53,,,0,72,,101668,55,,,0,39,,101670,55,,,0,71,,101672,55,,,0,34,,101673,55,,,0,68,,101675,55,,,0,30,,101676,55,,,0,71,,101677,55,,,0,30,,101678,55,,,0,70,,101679,55,,,0,33,,101680,55,,,0,73,,101681,55,,,0,34,,101682,55,,,0,60,,101698,55,,,0,10,,101683,55,,,0,19,,101685,55,,,0,14,,101684,55,,,0,49,,101693,53,,,0,9,,101697,34,,,0,10,,101686,55,,,0,26,,101687,55,,,0,66,,101688,55,,,0,29,,101689,55,,,0,96,,101690,55,,,0,96,,101691,55,,,0,100,,101692,55,,,0,98,,101694,55,,,0
7501,'5458',621,,101702,53,,,0,30,,101699,53,,,0,63,,101700,53,,,0,22,,101704,53,,,0,65,,101706,53,,,0,26,,101701,53,,,0,19,,101711,53,,,0,56,,101708,53,,,0,28,,101703,53,,,0,72,,101705,55,,,0,39,,101707,55,,,0,71,,101709,55,,,0,34,,101710,55,,,0,68,,101712,55,,,0,30,,101713,55,,,0,71,,101714,55,,,0,30,,101715,55,,,0,70,,101716,55,,,0,33,,101717,55,,,0,73,,101718,55,,,0,34,,101719,55,,,0,60,,101735,55,,,0,10,,101720,55,,,0,19,,101722,55,,,0,14,,101721,55,,,0,49,,101730,53,,,0,9,,101734,34,,,0,10,,101723,55,,,0,26,,101724,55,,,0,66,,101725,55,,,0,29,,101726,55,,,0,96,,101727,55,,,0,96,,101728,55,,,0,100,,101729,55,,,0,98,,101731,55,,,0
7501,'5459',824,,101737,53,,,0,102,,101738,53,,,0,115,,101739,55,,,0,105,,101740,55,,,0,102,,101741,55,,,0,70,,101742,55,,,0,31,,101743,55,,,0,70,,101744,55,,,0,30,,101745,55,,,0,73,,101746,55,,,0,30,,101747,55,,,0,70,,101748,55,,,0,29,,101749,55,,,0,69,,101750,55,,,0,30,,101751,55,,,0,96,,101752,55,,,0,94,,101753,55,,,0,98,,101754,55,,,0,100,,101755,55,,,0,100,,101756,55,,,0
7501,'5460',926,,101761,53,,,0,111,,101762,55,,,0,102,,101763,55,,,0,104,,101764,55,,,0,71,,101765,55,,,0,30,,101766,55,,,0,70,,101767,55,,,0,30,,101768,55,,,0,71,,101769,55,,,0,31,,101770,55,,,0,70,,101771,55,,,0,30,,101772,55,,,0,100,,101773,55,,,0,100,,101774,55,,,0,98,,101775,55,,,0,98,,101776,55,,,0,99,,101777,55,,,0,100,,101778,55,,,0
7501,'5461',926,,101783,53,,,0,111,,101784,55,,,0,102,,101785,55,,,0,104,,101786,55,,,0,71,,101787,55,,,0,30,,101788,55,,,0,70,,101789,55,,,0,30,,101790,55,,,0,71,,101791,55,,,0,31,,101792,55,,,0,70,,101793,55,,,0,30,,101794,55,,,0,100,,101795,55,,,0,100,,101796,55,,,0,98,,101797,55,,,0,98,,101798,55,,,0,99,,101799,55,,,0,100,,101800,55,,,0
7501,'5462',926,,101805,53,,,0,111,,101806,55,,,0,102,,101807,55,,,0,104,,101808,55,,,0,71,,101809,55,,,0,30,,101810,55,,,0,70,,101811,55,,,0,30,,101812,55,,,0,71,,101813,55,,,0,31,,101814,55,,,0,70,,101815,55,,,0,30,,101816,55,,,0,100,,101817,55,,,0,100,,101818,55,,,0,98,,101819,55,,,0,98,,101820,55,,,0,99,,101821,55,,,0,100,,101822,55,,,0
7501,'5463',926,,101827,53,,,0,111,,101828,55,,,0,102,,101829,55,,,0,104,,101830,55,,,0,71,,101831,55,,,0,30,,101832,55,,,0,70,,101833,55,,,0,30,,101834,55,,,0,71,,101835,55,,,0,31,,101836,55,,,0,70,,101837,55,,,0,30,,101838,55,,,0,100,,101839,55,,,0,100,,101840,55,,,0,98,,101841,55,,,0,98,,101842,55,,,0,99,,101843,55,,,0,100,,101844,55,,,0
9500,'4832',626,,86672,21,0,15,0,30,,86674,21,0,15,0,60,,86675,21,0,15,0,20,,86676,21,0,15,0,20,,86677,21,0,15,0,55,,86678,21,0,15,0,15,,86673,21,0,15,0,15,,86679,21,0,15,0,15,,86680,21,0,15,0,54,,86681,21,0,15,0,15,,86682,21,0,15,0,15,,86683,21,0,15,0,14,,86684,21,0,15,0,55,,86685,21,0,15,0,15,,86687,21,0,15,0,15,,86688,21,0,15,0,15,,86686,21,0,15,0,55,,86689,21,0,15,0,15,,86690,21,0,15,0,15,,86691,21,0,15,0,15,,86692,21,0,15,0,55,,86739,21,0,15,0,15,,86693,21,0,15,0,15,,86738,21,0,15,0,14,,86694,21,0,15,0,54,,86737,21,0,15,0,15,,86695,21,0,15,0,15,,86696,21,0,15,0,15,,86697,21,0,15,0,55,,86698,21,0,15,0,15,,86699,21,0,15,0,15,,86700,21,0,15,0,15,,86701,21,0,15,0,55,,86702,21,0,15,0,13,,86703,21,0,15,0,12,,86704,21,0,15,0,12,,86705,21,0,15,0,13,,86706,21,0,15,0,52,,86707,21,0,15,0,12,,86708,21,0,15,0,13,,86709,21,0,15,0,12,,86710,21,0,15,0,13,,86711,21,0,15,0,52,,86712,21,0,15,0,14,,86713,21,0,15,0,15,,86714,21,0,15,0,16,,86715,21,0,15,0,55,,86716,21,0,15,0,15,,86717,21,0,15,0,15,,86718,21,0,15,0,15,,86719,21,0,15,0,55,,86720,21,0,15,0,15,,86721,21,0,15,0,15,,86722,21,0,15,0,16,,86723,21,0,15,0,55,,86724,21,0,15,0,15,,86725,21,0,15,0,15,,86726,21,0,15,0,15,,86727,21,0,15,0,55,,86729,21,0,15,0,15,,86730,21,0,15,0,21,,86728,21,0,15,0,60,,86731,21,0,15,0,20,,86732,21,0,15,0,20,,86733,21,0,15,0,71,,86734,21,0,15,0,30,,86735,21,0,15,0,70,,86736,21,0,15,0
9500,'5453',626,,86740,21,0,15,0,30,,86742,21,0,15,0,60,,86743,21,0,15,0,20,,86744,21,0,15,0,20,,86745,21,0,15,0,55,,86746,21,0,15,0,15,,86741,21,0,15,0,15,,86747,21,0,15,0,15,,86748,21,0,15,0,54,,86749,21,0,15,0,15,,86750,21,0,15,0,15,,86751,21,0,15,0,14,,86752,21,0,15,0,55,,86753,21,0,15,0,15,,86755,21,0,15,0,15,,86756,21,0,15,0,15,,86754,21,0,15,0,55,,86757,21,0,15,0,15,,86758,21,0,15,0,15,,86759,21,0,15,0,15,,86760,21,0,15,0,55,,86807,21,0,15,0,15,,86761,21,0,15,0,15,,86806,21,0,15,0,14,,86762,21,0,15,0,54,,86805,21,0,15,0,15,,86763,21,0,15,0,15,,86764,21,0,15,0,15,,86765,21,0,15,0,55,,86766,21,0,15,0,15,,86767,21,0,15,0,15,,86768,21,0,15,0,15,,86769,21,0,15,0,55,,86770,21,0,15,0,13,,86771,21,0,15,0,12,,86772,21,0,15,0,12,,86773,21,0,15,0,13,,86774,21,0,15,0,52,,86775,21,0,15,0,12,,86776,21,0,15,0,13,,86777,21,0,15,0,12,,86778,21,0,15,0,13,,86779,21,0,15,0,52,,86780,21,0,15,0,14,,86781,21,0,15,0,15,,86782,21,0,15,0,16,,86783,21,0,15,0,55,,86784,21,0,15,0,15,,86785,21,0,15,0,15,,86786,21,0,15,0,15,,86787,21,0,15,0,55,,86788,21,0,15,0,15,,86789,21,0,15,0,15,,86790,21,0,15,0,16,,86791,21,0,15,0,55,,86792,21,0,15,0,15,,86793,21,0,15,0,15,,86794,21,0,15,0,15,,86795,21,0,15,0,55,,86797,21,0,15,0,15,,86798,21,0,15,0,21,,86796,21,0,15,0,60,,86799,21,0,15,0,20,,86800,21,0,15,0,20,,86801,21,0,15,0,71,,86802,21,0,15,0,30,,86803,21,0,15,0,70,,86804,21,0,15,0
9500,'5456',509,,102352,21,0,15,0,25,,102353,21,0,15,0,17,,102355,21,0,15,0,55,,102356,21,0,15,0,15,,102354,21,0,15,0,11,,102357,21,0,15,0,11,,102366,21,0,15,0,12,,102376,21,0,15,0,48,,102361,21,0,15,0,9,,102360,21,0,15,0,3,,102447,21,0,15,0,4,,102365,21,0,15,0,8,,102359,21,0,15,0,7,,102362,21,0,15,0,9,,102363,21,0,15,0,9,,102358,21,0,15,0,7,,102378,21,0,15,0,48,,102372,21,0,15,0,7,,102367,21,0,15,0,9,,102379,21,0,15,0,8,,102374,21,0,15,0,9,,102371,21,0,15,0,9,,102377,21,0,15,0,10,,102375,21,0,15,0,50,,102369,21,0,15,0,9,,102364,21,0,15,0,10,,102370,21,0,15,0,11,,102368,21,0,15,0,10,,102373,21,0,15,0,10,,102381,21,0,15,0,50,,102395,21,0,15,0,10,,102391,21,0,15,0,10,,102392,21,0,15,0,11,,102393,21,0,15,0,12,,102396,21,0,15,0,53,,102386,21,0,15,0,12,,102382,21,0,15,0,12,,102387,21,0,15,0,12,,102384,21,0,15,0,13,,102380,21,0,15,0,52,,102394,21,0,15,0,12,,102388,21,0,15,0,12,,102390,21,0,15,0,12,,102389,21,0,15,0,13,,102397,21,0,15,0,52,,102385,21,0,15,0,12,,102383,21,0,15,0,12,,102406,21,0,15,0,12,,102399,21,0,15,0,12,,102436,21,0,15,0,51,,102411,21,0,15,0,10,,102403,21,0,15,0,10,,102405,21,0,15,0,10,,102408,21,0,15,0,10,,102434,21,0,15,0,11,,102407,21,0,15,0,50,,102412,21,0,15,0,11,,102404,21,0,15,0,11,,102398,21,0,15,0,11,,102437,21,0,15,0,10,,102402,21,0,15,0,50,,102413,21,0,15,0,12,,102435,21,0,15,0,10,,102410,21,0,15,0,10,,102400,21,0,15,0,11,,102401,21,0,15,0,11,,102409,21,0,15,0,49,,102446,21,0,15,0,11,,102421,21,0,15,0,8,,102423,21,0,15,0,12,,102417,21,0,15,0,13,,102441,21,0,15,0,12,,102438,21,0,15,0,53,,102445,21,0,15,0,13,,102414,21,0,15,0,11,,102418,21,0,15,0,14,,102416,21,0,15,0,52,,102422,21,0,15,0,12,,102420,21,0,15,0,12,,102424,21,0,15,0,15,,102415,21,0,15,0,15,,102439,21,0,15,0,55,,102443,21,0,15,0,15,,102419,21,0,15,0,15,,102428,21,0,15,0,15,,102430,21,0,15,0,55,,102431,21,0,15,0,15,,102426,21,0,15,0,20,,102440,21,0,15,0,60,,102444,21,0,15,0,20,,102427,21,0,15,0,20,,102429,21,0,15,0,70,,102425,21,0,15,0,32,,102442,21,0,15,0,70,,102433,21,0,15,0,30,,102432,21,0,15,0
9500,'5458',509,,102448,21,0,15,0,25,,102449,21,0,15,0,17,,102451,21,0,15,0,55,,102452,21,0,15,0,15,,102450,21,0,15,0,11,,102453,21,0,15,0,11,,102462,21,0,15,0,12,,102472,21,0,15,0,48,,102457,21,0,15,0,9,,102456,21,0,15,0,3,,102546,21,0,15,0,4,,102461,21,0,15,0,8,,102455,21,0,15,0,7,,102458,21,0,15,0,9,,102459,21,0,15,0,9,,102454,21,0,15,0,7,,102474,21,0,15,0,48,,102468,21,0,15,0,7,,102463,21,0,15,0,9,,102475,21,0,15,0,8,,102470,21,0,15,0,9,,102467,21,0,15,0,9,,102473,21,0,15,0,10,,102471,21,0,15,0,50,,102465,21,0,15,0,9,,102460,21,0,15,0,10,,102466,21,0,15,0,11,,102464,21,0,15,0,10,,102469,21,0,15,0,10,,102477,21,0,15,0,50,,102491,21,0,15,0,10,,102487,21,0,15,0,10,,102488,21,0,15,0,11,,102489,21,0,15,0,12,,102492,21,0,15,0,53,,102482,21,0,15,0,12,,102478,21,0,15,0,12,,102483,21,0,15,0,12,,102480,21,0,15,0,13,,102476,21,0,15,0,52,,102490,21,0,15,0,12,,102484,21,0,15,0,12,,102486,21,0,15,0,12,,102485,21,0,15,0,13,,102493,21,0,15,0,52,,102481,21,0,15,0,12,,102479,21,0,15,0,12,,102502,21,0,15,0,12,,102495,21,0,15,0,12,,102532,21,0,15,0,51,,102507,21,0,15,0,10,,102499,21,0,15,0,10,,102501,21,0,15,0,10,,102504,21,0,15,0,10,,102530,21,0,15,0,11,,102503,21,0,15,0,50,,102508,21,0,15,0,11,,102500,21,0,15,0,11,,102494,21,0,15,0,11,,102533,21,0,15,0,10,,102498,21,0,15,0,50,,102509,21,0,15,0,12,,102531,21,0,15,0,10,,102506,21,0,15,0,10,,102496,21,0,15,0,11,,102497,21,0,15,0,11,,102505,21,0,15,0,49,,102542,21,0,15,0,11,,102517,21,0,15,0,8,,102519,21,0,15,0,12,,102513,21,0,15,0,13,,102537,21,0,15,0,12,,102534,21,0,15,0,53,,102541,21,0,15,0,13,,102510,21,0,15,0,11,,102514,21,0,15,0,14,,102512,21,0,15,0,52,,102518,21,0,15,0,12,,102516,21,0,15,0,12,,102520,21,0,15,0,15,,102511,21,0,15,0,15,,102535,21,0,15,0,55,,102539,21,0,15,0,15,,102515,21,0,15,0,15,,102524,21,0,15,0,15,,102526,21,0,15,0,55,,102527,21,0,15,0,15,,102522,21,0,15,0,20,,102536,21,0,15,0,60,,102540,21,0,15,0,20,,102523,21,0,15,0,20,,102525,21,0,15,0,70,,102521,21,0,15,0,32,,102538,21,0,15,0,70,,102529,21,0,15,0,30,,102528,21,0,15,0,70,,102543,21,0,15,0,30,,102544,21,0,15,0,70,,102545,21,0,15,0
9500,'5459',624,,102547,21,0,15,0,32,,102548,21,0,15,0,62,,102549,21,0,15,0,15,,102550,21,0,15,0,15,,102551,21,0,15,0,55,,102552,21,0,15,0,16,,102553,21,0,15,0,16,,102554,21,0,15,0,15,,102555,21,0,15,0,54,,102556,21,0,15,0,14,,102557,21,0,15,0,15,,102558,21,0,15,0,15,,102559,21,0,15,0,55,,102560,21,0,15,0,14,,102561,21,0,15,0,15,,102562,21,0,15,0,15,,102563,21,0,15,0,55,,102564,21,0,15,0,15,,102565,21,0,15,0,15,,102566,21,0,15,0,14,,102567,21,0,15,0,13,,102568,21,0,15,0,52,,102569,21,0,15,0,11,,102570,21,0,15,0,12,,102571,21,0,15,0,12,,102572,21,0,15,0,12,,102573,21,0,15,0,52,,102574,21,0,15,0,11,,102575,21,0,15,0,12,,102576,21,0,15,0,12,,102577,21,0,15,0,13,,102578,21,0,15,0,52,,102579,21,0,15,0,12,,102580,21,0,15,0,12,,102581,21,0,15,0,11,,102582,21,0,15,0,11,,102583,21,0,15,0,52,,102584,21,0,15,0,13,,102585,21,0,15,0,12,,102586,21,0,15,0,12,,102587,21,0,15,0,12,,102588,21,0,15,0,52,,102589,21,0,15,0,12,,102590,21,0,15,0,13,,102591,21,0,15,0,12,,102592,21,0,15,0,12,,102593,21,0,15,0,53,,102594,21,0,15,0,12,,102595,21,0,15,0,12,,102596,21,0,15,0,12,,102597,21,0,15,0,53,,102598,21,0,15,0,12,,102599,21,0,15,0,13,,102600,21,0,15,0,16,,102601,21,0,15,0,15,,102602,21,0,15,0,55,,102603,21,0,15,0,15,,102604,21,0,15,0,15,,102605,21,0,15,0,15,,102606,21,0,15,0,55,,102607,21,0,15,0,15,,102608,21,0,15,0,16,,102609,21,0,15,0,15,,102610,21,0,15,0,55,,102611,21,0,15,0,15,,102612,21,0,15,0,20,,102613,21,0,15,0,60,,102614,21,0,15,0,20,,102615,21,0,15,0,20,,102616,21,0,15,0,71,,102617,21,0,15,0,30,,102618,21,0,15,0,70,,102619,21,0,15,0,30,,102620,21,0,15,0,69,,102621,21,0,15,0,30,,102622,21,0,15,0,70,,102623,21,0,15,0
9500,'5460',626,,102624,21,0,15,0,30,,102626,21,0,15,0,60,,102627,21,0,15,0,20,,102628,21,0,15,0,20,,102629,21,0,15,0,55,,102630,21,0,15,0,15,,102625,21,0,15,0,15,,102631,21,0,15,0,15,,102632,21,0,15,0,54,,102633,21,0,15,0,15,,102634,21,0,15,0,15,,102635,21,0,15,0,14,,102636,21,0,15,0,55,,102637,21,0,15,0,15,,102639,21,0,15,0,15,,102640,21,0,15,0,15,,102638,21,0,15,0,55,,102641,21,0,15,0,15,,102642,21,0,15,0,15,,102643,21,0,15,0,15,,102644,21,0,15,0,55,,102691,21,0,15,0,15,,102645,21,0,15,0,15,,102690,21,0,15,0,14,,102646,21,0,15,0,54,,102689,21,0,15,0,15,,102647,21,0,15,0,15,,102648,21,0,15,0,15,,102649,21,0,15,0,55,,102650,21,0,15,0,15,,102651,21,0,15,0,15,,102652,21,0,15,0,15,,102653,21,0,15,0,55,,102654,21,0,15,0,13,,102655,21,0,15,0,12,,102656,21,0,15,0,12,,102657,21,0,15,0,13,,102658,21,0,15,0,52,,102659,21,0,15,0,12,,102660,21,0,15,0,13,,102661,21,0,15,0,12,,102662,21,0,15,0,13,,102663,21,0,15,0,52,,102664,21,0,15,0,14,,102665,21,0,15,0,15,,102666,21,0,15,0,16,,102667,21,0,15,0,55,,102668,21,0,15,0,15,,102669,21,0,15,0,15,,102670,21,0,15,0,15,,102671,21,0,15,0,55,,102672,21,0,15,0,15,,102673,21,0,15,0,15,,102674,21,0,15,0,16,,102675,21,0,15,0,55,,102676,21,0,15,0,15,,102677,21,0,15,0,15,,102678,21,0,15,0,15,,102679,21,0,15,0,55,,102681,21,0,15,0,15,,102682,21,0,15,0,21,,102680,21,0,15,0,60,,102683,21,0,15,0,20,,102684,21,0,15,0,20,,102685,21,0,15,0,71,,102686,21,0,15,0,30,,102687,21,0,15,0,70,,102688,21,0,15,0
9500,'5461',626,,102692,21,0,15,0,30,,102694,21,0,15,0,60,,102695,21,0,15,0,20,,102696,21,0,15,0,20,,102697,21,0,15,0,55,,102698,21,0,15,0,15,,102693,21,0,15,0,15,,102699,21,0,15,0,15,,102700,21,0,15,0,54,,102701,21,0,15,0,15,,102702,21,0,15,0,15,,102703,21,0,15,0,14,,102704,21,0,15,0,55,,102705,21,0,15,0,15,,102707,21,0,15,0,15,,102708,21,0,15,0,15,,102706,21,0,15,0,55,,102709,21,0,15,0,15,,102710,21,0,15,0,15,,102711,21,0,15,0,15,,102712,21,0,15,0,55,,102759,21,0,15,0,15,,102713,21,0,15,0,15,,102758,21,0,15,0,14,,102714,21,0,15,0,54,,102757,21,0,15,0,15,,102715,21,0,15,0,15,,102716,21,0,15,0,15,,102717,21,0,15,0,55,,102718,21,0,15,0,15,,102719,21,0,15,0,15,,102720,21,0,15,0,15,,102721,21,0,15,0,55,,102722,21,0,15,0,13,,102723,21,0,15,0,12,,102724,21,0,15,0,12,,102725,21,0,15,0,13,,102726,21,0,15,0,52,,102727,21,0,15,0,12,,102728,21,0,15,0,13,,102729,21,0,15,0,12,,102730,21,0,15,0,13,,102731,21,0,15,0,52,,102732,21,0,15,0,14,,102733,21,0,15,0,15,,102734,21,0,15,0,16,,102735,21,0,15,0,55,,102736,21,0,15,0,15,,102737,21,0,15,0,15,,102738,21,0,15,0,15,,102739,21,0,15,0,55,,102740,21,0,15,0,15,,102741,21,0,15,0,15,,102742,21,0,15,0,16,,102743,21,0,15,0,55,,102744,21,0,15,0,15,,102745,21,0,15,0,15,,102746,21,0,15,0,15,,102747,21,0,15,0,55,,102749,21,0,15,0,15,,102750,21,0,15,0,21,,102748,21,0,15,0,60,,102751,21,0,15,0,20,,102752,21,0,15,0,20,,102753,21,0,15,0,71,,102754,21,0,15,0,30,,102755,21,0,15,0,70,,102756,21,0,15,0
9500,'5462',626,,102760,21,0,15,0,30,,102762,21,0,15,0,60,,102763,21,0,15,0,20,,102764,21,0,15,0,20,,102765,21,0,15,0,55,,102766,21,0,15,0,15,,102761,21,0,15,0,15,,102767,21,0,15,0,15,,102768,21,0,15,0,54,,102769,21,0,15,0,15,,102770,21,0,15,0,15,,102771,21,0,15,0,14,,102772,21,0,15,0,55,,102773,21,0,15,0,15,,102775,21,0,15,0,15,,102776,21,0,15,0,15,,102774,21,0,15,0,55,,102777,21,0,15,0,15,,102778,21,0,15,0,15,,102779,21,0,15,0,15,,102780,21,0,15,0,55,,102827,21,0,15,0,15,,102781,21,0,15,0,15,,102826,21,0,15,0,14,,102782,21,0,15,0,54,,102825,21,0,15,0,15,,102783,21,0,15,0,15,,102784,21,0,15,0,15,,102785,21,0,15,0,55,,102786,21,0,15,0,15,,102787,21,0,15,0,15,,102788,21,0,15,0,15,,102789,21,0,15,0,55,,102790,21,0,15,0,13,,102791,21,0,15,0,12,,102792,21,0,15,0,12,,102793,21,0,15,0,13,,102794,21,0,15,0,52,,102795,21,0,15,0,12,,102796,21,0,15,0,13,,102797,21,0,15,0,12,,102798,21,0,15,0,13,,102799,21,0,15,0,52,,102800,21,0,15,0,14,,102801,21,0,15,0,15,,102802,21,0,15,0,16,,102803,21,0,15,0,55,,102804,21,0,15,0,15,,102805,21,0,15,0,15,,102806,21,0,15,0,15,,102807,21,0,15,0,55,,102808,21,0,15,0,15,,102809,21,0,15,0,15,,102810,21,0,15,0,16,,102811,21,0,15,0,55,,102812,21,0,15,0,15,,102813,21,0,15,0,15,,102814,21,0,15,0,15,,102815,21,0,15,0,55,,102817,21,0,15,0,15,,102818,21,0,15,0,21,,102816,21,0,15,0,60,,102819,21,0,15,0,20,,102820,21,0,15,0,20,,102821,21,0,15,0,71,,102822,21,0,15,0,30,,102823,21,0,15,0,70,,102824,21,0,15,0
9500,'5463',626,,102828,21,0,15,0,30,,102830,21,0,15,0,60,,102831,21,0,15,0,20,,102832,21,0,15,0,20,,102833,21,0,15,0,55,,102834,21,0,15,0,15,,102829,21,0,15,0,15,,102835,21,0,15,0,15,,102836,21,0,15,0,54,,102837,21,0,15,0,15,,102838,21,0,15,0,15,,102839,21,0,15,0,14,,102840,21,0,15,0,55,,102841,21,0,15,0,15,,102843,21,0,15,0,15,,102844,21,0,15,0,15,,102842,21,0,15,0,55,,102845,21,0,15,0,15,,102846,21,0,15,0,15,,102847,21,0,15,0,15,,102848,21,0,15,0,55,,102895,21,0,15,0,15,,102849,21,0,15,0,15,,102894,21,0,15,0,14,,102850,21,0,15,0,54,,102893,21,0,15,0,15,,102851,21,0,15,0,15,,102852,21,0,15,0,15,,102853,21,0,15,0,55,,102854,21,0,15,0,15,,102855,21,0,15,0,15,,102856,21,0,15,0,15,,102857,21,0,15,0,55,,102858,21,0,15,0,13,,102859,21,0,15,0,12,,102860,21,0,15,0,12,,102861,21,0,15,0,13,,102862,21,0,15,0,52,,102863,21,0,15,0,12,,102864,21,0,15,0,13,,102865,21,0,15,0,12,,102866,21,0,15,0,13,,102867,21,0,15,0,52,,102868,21,0,15,0,14,,102869,21,0,15,0,15,,102870,21,0,15,0,16,,102871,21,0,15,0,55,,102872,21,0,15,0,15,,102873,21,0,15,0,15,,102874,21,0,15,0,15,,102875,21,0,15,0,55,,102876,21,0,15,0,15,,102877,21,0,15,0,15,,102878,21,0,15,0,16,,102879,21,0,15,0,55,,102880,21,0,15,0,15,,102881,21,0,15,0,15,,102882,21,0,15,0,15,,102883,21,0,15,0,55,,102885,21,0,15,0,15,,102886,21,0,15,0,21,,102884,21,0,15,0,60,,102887,21,0,15,0,20,,102888,21,0,15,0,20,,102889,21,0,15,0,71,,102890,21,0,15,0,30,,102891,21,0,15,0,70,,102892,21,0,15,0
1002201,'5456',716,,103718,40,,,0,218,,103719,40,,,0,200,,103720,40,,,0,197,,103721,26,,,0,174,,103722,26,,,0,26,,103724,26,0,5 49,0,175,,103723,26,,,0,132,,103725,26,,,0,172,,103726,26,,,0
1002201,'5458',716,,103727,40,,,0,218,,103728,40,,,0,200,,103729,40,,,0,197,,103730,26,,,0,99,,103731,26,0,5 49,0,75,,103732,26,,,0,201,,103733,26,,,0,132,,103734,26,,,0,172,,103735,26,,,0
1007201,'5456',2308,,103776,61,,,0,96,,103778,61,,,0,98,,103777,61,,,0
1007201,'5458',2308,,103779,61,,,0,96,,103781,61,,,0,98,,103780,61,,,0
1007201,'5459',2309,,103782,61,,,0,96,,103783,61,,,0,96,,103784,61,,,0
1007201,'5460',2307,,103785,61,,,0,96,,103786,61,,,0
1007201,'5461',2307,,103787,61,,,0,96,,103788,61,,,0
1007201,'5462',2307,,103789,61,,,0,96,,103790,61,,,0
1007201,'5463',2307,,103791,61,,,0,96,,103792,61,,,0
24007001,'4832',1138,,87448,16,,,0,206,,77833,16,,,0,100,,87454,16,,,0,103,,87449,16,,,0,198,,87450,16,,,0,195,,87451,16,,,0,198,,87452,16,,,0
24007001,'5453',1035,,81949,16,,,0,103,,87455,16,,,0,103,,87461,16,,,0,103,,81942,16,,,0,100,,87460,16,,,0,103,,87456,16,,,0,98,,81951,16,,,0,100,,87457,16,,,0,97,,87462,16,,,0,98,,81945,16,,,0,198,,87458,16,,,0
24007001,'5458',1342,,104142,16,,,0,208,,104143,16,,,0,199,,104144,16,,,0,191,,104146,16,,,0,198,,104145,16,,,0
24007001,'5459',1142,,104147,16,,,0,199,,104148,16,,,0,205,,104149,16,,,0,193,,104150,16,,,0,198,,104151,16,,,0,198,,104152,16,,,0
24007001,'5460',1137,,104154,16,,,0,205,,104155,16,,,0,203,,104156,16,,,0,196,,104157,16,,,0,199,,104158,16,,,0,197,,104159,16,,,0
24007001,'5461',1137,,104161,16,,,0,108,,104168,16,,,0,97,,104162,16,,,0,102,,104170,16,,,0,101,,104163,16,,,0,100,,104169,16,,,0,96,,104164,16,,,0,101,,104171,16,,,0,98,,104165,16,,,0,197,,104166,16,,,0
24007001,'5462',1137,,104172,16,,,0,108,,104179,16,,,0,97,,104173,16,,,0,102,,104181,16,,,0,101,,104174,16,,,0,100,,104180,16,,,0,96,,104175,16,,,0,101,,104182,16,,,0,98,,104176,16,,,0,197,,104177,16,,,0
24007001,'5463',1137,,104183,16,,,0,108,,104190,16,,,0,97,,104184,16,,,0,203,,104185,16,,,0,100,,104191,16,,,0,96,,104186,16,,,0,199,,104187,16,,,0,197,,104188,16,,,0
