801,'4832',939,,66095,15,0,8 9,0,85,,66096,15,0,8 9,0,91,,66097,15,0,8 9,0,88,,66098,15,0,8 9,0,50,,66094,15,0,8 9,0,92,,66099,15,0,8 9,0,91,,66100,15,0,8 9,0,92,,66101,15,0,8 9,0,90,,66102,15,0,8 9,0,90,,66103,15,0,8 9,0,47,,66104,15,0,8 9,0
801,'5453',939,,78749,15,0,8 9,0,85,,78750,15,0,8 9,0,91,,78751,15,0,8 9,0,88,,78752,15,0,8 9,0,50,,78748,15,0,8 9,0,92,,78753,15,0,8 9,0,91,,78754,15,0,8 9,0,92,,78755,15,0,8 9,0,90,,78756,15,0,8 9,0,90,,78757,15,0,8 9,0,47,,78758,15,0,8 9,0
801,'5456',647,,90641,15,,,0,58,,90665,5,,,0,18,,90642,15,,,0,24,,90645,15,,,0,65,,90643,15,,,0,35,,90646,15,,,0,86,,90644,15,,,0,84,,90647,15,,,0,32,,90649,15,,,0,82,,90648,15,,,0,84,,90651,15,,,0,39,,90650,15,,,0,85,,90654,15,,,0,87,,90652,15,,,0,27,,90666,15,0,8 9,0,57,,90653,15,,,0,32,,90656,15,,,0,74,,90655,15,,,0,36,,90658,15,,,0,84,,90657,15,,,0,71,,90660,15,,,0,31,,90659,15,,,0,74,,90661,15,,,0,47,,90662,15,,,0,97,,90663,15,,,0,85,,90664,15,,,0
801,'5458',647,,90667,15,,,0,58,,90691,5,,,0,18,,90668,15,,,0,24,,90671,15,,,0,65,,90669,15,,,0,35,,90672,15,,,0,86,,90670,15,,,0,84,,90673,15,,,0,32,,90675,15,,,0,82,,90674,15,,,0,84,,90677,15,,,0,39,,90676,15,,,0,85,,90680,15,,,0,87,,90678,15,,,0,27,,90692,15,0,8 9,0,57,,90679,15,,,0,32,,90682,15,,,0,74,,90681,15,,,0,36,,90684,15,,,0,84,,90683,15,,,0,71,,90686,15,,,0,31,,90685,15,,,0,74,,90687,15,,,0,47,,90688,15,,,0,97,,90689,15,,,0,85,,90690,15,,,0
801,'5459',723,,90694,15,0,8 9,0,85,,90695,15,0,8 9,0,45,,90696,15,0,8 9,0,86,,90697,15,0,8 9,0,85,,90698,15,0,8 9,0,92,,90699,15,0,8 9,0,88,,90700,15,0,8 9,0,51,,90701,15,0,8 9,0,92,,90693,15,0,8 9,0,90,,90702,15,0,8 9,0,92,,90703,15,0,8 9,0,90,,90704,15,0,8 9,0,90,,90705,15,0,8 9,0,46,,90706,15,0,8 9,0,84,,90707,15,0,8 9,0
801,'5460',939,,90709,15,0,8 9,0,85,,90710,15,0,8 9,0,91,,90711,15,0,8 9,0,88,,90712,15,0,8 9,0,50,,90708,15,0,8 9,0,92,,90713,15,0,8 9,0,91,,90714,15,0,8 9,0,92,,90715,15,0,8 9,0,90,,90716,15,0,8 9,0,90,,90717,15,0,8 9,0,47,,90718,15,0,8 9,0
801,'5461',939,,90720,15,0,8 9,0,85,,90721,15,0,8 9,0,91,,90722,15,0,8 9,0,88,,90723,15,0,8 9,0,50,,90719,15,0,8 9,0,92,,90724,15,0,8 9,0,91,,90725,15,0,8 9,0,92,,90726,15,0,8 9,0,90,,90727,15,0,8 9,0,90,,90728,15,0,8 9,0,47,,90729,15,0,8 9,0
801,'5462',939,,90731,15,0,8 9,0,85,,90732,15,0,8 9,0,91,,90733,15,0,8 9,0,88,,90734,15,0,8 9,0,50,,90730,15,0,8 9,0,92,,90735,15,0,8 9,0,91,,90736,15,0,8 9,0,92,,90737,15,0,8 9,0,90,,90738,15,0,8 9,0,90,,90739,15,0,8 9,0,47,,90740,15,0,8 9,0
801,'5463',939,,90742,15,0,8 9,0,85,,90743,15,0,8 9,0,91,,90744,15,0,8 9,0,88,,90745,15,0,8 9,0,50,,90741,15,0,8 9,0,92,,90746,15,0,8 9,0,91,,90747,15,0,8 9,0,92,,90748,15,0,8 9,0,90,,90749,15,0,8 9,0,90,,90750,15,0,8 9,0,47,,90751,15,0,8 9,0
1400,'4832',647,,67258,41,,,0,70,,67246,41,,,0,30,,82888,41,,,0,64,,67253,41,,,0,20,,67224,41,,,0,15,,67271,41,,,0,55,,67252,41,,,0,15,,67237,41,,,0,15,,67244,41,,,0,16,,82887,41,,,0,55,,67228,41,,,0,15,,67256,41,,,0,15,,67225,41,,,0,15,,67255,41,,,0,55,,67229,41,,,0,15,,67238,41,,,0,15,,67245,41,,,0,15,,67267,41,,,0,55,,67227,41,,,0,16,,67257,41,,,0,15,,67230,41,,,0,16,,67254,41,,,0,55,,67226,41,,,0,15,,67235,41,,,0,14,,67215,41,,,0,15,,67242,41,,,0,55,,67264,41,,,0,15,,67217,41,,,0,15,,67251,41,,,0,15,,67221,41,,,0,55,,67248,41,,,0,15,,67222,41,,,0,15,,67233,41,,,0,15,,67214,41,,,0,55,,67241,41,,,0,15,,67263,41,,,0,15,,67220,41,,,0,15,,67249,41,,,0,55,,67218,41,,,0,15,,67250,41,,,0,15,,67219,41,,,0,15,,67236,41,,,0,55,,67216,41,,,0,14,,82883,41,,,0,15,,67266,41,,,0,15,,67223,41,,,0,54,,67260,41,,,0,18,,67262,41,,,0,20,,67232,41,,,0,20,,67234,41,,,0,60,,82884,41,,,0,21,,67270,41,,,0,69,,82885,41,,,0,29,,67231,41,,,0,70,,67239,41,,,0,30,,67269,41,,,0,69,,82886,41,,,0,29,,67240,41,,,0
1400,'5453',647,,78949,41,,,0,70,,78937,41,,,0,30,,82893,41,,,0,64,,78944,41,,,0,20,,78915,41,,,0,15,,78962,41,,,0,55,,78943,41,,,0,15,,78928,41,,,0,15,,78935,41,,,0,16,,82891,41,,,0,55,,78919,41,,,0,15,,78947,41,,,0,15,,78916,41,,,0,15,,78946,41,,,0,55,,78920,41,,,0,15,,78929,41,,,0,15,,78936,41,,,0,15,,78958,41,,,0,55,,78918,41,,,0,16,,78948,41,,,0,15,,78921,41,,,0,16,,78945,41,,,0,55,,78917,41,,,0,15,,82889,41,,,0,14,,78906,41,,,0,15,,78933,41,,,0,55,,78955,41,,,0,15,,78908,41,,,0,15,,78942,41,,,0,15,,78912,41,,,0,55,,78939,41,,,0,15,,78913,41,,,0,15,,78924,41,,,0,15,,78905,41,,,0,55,,78932,41,,,0,15,,78954,41,,,0,15,,78911,41,,,0,15,,78940,41,,,0,55,,78909,41,,,0,15,,78941,41,,,0,15,,78910,41,,,0,15,,78927,41,,,0,55,,78907,41,,,0,14,,78934,41,,,0,15,,82892,41,,,0,15,,78914,41,,,0,54,,78951,41,,,0,18,,78953,41,,,0,20,,78923,41,,,0,20,,78925,41,,,0,60,,78938,41,,,0,21,,78961,41,,,0,69,,78950,41,,,0,29,,78922,41,,,0,70,,82890,41,,,0,30,,78960,41,,,0,69,,78952,41,,,0,29,,78931,41,,,0
1400,'5456',616,,91738,41,,,0,20,,91739,41,,,0,18,,91740,41,,,0,56,,91741,41,,,0,16,,91742,41,,,0,6,,91729,12,,,0,6,,91743,41,,,0,9,,91744,41,,,0,7,,91730,12,,,0,46,,91745,41,,,0,6,,91731,12,,,0,6,,91746,41,,,0,8,,91732,12,,,0,5,,91747,41,,,0,8,,91733,12,,,0,5,,91748,41,,,0,8,,91734,12,,,0,3,,91749,41,,,0,4,,91750,41,,,0,5,,91751,41,,,0,45,,91752,41,,,0,8,,91735,12,,,0,6,,91753,41,,,0,6,,91736,12,,,0,6,,91754,41,,,0,7,,91737,12,,,0,6,,91755,41,,,0,11,,91756,41,,,0,53,,91757,41,,,0,12,,91758,41,,,0,13,,91759,41,,,0,13,,91760,41,,,0,13,,91761,41,,,0,53,,91762,41,,,0,13,,91763,41,,,0,13,,91764,41,,,0,14,,91765,41,,,0,53,,91766,41,,,0,13,,91767,41,,,0,13,,91768,41,,,0,12,,91769,41,,,0,13,,91770,41,,,0,53,,91771,41,,,0,13,,91772,41,,,0,13,,91773,41,,,0,14,,91774,41,,,0,53,,91775,41,,,0,14,,91776,41,,,0,12,,91777,41,,,0,14,,91778,41,,,0,11,,91779,41,,,0,53,,91780,41,,,0,21,,91781,41,,,0,7,,91812,41,,,0,7,,91782,41,,,0,17,,91783,41,,,0,56,,91784,41,,,0,15,,91785,41,,,0,15,,91786,41,,,0,14,,91787,41,,,0,56,,91788,41,,,0,15,,91789,41,,,0,15,,91790,41,,,0,16,,91791,41,,,0,56,,91792,41,,,0,13,,91793,41,,,0,14,,91794,41,,,0,15,,91795,41,,,0,53,,91796,41,,,0,14,,91797,41,,,0,15,,91798,41,,,0,17,,91799,41,,,0,59,,91800,41,,,0,19,,91801,41,,,0,20,,91802,41,,,0,60,,91803,41,,,0,20,,91804,41,,,0,20,,91805,41,,,0,60,,91806,41,,,0,20,,91807,41,,,0,70,,91808,41,,,0,30,,91809,41,,,0,70,,91810,41,,,0,30,,91811,41,,,0
1400,'5458',616,,91822,41,,,0,20,,91823,41,,,0,18,,91824,41,,,0,56,,91825,41,,,0,16,,91826,41,,,0,6,,91813,12,,,0,6,,91827,41,,,0,9,,91828,41,,,0,7,,91814,12,,,0,46,,91829,41,,,0,6,,91815,12,,,0,6,,91830,41,,,0,8,,91816,12,,,0,5,,91831,41,,,0,8,,91817,12,,,0,5,,91832,41,,,0,8,,91818,12,,,0,3,,91833,41,,,0,4,,91834,41,,,0,5,,91835,41,,,0,45,,91836,41,,,0,8,,91819,12,,,0,6,,91837,41,,,0,6,,91820,12,,,0,6,,91838,41,,,0,7,,91821,12,,,0,6,,91839,41,,,0,11,,91840,41,,,0,53,,91841,41,,,0,12,,91842,41,,,0,13,,91843,41,,,0,13,,91844,41,,,0,13,,91845,41,,,0,53,,91846,41,,,0,13,,91847,41,,,0,13,,91848,41,,,0,14,,91849,41,,,0,53,,91850,41,,,0,13,,91851,41,,,0,13,,91852,41,,,0,12,,91853,41,,,0,13,,91854,41,,,0,53,,91855,41,,,0,13,,91856,41,,,0,13,,91857,41,,,0,14,,91858,41,,,0,53,,91859,41,,,0,14,,91860,41,,,0,12,,91861,41,,,0,14,,91862,41,,,0,11,,91863,41,,,0,53,,91864,41,,,0,21,,91865,41,,,0,7,,91900,41,,,0,7,,91866,41,,,0,17,,91867,41,,,0,56,,91868,41,,,0,15,,91869,41,,,0,15,,91870,41,,,0,14,,91871,41,,,0,56,,91872,41,,,0,15,,91873,41,,,0,15,,91874,41,,,0,16,,91875,41,,,0,56,,91876,41,,,0,13,,91877,41,,,0,14,,91878,41,,,0,15,,91879,41,,,0,53,,91880,41,,,0,14,,91881,41,,,0,15,,91882,41,,,0,17,,91883,41,,,0,59,,91884,41,,,0,19,,91885,41,,,0,20,,91886,41,,,0,60,,91887,41,,,0,20,,91888,41,,,0,20,,91889,41,,,0,60,,91890,41,,,0,20,,91891,41,,,0,70,,91892,41,,,0,30,,91893,41,,,0,70,,91894,41,,,0,30,,91895,41,,,0,70,,91896,41,,,0,30,,91897,41,,,0,70,,91898,41,,,0,30,,91899,41,,,0
1400,'5459',655,,91925,41,,,0,61,,91926,41,,,0,19,,91909,41,,,0,18,,91924,41,,,0,56,,91903,41,,,0,15,,91908,41,,,0,15,,91907,41,,,0,15,,91923,41,,,0,55,,91921,41,,,0,15,,91906,41,,,0,15,,91902,41,,,0,15,,91922,41,,,0,55,,91901,41,,,0,16,,91911,41,,,0,15,,91913,41,,,0,15,,91927,41,,,0,56,,91929,41,,,0,15,,91914,41,,,0,16,,91905,41,,,0,16,,91928,41,,,0,56,,91904,41,,,0,16,,91910,41,,,0,15,,91917,41,,,0,55,,91930,41,,,0,16,,91915,41,,,0,15,,91931,41,,,0,15,,91916,41,,,0,55,,91918,41,,,0,15,,91932,41,,,0,16,,91920,41,,,0,15,,91912,41,,,0,56,,91919,41,,,0,15,,91943,41,,,0,15,,91941,41,,,0,15,,91944,41,,,0,54,,91938,41,,,0,15,,91937,41,,,0,14,,91934,41,,,0,15,,91945,41,,,0,54,,91939,41,,,0,15,,91940,41,,,0,15,,91947,41,,,0,15,,91942,41,,,0,55,,91935,41,,,0,15,,91936,41,,,0,14,,91946,41,,,0,14,,91933,41,,,0,14,,91951,41,,,0,55,,91948,41,,,0,15,,91949,41,,,0,15,,91950,41,,,0,16,,91952,41,,,0,60,,91954,41,,,0,20,,91955,41,,,0,20,,91956,41,,,0,60,,91957,41,,,0,19,,91953,41,,,0,20,,91961,41,,,0,60,,91960,41,,,0,21,,91959,41,,,0,67,,91958,41,,,0,30,,91962,41,,,0,70,,91963,41,,,0,30,,91964,41,,,0,70,,91965,41,,,0,29,,91966,41,,,0,68,,91967,41,,,0,30,,91968,41,,,0
1400,'5460',647,,92013,41,,,0,70,,92001,41,,,0,30,,92023,41,,,0,64,,92008,41,,,0,20,,91979,41,,,0,15,,92026,41,,,0,55,,92007,41,,,0,15,,91992,41,,,0,15,,91999,41,,,0,16,,92020,41,,,0,55,,91983,41,,,0,15,,92011,41,,,0,15,,91980,41,,,0,15,,92010,41,,,0,55,,91984,41,,,0,15,,91993,41,,,0,15,,92000,41,,,0,15,,92022,41,,,0,55,,91982,41,,,0,16,,92012,41,,,0,15,,91985,41,,,0,16,,92009,41,,,0,55,,91981,41,,,0,15,,91990,41,,,0,14,,91970,41,,,0,15,,91997,41,,,0,55,,92019,41,,,0,15,,91972,41,,,0,15,,92006,41,,,0,15,,91976,41,,,0,55,,92003,41,,,0,15,,91977,41,,,0,15,,91988,41,,,0,15,,91969,41,,,0,55,,91996,41,,,0,15,,92018,41,,,0,15,,91975,41,,,0,15,,92004,41,,,0,55,,91973,41,,,0,15,,92005,41,,,0,15,,91974,41,,,0,15,,91991,41,,,0,55,,91971,41,,,0,14,,91998,41,,,0,15,,92021,41,,,0,15,,91978,41,,,0,54,,92015,41,,,0,18,,92017,41,,,0,20,,91987,41,,,0,20,,91989,41,,,0,60,,92002,41,,,0,21,,92025,41,,,0,69,,92014,41,,,0,29,,91986,41,,,0,70,,91994,41,,,0,30,,92024,41,,,0,69,,92016,41,,,0,29,,91995,41,,,0
1400,'5461',647,,92071,41,,,0,70,,92059,41,,,0,30,,92081,41,,,0,64,,92066,41,,,0,20,,92037,41,,,0,15,,92084,41,,,0,55,,92065,41,,,0,15,,92050,41,,,0,15,,92057,41,,,0,16,,92078,41,,,0,55,,92041,41,,,0,15,,92069,41,,,0,15,,92038,41,,,0,15,,92068,41,,,0,55,,92042,41,,,0,15,,92051,41,,,0,15,,92058,41,,,0,15,,92080,41,,,0,55,,92040,41,,,0,16,,92070,41,,,0,15,,92043,41,,,0,16,,92067,41,,,0,55,,92039,41,,,0,15,,92048,41,,,0,14,,92028,41,,,0,15,,92055,41,,,0,55,,92077,41,,,0,15,,92030,41,,,0,15,,92064,41,,,0,15,,92034,41,,,0,55,,92061,41,,,0,15,,92035,41,,,0,15,,92046,41,,,0,15,,92027,41,,,0,55,,92054,41,,,0,15,,92076,41,,,0,15,,92033,41,,,0,15,,92062,41,,,0,55,,92031,41,,,0,15,,92063,41,,,0,15,,92032,41,,,0,15,,92049,41,,,0,55,,92029,41,,,0,14,,92056,41,,,0,15,,92079,41,,,0,15,,92036,41,,,0,54,,92073,41,,,0,18,,92075,41,,,0,20,,92045,41,,,0,20,,92047,41,,,0,60,,92060,41,,,0,21,,92083,41,,,0,69,,92072,41,,,0,29,,92044,41,,,0,70,,92052,41,,,0,30,,92082,41,,,0,69,,92074,41,,,0,29,,92053,41,,,0
1400,'5462',647,,92129,41,,,0,70,,92117,41,,,0,30,,92139,41,,,0,64,,92124,41,,,0,20,,92095,41,,,0,15,,92142,41,,,0,55,,92123,41,,,0,15,,92108,41,,,0,15,,92115,41,,,0,16,,92136,41,,,0,55,,92099,41,,,0,15,,92127,41,,,0,15,,92096,41,,,0,15,,92126,41,,,0,55,,92100,41,,,0,15,,92109,41,,,0,15,,92116,41,,,0,15,,92138,41,,,0,55,,92098,41,,,0,16,,92128,41,,,0,15,,92101,41,,,0,16,,92125,41,,,0,55,,92097,41,,,0,15,,92106,41,,,0,14,,92086,41,,,0,15,,92113,41,,,0,55,,92135,41,,,0,15,,92088,41,,,0,15,,92122,41,,,0,15,,92092,41,,,0,55,,92119,41,,,0,15,,92093,41,,,0,15,,92104,41,,,0,15,,92085,41,,,0,55,,92112,41,,,0,15,,92134,41,,,0,15,,92091,41,,,0,15,,92120,41,,,0,55,,92089,41,,,0,15,,92121,41,,,0,15,,92090,41,,,0,15,,92107,41,,,0,55,,92087,41,,,0,14,,92114,41,,,0,15,,92137,41,,,0,15,,92094,41,,,0,54,,92131,41,,,0,18,,92133,41,,,0,20,,92103,41,,,0,20,,92105,41,,,0,60,,92118,41,,,0,21,,92141,41,,,0,69,,92130,41,,,0,29,,92102,41,,,0,70,,92110,41,,,0,30,,92140,41,,,0,69,,92132,41,,,0,29,,92111,41,,,0
1400,'5463',647,,92187,41,,,0,70,,92175,41,,,0,30,,92197,41,,,0,64,,92182,41,,,0,20,,92153,41,,,0,15,,92200,41,,,0,55,,92181,41,,,0,15,,92166,41,,,0,15,,92173,41,,,0,16,,92194,41,,,0,55,,92157,41,,,0,15,,92185,41,,,0,15,,92154,41,,,0,15,,92184,41,,,0,55,,92158,41,,,0,15,,92167,41,,,0,15,,92174,41,,,0,15,,92196,41,,,0,55,,92156,41,,,0,16,,92186,41,,,0,15,,92159,41,,,0,16,,92183,41,,,0,55,,92155,41,,,0,15,,92164,41,,,0,14,,92144,41,,,0,15,,92171,41,,,0,55,,92193,41,,,0,15,,92146,41,,,0,15,,92180,41,,,0,15,,92150,41,,,0,55,,92177,41,,,0,15,,92151,41,,,0,15,,92162,41,,,0,15,,92143,41,,,0,55,,92170,41,,,0,15,,92192,41,,,0,15,,92149,41,,,0,15,,92178,41,,,0,55,,92147,41,,,0,15,,92179,41,,,0,15,,92148,41,,,0,15,,92165,41,,,0,55,,92145,41,,,0,14,,92172,41,,,0,15,,92195,41,,,0,15,,92152,41,,,0,54,,92189,41,,,0,18,,92191,41,,,0,20,,92161,41,,,0,20,,92163,41,,,0,60,,92176,41,,,0,21,,92199,41,,,0,69,,92188,41,,,0,29,,92160,41,,,0,70,,92168,41,,,0,30,,92198,41,,,0,69,,92190,41,,,0,29,,92169,41,,,0
