601,'4832',642,,82337,13,,,0,95,,82322,13,,,0,84,,78502,13,,,0,19,,82321,13,,,0,79,,82336,13,,,0,17,,78507,13,,,0,15,,82342,13,,,0,70,,82313,13,,,0,16,,82338,13,,,0,15,,82330,13,,,0,70,,78492,13,,,0,15,,82315,13,,,0,12,,82314,13,,,0,64,,82332,13,,,0,12,,82316,13,,,0,12,,82317,13,,,0,12,,78501,13,,,0,64,,65453,13,,,0,12,,82340,13,,,0,12,,82331,13,,,0,12,,82320,13,,,0,64,,82326,13,,,0,12,,82319,13,,,0,12,,82318,13,,,0,12,,78522,13,,,0,64,,65464,13,,,0,13,,78497,13,,,0,12,,82325,13,,,0,12,,82324,13,,,0,65,,78523,13,,,0,12,,82328,13,,,0,12,,82323,13,,,0,12,,78496,13,,,0,64,,82343,13,,,0,12,,78506,13,,,0,13,,78520,13,,,0,16,,82327,13,,,0,70,,82329,13,,,0,19,,78505,13,,,0,58,,78514,13,,,0,36,,82333,13,,,0,18,,78510,13,,,0,74,,82334,13,,,0,17,,82335,13,,,0,75,,78518,13,,,0,20,,82339,13,,,0,96,,78515,13,,,0,71,,82341,13,,,0,42,,78525,13,,,0
601,'5453',642,,82376,13,,,0,95,,82353,13,,,0,84,,82359,13,,,0,19,,82352,13,,,0,79,,82375,13,,,0,17,,82364,13,,,0,15,,82383,13,,,0,70,,82344,13,,,0,16,,78657,13,,,0,15,,82366,13,,,0,70,,82351,13,,,0,15,,78620,13,,,0,12,,82345,13,,,0,64,,82368,13,,,0,12,,82347,13,,,0,12,,82348,13,,,0,12,,82358,13,,,0,64,,82346,13,,,0,12,,78662,13,,,0,12,,82367,13,,,0,12,,82350,13,,,0,64,,82357,13,,,0,12,,78625,13,,,0,12,,82349,13,,,0,12,,78660,13,,,0,64,,78632,13,,,0,13,,82356,13,,,0,12,,78635,13,,,0,12,,78634,13,,,0,65,,82380,13,,,0,12,,82361,13,,,0,12,,82354,13,,,0,12,,82355,13,,,0,64,,82384,13,,,0,12,,82363,13,,,0,13,,82378,13,,,0,16,,82360,13,,,0,70,,82365,13,,,0,19,,82362,13,,,0,58,,82373,13,,,0,36,,82370,13,,,0,18,,82369,13,,,0,74,,82371,13,,,0,17,,82372,13,,,0,75,,82377,13,,,0,20,,82379,13,,,0,96,,82374,13,,,0,71,,82382,13,,,0,42,,82381,13,,,0
601,'5456',540,,89704,13,,,0,15,,89705,13,,,0,69,,89706,13,,,0,24,,89707,13,,,0,55,,89718,13,,,0,15,,89708,13,,,0,6,,89725,13,,,0,15,,89709,13,,,0,16,,89712,13,,,0,52,,89719,13,,,0,18,,89710,13,,,0,18,,89711,13,,,0,57,,89713,13,,,0,17,,89732,13,,,0,20,,89714,13,,,0,22,,89723,13,,,0,63,,89715,13,,,0,23,,89716,13,,,0,63,,89717,13,,,0,24,,89720,13,,,0,24,,89721,13,,,0,64,,89722,13,,,0,25,,89724,13,,,0,65,,89726,13,,,0,23,,89727,13,,,0,21,,89728,13,,,0,60,,89729,13,,,0,19,,89730,13,,,0,20,,89731,13,,,0,58,,89733,13,,,0,11,,89755,3,,,0,5,,89734,13,,,0,11,,89735,13,,,0,20,,89736,13,,,0,59,,89737,13,,,0,19,,89738,13,,,0,22,,89739,13,,,0,62,,89740,13,,,0,26,,89741,13,,,0,64,,89742,13,,,0,12,,89743,13,,,0,25,,89744,13,,,0,70,,89745,13,,,0,33,,89746,13,,,0,77,,89748,13,,,0,18,,89747,13,,,0,76,,89750,13,,,0,21,,89749,13,,,0,90,,89751,13,,,0,100,,89752,13,,,0,73,,89754,13,,,0,31,,89753,13,,,0
601,'5458',540,,89756,13,,,0,15,,89757,13,,,0,69,,89758,13,,,0,24,,89759,13,,,0,55,,89770,13,,,0,15,,89760,13,,,0,6,,89777,13,,,0,15,,89761,13,,,0,16,,89764,13,,,0,52,,89771,13,,,0,18,,89762,13,,,0,18,,89763,13,,,0,57,,89765,13,,,0,17,,89784,13,,,0,20,,89766,13,,,0,22,,89775,13,,,0,63,,89767,13,,,0,23,,89768,13,,,0,63,,89769,13,,,0,24,,89772,13,,,0,24,,89773,13,,,0,64,,89774,13,,,0,25,,89776,13,,,0,65,,89778,13,,,0,23,,89779,13,,,0,21,,89780,13,,,0,60,,89781,13,,,0,19,,89782,13,,,0,20,,89783,13,,,0,58,,89785,13,,,0,11,,89811,3,,,0,5,,89786,13,,,0,11,,89787,13,,,0,20,,89788,13,,,0,59,,89789,13,,,0,19,,89790,13,,,0,22,,89791,13,,,0,62,,89792,13,,,0,26,,89793,13,,,0,64,,89794,13,,,0,12,,89795,13,,,0,25,,89796,13,,,0,70,,89797,13,,,0,33,,89798,13,,,0,77,,89800,13,,,0,18,,89799,13,,,0,76,,89802,13,,,0,21,,89801,13,,,0,90,,89803,13,,,0,100,,89804,13,,,0,73,,89806,13,,,0,31,,89805,13,,,0,70,,89808,13,,,0,30,,89810,13,,,0,71,,89807,13,,,0,30,,89809,13,,,0
601,'5459',600,,89814,13,,,0,23,,89815,13,,,0,20,,89812,13,,,0,78,,89816,13,,,0,16,,89817,13,,,0,19,,89818,13,,,0,73,,89819,13,,,0,14,,89820,13,,,0,15,,89821,13,,,0,68,,89822,13,,,0,13,,89823,13,,,0,13,,89813,13,,,0,62,,89824,13,,,0,12,,89825,13,,,0,12,,89826,13,,,0,64,,89828,13,,,0,11,,89829,13,,,0,12,,89827,13,,,0,24,,89830,13,,,0,51,,89831,13,,,0,12,,89832,13,,,0,23,,89839,13,,,0,12,,89833,13,,,0,12,,89834,13,,,0,64,,89835,13,,,0,10,,89836,13,,,0,11,,89837,13,,,0,60,,89840,13,,,0,10,,89841,13,,,0,11,,89842,13,,,0,21,,89838,13,,,0,11,,89843,13,,,0,50,,89848,13,,,0,21,,89844,13,,,0,10,,89845,13,,,0,10,,89846,13,,,0,61,,89847,13,,,0,10,,89849,13,,,0,10,,89850,13,,,0,11,,89851,13,,,0,64,,89852,13,,,0,13,,89853,13,,,0,12,,89854,13,,,0,13,,89855,13,,,0,65,,89856,13,,,0,12,,89857,13,,,0,13,,89858,13,,,0,15,,89859,13,,,0,70,,89860,13,,,0,15,,89861,13,,,0,15,,89862,13,,,0,77,,89863,13,,,0,18,,89864,13,,,0,76,,89865,13,,,0,18,,89866,13,,,0,82,,89867,13,,,0,25,,89868,13,,,0,95,,89869,13,,,0,66,,89870,13,,,0,31,,89871,13,,,0,70,,89872,13,,,0,30,,89873,13,,,0,71,,89874,13,,,0,29,,89875,13,,,0
601,'5460',642,,89913,13,,,0,95,,89887,13,,,0,84,,89896,13,,,0,19,,89886,13,,,0,79,,89912,13,,,0,17,,89901,13,,,0,15,,89923,13,,,0,70,,89876,13,,,0,16,,89915,13,,,0,15,,89903,13,,,0,70,,89885,13,,,0,15,,89878,13,,,0,12,,89877,13,,,0,64,,89905,13,,,0,12,,89880,13,,,0,12,,89881,13,,,0,12,,89895,13,,,0,64,,89879,13,,,0,12,,89920,13,,,0,12,,89904,13,,,0,12,,89884,13,,,0,64,,89894,13,,,0,12,,89883,13,,,0,12,,89882,13,,,0,12,,89918,13,,,0,64,,89890,13,,,0,13,,89891,13,,,0,12,,89893,13,,,0,12,,89892,13,,,0,65,,89919,13,,,0,12,,89898,13,,,0,12,,89888,13,,,0,12,,89889,13,,,0,64,,89924,13,,,0,12,,89900,13,,,0,13,,89916,13,,,0,16,,89897,13,,,0,70,,89902,13,,,0,19,,89899,13,,,0,58,,89910,13,,,0,36,,89907,13,,,0,18,,89906,13,,,0,74,,89908,13,,,0,17,,89909,13,,,0,75,,89914,13,,,0,20,,89917,13,,,0,96,,89911,13,,,0,71,,89922,13,,,0,90,,89921,13,,,0
601,'5461',642,,89962,13,,,0,95,,89936,13,,,0,84,,89945,13,,,0,19,,89935,13,,,0,79,,89961,13,,,0,17,,89950,13,,,0,15,,89972,13,,,0,70,,89925,13,,,0,16,,89964,13,,,0,15,,89952,13,,,0,70,,89934,13,,,0,15,,89927,13,,,0,12,,89926,13,,,0,64,,89954,13,,,0,12,,89929,13,,,0,12,,89930,13,,,0,12,,89944,13,,,0,64,,89928,13,,,0,12,,89969,13,,,0,12,,89953,13,,,0,12,,89933,13,,,0,64,,89943,13,,,0,12,,89932,13,,,0,12,,89931,13,,,0,12,,89967,13,,,0,64,,89939,13,,,0,13,,89940,13,,,0,12,,89942,13,,,0,12,,89941,13,,,0,65,,89968,13,,,0,12,,89947,13,,,0,12,,89937,13,,,0,12,,89938,13,,,0,64,,89973,13,,,0,12,,89949,13,,,0,13,,89965,13,,,0,16,,89946,13,,,0,70,,89951,13,,,0,19,,89948,13,,,0,58,,89959,13,,,0,36,,89956,13,,,0,18,,89955,13,,,0,74,,89957,13,,,0,17,,89958,13,,,0,75,,89963,13,,,0,20,,89966,13,,,0,96,,89960,13,,,0,71,,89971,13,,,0,90,,89970,13,,,0
601,'5462',642,,90011,13,,,0,95,,89985,13,,,0,84,,89994,13,,,0,19,,89984,13,,,0,79,,90010,13,,,0,17,,89999,13,,,0,15,,90021,13,,,0,70,,89974,13,,,0,16,,90013,13,,,0,15,,90001,13,,,0,70,,89983,13,,,0,15,,89976,13,,,0,12,,89975,13,,,0,64,,90003,13,,,0,12,,89978,13,,,0,12,,89979,13,,,0,12,,89993,13,,,0,64,,89977,13,,,0,12,,90018,13,,,0,12,,90002,13,,,0,12,,89982,13,,,0,64,,89992,13,,,0,12,,89981,13,,,0,12,,89980,13,,,0,12,,90016,13,,,0,64,,89988,13,,,0,13,,89989,13,,,0,12,,89991,13,,,0,12,,89990,13,,,0,65,,90017,13,,,0,12,,89996,13,,,0,12,,89986,13,,,0,12,,89987,13,,,0,64,,90022,13,,,0,12,,89998,13,,,0,13,,90014,13,,,0,16,,89995,13,,,0,70,,90000,13,,,0,19,,89997,13,,,0,58,,90008,13,,,0,36,,90005,13,,,0,18,,90004,13,,,0,74,,90006,13,,,0,17,,90007,13,,,0,75,,90012,13,,,0,20,,90015,13,,,0,96,,90009,13,,,0,71,,90020,13,,,0,90,,90019,13,,,0
601,'5463',642,,90060,13,,,0,95,,90034,13,,,0,84,,90043,13,,,0,19,,90033,13,,,0,79,,90059,13,,,0,17,,90048,13,,,0,15,,90070,13,,,0,70,,90023,13,,,0,16,,90062,13,,,0,15,,90050,13,,,0,70,,90032,13,,,0,15,,90025,13,,,0,12,,90024,13,,,0,64,,90052,13,,,0,12,,90027,13,,,0,12,,90028,13,,,0,12,,90042,13,,,0,64,,90026,13,,,0,12,,90067,13,,,0,12,,90051,13,,,0,12,,90031,13,,,0,64,,90041,13,,,0,12,,90030,13,,,0,12,,90029,13,,,0,12,,90065,13,,,0,64,,90037,13,,,0,13,,90038,13,,,0,12,,90040,13,,,0,12,,90039,13,,,0,65,,90066,13,,,0,12,,90045,13,,,0,12,,90035,13,,,0,12,,90036,13,,,0,64,,90071,13,,,0,12,,90047,13,,,0,13,,90063,13,,,0,16,,90044,13,,,0,70,,90049,13,,,0,19,,90046,13,,,0,58,,90057,13,,,0,36,,90054,13,,,0,18,,90053,13,,,0,74,,90055,13,,,0,17,,90056,13,,,0,75,,90061,13,,,0,20,,90064,13,,,0,96,,90058,13,,,0,71,,90069,13,,,0,90,,90068,13,,,0
1000601,'4832',712,,81796,21,,,0,90,,87346,21,,,0,57,,87339,21,,,0,147,,87342,21,,,0,101,,81789,21,,,0,94,,87348,21,,,0,100,,87340,21,,,0,100,,81792,21,,,0,100,,87344,21,,,0,101,,87343,21,,,0,101,,87341,21,,,0,108,,81797,21,,,0,110,,87345,21,,,0,93,,81800,21,,,0,91,,81799,21,,,0,107,,87347,21,,,0
1000601,'5453',712,,87356,21,,,0,90,,87361,21,,,0,57,,87350,21,,,0,147,,87354,21,,,0,101,,87349,21,,,0,94,,81852,21,,,0,100,,87351,21,,,0,100,,87352,21,,,0,100,,81846,21,,,0,101,,87355,21,,,0,101,,87353,21,,,0,108,,87357,21,,,0,110,,87358,21,,,0,93,,87360,21,,,0,91,,87359,21,,,0,107,,87362,21,,,0
1000601,'5456',610,,103577,21,,,0,47,,103581,21,,,0,74,,103587,21,,,0,69,,103578,21,,,0,34,,103584,21,,,0,75,,103579,21,,,0,39,,103580,21,,,0,86,,103582,21,,,0,86,,103585,21,,,0,88,,103583,21,,,0,50,,103586,21,,,0,86,,103589,21,,,0,80,,103591,21,,,0,79,,103588,21,,,0,45,,103590,21,,,0,76,,103592,21,,,0,84,,103593,21,,,0,49,,103594,21,,,0,145,,103595,21,,,0,107,,103596,21,,,0,94,,103597,21,,,0,99,,103598,21,,,0,100,,103599,21,,,0
1000601,'5458',610,,103600,21,,,0,47,,103604,21,,,0,74,,103610,21,,,0,69,,103601,21,,,0,34,,103607,21,,,0,75,,103602,21,,,0,39,,103603,21,,,0,86,,103605,21,,,0,86,,103608,21,,,0,88,,103606,21,,,0,50,,103609,21,,,0,86,,103612,21,,,0,80,,103614,21,,,0,79,,103611,21,,,0,45,,103613,21,,,0,76,,103615,21,,,0,84,,103616,21,,,0,49,,103617,21,,,0,145,,103618,21,,,0,107,,103619,21,,,0,94,,103620,21,,,0,99,,103621,21,,,0,100,,103622,21,,,0
1000601,'5459',703,,103623,21,,,0,111,,103624,21,,,0,99,,103625,21,,,0,89,,103626,21,,,0,48,,103627,21,,,0,87,,103628,21,,,0,87,,103629,21,,,0,88,,103630,21,,,0,42,,103632,21,,,0,82,,103631,21,,,0,82,,103633,21,,,0,82,,103634,21,,,0,53,,103635,21,,,0,100,,103636,21,,,0,149,,103637,21,,,0,103,,103638,21,,,0,54,,103639,21,,,0,99,,103640,21,,,0,150,,103641,21,,,0
1000601,'5460',712,,103649,21,,,0,90,,103655,21,,,0,57,,103643,21,,,0,147,,103647,21,,,0,101,,103642,21,,,0,94,,103657,21,,,0,100,,103644,21,,,0,100,,103645,21,,,0,100,,103651,21,,,0,101,,103648,21,,,0,101,,103646,21,,,0,108,,103650,21,,,0,110,,103652,21,,,0,93,,103654,21,,,0,91,,103653,21,,,0,107,,103656,21,,,0
1000601,'5461',712,,103665,21,,,0,90,,103671,21,,,0,57,,103659,21,,,0,147,,103663,21,,,0,101,,103658,21,,,0,94,,103673,21,,,0,100,,103660,21,,,0,100,,103661,21,,,0,100,,103667,21,,,0,101,,103664,21,,,0,101,,103662,21,,,0,108,,103666,21,,,0,110,,103668,21,,,0,93,,103670,21,,,0,91,,103669,21,,,0,107,,103672,21,,,0
1000601,'5462',712,,103681,21,,,0,90,,103687,21,,,0,57,,103675,21,,,0,147,,103679,21,,,0,101,,103674,21,,,0,94,,103689,21,,,0,100,,103676,21,,,0,100,,103677,21,,,0,100,,103683,21,,,0,101,,103680,21,,,0,101,,103678,21,,,0,108,,103682,21,,,0,110,,103684,21,,,0,93,,103686,21,,,0,91,,103685,21,,,0,107,,103688,21,,,0
1000601,'5463',712,,103697,21,,,0,90,,103703,21,,,0,57,,103691,21,,,0,147,,103695,21,,,0,101,,103690,21,,,0,94,,103705,21,,,0,100,,103692,21,,,0,100,,103693,21,,,0,100,,103699,21,,,0,101,,103696,21,,,0,101,,103694,21,,,0,108,,103698,21,,,0,110,,103700,21,,,0,93,,103702,21,,,0,91,,103701,21,,,0,107,,103704,21,,,0
2000601,'5456',636,,103898,16,,,0,74,,103897,16,,,0,37,,103909,16,,,0,69,,103900,16,,,0,36,,103907,16,,,0,73,,103899,16,,,0,86,,103901,16,,,0,46,,103902,16,,,0,87,,103903,16,,,0,89,,103904,16,,,0,89,,103905,16,,,0,82,,103906,16,,,0,39,,103908,16,,,0,77,,103911,16,,,0,87,,103910,16,,,0,40,,103912,16,,,0,86,,103913,16,,,0,102,,103914,16,,,0,97,,103915,16,,,0
2000601,'5458',636,,103917,16,,,0,74,,103916,16,,,0,37,,103928,16,,,0,69,,103919,16,,,0,36,,103926,16,,,0,73,,103918,16,,,0,86,,103920,16,,,0,46,,103921,16,,,0,87,,103922,16,,,0,89,,103923,16,,,0,89,,103924,16,,,0,82,,103925,16,,,0,39,,103927,16,,,0,77,,103930,16,,,0,87,,103929,16,,,0,40,,103931,16,,,0,86,,103932,16,,,0,102,,103933,16,,,0,97,,103934,16,,,0
