5500,'4832',809,,85428,15,,,0,201,,85431,15,,,0,214,,85430,15,,,0,205,,85429,15,,,0,210,,85433,15,,,0,208,,85434,15,,,0,264,,85432,15,,,0
5500,'5453',809,,85435,15,,,0,201,,85438,15,,,0,214,,85437,15,,,0,205,,85436,15,,,0,210,,85440,15,,,0,208,,85441,15,,,0,264,,85439,15,,,0
5500,'5456',615,,99397,15,,,0,131,,99401,15,,,0,174,,99400,15,,,0,214,,99399,15,,,0,198,,99398,15,,,0,173,,99402,15,,,0,106,,99406,15,,,0,143,,99404,15,,,0,189,,99403,15,,,0,198,,99405,15,,,0
5500,'5458',615,,99407,15,,,0,131,,99411,15,,,0,174,,99410,15,,,0,214,,99409,15,,,0,198,,99408,15,,,0,173,,99412,15,,,0,106,,99416,15,,,0,143,,99414,15,,,0,189,,99413,15,,,0,198,,99415,15,,,0
5500,'5459',810,,99423,15,,,0,201,,99419,15,,,0,213,,99420,15,,,0,204,,99421,15,,,0,211,,99422,15,,,0,209,,99418,15,,,0,264,,99417,15,,,0
5500,'5460',809,,99424,15,,,0,201,,99427,15,,,0,214,,99426,15,,,0,205,,99425,15,,,0,210,,99429,15,,,0,208,,99430,15,,,0,264,,99428,15,,,0
5500,'5461',809,,99431,15,,,0,201,,99434,15,,,0,214,,99433,15,,,0,205,,99432,15,,,0,210,,99436,15,,,0,208,,99437,15,,,0,264,,99435,15,,,0
5500,'5462',809,,99438,15,,,0,201,,99441,15,,,0,214,,99440,15,,,0,205,,99439,15,,,0,210,,99443,15,,,0,208,,99444,15,,,0,264,,99442,15,,,0
5500,'5463',809,,99445,15,,,0,201,,99448,15,,,0,214,,99447,15,,,0,205,,99446,15,,,0,210,,99450,15,,,0,208,,99451,15,,,0,264,,99449,15,,,0
6400,'5456',731,,100772,41,,,0,507,,100775,72,,,0,580,,100774,57,,,0
6400,'5458',731,,100779,41,,,0,507,,100782,72,,,0,580,,100781,57,,,0
