201,'4832',643,,63568,34,0,46 37,0,160,,63575,34,0,46 37,0,119,,63569,34,0,46 37,0,99,,63556,8,0,46 37,0,37,,63576,34,0,46 37,0,60,,77880,8,0,46 37,0,40,,63555,34,0,46 37,0,79,,63566,34,0,46 37,0,80,,63562,34,0,46 37,0,40,,63561,34,0,46 37,0,80,,77881,34,0,46 37,0,80,,63558,34,0,46 37,0,40,,63567,34,0,46 37,0,80,,63563,34,0,46 37,0,76,,63559,34,0,46 37,0,40,,77882,34,0,46 37,0,81,,63564,34,0,46 37,0,76,,63573,34,0,46 37,0,40,,63565,34,0,46 37,0,80,,63572,34,0,46 37,0,81,,63571,34,0,46 37,0,40,,63574,34,0,46 37,0,81,,63570,34,0,46 37,0,81,,63577,34,0,46 37,0,40,,63578,34,0,46 37,0
201,'5453',643,,77897,34,0,46 37,0,160,,77904,34,0,46 37,0,119,,77898,34,0,46 37,0,99,,77885,8,0,46 37,0,37,,77905,34,0,46 37,0,60,,77883,8,0,46 37,0,40,,77884,34,0,46 37,0,79,,77895,34,0,46 37,0,80,,77891,34,0,46 37,0,40,,77890,34,0,46 37,0,80,,77886,34,0,46 37,0,80,,77887,34,0,46 37,0,40,,77896,34,0,46 37,0,80,,77892,34,0,46 37,0,76,,77888,34,0,46 37,0,40,,77889,34,0,46 37,0,81,,77893,34,0,46 37,0,76,,77902,34,0,46 37,0,40,,77894,34,0,46 37,0,80,,77901,34,0,46 37,0,81,,77900,34,0,46 37,0,40,,77903,34,0,46 37,0,81,,77899,34,0,46 37,0,81,,77906,34,0,46 37,0,40,,77907,34,0,46 37,0
201,'5456',614,,87685,34,0,46 37,0,21,,87686,34,0,46 37,0,67,,87687,34,0,46 37,0,29,,87688,34,0,46 37,0,72,,87689,34,0,46 37,0,31,,87690,34,0,46 37,0,72,,87691,34,0,46 37,0,30,,87692,34,0,46 37,0,73,,87693,34,0,46 37,0,39,,87694,34,0,46 37,0,80,,87695,34,0,46 37,0,80,,87696,34,0,46 37,0,40,,87697,34,0,46 37,0,80,,87698,34,0,46 37,0,80,,87699,34,0,46 37,0,17,,87700,8,0,46 37,0,75,,87701,34,0,46 37,0,15,,87717,15,0,46 37,0,19,,87713,34,0,46 37,0,77,,87715,34,0,46 37,0,36,,87716,34,0,46 37,0,74,,87712,34,0,46 37,0,37,,87714,34,0,46 37,0,85,,87707,34,0,46 37,0,65,,87706,34,0,46 37,0,40,,87711,34,0,46 37,0,83,,87705,34,0,46 37,0,81,,87710,34,0,46 37,0,38,,87704,34,0,46 37,0,80,,87709,34,0,46 37,0,81,,87703,34,0,46 37,0,40,,87708,34,0,46 37,0,71,,87702,34,0,46 37,0
201,'5458',614,,87718,34,0,46 37,0,21,,87719,34,0,46 37,0,67,,87720,34,0,46 37,0,29,,87721,34,0,46 37,0,72,,87722,34,0,46 37,0,31,,87723,34,0,46 37,0,72,,87724,34,0,46 37,0,30,,87725,34,0,46 37,0,73,,87726,34,0,46 37,0,39,,87727,34,0,46 37,0,80,,87728,34,0,46 37,0,80,,87729,34,0,46 37,0,40,,87730,34,0,46 37,0,80,,87731,34,0,46 37,0,80,,87732,34,0,46 37,0,17,,87733,8,0,46 37,0,75,,87734,34,0,46 37,0,15,,87751,15,0,46 37,0,19,,87747,34,0,46 37,0,77,,87749,34,0,46 37,0,36,,87750,34,0,46 37,0,74,,87746,34,0,46 37,0,37,,87748,34,0,46 37,0,85,,87741,34,0,46 37,0,65,,87740,34,0,46 37,0,40,,87745,34,0,46 37,0,83,,87739,34,0,46 37,0,81,,87744,34,0,46 37,0,38,,87738,34,0,46 37,0,80,,87743,34,0,46 37,0,81,,87737,34,0,46 37,0,40,,87742,34,0,46 37,0,71,,87736,34,0,46 37,0,31,,87735,8,0,46 37,0
201,'5459',657,,87772,34,0,46 37,0,158,,87773,34,0,46 37,0,22,,87759,8,0,46 37,0,103,,87767,34,0,46 37,0,80,,87760,34,0,46 37,0,38,,87752,8,0,46 37,0,60,,87770,34,0,46 37,0,39,,87761,34,0,46 37,0,80,,87753,34,0,46 37,0,80,,87756,34,0,46 37,0,39,,87755,34,0,46 37,0,81,,87765,34,0,46 37,0,80,,87757,34,0,46 37,0,40,,87754,34,0,46 37,0,80,,87758,34,0,46 37,0,75,,87766,34,0,46 37,0,41,,87769,34,0,46 37,0,80,,87768,34,0,46 37,0,76,,87771,34,0,46 37,0,35,,87762,34,0,46 37,0,80,,87763,34,0,46 37,0,85,,87764,34,0,46 37,0,41,,87777,34,0,46 37,0,81,,87774,34,0,46 37,0,82,,87775,34,0,46 37,0,40,,87776,34,0,46 37,0,75,,87778,34,0,46 37,0,30,,87779,8,0,46 37,0
201,'5460',643,,87794,34,0,46 37,0,160,,87801,34,0,46 37,0,119,,87795,34,0,46 37,0,99,,87782,8,0,46 37,0,37,,87802,34,0,46 37,0,60,,87780,8,0,46 37,0,40,,87781,34,0,46 37,0,79,,87792,34,0,46 37,0,80,,87788,34,0,46 37,0,40,,87787,34,0,46 37,0,80,,87783,34,0,46 37,0,80,,87784,34,0,46 37,0,40,,87793,34,0,46 37,0,80,,87789,34,0,46 37,0,76,,87785,34,0,46 37,0,40,,87786,34,0,46 37,0,81,,87790,34,0,46 37,0,76,,87799,34,0,46 37,0,40,,87791,34,0,46 37,0,80,,87798,34,0,46 37,0,81,,87797,34,0,46 37,0,40,,87800,34,0,46 37,0,81,,87796,34,0,46 37,0,81,,87803,34,0,46 37,0,40,,87804,34,0,46 37,0
201,'5461',643,,87819,34,0,46 37,0,160,,87826,34,0,46 37,0,119,,87820,34,0,46 37,0,99,,87807,8,0,46 37,0,37,,87827,34,0,46 37,0,60,,87805,8,0,46 37,0,40,,87806,34,0,46 37,0,79,,87817,34,0,46 37,0,80,,87813,34,0,46 37,0,40,,87812,34,0,46 37,0,80,,87808,34,0,46 37,0,80,,87809,34,0,46 37,0,40,,87818,34,0,46 37,0,80,,87814,34,0,46 37,0,76,,87810,34,0,46 37,0,40,,87811,34,0,46 37,0,81,,87815,34,0,46 37,0,76,,87824,34,0,46 37,0,40,,87816,34,0,46 37,0,80,,87823,34,0,46 37,0,81,,87822,34,0,46 37,0,40,,87825,34,0,46 37,0,81,,87821,34,0,46 37,0,81,,87828,34,0,46 37,0,40,,87829,34,0,46 37,0
201,'5462',643,,87844,34,0,46 37,0,160,,87851,34,0,46 37,0,119,,87845,34,0,46 37,0,99,,87832,8,0,46 37,0,37,,87852,34,0,46 37,0,60,,87830,8,0,46 37,0,40,,87831,34,0,46 37,0,79,,87842,34,0,46 37,0,80,,87838,34,0,46 37,0,40,,87837,34,0,46 37,0,80,,87833,34,0,46 37,0,80,,87834,34,0,46 37,0,40,,87843,34,0,46 37,0,80,,87839,34,0,46 37,0,76,,87835,34,0,46 37,0,40,,87836,34,0,46 37,0,81,,87840,34,0,46 37,0,76,,87849,34,0,46 37,0,40,,87841,34,0,46 37,0,80,,87848,34,0,46 37,0,81,,87847,34,0,46 37,0,40,,87850,34,0,46 37,0,81,,87846,34,0,46 37,0,81,,87853,34,0,46 37,0,40,,87854,34,0,46 37,0
201,'5463',643,,87869,34,0,46 37,0,160,,87876,34,0,46 37,0,119,,87870,34,0,46 37,0,99,,87857,8,0,46 37,0,37,,87877,34,0,46 37,0,60,,87855,8,0,46 37,0,40,,87856,34,0,46 37,0,79,,87867,34,0,46 37,0,80,,87863,34,0,46 37,0,40,,87862,34,0,46 37,0,80,,87858,34,0,46 37,0,80,,87859,34,0,46 37,0,40,,87868,34,0,46 37,0,80,,87864,34,0,46 37,0,76,,87860,34,0,46 37,0,40,,87861,34,0,46 37,0,81,,87865,34,0,46 37,0,76,,87874,34,0,46 37,0,40,,87866,34,0,46 37,0,80,,87873,34,0,46 37,0,81,,87872,34,0,46 37,0,40,,87875,34,0,46 37,0,81,,87871,34,0,46 37,0,81,,87878,34,0,46 37,0,40,,87879,34,0,46 37,0
501,'4832',723,,64872,29,,,0,119,,64871,29,,,0,159,,64870,29,,,0,39,,64864,29,,,0,98,,64867,29,,,0,79,,64863,29,,,0,40,,78098,29,,,0,80,,64858,29,,,0,80,,64874,29,,,0,40,,64866,29,,,0,80,,64862,29,,,0,80,,78099,29,,,0,41,,64860,29,,,0,75,,64873,29,,,0,80,,64868,29,,,0,36,,64865,29,,,0,81,,78100,29,,,0
501,'5453',723,,78115,29,,,0,119,,78114,29,,,0,159,,78113,29,,,0,39,,78107,29,,,0,98,,78110,29,,,0,79,,78106,29,,,0,40,,78102,29,,,0,80,,78101,29,,,0,80,,78117,29,,,0,40,,78109,29,,,0,80,,78105,29,,,0,80,,78104,29,,,0,41,,78103,29,,,0,75,,78116,29,,,0,80,,78111,29,,,0,36,,78108,29,,,0,81,,82128,29,,,0
501,'5456',647,,89201,29,,,0,71,,89202,29,,,0,28,,89203,29,,,0,72,,89204,29,,,0,32,,89205,29,,,0,71,,89206,29,,,0,30,,89207,29,,,0,77,,89208,29,,,0,80,,89209,29,,,0,40,,89210,29,,,0,80,,89211,29,,,0,80,,89212,29,,,0,40,,89213,29,,,0,94,,89214,29,,,0,76,,89215,29,,,0,35,,89217,29,,,0,77,,89221,29,,,0,74,,89219,29,,,0,34,,89216,29,,,0,80,,89220,29,,,0,110,,89223,29,,,0,81,,89218,29,,,0,42,,89222,29,,,0
501,'5458',647,,89224,29,,,0,71,,89225,29,,,0,28,,89226,29,,,0,72,,89227,29,,,0,32,,89228,29,,,0,71,,89229,29,,,0,30,,89230,29,,,0,77,,89231,29,,,0,80,,89232,29,,,0,40,,89233,29,,,0,80,,89234,29,,,0,80,,89235,29,,,0,40,,89236,29,,,0,94,,89237,29,,,0,76,,89238,29,,,0,35,,89240,29,,,0,77,,89244,29,,,0,74,,89242,29,,,0,34,,89239,29,,,0,80,,89243,29,,,0,110,,89246,29,,,0,81,,89241,29,,,0,42,,89245,29,,,0
501,'5459',736,,89255,29,,,0,120,,89257,29,,,0,60,,89249,8,,,0,84,,89254,29,,,0,39,,89248,29,,,0,99,,89256,29,,,0,79,,89247,29,,,0,40,,89263,29,,,0,79,,89252,29,,,0,80,,89253,29,,,0,41,,89250,29,,,0,80,,89251,29,,,0,80,,89261,29,,,0,40,,89264,29,,,0,75,,89260,29,,,0,81,,89262,29,,,0,36,,89266,29,,,0,75,,89265,29,,,0,80,,89258,29,,,0,45,,89259,29,,,0
501,'5460',723,,89281,29,,,0,119,,89280,29,,,0,159,,89279,29,,,0,39,,89273,29,,,0,98,,89276,29,,,0,79,,89272,29,,,0,40,,89268,29,,,0,80,,89267,29,,,0,80,,89283,29,,,0,40,,89275,29,,,0,80,,89271,29,,,0,80,,89270,29,,,0,41,,89269,29,,,0,75,,89282,29,,,0,80,,89277,29,,,0,36,,89274,29,,,0,81,,89278,29,,,0
501,'5461',723,,89298,29,,,0,119,,89297,29,,,0,159,,89296,29,,,0,39,,89290,29,,,0,98,,89293,29,,,0,79,,89289,29,,,0,40,,89285,29,,,0,80,,89284,29,,,0,80,,89300,29,,,0,40,,89292,29,,,0,80,,89288,29,,,0,80,,89287,29,,,0,41,,89286,29,,,0,75,,89299,29,,,0,80,,89294,29,,,0,36,,89291,29,,,0,81,,89295,29,,,0
501,'5462',723,,89315,29,,,0,119,,89314,29,,,0,159,,89313,29,,,0,39,,89307,29,,,0,98,,89310,29,,,0,79,,89306,29,,,0,40,,89302,29,,,0,80,,89301,29,,,0,80,,89317,29,,,0,40,,89309,29,,,0,80,,89305,29,,,0,80,,89304,29,,,0,41,,89303,29,,,0,75,,89316,29,,,0,80,,89311,29,,,0,36,,89308,29,,,0,81,,89312,29,,,0
501,'5463',723,,89332,29,,,0,119,,89331,29,,,0,159,,89330,29,,,0,39,,89324,29,,,0,98,,89327,29,,,0,79,,89323,29,,,0,40,,89319,29,,,0,80,,89318,29,,,0,80,,89334,29,,,0,40,,89326,29,,,0,80,,89322,29,,,0,80,,89321,29,,,0,41,,89320,29,,,0,75,,89333,29,,,0,80,,89328,29,,,0,36,,89325,29,,,0,81,,89329,29,,,0
1000,'4832',727,,66196,4,,,0,101,,66195,4,,,0,99,,66193,4,,,0,104,,66192,4,,,0,101,,66199,4,,,0,110,,66198,4,,,0,90,,66194,4,,,0,107,,66197,4,,,0,100,,66201,4,,,0,99,,66200,4,,,0,102,,66203,4,,,0,105,,66202,4,,,0,99,,66204,4,,,0
1000,'5453',727,,78763,4,,,0,101,,78762,4,,,0,99,,78760,4,,,0,104,,78759,4,,,0,101,,78766,4,,,0,110,,78765,4,,,0,90,,78761,4,,,0,107,,78764,4,,,0,100,,78768,4,,,0,99,,78767,4,,,0,102,,78770,4,,,0,105,,78769,4,,,0,99,,78771,4,,,0
1000,'5456',629,,90779,4,,,0,83,,90784,4,,,0,36,,90780,4,,,0,78,,90781,4,,,0,84,,90782,4,,,0,39,,90783,4,,,0,95,,90786,4,,,0,115,,90785,4,,,0,90,,90788,4,,,0,76,,90787,4,,,0,86,,90791,4,,,0,42,,90789,4,,,0,96,,90790,4,,,0,81,,90792,4,,,0,87,,90793,4,,,0,40,,90794,4,,,0,61,,90797,4,,,0,30,,90795,4,,,0,95,,90796,4,,,0
1000,'5458',629,,90799,4,,,0,83,,90804,4,,,0,36,,90800,4,,,0,78,,90801,4,,,0,84,,90802,4,,,0,39,,90803,4,,,0,95,,90806,4,,,0,115,,90805,4,,,0,90,,90808,4,,,0,76,,90807,4,,,0,86,,90811,4,,,0,42,,90809,4,,,0,96,,90810,4,,,0,81,,90812,4,,,0,87,,90813,4,,,0,40,,90814,4,,,0,61,,90817,4,,,0,30,,90815,4,,,0,95,,90816,4,,,0
1000,'5459',727,,90827,4,,,0,101,,90831,4,,,0,101,,90818,4,,,0,97,,90821,4,,,0,108,,90824,4,,,0,110,,90823,4,,,0,97,,90819,4,,,0,100,,90822,4,,,0,100,,90820,4,,,0,103,,90825,4,,,0,103,,90826,4,,,0,99,,90829,4,,,0,99,,90830,4,,,0
1000,'5460',727,,90836,4,,,0,101,,90835,4,,,0,99,,90833,4,,,0,104,,90832,4,,,0,101,,90839,4,,,0,110,,90838,4,,,0,90,,90834,4,,,0,107,,90837,4,,,0,100,,90841,4,,,0,99,,90840,4,,,0,102,,90843,4,,,0,105,,90842,4,,,0,99,,90844,4,,,0
1000,'5461',727,,90849,4,,,0,101,,90848,4,,,0,99,,90846,4,,,0,104,,90845,4,,,0,101,,90852,4,,,0,110,,90851,4,,,0,90,,90847,4,,,0,107,,90850,4,,,0,100,,90854,4,,,0,99,,90853,4,,,0,102,,90856,4,,,0,105,,90855,4,,,0,99,,90857,4,,,0
1000,'5462',727,,90862,4,,,0,101,,90861,4,,,0,99,,90859,4,,,0,104,,90858,4,,,0,101,,90865,4,,,0,110,,90864,4,,,0,90,,90860,4,,,0,107,,90863,4,,,0,100,,90867,4,,,0,99,,90866,4,,,0,102,,90869,4,,,0,105,,90868,4,,,0,99,,90870,4,,,0
1000,'5463',727,,90875,4,,,0,101,,90874,4,,,0,99,,90872,4,,,0,104,,90871,4,,,0,101,,90878,4,,,0,110,,90877,4,,,0,90,,90873,4,,,0,107,,90876,4,,,0,100,,90880,4,,,0,99,,90879,4,,,0,102,,90882,4,,,0,105,,90881,4,,,0,99,,90883,4,,,0
1001,'5456',2042,,90901,28,4,,0
1001,'5458',2042,,90921,28,4,,0
1001,'5459',2041,,90937,28,4,,0
