201,'4832',635,,63568,26,0,46 37,0,119,,63575,26,0,46 37,0,158,,63569,26,0,46 37,0,136,,63576,26,0,46 37,0,100,,63555,26,0,46 37,0,79,,63566,26,0,46 37,0,79,,63562,26,0,46 37,0,39,,63561,26,0,46 37,0,81,,77881,26,0,46 37,0,80,,63558,26,0,46 37,0,40,,63567,26,0,46 37,0,81,,63563,26,0,46 37,0,76,,63559,26,0,46 37,0,40,,77882,26,0,46 37,0,81,,63564,26,0,46 37,0,77,,63573,26,0,46 37,0,40,,63565,26,0,46 37,0,80,,63572,26,0,46 37,0,81,,63571,26,0,46 37,0,40,,63574,26,0,46 37,0,81,,63570,26,0,46 37,0,82,,63577,26,0,46 37,0,41,,63578,26,0,46 37,0
201,'5453',635,,77897,26,0,46 37,0,119,,77904,26,0,46 37,0,158,,77898,26,0,46 37,0,136,,77905,26,0,46 37,0,100,,77884,26,0,46 37,0,79,,77895,26,0,46 37,0,79,,77891,26,0,46 37,0,39,,77890,26,0,46 37,0,81,,77886,26,0,46 37,0,80,,77887,26,0,46 37,0,40,,77896,26,0,46 37,0,81,,77892,26,0,46 37,0,76,,77888,26,0,46 37,0,40,,77889,26,0,46 37,0,81,,77893,26,0,46 37,0,77,,77902,26,0,46 37,0,40,,77894,26,0,46 37,0,80,,77901,26,0,46 37,0,81,,77900,26,0,46 37,0,40,,77903,26,0,46 37,0,81,,77899,26,0,46 37,0,82,,77906,26,0,46 37,0,41,,77907,26,0,46 37,0
201,'5456',605,,87685,26,0,46 37,0,21,,87686,26,0,46 37,0,26,,87687,26,0,46 37,0,69,,87688,26,0,46 37,0,31,,87689,26,0,46 37,0,71,,87690,26,0,46 37,0,32,,87691,26,0,46 37,0,71,,87692,26,0,46 37,0,33,,87693,26,0,46 37,0,78,,87694,26,0,46 37,0,79,,87695,26,0,46 37,0,39,,87696,26,0,46 37,0,80,,87697,26,0,46 37,0,80,,87698,26,0,46 37,0,40,,87699,26,0,46 37,0,92,,87701,26,0,46 37,0,55,,87717,7,0,46 37,0,19,,87713,26,0,46 37,0,37,,87715,26,0,46 37,0,75,,87716,26,0,46 37,0,76,,87712,26,0,46 37,0,37,,87714,26,0,46 37,0,87,,87707,26,0,46 37,0,25,,87706,26,0,46 37,0,81,,87711,26,0,46 37,0,83,,87705,26,0,46 37,0,81,,87710,26,0,46 37,0,38,,87704,26,0,46 37,0,81,,87709,26,0,46 37,0,81,,87703,26,0,46 37,0,40,,87708,26,0,46 37,0,72,,87702,26,0,46 37,0
201,'5458',605,,87718,26,0,46 37,0,21,,87719,26,0,46 37,0,26,,87720,26,0,46 37,0,69,,87721,26,0,46 37,0,31,,87722,26,0,46 37,0,71,,87723,26,0,46 37,0,32,,87724,26,0,46 37,0,71,,87725,26,0,46 37,0,33,,87726,26,0,46 37,0,78,,87727,26,0,46 37,0,79,,87728,26,0,46 37,0,39,,87729,26,0,46 37,0,80,,87730,26,0,46 37,0,80,,87731,26,0,46 37,0,40,,87732,26,0,46 37,0,92,,87734,26,0,46 37,0,55,,87751,7,0,46 37,0,19,,87747,26,0,46 37,0,37,,87749,26,0,46 37,0,75,,87750,26,0,46 37,0,76,,87746,26,0,46 37,0,37,,87748,26,0,46 37,0,87,,87741,26,0,46 37,0,25,,87740,26,0,46 37,0,81,,87745,26,0,46 37,0,83,,87739,26,0,46 37,0,81,,87744,26,0,46 37,0,38,,87738,26,0,46 37,0,81,,87743,26,0,46 37,0,81,,87737,26,0,46 37,0,40,,87742,26,0,46 37,0,72,,87736,26,0,46 37,0
201,'5459',648,,87772,26,0,46 37,0,158,,87773,26,0,46 37,0,125,,87767,26,0,46 37,0,80,,87760,26,0,46 37,0,97,,87770,26,0,46 37,0,38,,87761,26,0,46 37,0,80,,87753,26,0,46 37,0,78,,87756,26,0,46 37,0,39,,87755,26,0,46 37,0,80,,87765,26,0,46 37,0,80,,87757,26,0,46 37,0,41,,87754,26,0,46 37,0,81,,87758,26,0,46 37,0,75,,87766,26,0,46 37,0,41,,87769,26,0,46 37,0,81,,87768,26,0,46 37,0,37,,87771,26,0,46 37,0,75,,87762,26,0,46 37,0,80,,87763,26,0,46 37,0,45,,87764,26,0,46 37,0,81,,87777,26,0,46 37,0,81,,87774,26,0,46 37,0,83,,87775,26,0,46 37,0,41,,87776,26,0,46 37,0,76,,87778,26,0,46 37,0
201,'5460',635,,87794,26,0,46 37,0,119,,87801,26,0,46 37,0,158,,87795,26,0,46 37,0,136,,87802,26,0,46 37,0,100,,87781,26,0,46 37,0,79,,87792,26,0,46 37,0,79,,87788,26,0,46 37,0,39,,87787,26,0,46 37,0,81,,87783,26,0,46 37,0,80,,87784,26,0,46 37,0,40,,87793,26,0,46 37,0,81,,87789,26,0,46 37,0,76,,87785,26,0,46 37,0,40,,87786,26,0,46 37,0,81,,87790,26,0,46 37,0,77,,87799,26,0,46 37,0,40,,87791,26,0,46 37,0,80,,87798,26,0,46 37,0,81,,87797,26,0,46 37,0,40,,87800,26,0,46 37,0,81,,87796,26,0,46 37,0,82,,87803,26,0,46 37,0,41,,87804,26,0,46 37,0
201,'5461',635,,87819,26,0,46 37,0,119,,87826,26,0,46 37,0,158,,87820,26,0,46 37,0,136,,87827,26,0,46 37,0,100,,87806,26,0,46 37,0,79,,87817,26,0,46 37,0,79,,87813,26,0,46 37,0,39,,87812,26,0,46 37,0,81,,87808,26,0,46 37,0,80,,87809,26,0,46 37,0,40,,87818,26,0,46 37,0,81,,87814,26,0,46 37,0,76,,87810,26,0,46 37,0,40,,87811,26,0,46 37,0,81,,87815,26,0,46 37,0,77,,87824,26,0,46 37,0,40,,87816,26,0,46 37,0,80,,87823,26,0,46 37,0,81,,87822,26,0,46 37,0,40,,87825,26,0,46 37,0,81,,87821,26,0,46 37,0,82,,87828,26,0,46 37,0,41,,87829,26,0,46 37,0
201,'5462',635,,87844,26,0,46 37,0,119,,87851,26,0,46 37,0,158,,87845,26,0,46 37,0,136,,87852,26,0,46 37,0,100,,87831,26,0,46 37,0,79,,87842,26,0,46 37,0,79,,87838,26,0,46 37,0,39,,87837,26,0,46 37,0,81,,87833,26,0,46 37,0,80,,87834,26,0,46 37,0,40,,87843,26,0,46 37,0,81,,87839,26,0,46 37,0,76,,87835,26,0,46 37,0,40,,87836,26,0,46 37,0,81,,87840,26,0,46 37,0,77,,87849,26,0,46 37,0,40,,87841,26,0,46 37,0,80,,87848,26,0,46 37,0,81,,87847,26,0,46 37,0,40,,87850,26,0,46 37,0,81,,87846,26,0,46 37,0,82,,87853,26,0,46 37,0,41,,87854,26,0,46 37,0
201,'5463',635,,87869,26,0,46 37,0,119,,87876,26,0,46 37,0,158,,87870,26,0,46 37,0,136,,87877,26,0,46 37,0,100,,87856,26,0,46 37,0,79,,87867,26,0,46 37,0,79,,87863,26,0,46 37,0,39,,87862,26,0,46 37,0,81,,87858,26,0,46 37,0,80,,87859,26,0,46 37,0,40,,87868,26,0,46 37,0,81,,87864,26,0,46 37,0,76,,87860,26,0,46 37,0,40,,87861,26,0,46 37,0,81,,87865,26,0,46 37,0,77,,87874,26,0,46 37,0,40,,87866,26,0,46 37,0,80,,87873,26,0,46 37,0,81,,87872,26,0,46 37,0,40,,87875,26,0,46 37,0,81,,87871,26,0,46 37,0,82,,87878,26,0,46 37,0,41,,87879,26,0,46 37,0
501,'4832',715,,64872,21,,,0,118,,64871,21,,,0,118,,64870,21,,,0,79,,64864,21,,,0,98,,64867,21,,,0,79,,64863,21,,,0,40,,78098,21,,,0,78,,64858,21,,,0,81,,64874,21,,,0,40,,64866,21,,,0,80,,64862,21,,,0,80,,78099,21,,,0,42,,64860,21,,,0,75,,64873,21,,,0,80,,64868,21,,,0,36,,64865,21,,,0,82,,78100,21,,,0
501,'5453',715,,78115,21,,,0,118,,78114,21,,,0,118,,78113,21,,,0,79,,78107,21,,,0,98,,78110,21,,,0,79,,78106,21,,,0,40,,78102,21,,,0,78,,78101,21,,,0,81,,78117,21,,,0,40,,78109,21,,,0,80,,78105,21,,,0,80,,78104,21,,,0,42,,78103,21,,,0,75,,78116,21,,,0,80,,78111,21,,,0,36,,78108,21,,,0,82,,82128,21,,,0
501,'5456',637,,89201,21,,,0,71,,89202,21,,,0,28,,89203,21,,,0,71,,89204,21,,,0,32,,89205,21,,,0,72,,89206,21,,,0,30,,89207,21,,,0,77,,89208,21,,,0,39,,89209,21,,,0,79,,89210,21,,,0,79,,89211,21,,,0,40,,89212,21,,,0,80,,89213,21,,,0,94,,89214,21,,,0,76,,89215,21,,,0,34,,89217,21,,,0,77,,89221,21,,,0,35,,89219,21,,,0,75,,89216,21,,,0,81,,89220,21,,,0,111,,89223,21,,,0,82,,89218,21,,,0,42,,89222,21,,,0
501,'5458',637,,89224,21,,,0,71,,89225,21,,,0,28,,89226,21,,,0,71,,89227,21,,,0,32,,89228,21,,,0,72,,89229,21,,,0,30,,89230,21,,,0,77,,89231,21,,,0,39,,89232,21,,,0,79,,89233,21,,,0,79,,89234,21,,,0,40,,89235,21,,,0,80,,89236,21,,,0,94,,89237,21,,,0,76,,89238,21,,,0,34,,89240,21,,,0,77,,89244,21,,,0,35,,89242,21,,,0,75,,89239,21,,,0,81,,89243,21,,,0,111,,89246,21,,,0,82,,89241,21,,,0,42,,89245,21,,,0
501,'5459',727,,89255,21,,,0,120,,89257,21,,,0,104,,89254,21,,,0,79,,89248,21,,,0,97,,89256,21,,,0,79,,89247,21,,,0,39,,89263,21,,,0,78,,89252,21,,,0,79,,89253,21,,,0,41,,89250,21,,,0,80,,89251,21,,,0,81,,89261,21,,,0,41,,89264,21,,,0,75,,89260,21,,,0,82,,89262,21,,,0,37,,89266,21,,,0,75,,89265,21,,,0,40,,89258,21,,,0,85,,89259,21,,,0
501,'5460',715,,89281,21,,,0,118,,89280,21,,,0,118,,89279,21,,,0,79,,89273,21,,,0,98,,89276,21,,,0,79,,89272,21,,,0,40,,89268,21,,,0,78,,89267,21,,,0,81,,89283,21,,,0,40,,89275,21,,,0,80,,89271,21,,,0,80,,89270,21,,,0,42,,89269,21,,,0,75,,89282,21,,,0,80,,89277,21,,,0,36,,89274,21,,,0,82,,89278,21,,,0
501,'5461',715,,89298,21,,,0,118,,89297,21,,,0,118,,89296,21,,,0,79,,89290,21,,,0,98,,89293,21,,,0,79,,89289,21,,,0,40,,89285,21,,,0,78,,89284,21,,,0,81,,89300,21,,,0,40,,89292,21,,,0,80,,89288,21,,,0,80,,89287,21,,,0,42,,89286,21,,,0,75,,89299,21,,,0,80,,89294,21,,,0,36,,89291,21,,,0,82,,89295,21,,,0
501,'5462',715,,89315,21,,,0,118,,89314,21,,,0,118,,89313,21,,,0,79,,89307,21,,,0,98,,89310,21,,,0,79,,89306,21,,,0,40,,89302,21,,,0,78,,89301,21,,,0,81,,89317,21,,,0,40,,89309,21,,,0,80,,89305,21,,,0,80,,89304,21,,,0,42,,89303,21,,,0,75,,89316,21,,,0,80,,89311,21,,,0,36,,89308,21,,,0,82,,89312,21,,,0
501,'5463',715,,89332,21,,,0,118,,89331,21,,,0,118,,89330,21,,,0,79,,89324,21,,,0,98,,89327,21,,,0,79,,89323,21,,,0,40,,89319,21,,,0,78,,89318,21,,,0,81,,89334,21,,,0,40,,89326,21,,,0,80,,89322,21,,,0,80,,89321,21,,,0,42,,89320,21,,,0,75,,89333,21,,,0,80,,89328,21,,,0,36,,89325,21,,,0,82,,89329,21,,,0
2701,'4832',715,,70766,31,,,0,42,,79840,31,,,0,70,,70768,31,,,0,29,,84049,31,,,0,73,,70770,31,,,0,71,,84050,31,,,0,29,,70772,31,,,0,29,,70773,31,,,0,67,,84051,31,,,0,27,,70775,31,,,0,65,,70776,31,,,0,25,,70777,31,,,0,63,,70778,31,,,0,24,,70779,31,,,0,22,,70780,31,,,0,64,,70781,31,,,0,23,,70782,31,,,0,63,,70783,31,,,0,23,,70784,31,,,0,23,,70785,31,,,0,63,,70786,31,,,0,23,,70787,31,,,0,21,,70788,31,,,0,63,,70789,31,,,0,23,,70790,31,,,0,62,,70791,31,,,0,23,,70792,31,,,0,22,,84052,31,,,0,64,,70794,31,,,0,25,,70795,31,,,0,65,,70796,31,,,0,28,,84053,31,,,0,29,,70798,31,,,0,70,,79843,31,,,0,30,,84054,31,,,0,75,,70801,31,,,0,80,,84055,31,,,0,38,,70803,31,,,0
2701,'5453',715,,79854,31,,,0,42,,84057,31,,,0,70,,79856,31,,,0,29,,79857,31,,,0,73,,79858,31,,,0,71,,84058,31,,,0,29,,84059,31,,,0,29,,79861,31,,,0,67,,84060,31,,,0,27,,79863,31,,,0,65,,79864,31,,,0,25,,79865,31,,,0,63,,79866,31,,,0,24,,84061,31,,,0,22,,79868,31,,,0,64,,79869,31,,,0,23,,79870,31,,,0,63,,84062,31,,,0,23,,79872,31,,,0,23,,79873,31,,,0,63,,79874,31,,,0,23,,84063,31,,,0,21,,79876,31,,,0,63,,79877,31,,,0,23,,79878,31,,,0,62,,84064,31,,,0,23,,79880,31,,,0,22,,84065,31,,,0,64,,79882,31,,,0,25,,84066,31,,,0,65,,79884,31,,,0,28,,79885,31,,,0,29,,84067,31,,,0,70,,79887,31,,,0,30,,84068,31,,,0,75,,84069,31,,,0,80,,84070,31,,,0,38,,84071,31,,,0
2701,'5456',543,,95969,31,,,0,82,,95970,31,,,0,27,,95971,31,,,0,62,,95972,31,,,0,33,,95973,31,,,0,65,,95974,31,,,0,23,,95975,31,,,0,69,,95976,31,,,0,19,,95977,31,,,0,23,,95978,31,,,0,64,,95979,31,,,0,24,,95980,31,,,0,66,,95981,31,,,0,26,,95982,31,,,0,29,,95983,31,,,0,67,,95984,31,,,0,26,,95985,31,,,0,66,,95986,31,,,0,26,,95987,31,,,0,66,,95988,31,,,0,25,,95989,31,,,0,26,,95990,31,,,0,66,,95991,31,,,0,22,,96025,31,,,0,7,,95992,31,,,0,61,,95993,31,,,0,33,,95994,31,,,0,71,,95995,31,,,0,32,,95996,31,,,0,67,,95997,31,,,0,13,,95998,31,,,0,12,,95999,31,,,0,15,,96000,31,,,0,54,,96001,31,,,0,16,,96002,31,,,0,20,,96003,31,,,0,63,,96004,31,,,0,26,,96005,31,,,0,68,,96006,31,,,0,29,,96007,31,,,0,26,,96008,31,,,0,69,,96009,31,,,0,30,,96010,31,,,0,76,,96011,31,,,0,78,,96012,31,,,0,37,,96013,31,,,0
2701,'5458',543,,96026,31,,,0,82,,96027,31,,,0,27,,96028,31,,,0,62,,96029,31,,,0,33,,96030,31,,,0,65,,96031,31,,,0,23,,96032,31,,,0,69,,96033,31,,,0,19,,96034,31,,,0,23,,96035,31,,,0,64,,96036,31,,,0,24,,96037,31,,,0,66,,96038,31,,,0,26,,96039,31,,,0,29,,96040,31,,,0,67,,96041,31,,,0,26,,96042,31,,,0,66,,96043,31,,,0,26,,96044,31,,,0,66,,96045,31,,,0,24,,96047,31,,,0,1,,96046,31,,,0,26,,96048,31,,,0,66,,96049,31,,,0,22,,96086,31,,,0,68,,96050,31,,,0,33,,96051,31,,,0,71,,96052,31,,,0,32,,96053,31,,,0,67,,96054,31,,,0,13,,96055,31,,,0,12,,96056,31,,,0,15,,96057,31,,,0,54,,96058,31,,,0,16,,96059,31,,,0,20,,96060,31,,,0,63,,96061,31,,,0,26,,96062,31,,,0,68,,96063,31,,,0,29,,96064,31,,,0,26,,96065,31,,,0,69,,96066,31,,,0,30,,96067,31,,,0,76,,96068,31,,,0,78,,96069,31,,,0,37,,96070,31,,,0,80,,96071,31,,,0,80,,96072,31,,,0
2701,'5459',646,,96087,31,,,0,81,,96088,31,,,0,30,,96089,31,,,0,70,,96090,31,,,0,29,,96091,31,,,0,66,,96092,31,,,0,28,,96093,31,,,0,68,,96094,31,,,0,27,,96095,31,,,0,65,,96096,31,,,0,22,,96097,31,,,0,23,,96098,31,,,0,62,,96099,31,,,0,21,,96100,31,,,0,62,,96101,31,,,0,23,,96102,31,,,0,24,,96103,31,,,0,62,,96104,31,,,0,24,,96105,31,,,0,23,,96106,31,,,0,61,,96107,31,,,0,21,,96108,31,,,0,21,,96109,31,,,0,61,,96110,31,,,0,20,,96111,31,,,0,60,,96112,31,,,0,20,,96113,31,,,0,21,,96114,31,,,0,60,,96115,31,,,0,20,,96116,31,,,0,18,,96117,31,,,0,19,,96118,31,,,0,60,,96119,31,,,0,21,,96120,31,,,0,66,,96121,31,,,0,26,,96122,31,,,0,28,,96123,31,,,0,70,,96124,31,,,0,29,,96125,31,,,0,69,,96126,31,,,0,29,,96127,31,,,0,72,,96128,31,,,0,30,,96129,31,,,0,70,,96130,31,,,0,31,,96131,31,,,0,68,,96132,31,,,0,29,,96133,31,,,0,70,,96134,31,,,0
2701,'5460',716,,96138,31,,,0,43,,96139,31,,,0,70,,96140,31,,,0,29,,96141,31,,,0,72,,96142,31,,,0,71,,96137,31,,,0,32,,96143,31,,,0,25,,96144,31,,,0,67,,96145,31,,,0,27,,96146,31,,,0,65,,96147,31,,,0,26,,96148,31,,,0,64,,96149,31,,,0,23,,96150,31,,,0,22,,96151,31,,,0,63,,96152,31,,,0,23,,96153,31,,,0,63,,96154,31,,,0,22,,96155,31,,,0,23,,96156,31,,,0,63,,96157,31,,,0,23,,96158,31,,,0,23,,96159,31,,,0,62,,96160,31,,,0,22,,96161,31,,,0,63,,96162,31,,,0,23,,96163,31,,,0,22,,96164,31,,,0,64,,96165,31,,,0,26,,96166,31,,,0,65,,96167,31,,,0,28,,96168,31,,,0,28,,96169,31,,,0,70,,96170,31,,,0,29,,96171,31,,,0,75,,96172,31,,,0,81,,96173,31,,,0,36,,96174,31,,,0
2701,'5461',716,,96177,31,,,0,43,,96178,31,,,0,70,,96179,31,,,0,29,,96180,31,,,0,72,,96181,31,,,0,71,,96176,31,,,0,32,,96182,31,,,0,25,,96183,31,,,0,67,,96184,31,,,0,27,,96185,31,,,0,65,,96186,31,,,0,26,,96187,31,,,0,64,,96188,31,,,0,23,,96189,31,,,0,22,,96190,31,,,0,63,,96191,31,,,0,23,,96192,31,,,0,63,,96193,31,,,0,22,,96194,31,,,0,23,,96195,31,,,0,63,,96196,31,,,0,23,,96197,31,,,0,23,,96198,31,,,0,62,,96199,31,,,0,22,,96200,31,,,0,63,,96201,31,,,0,23,,96202,31,,,0,22,,96203,31,,,0,64,,96204,31,,,0,26,,96205,31,,,0,65,,96206,31,,,0,28,,96207,31,,,0,28,,96208,31,,,0,70,,96209,31,,,0,29,,96210,31,,,0,75,,96211,31,,,0,81,,96212,31,,,0,36,,96213,31,,,0
2701,'5462',716,,96216,31,,,0,43,,96217,31,,,0,70,,96218,31,,,0,29,,96219,31,,,0,72,,96220,31,,,0,71,,96215,31,,,0,32,,96221,31,,,0,25,,96222,31,,,0,67,,96223,31,,,0,27,,96224,31,,,0,65,,96225,31,,,0,26,,96226,31,,,0,64,,96227,31,,,0,23,,96228,31,,,0,22,,96229,31,,,0,63,,96230,31,,,0,23,,96231,31,,,0,63,,96232,31,,,0,22,,96233,31,,,0,23,,96234,31,,,0,63,,96235,31,,,0,23,,96236,31,,,0,23,,96237,31,,,0,62,,96238,31,,,0,22,,96239,31,,,0,63,,96240,31,,,0,23,,96241,31,,,0,22,,96242,31,,,0,64,,96243,31,,,0,26,,96244,31,,,0,65,,96245,31,,,0,28,,96246,31,,,0,28,,96247,31,,,0,70,,96248,31,,,0,29,,96249,31,,,0,75,,96250,31,,,0,81,,96251,31,,,0,36,,96252,31,,,0
2701,'5463',716,,96255,31,,,0,43,,96256,31,,,0,70,,96257,31,,,0,29,,96258,31,,,0,72,,96259,31,,,0,71,,96254,31,,,0,32,,96260,31,,,0,25,,96261,31,,,0,67,,96262,31,,,0,27,,96263,31,,,0,65,,96264,31,,,0,26,,96265,31,,,0,64,,96266,31,,,0,23,,96267,31,,,0,22,,96268,31,,,0,63,,96269,31,,,0,23,,96270,31,,,0,63,,96271,31,,,0,22,,96272,31,,,0,23,,96273,31,,,0,63,,96274,31,,,0,23,,96275,31,,,0,23,,96276,31,,,0,62,,96277,31,,,0,22,,96278,31,,,0,63,,96279,31,,,0,23,,96280,31,,,0,22,,96281,31,,,0,64,,96282,31,,,0,26,,96283,31,,,0,65,,96284,31,,,0,28,,96285,31,,,0,28,,96286,31,,,0,70,,96287,31,,,0,29,,96288,31,,,0,75,,96289,31,,,0,81,,96290,31,,,0,36,,96291,31,,,0
2801,'4832',645,,79963,36,,,0,96,,84163,36,,,0,70,,71307,36,,,0,30,,84164,36,,,0,70,,79962,36,,,0,33,,71309,36,,,0,71,,84165,36,,,0,29,,71311,36,,,0,67,,71312,36,,,0,27,,84166,36,,,0,66,,71314,36,,,0,25,,71315,36,,,0,24,,84167,36,,,0,64,,84168,36,,,0,23,,71318,36,,,0,63,,71319,36,,,0,23,,71320,36,,,0,23,,84169,36,,,0,63,,79966,36,,,0,23,,71323,36,,,0,23,,71324,36,,,0,63,,84170,36,,,0,22,,79967,36,,,0,62,,71327,36,,,0,23,,84171,36,,,0,23,,84172,36,,,0,62,,79968,36,,,0,23,,71331,36,,,0,23,,84173,36,,,0,65,,84174,36,,,0,25,,71334,36,,,0,66,,84175,36,,,0,28,,84176,36,,,0,70,,71337,36,,,0,30,,84177,36,,,0,70,,84178,36,,,0,40,,79969,36,,,0,78,,84179,36,,,0,83,,79970,36,,,0
2801,'5453',645,,84181,36,,,0,96,,79982,36,,,0,70,,79983,36,,,0,30,,84182,36,,,0,70,,84180,36,,,0,33,,79985,36,,,0,71,,79986,36,,,0,29,,79987,36,,,0,67,,79988,36,,,0,27,,79989,36,,,0,66,,79990,36,,,0,25,,79991,36,,,0,24,,84183,36,,,0,64,,79993,36,,,0,23,,79994,36,,,0,63,,79995,36,,,0,23,,79996,36,,,0,23,,79997,36,,,0,63,,79998,36,,,0,23,,79999,36,,,0,23,,80000,36,,,0,63,,84184,36,,,0,22,,80002,36,,,0,62,,80003,36,,,0,23,,80004,36,,,0,23,,84185,36,,,0,62,,80006,36,,,0,23,,80007,36,,,0,23,,80008,36,,,0,65,,84186,36,,,0,25,,80010,36,,,0,66,,84187,36,,,0,28,,84188,36,,,0,70,,84189,36,,,0,30,,84190,36,,,0,70,,84191,36,,,0,40,,80016,36,,,0,78,,84192,36,,,0,83,,84193,36,,,0
2801,'5456',611,,96601,36,,,0,28,,96602,36,,,0,65,,96603,36,,,0,23,,96604,36,,,0,13,,96605,36,,,0,13,,96606,36,,,0,51,,96607,36,,,0,12,,96608,36,,,0,12,,96609,36,,,0,12,,96610,36,,,0,15,,96611,36,,,0,58,,96612,36,,,0,21,,96613,36,,,0,25,,96614,36,,,0,64,,96615,36,,,0,24,,96616,36,,,0,66,,96617,36,,,0,28,,96618,36,,,0,67,,96619,36,,,0,27,,96620,36,,,0,66,,96621,36,,,0,26,,96622,36,,,0,26,,96623,36,,,0,66,,96624,36,,,0,26,,96625,36,,,0,65,,96626,36,,,0,26,,96627,36,,,0,22,,96628,36,,,0,72,,96629,36,,,0,72,,96630,36,,,0,20,,96648,36,,,0,13,,96631,36,,,0,69,,96632,36,,,0,131,,96633,36,,,0,21,,96634,36,,,0,66,,96635,36,,,0,29,,96636,36,,,0,66,,96637,36,,,0,26,,96638,36,,,0,69,,96639,36,,,0,30,,96640,36,,,0,71,,96641,36,,,0,37,,96642,36,,,0,77,,96643,36,,,0,79,,96644,36,,,0
2801,'5458',611,,96649,36,,,0,28,,96650,36,,,0,65,,96651,36,,,0,23,,96652,36,,,0,13,,96653,36,,,0,13,,96654,36,,,0,51,,96655,36,,,0,12,,96656,36,,,0,12,,96657,36,,,0,12,,96658,36,,,0,15,,96659,36,,,0,58,,96660,36,,,0,21,,96661,36,,,0,25,,96662,36,,,0,64,,96663,36,,,0,24,,96664,36,,,0,66,,96665,36,,,0,28,,96666,36,,,0,67,,96667,36,,,0,27,,96668,36,,,0,66,,96669,36,,,0,26,,96670,36,,,0,26,,96671,36,,,0,66,,96672,36,,,0,26,,96673,36,,,0,65,,96674,36,,,0,26,,96675,36,,,0,22,,96676,36,,,0,72,,96677,36,,,0,72,,96678,36,,,0,20,,96699,36,,,0,13,,96679,36,,,0,69,,96680,36,,,0,131,,96681,36,,,0,21,,96682,36,,,0,66,,96683,36,,,0,29,,96684,36,,,0,66,,96685,36,,,0,26,,96686,36,,,0,69,,96687,36,,,0,30,,96688,36,,,0,71,,96689,36,,,0,37,,96690,36,,,0,77,,96691,36,,,0,79,,96692,36,,,0,40,,96693,36,,,0
2801,'5459',707,,96701,36,,,0,35,,96702,36,,,0,70,,96703,36,,,0,29,,96700,36,,,0,68,,96704,36,,,0,27,,96705,36,,,0,68,,96706,36,,,0,27,,96707,36,,,0,26,,96708,36,,,0,63,,96709,36,,,0,24,,96710,36,,,0,62,,96711,36,,,0,22,,96712,36,,,0,21,,96713,36,,,0,62,,96714,36,,,0,24,,96715,36,,,0,22,,96716,36,,,0,65,,96717,36,,,0,21,,96718,36,,,0,64,,96719,36,,,0,20,,96720,36,,,0,20,,96721,36,,,0,63,,96722,36,,,0,19,,96723,36,,,0,21,,96724,36,,,0,60,,96725,36,,,0,20,,96726,36,,,0,21,,96727,36,,,0,60,,96728,36,,,0,20,,96729,36,,,0,18,,96730,36,,,0,60,,96731,36,,,0,20,,96732,36,,,0,23,,96733,36,,,0,66,,96734,36,,,0,27,,96735,36,,,0,69,,96736,36,,,0,30,,96737,36,,,0,69,,96738,36,,,0,28,,96739,36,,,0,70,,96740,36,,,0,32,,96741,36,,,0,70,,96742,36,,,0,30,,96743,36,,,0,71,,96744,36,,,0,27,,96745,36,,,0,70,,96746,36,,,0
2801,'5460',646,,96749,36,,,0,98,,96750,36,,,0,70,,96751,36,,,0,31,,96752,36,,,0,68,,96753,36,,,0,32,,96754,36,,,0,71,,96755,36,,,0,29,,96756,36,,,0,67,,96757,36,,,0,26,,96758,36,,,0,67,,96759,36,,,0,24,,96760,36,,,0,25,,96761,36,,,0,64,,96762,36,,,0,22,,96763,36,,,0,62,,96764,36,,,0,23,,96765,36,,,0,24,,96766,36,,,0,63,,96767,36,,,0,22,,96768,36,,,0,23,,96769,36,,,0,63,,96770,36,,,0,24,,96771,36,,,0,62,,96772,36,,,0,23,,96773,36,,,0,21,,96774,36,,,0,63,,96775,36,,,0,22,,96776,36,,,0,24,,96777,36,,,0,64,,96778,36,,,0,27,,96779,36,,,0,66,,96780,36,,,0,29,,96781,36,,,0,69,,96782,36,,,0,29,,96783,36,,,0,70,,96784,36,,,0,40,,96785,36,,,0,78,,96786,36,,,0,85,,96787,36,,,0
2801,'5461',646,,96788,36,,,0,98,,96789,36,,,0,70,,96790,36,,,0,31,,96791,36,,,0,68,,96792,36,,,0,32,,96793,36,,,0,71,,96794,36,,,0,29,,96795,36,,,0,67,,96796,36,,,0,26,,96797,36,,,0,67,,96798,36,,,0,24,,96799,36,,,0,25,,96800,36,,,0,64,,96801,36,,,0,22,,96802,36,,,0,62,,96803,36,,,0,23,,96804,36,,,0,24,,96805,36,,,0,63,,96806,36,,,0,22,,96807,36,,,0,23,,96808,36,,,0,63,,96809,36,,,0,24,,96810,36,,,0,62,,96811,36,,,0,23,,96812,36,,,0,21,,96813,36,,,0,63,,96814,36,,,0,22,,96815,36,,,0,24,,96816,36,,,0,64,,96817,36,,,0,27,,96818,36,,,0,66,,96819,36,,,0,29,,96820,36,,,0,69,,96821,36,,,0,29,,96822,36,,,0,70,,96823,36,,,0,40,,96824,36,,,0,78,,96825,36,,,0,85,,96826,36,,,0
2801,'5462',646,,96827,36,,,0,98,,96828,36,,,0,70,,96829,36,,,0,31,,96830,36,,,0,68,,96831,36,,,0,32,,96832,36,,,0,71,,96833,36,,,0,29,,96834,36,,,0,67,,96835,36,,,0,26,,96836,36,,,0,67,,96837,36,,,0,24,,96838,36,,,0,25,,96839,36,,,0,64,,96840,36,,,0,22,,96841,36,,,0,62,,96842,36,,,0,23,,96843,36,,,0,24,,96844,36,,,0,63,,96845,36,,,0,22,,96846,36,,,0,23,,96847,36,,,0,63,,96848,36,,,0,24,,96849,36,,,0,62,,96850,36,,,0,23,,96851,36,,,0,21,,96852,36,,,0,63,,96853,36,,,0,22,,96854,36,,,0,24,,96855,36,,,0,64,,96856,36,,,0,27,,96857,36,,,0,66,,96858,36,,,0,29,,96859,36,,,0,69,,96860,36,,,0,29,,96861,36,,,0,70,,96862,36,,,0,40,,96863,36,,,0,78,,96864,36,,,0,85,,96865,36,,,0
2801,'5463',646,,96866,36,,,0,98,,96867,36,,,0,70,,96868,36,,,0,31,,96869,36,,,0,68,,96870,36,,,0,32,,96871,36,,,0,71,,96872,36,,,0,29,,96873,36,,,0,67,,96874,36,,,0,26,,96875,36,,,0,67,,96876,36,,,0,24,,96877,36,,,0,25,,96878,36,,,0,64,,96879,36,,,0,22,,96880,36,,,0,62,,96881,36,,,0,23,,96882,36,,,0,24,,96883,36,,,0,63,,96884,36,,,0,22,,96885,36,,,0,23,,96886,36,,,0,63,,96887,36,,,0,24,,96888,36,,,0,62,,96889,36,,,0,23,,96890,36,,,0,21,,96891,36,,,0,63,,96892,36,,,0,22,,96893,36,,,0,24,,96894,36,,,0,64,,96895,36,,,0,27,,96896,36,,,0,66,,96897,36,,,0,29,,96898,36,,,0,69,,96899,36,,,0,29,,96900,36,,,0,70,,96901,36,,,0,40,,96902,36,,,0,78,,96903,36,,,0,85,,96904,36,,,0
24002701,'5456',729,,104050,26,0,5,0,26,,104051,26,0,5,0,65,,104052,26,0,5,0,24,,104053,26,0,5,0
24002701,'5458',729,,104054,26,0,5,0,26,,104055,26,0,5,0,65,,104056,26,0,5,0,24,,104057,26,0,5,0
