3800,'5456',602,,97941,5,,,0,21,,97943,5,,,0,14,,97945,5,,,0,13,,97948,5,,,0,54,,97949,5,,,0,16,,97951,5,,,0,31,,97944,5,,,0,82,,97946,5,,,0,72,,97947,5,,,0,100,,97953,5,,,0,100,,97950,5,,,0,100,,97954,5,,,0,26,,97965,5,0,55 14,0,76,,97952,5,,,0,31,,97966,5,0,55 14,0,63,,97955,5,,,0,40,,97956,5,,,0,70,,97961,5,,,0,28,,97957,5,,,0,76,,97964,5,,,0,34,,97958,5,,,0,72,,97959,5,,,0,83,,97962,5,,,0,104,,97960,5,,,0,105,,97963,5,,,0
3800,'5458',602,,97967,5,,,0,21,,97969,5,,,0,14,,97971,5,,,0,13,,97974,5,,,0,54,,97975,5,,,0,16,,97977,5,,,0,31,,97970,5,,,0,82,,97972,5,,,0,72,,97973,5,,,0,100,,97979,5,,,0,100,,97976,5,,,0,100,,97980,5,,,0,26,,97991,5,0,55 14,0,76,,97978,5,,,0,31,,97992,5,0,55 14,0,63,,97981,5,,,0,40,,97982,5,,,0,70,,97987,5,,,0,28,,97983,5,,,0,76,,97990,5,,,0,34,,97984,5,,,0,72,,97985,5,,,0,83,,97988,5,,,0,104,,97986,5,,,0,105,,97989,5,,,0
4600,'5456',557,,98547,5,,,0,57,,98548,5,,,0,23,,98557,5,,,0,65,,98559,5,,,0,39,,98549,5,,,0,101,,98546,5,,,0,101,,98558,5,,,0,377,,98555,5,,,0,107,,98550,5,,,0,73,,98556,5,,,0,35,,98551,5,,,0,99,,98552,5,,,0,70,,98553,5,,,0,47,,98554,5,,,0
4600,'5458',557,,98561,5,,,0,57,,98562,5,,,0,23,,98571,5,,,0,65,,98573,5,,,0,39,,98563,5,,,0,101,,98560,5,,,0,101,,98572,5,,,0,377,,98569,5,,,0,107,,98564,5,,,0,73,,98570,5,,,0,35,,98565,5,,,0,99,,98566,5,,,0,70,,98567,5,,,0,47,,98568,5,,,0
5800,'5456',632,,99746,13,,,0,71,,99745,13,,,0,40,,99740,13,,,0,80,,99739,13,,,0,26,,99747,13,,,0,69,,99737,13,,,0,83,,99738,13,,,0,46,,99741,13,,,0,85,,99742,13,,,0,85,,99743,13,,,0,85,,99744,13,,,0,47,,99748,13,,,0,89,,99749,13,,,0,64,,99758,14,,,0,18,,99750,13,,,0,18,,99759,13,,,0,65,,99751,13,,,0,50,,99752,13,,,0,88,,99753,13,,,0,85,,99754,13,,,0,85,,99760,13,,,0,145,,99755,13,,,0,150,,99756,13,,,0,107,,99757,13,,,0
5800,'5458',632,,99770,13,,,0,71,,99769,13,,,0,40,,99764,13,,,0,80,,99763,13,,,0,26,,99771,13,,,0,69,,99761,13,,,0,83,,99762,13,,,0,46,,99765,13,,,0,85,,99766,13,,,0,85,,99767,13,,,0,85,,99768,13,,,0,47,,99772,13,,,0,89,,99773,13,,,0,64,,99782,14,,,0,18,,99774,13,,,0,18,,99783,13,,,0,65,,99775,13,,,0,50,,99776,13,,,0,88,,99777,13,,,0,85,,99778,13,,,0,85,,99784,13,,,0,145,,99779,13,,,0,150,,99780,13,,,0,107,,99781,13,,,0
5800,'5459',705,,99797,13,,,0,100,,99798,13,,,0,101,,99799,13,,,0,106,,99800,13,,,0,105,,99795,13,,,0,105,,99796,13,,,0,100,,99794,13,,,0,112,,99792,13,,,0,100,,99793,13,,,0,109,,99791,13,,,0,99,,99786,13,,,0,104,,99787,13,,,0,100,,99788,13,,,0,105,,99789,13,,,0,154,,99790,13,,,0,109,,99785,13,,,0
5800,'5460',803,,99801,13,,,0,102,,99805,13,,,0,106,,99802,13,,,0,106,,99806,13,,,0,105,,99804,13,,,0,100,,99807,13,,,0,111,,99803,13,,,0,100,,99808,13,,,0,109,,99809,13,,,0,100,,99811,13,,,0,103,,99810,13,,,0,100,,99812,13,,,0,104,,99813,13,,,0,199,,99814,13,,,0
5800,'5461',803,,99815,13,,,0,102,,99819,13,,,0,106,,99816,13,,,0,106,,99820,13,,,0,105,,99818,13,,,0,100,,99821,13,,,0,111,,99817,13,,,0,100,,99822,13,,,0,109,,99823,13,,,0,100,,99825,13,,,0,103,,99824,13,,,0,100,,99826,13,,,0,104,,99827,13,,,0,199,,99828,13,,,0
5800,'5462',803,,99829,13,,,0,102,,99833,13,,,0,106,,99830,13,,,0,106,,99834,13,,,0,105,,99832,13,,,0,100,,99835,13,,,0,111,,99831,13,,,0,100,,99836,13,,,0,109,,99837,13,,,0,100,,99839,13,,,0,103,,99838,13,,,0,100,,99840,13,,,0,104,,99841,13,,,0,199,,99842,13,,,0
5800,'5463',803,,99843,13,,,0,102,,99847,13,,,0,106,,99844,13,,,0,106,,99848,13,,,0,105,,99846,13,,,0,100,,99849,13,,,0,111,,99845,13,,,0,100,,99850,13,,,0,109,,99851,13,,,0,100,,99853,13,,,0,103,,99852,13,,,0,100,,99854,13,,,0,104,,99855,13,,,0,199,,99856,13,,,0
6500,'5456',607,,100802,41,,,0,95,,100801,41,,,0,22,,100800,41,,,0,83,,100799,41,,,0
6500,'5458',607,,100806,41,,,0,95,,100805,41,,,0,22,,100804,41,,,0,83,,100803,41,,,0
24005100,'5456',633,,104081,5,,,0,16,,104080,5,,,0,10,,104070,5,,,0,54,,104079,5,,,0,24,,104077,5,,,0,13,,104078,5,,,0,78,,104082,5,,,0,110,,104076,5,,,0,100,,104083,5,,,0,99,,104075,5,,,0,99,,104084,5,,,0,100,,104074,5,,,0,100,,104072,5,,,0,105,,104086,5,,,0,67,,104073,5,,,0,32,,104071,5,,,0
24005100,'5458',633,,104098,5,,,0,16,,104097,5,,,0,10,,104087,5,,,0,54,,104096,5,,,0,24,,104094,5,,,0,13,,104095,5,,,0,78,,104099,5,,,0,110,,104093,5,,,0,100,,104100,5,,,0,99,,104092,5,,,0,99,,104101,5,,,0,100,,104091,5,,,0,100,,104089,5,,,0,105,,104103,5,,,0,67,,104090,5,,,0,32,,104088,5,,,0
