401,'5456',551,,88676,6,,,0,57,,88682,6,,,0,19,,88726,6,,,0,15,,88669,6,,,0,15,,88668,6,,,0,53,,88739,6,,,0,15,,88667,6,,,0,15,,88685,6,,,0,13,,88697,6,,,0,53,,88693,6,,,0,12,,88681,6,,,0,14,,88724,6,,,0,13,,88673,6,,,0,14,,88730,6,,,0,55,,88723,6,,,0,14,,88734,6,,,0,13,,88729,6,,,0,13,,88736,6,,,0,53,,88731,6,,,0,13,,88735,6,,,0,13,,88732,6,,,0,14,,88737,6,,,0,12,,88733,6,,,0,52,,88688,6,,,0,13,,88670,6,,,0,13,,88718,6,,,0,14,,88674,6,,,0,53,,88696,6,,,0,15,,88719,6,,,0,14,,88689,6,,,0,14,,88715,6,,,0,54,,88738,6,,,0,14,,88725,6,,,0,11,,88680,6,,,0,13,,88720,6,,,0,13,,88675,6,,,0,53,,88687,6,,,0,14,,88683,6,,,0,14,,88706,6,,,0,10,,88666,6,,,0,8,,88727,6,,,0,55,,88710,6,,,0,17,,88677,6,,,0,8,,88678,6,,,0,10,,88707,6,,,0,15,,88690,6,,,0,48,,88716,6,,,0,11,,88695,6,,,0,19,,88714,6,,,0,16,,88712,6,,,0,57,,88694,6,,,0,14,,88671,6,,,0,15,,88702,6,,,0,17,,88701,6,,,0,55,,88700,6,,,0,16,,88703,6,,,0,16,,88699,6,,,0,15,,88709,6,,,0,56,,88705,6,,,0,16,,88713,6,,,0,15,,88711,6,,,0,16,,88704,6,,,0,58,,88679,6,,,0,17,,88708,6,,,0,15,,88717,6,,,0,56,,88684,6,,,0,19,,88691,6,,,0,20,,88672,6,,,0,60,,88686,6,,,0,24,,88698,6,,,0,25,,88692,6,,,0,69,,88728,6,,,0,31,,88722,6,,,0,71,,88721,6,,,0
401,'5458',551,,88751,6,,,0,57,,88758,6,,,0,19,,88804,6,,,0,15,,88743,6,,,0,15,,88742,6,,,0,53,,88817,6,,,0,15,,88741,6,,,0,15,,88762,6,,,0,13,,88775,6,,,0,53,,88771,6,,,0,12,,88757,6,,,0,14,,88802,6,,,0,13,,88747,6,,,0,14,,88808,6,,,0,55,,88801,6,,,0,14,,88812,6,,,0,13,,88807,6,,,0,13,,88814,6,,,0,53,,88809,6,,,0,13,,88813,6,,,0,13,,88810,6,,,0,14,,88815,6,,,0,12,,88811,6,,,0,52,,88766,6,,,0,13,,88744,6,,,0,13,,88796,6,,,0,14,,88749,6,,,0,53,,88774,6,,,0,15,,88797,6,,,0,14,,88767,6,,,0,14,,88793,6,,,0,54,,88816,6,,,0,14,,88803,6,,,0,11,,88755,6,,,0,13,,88798,6,,,0,13,,88750,6,,,0,53,,88765,6,,,0,14,,88760,6,,,0,14,,88784,6,,,0,10,,88740,6,,,0,8,,88805,6,,,0,55,,88788,6,,,0,17,,88752,6,,,0,8,,88753,6,,,0,10,,88785,6,,,0,15,,88768,6,,,0,48,,88794,6,,,0,11,,88773,6,,,0,19,,88792,6,,,0,16,,88790,6,,,0,57,,88772,6,,,0,14,,88745,6,,,0,15,,88780,6,,,0,17,,88779,6,,,0,55,,88778,6,,,0,16,,88781,6,,,0,16,,88777,6,,,0,15,,88787,6,,,0,56,,88783,6,,,0,16,,88791,6,,,0,15,,88789,6,,,0,16,,88782,6,,,0,58,,88754,6,,,0,17,,88786,6,,,0,15,,88795,6,,,0,56,,88761,6,,,0,19,,88769,6,,,0,20,,88746,6,,,0,60,,88764,6,,,0,24,,88776,6,,,0,25,,88770,6,,,0,69,,88806,6,,,0,31,,88800,6,,,0,71,,88799,6,,,0,30,,88759,6,,,0,71,,88756,6,,,0,30,,88748,6,,,0,70,,88763,6,,,0
401,'5459',659,,88852,6,,,0,60,,88861,6,,,0,20,,88834,6,,,0,18,,88844,6,,,0,56,,88854,6,,,0,16,,88824,6,,,0,16,,88842,6,,,0,56,,88843,6,,,0,15,,88857,6,,,0,15,,88818,6,,,0,15,,88830,6,,,0,55,,88832,6,,,0,15,,88881,6,,,0,15,,88846,6,,,0,15,,88859,6,,,0,56,,88819,6,,,0,14,,88828,6,,,0,15,,88840,6,,,0,15,,88851,6,,,0,55,,88856,6,,,0,15,,88820,6,,,0,16,,88829,6,,,0,15,,88835,6,,,0,55,,88853,6,,,0,16,,88860,6,,,0,16,,88833,6,,,0,15,,88825,6,,,0,56,,88836,6,,,0,16,,88849,6,,,0,16,,88855,6,,,0,16,,88821,6,,,0,56,,88827,6,,,0,15,,88822,6,,,0,16,,88845,6,,,0,16,,88858,6,,,0,57,,88838,6,,,0,17,,88826,6,,,0,16,,88823,6,,,0,56,,88848,6,,,0,15,,88850,6,,,0,17,,88831,6,,,0,18,,88837,6,,,0,58,,88839,6,,,0,18,,88847,6,,,0,19,,88841,6,,,0,58,,88863,6,,,0,18,,88862,6,,,0,18,,88864,6,,,0,18,,88868,6,,,0,58,,88869,6,,,0,18,,88871,6,,,0,18,,88872,6,,,0,58,,88870,6,,,0,18,,88874,6,,,0,25,,88878,6,,,0,64,,88873,6,,,0,30,,88876,6,,,0,72,,88875,6,,,0,31,,88879,6,,,0,71,,88877,6,,,0,30,,88880,6,,,0,70,,88867,6,,,0,31,,88866,6,,,0,70,,88865,6,,,0
401,'5460',722,,88882,6,,,0,30,,88883,6,,,0,71,,88884,6,,,0,29,,88885,6,,,0,67,,88886,6,,,0,30,,88887,6,,,0,59,,88888,6,,,0,19,,88889,6,,,0,20,,88890,6,,,0,59,,88891,6,,,0,20,,88892,6,,,0,20,,88893,6,,,0,60,,88894,6,,,0,20,,88895,6,,,0,19,,88896,6,,,0,60,,88897,6,,,0,20,,88898,6,,,0,17,,88926,6,,,0,58,,88899,6,,,0,16,,88900,6,,,0,16,,88901,6,,,0,16,,88902,6,,,0,57,,88928,6,,,0,17,,88903,6,,,0,16,,88904,6,,,0,16,,88905,6,,,0,57,,88906,6,,,0,16,,88927,6,,,0,16,,88907,6,,,0,57,,88908,6,,,0,17,,88909,6,,,0,18,,88910,6,,,0,19,,88911,6,,,0,58,,88912,6,,,0,18,,88913,6,,,0,19,,88914,6,,,0,58,,88915,6,,,0,19,,88929,6,,,0,18,,88916,6,,,0,60,,88917,6,,,0,20,,88918,6,,,0,24,,88919,6,,,0,72,,88920,6,,,0,32,,88921,6,,,0,69,,88922,6,,,0,32,,88923,6,,,0,71,,88924,6,,,0,29,,88925,6,0,23 49,0
401,'5461',722,,88930,6,,,0,30,,88931,6,,,0,71,,88932,6,,,0,29,,88933,6,,,0,67,,88934,6,,,0,30,,88935,6,,,0,59,,88936,6,,,0,19,,88937,6,,,0,20,,88938,6,,,0,59,,88939,6,,,0,20,,88940,6,,,0,20,,88941,6,,,0,60,,88942,6,,,0,20,,88943,6,,,0,19,,88944,6,,,0,60,,88945,6,,,0,20,,88946,6,,,0,17,,88974,6,,,0,58,,88947,6,,,0,16,,88948,6,,,0,16,,88949,6,,,0,16,,88950,6,,,0,57,,88976,6,,,0,17,,88951,6,,,0,16,,88952,6,,,0,16,,88953,6,,,0,57,,88954,6,,,0,16,,88975,6,,,0,16,,88955,6,,,0,57,,88956,6,,,0,17,,88957,6,,,0,18,,88958,6,,,0,19,,88959,6,,,0,58,,88960,6,,,0,18,,88961,6,,,0,19,,88962,6,,,0,58,,88963,6,,,0,19,,88977,6,,,0,18,,88964,6,,,0,60,,88965,6,,,0,20,,88966,6,,,0,24,,88967,6,,,0,72,,88968,6,,,0,32,,88969,6,,,0,69,,88970,6,,,0,32,,88971,6,,,0,71,,88972,6,,,0,29,,88973,6,0,23 49,0
401,'5462',722,,88978,6,,,0,30,,88979,6,,,0,71,,88980,6,,,0,29,,88981,6,,,0,67,,88982,6,,,0,30,,88983,6,,,0,59,,88984,6,,,0,19,,88985,6,,,0,20,,88986,6,,,0,59,,88987,6,,,0,20,,88988,6,,,0,20,,88989,6,,,0,60,,88990,6,,,0,20,,88991,6,,,0,19,,88992,6,,,0,60,,88993,6,,,0,20,,88994,6,,,0,17,,89022,6,,,0,58,,88995,6,,,0,16,,88996,6,,,0,16,,88997,6,,,0,16,,88998,6,,,0,57,,89024,6,,,0,17,,88999,6,,,0,16,,89000,6,,,0,16,,89001,6,,,0,57,,89002,6,,,0,16,,89023,6,,,0,16,,89003,6,,,0,57,,89004,6,,,0,17,,89005,6,,,0,18,,89006,6,,,0,19,,89007,6,,,0,58,,89008,6,,,0,18,,89009,6,,,0,19,,89010,6,,,0,58,,89011,6,,,0,19,,89025,6,,,0,18,,89012,6,,,0,60,,89013,6,,,0,20,,89014,6,,,0,24,,89015,6,,,0,72,,89016,6,,,0,32,,89017,6,,,0,69,,89018,6,,,0,32,,89019,6,,,0,71,,89020,6,,,0,29,,89021,6,0,23 49,0
401,'5463',722,,89026,6,,,0,30,,89027,6,,,0,71,,89028,6,,,0,29,,89029,6,,,0,67,,89030,6,,,0,30,,89031,6,,,0,59,,89032,6,,,0,19,,89033,6,,,0,20,,89034,6,,,0,59,,89035,6,,,0,20,,89036,6,,,0,20,,89037,6,,,0,60,,89038,6,,,0,20,,89039,6,,,0,19,,89040,6,,,0,60,,89041,6,,,0,20,,89042,6,,,0,17,,89070,6,,,0,58,,89043,6,,,0,16,,89044,6,,,0,16,,89045,6,,,0,16,,89046,6,,,0,57,,89072,6,,,0,17,,89047,6,,,0,16,,89048,6,,,0,16,,89049,6,,,0,57,,89050,6,,,0,16,,89071,6,,,0,16,,89051,6,,,0,57,,89052,6,,,0,17,,89053,6,,,0,18,,89054,6,,,0,19,,89055,6,,,0,58,,89056,6,,,0,18,,89057,6,,,0,19,,89058,6,,,0,58,,89059,6,,,0,19,,89073,6,,,0,18,,89060,6,,,0,60,,89061,6,,,0,20,,89062,6,,,0,24,,89063,6,,,0,72,,89064,6,,,0,32,,89065,6,,,0,69,,89066,6,,,0,32,,89067,6,,,0,71,,89068,6,,,0,29,,89069,6,0,23 49,0
700,'5456',600,,90072,6,0,5,0,27,,90093,6,0,5,0,17,,90073,6,0,5,0,14,,90098,6,0,5,0,54,,90083,6,0,5,0,13,,90105,6,0,5,0,16,,90077,6,0,5,0,15,,90102,6,0,5,0,60,,90076,6,0,5,0,18,,90113,6,0,5,0,18,,90091,6,0,5,0,61,,90074,6,0,5,0,21,,90097,6,0,5,0,20,,90107,6,0,5,0,60,,90075,6,0,5,0,20,,90078,6,0,5,0,20,,90111,6,0,5,0,60,,90092,6,0,5,0,20,,90079,6,0,5,0,20,,90099,6,0,5,0,60,,90104,6,0,5,0,20,,90081,6,0,5,0,20,,90082,6,0,5,0,57,,90116,6,0,5,0,19,,90112,6,0,5,0,16,,90094,6,0,5,0,55,,90080,6,0,5,0,17,,90118,6,0,5,0,17,,90100,6,0,5,0,17,,90106,6,0,5,0,53,,90119,6,0,5,0,7,,90086,6,0,5,0,18,,90087,6,0,5,0,19,,90115,6,0,5,0,58,,90114,6,0,5,0,18,,90095,6,0,5,0,19,,90084,6,0,5,0,59,,90117,6,0,5,0,19,,90101,6,0,5,0,16,,90108,6,0,5,0,18,,90085,6,0,5,0,57,,90096,6,0,5,0,31,,90109,6,0,5,0,70,,90088,6,0,5,0,33,,90103,6,0,5,0,69,,90089,6,0,5,0,30,,90110,6,0,5,0,72,,90090,6,0,5,0
700,'5458',600,,90120,6,0,5,0,27,,90141,6,0,5,0,17,,90121,6,0,5,0,14,,90146,6,0,5,0,54,,90131,6,0,5,0,13,,90153,6,0,5,0,16,,90125,6,0,5,0,15,,90150,6,0,5,0,60,,90124,6,0,5,0,18,,90161,6,0,5,0,18,,90139,6,0,5,0,61,,90122,6,0,5,0,21,,90145,6,0,5,0,20,,90155,6,0,5,0,60,,90123,6,0,5,0,20,,90126,6,0,5,0,20,,90159,6,0,5,0,60,,90140,6,0,5,0,20,,90127,6,0,5,0,20,,90147,6,0,5,0,60,,90152,6,0,5,0,20,,90129,6,0,5,0,20,,90130,6,0,5,0,57,,90164,6,0,5,0,19,,90160,6,0,5,0,16,,90142,6,0,5,0,55,,90128,6,0,5,0,17,,90166,6,0,5,0,17,,90148,6,0,5,0,17,,90154,6,0,5,0,53,,90167,6,0,5,0,7,,90134,6,0,5,0,18,,90135,6,0,5,0,19,,90163,6,0,5,0,58,,90162,6,0,5,0,18,,90143,6,0,5,0,19,,90132,6,0,5,0,59,,90165,6,0,5,0,19,,90149,6,0,5,0,16,,90156,6,0,5,0,18,,90133,6,0,5,0,57,,90144,6,0,5,0,31,,90157,6,0,5,0,70,,90136,6,0,5,0,33,,90151,6,0,5,0,69,,90137,6,0,5,0,30,,90158,6,0,5,0,72,,90138,6,0,5,0
700,'5459',647,,90189,6,0,5,0,85,,90196,6,0,5,0,80,,90179,6,0,5,0,29,,90190,6,0,5,0,79,,90171,6,0,5,0,29,,90191,6,0,5,0,70,,90174,6,0,5,0,31,,90182,6,0,5,0,69,,90168,6,0,5,0,31,,90169,6,0,5,0,70,,90192,6,0,5,0,30,,90175,6,0,5,0,70,,90183,6,0,5,0,28,,90170,6,0,5,0,72,,90172,6,0,5,0,30,,90193,6,0,5,0,70,,90176,6,0,5,0,31,,90184,6,0,5,0,70,,90173,6,0,5,0,30,,90178,6,0,5,0,71,,90194,6,0,5,0,30,,90177,6,0,5,0,69,,90186,6,0,5,0,29,,90181,6,0,5,0,68,,90180,6,0,5,0,31,,90195,6,0,5,0,70,,90185,6,0,5,0,28,,90187,6,0,5,0,70,,90188,6,0,5,0
700,'5460',713,,90213,6,0,5,0,35,,90215,6,0,5,0,84,,90201,6,0,5,0,77,,90214,6,0,5,0,40,,90216,6,0,5,0,70,,90197,6,0,5,0,30,,90202,6,0,5,0,70,,90204,6,0,5,0,29,,90199,6,0,5,0,71,,90203,6,0,5,0,30,,90200,6,0,5,0,70,,90198,6,0,5,0,30,,90205,6,0,5,0,70,,90206,6,0,5,0,30,,90207,6,0,5,0,70,,90208,6,0,5,0,30,,90210,6,0,5,0,70,,90209,6,0,5,0,30,,90212,6,0,5,0,70,,90211,6,0,5,0,30,,90217,6,0,5,0,70,,90220,6,0,5,0,30,,90219,6,0,5,0,70,,90218,6,0,5,0,30,,90222,6,0,5,0,71,,90221,6,0,5,0
700,'5461',713,,90239,6,0,5,0,35,,90241,6,0,5,0,84,,90227,6,0,5,0,77,,90240,6,0,5,0,40,,90242,6,0,5,0,70,,90223,6,0,5,0,30,,90228,6,0,5,0,70,,90230,6,0,5,0,29,,90225,6,0,5,0,71,,90229,6,0,5,0,30,,90226,6,0,5,0,70,,90224,6,0,5,0,30,,90231,6,0,5,0,70,,90232,6,0,5,0,30,,90233,6,0,5,0,70,,90234,6,0,5,0,30,,90236,6,0,5,0,70,,90235,6,0,5,0,30,,90238,6,0,5,0,70,,90237,6,0,5,0,30,,90243,6,0,5,0,70,,90246,6,0,5,0,30,,90245,6,0,5,0,70,,90244,6,0,5,0,30,,90248,6,0,5,0,71,,90247,6,0,5,0
700,'5462',713,,90265,6,0,5,0,35,,90267,6,0,5,0,84,,90253,6,0,5,0,77,,90266,6,0,5,0,40,,90268,6,0,5,0,70,,90249,6,0,5,0,30,,90254,6,0,5,0,70,,90256,6,0,5,0,29,,90251,6,0,5,0,71,,90255,6,0,5,0,30,,90252,6,0,5,0,70,,90250,6,0,5,0,30,,90257,6,0,5,0,70,,90258,6,0,5,0,30,,90259,6,0,5,0,70,,90260,6,0,5,0,30,,90262,6,0,5,0,70,,90261,6,0,5,0,30,,90264,6,0,5,0,70,,90263,6,0,5,0,30,,90269,6,0,5,0,70,,90272,6,0,5,0,30,,90271,6,0,5,0,70,,90270,6,0,5,0,30,,90274,6,0,5,0,71,,90273,6,0,5,0
700,'5463',713,,90291,6,0,5,0,35,,90293,6,0,5,0,84,,90279,6,0,5,0,77,,90292,6,0,5,0,40,,90294,6,0,5,0,70,,90275,6,0,5,0,30,,90280,6,0,5,0,70,,90282,6,0,5,0,29,,90277,6,0,5,0,71,,90281,6,0,5,0,30,,90278,6,0,5,0,70,,90276,6,0,5,0,30,,90283,6,0,5,0,70,,90284,6,0,5,0,30,,90285,6,0,5,0,70,,90286,6,0,5,0,30,,90288,6,0,5,0,70,,90287,6,0,5,0,30,,90290,6,0,5,0,70,,90289,6,0,5,0,30,,90295,6,0,5,0,70,,90298,6,0,5,0,30,,90297,6,0,5,0,70,,90296,6,0,5,0,30,,90300,6,0,5,0,71,,90299,6,0,5,0
901,'5456',1458,,90762,6,0,24 49,0,55,,90764,6,0,24 49,0,35,,90765,6,0,24 49,0,75,,90766,6,0,24 49,0,21,,90767,6,,,0,15,,90763,6,0,24 49,0,54,,90769,6,0,24 49,0,15,,90768,6,,,0
901,'5458',1458,,90770,6,0,24 49,0,55,,90772,6,0,24 49,0,35,,90773,6,0,24 49,0,75,,90774,6,0,24 49,0,21,,90775,6,,,0,15,,90771,6,0,24 49,0,54,,90777,6,0,24 49,0,15,,90776,6,,,0
1501,'5456',543,,93145,3,,,0,67,,93146,3,,,0,17,,93147,3,,,0,19,,93148,3,,,0,56,,93149,3,,,0,13,,93150,3,,,0,15,,93151,3,,,0,15,,93152,3,,,0,57,,93143,3,,,0,16,,93153,3,,,0,16,,93154,3,,,0,16,,93155,3,,,0,56,,93156,3,,,0,15,,93157,3,,,0,15,,93158,3,,,0,15,,93159,3,,,0,55,,93160,3,,,0,16,,93161,3,,,0,15,,93162,3,,,0,15,,93163,3,,,0,54,,93164,3,,,0,15,,93165,3,,,0,15,,93166,3,,,0,15,,93167,3,,,0,55,,93168,3,,,0,15,,93169,3,,,0,15,,93170,3,,,0,15,,93171,3,,,0,54,,93172,3,,,0,13,,93173,3,,,0,15,,93174,3,,,0,15,,93175,3,,,0,54,,93176,3,,,0,13,,93177,3,,,0,11,,93178,3,,,0,11,,93179,3,,,0,11,,93180,3,,,0,9,,93181,3,,,0,55,,93182,3,,,0,13,,93183,3,,,0,12,,93184,3,,,0,12,,93185,3,,,0,52,,93186,3,,,0,11,,93187,3,,,0,11,,93188,3,,,0,12,,93189,3,,,0,10,,93190,3,,,0,10,,93191,3,,,0,52,,93192,3,,,0,11,,93193,3,,,0,12,,93194,3,,,0,12,,93195,3,,,0,12,,93196,3,,,0,51,,93197,3,,,0,15,,93198,3,,,0,15,,93199,3,,,0,17,,93200,3,,,0,55,,93201,3,,,0,16,,93202,3,,,0,15,,93203,3,,,0,15,,93204,3,,,0,54,,93205,3,,,0,19,,93206,3,,,0,20,,93207,3,,,0,61,,93208,3,,,0,20,,93209,3,,,0,24,,93210,3,,,0,71,,93211,3,,,0,35,,93212,3,,,0,72,,93213,3,,,0,30,,93214,3,,,0,72,,93215,3,,,0
1501,'5458',543,,93218,3,,,0,67,,93219,3,,,0,17,,93220,3,,,0,19,,93221,3,,,0,56,,93222,3,,,0,13,,93223,3,,,0,15,,93224,3,,,0,15,,93225,3,,,0,57,,93216,3,,,0,16,,93226,3,,,0,16,,93227,3,,,0,16,,93228,3,,,0,56,,93229,3,,,0,15,,93230,3,,,0,15,,93231,3,,,0,15,,93232,3,,,0,55,,93233,3,,,0,16,,93234,3,,,0,15,,93235,3,,,0,15,,93236,3,,,0,54,,93237,3,,,0,15,,93238,3,,,0,15,,93239,3,,,0,15,,93240,3,,,0,55,,93241,3,,,0,15,,93242,3,,,0,15,,93243,3,,,0,15,,93244,3,,,0,54,,93245,3,,,0,13,,93246,3,,,0,15,,93247,3,,,0,15,,93248,3,,,0,54,,93249,3,,,0,13,,93250,3,,,0,11,,93251,3,,,0,11,,93252,3,,,0,11,,93253,3,,,0,9,,93254,3,,,0,55,,93255,3,,,0,13,,93256,3,,,0,12,,93257,3,,,0,12,,93258,3,,,0,52,,93259,3,,,0,11,,93260,3,,,0,11,,93261,3,,,0,12,,93262,3,,,0,10,,93263,3,,,0,10,,93264,3,,,0,52,,93265,3,,,0,11,,93266,3,,,0,12,,93267,3,,,0,12,,93268,3,,,0,12,,93269,3,,,0,51,,93270,3,,,0,15,,93271,3,,,0,15,,93272,3,,,0,17,,93273,3,,,0,55,,93274,3,,,0,16,,93275,3,,,0,15,,93276,3,,,0,15,,93277,3,,,0,54,,93278,3,,,0,19,,93279,3,,,0,20,,93280,3,,,0,61,,93281,3,,,0,20,,93282,3,,,0,24,,93283,3,,,0,71,,93284,3,,,0,35,,93285,3,,,0,72,,93286,3,,,0,30,,93287,3,,,0,72,,93288,3,,,0,70,,93289,3,,,0,30,,93290,3,,,0,70,,93291,3,,,0,30,,93292,3,,,0
1501,'5459',643,,93333,3,,,0,63,,93347,3,,,0,20,,93332,3,,,0,15,,93308,3,,,0,14,,93328,3,,,0,54,,93329,3,,,0,14,,93307,3,,,0,15,,93346,3,,,0,15,,93330,3,,,0,55,,93306,3,,,0,15,,93331,3,,,0,15,,93323,3,,,0,13,,93304,3,,,0,54,,93305,3,,,0,14,,93345,3,,,0,14,,93324,3,,,0,15,,93303,3,,,0,55,,93326,3,,,0,15,,93327,3,,,0,15,,93300,3,,,0,15,,93302,3,,,0,55,,93344,3,,,0,14,,93325,3,,,0,15,,93301,3,,,0,15,,93322,3,,,0,55,,93321,3,,,0,15,,93299,3,,,0,15,,93296,3,,,0,15,,93343,3,,,0,56,,93320,3,,,0,14,,93298,3,,,0,16,,93318,3,,,0,15,,93319,3,,,0,55,,93297,3,,,0,15,,93312,3,,,0,15,,93348,3,,,0,15,,93341,3,,,0,55,,93313,3,,,0,15,,93314,3,,,0,15,,93316,3,,,0,15,,93293,3,,,0,55,,93295,3,,,0,15,,93342,3,,,0,14,,93315,3,,,0,15,,93294,3,,,0,55,,93317,3,,,0,15,,93340,3,,,0,15,,93311,3,,,0,15,,93309,3,,,0,55,,93349,3,,,0,17,,93337,3,,,0,20,,93310,3,,,0,61,,93335,3,,,0,20,,93336,3,,,0,20,,93334,3,,,0,60,,93338,3,,,0,20,,93339,3,,,0,20,,93352,3,,,0,60,,93351,3,,,0,23,,93350,3,,,0,31,,93353,3,,,0,71,,93354,3,,,0,33,,93355,3,,,0,70,,93356,3,,,0,30,,93357,3,,,0,70,,93358,3,,,0,72,,93359,3,,,0,30,,93360,3,,,0
1501,'5460',641,,93378,3,,,0,68,,93365,3,,,0,19,,93379,3,,,0,16,,93366,3,,,0,15,,93420,3,,,0,55,,93380,3,,,0,15,,93367,3,,,0,15,,93419,3,,,0,13,,93381,3,,,0,55,,93368,3,,,0,15,,93382,3,,,0,15,,93362,3,,,0,15,,93376,3,,,0,54,,93361,3,,,0,15,,93385,3,,,0,16,,93372,3,,,0,15,,93386,3,,,0,55,,93364,3,,,0,14,,93374,3,,,0,15,,93363,3,,,0,15,,93373,3,,,0,55,,93387,3,,,0,15,,93369,3,,,0,15,,93388,3,,,0,16,,93370,3,,,0,55,,93377,3,,,0,15,,93375,3,,,0,15,,93371,3,,,0,15,,93389,3,,,0,55,,93391,3,,,0,15,,93390,3,,,0,15,,93392,3,,,0,15,,93384,3,,,0,55,,93394,3,,,0,15,,93383,3,,,0,15,,93395,3,,,0,15,,93401,3,,,0,55,,93400,3,,,0,15,,93396,3,,,0,15,,93393,3,,,0,15,,93398,3,,,0,56,,93397,3,,,0,15,,93399,3,,,0,15,,93415,3,,,0,15,,93412,3,,,0,55,,93409,3,,,0,15,,93413,3,,,0,15,,93402,3,,,0,58,,93414,3,,,0,20,,93403,3,,,0,19,,93404,3,,,0,19,,93406,3,,,0,60,,93408,3,,,0,20,,93407,3,,,0,20,,93405,3,,,0,66,,93411,3,,,0,31,,93410,3,,,0,71,,93416,3,,,0,31,,93417,3,,,0,71,,93418,3,,,0
1501,'5461',641,,93438,3,,,0,68,,93425,3,,,0,19,,93439,3,,,0,16,,93426,3,,,0,15,,93480,3,,,0,55,,93440,3,,,0,15,,93427,3,,,0,15,,93479,3,,,0,13,,93441,3,,,0,55,,93428,3,,,0,15,,93442,3,,,0,15,,93422,3,,,0,15,,93436,3,,,0,54,,93421,3,,,0,15,,93445,3,,,0,16,,93432,3,,,0,15,,93446,3,,,0,55,,93424,3,,,0,14,,93434,3,,,0,15,,93423,3,,,0,15,,93433,3,,,0,55,,93447,3,,,0,15,,93429,3,,,0,15,,93448,3,,,0,16,,93430,3,,,0,55,,93437,3,,,0,15,,93435,3,,,0,15,,93431,3,,,0,15,,93449,3,,,0,55,,93451,3,,,0,15,,93450,3,,,0,15,,93452,3,,,0,15,,93444,3,,,0,55,,93454,3,,,0,15,,93443,3,,,0,15,,93455,3,,,0,15,,93461,3,,,0,55,,93460,3,,,0,15,,93456,3,,,0,15,,93453,3,,,0,15,,93458,3,,,0,56,,93457,3,,,0,15,,93459,3,,,0,15,,93475,3,,,0,15,,93472,3,,,0,55,,93469,3,,,0,15,,93473,3,,,0,15,,93462,3,,,0,58,,93474,3,,,0,20,,93463,3,,,0,19,,93464,3,,,0,19,,93466,3,,,0,60,,93468,3,,,0,20,,93467,3,,,0,20,,93465,3,,,0,66,,93471,3,,,0,31,,93470,3,,,0,71,,93476,3,,,0,31,,93477,3,,,0,71,,93478,3,,,0
1501,'5462',641,,93498,3,,,0,68,,93485,3,,,0,19,,93499,3,,,0,16,,93486,3,,,0,15,,93540,3,,,0,55,,93500,3,,,0,15,,93487,3,,,0,15,,93539,3,,,0,13,,93501,3,,,0,55,,93488,3,,,0,15,,93502,3,,,0,15,,93482,3,,,0,15,,93496,3,,,0,54,,93481,3,,,0,15,,93505,3,,,0,16,,93492,3,,,0,15,,93506,3,,,0,55,,93484,3,,,0,14,,93494,3,,,0,15,,93483,3,,,0,15,,93493,3,,,0,55,,93507,3,,,0,15,,93489,3,,,0,15,,93508,3,,,0,16,,93490,3,,,0,55,,93497,3,,,0,15,,93495,3,,,0,15,,93491,3,,,0,15,,93509,3,,,0,55,,93511,3,,,0,15,,93510,3,,,0,15,,93512,3,,,0,15,,93504,3,,,0,55,,93514,3,,,0,15,,93503,3,,,0,15,,93515,3,,,0,15,,93521,3,,,0,55,,93520,3,,,0,15,,93516,3,,,0,15,,93513,3,,,0,15,,93518,3,,,0,56,,93517,3,,,0,15,,93519,3,,,0,15,,93535,3,,,0,15,,93532,3,,,0,55,,93529,3,,,0,15,,93533,3,,,0,15,,93522,3,,,0,58,,93534,3,,,0,20,,93523,3,,,0,19,,93524,3,,,0,19,,93526,3,,,0,60,,93528,3,,,0,20,,93527,3,,,0,20,,93525,3,,,0,66,,93531,3,,,0,31,,93530,3,,,0,71,,93536,3,,,0,31,,93537,3,,,0,71,,93538,3,,,0
1501,'5463',641,,93558,3,,,0,68,,93545,3,,,0,19,,93559,3,,,0,16,,93546,3,,,0,15,,93600,3,,,0,55,,93560,3,,,0,15,,93547,3,,,0,15,,93599,3,,,0,13,,93561,3,,,0,55,,93548,3,,,0,15,,93562,3,,,0,15,,93542,3,,,0,15,,93556,3,,,0,54,,93541,3,,,0,15,,93565,3,,,0,16,,93552,3,,,0,15,,93566,3,,,0,55,,93544,3,,,0,14,,93554,3,,,0,15,,93543,3,,,0,15,,93553,3,,,0,55,,93567,3,,,0,15,,93549,3,,,0,15,,93568,3,,,0,16,,93550,3,,,0,55,,93557,3,,,0,15,,93555,3,,,0,15,,93551,3,,,0,15,,93569,3,,,0,55,,93571,3,,,0,15,,93570,3,,,0,15,,93572,3,,,0,15,,93564,3,,,0,55,,93574,3,,,0,15,,93563,3,,,0,15,,93575,3,,,0,15,,93581,3,,,0,55,,93580,3,,,0,15,,93576,3,,,0,15,,93573,3,,,0,15,,93578,3,,,0,56,,93577,3,,,0,15,,93579,3,,,0,15,,93595,3,,,0,15,,93592,3,,,0,55,,93589,3,,,0,15,,93593,3,,,0,15,,93582,3,,,0,58,,93594,3,,,0,20,,93583,3,,,0,19,,93584,3,,,0,19,,93586,3,,,0,60,,93588,3,,,0,20,,93587,3,,,0,20,,93585,3,,,0,66,,93591,3,,,0,31,,93590,3,,,0,71,,93596,3,,,0,31,,93597,3,,,0,71,,93598,3,,,0
14000700,'5456',2146,,103939,6,0,5,0,70,,103935,6,0,5,0,32,,103940,6,0,5,0,69,,103936,6,0,5,0,31,,103938,6,0,5,0,70,,103937,6,0,5,0
14000700,'5458',2146,,103945,6,0,5,0,70,,103941,6,0,5,0,32,,103946,6,0,5,0,69,,103942,6,0,5,0,31,,103944,6,0,5,0,70,,103943,6,0,5,0
14000700,'5459',2145,,103947,6,0,5,0,74,,103948,6,0,5,0,30,,103949,6,0,5,0,69,,103950,6,0,5,0,30,,103951,6,0,5,0,72,,103952,6,0,5,0
14000700,'5460',2048,,103953,6,0,5,0,71,,103954,6,0,5,0,30,,103955,6,0,5,0,100,,103956,6,0,5,0,99,,103957,6,0,5,0
14000700,'5461',2048,,103958,6,0,5,0,71,,103959,6,0,5,0,30,,103960,6,0,5,0,100,,103961,6,0,5,0,99,,103962,6,0,5,0
14000700,'5462',2048,,103963,6,0,5,0,71,,103964,6,0,5,0,30,,103965,6,0,5,0,100,,103966,6,0,5,0,99,,103967,6,0,5,0
14000700,'5463',2048,,103968,6,0,5,0,71,,103969,6,0,5,0,30,,103970,6,0,5,0,100,,103971,6,0,5,0,99,,103972,6,0,5,0
