600,'4832',638,,78233,10,,,0,70,,82206,10,,,0,95,,82188,10,,,0,25,,82204,10,,,0,80,,82190,10,,,0,21,,82182,10,,,0,78,,78229,10,,,0,15,,82211,10,,,0,16,,82189,10,,,0,72,,82208,10,,,0,15,,82199,10,,,0,15,,78211,10,,,0,70,,82183,10,,,0,12,,82185,10,,,0,12,,82209,10,,,0,12,,82201,10,,,0,64,,82184,10,,,0,12,,78223,10,,,0,12,,82186,10,,,0,12,,65128,10,,,0,64,,82200,10,,,0,12,,82187,10,,,0,12,,78217,10,,,0,12,,82193,10,,,0,64,,82196,10,,,0,12,,78250,10,,,0,12,,82202,10,,,0,12,,65139,10,,,0,64,,82195,10,,,0,12,,82194,10,,,0,12,,82192,10,,,0,12,,78248,10,,,0,64,,82191,10,,,0,12,,78231,10,,,0,12,,82198,10,,,0,12,,82212,10,,,0,65,,78239,10,,,0,15,,82197,10,,,0,15,,78232,10,,,0,72,,78235,10,,,0,17,,78241,10,,,0,18,,82203,10,,,0,74,,78237,10,,,0,17,,78240,10,,,0,74,,82207,10,,,0,17,,78247,10,,,0,18,,78238,10,,,0,88,,82205,10,,,0,96,,82210,10,,,0,80,,78251,10,,,0
600,'5453',638,,82235,10,,,0,70,,82247,10,,,0,95,,82221,10,,,0,25,,82245,10,,,0,80,,82223,10,,,0,21,,82214,10,,,0,78,,82230,10,,,0,15,,82253,10,,,0,16,,82222,10,,,0,72,,78381,10,,,0,15,,82234,10,,,0,15,,82213,10,,,0,70,,78342,10,,,0,12,,82216,10,,,0,12,,78384,10,,,0,12,,82237,10,,,0,64,,82215,10,,,0,12,,82226,10,,,0,12,,82217,10,,,0,12,,82220,10,,,0,64,,82236,10,,,0,12,,82218,10,,,0,12,,82219,10,,,0,12,,82227,10,,,0,64,,82228,10,,,0,12,,78385,10,,,0,12,,78369,10,,,0,12,,78359,10,,,0,64,,78357,10,,,0,12,,78356,10,,,0,12,,82225,10,,,0,12,,82250,10,,,0,64,,82224,10,,,0,12,,82232,10,,,0,12,,82231,10,,,0,12,,82254,10,,,0,65,,82242,10,,,0,15,,82229,10,,,0,15,,82233,10,,,0,72,,82238,10,,,0,17,,82244,10,,,0,18,,82239,10,,,0,74,,82240,10,,,0,17,,82243,10,,,0,74,,82248,10,,,0,17,,82249,10,,,0,18,,82241,10,,,0,88,,82246,10,,,0,96,,82252,10,,,0,80,,82251,10,,,0
600,'5456',548,,89336,10,,,0,70,,89337,10,,,0,31,,89338,10,,,0,65,,89339,10,,,0,24,,89340,10,,,0,64,,89356,10,,,0,19,,89358,10,,,0,20,,89347,10,,,0,59,,89341,10,,,0,20,,89342,10,,,0,25,,89343,10,,,0,64,,89344,10,,,0,22,,89351,10,,,0,25,,89345,10,,,0,63,,89346,10,,,0,24,,89348,10,,,0,64,,89349,10,,,0,24,,89350,10,,,0,24,,89352,10,,,0,65,,89353,10,,,0,26,,89354,10,,,0,63,,89355,10,,,0,21,,89357,10,,,0,20,,89359,10,,,0,60,,89360,10,,,0,17,,89366,10,,,0,14,,89361,10,,,0,17,,89362,10,,,0,54,,89369,10,,,0,16,,89363,10,,,0,15,,89364,10,,,0,14,,89365,10,,,0,54,,89367,10,,,0,16,,89368,10,,,0,14,,89370,10,,,0,15,,89371,10,,,0,57,,89372,10,,,0,17,,89373,10,,,0,23,,89374,10,,,0,64,,89376,10,,,0,29,,89375,10,,,0,73,,89378,10,,,0,18,,89377,10,,,0,75,,89379,10,,,0,18,,89380,10,,,0,78,,89382,10,,,0,19,,89381,10,,,0,100,,89383,10,,,0,99,,89384,10,,,0
600,'5458',548,,89386,10,,,0,70,,89387,10,,,0,31,,89388,10,,,0,65,,89389,10,,,0,24,,89390,10,,,0,64,,89406,10,,,0,19,,89408,10,,,0,20,,89397,10,,,0,59,,89391,10,,,0,20,,89392,10,,,0,25,,89393,10,,,0,64,,89394,10,,,0,22,,89401,10,,,0,25,,89395,10,,,0,63,,89396,10,,,0,24,,89398,10,,,0,64,,89399,10,,,0,24,,89400,10,,,0,24,,89402,10,,,0,65,,89403,10,,,0,26,,89404,10,,,0,63,,89405,10,,,0,21,,89407,10,,,0,20,,89409,10,,,0,60,,89410,10,,,0,17,,89416,10,,,0,14,,89411,10,,,0,17,,89412,10,,,0,54,,89419,10,,,0,16,,89413,10,,,0,15,,89414,10,,,0,14,,89415,10,,,0,54,,89417,10,,,0,16,,89418,10,,,0,14,,89420,10,,,0,15,,89421,10,,,0,57,,89422,10,,,0,17,,89423,10,,,0,23,,89424,10,,,0,64,,89426,10,,,0,29,,89425,10,,,0,73,,89428,10,,,0,18,,89427,10,,,0,75,,89429,10,,,0,18,,89430,10,,,0,78,,89432,10,,,0,19,,89431,10,,,0,100,,89433,10,,,0,99,,89434,10,,,0,30,,89438,10,,,0,70,,89436,10,,,0,30,,89439,10,,,0,70,,89435,10,,,0,30,,89437,10,,,0
600,'5459',553,,89441,10,,,0,70,,89442,10,,,0,84,,89443,10,,,0,20,,89444,10,,,0,76,,89445,10,,,0,20,,89446,10,,,0,18,,89447,10,,,0,70,,89448,10,,,0,15,,89440,10,,,0,15,,89449,10,,,0,66,,89450,10,,,0,13,,89451,10,,,0,13,,89452,10,,,0,12,,89453,10,,,0,64,,89454,10,,,0,12,,89455,10,,,0,12,,89456,10,,,0,25,,89457,10,,,0,52,,89458,10,,,0,12,,89459,10,,,0,24,,89460,10,,,0,12,,89461,10,,,0,52,,89462,10,,,0,24,,89463,10,,,0,12,,89464,10,,,0,12,,89465,10,,,0,60,,89466,10,,,0,10,,89467,10,,,0,10,,89468,10,,,0,21,,89469,10,,,0,51,,89478,10,,,0,10,,89470,10,,,0,21,,89471,10,,,0,11,,89479,10,,,0,50,,89472,10,,,0,20,,89473,10,,,0,11,,89480,10,,,0,10,,89474,10,,,0,60,,89475,10,,,0,11,,89476,10,,,0,12,,89481,10,,,0,12,,89477,10,,,0,64,,89482,10,,,0,12,,89483,10,,,0,12,,89484,10,,,0,12,,89485,10,,,0,65,,89487,10,,,0,15,,89488,10,,,0,14,,89489,10,,,0,70,,89490,10,,,0,15,,89491,10,,,0,17,,89486,10,,,0,76,,89492,10,,,0,18,,89493,10,,,0,74,,89494,10,,,0,21,,89495,10,,,0,20,,89496,10,,,0,90,,89497,10,,,0,94,,89498,10,,,0,30,,89499,10,,,0,69,,89500,10,,,0,30,,89501,10,,,0,70,,89502,10,,,0,29,,89503,10,,,0
600,'5460',630,,89530,10,,,0,78,,89543,10,,,0,95,,89513,10,,,0,25,,89541,10,,,0,80,,89515,10,,,0,21,,89505,10,,,0,78,,89525,10,,,0,15,,89552,10,,,0,16,,89514,10,,,0,72,,89545,10,,,0,15,,89529,10,,,0,15,,89504,10,,,0,70,,89506,10,,,0,12,,89508,10,,,0,12,,89548,10,,,0,12,,89532,10,,,0,64,,89507,10,,,0,12,,89518,10,,,0,12,,89509,10,,,0,12,,89512,10,,,0,64,,89531,10,,,0,12,,89510,10,,,0,12,,89511,10,,,0,12,,89519,10,,,0,64,,89522,10,,,0,12,,89549,10,,,0,12,,89533,10,,,0,12,,89523,10,,,0,64,,89521,10,,,0,12,,89520,10,,,0,12,,89517,10,,,0,12,,89547,10,,,0,64,,89516,10,,,0,12,,89527,10,,,0,12,,89526,10,,,0,12,,89553,10,,,0,65,,89538,10,,,0,15,,89524,10,,,0,15,,89528,10,,,0,72,,89534,10,,,0,17,,89540,10,,,0,18,,89535,10,,,0,74,,89536,10,,,0,17,,89539,10,,,0,74,,89544,10,,,0,17,,89546,10,,,0,18,,89537,10,,,0,88,,89542,10,,,0,96,,89551,10,,,0,88,,89550,10,,,0
600,'5461',630,,89580,10,,,0,78,,89593,10,,,0,95,,89563,10,,,0,25,,89591,10,,,0,80,,89565,10,,,0,21,,89555,10,,,0,78,,89575,10,,,0,15,,89602,10,,,0,16,,89564,10,,,0,72,,89595,10,,,0,15,,89579,10,,,0,15,,89554,10,,,0,70,,89556,10,,,0,12,,89558,10,,,0,12,,89598,10,,,0,12,,89582,10,,,0,64,,89557,10,,,0,12,,89568,10,,,0,12,,89559,10,,,0,12,,89562,10,,,0,64,,89581,10,,,0,12,,89560,10,,,0,12,,89561,10,,,0,12,,89569,10,,,0,64,,89572,10,,,0,12,,89599,10,,,0,12,,89583,10,,,0,12,,89573,10,,,0,64,,89571,10,,,0,12,,89570,10,,,0,12,,89567,10,,,0,12,,89597,10,,,0,64,,89566,10,,,0,12,,89577,10,,,0,12,,89576,10,,,0,12,,89603,10,,,0,65,,89588,10,,,0,15,,89574,10,,,0,15,,89578,10,,,0,72,,89584,10,,,0,17,,89590,10,,,0,18,,89585,10,,,0,74,,89586,10,,,0,17,,89589,10,,,0,74,,89594,10,,,0,17,,89596,10,,,0,18,,89587,10,,,0,88,,89592,10,,,0,96,,89601,10,,,0,88,,89600,10,,,0
600,'5462',630,,89630,10,,,0,78,,89643,10,,,0,95,,89613,10,,,0,25,,89641,10,,,0,80,,89615,10,,,0,21,,89605,10,,,0,78,,89625,10,,,0,15,,89652,10,,,0,16,,89614,10,,,0,72,,89645,10,,,0,15,,89629,10,,,0,15,,89604,10,,,0,70,,89606,10,,,0,12,,89608,10,,,0,12,,89648,10,,,0,12,,89632,10,,,0,64,,89607,10,,,0,12,,89618,10,,,0,12,,89609,10,,,0,12,,89612,10,,,0,64,,89631,10,,,0,12,,89610,10,,,0,12,,89611,10,,,0,12,,89619,10,,,0,64,,89622,10,,,0,12,,89649,10,,,0,12,,89633,10,,,0,12,,89623,10,,,0,64,,89621,10,,,0,12,,89620,10,,,0,12,,89617,10,,,0,12,,89647,10,,,0,64,,89616,10,,,0,12,,89627,10,,,0,12,,89626,10,,,0,12,,89653,10,,,0,65,,89638,10,,,0,15,,89624,10,,,0,15,,89628,10,,,0,72,,89634,10,,,0,17,,89640,10,,,0,18,,89635,10,,,0,74,,89636,10,,,0,17,,89639,10,,,0,74,,89644,10,,,0,17,,89646,10,,,0,18,,89637,10,,,0,88,,89642,10,,,0,96,,89651,10,,,0,88,,89650,10,,,0
600,'5463',630,,89680,10,,,0,78,,89693,10,,,0,95,,89663,10,,,0,25,,89691,10,,,0,80,,89665,10,,,0,21,,89655,10,,,0,78,,89675,10,,,0,15,,89702,10,,,0,16,,89664,10,,,0,72,,89695,10,,,0,15,,89679,10,,,0,15,,89654,10,,,0,70,,89656,10,,,0,12,,89658,10,,,0,12,,89698,10,,,0,12,,89682,10,,,0,64,,89657,10,,,0,12,,89668,10,,,0,12,,89659,10,,,0,12,,89662,10,,,0,64,,89681,10,,,0,12,,89660,10,,,0,12,,89661,10,,,0,12,,89669,10,,,0,64,,89672,10,,,0,12,,89699,10,,,0,12,,89683,10,,,0,12,,89673,10,,,0,64,,89671,10,,,0,12,,89670,10,,,0,12,,89667,10,,,0,12,,89697,10,,,0,64,,89666,10,,,0,12,,89677,10,,,0,12,,89676,10,,,0,12,,89703,10,,,0,65,,89688,10,,,0,15,,89674,10,,,0,15,,89678,10,,,0,72,,89684,10,,,0,17,,89690,10,,,0,18,,89685,10,,,0,74,,89686,10,,,0,17,,89689,10,,,0,74,,89694,10,,,0,17,,89696,10,,,0,18,,89687,10,,,0,88,,89692,10,,,0,96,,89701,10,,,0,88,,89700,10,,,0
1000600,'4832',738,,81691,10,,,0,110,,81692,10,,,0,101,,87301,10,,,0,105,,87293,10,,,0,101,,81686,10,,,0,103,,87294,10,,,0,100,,87302,10,,,0,100,,87295,10,,,0,100,,81687,10,,,0,100,,87296,10,,,0,100,,81690,10,,,0,98,,87297,10,,,0,150,,87298,10,,,0,50,,87299,10,,,0,152,,87300,10,,,0,94,,81695,10,,,0
1000600,'5453',738,,87310,10,,,0,110,,87311,10,,,0,101,,87316,10,,,0,105,,87303,10,,,0,101,,87305,10,,,0,103,,87304,10,,,0,100,,81752,10,,,0,100,,81739,10,,,0,100,,87306,10,,,0,100,,87307,10,,,0,100,,87309,10,,,0,98,,87308,10,,,0,150,,87312,10,,,0,50,,87313,10,,,0,152,,87315,10,,,0,94,,87314,10,,,0
1000600,'5456',603,,103443,10,,,0,98,,103445,10,,,0,49,,103444,10,,,0,81,,103446,10,,,0,78,,103451,10,,,0,48,,103447,10,,,0,86,,103448,10,,,0,88,,103449,10,,,0,88,,103450,10,,,0,89,,103452,10,,,0,50,,103453,10,,,0,82,,103454,10,,,0,80,,103455,10,,,0,29,,103456,10,,,0,71,,103457,10,,,0,30,,103458,10,,,0,69,,103459,10,,,0,29,,103460,10,,,0,72,,103461,10,,,0,85,,103462,10,,,0,96,,103463,10,,,0,53,,103464,10,,,0,94,,103465,10,,,0,109,,103466,10,,,0,99,,103467,10,,,0
1000600,'5458',603,,103468,10,,,0,98,,103470,10,,,0,49,,103469,10,,,0,81,,103471,10,,,0,78,,103476,10,,,0,48,,103472,10,,,0,86,,103473,10,,,0,88,,103474,10,,,0,88,,103475,10,,,0,89,,103477,10,,,0,50,,103478,10,,,0,82,,103479,10,,,0,80,,103480,10,,,0,29,,103481,10,,,0,71,,103482,10,,,0,30,,103483,10,,,0,69,,103484,10,,,0,29,,103485,10,,,0,72,,103486,10,,,0,85,,103487,10,,,0,96,,103488,10,,,0,53,,103489,10,,,0,94,,103490,10,,,0,109,,103491,10,,,0,99,,103492,10,,,0
1000600,'5459',646,,103493,10,,,0,99,,103494,10,,,0,111,,103495,10,,,0,98,,103496,10,,,0,103,,103497,10,,,0,89,,103498,10,,,0,88,,103499,10,,,0,88,,103500,10,,,0,86,,103501,10,,,0,40,,103502,10,,,0,83,,103503,10,,,0,81,,103504,10,,,0,41,,103506,10,,,0,97,,103505,10,,,0,100,,103507,10,,,0,97,,103508,10,,,0,105,,103509,10,,,0,92,,103510,10,,,0,164,,103511,10,,,0,95,,103512,10,,,0
1000600,'5460',738,,103521,10,,,0,110,,103522,10,,,0,101,,103527,10,,,0,105,,103513,10,,,0,101,,103516,10,,,0,103,,103514,10,,,0,100,,103528,10,,,0,100,,103515,10,,,0,100,,103517,10,,,0,100,,103518,10,,,0,100,,103520,10,,,0,98,,103519,10,,,0,150,,103523,10,,,0,50,,103524,10,,,0,152,,103526,10,,,0,94,,103525,10,,,0
1000600,'5461',738,,103537,10,,,0,110,,103538,10,,,0,101,,103543,10,,,0,105,,103529,10,,,0,101,,103532,10,,,0,103,,103530,10,,,0,100,,103544,10,,,0,100,,103531,10,,,0,100,,103533,10,,,0,100,,103534,10,,,0,100,,103536,10,,,0,98,,103535,10,,,0,150,,103539,10,,,0,50,,103540,10,,,0,152,,103542,10,,,0,94,,103541,10,,,0
1000600,'5462',738,,103553,10,,,0,110,,103554,10,,,0,101,,103559,10,,,0,105,,103545,10,,,0,101,,103548,10,,,0,103,,103546,10,,,0,100,,103560,10,,,0,100,,103547,10,,,0,100,,103549,10,,,0,100,,103550,10,,,0,100,,103552,10,,,0,98,,103551,10,,,0,150,,103555,10,,,0,50,,103556,10,,,0,152,,103558,10,,,0,94,,103557,10,,,0
1000600,'5463',738,,103569,10,,,0,110,,103570,10,,,0,101,,103575,10,,,0,105,,103561,10,,,0,101,,103564,10,,,0,103,,103562,10,,,0,100,,103576,10,,,0,100,,103563,10,,,0,100,,103565,10,,,0,100,,103566,10,,,0,100,,103568,10,,,0,98,,103567,10,,,0,150,,103571,10,,,0,50,,103572,10,,,0,152,,103574,10,,,0,94,,103573,10,,,0
2000600,'5456',634,,103857,10,,,0,92,,103860,10,,,0,85,,103858,10,,,0,39,,103861,10,,,0,83,,103859,10,,,0,87,,103862,10,,,0,88,,103863,10,,,0,47,,103865,10,,,0,88,,103864,10,,,0,90,,103866,10,,,0,87,,103867,10,,,0,80,,103869,10,,,0,34,,103868,10,,,0,72,,103870,10,,,0,30,,103871,10,,,0,68,,103872,10,,,0,30,,103873,10,,,0,71,,103874,10,,,0,37,,103875,10,,,0,89,,103876,10,,,0
2000600,'5458',634,,103877,10,,,0,92,,103880,10,,,0,85,,103878,10,,,0,39,,103881,10,,,0,83,,103879,10,,,0,87,,103882,10,,,0,88,,103883,10,,,0,47,,103885,10,,,0,88,,103884,10,,,0,90,,103886,10,,,0,87,,103887,10,,,0,80,,103889,10,,,0,34,,103888,10,,,0,72,,103890,10,,,0,30,,103891,10,,,0,68,,103892,10,,,0,30,,103893,10,,,0,71,,103894,10,,,0,37,,103895,10,,,0,89,,103896,10,,,0
