2700,'4832',717,,79781,21,,,0,30,,70481,21,,,0,69,,84005,21,,,0,30,,70483,21,,,0,70,,84006,21,,,0,28,,70485,21,,,0,68,,70486,21,,,0,27,,84007,21,,,0,67,,70488,21,,,0,24,,70489,21,,,0,25,,70490,21,,,0,63,,70491,21,,,0,23,,70492,21,,,0,62,,70493,21,,,0,24,,70494,21,,,0,23,,70495,21,,,0,63,,70496,21,,,0,23,,70497,21,,,0,22,,70498,21,,,0,63,,70499,21,,,0,23,,70500,21,,,0,63,,70501,21,,,0,23,,70502,21,,,0,23,,70503,21,,,0,63,,70504,21,,,0,23,,70505,21,,,0,64,,84008,21,,,0,24,,70507,21,,,0,25,,70508,21,,,0,66,,70509,21,,,0,28,,84009,21,,,0,69,,70511,21,,,0,30,,79784,21,,,0,70,,84010,21,,,0,36,,70514,21,,,0,83,,84011,21,,,0,79,,70516,21,,,0,101,,84012,21,,,0
2700,'5453',717,,84013,21,,,0,30,,79796,21,,,0,69,,79797,21,,,0,30,,79798,21,,,0,70,,84014,21,,,0,28,,84015,21,,,0,68,,79801,21,,,0,27,,84016,21,,,0,67,,79803,21,,,0,24,,79804,21,,,0,25,,79805,21,,,0,63,,79806,21,,,0,23,,84017,21,,,0,62,,79808,21,,,0,24,,79809,21,,,0,23,,79810,21,,,0,63,,84018,21,,,0,23,,79812,21,,,0,22,,79813,21,,,0,63,,79814,21,,,0,23,,84019,21,,,0,63,,79816,21,,,0,23,,79817,21,,,0,23,,79818,21,,,0,63,,84020,21,,,0,23,,79820,21,,,0,64,,84021,21,,,0,24,,79822,21,,,0,25,,84022,21,,,0,66,,79824,21,,,0,28,,79825,21,,,0,69,,84023,21,,,0,30,,79827,21,,,0,70,,84024,21,,,0,36,,84025,21,,,0,83,,84026,21,,,0,79,,84027,21,,,0,101,,84028,21,,,0
2700,'5456',725,,95657,21,,,0,108,,95658,21,,,0,25,,95659,21,,,0,64,,95660,21,,,0,24,,95661,21,,,0,66,,95662,21,,,0,26,,95663,21,,,0,66,,95664,21,,,0,26,,95665,21,,,0,26,,95666,21,,,0,66,,95667,21,,,0,26,,95668,21,,,0,66,,95669,21,,,0,25,,95670,21,,,0,64,,95671,21,,,0,23,,95672,21,,,0,24,,95673,21,,,0,64,,95674,21,,,0,14,,95675,21,,,0,18,,95676,21,,,0,54,,95677,21,,,0,18,,95678,21,,,0,16,,95679,21,,,0,17,,95680,21,,,0,54,,95681,21,,,0,18,,95682,21,,,0,16,,95683,21,,,0,12,,95684,21,,,0,57,,95685,21,,,0,16,,95686,21,,,0,16,,95687,21,,,0,60,,95688,21,,,0,24,,95689,21,,,0,26,,95690,21,,,0,68,,95691,21,,,0,29,,95692,21,,,0,68,,95693,21,,,0,29,,95694,21,,,0,70,,95695,21,,,0,37,,95696,21,,,0,80,,95697,21,,,0,77,,95698,21,,,0
2700,'5458',725,,95708,21,,,0,108,,95709,21,,,0,25,,95710,21,,,0,64,,95711,21,,,0,24,,95712,21,,,0,66,,95713,21,,,0,26,,95714,21,,,0,66,,95715,21,,,0,26,,95716,21,,,0,26,,95717,21,,,0,66,,95718,21,,,0,26,,95719,21,,,0,66,,95720,21,,,0,25,,95721,21,,,0,64,,95722,21,,,0,23,,95723,21,,,0,24,,95724,21,,,0,64,,95725,21,,,0,14,,95726,21,,,0,18,,95727,21,,,0,54,,95728,21,,,0,18,,95729,21,,,0,16,,95730,21,,,0,17,,95731,21,,,0,54,,95732,21,,,0,18,,95733,21,,,0,16,,95734,21,,,0,12,,95735,21,,,0,57,,95736,21,,,0,16,,95737,21,,,0,16,,95738,21,,,0,60,,95739,21,,,0,24,,95740,21,,,0,26,,95741,21,,,0,68,,95742,21,,,0,29,,95743,21,,,0,68,,95744,21,,,0,29,,95745,21,,,0,70,,95746,21,,,0,37,,95747,21,,,0,80,,95748,21,,,0,77,,95749,21,,,0,42,,95750,21,,,0,80,,95751,21,,,0,79,,95752,21,,,0,39,,95753,21,,,0
2700,'5459',646,,95764,21,,,0,70,,95765,21,,,0,29,,95766,21,,,0,69,,95767,21,,,0,26,,95768,21,,,0,66,,95769,21,,,0,27,,95770,21,,,0,26,,95771,21,,,0,65,,95772,21,,,0,22,,95773,21,,,0,61,,95774,21,,,0,22,,95775,21,,,0,20,,95776,21,,,0,62,,95777,21,,,0,23,,95778,21,,,0,22,,95779,21,,,0,62,,95780,21,,,0,23,,95781,21,,,0,63,,95782,21,,,0,21,,95783,21,,,0,21,,95784,21,,,0,62,,95785,21,,,0,22,,95786,21,,,0,21,,95787,21,,,0,61,,95788,21,,,0,20,,95789,21,,,0,21,,95790,21,,,0,61,,95791,21,,,0,20,,95792,21,,,0,18,,95793,21,,,0,61,,95794,21,,,0,20,,95795,21,,,0,21,,95796,21,,,0,66,,95797,21,,,0,26,,95798,21,,,0,69,,95799,21,,,0,30,,95800,21,,,0,69,,95801,21,,,0,29,,95802,21,,,0,71,,95803,21,,,0,33,,95804,21,,,0,71,,95805,21,,,0,31,,95806,21,,,0,71,,95807,21,,,0,30,,95808,21,,,0,69,,95809,21,,,0,30,,95810,21,,,0,70,,95811,21,,,0,28,,95812,21,,,0
2700,'5460',717,,95815,21,,,0,30,,95816,21,,,0,69,,95817,21,,,0,30,,95818,21,,,0,71,,95813,21,,,0,29,,95819,21,,,0,65,,95820,21,,,0,27,,95821,21,,,0,67,,95822,21,,,0,25,,95823,21,,,0,24,,95824,21,,,0,63,,95825,21,,,0,23,,95826,21,,,0,62,,95827,21,,,0,23,,95828,21,,,0,24,,95829,21,,,0,63,,95830,21,,,0,23,,95831,21,,,0,23,,95832,21,,,0,63,,95833,21,,,0,22,,95834,21,,,0,64,,95835,21,,,0,22,,95836,21,,,0,23,,95837,21,,,0,63,,95838,21,,,0,23,,95839,21,,,0,64,,95840,21,,,0,24,,95841,21,,,0,26,,95842,21,,,0,65,,95843,21,,,0,29,,95844,21,,,0,68,,95845,21,,,0,30,,95846,21,,,0,71,,95847,21,,,0,35,,95848,21,,,0,83,,95849,21,,,0,80,,95850,21,,,0,102,,95851,21,,,0
2700,'5461',717,,95854,21,,,0,30,,95855,21,,,0,69,,95856,21,,,0,30,,95857,21,,,0,71,,95852,21,,,0,29,,95858,21,,,0,65,,95859,21,,,0,27,,95860,21,,,0,67,,95861,21,,,0,25,,95862,21,,,0,24,,95863,21,,,0,63,,95864,21,,,0,23,,95865,21,,,0,62,,95866,21,,,0,23,,95867,21,,,0,24,,95868,21,,,0,63,,95869,21,,,0,23,,95870,21,,,0,23,,95871,21,,,0,63,,95872,21,,,0,22,,95873,21,,,0,64,,95874,21,,,0,22,,95875,21,,,0,23,,95876,21,,,0,63,,95877,21,,,0,23,,95878,21,,,0,64,,95879,21,,,0,24,,95880,21,,,0,26,,95881,21,,,0,65,,95882,21,,,0,29,,95883,21,,,0,68,,95884,21,,,0,30,,95885,21,,,0,71,,95886,21,,,0,35,,95887,21,,,0,83,,95888,21,,,0,80,,95889,21,,,0,102,,95890,21,,,0
2700,'5462',717,,95893,21,,,0,30,,95894,21,,,0,69,,95895,21,,,0,30,,95896,21,,,0,71,,95891,21,,,0,29,,95897,21,,,0,65,,95898,21,,,0,27,,95899,21,,,0,67,,95900,21,,,0,25,,95901,21,,,0,24,,95902,21,,,0,63,,95903,21,,,0,23,,95904,21,,,0,62,,95905,21,,,0,23,,95906,21,,,0,24,,95907,21,,,0,63,,95908,21,,,0,23,,95909,21,,,0,23,,95910,21,,,0,63,,95911,21,,,0,22,,95912,21,,,0,64,,95913,21,,,0,22,,95914,21,,,0,23,,95915,21,,,0,63,,95916,21,,,0,23,,95917,21,,,0,64,,95918,21,,,0,24,,95919,21,,,0,26,,95920,21,,,0,65,,95921,21,,,0,29,,95922,21,,,0,68,,95923,21,,,0,30,,95924,21,,,0,71,,95925,21,,,0,35,,95926,21,,,0,83,,95927,21,,,0,80,,95928,21,,,0,102,,95929,21,,,0
2700,'5463',717,,95932,21,,,0,30,,95933,21,,,0,69,,95934,21,,,0,30,,95935,21,,,0,71,,95930,21,,,0,29,,95936,21,,,0,65,,95937,21,,,0,27,,95938,21,,,0,67,,95939,21,,,0,25,,95940,21,,,0,24,,95941,21,,,0,63,,95942,21,,,0,23,,95943,21,,,0,62,,95944,21,,,0,23,,95945,21,,,0,24,,95946,21,,,0,63,,95947,21,,,0,23,,95948,21,,,0,23,,95949,21,,,0,63,,95950,21,,,0,22,,95951,21,,,0,64,,95952,21,,,0,22,,95953,21,,,0,23,,95954,21,,,0,63,,95955,21,,,0,23,,95956,21,,,0,64,,95957,21,,,0,24,,95958,21,,,0,26,,95959,21,,,0,65,,95960,21,,,0,29,,95961,21,,,0,68,,95962,21,,,0,30,,95963,21,,,0,71,,95964,21,,,0,35,,95965,21,,,0,83,,95966,21,,,0,80,,95967,21,,,0,102,,95968,21,,,0
2800,'4832',831,,79901,21,,,0,70,,71040,21,,,0,30,,84103,21,,,0,27,,71042,21,,,0,67,,71043,21,,,0,27,,84104,21,,,0,66,,71045,21,,,0,25,,71046,21,,,0,64,,84105,21,,,0,23,,84106,21,,,0,22,,71049,21,,,0,63,,71050,21,,,0,24,,71051,21,,,0,63,,84107,21,,,0,23,,79903,21,,,0,22,,71054,21,,,0,63,,71055,21,,,0,23,,84108,21,,,0,23,,79904,21,,,0,63,,71058,21,,,0,23,,84109,21,,,0,63,,84110,21,,,0,23,,79905,21,,,0,23,,71062,21,,,0,64,,84111,21,,,0,25,,84112,21,,,0,65,,71065,21,,,0,27,,84113,21,,,0,69,,84114,21,,,0,29,,71068,21,,,0,70,,84115,21,,,0,31,,84116,21,,,0,80,,79906,21,,,0,42,,84117,21,,,0,86,,79907,21,,,0
2800,'5453',831,,84120,21,,,0,70,,79922,21,,,0,30,,79923,21,,,0,27,,79924,21,,,0,67,,79925,21,,,0,27,,79926,21,,,0,66,,79927,21,,,0,25,,79928,21,,,0,64,,84121,21,,,0,23,,79930,21,,,0,22,,79931,21,,,0,63,,79932,21,,,0,24,,79933,21,,,0,63,,79934,21,,,0,23,,79935,21,,,0,22,,79936,21,,,0,63,,79937,21,,,0,23,,84122,21,,,0,23,,79939,21,,,0,63,,79940,21,,,0,23,,79941,21,,,0,63,,84123,21,,,0,23,,79943,21,,,0,23,,79944,21,,,0,64,,79945,21,,,0,25,,84124,21,,,0,65,,79947,21,,,0,27,,84125,21,,,0,69,,84126,21,,,0,29,,84127,21,,,0,70,,84128,21,,,0,31,,84129,21,,,0,80,,79953,21,,,0,42,,84130,21,,,0,86,,84131,21,,,0
2800,'5456',557,,96293,21,,,0,64,,96294,21,,,0,22,,96295,21,,,0,13,,96296,21,,,0,51,,96297,21,,,0,11,,96298,21,,,0,20,,96299,21,,,0,12,,96300,21,,,0,54,,96301,21,,,0,16,,96302,21,,,0,27,,96303,21,,,0,65,,96304,21,,,0,23,,96305,21,,,0,24,,96306,21,,,0,66,,96307,21,,,0,27,,96308,21,,,0,66,,96309,21,,,0,26,,96310,21,,,0,65,,96311,21,,,0,26,,96312,21,,,0,66,,96313,21,,,0,26,,96314,21,,,0,25,,96315,21,,,0,63,,96316,21,,,0,24,,96317,21,,,0,63,,96318,21,,,0,34,,96319,21,,,0,72,,96320,21,,,0,20,,96340,21,,,0,15,,96321,21,,,0,71,,96322,21,,,0,32,,96323,21,,,0,71,,96324,21,,,0,14,,96325,21,,,0,18,,96326,21,,,0,61,,96327,21,,,0,26,,96328,21,,,0,69,,96329,21,,,0,27,,96330,21,,,0,27,,96331,21,,,0,69,,96332,21,,,0,30,,96333,21,,,0,72,,96334,21,,,0,81,,96335,21,,,0,38,,96336,21,,,0,80,,96337,21,,,0
2800,'5458',557,,96341,21,,,0,64,,96342,21,,,0,22,,96343,21,,,0,13,,96344,21,,,0,51,,96345,21,,,0,11,,96346,21,,,0,20,,96347,21,,,0,12,,96348,21,,,0,54,,96349,21,,,0,16,,96350,21,,,0,27,,96351,21,,,0,65,,96352,21,,,0,23,,96353,21,,,0,24,,96354,21,,,0,66,,96355,21,,,0,27,,96356,21,,,0,66,,96357,21,,,0,26,,96358,21,,,0,65,,96359,21,,,0,26,,96360,21,,,0,66,,96361,21,,,0,26,,96362,21,,,0,25,,96363,21,,,0,63,,96364,21,,,0,24,,96365,21,,,0,63,,96366,21,,,0,34,,96367,21,,,0,72,,96368,21,,,0,20,,96391,21,,,0,15,,96369,21,,,0,71,,96370,21,,,0,32,,96371,21,,,0,71,,96372,21,,,0,14,,96373,21,,,0,18,,96374,21,,,0,61,,96375,21,,,0,26,,96376,21,,,0,69,,96377,21,,,0,27,,96378,21,,,0,27,,96379,21,,,0,69,,96380,21,,,0,30,,96381,21,,,0,72,,96382,21,,,0,81,,96383,21,,,0,38,,96384,21,,,0,80,,96385,21,,,0,80,,96386,21,,,0,39,,96387,21,,,0,81,,96388,21,,,0
2800,'5459',800,,96396,21,,,0,28,,96397,21,,,0,26,,96398,21,,,0,66,,96392,21,,,0,26,,96399,21,,,0,66,,96400,21,,,0,23,,96401,21,,,0,22,,96402,21,,,0,62,,96403,21,,,0,20,,96404,21,,,0,61,,96405,21,,,0,22,,96406,21,,,0,24,,96407,21,,,0,61,,96408,21,,,0,24,,96409,21,,,0,20,,96410,21,,,0,64,,96411,21,,,0,21,,96412,21,,,0,21,,96413,21,,,0,63,,96414,21,,,0,21,,96415,21,,,0,61,,96416,21,,,0,20,,96417,21,,,0,20,,96418,21,,,0,62,,96419,21,,,0,20,,96420,21,,,0,20,,96421,21,,,0,58,,96422,21,,,0,21,,96423,21,,,0,20,,96424,21,,,0,63,,96425,21,,,0,26,,96426,21,,,0,27,,96427,21,,,0,70,,96428,21,,,0,30,,96429,21,,,0,69,,96430,21,,,0,31,,96431,21,,,0,70,,96432,21,,,0,73,,96433,21,,,0,31,,96434,21,,,0,71,,96435,21,,,0,31,,96436,21,,,0,69,,96437,21,,,0,30,,96438,21,,,0,70,,96439,21,,,0,30,,96440,21,,,0
2800,'5460',831,,96445,21,,,0,71,,96446,21,,,0,30,,96447,21,,,0,27,,96448,21,,,0,66,,96449,21,,,0,26,,96450,21,,,0,67,,96451,21,,,0,25,,96452,21,,,0,64,,96453,21,,,0,23,,96454,21,,,0,22,,96455,21,,,0,62,,96456,21,,,0,24,,96457,21,,,0,64,,96458,21,,,0,23,,96459,21,,,0,22,,96460,21,,,0,63,,96461,21,,,0,23,,96462,21,,,0,23,,96463,21,,,0,62,,96464,21,,,0,23,,96465,21,,,0,62,,96466,21,,,0,24,,96467,21,,,0,23,,96468,21,,,0,64,,96469,21,,,0,24,,96470,21,,,0,67,,96471,21,,,0,26,,96472,21,,,0,69,,96473,21,,,0,29,,96474,21,,,0,71,,96475,21,,,0,30,,96476,21,,,0,80,,96477,21,,,0,43,,96478,21,,,0,87,,96479,21,,,0,86,,96480,21,0,31 49,0
2800,'5461',831,,96485,21,,,0,71,,96486,21,,,0,30,,96487,21,,,0,27,,96488,21,,,0,66,,96489,21,,,0,26,,96490,21,,,0,67,,96491,21,,,0,25,,96492,21,,,0,64,,96493,21,,,0,23,,96494,21,,,0,22,,96495,21,,,0,62,,96496,21,,,0,24,,96497,21,,,0,64,,96498,21,,,0,23,,96499,21,,,0,22,,96500,21,,,0,63,,96501,21,,,0,23,,96502,21,,,0,23,,96503,21,,,0,62,,96504,21,,,0,23,,96505,21,,,0,62,,96506,21,,,0,24,,96507,21,,,0,23,,96508,21,,,0,64,,96509,21,,,0,24,,96510,21,,,0,67,,96511,21,,,0,26,,96512,21,,,0,69,,96513,21,,,0,29,,96514,21,,,0,71,,96515,21,,,0,30,,96516,21,,,0,80,,96517,21,,,0,43,,96518,21,,,0,87,,96519,21,,,0,86,,96520,21,0,31 49,0
2800,'5462',831,,96525,21,,,0,71,,96526,21,,,0,30,,96527,21,,,0,27,,96528,21,,,0,66,,96529,21,,,0,26,,96530,21,,,0,67,,96531,21,,,0,25,,96532,21,,,0,64,,96533,21,,,0,23,,96534,21,,,0,22,,96535,21,,,0,62,,96536,21,,,0,24,,96537,21,,,0,64,,96538,21,,,0,23,,96539,21,,,0,22,,96540,21,,,0,63,,96541,21,,,0,23,,96542,21,,,0,23,,96543,21,,,0,62,,96544,21,,,0,23,,96545,21,,,0,62,,96546,21,,,0,24,,96547,21,,,0,23,,96548,21,,,0,64,,96549,21,,,0,24,,96550,21,,,0,67,,96551,21,,,0,26,,96552,21,,,0,69,,96553,21,,,0,29,,96554,21,,,0,71,,96555,21,,,0,30,,96556,21,,,0,80,,96557,21,,,0,43,,96558,21,,,0,87,,96559,21,,,0,86,,96560,21,0,31 49,0
2800,'5463',831,,96565,21,,,0,71,,96566,21,,,0,30,,96567,21,,,0,27,,96568,21,,,0,66,,96569,21,,,0,26,,96570,21,,,0,67,,96571,21,,,0,25,,96572,21,,,0,64,,96573,21,,,0,23,,96574,21,,,0,22,,96575,21,,,0,62,,96576,21,,,0,24,,96577,21,,,0,64,,96578,21,,,0,23,,96579,21,,,0,22,,96580,21,,,0,63,,96581,21,,,0,23,,96582,21,,,0,23,,96583,21,,,0,62,,96584,21,,,0,23,,96585,21,,,0,62,,96586,21,,,0,24,,96587,21,,,0,23,,96588,21,,,0,64,,96589,21,,,0,24,,96590,21,,,0,67,,96591,21,,,0,26,,96592,21,,,0,69,,96593,21,,,0,29,,96594,21,,,0,71,,96595,21,,,0,30,,96596,21,,,0,80,,96597,21,,,0,43,,96598,21,,,0,87,,96599,21,,,0,86,,96600,21,0,31 49,0
