2500,'4832',735,,83736,17,,,0,167,,83734,17,,,0,129,,83735,17,,,0,170,,83737,17,,,0,132,,83738,17,,,0,169,,83739,17,,,0,133,,83740,17,,,0,169,,83741,17,,,0,130,,83742,17,,,0,121,,83743,17,,,0,168,,83744,17,,,0
2500,'5453',735,,79543,17,,,0,167,,83745,17,,,0,129,,83746,17,,,0,170,,83747,17,,,0,132,,83748,17,,,0,169,,83749,17,,,0,133,,83750,17,,,0,169,,83751,17,,,0,130,,83752,17,,,0,121,,83753,17,,,0,168,,83754,17,,,0
2500,'5456',559,,94640,17,,,0,75,,94642,17,,,0,71,,94646,17,,,0,38,,94641,17,,,0,69,,94643,17,,,0,95,,94644,17,,,0,104,,94645,17,,,0,101,,94647,17,,,0,100,,94648,17,,,0,98,,94649,17,,,0,100,,94650,17,,,0,97,,94651,9,,,0,41,,94652,17,,,0,87,,94653,17,,,0,95,,94654,17,,,0,102,,94655,17,,,0,100,,94656,17,,,0,121,,94657,17,,,0,167,,94658,17,,,0,133,,94659,17,0,5,0
2500,'5458',559,,94660,17,,,0,75,,94662,17,,,0,71,,94666,17,,,0,38,,94661,17,,,0,69,,94663,17,,,0,95,,94664,17,,,0,104,,94665,17,,,0,101,,94667,17,,,0,100,,94668,17,,,0,98,,94669,17,,,0,100,,94670,17,,,0,97,,94671,9,,,0,41,,94672,17,,,0,87,,94673,17,,,0,95,,94674,17,,,0,102,,94675,17,,,0,100,,94676,17,,,0,121,,94677,17,,,0,167,,94678,17,,,0,133,,94679,17,0,5,0
2500,'5459',743,,94686,17,,,0,109,,94684,17,,,0,154,,94688,17,,,0,101,,94682,17,,,0,100,,94680,17,,,0,98,,94681,17,,,0,100,,94683,17,,,0,99,,94687,17,,,0,100,,94685,17,,,0,101,,94689,17,,,0,102,,94690,17,,,0,124,,94691,17,,,0,121,,94692,17,,,0,169,,94693,17,,,0,130,,94694,17,0,5,0
2500,'5460',735,,94697,17,,,0,167,,94695,17,,,0,129,,94696,17,,,0,170,,94698,17,,,0,132,,94699,17,,,0,169,,94700,17,,,0,133,,94701,17,,,0,169,,94702,17,,,0,130,,94703,17,,,0,121,,94704,17,,,0,168,,94705,17,,,0
2500,'5461',735,,94708,17,,,0,167,,94706,17,,,0,129,,94707,17,,,0,170,,94709,17,,,0,132,,94710,17,,,0,169,,94711,17,,,0,133,,94712,17,,,0,169,,94713,17,,,0,130,,94714,17,,,0,121,,94715,17,,,0,168,,94716,17,,,0
2500,'5462',735,,94719,17,,,0,167,,94717,17,,,0,129,,94718,17,,,0,170,,94720,17,,,0,132,,94721,17,,,0,169,,94722,17,,,0,133,,94723,17,,,0,169,,94724,17,,,0,130,,94725,17,,,0,121,,94726,17,,,0,168,,94727,17,,,0
2500,'5463',735,,94730,17,,,0,167,,94728,17,,,0,129,,94729,17,,,0,170,,94731,17,,,0,132,,94732,17,,,0,169,,94733,17,,,0,133,,94734,17,,,0,169,,94735,17,,,0,130,,94736,17,,,0,121,,94737,17,,,0,168,,94738,17,,,0
4001,'4832',746,,72753,32,,,0,173,,72752,32,,,0,101,,84872,32,,,0,100,,72755,32,,,0,102,,72757,32,,,0,100,,72756,32,,,0,100,,84876,32,,,0,100,,84874,32,,,0,100,,84875,32,,,0,99,,84873,32,,,0,98,,72763,32,,,0,99,,84877,32,,,0,98,,72764,32,,,0
4001,'5453',746,,80745,32,,,0,173,,80744,32,,,0,101,,80746,32,,,0,100,,80747,32,,,0,102,,80749,32,,,0,100,,80748,32,,,0,100,,84881,32,,,0,100,,84879,32,,,0,100,,84880,32,,,0,99,,84878,32,,,0,98,,80755,32,,,0,99,,84882,32,,,0,98,,80756,32,,,0
4001,'5456',613,,98453,32,,,0,99,,98451,32,,,0,27,,98452,32,,,0,98,,98450,32,,,0,94,,98446,32,,,0,99,,98444,32,,,0,100,,98449,32,,,0,103,,98439,32,,,0,102,,98445,32,,,0,101,,98438,32,,,0,110,,98448,32,,,0,75,,98436,32,,,0,35,,98437,32,,,0,71,,98435,32,,,0,73,,98447,32,,,0,44,,98441,32,,,0,94,,98443,32,,,0,98,,98440,32,,,0,164,,98442,32,,,0
4001,'5458',613,,98472,32,,,0,99,,98470,32,,,0,27,,98471,32,,,0,98,,98469,32,,,0,94,,98465,32,,,0,99,,98463,32,,,0,100,,98468,32,,,0,103,,98458,32,,,0,102,,98464,32,,,0,101,,98457,32,,,0,110,,98467,32,,,0,75,,98455,32,,,0,35,,98456,32,,,0,71,,98454,32,,,0,73,,98466,32,,,0,44,,98460,32,,,0,94,,98462,32,,,0,98,,98459,32,,,0,164,,98461,32,,,0
4001,'5459',650,,98482,32,,,0,168,,98485,32,,,0,102,,98473,32,,,0,100,,98475,32,,,0,101,,98481,32,,,0,101,,98483,32,,,0,100,,98474,32,,,0,100,,98476,32,,,0,100,,98479,32,,,0,100,,98484,32,,,0,100,,98477,32,,,0,98,,98478,32,,,0,99,,98480,32,,,0,97,,98486,32,,,0,130,,98487,32,,,0
4001,'5460',746,,98489,32,,,0,173,,98488,32,,,0,101,,98490,32,,,0,100,,98491,32,,,0,102,,98493,32,,,0,100,,98492,32,,,0,100,,98497,32,,,0,100,,98495,32,,,0,100,,98496,32,,,0,99,,98494,32,,,0,98,,98499,32,,,0,99,,98498,32,,,0,98,,98500,32,,,0
4001,'5461',746,,98502,32,,,0,173,,98501,32,,,0,101,,98503,32,,,0,100,,98504,32,,,0,102,,98506,32,,,0,100,,98505,32,,,0,100,,98510,32,,,0,100,,98508,32,,,0,100,,98509,32,,,0,99,,98507,32,,,0,98,,98512,32,,,0,99,,98511,32,,,0,98,,98513,32,,,0
4001,'5462',746,,98515,32,,,0,173,,98514,32,,,0,101,,98516,32,,,0,100,,98517,32,,,0,102,,98519,32,,,0,100,,98518,32,,,0,100,,98523,32,,,0,100,,98521,32,,,0,100,,98522,32,,,0,99,,98520,32,,,0,98,,98525,32,,,0,99,,98524,32,,,0,98,,98526,32,,,0
4001,'5463',746,,98528,32,,,0,173,,98527,32,,,0,101,,98529,32,,,0,100,,98530,32,,,0,102,,98532,32,,,0,100,,98531,32,,,0,100,,98536,32,,,0,100,,98534,32,,,0,100,,98535,32,,,0,99,,98533,32,,,0,98,,98538,32,,,0,99,,98537,32,,,0,98,,98539,32,,,0
4600,'5456',618,,98547,32,,,0,19,,98548,32,,,0,71,,98557,32,,,0,29,,98559,32,,,0,77,,98549,32,,,0,96,,98546,32,,,0,95,,98558,32,,,0,339,,98555,32,,,0,111,,98550,32,,,0,73,,98556,32,,,0,77,,98551,32,,,0,95,,98552,32,,,0,29,,98553,32,,,0,87,,98554,32,,,0
4600,'5458',618,,98561,32,,,0,19,,98562,32,,,0,71,,98571,32,,,0,29,,98573,32,,,0,77,,98563,32,,,0,96,,98560,32,,,0,95,,98572,32,,,0,339,,98569,32,,,0,111,,98564,32,,,0,73,,98570,32,,,0,77,,98565,32,,,0,95,,98566,32,,,0,29,,98567,32,,,0,87,,98568,32,,,0
