801,'5456',715,,90641,45,,,0,18,,90665,35,,,0,19,,90642,45,,,0,66,,90645,45,,,0,26,,90643,45,,,0,75,,90646,45,,,0,83,,90644,45,,,0,44,,90647,45,,,0,73,,90649,45,,,0,82,,90648,45,,,0,46,,90651,45,,,0,81,,90650,45,,,0,85,,90654,45,,,0,91,,90652,45,,,0,46,,90653,45,,,0,74,,90656,45,,,0,33,,90655,45,,,0,73,,90658,45,,,0,76,,90657,45,,,0,29,,90660,45,,,0,70,,90659,45,,,0,33,,90661,45,,,0,85,,90662,45,,,0,97,,90663,45,,,0,83,,90664,45,,,0
801,'5458',715,,90667,45,,,0,18,,90691,35,,,0,19,,90668,45,,,0,66,,90671,45,,,0,26,,90669,45,,,0,75,,90672,45,,,0,83,,90670,45,,,0,44,,90673,45,,,0,73,,90675,45,,,0,82,,90674,45,,,0,46,,90677,45,,,0,81,,90676,45,,,0,85,,90680,45,,,0,91,,90678,45,,,0,46,,90679,45,,,0,74,,90682,45,,,0,33,,90681,45,,,0,73,,90684,45,,,0,76,,90683,45,,,0,29,,90686,45,,,0,70,,90685,45,,,0,33,,90687,45,,,0,85,,90688,45,,,0,97,,90689,45,,,0,83,,90690,45,,,0
901,'5456',1719,,90767,34,,,0,40,,90768,34,,,0
901,'5458',1719,,90775,34,,,0,40,,90776,34,,,0
2100,'4832',747,,68647,19,0,17,0,75,,68646,19,0,17,0,85,,68634,19,0,18 19,0,37,,68645,19,0,17,0,84,,68648,19,0,17,0,30,,68630,19,0,17,0,70,,68633,19,0,17,0,30,,68636,19,0,17,0,70,,68632,19,0,18 19,0,31,,68635,19,0,17,0,70,,83426,19,0,17,0,30,,68637,19,0,17,0,71,,83427,19,0,18 19,0,70,,68640,19,0,17,0,30,,68641,19,0,17,0,70,,68639,19,0,17,0,30,,83428,19,0,18 19,0,70,,68642,19,0,17,0,30,,68643,19,0,17,0,29,,68649,19,0,17,0,69,,68650,19,0,18 19,0,28,,83429,19,0,17,0,69,,68651,19,0,17,0,30,,83430,19,0,17,0,70,,68653,19,0,17,0
2100,'5453',747,,79210,19,0,17,0,75,,79209,19,0,17,0,85,,79197,19,0,18 19,0,37,,83435,19,0,17,0,84,,79211,19,0,17,0,30,,79193,19,0,17,0,70,,79196,19,0,17,0,30,,79199,19,0,17,0,70,,83431,19,0,18 19,0,31,,79198,19,0,17,0,70,,79194,19,0,17,0,30,,79200,19,0,17,0,71,,83432,19,0,18 19,0,70,,79203,19,0,17,0,30,,79204,19,0,17,0,70,,79202,19,0,17,0,30,,83434,19,0,18 19,0,70,,79205,19,0,17,0,30,,83433,19,0,17,0,29,,79212,19,0,17,0,69,,83436,19,0,18 19,0,28,,83437,19,0,17,0,69,,79214,19,0,17,0,30,,79217,19,0,17,0,70,,79216,19,0,17,0
2100,'5456',634,,93606,19,,,0,69,,93626,19,,,0,18,,93605,19,,,0,16,,93631,19,,,0,9,,93646,19,0,17,0,8,,93619,19,,,0,49,,93651,19,,,0,4,,93639,19,,,0,17,,93610,19,,,0,15,,93634,19,,,0,20,,93609,19,0,17,0,58,,93641,19,,,0,18,,93625,19,0,17,0,20,,93611,19,,,0,61,,93630,19,0,17,0,20,,93638,19,,,0,20,,93608,19,0,17,0,60,,93612,19,,,0,20,,93643,19,0,18 19,0,21,,93624,19,,,0,61,,93613,19,0,17,0,20,,93632,19,,,0,20,,93637,19,0,17,0,60,,93614,19,,,0,21,,93616,19,0,17,0,17,,93647,19,,,0,59,,93644,19,,,0,16,,93627,19,,,0,16,,93615,19,0,17,0,59,,93650,19,,,0,18,,93629,19,,,0,17,,93635,19,,,0,60,,93618,19,,,0,18,,93617,19,,,0,19,,93648,19,0,18 19,0,18,,93645,19,,,0,58,,93628,19,,,0,18,,93620,19,,,0,18,,93649,19,0,17,0,56,,93633,19,0,17,0,16,,93640,19,0,17,0,32,,93621,19,0,17,0,69,,93642,19,0,17,0,29,,93622,19,0,17,0,73,,93636,19,0,17,0,29,,93623,19,0,17,0
2100,'5458',634,,93653,19,,,0,69,,93673,19,,,0,18,,93652,19,,,0,16,,93678,19,,,0,9,,93693,19,0,17,0,8,,93666,19,,,0,49,,93698,19,,,0,4,,93686,19,,,0,17,,93657,19,,,0,15,,93681,19,,,0,20,,93656,19,0,17,0,58,,93688,19,,,0,18,,93672,19,0,17,0,20,,93658,19,,,0,61,,93677,19,0,17,0,20,,93685,19,,,0,20,,93655,19,0,17,0,60,,93659,19,,,0,20,,93690,19,0,18 19,0,21,,93671,19,,,0,61,,93660,19,0,17,0,20,,93679,19,,,0,20,,93684,19,0,17,0,60,,93661,19,,,0,21,,93663,19,0,17,0,17,,93694,19,,,0,59,,93691,19,,,0,16,,93674,19,,,0,16,,93662,19,0,17,0,59,,93697,19,,,0,18,,93676,19,,,0,17,,93682,19,,,0,60,,93665,19,,,0,18,,93664,19,,,0,19,,93695,19,0,18 19,0,18,,93692,19,,,0,58,,93675,19,,,0,18,,93667,19,,,0,18,,93696,19,0,17,0,56,,93680,19,0,17,0,16,,93687,19,0,17,0,32,,93668,19,0,17,0,69,,93689,19,0,17,0,29,,93669,19,0,17,0,73,,93683,19,0,17,0,29,,93670,19,0,17,0
2100,'5459',722,,93718,19,0,17,0,85,,93725,19,0,17,0,40,,93709,19,0,18 19,0,71,,93719,19,0,17,0,39,,93702,19,0,17,0,70,,93720,19,0,17,0,73,,93704,19,0,17,0,31,,93714,19,0,17,0,70,,93699,19,0,17,0,32,,93700,19,0,18 19,0,70,,93721,19,0,17,0,31,,93705,19,0,17,0,70,,93713,19,0,17,0,28,,93701,19,0,18 19,0,72,,93703,19,0,17,0,30,,93722,19,0,17,0,69,,93706,19,0,17,0,30,,93715,19,0,18 19,0,70,,93707,19,0,17,0,30,,93708,19,0,17,0,69,,93724,19,0,17,0,30,,93710,19,0,18 19,0,68,,93716,19,0,17,0,29,,93711,19,0,17,0,28,,93712,19,0,17,0,68,,93723,19,0,17,0,30,,93717,19,0,17,0
2100,'5460',747,,93743,19,0,17,0,75,,93742,19,0,17,0,85,,93730,19,0,18 19,0,37,,93741,19,0,17,0,84,,93744,19,0,17,0,30,,93726,19,0,17,0,70,,93729,19,0,17,0,30,,93732,19,0,17,0,70,,93728,19,0,18 19,0,31,,93731,19,0,17,0,70,,93727,19,0,17,0,30,,93733,19,0,17,0,71,,93734,19,0,18 19,0,70,,93736,19,0,17,0,30,,93737,19,0,17,0,70,,93735,19,0,17,0,30,,93740,19,0,18 19,0,70,,93738,19,0,17,0,30,,93739,19,0,17,0,29,,93745,19,0,17,0,69,,93746,19,0,18 19,0,28,,93748,19,0,17,0,69,,93747,19,0,17,0,30,,93750,19,0,17,0,70,,93749,19,0,17,0
2100,'5461',747,,93768,19,0,17,0,75,,93767,19,0,17,0,85,,93755,19,0,18 19,0,37,,93766,19,0,17,0,84,,93769,19,0,17,0,30,,93751,19,0,17,0,70,,93754,19,0,17,0,30,,93757,19,0,17,0,70,,93753,19,0,18 19,0,31,,93756,19,0,17,0,70,,93752,19,0,17,0,30,,93758,19,0,17,0,71,,93759,19,0,18 19,0,70,,93761,19,0,17,0,30,,93762,19,0,17,0,70,,93760,19,0,17,0,30,,93765,19,0,18 19,0,70,,93763,19,0,17,0,30,,93764,19,0,17,0,29,,93770,19,0,17,0,69,,93771,19,0,18 19,0,28,,93773,19,0,17,0,69,,93772,19,0,17,0,30,,93775,19,0,17,0,70,,93774,19,0,17,0
2100,'5462',747,,93793,19,0,17,0,75,,93792,19,0,17,0,85,,93780,19,0,18 19,0,37,,93791,19,0,17,0,84,,93794,19,0,17,0,30,,93776,19,0,17,0,70,,93779,19,0,17,0,30,,93782,19,0,17,0,70,,93778,19,0,18 19,0,31,,93781,19,0,17,0,70,,93777,19,0,17,0,30,,93783,19,0,17,0,71,,93784,19,0,18 19,0,70,,93786,19,0,17,0,30,,93787,19,0,17,0,70,,93785,19,0,17,0,30,,93790,19,0,18 19,0,70,,93788,19,0,17,0,30,,93789,19,0,17,0,29,,93795,19,0,17,0,69,,93796,19,0,18 19,0,28,,93798,19,0,17,0,69,,93797,19,0,17,0,30,,93800,19,0,17,0,70,,93799,19,0,17,0
2100,'5463',747,,93818,19,0,17,0,75,,93817,19,0,17,0,85,,93805,19,0,18 19,0,37,,93816,19,0,17,0,84,,93819,19,0,17,0,30,,93801,19,0,17,0,70,,93804,19,0,17,0,30,,93807,19,0,17,0,70,,93803,19,0,18 19,0,31,,93806,19,0,17,0,70,,93802,19,0,17,0,30,,93808,19,0,17,0,71,,93809,19,0,18 19,0,70,,93811,19,0,17,0,30,,93812,19,0,17,0,70,,93810,19,0,17,0,30,,93815,19,0,18 19,0,70,,93813,19,0,17,0,30,,93814,19,0,17,0,29,,93820,19,0,17,0,69,,93821,19,0,18 19,0,28,,93823,19,0,17,0,69,,93822,19,0,17,0,30,,93825,19,0,17,0,70,,93824,19,0,17,0
