1401,'5456',620,,92216,56,,,0,26,,92217,56,,,0,63,,92218,56,,,0,16,,92219,56,,,0,14,,92220,56,,,0,12,,92221,56,,,0,54,,92222,56,,,0,14,,92223,56,,,0,14,,92224,56,,,0,14,,92225,56,,,0,54,,92226,56,,,0,13,,92227,56,,,0,13,,92228,56,,,0,12,,92229,56,,,0,13,,92230,56,,,0,53,,92231,56,,,0,13,,92232,56,,,0,13,,92233,56,,,0,14,,92234,56,,,0,13,,92235,56,,,0,53,,92236,56,,,0,13,,92237,56,,,0,14,,92238,56,,,0,15,,92239,56,,,0,55,,92240,56,,,0,13,,92241,56,,,0,14,,92242,56,,,0,13,,92243,56,,,0,54,,92244,56,,,0,14,,92245,56,,,0,13,,92246,56,,,0,13,,92247,56,,,0,12,,92248,56,,,0,52,,92249,56,,,0,13,,92250,56,,,0,12,,92251,56,,,0,11,,92252,56,,,0,13,,92290,56,,,0,2,,92253,56,,,0,52,,92254,56,,,0,4,,92255,56,,,0,15,,92256,56,,,0,13,,92257,56,,,0,10,,92258,56,,,0,5,,92259,56,,,0,55,,92260,56,,,0,16,,92261,56,,,0,16,,92262,56,,,0,16,,92263,56,,,0,58,,92264,56,,,0,16,,92265,56,,,0,15,,92266,56,,,0,53,,92267,56,,,0,13,,92268,56,,,0,14,,92269,56,,,0,12,,92270,56,,,0,10,,92271,56,,,0,55,,92272,56,,,0,14,,92273,56,,,0,13,,92274,56,,,0,15,,92275,56,,,0,55,,92276,56,,,0,15,,92277,56,,,0,15,,92278,56,,,0,17,,92279,56,,,0,59,,92280,56,,,0,20,,92281,56,,,0,19,,92282,56,,,0,60,,92283,56,,,0,20,,92284,56,,,0,23,,92285,56,,,0,70,,92286,56,,,0,31,,92287,56,,,0,67,,92288,56,,,0,30,,92289,56,,,0
1401,'5458',620,,92307,56,,,0,26,,92308,56,,,0,63,,92309,56,,,0,16,,92310,56,,,0,14,,92311,56,,,0,12,,92312,56,,,0,54,,92313,56,,,0,14,,92314,56,,,0,14,,92315,56,,,0,14,,92316,56,,,0,54,,92317,56,,,0,13,,92318,56,,,0,13,,92319,56,,,0,12,,92320,56,,,0,13,,92321,56,,,0,53,,92322,56,,,0,13,,92323,56,,,0,13,,92324,56,,,0,14,,92325,56,,,0,13,,92326,56,,,0,53,,92327,56,,,0,13,,92328,56,,,0,14,,92329,56,,,0,15,,92330,56,,,0,55,,92331,56,,,0,13,,92332,56,,,0,14,,92333,56,,,0,13,,92334,56,,,0,54,,92335,56,,,0,14,,92336,56,,,0,13,,92337,56,,,0,13,,92338,56,,,0,12,,92339,56,,,0,52,,92340,56,,,0,13,,92341,56,,,0,12,,92342,56,,,0,11,,92343,56,,,0,13,,92383,56,,,0,2,,92344,56,,,0,52,,92345,56,,,0,4,,92346,56,,,0,15,,92347,56,,,0,13,,92348,56,,,0,10,,92349,56,,,0,5,,92350,56,,,0,55,,92351,56,,,0,16,,92352,56,,,0,16,,92353,56,,,0,16,,92354,56,,,0,58,,92355,56,,,0,16,,92356,56,,,0,15,,92357,56,,,0,53,,92358,56,,,0,13,,92359,56,,,0,14,,92360,56,,,0,12,,92361,56,,,0,10,,92362,56,,,0,55,,92363,56,,,0,14,,92364,56,,,0,13,,92365,56,,,0,15,,92366,56,,,0,55,,92367,56,,,0,15,,92368,56,,,0,15,,92369,56,,,0,17,,92370,56,,,0,59,,92371,56,,,0,20,,92372,56,,,0,19,,92373,56,,,0,60,,92374,56,,,0,20,,92375,56,,,0,23,,92376,56,,,0,70,,92377,56,,,0,31,,92378,56,,,0,67,,92379,56,,,0,30,,92380,56,,,0,70,,92381,56,,,0,30,,92382,56,,,0
1401,'5459',634,,92427,56,,,0,70,,92426,56,,,0,26,,92392,56,,,0,21,,92395,56,,,0,57,,92428,56,,,0,15,,92429,56,,,0,15,,92394,56,,,0,15,,92390,56,,,0,55,,92430,56,,,0,15,,92389,56,,,0,16,,92396,56,,,0,15,,92393,56,,,0,55,,92432,56,,,0,14,,92431,56,,,0,14,,92397,56,,,0,16,,92386,56,,,0,54,,92436,56,,,0,15,,92385,56,,,0,15,,92403,56,,,0,16,,92404,56,,,0,55,,92437,56,,,0,14,,92387,56,,,0,16,,92434,56,,,0,15,,92399,56,,,0,55,,92400,56,,,0,15,,92435,56,,,0,15,,92398,56,,,0,14,,92401,56,,,0,57,,92402,56,,,0,15,,92433,56,,,0,15,,92405,56,,,0,15,,92413,56,,,0,55,,92388,56,,,0,15,,92391,56,,,0,15,,92411,56,,,0,14,,92419,56,,,0,55,,92415,56,,,0,15,,92416,56,,,0,15,,92418,56,,,0,15,,92412,56,,,0,55,,92407,56,,,0,15,,92417,56,,,0,15,,92414,56,,,0,15,,92420,56,,,0,55,,92408,56,,,0,15,,92421,56,,,0,15,,92410,56,,,0,15,,92409,56,,,0,55,,92425,56,,,0,13,,92422,56,,,0,15,,92423,56,,,0,15,,92406,56,,,0,59,,92424,56,,,0,20,,92441,56,,,0,20,,92439,56,,,0,60,,92438,56,,,0,20,,92440,56,,,0,20,,92442,56,,,0,59,,92446,56,,,0,20,,92445,56,,,0,20,,92444,56,,,0,68,,92443,56,,,0,29,,92447,56,,,0,70,,92448,56,,,0,31,,92449,56,,,0,70,,92450,56,,,0,30,,92451,56,,,0
1401,'5460',704,,92508,56,,,0,25,,92495,56,,,0,26,,92494,56,,,0,57,,92478,56,,,0,15,,92512,56,,,0,15,,92485,56,,,0,15,,92510,56,,,0,55,,92501,56,,,0,16,,92511,56,,,0,14,,92469,56,,,0,15,,92500,56,,,0,55,,92466,56,,,0,16,,92470,56,,,0,15,,92479,56,,,0,15,,92503,56,,,0,56,,92457,56,,,0,15,,92487,56,,,0,15,,92458,56,,,0,15,,92488,56,,,0,55,,92459,56,,,0,15,,92471,56,,,0,17,,92480,56,,,0,55,,92504,56,,,0,16,,92454,56,,,0,15,,92489,56,,,0,16,,92456,56,,,0,55,,92486,56,,,0,15,,92455,56,,,0,16,,92472,56,,,0,15,,92452,56,,,0,55,,92481,56,,,0,15,,92502,56,,,0,15,,92462,56,,,0,15,,92490,56,,,0,55,,92461,56,,,0,14,,92492,56,,,0,15,,92460,56,,,0,15,,92473,56,,,0,55,,92453,56,,,0,15,,92482,56,,,0,14,,92505,56,,,0,15,,92463,56,,,0,55,,92491,56,,,0,15,,92464,56,,,0,15,,92493,56,,,0,14,,92468,56,,,0,55,,92477,56,,,0,15,,92467,56,,,0,16,,92484,56,,,0,17,,92507,56,,,0,60,,92497,56,,,0,18,,92499,56,,,0,20,,92465,56,,,0,60,,92476,56,,,0,20,,92483,56,,,0,21,,92509,56,,,0,70,,92498,56,,,0,29,,92475,56,,,0,70,,92474,56,,,0,31,,92506,56,,,0,81,,92496,56,,,0
1401,'5461',704,,92569,56,,,0,25,,92556,56,,,0,26,,92555,56,,,0,57,,92539,56,,,0,15,,92573,56,,,0,15,,92546,56,,,0,15,,92571,56,,,0,55,,92562,56,,,0,16,,92572,56,,,0,14,,92530,56,,,0,15,,92561,56,,,0,55,,92527,56,,,0,16,,92531,56,,,0,15,,92540,56,,,0,15,,92564,56,,,0,56,,92518,56,,,0,15,,92548,56,,,0,15,,92519,56,,,0,15,,92549,56,,,0,55,,92520,56,,,0,15,,92532,56,,,0,17,,92541,56,,,0,55,,92565,56,,,0,16,,92515,56,,,0,15,,92550,56,,,0,16,,92517,56,,,0,55,,92547,56,,,0,15,,92516,56,,,0,16,,92533,56,,,0,15,,92513,56,,,0,55,,92542,56,,,0,15,,92563,56,,,0,15,,92523,56,,,0,15,,92551,56,,,0,55,,92522,56,,,0,14,,92553,56,,,0,15,,92521,56,,,0,15,,92534,56,,,0,55,,92514,56,,,0,15,,92543,56,,,0,14,,92566,56,,,0,15,,92524,56,,,0,55,,92552,56,,,0,15,,92525,56,,,0,15,,92554,56,,,0,14,,92529,56,,,0,55,,92538,56,,,0,15,,92528,56,,,0,16,,92545,56,,,0,17,,92568,56,,,0,60,,92558,56,,,0,18,,92560,56,,,0,20,,92526,56,,,0,60,,92537,56,,,0,20,,92544,56,,,0,21,,92570,56,,,0,70,,92559,56,,,0,29,,92536,56,,,0,70,,92535,56,,,0,31,,92567,56,,,0,81,,92557,56,,,0
1401,'5462',704,,92630,56,,,0,25,,92617,56,,,0,26,,92616,56,,,0,57,,92600,56,,,0,15,,92634,56,,,0,15,,92607,56,,,0,15,,92632,56,,,0,55,,92623,56,,,0,16,,92633,56,,,0,14,,92591,56,,,0,15,,92622,56,,,0,55,,92588,56,,,0,16,,92592,56,,,0,15,,92601,56,,,0,15,,92625,56,,,0,56,,92579,56,,,0,15,,92609,56,,,0,15,,92580,56,,,0,15,,92610,56,,,0,55,,92581,56,,,0,15,,92593,56,,,0,17,,92602,56,,,0,55,,92626,56,,,0,16,,92576,56,,,0,15,,92611,56,,,0,16,,92578,56,,,0,55,,92608,56,,,0,15,,92577,56,,,0,16,,92594,56,,,0,15,,92574,56,,,0,55,,92603,56,,,0,15,,92624,56,,,0,15,,92584,56,,,0,15,,92612,56,,,0,55,,92583,56,,,0,14,,92614,56,,,0,15,,92582,56,,,0,15,,92595,56,,,0,55,,92575,56,,,0,15,,92604,56,,,0,14,,92627,56,,,0,15,,92585,56,,,0,55,,92613,56,,,0,15,,92586,56,,,0,15,,92615,56,,,0,14,,92590,56,,,0,55,,92599,56,,,0,15,,92589,56,,,0,16,,92606,56,,,0,17,,92629,56,,,0,60,,92619,56,,,0,18,,92621,56,,,0,20,,92587,56,,,0,60,,92598,56,,,0,20,,92605,56,,,0,21,,92631,56,,,0,70,,92620,56,,,0,29,,92597,56,,,0,70,,92596,56,,,0,31,,92628,56,,,0,81,,92618,56,,,0
1401,'5463',704,,92691,56,,,0,25,,92678,56,,,0,26,,92677,56,,,0,57,,92661,56,,,0,15,,92695,56,,,0,15,,92668,56,,,0,15,,92693,56,,,0,55,,92684,56,,,0,16,,92694,56,,,0,14,,92652,56,,,0,15,,92683,56,,,0,55,,92649,56,,,0,16,,92653,56,,,0,15,,92662,56,,,0,15,,92686,56,,,0,56,,92640,56,,,0,15,,92670,56,,,0,15,,92641,56,,,0,15,,92671,56,,,0,55,,92642,56,,,0,15,,92654,56,,,0,17,,92663,56,,,0,55,,92687,56,,,0,16,,92637,56,,,0,15,,92672,56,,,0,16,,92639,56,,,0,55,,92669,56,,,0,15,,92638,56,,,0,16,,92655,56,,,0,15,,92635,56,,,0,55,,92664,56,,,0,15,,92685,56,,,0,15,,92645,56,,,0,15,,92673,56,,,0,55,,92644,56,,,0,14,,92675,56,,,0,15,,92643,56,,,0,15,,92656,56,,,0,55,,92636,56,,,0,15,,92665,56,,,0,14,,92688,56,,,0,15,,92646,56,,,0,55,,92674,56,,,0,15,,92647,56,,,0,15,,92676,56,,,0,14,,92651,56,,,0,55,,92660,56,,,0,15,,92650,56,,,0,16,,92667,56,,,0,17,,92690,56,,,0,60,,92680,56,,,0,18,,92682,56,,,0,20,,92648,56,,,0,60,,92659,56,,,0,20,,92666,56,,,0,21,,92692,56,,,0,70,,92681,56,,,0,29,,92658,56,,,0,70,,92657,56,,,0,31,,92689,56,,,0,81,,92679,56,,,0
2200,'5456',631,,94076,54,,,0,73,,94078,54,,,0,30,,94077,54,,,0,74,,94080,54,,,0,35,,94079,54,,,0,61,,94083,54,,,0,28,,94081,54,,,0,101,,94082,54,,,0,25,,94084,54,,,0,69,,94085,54,,,0,103,,94088,54,0,21 22,0,11,,94088,68,,,0,59,,94086,54,0,21 22,0,11,,94086,68,,,0,19,,94089,54,0,21 22,0,12,,94089,68,,,0,58,,94090,54,0,21 22,0,12,,94090,68,,,0,92,,94091,54,0,21 22,0,13,,94091,68,,,0,11,,94104,24,,,0,8,,94092,54,0,21 22,0,12,,94092,68,,,0,65,,94093,54,0,21 22,0,12,,94093,68,,,0,89,,94094,54,0,21 22,0,11,,94094,68,,,0,83,,94095,54,0,21 22,0,11,,94095,68,,,0,15,,94096,54,,,0,24,,94097,54,,,0,98,,94098,54,,,0,70,,94099,54,,,0,29,,94100,54,,,0,68,,94101,54,,,0
2200,'5458',631,,94105,54,,,0,73,,94107,54,,,0,30,,94106,54,,,0,74,,94109,54,,,0,35,,94108,54,,,0,61,,94112,54,,,0,28,,94110,54,,,0,101,,94111,54,,,0,25,,94113,54,,,0,69,,94114,54,,,0,103,,94117,54,0,21 22,0,11,,94117,68,,,0,59,,94115,54,0,21 22,0,11,,94115,68,,,0,19,,94118,54,0,21 22,0,12,,94118,68,,,0,58,,94119,54,0,21 22,0,12,,94119,68,,,0,14,,94122,24,,,0,78,,94120,54,0,21 22,0,13,,94120,68,,,0,19,,94121,54,0,21 22,0,12,,94121,68,,,0,65,,94123,54,0,21 22,0,12,,94123,68,,,0,89,,94124,54,0,21 22,0,11,,94124,68,,,0,83,,94125,54,0,21 22,0,11,,94125,68,,,0,15,,94126,54,,,0,24,,94127,54,,,0,98,,94128,54,,,0,70,,94129,54,,,0,29,,94130,54,,,0,68,,94131,54,,,0
2200,'5459',718,,94153,54,,,0,41,,94139,54,,,0,80,,94143,54,,,0,81,,94156,54,,,0,32,,94140,54,,,0,71,,94134,54,,,0,33,,94141,54,,,0,72,,94155,54,,,0,72,,94138,54,,,0,31,,94137,54,,,0,71,,94142,54,,,0,30,,94135,54,,,0,71,,94160,54,,,0,30,,94136,54,,,0,69,,94149,54,,,0,30,,94145,54,,,0,70,,94148,54,,,0,29,,94159,54,,,0,28,,94150,54,,,0,71,,94144,54,,,0,70,,94152,54,,,0,32,,94151,54,,,0,70,,94147,54,,,0,27,,94146,54,,,0,29,,94161,54,,,0,69,,94162,54,,,0,27,,94158,54,,,0,68,,94154,54,,,0
2200,'5460',807,,94167,54,,,0,103,,94168,54,,,0,41,,94169,54,,,0,71,,94164,54,,,0,32,,94165,54,,,0,70,,94166,54,,,0,31,,94171,54,,,0,69,,94172,54,,,0,33,,94170,54,,,0,70,,94173,54,,,0,30,,94174,54,,,0,70,,94182,54,,,0,31,,94181,54,,,0,70,,94175,54,,,0,29,,94176,54,,,0,70,,94177,54,,,0,30,,94178,54,,,0,72,,94179,54,,,0,30,,94180,54,,,0,69,,94183,54,,,0,29,,94184,54,,,0,67,,94185,54,,,0,30,,94186,54,,,0,153,,94187,37,,,0
2200,'5461',807,,94191,54,,,0,103,,94192,54,,,0,41,,94193,54,,,0,71,,94188,54,,,0,32,,94189,54,,,0,70,,94190,54,,,0,31,,94195,54,,,0,69,,94196,54,,,0,33,,94194,54,,,0,70,,94197,54,,,0,30,,94198,54,,,0,70,,94206,54,,,0,31,,94205,54,,,0,70,,94199,54,,,0,29,,94200,54,,,0,70,,94201,54,,,0,30,,94202,54,,,0,72,,94203,54,,,0,30,,94204,54,,,0,69,,94207,54,,,0,29,,94208,54,,,0,67,,94209,54,,,0,30,,94210,54,,,0,153,,94211,37,,,0
2200,'5462',807,,94215,54,,,0,103,,94216,54,,,0,41,,94217,54,,,0,71,,94212,54,,,0,32,,94213,54,,,0,70,,94214,54,,,0,31,,94219,54,,,0,69,,94220,54,,,0,33,,94218,54,,,0,70,,94221,54,,,0,30,,94222,54,,,0,70,,94230,54,,,0,31,,94229,54,,,0,70,,94223,54,,,0,29,,94224,54,,,0,70,,94225,54,,,0,30,,94226,54,,,0,72,,94227,54,,,0,30,,94228,54,,,0,69,,94231,54,,,0,29,,94232,54,,,0,67,,94233,54,,,0,30,,94234,54,,,0,153,,94235,37,,,0
2200,'5463',807,,94239,54,,,0,103,,94240,54,,,0,41,,94241,54,,,0,71,,94236,54,,,0,32,,94237,54,,,0,70,,94238,54,,,0,31,,94243,54,,,0,69,,94244,54,,,0,33,,94242,54,,,0,70,,94245,54,,,0,30,,94246,54,,,0,70,,94254,54,,,0,31,,94253,54,,,0,70,,94247,54,,,0,29,,94248,54,,,0,70,,94249,54,,,0,30,,94250,54,,,0,72,,94251,54,,,0,30,,94252,54,,,0,69,,94255,54,,,0,29,,94256,54,,,0,67,,94257,54,,,0,30,,94258,54,,,0,153,,94259,37,,,0
2201,'5456',550,,94260,7,,,0,67,,94263,7,,,0,112,,94261,13,,,0,26,,94262,13,,,0,75,,94264,13,,,0,106,,94266,13,,,0,69,,94265,13,,,0,29,,94268,13,,,0,98,,94269,13,,,0
2201,'5458',550,,94284,7,,,0,67,,94287,7,,,0,112,,94285,13,,,0,26,,94286,13,,,0,75,,94288,13,,,0,106,,94290,13,,,0,69,,94289,13,,,0,29,,94292,13,,,0,98,,94293,13,,,0
5300,'5456',644,,99177,32,0,25 40,0,75,,99175,32,,,0,184,,99179,32,0,25 40,0,143,,99176,32,0,25 40,0,170,,99182,32,0,25 40,0,133,,99181,41,0,25 40,0,190,,99183,41,0,25 40,0,104,,99180,41,0,25 40,0,168,,99178,41,0,25 40,0,126,,99184,41,0,25 40,0,170,,99185,41,0,25 40,0
5300,'5458',644,,99188,32,0,25 40,0,75,,99186,32,,,0,184,,99190,32,0,25 40,0,143,,99187,32,0,25 40,0,170,,99193,32,0,25 40,0,133,,99192,41,0,25 40,0,190,,99194,41,0,25 40,0,104,,99191,41,0,25 40,0,168,,99189,41,0,25 40,0,126,,99195,41,0,25 40,0,170,,99196,41,0,25 40,0
5300,'5459',723,,99197,32,0,25 40,0,201,,99201,32,0,25 40,0,212,,99202,32,0,25 40,0,218,,99203,41,0,25 40,0,250,,99200,41,0,25 40,0,209,,99198,41,0,25 40,0,203,,99199,41,0,25 40,0
5300,'5460',722,,99207,32,0,25 40,0,203,,99204,32,0,25 40,0,209,,99205,32,0,25 40,0,218,,99208,41,0,25 40,0,250,,99206,41,0,25 40,0,209,,99210,41,0,25 40,0,205,,99209,41,0,25 40,0
5300,'5461',722,,99214,32,0,25 40,0,203,,99211,32,0,25 40,0,209,,99212,32,0,25 40,0,218,,99215,41,0,25 40,0,250,,99213,41,0,25 40,0,209,,99217,41,0,25 40,0,205,,99216,41,0,25 40,0
5300,'5462',722,,99221,32,0,25 40,0,203,,99218,32,0,25 40,0,209,,99219,32,0,25 40,0,218,,99222,41,0,25 40,0,250,,99220,41,0,25 40,0,209,,99224,41,0,25 40,0,205,,99223,41,0,25 40,0
5300,'5463',722,,99228,32,0,25 40,0,203,,99225,32,0,25 40,0,209,,99226,32,0,25 40,0,218,,99229,41,0,25 40,0,250,,99227,41,0,25 40,0,209,,99231,41,0,25 40,0,205,,99230,41,0,25 40,0
5301,'5456',1648,,99234,18,,,0
5301,'5458',1648,,99244,18,,,0
1002200,'5456',955,,103706,44,,,0,196,,103707,44,0,21 22,0,49,,103707,58,,,0,228,,103708,44,0,21 22,0,12,,103708,58,,,0,195,,103709,44,0,21 22,0,12,,103709,58,,,0,85,,103710,44,0,21 22,0,10,,103710,58,,,0,182,,103711,44,0,21 22,0,9,,103711,58,,,0
1002200,'5458',955,,103712,44,,,0,196,,103713,44,0,21 22,0,49,,103713,58,,,0,228,,103714,44,0,21 22,0,12,,103714,58,,,0,195,,103715,44,0,21 22,0,12,,103715,58,,,0,85,,103716,44,0,21 22,0,10,,103716,58,,,0,182,,103717,44,0,21 22,0,9,,103717,58,,,0
1002201,'5456',652,,103718,13,,,0,256,,103719,13,,,0,200,,103720,13,,,0
1002201,'5458',652,,103727,13,,,0,256,,103728,13,,,0,200,,103729,13,,,0
