600,'5456',531,,89335,3,,,0,20,,89336,14,,,0,70,,89337,14,,,0,31,,89338,14,,,0,65,,89339,14,,,0,24,,89340,14,,,0,64,,89356,14,,,0,19,,89358,14,,,0,20,,89347,14,,,0,59,,89341,14,,,0,20,,89342,14,,,0,25,,89343,14,,,0,64,,89344,14,,,0,22,,89351,14,,,0,25,,89345,14,,,0,63,,89346,14,,,0,24,,89348,14,,,0,64,,89349,14,,,0,25,,89350,14,,,0,24,,89352,14,,,0,65,,89353,14,,,0,26,,89354,14,,,0,63,,89355,14,,,0,21,,89357,14,,,0,20,,89359,14,,,0,60,,89360,14,,,0,16,,89366,14,,,0,14,,89361,14,,,0,57,,89362,14,,,0,14,,89369,14,,,0,16,,89363,14,,,0,15,,89364,14,,,0,54,,89365,14,,,0,14,,89367,14,,,0,16,,89368,14,,,0,14,,89370,14,,,0,15,,89371,14,,,0,57,,89372,14,,,0,17,,89373,14,,,0,23,,89374,14,,,0,64,,89376,14,,,0,29,,89375,14,,,0,73,,89378,14,,,0,18,,89377,14,,,0,75,,89379,14,,,0,18,,89380,14,,,0,78,,89382,14,,,0,19,,89381,14,,,0,100,,89383,14,,,0,98,,89384,14,,,0
600,'5458',531,,89385,3,,,0,20,,89386,14,,,0,70,,89387,14,,,0,31,,89388,14,,,0,65,,89389,14,,,0,24,,89390,14,,,0,64,,89406,14,,,0,19,,89408,14,,,0,20,,89397,14,,,0,59,,89391,14,,,0,20,,89392,14,,,0,25,,89393,14,,,0,64,,89394,14,,,0,22,,89401,14,,,0,25,,89395,14,,,0,63,,89396,14,,,0,24,,89398,14,,,0,64,,89399,14,,,0,25,,89400,14,,,0,24,,89402,14,,,0,65,,89403,14,,,0,26,,89404,14,,,0,63,,89405,14,,,0,21,,89407,14,,,0,20,,89409,14,,,0,60,,89410,14,,,0,16,,89416,14,,,0,14,,89411,14,,,0,57,,89412,14,,,0,14,,89419,14,,,0,16,,89413,14,,,0,15,,89414,14,,,0,54,,89415,14,,,0,14,,89417,14,,,0,16,,89418,14,,,0,14,,89420,14,,,0,15,,89421,14,,,0,57,,89422,14,,,0,17,,89423,14,,,0,23,,89424,14,,,0,64,,89426,14,,,0,29,,89425,14,,,0,73,,89428,14,,,0,18,,89427,14,,,0,75,,89429,14,,,0,18,,89430,14,,,0,78,,89432,14,,,0,19,,89431,14,,,0,100,,89433,14,,,0,98,,89434,14,,,0,30,,89438,14,,,0,70,,89436,14,,,0,30,,89439,14,,,0,70,,89435,14,,,0,30,,89437,14,,,0
600,'5459',556,,89441,14,,,0,70,,89442,14,,,0,84,,89443,14,,,0,20,,89444,14,,,0,76,,89445,14,,,0,20,,89446,14,,,0,18,,89447,14,,,0,70,,89448,14,,,0,15,,89440,14,,,0,15,,89449,14,,,0,66,,89450,14,,,0,13,,89451,14,,,0,13,,89452,14,,,0,12,,89453,14,,,0,64,,89454,14,,,0,12,,89455,14,,,0,12,,89456,14,,,0,65,,89457,14,,,0,12,,89458,14,,,0,12,,89459,14,,,0,24,,89460,14,,,0,52,,89461,14,,,0,13,,89462,14,,,0,24,,89463,14,,,0,12,,89464,14,,,0,52,,89465,14,,,0,20,,89466,14,,,0,10,,89467,14,,,0,10,,89468,14,,,0,61,,89469,14,,,0,11,,89478,14,,,0,10,,89470,14,,,0,20,,89471,14,,,0,11,,89479,14,,,0,50,,89472,14,,,0,20,,89473,14,,,0,11,,89480,14,,,0,10,,89474,14,,,0,60,,89475,14,,,0,11,,89476,14,,,0,12,,89481,14,,,0,12,,89477,14,,,0,64,,89482,14,,,0,12,,89483,14,,,0,12,,89484,14,,,0,12,,89485,14,,,0,65,,89487,14,,,0,15,,89488,14,,,0,14,,89489,14,,,0,70,,89490,14,,,0,15,,89491,14,,,0,17,,89486,14,,,0,76,,89492,14,,,0,18,,89493,14,,,0,74,,89494,14,,,0,21,,89495,14,,,0,20,,89496,14,,,0,90,,89497,14,,,0,94,,89498,14,,,0,70,,89499,14,,,0,29,,89500,14,,,0,30,,89501,14,,,0,69,,89502,14,,,0,29,,89503,14,,,0
600,'5460',633,,89530,14,,,0,78,,89543,14,,,0,95,,89513,14,,,0,25,,89541,14,,,0,80,,89515,14,,,0,21,,89505,14,,,0,78,,89525,14,,,0,15,,89552,14,,,0,16,,89514,14,,,0,72,,89545,14,,,0,15,,89529,14,,,0,15,,89504,14,,,0,70,,89506,14,,,0,12,,89508,14,,,0,12,,89548,14,,,0,12,,89532,14,,,0,64,,89507,14,,,0,12,,89518,14,,,0,12,,89509,14,,,0,12,,89512,14,,,0,64,,89531,14,,,0,12,,89510,14,,,0,12,,89511,14,,,0,12,,89519,14,,,0,64,,89522,14,,,0,12,,89549,14,,,0,12,,89533,14,,,0,12,,89523,14,,,0,64,,89521,14,,,0,12,,89520,14,,,0,12,,89517,14,,,0,12,,89547,14,,,0,64,,89516,14,,,0,12,,89527,14,,,0,12,,89526,14,,,0,12,,89553,14,,,0,65,,89538,14,,,0,15,,89524,14,,,0,15,,89528,14,,,0,72,,89534,14,,,0,17,,89540,14,,,0,18,,89535,14,,,0,74,,89536,14,,,0,17,,89539,14,,,0,74,,89544,14,,,0,17,,89546,14,,,0,18,,89537,14,,,0,88,,89542,14,,,0,96,,89551,14,,,0,88,,89550,14,,,0
600,'5461',633,,89580,14,,,0,78,,89593,14,,,0,95,,89563,14,,,0,25,,89591,14,,,0,80,,89565,14,,,0,21,,89555,14,,,0,78,,89575,14,,,0,15,,89602,14,,,0,16,,89564,14,,,0,72,,89595,14,,,0,15,,89579,14,,,0,15,,89554,14,,,0,70,,89556,14,,,0,12,,89558,14,,,0,12,,89598,14,,,0,12,,89582,14,,,0,64,,89557,14,,,0,12,,89568,14,,,0,12,,89559,14,,,0,12,,89562,14,,,0,64,,89581,14,,,0,12,,89560,14,,,0,12,,89561,14,,,0,12,,89569,14,,,0,64,,89572,14,,,0,12,,89599,14,,,0,12,,89583,14,,,0,12,,89573,14,,,0,64,,89571,14,,,0,12,,89570,14,,,0,12,,89567,14,,,0,12,,89597,14,,,0,64,,89566,14,,,0,12,,89577,14,,,0,12,,89576,14,,,0,12,,89603,14,,,0,65,,89588,14,,,0,15,,89574,14,,,0,15,,89578,14,,,0,72,,89584,14,,,0,17,,89590,14,,,0,18,,89585,14,,,0,74,,89586,14,,,0,17,,89589,14,,,0,74,,89594,14,,,0,17,,89596,14,,,0,18,,89587,14,,,0,88,,89592,14,,,0,96,,89601,14,,,0,88,,89600,14,,,0
600,'5462',633,,89630,14,,,0,78,,89643,14,,,0,95,,89613,14,,,0,25,,89641,14,,,0,80,,89615,14,,,0,21,,89605,14,,,0,78,,89625,14,,,0,15,,89652,14,,,0,16,,89614,14,,,0,72,,89645,14,,,0,15,,89629,14,,,0,15,,89604,14,,,0,70,,89606,14,,,0,12,,89608,14,,,0,12,,89648,14,,,0,12,,89632,14,,,0,64,,89607,14,,,0,12,,89618,14,,,0,12,,89609,14,,,0,12,,89612,14,,,0,64,,89631,14,,,0,12,,89610,14,,,0,12,,89611,14,,,0,12,,89619,14,,,0,64,,89622,14,,,0,12,,89649,14,,,0,12,,89633,14,,,0,12,,89623,14,,,0,64,,89621,14,,,0,12,,89620,14,,,0,12,,89617,14,,,0,12,,89647,14,,,0,64,,89616,14,,,0,12,,89627,14,,,0,12,,89626,14,,,0,12,,89653,14,,,0,65,,89638,14,,,0,15,,89624,14,,,0,15,,89628,14,,,0,72,,89634,14,,,0,17,,89640,14,,,0,18,,89635,14,,,0,74,,89636,14,,,0,17,,89639,14,,,0,74,,89644,14,,,0,17,,89646,14,,,0,18,,89637,14,,,0,88,,89642,14,,,0,96,,89651,14,,,0,88,,89650,14,,,0
600,'5463',633,,89680,14,,,0,78,,89693,14,,,0,95,,89663,14,,,0,25,,89691,14,,,0,80,,89665,14,,,0,21,,89655,14,,,0,78,,89675,14,,,0,15,,89702,14,,,0,16,,89664,14,,,0,72,,89695,14,,,0,15,,89679,14,,,0,15,,89654,14,,,0,70,,89656,14,,,0,12,,89658,14,,,0,12,,89698,14,,,0,12,,89682,14,,,0,64,,89657,14,,,0,12,,89668,14,,,0,12,,89659,14,,,0,12,,89662,14,,,0,64,,89681,14,,,0,12,,89660,14,,,0,12,,89661,14,,,0,12,,89669,14,,,0,64,,89672,14,,,0,12,,89699,14,,,0,12,,89683,14,,,0,12,,89673,14,,,0,64,,89671,14,,,0,12,,89670,14,,,0,12,,89667,14,,,0,12,,89697,14,,,0,64,,89666,14,,,0,12,,89677,14,,,0,12,,89676,14,,,0,12,,89703,14,,,0,65,,89688,14,,,0,15,,89674,14,,,0,15,,89678,14,,,0,72,,89684,14,,,0,17,,89690,14,,,0,18,,89685,14,,,0,74,,89686,14,,,0,17,,89689,14,,,0,74,,89694,14,,,0,17,,89696,14,,,0,18,,89687,14,,,0,88,,89692,14,,,0,96,,89701,14,,,0,88,,89700,14,,,0
1000600,'5456',606,,103443,14,,,0,98,,103445,14,,,0,49,,103444,14,,,0,81,,103446,14,,,0,78,,103451,14,,,0,88,,103447,14,,,0,46,,103448,14,,,0,88,,103449,14,,,0,89,,103450,14,,,0,89,,103452,14,,,0,90,,103453,14,,,0,42,,103454,14,,,0,80,,103455,14,,,0,28,,103456,14,,,0,71,,103457,14,,,0,30,,103458,14,,,0,69,,103459,14,,,0,29,,103460,14,,,0,72,,103461,14,,,0,85,,103462,14,,,0,96,,103463,14,,,0,53,,103464,14,,,0,94,,103465,14,,,0,149,,103466,14,,,0,58,,103467,14,,,0
1000600,'5458',606,,103468,14,,,0,98,,103470,14,,,0,49,,103469,14,,,0,81,,103471,14,,,0,78,,103476,14,,,0,88,,103472,14,,,0,46,,103473,14,,,0,88,,103474,14,,,0,89,,103475,14,,,0,89,,103477,14,,,0,90,,103478,14,,,0,42,,103479,14,,,0,80,,103480,14,,,0,28,,103481,14,,,0,71,,103482,14,,,0,30,,103483,14,,,0,69,,103484,14,,,0,29,,103485,14,,,0,72,,103486,14,,,0,85,,103487,14,,,0,96,,103488,14,,,0,53,,103489,14,,,0,94,,103490,14,,,0,149,,103491,14,,,0,58,,103492,14,,,0
1000600,'5459',649,,103493,14,,,0,99,,103494,14,,,0,111,,103495,14,,,0,98,,103496,14,,,0,143,,103497,14,,,0,49,,103498,14,,,0,89,,103499,14,,,0,88,,103500,14,,,0,86,,103501,14,,,0,40,,103502,14,,,0,82,,103503,14,,,0,81,,103504,14,,,0,41,,103506,14,,,0,97,,103505,14,,,0,100,,103507,14,,,0,97,,103508,14,,,0,105,,103509,14,,,0,92,,103510,14,,,0,164,,103511,14,,,0,95,,103512,14,,,0
1000600,'5460',741,,103521,14,,,0,110,,103522,14,,,0,101,,103527,14,,,0,105,,103513,14,,,0,101,,103516,14,,,0,143,,103514,14,,,0,100,,103528,14,,,0,100,,103515,14,,,0,100,,103517,14,,,0,100,,103518,14,,,0,100,,103520,14,,,0,58,,103519,14,,,0,150,,103523,14,,,0,50,,103524,14,,,0,152,,103526,14,,,0,94,,103525,14,,,0
1000600,'5461',741,,103537,14,,,0,110,,103538,14,,,0,101,,103543,14,,,0,105,,103529,14,,,0,101,,103532,14,,,0,143,,103530,14,,,0,100,,103544,14,,,0,100,,103531,14,,,0,100,,103533,14,,,0,100,,103534,14,,,0,100,,103536,14,,,0,58,,103535,14,,,0,150,,103539,14,,,0,50,,103540,14,,,0,152,,103542,14,,,0,94,,103541,14,,,0
1000600,'5462',741,,103553,14,,,0,110,,103554,14,,,0,101,,103559,14,,,0,105,,103545,14,,,0,101,,103548,14,,,0,143,,103546,14,,,0,100,,103560,14,,,0,100,,103547,14,,,0,100,,103549,14,,,0,100,,103550,14,,,0,100,,103552,14,,,0,58,,103551,14,,,0,150,,103555,14,,,0,50,,103556,14,,,0,152,,103558,14,,,0,94,,103557,14,,,0
1000600,'5463',741,,103569,14,,,0,110,,103570,14,,,0,101,,103575,14,,,0,105,,103561,14,,,0,101,,103564,14,,,0,143,,103562,14,,,0,100,,103576,14,,,0,100,,103563,14,,,0,100,,103565,14,,,0,100,,103566,14,,,0,100,,103568,14,,,0,58,,103567,14,,,0,150,,103571,14,,,0,50,,103572,14,,,0,152,,103574,14,,,0,94,,103573,14,,,0
2000600,'5456',637,,103857,14,,,0,92,,103860,14,,,0,85,,103858,14,,,0,39,,103861,14,,,0,83,,103859,14,,,0,87,,103862,14,,,0,88,,103863,14,,,0,47,,103865,14,,,0,89,,103864,14,,,0,90,,103866,14,,,0,87,,103867,14,,,0,80,,103869,14,,,0,33,,103868,14,,,0,72,,103870,14,,,0,30,,103871,14,,,0,68,,103872,14,,,0,30,,103873,14,,,0,71,,103874,14,,,0,37,,103875,14,,,0,89,,103876,14,,,0
2000600,'5458',637,,103877,14,,,0,92,,103880,14,,,0,85,,103878,14,,,0,39,,103881,14,,,0,83,,103879,14,,,0,87,,103882,14,,,0,88,,103883,14,,,0,47,,103885,14,,,0,89,,103884,14,,,0,90,,103886,14,,,0,87,,103887,14,,,0,80,,103889,14,,,0,33,,103888,14,,,0,72,,103890,14,,,0,30,,103891,14,,,0,68,,103892,14,,,0,30,,103893,14,,,0,71,,103894,14,,,0,37,,103895,14,,,0,89,,103896,14,,,0
