1200,'4832',918,,66843,1,,,0,101,,66842,1,,,0,101,,66845,1,,,0,100,,66844,1,,,0,100,,66846,1,,,0,100,,82745,1,,,0,100,,82746,1,,,0,100,,82744,1,,,0,103,,66850,1,,,0,99,,82747,1,,,0,100,,66852,1,,,0
1200,'5453',918,,78878,1,,,0,101,,78877,1,,,0,101,,82748,1,,,0,100,,78879,1,,,0,100,,78881,1,,,0,100,,82750,1,,,0,100,,82751,1,,,0,100,,82749,1,,,0,103,,78885,1,,,0,99,,82752,1,,,0,100,,78887,1,,,0
1200,'5456',625,,91521,1,,,0,79,,91522,1,,,0,26,,91531,1,,,0,16,,91523,1,,,0,55,,91530,1,,,0,15,,91518,1,,,0,16,,91525,1,,,0,10,,91528,1,,,0,6,,91529,1,,,0,54,,91524,1,,,0,15,,91514,1,,,0,15,,91515,1,,,0,16,,91526,1,,,0,54,,91532,1,,,0,15,,91516,1,,,0,15,,91533,1,,,0,15,,91504,1,,,0,70,,91509,1,,,0,31,,91519,1,,,0,70,,91510,1,,,0,30,,91505,1,,,0,70,,91511,1,,,0,30,,91520,1,,,0,72,,91512,1,,,0,31,,91506,1,,,0,71,,91503,1,,,0,100,,91513,1,,,0,84,,91507,1,,,0,45,,91508,1,,,0,70,,91517,1,,,0,106,,91527,1,,,0
1200,'5458',625,,91552,1,,,0,79,,91553,1,,,0,26,,91562,1,,,0,16,,91554,1,,,0,55,,91561,1,,,0,15,,91549,1,,,0,16,,91556,1,,,0,10,,91559,1,,,0,6,,91560,1,,,0,54,,91555,1,,,0,15,,91545,1,,,0,15,,91546,1,,,0,16,,91557,1,,,0,54,,91563,1,,,0,15,,91547,1,,,0,15,,91564,1,,,0,15,,91535,1,,,0,70,,91540,1,,,0,31,,91550,1,,,0,70,,91541,1,,,0,30,,91536,1,,,0,70,,91542,1,,,0,30,,91551,1,,,0,72,,91543,1,,,0,31,,91537,1,,,0,71,,91534,1,,,0,100,,91544,1,,,0,84,,91538,1,,,0,45,,91539,1,,,0,70,,91548,1,,,0,106,,91558,1,,,0
1200,'5459',918,,91566,1,,,0,101,,91571,1,,,0,101,,91573,1,,,0,100,,91565,1,,,0,100,,91567,1,,,0,100,,91570,1,,,0,100,,91574,1,,,0,100,,91568,1,,,0,103,,91569,1,,,0,100,,91572,1,,,0,99,,91575,1,,,0
1200,'5460',918,,91577,1,,,0,101,,91576,1,,,0,101,,91579,1,,,0,100,,91578,1,,,0,100,,91580,1,,,0,100,,91582,1,,,0,100,,91583,1,,,0,100,,91581,1,,,0,103,,91584,1,,,0,99,,91585,1,,,0,100,,91586,1,,,0
1200,'5461',918,,91588,1,,,0,101,,91587,1,,,0,101,,91590,1,,,0,100,,91589,1,,,0,100,,91591,1,,,0,100,,91593,1,,,0,100,,91594,1,,,0,100,,91592,1,,,0,103,,91595,1,,,0,99,,91596,1,,,0,100,,91597,1,,,0
1200,'5462',918,,91599,1,,,0,101,,91598,1,,,0,101,,91601,1,,,0,100,,91600,1,,,0,100,,91602,1,,,0,100,,91604,1,,,0,100,,91605,1,,,0,100,,91603,1,,,0,103,,91606,1,,,0,99,,91607,1,,,0,100,,91608,1,,,0
1200,'5463',918,,91610,1,,,0,101,,91609,1,,,0,101,,91612,1,,,0,100,,91611,1,,,0,100,,91613,1,,,0,100,,91615,1,,,0,100,,91616,1,,,0,100,,91614,1,,,0,103,,91617,1,,,0,99,,91618,1,,,0,100,,91619,1,,,0
1201,'4832',916,,66922,21,4,,0,101,,66923,21,4,,0,101,,66926,21,4,,0,100,,66924,21,4,,0,100,,66925,21,4,,0,100,,82778,21,4,,0,100,,82780,21,4,,0,100,,82779,21,4,,0,103,,66930,21,4,,0,99,,82781,21,4,,0,100,,66932,21,4,,0
1201,'5453',916,,78888,21,4,,0,101,,78889,21,4,,0,101,,82782,21,4,,0,100,,78890,21,4,,0,100,,78891,21,4,,0,100,,82783,21,4,,0,100,,82785,21,4,,0,100,,82784,21,4,,0,103,,78896,21,4,,0,99,,82786,21,4,,0,100,,78898,21,4,,0
1201,'5456',702,,91639,21,4,,0,42,,91640,21,4,,0,70,,91636,21,4,,0,32,,91646,21,4,,0,69,,91633,21,4,,0,31,,91641,21,4,,0,69,,91634,21,4,,0,30,,91621,21,4,,0,70,,91626,21,4,,0,31,,91637,21,4,,0,70,,91629,21,4,,0,30,,91622,21,4,,0,70,,91627,21,4,,0,30,,91638,21,4,,0,72,,91628,21,4,,0,31,,91623,21,4,,0,62,,91630,21,4,,0,9,,91620,21,4,,0,25,,91631,21,4,,0,75,,91632,21,4,,0,20,,91644,21,4,,0,64,,91625,21,4,,0,16,,91645,21,4,,0,29,,91624,21,4,,0,70,,91635,21,4,,0,36,,91642,21,4,,0,70,,91643,21,4,,0
1201,'5458',702,,91666,21,4,,0,42,,91667,21,4,,0,70,,91663,21,4,,0,32,,91673,21,4,,0,69,,91660,21,4,,0,31,,91668,21,4,,0,69,,91661,21,4,,0,30,,91648,21,4,,0,70,,91653,21,4,,0,31,,91664,21,4,,0,70,,91656,21,4,,0,30,,91649,21,4,,0,70,,91654,21,4,,0,30,,91665,21,4,,0,72,,91655,21,4,,0,31,,91650,21,4,,0,62,,91657,21,4,,0,9,,91647,21,4,,0,25,,91658,21,4,,0,75,,91659,21,4,,0,20,,91671,21,4,,0,64,,91652,21,4,,0,16,,91672,21,4,,0,29,,91651,21,4,,0,70,,91662,21,4,,0,36,,91669,21,4,,0,70,,91670,21,4,,0
1201,'5459',916,,91676,21,4,,0,101,,91679,21,4,,0,101,,91682,21,4,,0,100,,91674,21,4,,0,100,,91675,21,4,,0,100,,91680,21,4,,0,100,,91683,21,4,,0,100,,91677,21,4,,0,103,,91678,21,4,,0,100,,91681,21,4,,0,99,,91684,21,4,,0
1201,'5460',916,,91685,21,4,,0,101,,91686,21,4,,0,101,,91689,21,4,,0,100,,91687,21,4,,0,100,,91688,21,4,,0,100,,91690,21,4,,0,100,,91692,21,4,,0,100,,91691,21,4,,0,103,,91693,21,4,,0,99,,91694,21,4,,0,100,,91695,21,4,,0
1201,'5461',916,,91696,21,4,,0,101,,91697,21,4,,0,101,,91700,21,4,,0,100,,91698,21,4,,0,100,,91699,21,4,,0,100,,91701,21,4,,0,100,,91703,21,4,,0,100,,91702,21,4,,0,103,,91704,21,4,,0,99,,91705,21,4,,0,100,,91706,21,4,,0
1201,'5462',916,,91707,21,4,,0,101,,91708,21,4,,0,101,,91711,21,4,,0,100,,91709,21,4,,0,100,,91710,21,4,,0,100,,91712,21,4,,0,100,,91714,21,4,,0,100,,91713,21,4,,0,103,,91715,21,4,,0,99,,91716,21,4,,0,100,,91717,21,4,,0
1201,'5463',916,,91718,21,4,,0,101,,91719,21,4,,0,101,,91722,21,4,,0,100,,91720,21,4,,0,100,,91721,21,4,,0,100,,91723,21,4,,0,100,,91725,21,4,,0,100,,91724,21,4,,0,103,,91726,21,4,,0,99,,91727,21,4,,0,100,,91728,21,4,,0
1701,'5456',1456,,93603,1,,,0
1701,'5458',1456,,93604,1,,,0
2400,'4832',746,,83622,26,4,,0,107,,83621,60,4,,0,172,,83624,60,4,,0,131,,83623,60,4,,0,174,,83625,60,4,,0,170,,83626,60,4,,0,130,,83627,60,4,,0,129,,83628,60,4,,0,165,,83629,60,4,,0,125,,83630,60,4,,0,163,,83631,60,4,,0,126,,83632,60,4,,0
2400,'5453',746,,83633,26,4,,0,107,,79376,60,4,,0,172,,83635,60,4,,0,131,,83634,60,4,,0,174,,83636,60,4,,0,170,,83637,60,4,,0,130,,83638,60,4,,0,129,,83639,60,4,,0,165,,83640,60,4,,0,125,,83641,60,4,,0,163,,83642,60,4,,0,126,,83643,60,4,,0
2400,'5456',655,,94437,60,4,,0,75,,94438,60,4,,0,84,,94439,60,4,,0,101,,94440,60,4,,0,107,,94442,60,4,,0,101,,94441,60,4,,0,102,,94443,60,4,,0,101,,94444,60,4,,0,101,,94445,60,4,,0,101,,94446,60,4,,0,91,,94447,60,4,,0,81,,94448,60,4,,0,48,,94449,60,4,,0,94,,94450,60,4,,0,98,,94451,60,4,,0,110,,94452,60,4,,0,161,,94453,60,4,,0,128,,94454,60,4,,0,170,,94455,60,4,,0
2400,'5458',655,,94456,60,4,,0,75,,94457,60,4,,0,84,,94458,60,4,,0,101,,94459,60,4,,0,107,,94461,60,4,,0,101,,94460,60,4,,0,102,,94462,60,4,,0,101,,94463,60,4,,0,101,,94464,60,4,,0,101,,94465,60,4,,0,91,,94466,60,4,,0,81,,94467,60,4,,0,48,,94468,60,4,,0,94,,94469,60,4,,0,98,,94470,60,4,,0,110,,94471,60,4,,0,161,,94472,60,4,,0,128,,94473,60,4,,0,170,,94474,60,4,,0
2400,'5459',734,,94479,60,4,,0,123,,94477,60,4,,0,146,,94475,60,4,,0,115,,94476,60,4,,0,100,,94478,60,4,,0,100,,94484,60,4,,0,98,,94481,60,4,,0,100,,94480,60,4,,0,100,,94483,60,4,,0,97,,94482,60,4,,0,103,,94485,60,4,,0,111,,94486,60,4,,0,122,,94487,60,4,,0,165,,94488,60,4,,0,125,,94489,60,4,,0
2400,'5460',746,,94491,26,4,,0,107,,94490,60,4,,0,172,,94493,60,4,,0,131,,94492,60,4,,0,174,,94494,60,4,,0,170,,94495,60,4,,0,130,,94496,60,4,,0,129,,94497,60,4,,0,165,,94498,60,4,,0,125,,94499,60,4,,0,163,,94500,60,4,,0,126,,94501,60,4,,0
2400,'5461',746,,94503,26,4,,0,107,,94502,60,4,,0,172,,94505,60,4,,0,131,,94504,60,4,,0,174,,94506,60,4,,0,170,,94507,60,4,,0,130,,94508,60,4,,0,129,,94509,60,4,,0,165,,94510,60,4,,0,125,,94511,60,4,,0,163,,94512,60,4,,0,126,,94513,60,4,,0
2400,'5462',746,,94515,26,4,,0,107,,94514,60,4,,0,172,,94517,60,4,,0,131,,94516,60,4,,0,174,,94518,60,4,,0,170,,94519,60,4,,0,130,,94520,60,4,,0,129,,94521,60,4,,0,165,,94522,60,4,,0,125,,94523,60,4,,0,163,,94524,60,4,,0,126,,94525,60,4,,0
2400,'5463',746,,94527,26,4,,0,107,,94526,60,4,,0,172,,94529,60,4,,0,131,,94528,60,4,,0,174,,94530,60,4,,0,170,,94531,60,4,,0,130,,94532,60,4,,0,129,,94533,60,4,,0,165,,94534,60,4,,0,125,,94535,60,4,,0,163,,94536,60,4,,0,126,,94537,60,4,,0
2401,'4832',750,,83680,1,,,0,170,,83681,1,,,0,129,,83682,1,,,0,167,,83683,1,,,0,131,,83684,1,,,0,172,,83685,1,,,0,131,,83686,1,,,0,170,,83687,1,,,0,131,,83688,1,,,0,165,,83689,1,,,0,130,,83690,1,,,0
2401,'5453',750,,83691,1,,,0,170,,83692,1,,,0,129,,83693,1,,,0,167,,83694,1,,,0,131,,83695,1,,,0,172,,83696,1,,,0,131,,83697,1,,,0,170,,83698,1,,,0,131,,83699,1,,,0,165,,83700,1,,,0,130,,83701,1,,,0
2401,'5456',456,,94538,1,,,0,90,,94539,1,,,0,86,,94540,1,,,0,84,,94541,1,,,0,31,,94542,1,,,0,94,,94543,1,,,0,109,,94544,1,,,0,100,,94545,1,,,0,99,,94546,1,,,0,100,,94547,1,,,0,151,,94548,1,,,0,55,,94549,1,,,0,92,,94550,1,,,0,91,,94551,1,,,0,80,,94552,1,,,0,92,,94553,1,,,0,46,,94554,1,,,0,144,,94555,1,,,0,115,,94556,1,,,0,132,,94557,1,,,0,162,,94558,1,,,0
2401,'5458',456,,94559,1,,,0,90,,94560,1,,,0,86,,94561,1,,,0,84,,94562,1,,,0,31,,94563,1,,,0,94,,94564,1,,,0,109,,94565,1,,,0,100,,94566,1,,,0,99,,94567,1,,,0,100,,94568,1,,,0,151,,94569,1,,,0,55,,94570,1,,,0,92,,94571,1,,,0,91,,94572,1,,,0,80,,94573,1,,,0,92,,94574,1,,,0,46,,94575,1,,,0,144,,94576,1,,,0,115,,94577,1,,,0,132,,94578,1,,,0,162,,94579,1,,,0
2401,'5459',644,,94586,1,,,0,106,,94585,1,,,0,103,,94587,1,,,0,100,,94583,1,,,0,100,,94580,1,,,0,98,,94581,1,,,0,95,,94582,1,,,0,100,,94589,1,,,0,98,,94584,1,,,0,103,,94588,1,,,0,104,,94590,1,,,0,169,,94591,1,,,0,125,,94592,1,,,0,170,,94593,1,,,0,131,,94594,1,,,0,163,,94595,1,,,0
2401,'5460',750,,94596,1,,,0,170,,94597,1,,,0,129,,94598,1,,,0,167,,94599,1,,,0,131,,94600,1,,,0,172,,94601,1,,,0,131,,94602,1,,,0,170,,94603,1,,,0,131,,94604,1,,,0,165,,94605,1,,,0,130,,94606,1,,,0
2401,'5461',750,,94607,1,,,0,170,,94608,1,,,0,129,,94609,1,,,0,167,,94610,1,,,0,131,,94611,1,,,0,172,,94612,1,,,0,131,,94613,1,,,0,170,,94614,1,,,0,131,,94615,1,,,0,165,,94616,1,,,0,130,,94617,1,,,0
2401,'5462',750,,94618,1,,,0,170,,94619,1,,,0,129,,94620,1,,,0,167,,94621,1,,,0,131,,94622,1,,,0,172,,94623,1,,,0,131,,94624,1,,,0,170,,94625,1,,,0,131,,94626,1,,,0,165,,94627,1,,,0,130,,94628,1,,,0
2401,'5463',750,,94629,1,,,0,170,,94630,1,,,0,129,,94631,1,,,0,167,,94632,1,,,0,131,,94633,1,,,0,172,,94634,1,,,0,131,,94635,1,,,0,170,,94636,1,,,0,131,,94637,1,,,0,165,,94638,1,,,0,130,,94639,1,,,0
