600,'5456',546,,89336,6,,,0,70,,89337,6,,,0,30,,89338,6,,,0,65,,89339,6,,,0,24,,89340,6,,,0,24,,89356,6,,,0,58,,89358,6,,,0,20,,89347,6,,,0,19,,89341,6,,,0,61,,89342,6,,,0,24,,89343,6,,,0,64,,89344,6,,,0,22,,89351,6,,,0,25,,89345,6,,,0,63,,89346,6,,,0,24,,89348,6,,,0,64,,89349,6,,,0,24,,89350,6,,,0,24,,89352,6,,,0,65,,89353,6,,,0,26,,89354,6,,,0,63,,89355,6,,,0,21,,89357,6,,,0,20,,89359,6,,,0,60,,89360,6,,,0,17,,89366,6,,,0,14,,89361,6,,,0,17,,89362,6,,,0,54,,89369,6,,,0,16,,89363,6,,,0,15,,89364,6,,,0,14,,89365,6,,,0,54,,89367,6,,,0,16,,89368,6,,,0,14,,89370,6,,,0,15,,89371,6,,,0,57,,89372,6,,,0,17,,89373,6,,,0,23,,89374,6,,,0,64,,89376,6,,,0,29,,89375,6,,,0,73,,89378,6,,,0,18,,89377,6,,,0,76,,89379,6,,,0,18,,89380,6,,,0,78,,89382,6,,,0,19,,89381,6,,,0,100,,89383,6,,,0,99,,89384,6,,,0
600,'5458',546,,89386,6,,,0,70,,89387,6,,,0,30,,89388,6,,,0,65,,89389,6,,,0,24,,89390,6,,,0,24,,89406,6,,,0,58,,89408,6,,,0,20,,89397,6,,,0,19,,89391,6,,,0,61,,89392,6,,,0,24,,89393,6,,,0,64,,89394,6,,,0,22,,89401,6,,,0,25,,89395,6,,,0,63,,89396,6,,,0,24,,89398,6,,,0,64,,89399,6,,,0,24,,89400,6,,,0,24,,89402,6,,,0,65,,89403,6,,,0,26,,89404,6,,,0,63,,89405,6,,,0,21,,89407,6,,,0,20,,89409,6,,,0,60,,89410,6,,,0,17,,89416,6,,,0,14,,89411,6,,,0,17,,89412,6,,,0,54,,89419,6,,,0,16,,89413,6,,,0,15,,89414,6,,,0,14,,89415,6,,,0,54,,89417,6,,,0,16,,89418,6,,,0,14,,89420,6,,,0,15,,89421,6,,,0,57,,89422,6,,,0,17,,89423,6,,,0,23,,89424,6,,,0,64,,89426,6,,,0,29,,89425,6,,,0,73,,89428,6,,,0,18,,89427,6,,,0,76,,89429,6,,,0,18,,89430,6,,,0,78,,89432,6,,,0,19,,89431,6,,,0,100,,89433,6,,,0,99,,89434,6,,,0,30,,89438,6,,,0,70,,89436,6,,,0,30,,89439,6,,,0,70,,89435,6,,,0,30,,89437,6,,,0
600,'5459',551,,89441,6,,,0,70,,89442,6,,,0,83,,89443,6,,,0,20,,89444,6,,,0,76,,89445,6,,,0,20,,89446,6,,,0,18,,89447,6,,,0,70,,89448,6,,,0,15,,89440,6,,,0,15,,89449,6,,,0,66,,89450,6,,,0,13,,89451,6,,,0,12,,89452,6,,,0,12,,89453,6,,,0,64,,89454,6,,,0,12,,89455,6,,,0,12,,89456,6,,,0,25,,89457,6,,,0,52,,89458,6,,,0,12,,89459,6,,,0,24,,89460,6,,,0,12,,89461,6,,,0,52,,89462,6,,,0,24,,89463,6,,,0,12,,89464,6,,,0,12,,89465,6,,,0,60,,89466,6,,,0,10,,89467,6,,,0,10,,89468,6,,,0,21,,89469,6,,,0,51,,89478,6,,,0,10,,89470,6,,,0,21,,89471,6,,,0,11,,89479,6,,,0,10,,89472,6,,,0,60,,89473,6,,,0,11,,89480,6,,,0,10,,89474,6,,,0,20,,89475,6,,,0,51,,89476,6,,,0,12,,89481,6,,,0,12,,89477,6,,,0,24,,89482,6,,,0,52,,89483,6,,,0,12,,89484,6,,,0,12,,89485,6,,,0,25,,89487,6,,,0,55,,89488,6,,,0,14,,89489,6,,,0,30,,89490,6,,,0,55,,89491,6,,,0,17,,89486,6,,,0,76,,89492,6,,,0,18,,89493,6,,,0,35,,89494,6,,,0,61,,89495,6,,,0,20,,89496,6,,,0,90,,89497,6,,,0,94,,89498,6,,,0,30,,89499,6,,,0,70,,89500,6,,,0,30,,89501,6,,,0,69,,89502,6,,,0,29,,89503,6,,,0
600,'5460',627,,89530,6,,,0,78,,89543,6,,,0,95,,89513,6,,,0,25,,89541,6,,,0,80,,89515,6,,,0,20,,89505,6,,,0,78,,89525,6,,,0,15,,89552,6,,,0,16,,89514,6,,,0,72,,89545,6,,,0,15,,89529,6,,,0,15,,89504,6,,,0,70,,89506,6,,,0,12,,89508,6,,,0,12,,89548,6,,,0,12,,89532,6,,,0,64,,89507,6,,,0,12,,89518,6,,,0,12,,89509,6,,,0,12,,89512,6,,,0,64,,89531,6,,,0,12,,89510,6,,,0,12,,89511,6,,,0,12,,89519,6,,,0,64,,89522,6,,,0,12,,89549,6,,,0,12,,89533,6,,,0,12,,89523,6,,,0,64,,89521,6,,,0,12,,89520,6,,,0,12,,89517,6,,,0,12,,89547,6,,,0,64,,89516,6,,,0,12,,89527,6,,,0,12,,89526,6,,,0,12,,89553,6,,,0,65,,89538,6,,,0,15,,89524,6,,,0,15,,89528,6,,,0,72,,89534,6,,,0,17,,89540,6,,,0,18,,89535,6,,,0,75,,89536,6,,,0,17,,89539,6,,,0,74,,89544,6,,,0,17,,89546,6,,,0,18,,89537,6,,,0,88,,89542,6,,,0,96,,89551,6,,,0,89,,89550,6,,,0
600,'5461',627,,89580,6,,,0,78,,89593,6,,,0,95,,89563,6,,,0,25,,89591,6,,,0,80,,89565,6,,,0,20,,89555,6,,,0,78,,89575,6,,,0,15,,89602,6,,,0,16,,89564,6,,,0,72,,89595,6,,,0,15,,89579,6,,,0,15,,89554,6,,,0,70,,89556,6,,,0,12,,89558,6,,,0,12,,89598,6,,,0,12,,89582,6,,,0,64,,89557,6,,,0,12,,89568,6,,,0,12,,89559,6,,,0,12,,89562,6,,,0,64,,89581,6,,,0,12,,89560,6,,,0,12,,89561,6,,,0,12,,89569,6,,,0,64,,89572,6,,,0,12,,89599,6,,,0,12,,89583,6,,,0,12,,89573,6,,,0,64,,89571,6,,,0,12,,89570,6,,,0,12,,89567,6,,,0,12,,89597,6,,,0,64,,89566,6,,,0,12,,89577,6,,,0,12,,89576,6,,,0,12,,89603,6,,,0,65,,89588,6,,,0,15,,89574,6,,,0,15,,89578,6,,,0,72,,89584,6,,,0,17,,89590,6,,,0,18,,89585,6,,,0,75,,89586,6,,,0,17,,89589,6,,,0,74,,89594,6,,,0,17,,89596,6,,,0,18,,89587,6,,,0,88,,89592,6,,,0,96,,89601,6,,,0,89,,89600,6,,,0
600,'5462',627,,89630,6,,,0,78,,89643,6,,,0,95,,89613,6,,,0,25,,89641,6,,,0,80,,89615,6,,,0,20,,89605,6,,,0,78,,89625,6,,,0,15,,89652,6,,,0,16,,89614,6,,,0,72,,89645,6,,,0,15,,89629,6,,,0,15,,89604,6,,,0,70,,89606,6,,,0,12,,89608,6,,,0,12,,89648,6,,,0,12,,89632,6,,,0,64,,89607,6,,,0,12,,89618,6,,,0,12,,89609,6,,,0,12,,89612,6,,,0,64,,89631,6,,,0,12,,89610,6,,,0,12,,89611,6,,,0,12,,89619,6,,,0,64,,89622,6,,,0,12,,89649,6,,,0,12,,89633,6,,,0,12,,89623,6,,,0,64,,89621,6,,,0,12,,89620,6,,,0,12,,89617,6,,,0,12,,89647,6,,,0,64,,89616,6,,,0,12,,89627,6,,,0,12,,89626,6,,,0,12,,89653,6,,,0,65,,89638,6,,,0,15,,89624,6,,,0,15,,89628,6,,,0,72,,89634,6,,,0,17,,89640,6,,,0,18,,89635,6,,,0,75,,89636,6,,,0,17,,89639,6,,,0,74,,89644,6,,,0,17,,89646,6,,,0,18,,89637,6,,,0,88,,89642,6,,,0,96,,89651,6,,,0,89,,89650,6,,,0
600,'5463',627,,89680,6,,,0,78,,89693,6,,,0,95,,89663,6,,,0,25,,89691,6,,,0,80,,89665,6,,,0,20,,89655,6,,,0,78,,89675,6,,,0,15,,89702,6,,,0,16,,89664,6,,,0,72,,89695,6,,,0,15,,89679,6,,,0,15,,89654,6,,,0,70,,89656,6,,,0,12,,89658,6,,,0,12,,89698,6,,,0,12,,89682,6,,,0,64,,89657,6,,,0,12,,89668,6,,,0,12,,89659,6,,,0,12,,89662,6,,,0,64,,89681,6,,,0,12,,89660,6,,,0,12,,89661,6,,,0,12,,89669,6,,,0,64,,89672,6,,,0,12,,89699,6,,,0,12,,89683,6,,,0,12,,89673,6,,,0,64,,89671,6,,,0,12,,89670,6,,,0,12,,89667,6,,,0,12,,89697,6,,,0,64,,89666,6,,,0,12,,89677,6,,,0,12,,89676,6,,,0,12,,89703,6,,,0,65,,89688,6,,,0,15,,89674,6,,,0,15,,89678,6,,,0,72,,89684,6,,,0,17,,89690,6,,,0,18,,89685,6,,,0,75,,89686,6,,,0,17,,89689,6,,,0,74,,89694,6,,,0,17,,89696,6,,,0,18,,89687,6,,,0,88,,89692,6,,,0,96,,89701,6,,,0,89,,89700,6,,,0
1000600,'5456',601,,103443,6,,,0,57,,103445,6,,,0,89,,103444,6,,,0,80,,103446,6,,,0,79,,103451,6,,,0,47,,103447,6,,,0,86,,103448,6,,,0,88,,103449,6,,,0,88,,103450,6,,,0,89,,103452,6,,,0,50,,103453,6,,,0,82,,103454,6,,,0,80,,103455,6,,,0,29,,103456,6,,,0,71,,103457,6,,,0,30,,103458,6,,,0,69,,103459,6,,,0,29,,103460,6,,,0,72,,103461,6,,,0,85,,103462,6,,,0,56,,103463,6,,,0,94,,103464,6,,,0,94,,103465,6,,,0,109,,103466,6,,,0,99,,103467,6,,,0
1000600,'5458',601,,103468,6,,,0,57,,103470,6,,,0,89,,103469,6,,,0,80,,103471,6,,,0,79,,103476,6,,,0,47,,103472,6,,,0,86,,103473,6,,,0,88,,103474,6,,,0,88,,103475,6,,,0,89,,103477,6,,,0,50,,103478,6,,,0,82,,103479,6,,,0,80,,103480,6,,,0,29,,103481,6,,,0,71,,103482,6,,,0,30,,103483,6,,,0,69,,103484,6,,,0,29,,103485,6,,,0,72,,103486,6,,,0,85,,103487,6,,,0,56,,103488,6,,,0,94,,103489,6,,,0,94,,103490,6,,,0,109,,103491,6,,,0,99,,103492,6,,,0
1000600,'5459',644,,103493,6,,,0,98,,103494,6,,,0,111,,103495,6,,,0,98,,103496,6,,,0,102,,103497,6,,,0,89,,103498,6,,,0,88,,103499,6,,,0,88,,103500,6,,,0,86,,103501,6,,,0,40,,103502,6,,,0,83,,103503,6,,,0,81,,103504,6,,,0,41,,103506,6,,,0,97,,103505,6,,,0,100,,103507,6,,,0,97,,103508,6,,,0,105,,103509,6,,,0,93,,103510,6,,,0,164,,103511,6,,,0,95,,103512,6,,,0
1000600,'5460',735,,103521,6,,,0,110,,103522,6,,,0,100,,103527,6,,,0,105,,103513,6,,,0,101,,103516,6,,,0,103,,103514,6,,,0,100,,103528,6,,,0,100,,103515,6,,,0,100,,103517,6,,,0,100,,103518,6,,,0,100,,103520,6,,,0,98,,103519,6,,,0,150,,103523,6,,,0,51,,103524,6,,,0,152,,103526,6,,,0,54,,103525,6,,,0
1000600,'5461',735,,103537,6,,,0,110,,103538,6,,,0,100,,103543,6,,,0,105,,103529,6,,,0,101,,103532,6,,,0,103,,103530,6,,,0,100,,103544,6,,,0,100,,103531,6,,,0,100,,103533,6,,,0,100,,103534,6,,,0,100,,103536,6,,,0,98,,103535,6,,,0,150,,103539,6,,,0,51,,103540,6,,,0,152,,103542,6,,,0,54,,103541,6,,,0
1000600,'5462',735,,103553,6,,,0,110,,103554,6,,,0,100,,103559,6,,,0,105,,103545,6,,,0,101,,103548,6,,,0,103,,103546,6,,,0,100,,103560,6,,,0,100,,103547,6,,,0,100,,103549,6,,,0,100,,103550,6,,,0,100,,103552,6,,,0,98,,103551,6,,,0,150,,103555,6,,,0,51,,103556,6,,,0,152,,103558,6,,,0,54,,103557,6,,,0
1000600,'5463',735,,103569,6,,,0,110,,103570,6,,,0,100,,103575,6,,,0,105,,103561,6,,,0,101,,103564,6,,,0,103,,103562,6,,,0,100,,103576,6,,,0,100,,103563,6,,,0,100,,103565,6,,,0,100,,103566,6,,,0,100,,103568,6,,,0,98,,103567,6,,,0,150,,103571,6,,,0,51,,103572,6,,,0,152,,103574,6,,,0,54,,103573,6,,,0
2000600,'5456',631,,103857,6,,,0,92,,103860,6,,,0,84,,103858,6,,,0,39,,103861,6,,,0,83,,103859,6,,,0,87,,103862,6,,,0,88,,103863,6,,,0,47,,103865,6,,,0,88,,103864,6,,,0,90,,103866,6,,,0,87,,103867,6,,,0,40,,103869,6,,,0,74,,103868,6,,,0,72,,103870,6,,,0,30,,103871,6,,,0,68,,103872,6,,,0,30,,103873,6,,,0,71,,103874,6,,,0,37,,103875,6,,,0,89,,103876,6,,,0
2000600,'5458',631,,103877,6,,,0,92,,103880,6,,,0,84,,103878,6,,,0,39,,103881,6,,,0,83,,103879,6,,,0,87,,103882,6,,,0,88,,103883,6,,,0,47,,103885,6,,,0,88,,103884,6,,,0,90,,103886,6,,,0,87,,103887,6,,,0,40,,103889,6,,,0,74,,103888,6,,,0,72,,103890,6,,,0,30,,103891,6,,,0,68,,103892,6,,,0,30,,103893,6,,,0,71,,103894,6,,,0,37,,103895,6,,,0,89,,103896,6,,,0
