7200,'5456',631,,101083,30,,,0,77,,101089,30,,,0,28,,101079,30,,,0,70,,101080,30,,,0,31,,101087,30,,,0,71,,101081,30,,,0,29,,101082,30,,,0,70,,101091,30,,,0,31,,101084,30,,,0,69,,101085,30,,,0,31,,101086,30,,,0,68,,101095,30,,,0,30,,101099,30,,,0,69,,101088,30,,,0,30,,101101,30,,,0,70,,101106,30,,,0,30,,101090,30,,,0,69,,101093,30,,,0,31,,101096,30,,,0,70,,101109,30,,,0,29,,101092,30,,,0,70,,101102,30,,,0,31,,101104,30,,,0,73,,101094,30,,,0,28,,101097,30,,,0,71,,101107,30,,,0,30,,101110,30,,,0,70,,101098,30,,,0,33,,101105,30,,,0,70,,101100,30,,,0,99,,101108,30,,,0,100,,101103,30,,,0,117,,101111,30,0,10 11 12,0
7200,'5458',631,,101116,30,,,0,77,,101122,30,,,0,28,,101112,30,,,0,70,,101113,30,,,0,31,,101120,30,,,0,71,,101114,30,,,0,29,,101115,30,,,0,70,,101124,30,,,0,31,,101117,30,,,0,69,,101118,30,,,0,31,,101119,30,,,0,68,,101128,30,,,0,30,,101132,30,,,0,69,,101121,30,,,0,30,,101134,30,,,0,70,,101139,30,,,0,30,,101123,30,,,0,69,,101126,30,,,0,31,,101129,30,,,0,70,,101142,30,,,0,29,,101125,30,,,0,70,,101135,30,,,0,31,,101137,30,,,0,73,,101127,30,,,0,28,,101130,30,,,0,71,,101140,30,,,0,30,,101143,30,,,0,70,,101131,30,,,0,33,,101138,30,,,0,70,,101133,30,,,0,99,,101141,30,,,0,100,,101136,30,,,0,117,,101144,30,0,10 11 12,0
7200,'5459',742,,101145,30,,,0,69,,101146,30,,,0,29,,101147,30,,,0,70,,101148,30,,,0,30,,101149,30,,,0,70,,101150,30,,,0,30,,101151,30,,,0,68,,101152,30,,,0,30,,101153,30,,,0,70,,101154,30,,,0,30,,101155,30,,,0,70,,101156,30,,,0,29,,101157,30,,,0,70,,101158,30,,,0,30,,101159,30,,,0,70,,101160,30,,,0,30,,101161,30,,,0,70,,101162,30,,,0,30,,101163,30,,,0,70,,101164,30,,,0,30,,101165,30,,,0,70,,101166,30,,,0,30,,101167,30,,,0,70,,101168,30,,,0,31,,101169,30,,,0,71,,101170,30,,,0,30,,101171,30,,,0,70,,101172,30,,,0,99,,101173,30,,,0,101,,101174,30,,,0,119,,101175,30,0,10 11 12,0
7200,'5460',810,,101176,30,,,0,100,,101179,30,,,0,99,,101177,30,,,0,99,,101178,30,,,0,30,,101180,30,,,0,70,,101181,30,,,0,30,,101182,30,,,0,69,,101183,30,,,0,30,,101184,30,,,0,70,,101185,30,,,0,30,,101186,30,,,0,70,,101187,30,,,0,30,,101188,30,,,0,70,,101189,30,,,0,30,,101190,30,,,0,70,,101191,30,,,0,31,,101192,30,,,0,70,,101193,30,,,0,31,,101194,30,,,0,70,,101195,30,,,0,30,,101196,30,,,0,71,,101197,30,,,0,99,,101198,30,,,0,100,,101199,30,,,0,103,,101200,30,,,0,35,,101201,30,0,10 11 12,0
7200,'5461',810,,101202,30,,,0,100,,101205,30,,,0,99,,101203,30,,,0,99,,101204,30,,,0,30,,101206,30,,,0,70,,101207,30,,,0,30,,101208,30,,,0,69,,101209,30,,,0,30,,101210,30,,,0,70,,101211,30,,,0,30,,101212,30,,,0,70,,101213,30,,,0,30,,101214,30,,,0,70,,101215,30,,,0,30,,101216,30,,,0,70,,101217,30,,,0,31,,101218,30,,,0,70,,101219,30,,,0,31,,101220,30,,,0,70,,101221,30,,,0,30,,101222,30,,,0,71,,101223,30,,,0,99,,101224,30,,,0,100,,101225,30,,,0,103,,101226,30,,,0,35,,101227,30,0,10 11 12,0
7200,'5462',810,,101228,30,,,0,100,,101231,30,,,0,99,,101229,30,,,0,99,,101230,30,,,0,30,,101232,30,,,0,70,,101233,30,,,0,30,,101234,30,,,0,69,,101235,30,,,0,30,,101236,30,,,0,70,,101237,30,,,0,30,,101238,30,,,0,70,,101239,30,,,0,30,,101240,30,,,0,70,,101241,30,,,0,30,,101242,30,,,0,70,,101243,30,,,0,31,,101244,30,,,0,70,,101245,30,,,0,31,,101246,30,,,0,70,,101247,30,,,0,30,,101248,30,,,0,71,,101249,30,,,0,99,,101250,30,,,0,100,,101251,30,,,0,103,,101252,30,,,0,35,,101253,30,0,10 11 12,0
7200,'5463',810,,101254,30,,,0,100,,101257,30,,,0,99,,101255,30,,,0,99,,101256,30,,,0,30,,101258,30,,,0,70,,101259,30,,,0,30,,101260,30,,,0,69,,101261,30,,,0,30,,101262,30,,,0,70,,101263,30,,,0,30,,101264,30,,,0,70,,101265,30,,,0,30,,101266,30,,,0,70,,101267,30,,,0,30,,101268,30,,,0,70,,101269,30,,,0,31,,101270,30,,,0,70,,101271,30,,,0,31,,101272,30,,,0,70,,101273,30,,,0,30,,101274,30,,,0,71,,101275,30,,,0,99,,101276,30,,,0,100,,101277,30,,,0,103,,101278,30,,,0,35,,101279,30,0,10 11 12,0
1007200,'5456',554,,103768,30,,,0
1007200,'5458',554,,103769,30,,,0
1007200,'5459',604,,103770,30,,,0,98,,103771,30,,,0
1007200,'5460',702,,103772,30,,,0
1007200,'5461',702,,103773,30,,,0
1007200,'5462',702,,103774,30,,,0
1007200,'5463',702,,103775,30,,,0
