5401,'5456',557,,99342,43,,,0,170,,99346,43,,,0,174,,99345,43,,,0,214,,99344,43,,,0,198,,99343,43,,,0,133,,99347,43,,,0,104,,99351,43,,,0,185,,99349,43,,,0,190,,99348,43,,,0,199,,99350,43,,,0
5401,'5458',557,,99352,43,,,0,170,,99356,43,,,0,174,,99355,43,,,0,214,,99354,43,,,0,198,,99353,43,,,0,133,,99357,43,,,0,104,,99361,43,,,0,185,,99359,43,,,0,190,,99358,43,,,0,199,,99360,43,,,0
5401,'5459',753,,99368,43,,,0,201,,99365,43,,,0,251,,99366,43,,,0,205,,99367,43,,,0,211,,99364,43,,,0,209,,99363,43,,,0,224,,99362,43,,,0
5401,'5460',752,,99371,43,,,0,201,,99372,43,,,0,252,,99369,43,,,0,205,,99370,43,,,0,210,,99373,43,,,0,210,,99375,43,,,0,224,,99374,43,,,0
5401,'5461',752,,99378,43,,,0,201,,99379,43,,,0,252,,99376,43,,,0,205,,99377,43,,,0,210,,99380,43,,,0,210,,99382,43,,,0,224,,99381,43,,,0
5401,'5462',752,,99385,43,,,0,201,,99386,43,,,0,252,,99383,43,,,0,205,,99384,43,,,0,210,,99387,43,,,0,210,,99389,43,,,0,224,,99388,43,,,0
5401,'5463',752,,99392,43,,,0,201,,99393,43,,,0,252,,99390,43,,,0,205,,99391,43,,,0,210,,99394,43,,,0,210,,99396,43,,,0,224,,99395,43,,,0
5501,'5456',656,,99454,39,,,0,170,,99453,39,,,0,204,,99452,39,,,0,176,,99455,39,,,0,200,,99458,39,,,0,105,,99457,39,,,0,196,,99459,39,,,0,193,,99460,39,,,0,152,,99456,39,,,0
5501,'5458',656,,99463,39,,,0,170,,99462,39,,,0,204,,99461,39,,,0,176,,99464,39,,,0,200,,99467,39,,,0,105,,99466,39,,,0,196,,99468,39,,,0,193,,99469,39,,,0,152,,99465,39,,,0
5501,'5459',858,,99475,39,,,0,251,,99472,39,,,0,207,,99473,39,,,0,206,,99474,39,,,0,209,,99470,39,,,0,203,,99471,39,,,0
5501,'5460',856,,99476,39,,,0,252,,99478,39,,,0,207,,99479,39,,,0,205,,99477,39,,,0,210,,99481,39,,,0,203,,99480,39,,,0
5501,'5461',856,,99482,39,,,0,252,,99484,39,,,0,207,,99485,39,,,0,205,,99483,39,,,0,210,,99487,39,,,0,203,,99486,39,,,0
5501,'5462',856,,99488,39,,,0,252,,99490,39,,,0,207,,99491,39,,,0,205,,99489,39,,,0,210,,99493,39,,,0,203,,99492,39,,,0
5501,'5463',856,,99494,39,,,0,252,,99496,39,,,0,207,,99497,39,,,0,205,,99495,39,,,0,210,,99499,39,,,0,203,,99498,39,,,0
