4700,'5456',612,,98600,2,,,0,21,,98598,2,,,0,23,,98599,2,,,0
4700,'5458',612,,98603,2,,,0,21,,98601,2,,,0,23,,98602,2,,,0
5801,'5456',617,,99866,7,,,0,30,,99865,7,,,0,78,,99860,7,,,0,78,,99858,7,,,0,22,,99867,7,,,0,76,,99857,7,,,0,43,,99859,7,,,0,87,,99861,7,,,0,85,,99862,7,,,0,85,,99863,7,,,0,45,,99864,7,,,0,86,,99868,7,,,0,86,,99869,7,,,0,19,,99879,7,,,0,65,,99870,7,,,0,16,,99880,7,,,0,26,,99871,7,,,0,92,,99872,7,,,0,88,,99873,7,,,0,85,,99874,7,,,0,46,,99881,7,,,0,186,,99875,7,,,0,110,,99876,7,,,0,149,,99877,7,,,0
5801,'5458',617,,99891,7,,,0,30,,99890,7,,,0,78,,99885,7,,,0,78,,99883,7,,,0,22,,99892,7,,,0,76,,99882,7,,,0,43,,99884,7,,,0,87,,99886,7,,,0,85,,99887,7,,,0,85,,99888,7,,,0,45,,99889,7,,,0,86,,99893,7,,,0,86,,99894,7,,,0,19,,99904,7,,,0,65,,99895,7,,,0,16,,99905,7,,,0,26,,99896,7,,,0,92,,99897,7,,,0,88,,99898,7,,,0,85,,99899,7,,,0,46,,99906,7,,,0,186,,99900,7,,,0,110,,99901,7,,,0,149,,99902,7,,,0
5801,'5459',650,,99919,7,,,0,100,,99920,7,,,0,100,,99921,7,,,0,106,,99922,7,,,0,145,,99918,7,,,0,105,,99917,7,,,0,100,,99916,7,,,0,110,,99915,7,,,0,100,,99913,7,,,0,110,,99914,7,,,0,100,,99908,7,,,0,105,,99909,7,,,0,100,,99910,7,,,0,105,,99911,7,,,0,114,,99912,7,,,0,150,,99907,7,,,0
5801,'5460',750,,99923,7,,,0,100,,99929,7,,,0,105,,99927,7,,,0,146,,99930,7,,,0,105,,99925,7,,,0,100,,99928,7,,,0,110,,99924,7,,,0,100,,99931,7,,,0,110,,99926,7,,,0,100,,99934,7,,,0,104,,99933,7,,,0,100,,99935,7,,,0,105,,99936,7,,,0,200,,99932,7,,,0
5801,'5461',750,,99937,7,,,0,100,,99943,7,,,0,105,,99941,7,,,0,146,,99944,7,,,0,105,,99939,7,,,0,100,,99942,7,,,0,110,,99938,7,,,0,100,,99945,7,,,0,110,,99940,7,,,0,100,,99948,7,,,0,104,,99947,7,,,0,100,,99949,7,,,0,105,,99950,7,,,0,200,,99946,7,,,0
5801,'5462',750,,99951,7,,,0,100,,99957,7,,,0,105,,99955,7,,,0,146,,99958,7,,,0,105,,99953,7,,,0,100,,99956,7,,,0,110,,99952,7,,,0,100,,99959,7,,,0,110,,99954,7,,,0,100,,99962,7,,,0,104,,99961,7,,,0,100,,99963,7,,,0,105,,99964,7,,,0,200,,99960,7,,,0
5801,'5463',750,,99965,7,,,0,100,,99971,7,,,0,105,,99969,7,,,0,146,,99972,7,,,0,105,,99967,7,,,0,100,,99970,7,,,0,110,,99966,7,,,0,100,,99973,7,,,0,110,,99968,7,,,0,100,,99976,7,,,0,104,,99975,7,,,0,100,,99977,7,,,0,105,,99978,7,,,0,200,,99974,7,,,0
6501,'5456',1645,,100808,27,,,0,68,,100810,27,,,0,32,,100807,27,,,0,65,,100809,27,,,0
6501,'5458',1645,,100812,27,,,0,68,,100814,27,,,0,32,,100811,27,,,0,65,,100813,27,,,0
