7200,'5456',635,,101083,35,,,0,77,,101089,35,,,0,28,,101079,35,,,0,70,,101080,35,,,0,31,,101087,35,,,0,71,,101081,35,,,0,29,,101082,35,,,0,70,,101091,35,,,0,31,,101084,35,,,0,69,,101085,35,,,0,31,,101086,35,,,0,68,,101095,35,,,0,30,,101099,35,,,0,69,,101088,35,,,0,30,,101101,35,,,0,70,,101106,35,,,0,30,,101090,35,,,0,69,,101093,35,,,0,31,,101096,35,,,0,70,,101109,35,,,0,29,,101092,35,,,0,71,,101102,35,,,0,30,,101104,35,,,0,73,,101094,35,,,0,28,,101097,35,,,0,71,,101107,35,,,0,30,,101110,35,,,0,70,,101098,35,,,0,33,,101105,35,,,0,70,,101100,35,,,0,99,,101108,35,,,0,100,,101103,35,,,0,117,,101111,35,0,10 11 12,0
7200,'5458',635,,101116,35,,,0,77,,101122,35,,,0,28,,101112,35,,,0,70,,101113,35,,,0,31,,101120,35,,,0,71,,101114,35,,,0,29,,101115,35,,,0,70,,101124,35,,,0,31,,101117,35,,,0,69,,101118,35,,,0,31,,101119,35,,,0,68,,101128,35,,,0,30,,101132,35,,,0,69,,101121,35,,,0,30,,101134,35,,,0,70,,101139,35,,,0,30,,101123,35,,,0,69,,101126,35,,,0,31,,101129,35,,,0,70,,101142,35,,,0,29,,101125,35,,,0,71,,101135,35,,,0,30,,101137,35,,,0,73,,101127,35,,,0,28,,101130,35,,,0,71,,101140,35,,,0,30,,101143,35,,,0,70,,101131,35,,,0,33,,101138,35,,,0,70,,101133,35,,,0,99,,101141,35,,,0,100,,101136,35,,,0,117,,101144,35,0,10 11 12,0
7200,'5459',746,,101145,35,,,0,69,,101146,35,,,0,29,,101147,35,,,0,70,,101148,35,,,0,30,,101149,35,,,0,70,,101150,35,,,0,30,,101151,35,,,0,68,,101152,35,,,0,30,,101153,35,,,0,70,,101154,35,,,0,30,,101155,35,,,0,70,,101156,35,,,0,29,,101157,35,,,0,70,,101158,35,,,0,30,,101159,35,,,0,70,,101160,35,,,0,30,,101161,35,,,0,70,,101162,35,,,0,30,,101163,35,,,0,70,,101164,35,,,0,30,,101165,35,,,0,70,,101166,35,,,0,30,,101167,35,,,0,70,,101168,35,,,0,31,,101169,35,,,0,71,,101170,35,,,0,30,,101171,35,,,0,70,,101172,35,,,0,99,,101173,35,,,0,101,,101174,35,,,0,119,,101175,35,0,10 11 12,0
7200,'5460',814,,101176,35,,,0,100,,101179,35,,,0,99,,101177,35,,,0,99,,101178,35,,,0,30,,101180,35,,,0,70,,101181,35,,,0,30,,101182,35,,,0,69,,101183,35,,,0,30,,101184,35,,,0,70,,101185,35,,,0,30,,101186,35,,,0,70,,101187,35,,,0,30,,101188,35,,,0,70,,101189,35,,,0,30,,101190,35,,,0,70,,101191,35,,,0,31,,101192,35,,,0,70,,101193,35,,,0,31,,101194,35,,,0,70,,101195,35,,,0,30,,101196,35,,,0,71,,101197,35,,,0,99,,101198,35,,,0,100,,101199,35,,,0,103,,101200,35,,,0,35,,101201,35,0,10 11 12,0
7200,'5461',814,,101202,35,,,0,100,,101205,35,,,0,99,,101203,35,,,0,99,,101204,35,,,0,30,,101206,35,,,0,70,,101207,35,,,0,30,,101208,35,,,0,69,,101209,35,,,0,30,,101210,35,,,0,70,,101211,35,,,0,30,,101212,35,,,0,70,,101213,35,,,0,30,,101214,35,,,0,70,,101215,35,,,0,30,,101216,35,,,0,70,,101217,35,,,0,31,,101218,35,,,0,70,,101219,35,,,0,31,,101220,35,,,0,70,,101221,35,,,0,30,,101222,35,,,0,71,,101223,35,,,0,99,,101224,35,,,0,100,,101225,35,,,0,103,,101226,35,,,0,35,,101227,35,0,10 11 12,0
7200,'5462',814,,101228,35,,,0,100,,101231,35,,,0,99,,101229,35,,,0,99,,101230,35,,,0,30,,101232,35,,,0,70,,101233,35,,,0,30,,101234,35,,,0,69,,101235,35,,,0,30,,101236,35,,,0,70,,101237,35,,,0,30,,101238,35,,,0,70,,101239,35,,,0,30,,101240,35,,,0,70,,101241,35,,,0,30,,101242,35,,,0,70,,101243,35,,,0,31,,101244,35,,,0,70,,101245,35,,,0,31,,101246,35,,,0,70,,101247,35,,,0,30,,101248,35,,,0,71,,101249,35,,,0,99,,101250,35,,,0,100,,101251,35,,,0,103,,101252,35,,,0,35,,101253,35,0,10 11 12,0
7200,'5463',814,,101254,35,,,0,100,,101257,35,,,0,99,,101255,35,,,0,99,,101256,35,,,0,30,,101258,35,,,0,70,,101259,35,,,0,30,,101260,35,,,0,69,,101261,35,,,0,30,,101262,35,,,0,70,,101263,35,,,0,30,,101264,35,,,0,70,,101265,35,,,0,30,,101266,35,,,0,70,,101267,35,,,0,30,,101268,35,,,0,70,,101269,35,,,0,31,,101270,35,,,0,70,,101271,35,,,0,31,,101272,35,,,0,70,,101273,35,,,0,30,,101274,35,,,0,71,,101275,35,,,0,99,,101276,35,,,0,100,,101277,35,,,0,103,,101278,35,,,0,35,,101279,35,0,10 11 12,0
8700,'5456',718,,102160,12,,,0,200,,102161,12,,,0,200,,102162,12,,,0,205,,102164,5,,,0,195,,102165,12,,,0,203,,102166,12,,,0
8700,'5458',718,,102167,12,,,0,200,,102168,12,,,0,200,,102169,12,,,0,205,,102171,5,,,0,195,,102172,12,,,0,203,,102173,12,,,0
1007200,'5456',558,,103768,35,,,0
1007200,'5458',558,,103769,35,,,0
1007200,'5459',608,,103770,35,,,0,98,,103771,35,,,0
1007200,'5460',706,,103772,35,,,0
1007200,'5461',706,,103773,35,,,0
1007200,'5462',706,,103774,35,,,0
1007200,'5463',706,,103775,35,,,0
