601,'4832',651,,82337,25,,,0,95,,82322,25,,,0,85,,78502,25,,,0,19,,82321,25,,,0,80,,82336,25,,,0,17,,78507,25,,,0,55,,82342,25,,,0,30,,82313,25,,,0,16,,82338,25,,,0,55,,82330,25,,,0,30,,78492,25,,,0,15,,82315,25,,,0,52,,82314,25,,,0,24,,82332,25,,,0,12,,82316,25,,,0,12,,82317,25,,,0,52,,78501,25,,,0,24,,65453,25,,,0,12,,82340,25,,,0,12,,82331,25,,,0,52,,82320,25,,,0,24,,82326,25,,,0,12,,82319,25,,,0,12,,82318,25,,,0,52,,78522,25,,,0,24,,65464,25,,,0,13,,78497,25,,,0,12,,82325,25,,,0,52,,82324,25,,,0,24,,78523,25,,,0,12,,82328,25,,,0,12,,82323,25,,,0,52,,78496,25,,,0,24,,82343,25,,,0,12,,78506,25,,,0,13,,78520,25,,,0,56,,82327,25,,,0,30,,82329,25,,,0,19,,78505,25,,,0,57,,78514,25,,,0,36,,82333,25,,,0,58,,78510,25,,,0,34,,82334,25,,,0,17,,82335,25,,,0,75,,78518,25,,,0,20,,82339,25,,,0,95,,78515,25,,,0,70,,82341,25,,,0,42,,78525,25,,,0
601,'5453',651,,82376,25,,,0,95,,82353,25,,,0,85,,82359,25,,,0,19,,82352,25,,,0,80,,82375,25,,,0,17,,82364,25,,,0,55,,82383,25,,,0,30,,82344,25,,,0,16,,78657,25,,,0,55,,82366,25,,,0,30,,82351,25,,,0,15,,78620,25,,,0,52,,82345,25,,,0,24,,82368,25,,,0,12,,82347,25,,,0,12,,82348,25,,,0,52,,82358,25,,,0,24,,82346,25,,,0,12,,78662,25,,,0,12,,82367,25,,,0,52,,82350,25,,,0,24,,82357,25,,,0,12,,78625,25,,,0,12,,82349,25,,,0,52,,78660,25,,,0,24,,78632,25,,,0,13,,82356,25,,,0,12,,78635,25,,,0,52,,78634,25,,,0,24,,82380,25,,,0,12,,82361,25,,,0,12,,82354,25,,,0,52,,82355,25,,,0,24,,82384,25,,,0,12,,82363,25,,,0,13,,82378,25,,,0,56,,82360,25,,,0,30,,82365,25,,,0,19,,82362,25,,,0,57,,82373,25,,,0,36,,82370,25,,,0,58,,82369,25,,,0,34,,82371,25,,,0,17,,82372,25,,,0,75,,82377,25,,,0,20,,82379,25,,,0,95,,82374,25,,,0,70,,82382,25,,,0,42,,82381,25,,,0
601,'5456',549,,89704,25,,,0,55,,89705,25,,,0,29,,89706,25,,,0,24,,89707,25,,,0,56,,89718,25,,,0,15,,89708,25,,,0,7,,89725,25,,,0,15,,89709,25,,,0,56,,89712,25,,,0,13,,89719,25,,,0,19,,89710,25,,,0,17,,89711,25,,,0,57,,89713,25,,,0,16,,89732,25,,,0,20,,89714,25,,,0,62,,89723,25,,,0,23,,89715,25,,,0,23,,89716,25,,,0,63,,89717,25,,,0,24,,89720,25,,,0,64,,89721,25,,,0,24,,89722,25,,,0,25,,89724,25,,,0,66,,89726,25,,,0,23,,89727,25,,,0,61,,89728,25,,,0,20,,89729,25,,,0,20,,89730,25,,,0,60,,89731,25,,,0,19,,89733,25,,,0,11,,89755,15,,,0,5,,89734,25,,,0,10,,89735,25,,,0,60,,89736,25,,,0,19,,89737,25,,,0,21,,89738,25,,,0,61,,89739,25,,,0,21,,89740,25,,,0,24,,89741,25,,,0,63,,89742,25,,,0,12,,89743,25,,,0,25,,89744,25,,,0,70,,89745,25,,,0,73,,89746,25,,,0,36,,89748,25,,,0,18,,89747,25,,,0,76,,89750,25,,,0,21,,89749,25,,,0,90,,89751,25,,,0,100,,89752,25,,,0,70,,89754,25,,,0,31,,89753,25,,,0
601,'5458',549,,89756,25,,,0,55,,89757,25,,,0,29,,89758,25,,,0,24,,89759,25,,,0,56,,89770,25,,,0,15,,89760,25,,,0,7,,89777,25,,,0,15,,89761,25,,,0,56,,89764,25,,,0,13,,89771,25,,,0,19,,89762,25,,,0,17,,89763,25,,,0,57,,89765,25,,,0,16,,89784,25,,,0,20,,89766,25,,,0,62,,89775,25,,,0,23,,89767,25,,,0,23,,89768,25,,,0,63,,89769,25,,,0,24,,89772,25,,,0,64,,89773,25,,,0,24,,89774,25,,,0,25,,89776,25,,,0,66,,89778,25,,,0,23,,89779,25,,,0,61,,89780,25,,,0,20,,89781,25,,,0,20,,89782,25,,,0,60,,89783,25,,,0,19,,89785,25,,,0,11,,89811,15,,,0,5,,89786,25,,,0,10,,89787,25,,,0,60,,89788,25,,,0,19,,89789,25,,,0,21,,89790,25,,,0,61,,89791,25,,,0,21,,89792,25,,,0,24,,89793,25,,,0,63,,89794,25,,,0,12,,89795,25,,,0,25,,89796,25,,,0,70,,89797,25,,,0,73,,89798,25,,,0,36,,89800,25,,,0,18,,89799,25,,,0,76,,89802,25,,,0,21,,89801,25,,,0,90,,89803,25,,,0,100,,89804,25,,,0,70,,89806,25,,,0,31,,89805,25,,,0,70,,89808,25,,,0,30,,89810,25,,,0,71,,89807,25,,,0,30,,89809,25,,,0
601,'5459',609,,89814,25,,,0,23,,89815,25,,,0,20,,89812,25,,,0,78,,89816,25,,,0,16,,89817,25,,,0,60,,89818,25,,,0,33,,89819,25,,,0,14,,89820,25,,,0,55,,89821,25,,,0,28,,89822,25,,,0,13,,89823,25,,,0,53,,89813,25,,,0,23,,89824,25,,,0,12,,89825,25,,,0,12,,89826,25,,,0,64,,89828,25,,,0,11,,89829,25,,,0,12,,89827,25,,,0,64,,89830,25,,,0,12,,89831,25,,,0,12,,89832,25,,,0,23,,89839,25,,,0,12,,89833,25,,,0,52,,89834,25,,,0,24,,89835,25,,,0,10,,89836,25,,,0,11,,89837,25,,,0,60,,89840,25,,,0,10,,89841,25,,,0,11,,89842,25,,,0,21,,89838,25,,,0,51,,89843,25,,,0,10,,89848,25,,,0,21,,89844,25,,,0,10,,89845,25,,,0,50,,89846,25,,,0,21,,89847,25,,,0,10,,89849,25,,,0,10,,89850,25,,,0,11,,89851,25,,,0,64,,89852,25,,,0,12,,89853,25,,,0,12,,89854,25,,,0,13,,89855,25,,,0,64,,89856,25,,,0,12,,89857,25,,,0,13,,89858,25,,,0,15,,89859,25,,,0,70,,89860,25,,,0,15,,89861,25,,,0,15,,89862,25,,,0,76,,89863,25,,,0,18,,89864,25,,,0,76,,89865,25,,,0,18,,89866,25,,,0,82,,89867,25,,,0,25,,89868,25,,,0,95,,89869,25,,,0,65,,89870,25,,,0,30,,89871,25,,,0,70,,89872,25,,,0,30,,89873,25,,,0,70,,89874,25,,,0,29,,89875,25,,,0
601,'5460',651,,89913,25,,,0,95,,89887,25,,,0,85,,89896,25,,,0,19,,89886,25,,,0,80,,89912,25,,,0,17,,89901,25,,,0,55,,89923,25,,,0,30,,89876,25,,,0,16,,89915,25,,,0,55,,89903,25,,,0,30,,89885,25,,,0,15,,89878,25,,,0,52,,89877,25,,,0,24,,89905,25,,,0,12,,89880,25,,,0,12,,89881,25,,,0,52,,89895,25,,,0,24,,89879,25,,,0,12,,89920,25,,,0,12,,89904,25,,,0,52,,89884,25,,,0,24,,89894,25,,,0,12,,89883,25,,,0,12,,89882,25,,,0,52,,89918,25,,,0,24,,89890,25,,,0,13,,89891,25,,,0,12,,89893,25,,,0,52,,89892,25,,,0,24,,89919,25,,,0,12,,89898,25,,,0,12,,89888,25,,,0,52,,89889,25,,,0,24,,89924,25,,,0,12,,89900,25,,,0,13,,89916,25,,,0,56,,89897,25,,,0,30,,89902,25,,,0,19,,89899,25,,,0,57,,89910,25,,,0,36,,89907,25,,,0,58,,89906,25,,,0,34,,89908,25,,,0,17,,89909,25,,,0,75,,89914,25,,,0,20,,89917,25,,,0,95,,89911,25,,,0,70,,89922,25,,,0,90,,89921,25,,,0
601,'5461',651,,89962,25,,,0,95,,89936,25,,,0,85,,89945,25,,,0,19,,89935,25,,,0,80,,89961,25,,,0,17,,89950,25,,,0,55,,89972,25,,,0,30,,89925,25,,,0,16,,89964,25,,,0,55,,89952,25,,,0,30,,89934,25,,,0,15,,89927,25,,,0,52,,89926,25,,,0,24,,89954,25,,,0,12,,89929,25,,,0,12,,89930,25,,,0,52,,89944,25,,,0,24,,89928,25,,,0,12,,89969,25,,,0,12,,89953,25,,,0,52,,89933,25,,,0,24,,89943,25,,,0,12,,89932,25,,,0,12,,89931,25,,,0,52,,89967,25,,,0,24,,89939,25,,,0,13,,89940,25,,,0,12,,89942,25,,,0,52,,89941,25,,,0,24,,89968,25,,,0,12,,89947,25,,,0,12,,89937,25,,,0,52,,89938,25,,,0,24,,89973,25,,,0,12,,89949,25,,,0,13,,89965,25,,,0,56,,89946,25,,,0,30,,89951,25,,,0,19,,89948,25,,,0,57,,89959,25,,,0,36,,89956,25,,,0,58,,89955,25,,,0,34,,89957,25,,,0,17,,89958,25,,,0,75,,89963,25,,,0,20,,89966,25,,,0,95,,89960,25,,,0,70,,89971,25,,,0,90,,89970,25,,,0
601,'5462',651,,90011,25,,,0,95,,89985,25,,,0,85,,89994,25,,,0,19,,89984,25,,,0,80,,90010,25,,,0,17,,89999,25,,,0,55,,90021,25,,,0,30,,89974,25,,,0,16,,90013,25,,,0,55,,90001,25,,,0,30,,89983,25,,,0,15,,89976,25,,,0,52,,89975,25,,,0,24,,90003,25,,,0,12,,89978,25,,,0,12,,89979,25,,,0,52,,89993,25,,,0,24,,89977,25,,,0,12,,90018,25,,,0,12,,90002,25,,,0,52,,89982,25,,,0,24,,89992,25,,,0,12,,89981,25,,,0,12,,89980,25,,,0,52,,90016,25,,,0,24,,89988,25,,,0,13,,89989,25,,,0,12,,89991,25,,,0,52,,89990,25,,,0,24,,90017,25,,,0,12,,89996,25,,,0,12,,89986,25,,,0,52,,89987,25,,,0,24,,90022,25,,,0,12,,89998,25,,,0,13,,90014,25,,,0,56,,89995,25,,,0,30,,90000,25,,,0,19,,89997,25,,,0,57,,90008,25,,,0,36,,90005,25,,,0,58,,90004,25,,,0,34,,90006,25,,,0,17,,90007,25,,,0,75,,90012,25,,,0,20,,90015,25,,,0,95,,90009,25,,,0,70,,90020,25,,,0,90,,90019,25,,,0
601,'5463',651,,90060,25,,,0,95,,90034,25,,,0,85,,90043,25,,,0,19,,90033,25,,,0,80,,90059,25,,,0,17,,90048,25,,,0,55,,90070,25,,,0,30,,90023,25,,,0,16,,90062,25,,,0,55,,90050,25,,,0,30,,90032,25,,,0,15,,90025,25,,,0,52,,90024,25,,,0,24,,90052,25,,,0,12,,90027,25,,,0,12,,90028,25,,,0,52,,90042,25,,,0,24,,90026,25,,,0,12,,90067,25,,,0,12,,90051,25,,,0,52,,90031,25,,,0,24,,90041,25,,,0,12,,90030,25,,,0,12,,90029,25,,,0,52,,90065,25,,,0,24,,90037,25,,,0,13,,90038,25,,,0,12,,90040,25,,,0,52,,90039,25,,,0,24,,90066,25,,,0,12,,90045,25,,,0,12,,90035,25,,,0,52,,90036,25,,,0,24,,90071,25,,,0,12,,90047,25,,,0,13,,90063,25,,,0,56,,90044,25,,,0,30,,90049,25,,,0,19,,90046,25,,,0,57,,90057,25,,,0,36,,90054,25,,,0,58,,90053,25,,,0,34,,90055,25,,,0,17,,90056,25,,,0,75,,90061,25,,,0,20,,90064,25,,,0,95,,90058,25,,,0,70,,90069,25,,,0,90,,90068,25,,,0
1000601,'4832',721,,81796,33,,,0,90,,87346,33,,,0,99,,87339,33,,,0,107,,87342,33,,,0,101,,81789,33,,,0,94,,87348,33,,,0,100,,87340,33,,,0,100,,81792,33,,,0,100,,87344,33,,,0,101,,87343,33,,,0,100,,87341,33,,,0,108,,81797,33,,,0,109,,87345,33,,,0,93,,81800,33,,,0,91,,81799,33,,,0,106,,87347,33,,,0
1000601,'5453',721,,87356,33,,,0,90,,87361,33,,,0,99,,87350,33,,,0,107,,87354,33,,,0,101,,87349,33,,,0,94,,81852,33,,,0,100,,87351,33,,,0,100,,87352,33,,,0,100,,81846,33,,,0,101,,87355,33,,,0,100,,87353,33,,,0,108,,87357,33,,,0,109,,87358,33,,,0,93,,87360,33,,,0,91,,87359,33,,,0,106,,87362,33,,,0
1000601,'5456',619,,103577,33,,,0,87,,103581,33,,,0,36,,103587,33,,,0,70,,103578,33,,,0,35,,103584,33,,,0,73,,103579,33,,,0,39,,103580,33,,,0,86,,103582,33,,,0,86,,103585,33,,,0,88,,103583,33,,,0,90,,103586,33,,,0,47,,103589,33,,,0,80,,103591,33,,,0,80,,103588,33,,,0,85,,103590,33,,,0,38,,103592,33,,,0,83,,103593,33,,,0,86,,103594,33,,,0,104,,103595,33,,,0,106,,103596,33,,,0,94,,103597,33,,,0,99,,103598,33,,,0,100,,103599,33,,,0
1000601,'5458',619,,103600,33,,,0,87,,103604,33,,,0,36,,103610,33,,,0,70,,103601,33,,,0,35,,103607,33,,,0,73,,103602,33,,,0,39,,103603,33,,,0,86,,103605,33,,,0,86,,103608,33,,,0,88,,103606,33,,,0,90,,103609,33,,,0,47,,103612,33,,,0,80,,103614,33,,,0,80,,103611,33,,,0,85,,103613,33,,,0,38,,103615,33,,,0,83,,103616,33,,,0,86,,103617,33,,,0,104,,103618,33,,,0,106,,103619,33,,,0,94,,103620,33,,,0,99,,103621,33,,,0,100,,103622,33,,,0
1000601,'5459',712,,103623,33,,,0,111,,103624,33,,,0,100,,103625,33,,,0,90,,103626,33,,,0,88,,103627,33,,,0,47,,103628,33,,,0,88,,103629,33,,,0,88,,103630,33,,,0,82,,103632,33,,,0,42,,103631,33,,,0,82,,103633,33,,,0,81,,103634,33,,,0,93,,103635,33,,,0,100,,103636,33,,,0,108,,103637,33,,,0,103,,103638,33,,,0,94,,103639,33,,,0,98,,103640,33,,,0,110,,103641,33,,,0
1000601,'5460',721,,103649,33,,,0,90,,103655,33,,,0,99,,103643,33,,,0,107,,103647,33,,,0,101,,103642,33,,,0,94,,103657,33,,,0,100,,103644,33,,,0,100,,103645,33,,,0,100,,103651,33,,,0,101,,103648,33,,,0,100,,103646,33,,,0,108,,103650,33,,,0,109,,103652,33,,,0,93,,103654,33,,,0,91,,103653,33,,,0,106,,103656,33,,,0
1000601,'5461',721,,103665,33,,,0,90,,103671,33,,,0,99,,103659,33,,,0,107,,103663,33,,,0,101,,103658,33,,,0,94,,103673,33,,,0,100,,103660,33,,,0,100,,103661,33,,,0,100,,103667,33,,,0,101,,103664,33,,,0,100,,103662,33,,,0,108,,103666,33,,,0,109,,103668,33,,,0,93,,103670,33,,,0,91,,103669,33,,,0,106,,103672,33,,,0
1000601,'5462',721,,103681,33,,,0,90,,103687,33,,,0,99,,103675,33,,,0,107,,103679,33,,,0,101,,103674,33,,,0,94,,103689,33,,,0,100,,103676,33,,,0,100,,103677,33,,,0,100,,103683,33,,,0,101,,103680,33,,,0,100,,103678,33,,,0,108,,103682,33,,,0,109,,103684,33,,,0,93,,103686,33,,,0,91,,103685,33,,,0,106,,103688,33,,,0
1000601,'5463',721,,103697,33,,,0,90,,103703,33,,,0,99,,103691,33,,,0,107,,103695,33,,,0,101,,103690,33,,,0,94,,103705,33,,,0,100,,103692,33,,,0,100,,103693,33,,,0,100,,103699,33,,,0,101,,103696,33,,,0,100,,103694,33,,,0,108,,103698,33,,,0,109,,103700,33,,,0,93,,103702,33,,,0,91,,103701,33,,,0,106,,103704,33,,,0
2000601,'5456',645,,103898,28,,,0,75,,103897,28,,,0,38,,103909,28,,,0,70,,103900,28,,,0,76,,103907,28,,,0,32,,103899,28,,,0,86,,103901,28,,,0,86,,103902,28,,,0,47,,103903,28,,,0,89,,103904,28,,,0,90,,103905,28,,,0,82,,103906,28,,,0,40,,103908,28,,,0,78,,103911,28,,,0,86,,103910,28,,,0,82,,103912,28,,,0,43,,103913,28,,,0,100,,103914,28,,,0,97,,103915,28,,,0
2000601,'5458',645,,103917,28,,,0,75,,103916,28,,,0,38,,103928,28,,,0,70,,103919,28,,,0,76,,103926,28,,,0,32,,103918,28,,,0,86,,103920,28,,,0,86,,103921,28,,,0,47,,103922,28,,,0,89,,103923,28,,,0,90,,103924,28,,,0,82,,103925,28,,,0,40,,103927,28,,,0,78,,103930,28,,,0,86,,103929,28,,,0,82,,103931,28,,,0,43,,103932,28,,,0,100,,103933,28,,,0,97,,103934,28,,,0
