3800,'5456',611,,97941,15,,,0,21,,97943,15,,,0,15,,97945,15,,,0,53,,97948,15,,,0,14,,97949,15,,,0,17,,97951,15,,,0,71,,97944,15,,,0,43,,97946,15,,,0,71,,97947,15,,,0,99,,97953,15,,,0,100,,97950,15,,,0,101,,97954,15,,,0,26,,97965,15,0,55 14,0,77,,97952,15,,,0,31,,97966,15,0,55 14,0,64,,97955,15,,,0,40,,97956,15,,,0,71,,97961,15,,,0,29,,97957,15,,,0,75,,97964,15,,,0,72,,97958,15,,,0,32,,97959,15,,,0,81,,97962,15,,,0,104,,97960,15,,,0,104,,97963,15,,,0
3800,'5458',611,,97967,15,,,0,21,,97969,15,,,0,15,,97971,15,,,0,53,,97974,15,,,0,14,,97975,15,,,0,17,,97977,15,,,0,71,,97970,15,,,0,43,,97972,15,,,0,71,,97973,15,,,0,99,,97979,15,,,0,100,,97976,15,,,0,101,,97980,15,,,0,26,,97991,15,0,55 14,0,77,,97978,15,,,0,31,,97992,15,0,55 14,0,64,,97981,15,,,0,40,,97982,15,,,0,71,,97987,15,,,0,29,,97983,15,,,0,75,,97990,15,,,0,72,,97984,15,,,0,32,,97985,15,,,0,81,,97988,15,,,0,104,,97986,15,,,0,104,,97989,15,,,0
5401,'4832',730,,85389,7,,,0,201,,85390,7,,,0,211,,85387,7,,,0,205,,85388,7,,,0,210,,85391,7,,,0,250,,85393,7,,,0,224,,85392,7,,,0
5401,'5453',730,,85396,7,,,0,201,,85397,7,,,0,211,,85394,7,,,0,205,,85395,7,,,0,210,,85398,7,,,0,250,,85400,7,,,0,224,,85399,7,,,0
5401,'5456',535,,99342,7,,,0,168,,99346,7,,,0,131,,99345,7,,,0,218,,99344,7,,,0,198,,99343,7,,,0,170,,99347,7,,,0,102,,99351,7,,,0,187,,99349,7,,,0,193,,99348,7,,,0,199,,99350,7,,,0
5401,'5458',535,,99352,7,,,0,168,,99356,7,,,0,131,,99355,7,,,0,218,,99354,7,,,0,198,,99353,7,,,0,170,,99357,7,,,0,102,,99361,7,,,0,187,,99359,7,,,0,193,,99358,7,,,0,199,,99360,7,,,0
5401,'5459',730,,99368,7,,,0,201,,99365,7,,,0,211,,99366,7,,,0,205,,99367,7,,,0,210,,99364,7,,,0,250,,99363,7,,,0,224,,99362,7,,,0
5401,'5460',730,,99371,7,,,0,201,,99372,7,,,0,211,,99369,7,,,0,205,,99370,7,,,0,210,,99373,7,,,0,250,,99375,7,,,0,224,,99374,7,,,0
5401,'5461',730,,99378,7,,,0,201,,99379,7,,,0,211,,99376,7,,,0,205,,99377,7,,,0,210,,99380,7,,,0,250,,99382,7,,,0,224,,99381,7,,,0
5401,'5462',730,,99385,7,,,0,201,,99386,7,,,0,211,,99383,7,,,0,205,,99384,7,,,0,210,,99387,7,,,0,250,,99389,7,,,0,224,,99388,7,,,0
5401,'5463',730,,99392,7,,,0,201,,99393,7,,,0,211,,99390,7,,,0,205,,99391,7,,,0,210,,99394,7,,,0,250,,99396,7,,,0,224,,99395,7,,,0
5501,'4832',836,,85459,7,,,0,211,,85461,7,,,0,205,,85462,7,,,0,205,,85460,7,,,0,250,,73617,7,,,0,205,,73616,7,,,0
5501,'5453',836,,85463,7,,,0,211,,85465,7,,,0,205,,85466,7,,,0,205,,85464,7,,,0,250,,80903,7,,,0,205,,80902,7,,,0
5501,'5456',633,,99454,7,,,0,169,,99453,7,,,0,205,,99452,7,,,0,135,,99455,7,,,0,200,,99458,7,,,0,105,,99457,7,,,0,196,,99459,7,,,0,194,,99460,7,,,0,194,,99456,7,,,0
5501,'5458',633,,99463,7,,,0,169,,99462,7,,,0,205,,99461,7,,,0,135,,99464,7,,,0,200,,99467,7,,,0,105,,99466,7,,,0,196,,99468,7,,,0,194,,99469,7,,,0,194,,99465,7,,,0
5501,'5459',837,,99475,7,,,0,210,,99472,7,,,0,205,,99473,7,,,0,206,,99474,7,,,0,250,,99470,7,,,0,204,,99471,7,,,0
5501,'5460',836,,99476,7,,,0,211,,99478,7,,,0,205,,99479,7,,,0,205,,99477,7,,,0,250,,99481,7,,,0,205,,99480,7,,,0
5501,'5461',836,,99482,7,,,0,211,,99484,7,,,0,205,,99485,7,,,0,205,,99483,7,,,0,250,,99487,7,,,0,205,,99486,7,,,0
5501,'5462',836,,99488,7,,,0,211,,99490,7,,,0,205,,99491,7,,,0,205,,99489,7,,,0,250,,99493,7,,,0,205,,99492,7,,,0
5501,'5463',836,,99494,7,,,0,211,,99496,7,,,0,205,,99497,7,,,0,205,,99495,7,,,0,250,,99499,7,,,0,205,,99498,7,,,0
