200,'5456',547,,87484,6,,,0,80,,87485,6,,,0,20,,87486,6,,,0,71,,87487,6,,,0,31,,87488,6,,,0,70,,87489,6,,,0,31,,87490,6,,,0,71,,87491,6,,,0,15,,87492,6,0,5,0,70,,87493,6,,,0,38,,87494,6,,,0,80,,87495,6,,,0,80,,87496,6,,,0,40,,87497,6,,,0,80,,87498,6,,,0,80,,87499,6,,,0,37,,87500,6,,,0,76,,87518,6,,,0,37,,87514,6,,,0,76,,87516,6,,,0,73,,87517,6,0,5,0,17,,87508,6,,,0,33,,87506,6,,,0,80,,87513,6,,,0,90,,87505,6,,,0,80,,87512,6,,,0,20,,87507,6,0,5,0,22,,87504,6,,,0,60,,87515,6,0,5,0,20,,87511,6,,,0,78,,87503,6,,,0,40,,87510,6,,,0,80,,87502,6,,,0,80,,87509,6,,,0,30,,87501,6,0,5,0
200,'5458',547,,87519,6,,,0,80,,87520,6,,,0,20,,87521,6,,,0,71,,87522,6,,,0,31,,87523,6,,,0,70,,87524,6,,,0,31,,87525,6,,,0,71,,87526,6,,,0,15,,87527,6,0,5,0,70,,87528,6,,,0,38,,87529,6,,,0,80,,87530,6,,,0,80,,87531,6,,,0,40,,87532,6,,,0,80,,87533,6,,,0,80,,87534,6,,,0,37,,87535,6,,,0,76,,87554,6,,,0,37,,87550,6,,,0,76,,87552,6,,,0,73,,87553,6,0,5,0,17,,87544,6,,,0,33,,87542,6,,,0,80,,87549,6,,,0,90,,87541,6,,,0,80,,87548,6,,,0,20,,87543,6,0,5,0,22,,87540,6,,,0,60,,87551,6,0,5,0,20,,87547,6,,,0,78,,87539,6,,,0,40,,87546,6,,,0,80,,87538,6,,,0,80,,87545,6,,,0,30,,87537,6,0,5,0,68,,87536,6,0,5,0
200,'5459',558,,87574,6,,,0,152,,87577,6,,,0,119,,87575,6,,,0,80,,87563,6,,,0,45,,87576,6,,,0,80,,87561,6,,,0,80,,87555,6,,,0,40,,87562,6,,,0,80,,87556,6,,,0,80,,87569,6,,,0,41,,87557,6,,,0,80,,87560,6,,,0,80,,87559,6,,,0,40,,87558,6,,,0,80,,87572,6,,,0,79,,87573,6,,,0,35,,87571,6,,,0,80,,87565,6,,,0,75,,87566,6,,,0,20,,87564,6,0,5,0,35,,87568,6,,,0,60,,87570,6,0,5,0,20,,87567,6,,,0,65,,87582,6,0,5,0,20,,87583,6,,,0,80,,87580,6,,,0,40,,87579,6,,,0,79,,87581,6,,,0,80,,87578,6,,,0,35,,87584,6,0,5,0
200,'5460',653,,87607,6,,,0,160,,87606,6,,,0,121,,87605,6,,,0,100,,87586,6,,,0,80,,87604,6,,,0,40,,87592,6,,,0,80,,87590,6,,,0,80,,87585,6,,,0,40,,87587,6,,,0,80,,87598,6,,,0,80,,87593,6,,,0,40,,87588,6,,,0,80,,87591,6,,,0,80,,87589,6,,,0,35,,87599,6,,,0,80,,87595,6,,,0,75,,87594,6,0,5,0,20,,87600,6,,,0,20,,87597,6,0,5,0,60,,87596,6,,,0,40,,87602,6,,,0,79,,87603,6,,,0,80,,87601,6,,,0,40,,87608,6,,,0,80,,87609,6,,,0
200,'5461',653,,87632,6,,,0,160,,87631,6,,,0,121,,87630,6,,,0,100,,87611,6,,,0,80,,87629,6,,,0,40,,87617,6,,,0,80,,87615,6,,,0,80,,87610,6,,,0,40,,87612,6,,,0,80,,87623,6,,,0,80,,87618,6,,,0,40,,87613,6,,,0,80,,87616,6,,,0,80,,87614,6,,,0,35,,87624,6,,,0,80,,87620,6,,,0,75,,87619,6,0,5,0,20,,87625,6,,,0,20,,87622,6,0,5,0,60,,87621,6,,,0,40,,87627,6,,,0,79,,87628,6,,,0,80,,87626,6,,,0,40,,87633,6,,,0,80,,87634,6,,,0
200,'5462',653,,87657,6,,,0,160,,87656,6,,,0,121,,87655,6,,,0,100,,87636,6,,,0,80,,87654,6,,,0,40,,87642,6,,,0,80,,87640,6,,,0,80,,87635,6,,,0,40,,87637,6,,,0,80,,87648,6,,,0,80,,87643,6,,,0,40,,87638,6,,,0,80,,87641,6,,,0,80,,87639,6,,,0,35,,87649,6,,,0,80,,87645,6,,,0,75,,87644,6,0,5,0,20,,87650,6,,,0,20,,87647,6,0,5,0,60,,87646,6,,,0,40,,87652,6,,,0,79,,87653,6,,,0,80,,87651,6,,,0,40,,87658,6,,,0,80,,87659,6,,,0
200,'5463',653,,87682,6,,,0,160,,87681,6,,,0,121,,87680,6,,,0,100,,87661,6,,,0,80,,87679,6,,,0,40,,87667,6,,,0,80,,87665,6,,,0,80,,87660,6,,,0,40,,87662,6,,,0,80,,87673,6,,,0,80,,87668,6,,,0,40,,87663,6,,,0,80,,87666,6,,,0,80,,87664,6,,,0,35,,87674,6,,,0,80,,87670,6,,,0,75,,87669,6,0,5,0,20,,87675,6,,,0,20,,87672,6,0,5,0,60,,87671,6,,,0,40,,87677,6,,,0,79,,87678,6,,,0,80,,87676,6,,,0,40,,87683,6,,,0,80,,87684,6,,,0
201,'5456',1529,,87717,27,4,,0
201,'5458',1529,,87751,27,4,,0
201,'5459',2506,,87779,20,4,,0
201,'5460',2401,,87804,46,4,,0
201,'5461',2401,,87829,46,4,,0
201,'5462',2401,,87854,46,4,,0
201,'5463',2401,,87879,46,4,,0
500,'5456',607,,89074,6,,,0,95,,89075,6,,,0,32,,89076,6,,,0,70,,89077,6,,,0,31,,89078,6,,,0,70,,89079,6,,,0,46,,89080,6,,,0,73,,89081,6,,,0,80,,89082,6,,,0,40,,89083,6,,,0,80,,89084,6,,,0,80,,89085,6,,,0,40,,89086,6,,,0,80,,89087,6,,,0,35,,89092,6,,,0,76,,89090,6,,,0,77,,89088,6,,,0,34,,89091,6,,,0,91,,89093,6,,,0,76,,89095,6,,,0,45,,89089,6,,,0,85,,89094,6,,,0
500,'5458',607,,89096,6,,,0,95,,89097,6,,,0,32,,89098,6,,,0,70,,89099,6,,,0,31,,89100,6,,,0,70,,89101,6,,,0,46,,89102,6,,,0,73,,89103,6,,,0,80,,89104,6,,,0,40,,89105,6,,,0,80,,89106,6,,,0,80,,89107,6,,,0,40,,89108,6,,,0,80,,89109,6,,,0,35,,89114,6,,,0,76,,89112,6,,,0,77,,89110,6,,,0,34,,89113,6,,,0,91,,89115,6,,,0,76,,89117,6,,,0,45,,89111,6,,,0,85,,89116,6,,,0
500,'5459',633,,89129,6,,,0,116,,89125,6,,,0,100,,89128,6,,,0,80,,89119,6,,,0,85,,89126,6,,,0,40,,89120,6,,,0,80,,89135,6,,,0,80,,89127,6,,,0,40,,89118,6,,,0,81,,89124,6,,,0,80,,89121,6,,,0,40,,89131,6,,,0,80,,89122,6,,,0,80,,89123,6,,,0,39,,89132,6,,,0,75,,89133,6,,,0,80,,89134,6,,,0,40,,89130,6,,,0,90,,89136,6,,,0
500,'5460',733,,89150,6,,,0,120,,89149,6,,,0,161,,89148,6,,,0,40,,89143,6,,,0,80,,89137,6,,,0,80,,89138,6,,,0,40,,89151,6,,,0,80,,89144,6,,,0,80,,89141,6,,,0,40,,89139,6,,,0,80,,89140,6,,,0,80,,89152,6,,,0,40,,89145,6,,,0,75,,89142,6,,,0,80,,89146,6,,,0,40,,89147,6,,,0
500,'5461',733,,89166,6,,,0,120,,89163,6,,,0,161,,89165,6,,,0,40,,89159,6,,,0,80,,89153,6,,,0,80,,89154,6,,,0,40,,89167,6,,,0,80,,89160,6,,,0,80,,89157,6,,,0,40,,89155,6,,,0,80,,89156,6,,,0,80,,89168,6,,,0,40,,89161,6,,,0,75,,89158,6,,,0,80,,89162,6,,,0,40,,89164,6,,,0
500,'5462',733,,89182,6,,,0,120,,89181,6,,,0,161,,89180,6,,,0,40,,89175,6,,,0,80,,89169,6,,,0,80,,89170,6,,,0,40,,89183,6,,,0,80,,89176,6,,,0,80,,89173,6,,,0,40,,89171,6,,,0,80,,89172,6,,,0,80,,89184,6,,,0,40,,89177,6,,,0,75,,89174,6,,,0,80,,89178,6,,,0,40,,89179,6,,,0
500,'5463',733,,89198,6,,,0,120,,89197,6,,,0,161,,89196,6,,,0,40,,89191,6,,,0,80,,89185,6,,,0,80,,89186,6,,,0,40,,89199,6,,,0,80,,89192,6,,,0,80,,89189,6,,,0,40,,89187,6,,,0,80,,89188,6,,,0,80,,89200,6,,,0,40,,89193,6,,,0,75,,89190,6,,,0,80,,89194,6,,,0,40,,89195,6,,,0
