1500,'5456',520,,92696,1,,,0,19,,92697,1,,,0,19,,92698,1,,,0,55,,92699,1,,,0,16,,92700,1,,,0,16,,92701,1,,,0,55,,92702,1,,,0,14,,92703,1,,,0,13,,92704,1,,,0,12,,92705,1,,,0,11,,92706,1,,,0,50,,92707,1,,,0,11,,92708,1,,,0,11,,92709,1,,,0,11,,92710,1,,,0,11,,92711,1,,,0,12,,92712,1,,,0,52,,92713,1,,,0,11,,92714,1,,,0,14,,92715,1,,,0,15,,92716,1,,,0,55,,92717,1,,,0,15,,92718,1,,,0,15,,92719,1,,,0,15,,92720,1,,,0,55,,92721,1,,,0,15,,92722,1,,,0,14,,92723,1,,,0,15,,92724,1,,,0,55,,92725,1,,,0,15,,92726,1,,,0,15,,92727,1,,,0,15,,92728,1,,,0,55,,92729,1,,,0,15,,92730,1,,,0,15,,92731,1,,,0,15,,92732,1,,,0,55,,92733,1,,,0,15,,92734,1,,,0,15,,92735,1,,,0,15,,92736,1,,,0,54,,92737,1,,,0,13,,92738,1,,,0,15,,92739,1,,,0,15,,92740,1,,,0,15,,92741,1,,,0,55,,92742,1,,,0,16,,92743,1,,,0,15,,92744,1,,,0,55,,92745,1,,,0,17,,92746,1,,,0,15,,92747,1,,,0,15,,92748,1,,,0,55,,92749,1,,,0,18,,92750,1,,,0,15,,92751,1,,,0,15,,92752,1,,,0,55,,92753,1,,,0,15,,92754,1,,,0,20,,92755,1,,,0,60,,92756,1,,,0,20,,92757,1,,,0,20,,92758,1,,,0,62,,92759,1,,,0,20,,92760,1,,,0,20,,92761,1,,,0,60,,92762,1,,,0,25,,92763,1,,,0,30,,92764,1,,,0,71,,92765,1,,,0,31,,92766,1,,,0,70,,92767,1,,,0
1500,'5458',520,,92769,1,,,0,19,,92770,1,,,0,19,,92771,1,,,0,55,,92772,1,,,0,16,,92773,1,,,0,16,,92774,1,,,0,55,,92775,1,,,0,14,,92776,1,,,0,13,,92777,1,,,0,12,,92778,1,,,0,11,,92779,1,,,0,50,,92780,1,,,0,11,,92781,1,,,0,11,,92782,1,,,0,11,,92783,1,,,0,11,,92784,1,,,0,12,,92785,1,,,0,52,,92786,1,,,0,11,,92787,1,,,0,14,,92788,1,,,0,15,,92789,1,,,0,55,,92790,1,,,0,15,,92791,1,,,0,15,,92792,1,,,0,15,,92793,1,,,0,55,,92794,1,,,0,15,,92795,1,,,0,14,,92796,1,,,0,15,,92797,1,,,0,55,,92798,1,,,0,15,,92799,1,,,0,15,,92800,1,,,0,15,,92801,1,,,0,55,,92802,1,,,0,15,,92803,1,,,0,15,,92804,1,,,0,15,,92805,1,,,0,55,,92806,1,,,0,15,,92807,1,,,0,15,,92808,1,,,0,15,,92809,1,,,0,54,,92810,1,,,0,13,,92811,1,,,0,15,,92812,1,,,0,15,,92813,1,,,0,15,,92814,1,,,0,55,,92815,1,,,0,16,,92816,1,,,0,15,,92817,1,,,0,55,,92818,1,,,0,17,,92819,1,,,0,15,,92820,1,,,0,15,,92821,1,,,0,55,,92822,1,,,0,18,,92823,1,,,0,15,,92824,1,,,0,15,,92825,1,,,0,55,,92826,1,,,0,15,,92827,1,,,0,20,,92828,1,,,0,60,,92829,1,,,0,20,,92830,1,,,0,20,,92831,1,,,0,62,,92832,1,,,0,20,,92833,1,,,0,20,,92834,1,,,0,60,,92835,1,,,0,25,,92836,1,,,0,30,,92837,1,,,0,71,,92838,1,,,0,31,,92839,1,,,0,70,,92840,1,,,0,30,,92841,1,,,0,70,,92842,1,,,0,30,,92843,1,,,0,70,,92844,1,,,0
1500,'5459',618,,92902,1,,,0,25,,92889,1,,,0,61,,92887,1,,,0,19,,92888,1,,,0,16,,92864,1,,,0,15,,92900,1,,,0,55,,92882,1,,,0,14,,92861,1,,,0,14,,92886,1,,,0,15,,92885,1,,,0,54,,92863,1,,,0,15,,92901,1,,,0,15,,92883,1,,,0,15,,92862,1,,,0,55,,92884,1,,,0,15,,92881,1,,,0,15,,92856,1,,,0,15,,92860,1,,,0,55,,92899,1,,,0,15,,92880,1,,,0,16,,92859,1,,,0,15,,92879,1,,,0,55,,92878,1,,,0,15,,92858,1,,,0,15,,92857,1,,,0,15,,92898,1,,,0,54,,92877,1,,,0,15,,92855,1,,,0,16,,92875,1,,,0,15,,92876,1,,,0,55,,92853,1,,,0,15,,92854,1,,,0,16,,92897,1,,,0,15,,92874,1,,,0,55,,92852,1,,,0,15,,92873,1,,,0,16,,92872,1,,,0,15,,92850,1,,,0,55,,92851,1,,,0,15,,92896,1,,,0,14,,92871,1,,,0,15,,92846,1,,,0,56,,92867,1,,,0,15,,92869,1,,,0,15,,92848,1,,,0,15,,92849,1,,,0,55,,92895,1,,,0,14,,92868,1,,,0,15,,92847,1,,,0,15,,92866,1,,,0,55,,92870,1,,,0,16,,92865,1,,,0,19,,92892,1,,,0,60,,92893,1,,,0,20,,92894,1,,,0,20,,92891,1,,,0,60,,92890,1,,,0,20,,92904,1,,,0,20,,92903,1,,,0,60,,92905,1,,,0,24,,92906,1,,,0,30,,92907,1,,,0,72,,92908,1,,,0,30,,92909,1,,,0,71,,92910,1,,,0,29,,92911,1,,,0,69,,92912,1,,,0,30,,92913,1,,,0,70,,92914,1,,,0
1500,'5460',640,,92955,1,,,0,70,,92954,1,,,0,28,,92930,1,,,0,20,,92933,1,,,0,57,,92971,1,,,0,15,,92920,1,,,0,15,,92932,1,,,0,55,,92919,1,,,0,15,,92915,1,,,0,15,,92934,1,,,0,15,,92924,1,,,0,55,,92936,1,,,0,15,,92916,1,,,0,15,,92921,1,,,0,15,,92917,1,,,0,14,,92918,1,,,0,55,,92939,1,,,0,15,,92928,1,,,0,15,,92937,1,,,0,15,,92925,1,,,0,55,,92927,1,,,0,15,,92922,1,,,0,14,,92923,1,,,0,15,,92940,1,,,0,55,,92929,1,,,0,15,,92941,1,,,0,15,,92926,1,,,0,15,,92942,1,,,0,55,,92943,1,,,0,15,,92938,1,,,0,15,,92953,1,,,0,15,,92949,1,,,0,55,,92947,1,,,0,15,,92945,1,,,0,15,,92950,1,,,0,15,,92952,1,,,0,55,,92946,1,,,0,15,,92948,1,,,0,15,,92951,1,,,0,15,,92944,1,,,0,55,,92931,1,,,0,15,,92935,1,,,0,16,,92959,1,,,0,56,,92958,1,,,0,15,,92957,1,,,0,15,,92961,1,,,0,15,,92966,1,,,0,60,,92963,1,,,0,20,,92956,1,,,0,20,,92962,1,,,0,60,,92965,1,,,0,27,,92964,1,,,0,69,,92960,1,,,0,30,,92967,1,,,0,71,,92968,1,,,0,30,,92970,1,,,0,70,,92969,1,,,0
1500,'5461',640,,93012,1,,,0,70,,93011,1,,,0,28,,92987,1,,,0,20,,92990,1,,,0,57,,93028,1,,,0,15,,92977,1,,,0,15,,92989,1,,,0,55,,92976,1,,,0,15,,92972,1,,,0,15,,92991,1,,,0,15,,92981,1,,,0,55,,92993,1,,,0,15,,92973,1,,,0,15,,92978,1,,,0,15,,92974,1,,,0,14,,92975,1,,,0,55,,92996,1,,,0,15,,92985,1,,,0,15,,92994,1,,,0,15,,92982,1,,,0,55,,92984,1,,,0,15,,92979,1,,,0,14,,92980,1,,,0,15,,92997,1,,,0,55,,92986,1,,,0,15,,92998,1,,,0,15,,92983,1,,,0,15,,92999,1,,,0,55,,93000,1,,,0,15,,92995,1,,,0,15,,93010,1,,,0,15,,93006,1,,,0,55,,93004,1,,,0,15,,93002,1,,,0,15,,93007,1,,,0,15,,93009,1,,,0,55,,93003,1,,,0,15,,93005,1,,,0,15,,93008,1,,,0,15,,93001,1,,,0,55,,92988,1,,,0,15,,92992,1,,,0,16,,93016,1,,,0,56,,93015,1,,,0,15,,93014,1,,,0,15,,93018,1,,,0,15,,93023,1,,,0,60,,93020,1,,,0,20,,93013,1,,,0,20,,93019,1,,,0,60,,93022,1,,,0,27,,93021,1,,,0,69,,93017,1,,,0,30,,93024,1,,,0,71,,93025,1,,,0,30,,93027,1,,,0,70,,93026,1,,,0
1500,'5462',640,,93069,1,,,0,70,,93068,1,,,0,28,,93044,1,,,0,20,,93047,1,,,0,57,,93085,1,,,0,15,,93034,1,,,0,15,,93046,1,,,0,55,,93033,1,,,0,15,,93029,1,,,0,15,,93048,1,,,0,15,,93038,1,,,0,55,,93050,1,,,0,15,,93030,1,,,0,15,,93035,1,,,0,15,,93031,1,,,0,14,,93032,1,,,0,55,,93053,1,,,0,15,,93042,1,,,0,15,,93051,1,,,0,15,,93039,1,,,0,55,,93041,1,,,0,15,,93036,1,,,0,14,,93037,1,,,0,15,,93054,1,,,0,55,,93043,1,,,0,15,,93055,1,,,0,15,,93040,1,,,0,15,,93056,1,,,0,55,,93057,1,,,0,15,,93052,1,,,0,15,,93067,1,,,0,15,,93063,1,,,0,55,,93061,1,,,0,15,,93059,1,,,0,15,,93064,1,,,0,15,,93066,1,,,0,55,,93060,1,,,0,15,,93062,1,,,0,15,,93065,1,,,0,15,,93058,1,,,0,55,,93045,1,,,0,15,,93049,1,,,0,16,,93073,1,,,0,56,,93072,1,,,0,15,,93071,1,,,0,15,,93075,1,,,0,15,,93080,1,,,0,60,,93077,1,,,0,20,,93070,1,,,0,20,,93076,1,,,0,60,,93079,1,,,0,27,,93078,1,,,0,69,,93074,1,,,0,30,,93081,1,,,0,71,,93082,1,,,0,30,,93084,1,,,0,70,,93083,1,,,0
1500,'5463',640,,93126,1,,,0,70,,93125,1,,,0,28,,93101,1,,,0,20,,93104,1,,,0,57,,93142,1,,,0,15,,93091,1,,,0,15,,93103,1,,,0,55,,93090,1,,,0,15,,93086,1,,,0,15,,93105,1,,,0,15,,93095,1,,,0,55,,93107,1,,,0,15,,93087,1,,,0,15,,93092,1,,,0,15,,93088,1,,,0,14,,93089,1,,,0,55,,93110,1,,,0,15,,93099,1,,,0,15,,93108,1,,,0,15,,93096,1,,,0,55,,93098,1,,,0,15,,93093,1,,,0,14,,93094,1,,,0,15,,93111,1,,,0,55,,93100,1,,,0,15,,93112,1,,,0,15,,93097,1,,,0,15,,93113,1,,,0,55,,93114,1,,,0,15,,93109,1,,,0,15,,93124,1,,,0,15,,93120,1,,,0,55,,93118,1,,,0,15,,93116,1,,,0,15,,93121,1,,,0,15,,93123,1,,,0,55,,93117,1,,,0,15,,93119,1,,,0,15,,93122,1,,,0,15,,93115,1,,,0,55,,93102,1,,,0,15,,93106,1,,,0,16,,93130,1,,,0,56,,93129,1,,,0,15,,93128,1,,,0,15,,93132,1,,,0,15,,93137,1,,,0,60,,93134,1,,,0,20,,93127,1,,,0,20,,93133,1,,,0,60,,93136,1,,,0,27,,93135,1,,,0,69,,93131,1,,,0,30,,93138,1,,,0,71,,93139,1,,,0,30,,93141,1,,,0,70,,93140,1,,,0
1501,'5456',540,,93144,18,4,,0,70,,93145,29,4,,0,29,,93146,29,4,,0,18,,93147,29,4,,0,60,,93148,29,4,,0,17,,93149,29,4,,0,15,,93150,29,4,,0,55,,93151,29,4,,0,16,,93152,29,4,,0,17,,93143,29,4,,0,17,,93153,29,4,,0,56,,93154,29,4,,0,15,,93155,29,4,,0,15,,93156,29,4,,0,15,,93157,29,4,,0,55,,93158,29,4,,0,15,,93159,29,4,,0,15,,93160,29,4,,0,16,,93161,29,4,,0,56,,93162,29,4,,0,15,,93163,29,4,,0,15,,93164,29,4,,0,15,,93165,29,4,,0,55,,93166,29,4,,0,15,,93167,29,4,,0,15,,93168,29,4,,0,15,,93169,29,4,,0,55,,93170,29,4,,0,15,,93171,29,4,,0,15,,93172,29,4,,0,13,,93173,29,4,,0,55,,93174,29,4,,0,17,,93175,29,4,,0,14,,93176,29,4,,0,13,,93177,29,4,,0,52,,93178,29,4,,0,11,,93179,29,4,,0,11,,93180,29,4,,0,9,,93181,29,4,,0,16,,93182,29,4,,0,53,,93183,29,4,,0,12,,93184,29,4,,0,12,,93185,29,4,,0,12,,93186,29,4,,0,11,,93187,29,4,,0,51,,93188,29,4,,0,12,,93189,29,4,,0,10,,93190,29,4,,0,8,,93191,29,4,,0,12,,93192,29,4,,0,11,,93193,29,4,,0,51,,93194,29,4,,0,11,,93195,29,4,,0,11,,93196,29,4,,0,10,,93197,29,4,,0,14,,93198,29,4,,0,55,,93199,29,4,,0,15,,93200,29,4,,0,15,,93201,29,4,,0,15,,93202,29,4,,0,55,,93203,29,4,,0,15,,93204,29,4,,0,14,,93205,29,4,,0,19,,93206,29,4,,0,60,,93207,29,4,,0,21,,93208,29,4,,0,19,,93209,29,4,,0,64,,93210,29,4,,0,31,,93211,29,4,,0,73,,93212,29,4,,0,30,,93213,29,4,,0,70,,93214,29,4,,0,30,,93215,29,4,,0
1501,'5458',540,,93217,18,4,,0,70,,93218,29,4,,0,29,,93219,29,4,,0,18,,93220,29,4,,0,60,,93221,29,4,,0,17,,93222,29,4,,0,15,,93223,29,4,,0,55,,93224,29,4,,0,16,,93225,29,4,,0,17,,93216,29,4,,0,17,,93226,29,4,,0,56,,93227,29,4,,0,15,,93228,29,4,,0,15,,93229,29,4,,0,15,,93230,29,4,,0,55,,93231,29,4,,0,15,,93232,29,4,,0,15,,93233,29,4,,0,16,,93234,29,4,,0,56,,93235,29,4,,0,15,,93236,29,4,,0,15,,93237,29,4,,0,15,,93238,29,4,,0,55,,93239,29,4,,0,15,,93240,29,4,,0,15,,93241,29,4,,0,15,,93242,29,4,,0,55,,93243,29,4,,0,15,,93244,29,4,,0,15,,93245,29,4,,0,13,,93246,29,4,,0,55,,93247,29,4,,0,17,,93248,29,4,,0,14,,93249,29,4,,0,13,,93250,29,4,,0,52,,93251,29,4,,0,11,,93252,29,4,,0,11,,93253,29,4,,0,9,,93254,29,4,,0,16,,93255,29,4,,0,53,,93256,29,4,,0,12,,93257,29,4,,0,12,,93258,29,4,,0,12,,93259,29,4,,0,11,,93260,29,4,,0,51,,93261,29,4,,0,12,,93262,29,4,,0,10,,93263,29,4,,0,8,,93264,29,4,,0,12,,93265,29,4,,0,11,,93266,29,4,,0,51,,93267,29,4,,0,11,,93268,29,4,,0,11,,93269,29,4,,0,10,,93270,29,4,,0,14,,93271,29,4,,0,55,,93272,29,4,,0,15,,93273,29,4,,0,15,,93274,29,4,,0,15,,93275,29,4,,0,55,,93276,29,4,,0,15,,93277,29,4,,0,14,,93278,29,4,,0,19,,93279,29,4,,0,60,,93280,29,4,,0,21,,93281,29,4,,0,19,,93282,29,4,,0,64,,93283,29,4,,0,31,,93284,29,4,,0,73,,93285,29,4,,0,30,,93286,29,4,,0,70,,93287,29,4,,0,30,,93288,29,4,,0,70,,93289,29,4,,0,30,,93290,29,4,,0,70,,93291,29,4,,0,30,,93292,29,4,,0
1501,'5459',709,,93333,29,4,,0,25,,93347,29,4,,0,20,,93332,29,4,,0,55,,93308,29,4,,0,14,,93328,29,4,,0,15,,93329,29,4,,0,16,,93307,29,4,,0,55,,93346,29,4,,0,15,,93330,29,4,,0,15,,93306,29,4,,0,16,,93331,29,4,,0,55,,93323,29,4,,0,13,,93304,29,4,,0,14,,93305,29,4,,0,14,,93345,29,4,,0,55,,93324,29,4,,0,15,,93303,29,4,,0,16,,93326,29,4,,0,15,,93327,29,4,,0,55,,93300,29,4,,0,15,,93302,29,4,,0,15,,93344,29,4,,0,14,,93325,29,4,,0,56,,93301,29,4,,0,15,,93322,29,4,,0,15,,93321,29,4,,0,15,,93299,29,4,,0,56,,93296,29,4,,0,15,,93343,29,4,,0,16,,93320,29,4,,0,14,,93298,29,4,,0,55,,93318,29,4,,0,15,,93319,29,4,,0,15,,93297,29,4,,0,15,,93312,29,4,,0,55,,93348,29,4,,0,15,,93341,29,4,,0,15,,93313,29,4,,0,15,,93314,29,4,,0,55,,93316,29,4,,0,15,,93293,29,4,,0,15,,93295,29,4,,0,15,,93342,29,4,,0,54,,93315,29,4,,0,14,,93294,29,4,,0,15,,93317,29,4,,0,15,,93340,29,4,,0,55,,93311,29,4,,0,15,,93309,29,4,,0,15,,93349,29,4,,0,17,,93337,29,4,,0,59,,93310,29,4,,0,20,,93335,29,4,,0,20,,93336,29,4,,0,60,,93334,29,4,,0,20,,93338,29,4,,0,20,,93339,29,4,,0,60,,93352,29,4,,0,20,,93351,29,4,,0,23,,93350,29,4,,0,69,,93353,29,4,,0,30,,93354,29,4,,0,70,,93355,29,4,,0,29,,93356,29,4,,0,70,,93357,29,4,,0,30,,93358,29,4,,0,72,,93359,29,4,,0,30,,93360,29,4,,0
1501,'5460',706,,93378,29,4,,0,29,,93365,29,4,,0,20,,93379,29,4,,0,57,,93366,29,4,,0,15,,93420,29,4,,0,15,,93380,29,4,,0,15,,93367,29,4,,0,55,,93419,29,4,,0,15,,93381,29,4,,0,15,,93368,29,4,,0,15,,93382,29,4,,0,55,,93362,29,4,,0,15,,93376,29,4,,0,15,,93361,29,4,,0,16,,93385,29,4,,0,56,,93372,29,4,,0,16,,93386,29,4,,0,15,,93364,29,4,,0,55,,93374,29,4,,0,15,,93363,29,4,,0,15,,93373,29,4,,0,15,,93387,29,4,,0,55,,93369,29,4,,0,15,,93388,29,4,,0,17,,93370,29,4,,0,15,,93377,29,4,,0,55,,93375,29,4,,0,15,,93371,29,4,,0,15,,93389,29,4,,0,15,,93391,29,4,,0,55,,93390,29,4,,0,15,,93392,29,4,,0,15,,93384,29,4,,0,15,,93394,29,4,,0,55,,93383,29,4,,0,15,,93395,29,4,,0,15,,93401,29,4,,0,15,,93400,29,4,,0,55,,93396,29,4,,0,15,,93393,29,4,,0,15,,93398,29,4,,0,14,,93397,29,4,,0,55,,93399,29,4,,0,15,,93415,29,4,,0,14,,93412,29,4,,0,15,,93409,29,4,,0,55,,93413,29,4,,0,14,,93402,29,4,,0,18,,93414,29,4,,0,19,,93403,29,4,,0,59,,93404,29,4,,0,19,,93406,29,4,,0,19,,93408,29,4,,0,60,,93407,29,4,,0,20,,93405,29,4,,0,26,,93411,29,4,,0,69,,93410,29,4,,0,31,,93416,29,4,,0,70,,93417,29,4,,0,30,,93418,29,4,,0
1501,'5461',706,,93438,29,4,,0,29,,93425,29,4,,0,20,,93439,29,4,,0,57,,93426,29,4,,0,15,,93480,29,4,,0,15,,93440,29,4,,0,15,,93427,29,4,,0,55,,93479,29,4,,0,15,,93441,29,4,,0,15,,93428,29,4,,0,15,,93442,29,4,,0,55,,93422,29,4,,0,15,,93436,29,4,,0,15,,93421,29,4,,0,16,,93445,29,4,,0,56,,93432,29,4,,0,16,,93446,29,4,,0,15,,93424,29,4,,0,55,,93434,29,4,,0,15,,93423,29,4,,0,15,,93433,29,4,,0,15,,93447,29,4,,0,55,,93429,29,4,,0,15,,93448,29,4,,0,17,,93430,29,4,,0,15,,93437,29,4,,0,55,,93435,29,4,,0,15,,93431,29,4,,0,15,,93449,29,4,,0,15,,93451,29,4,,0,55,,93450,29,4,,0,15,,93452,29,4,,0,15,,93444,29,4,,0,15,,93454,29,4,,0,55,,93443,29,4,,0,15,,93455,29,4,,0,15,,93461,29,4,,0,15,,93460,29,4,,0,55,,93456,29,4,,0,15,,93453,29,4,,0,15,,93458,29,4,,0,14,,93457,29,4,,0,55,,93459,29,4,,0,15,,93475,29,4,,0,14,,93472,29,4,,0,15,,93469,29,4,,0,55,,93473,29,4,,0,14,,93462,29,4,,0,18,,93474,29,4,,0,19,,93463,29,4,,0,59,,93464,29,4,,0,19,,93466,29,4,,0,19,,93468,29,4,,0,60,,93467,29,4,,0,20,,93465,29,4,,0,26,,93471,29,4,,0,69,,93470,29,4,,0,31,,93476,29,4,,0,70,,93477,29,4,,0,30,,93478,29,4,,0
1501,'5462',706,,93498,29,4,,0,29,,93485,29,4,,0,20,,93499,29,4,,0,57,,93486,29,4,,0,15,,93540,29,4,,0,15,,93500,29,4,,0,15,,93487,29,4,,0,55,,93539,29,4,,0,15,,93501,29,4,,0,15,,93488,29,4,,0,15,,93502,29,4,,0,55,,93482,29,4,,0,15,,93496,29,4,,0,15,,93481,29,4,,0,16,,93505,29,4,,0,56,,93492,29,4,,0,16,,93506,29,4,,0,15,,93484,29,4,,0,55,,93494,29,4,,0,15,,93483,29,4,,0,15,,93493,29,4,,0,15,,93507,29,4,,0,55,,93489,29,4,,0,15,,93508,29,4,,0,17,,93490,29,4,,0,15,,93497,29,4,,0,55,,93495,29,4,,0,15,,93491,29,4,,0,15,,93509,29,4,,0,15,,93511,29,4,,0,55,,93510,29,4,,0,15,,93512,29,4,,0,15,,93504,29,4,,0,15,,93514,29,4,,0,55,,93503,29,4,,0,15,,93515,29,4,,0,15,,93521,29,4,,0,15,,93520,29,4,,0,55,,93516,29,4,,0,15,,93513,29,4,,0,15,,93518,29,4,,0,14,,93517,29,4,,0,55,,93519,29,4,,0,15,,93535,29,4,,0,14,,93532,29,4,,0,15,,93529,29,4,,0,55,,93533,29,4,,0,14,,93522,29,4,,0,18,,93534,29,4,,0,19,,93523,29,4,,0,59,,93524,29,4,,0,19,,93526,29,4,,0,19,,93528,29,4,,0,60,,93527,29,4,,0,20,,93525,29,4,,0,26,,93531,29,4,,0,69,,93530,29,4,,0,31,,93536,29,4,,0,70,,93537,29,4,,0,30,,93538,29,4,,0
1501,'5463',706,,93558,29,4,,0,29,,93545,29,4,,0,20,,93559,29,4,,0,57,,93546,29,4,,0,15,,93600,29,4,,0,15,,93560,29,4,,0,15,,93547,29,4,,0,55,,93599,29,4,,0,15,,93561,29,4,,0,15,,93548,29,4,,0,15,,93562,29,4,,0,55,,93542,29,4,,0,15,,93556,29,4,,0,15,,93541,29,4,,0,16,,93565,29,4,,0,56,,93552,29,4,,0,16,,93566,29,4,,0,15,,93544,29,4,,0,55,,93554,29,4,,0,15,,93543,29,4,,0,15,,93553,29,4,,0,15,,93567,29,4,,0,55,,93549,29,4,,0,15,,93568,29,4,,0,17,,93550,29,4,,0,15,,93557,29,4,,0,55,,93555,29,4,,0,15,,93551,29,4,,0,15,,93569,29,4,,0,15,,93571,29,4,,0,55,,93570,29,4,,0,15,,93572,29,4,,0,15,,93564,29,4,,0,15,,93574,29,4,,0,55,,93563,29,4,,0,15,,93575,29,4,,0,15,,93581,29,4,,0,15,,93580,29,4,,0,55,,93576,29,4,,0,15,,93573,29,4,,0,15,,93578,29,4,,0,14,,93577,29,4,,0,55,,93579,29,4,,0,15,,93595,29,4,,0,14,,93592,29,4,,0,15,,93589,29,4,,0,55,,93593,29,4,,0,14,,93582,29,4,,0,18,,93594,29,4,,0,19,,93583,29,4,,0,59,,93584,29,4,,0,19,,93586,29,4,,0,19,,93588,29,4,,0,60,,93587,29,4,,0,20,,93585,29,4,,0,26,,93591,29,4,,0,69,,93590,29,4,,0,31,,93596,29,4,,0,70,,93597,29,4,,0,30,,93598,29,4,,0
2600,'5456',545,,94836,1,,,0,68,,94837,1,,,0,22,,94838,1,,,0,17,,94839,1,,,0,51,,94840,1,,,0,15,,94842,1,,,0,5,,94843,1,,,0,7,,94844,1,,,0,7,,94845,1,,,0,8,,94846,1,,,0,55,,94848,1,,,0,16,,94850,1,,,0,15,,94852,1,,,0,17,,94854,1,,,0,57,,94856,1,,,0,16,,94858,1,,,0,16,,94860,1,,,0,17,,94861,1,,,0,56,,94862,1,,,0,13,,94863,1,,,0,15,,94864,1,,,0,15,,94865,1,,,0,57,,94866,1,,,0,14,,94867,1,,,0,15,,94868,1,,,0,16,,94869,1,,,0,55,,94870,1,,,0,14,,94871,1,,,0,15,,94872,1,,,0,15,,94873,1,,,0,56,,94874,1,,,0,14,,94875,1,,,0,15,,94877,1,,,0,15,,94878,1,,,0,53,,94879,1,,,0,13,,94880,1,,,0,12,,94881,1,,,0,9,,94883,1,,,0,13,,94884,1,,,0,52,,94885,1,,,0,12,,94886,1,,,0,12,,94887,1,,,0,12,,94888,1,,,0,12,,94889,1,,,0,51,,94890,1,,,0,13,,94891,1,,,0,12,,94892,1,,,0,15,,94893,1,,,0,12,,94894,1,,,0,53,,94895,1,,,0,13,,94896,1,,,0,16,,94897,1,,,0,16,,94898,1,,,0,55,,94899,1,,,0,18,,94900,1,,,0,13,,94901,1,,,0,15,,94902,1,,,0,55,,94903,1,,,0,20,,94904,1,,,0,21,,94905,1,,,0,60,,94906,1,,,0,20,,94907,1,,,0,20,,94908,1,,,0,59,,94909,1,,,0,23,,94910,1,,,0,73,,94911,1,,,0,30,,94912,1,,,0,70,,94913,1,,,0,30,,94914,1,,,0,72,,94915,1,,,0,30,,94916,1,,,0
2600,'5458',545,,94918,1,,,0,68,,94919,1,,,0,22,,94920,1,,,0,17,,94921,1,,,0,51,,94922,1,,,0,15,,94924,1,,,0,5,,94925,1,,,0,7,,94926,1,,,0,7,,94927,1,,,0,8,,94928,1,,,0,55,,94930,1,,,0,16,,94932,1,,,0,15,,94934,1,,,0,17,,94936,1,,,0,57,,94938,1,,,0,16,,94940,1,,,0,16,,94942,1,,,0,17,,94943,1,,,0,56,,94944,1,,,0,13,,94945,1,,,0,15,,94946,1,,,0,15,,94947,1,,,0,57,,94948,1,,,0,14,,94949,1,,,0,15,,94950,1,,,0,16,,94951,1,,,0,55,,94952,1,,,0,14,,94953,1,,,0,15,,94954,1,,,0,15,,94955,1,,,0,56,,94956,1,,,0,14,,94957,1,,,0,15,,94959,1,,,0,15,,94960,1,,,0,53,,94961,1,,,0,13,,94962,1,,,0,12,,94963,1,,,0,9,,94965,1,,,0,13,,94966,1,,,0,52,,94967,1,,,0,12,,94968,1,,,0,12,,94969,1,,,0,12,,94970,1,,,0,12,,94971,1,,,0,51,,94972,1,,,0,13,,94973,1,,,0,12,,94974,1,,,0,15,,94975,1,,,0,12,,94976,1,,,0,53,,94977,1,,,0,13,,94978,1,,,0,16,,94979,1,,,0,16,,94980,1,,,0,55,,94981,1,,,0,18,,94982,1,,,0,13,,94983,1,,,0,15,,94984,1,,,0,55,,94985,1,,,0,20,,94986,1,,,0,21,,94987,1,,,0,60,,94988,1,,,0,20,,94989,1,,,0,20,,94990,1,,,0,59,,94991,1,,,0,23,,94992,1,,,0,73,,94993,1,,,0,30,,94994,1,,,0,70,,94995,1,,,0,30,,94996,1,,,0,72,,94997,1,,,0,30,,94998,1,,,0,100,,94999,1,,,0
2600,'5459',630,,95002,1,,,0,70,,95003,1,,,0,30,,95004,1,,,0,18,,95005,1,,,0,57,,95006,1,,,0,17,,95007,1,,,0,17,,95008,1,,,0,17,,95009,1,,,0,57,,95010,1,,,0,17,,95011,1,,,0,17,,95012,1,,,0,56,,95013,1,,,0,17,,95014,1,,,0,17,,95015,1,,,0,18,,95016,1,,,0,57,,95001,1,,,0,18,,95017,1,,,0,18,,95018,1,,,0,57,,95019,1,,,0,17,,95020,1,,,0,17,,95021,1,,,0,17,,95022,1,,,0,57,,95023,1,,,0,17,,95024,1,,,0,18,,95025,1,,,0,56,,95026,1,,,0,17,,95027,1,,,0,17,,95028,1,,,0,17,,95029,1,,,0,57,,95030,1,,,0,17,,95031,1,,,0,17,,95032,1,,,0,56,,95033,1,,,0,15,,95034,1,,,0,15,,95035,1,,,0,16,,95036,1,,,0,56,,95037,1,,,0,17,,95038,1,,,0,16,,95039,1,,,0,17,,95040,1,,,0,57,,95041,1,,,0,20,,95042,1,,,0,20,,95043,1,,,0,60,,95044,1,,,0,20,,95045,1,,,0,20,,95046,1,,,0,60,,95047,1,,,0,20,,95048,1,,,0,20,,95049,1,,,0,60,,95050,1,,,0,25,,95051,1,,,0,70,,95052,1,,,0,30,,95053,1,,,0,72,,95054,1,,,0,30,,95055,1,,,0,70,,95056,1,,,0,32,,95057,1,,,0,100,,95058,1,,,0
2600,'5460',653,,95075,1,,,0,67,,95083,1,,,0,22,,95065,1,,,0,63,,95059,1,,,0,22,,95077,1,,,0,20,,95084,1,,,0,67,,95066,1,,,0,22,,95060,1,,,0,20,,95078,1,,,0,64,,95069,1,,,0,19,,95061,1,,,0,18,,95067,1,,,0,58,,95063,1,,,0,19,,95076,1,,,0,19,,95064,1,,,0,59,,95081,1,,,0,18,,95062,1,,,0,18,,95079,1,,,0,58,,95071,1,,,0,18,,95074,1,,,0,20,,95072,1,,,0,58,,95082,1,,,0,18,,95068,1,,,0,18,,95080,1,,,0,18,,95070,1,,,0,57,,95073,1,,,0,18,,95089,1,,,0,18,,95093,1,,,0,57,,95086,1,,,0,18,,95095,1,,,0,18,,95088,1,,,0,58,,95091,1,,,0,17,,95087,1,,,0,17,,95096,1,,,0,17,,95085,1,,,0,60,,95094,1,,,0,19,,95090,1,,,0,20,,95092,1,,,0,59,,95100,1,,,0,20,,95098,1,,,0,19,,95102,1,,,0,60,,95099,1,,,0,20,,95101,1,,,0,20,,95103,1,,,0,60,,95097,1,,,0,30,,95105,1,,,0,70,,95104,1,,,0,30,,95106,1,,,0,70,,95107,1,,,0,38,,95108,1,,,0
2600,'5461',653,,95125,1,,,0,67,,95133,1,,,0,22,,95115,1,,,0,63,,95109,1,,,0,22,,95127,1,,,0,20,,95134,1,,,0,67,,95116,1,,,0,22,,95110,1,,,0,20,,95128,1,,,0,64,,95119,1,,,0,19,,95111,1,,,0,18,,95117,1,,,0,58,,95113,1,,,0,19,,95126,1,,,0,19,,95114,1,,,0,59,,95131,1,,,0,18,,95112,1,,,0,18,,95129,1,,,0,58,,95121,1,,,0,18,,95124,1,,,0,20,,95122,1,,,0,58,,95132,1,,,0,18,,95118,1,,,0,18,,95130,1,,,0,18,,95120,1,,,0,57,,95123,1,,,0,18,,95139,1,,,0,18,,95143,1,,,0,57,,95136,1,,,0,18,,95145,1,,,0,18,,95138,1,,,0,58,,95141,1,,,0,17,,95137,1,,,0,17,,95146,1,,,0,17,,95135,1,,,0,60,,95144,1,,,0,19,,95140,1,,,0,20,,95142,1,,,0,59,,95150,1,,,0,20,,95148,1,,,0,19,,95152,1,,,0,60,,95149,1,,,0,20,,95151,1,,,0,20,,95153,1,,,0,60,,95147,1,,,0,30,,95155,1,,,0,70,,95154,1,,,0,30,,95156,1,,,0,70,,95157,1,,,0,38,,95158,1,,,0
2600,'5462',653,,95175,1,,,0,67,,95183,1,,,0,22,,95165,1,,,0,63,,95159,1,,,0,22,,95177,1,,,0,20,,95184,1,,,0,67,,95166,1,,,0,22,,95160,1,,,0,20,,95178,1,,,0,64,,95169,1,,,0,19,,95161,1,,,0,18,,95167,1,,,0,58,,95163,1,,,0,19,,95176,1,,,0,19,,95164,1,,,0,59,,95181,1,,,0,18,,95162,1,,,0,18,,95179,1,,,0,58,,95171,1,,,0,18,,95174,1,,,0,20,,95172,1,,,0,58,,95182,1,,,0,18,,95168,1,,,0,18,,95180,1,,,0,18,,95170,1,,,0,57,,95173,1,,,0,18,,95189,1,,,0,18,,95193,1,,,0,57,,95186,1,,,0,18,,95195,1,,,0,18,,95188,1,,,0,58,,95191,1,,,0,17,,95187,1,,,0,17,,95196,1,,,0,17,,95185,1,,,0,60,,95194,1,,,0,19,,95190,1,,,0,20,,95192,1,,,0,59,,95200,1,,,0,20,,95198,1,,,0,19,,95202,1,,,0,60,,95199,1,,,0,20,,95201,1,,,0,20,,95203,1,,,0,60,,95197,1,,,0,30,,95205,1,,,0,70,,95204,1,,,0,30,,95206,1,,,0,70,,95207,1,,,0,38,,95208,1,,,0
2600,'5463',653,,95225,1,,,0,67,,95233,1,,,0,22,,95215,1,,,0,63,,95209,1,,,0,22,,95227,1,,,0,20,,95234,1,,,0,67,,95216,1,,,0,22,,95210,1,,,0,20,,95228,1,,,0,64,,95219,1,,,0,19,,95211,1,,,0,18,,95217,1,,,0,58,,95213,1,,,0,19,,95226,1,,,0,19,,95214,1,,,0,59,,95231,1,,,0,18,,95212,1,,,0,18,,95229,1,,,0,58,,95221,1,,,0,18,,95224,1,,,0,20,,95222,1,,,0,58,,95232,1,,,0,18,,95218,1,,,0,18,,95230,1,,,0,18,,95220,1,,,0,57,,95223,1,,,0,18,,95239,1,,,0,18,,95243,1,,,0,57,,95236,1,,,0,18,,95245,1,,,0,18,,95238,1,,,0,58,,95241,1,,,0,17,,95237,1,,,0,17,,95246,1,,,0,17,,95235,1,,,0,60,,95244,1,,,0,19,,95240,1,,,0,20,,95242,1,,,0,59,,95250,1,,,0,20,,95248,1,,,0,19,,95252,1,,,0,60,,95249,1,,,0,20,,95251,1,,,0,20,,95253,1,,,0,60,,95247,1,,,0,30,,95255,1,,,0,70,,95254,1,,,0,30,,95256,1,,,0,70,,95257,1,,,0,38,,95258,1,,,0
2601,'5456',625,,95259,43,4,,0,24,,95260,43,4,,0,58,,95261,43,4,,0,17,,95262,43,4,,0,15,,95263,43,4,,0,15,,95264,43,4,,0,56,,95265,43,4,,0,19,,95266,43,4,,0,16,,95267,43,4,,0,12,,95268,43,4,,0,50,,95269,43,4,,0,14,,95270,43,4,,0,14,,95271,43,4,,0,13,,95272,43,4,,0,55,,95273,43,4,,0,15,,95274,43,4,,0,15,,95275,43,4,,0,15,,95276,43,4,,0,56,,95277,43,4,,0,15,,95278,43,4,,0,15,,95279,43,4,,0,15,,95280,43,4,,0,56,,95281,43,4,,0,15,,95282,43,4,,0,15,,95283,43,4,,0,16,,95284,43,4,,0,54,,95285,43,4,,0,15,,95286,43,4,,0,16,,95287,43,4,,0,15,,95288,43,4,,0,54,,95289,43,4,,0,13,,95290,43,4,,0,15,,95291,43,4,,0,12,,95292,43,4,,0,55,,95293,43,4,,0,15,,95294,43,4,,0,14,,95295,43,4,,0,16,,95296,43,4,,0,14,,95297,43,4,,0,55,,95298,43,4,,0,14,,95299,43,4,,0,16,,95300,43,4,,0,57,,95301,43,4,,0,16,,95302,43,4,,0,16,,95303,43,4,,0,15,,95304,43,4,,0,55,,95305,43,4,,0,13,,95306,43,4,,0,17,,95307,43,4,,0,16,,95308,43,4,,0,52,,95309,43,4,,0,15,,95310,43,4,,0,14,,95311,43,4,,0,16,,95312,43,4,,0,55,,95313,43,4,,0,20,,95314,43,4,,0,19,,95315,43,4,,0,60,,95316,43,4,,0,17,,95317,43,4,,0,20,,95318,43,4,,0,20,,95319,43,4,,0,69,,95320,43,4,,0,31,,95321,43,4,,0,70,,95322,43,4,,0,28,,95323,43,4,,0,68,,95324,43,4,,0,31,,95325,43,4,,0
2601,'5458',625,,95326,43,4,,0,24,,95327,43,4,,0,58,,95328,43,4,,0,17,,95329,43,4,,0,15,,95330,43,4,,0,15,,95331,43,4,,0,56,,95332,43,4,,0,19,,95333,43,4,,0,16,,95334,43,4,,0,12,,95335,43,4,,0,50,,95336,43,4,,0,14,,95337,43,4,,0,14,,95338,43,4,,0,13,,95339,43,4,,0,55,,95340,43,4,,0,15,,95341,43,4,,0,15,,95342,43,4,,0,15,,95343,43,4,,0,56,,95344,43,4,,0,15,,95345,43,4,,0,15,,95346,43,4,,0,15,,95347,43,4,,0,56,,95348,43,4,,0,15,,95349,43,4,,0,15,,95350,43,4,,0,16,,95351,43,4,,0,54,,95352,43,4,,0,15,,95353,43,4,,0,16,,95354,43,4,,0,15,,95355,43,4,,0,54,,95356,43,4,,0,13,,95357,43,4,,0,15,,95358,43,4,,0,12,,95359,43,4,,0,55,,95360,43,4,,0,15,,95361,43,4,,0,14,,95362,43,4,,0,16,,95363,43,4,,0,14,,95364,43,4,,0,55,,95365,43,4,,0,14,,95366,43,4,,0,16,,95367,43,4,,0,57,,95368,43,4,,0,16,,95369,43,4,,0,16,,95370,43,4,,0,15,,95371,43,4,,0,55,,95372,43,4,,0,13,,95373,43,4,,0,17,,95374,43,4,,0,16,,95375,43,4,,0,52,,95376,43,4,,0,15,,95377,43,4,,0,14,,95378,43,4,,0,16,,95379,43,4,,0,55,,95380,43,4,,0,20,,95381,43,4,,0,19,,95382,43,4,,0,60,,95383,43,4,,0,17,,95384,43,4,,0,20,,95385,43,4,,0,20,,95386,43,4,,0,69,,95387,43,4,,0,31,,95388,43,4,,0,70,,95389,43,4,,0,28,,95390,43,4,,0,68,,95391,43,4,,0,31,,95392,43,4,,0,69,,95393,43,4,,0
2601,'5459',650,,95395,43,4,,0,70,,95396,43,4,,0,27,,95397,43,4,,0,57,,95398,43,4,,0,17,,95399,43,4,,0,17,,95400,43,4,,0,19,,95401,43,4,,0,59,,95402,43,4,,0,18,,95403,43,4,,0,17,,95404,43,4,,0,58,,95405,43,4,,0,17,,95406,43,4,,0,18,,95407,43,4,,0,57,,95408,43,4,,0,17,,95409,43,4,,0,19,,95410,43,4,,0,17,,95411,43,4,,0,58,,95394,43,4,,0,17,,95412,43,4,,0,17,,95413,43,4,,0,57,,95414,43,4,,0,17,,95415,43,4,,0,17,,95416,43,4,,0,16,,95417,43,4,,0,57,,95418,43,4,,0,17,,95419,43,4,,0,17,,95420,43,4,,0,57,,95421,43,4,,0,17,,95422,43,4,,0,16,,95423,43,4,,0,17,,95424,43,4,,0,56,,95425,43,4,,0,15,,95426,43,4,,0,16,,95427,43,4,,0,17,,95428,43,4,,0,57,,95429,43,4,,0,16,,95430,43,4,,0,17,,95431,43,4,,0,57,,95432,43,4,,0,20,,95433,43,4,,0,20,,95434,43,4,,0,59,,95435,43,4,,0,19,,95436,43,4,,0,20,,95437,43,4,,0,19,,95438,43,4,,0,58,,95439,43,4,,0,20,,95440,43,4,,0,19,,95441,43,4,,0,60,,95442,43,4,,0,19,,95443,43,4,,0,20,,95444,43,4,,0,60,,95445,43,4,,0,19,,95446,43,4,,0,21,,95447,43,4,,0,70,,95448,43,4,,0,30,,95449,43,4,,0,68,,95450,43,4,,0,30,,95451,43,4,,0,72,,95452,43,4,,0
2601,'5460',710,,95476,43,4,,0,22,,95463,43,4,,0,23,,95453,43,4,,0,62,,95472,43,4,,0,20,,95477,43,4,,0,67,,95462,43,4,,0,22,,95455,43,4,,0,20,,95473,43,4,,0,64,,95466,43,4,,0,19,,95456,43,4,,0,18,,95460,43,4,,0,58,,95454,43,4,,0,19,,95474,43,4,,0,18,,95458,43,4,,0,59,,95479,43,4,,0,18,,95457,43,4,,0,18,,95461,43,4,,0,18,,95459,43,4,,0,58,,95470,43,4,,0,19,,95467,43,4,,0,18,,95480,43,4,,0,58,,95464,43,4,,0,18,,95475,43,4,,0,18,,95468,43,4,,0,58,,95471,43,4,,0,18,,95469,43,4,,0,18,,95478,43,4,,0,17,,95465,43,4,,0,58,,95489,43,4,,0,18,,95484,43,4,,0,18,,95488,43,4,,0,57,,95482,43,4,,0,17,,95491,43,4,,0,17,,95481,43,4,,0,60,,95487,43,4,,0,19,,95485,43,4,,0,20,,95486,43,4,,0,19,,95490,43,4,,0,60,,95483,43,4,,0,19,,95493,43,4,,0,19,,95499,43,4,,0,60,,95495,43,4,,0,20,,95498,43,4,,0,20,,95494,43,4,,0,59,,95492,43,4,,0,20,,95496,43,4,,0,22,,95497,43,4,,0,70,,95500,43,4,,0,29,,95501,43,4,,0,68,,95502,43,4,,0,30,,95503,43,4,,0
2601,'5461',710,,95527,43,4,,0,22,,95514,43,4,,0,23,,95504,43,4,,0,62,,95523,43,4,,0,20,,95528,43,4,,0,67,,95513,43,4,,0,22,,95506,43,4,,0,20,,95524,43,4,,0,64,,95517,43,4,,0,19,,95507,43,4,,0,18,,95511,43,4,,0,58,,95505,43,4,,0,19,,95525,43,4,,0,18,,95509,43,4,,0,59,,95530,43,4,,0,18,,95508,43,4,,0,18,,95512,43,4,,0,18,,95510,43,4,,0,58,,95521,43,4,,0,19,,95518,43,4,,0,18,,95531,43,4,,0,58,,95515,43,4,,0,18,,95526,43,4,,0,18,,95519,43,4,,0,58,,95522,43,4,,0,18,,95520,43,4,,0,18,,95529,43,4,,0,17,,95516,43,4,,0,58,,95540,43,4,,0,18,,95535,43,4,,0,18,,95539,43,4,,0,57,,95533,43,4,,0,17,,95542,43,4,,0,17,,95532,43,4,,0,60,,95538,43,4,,0,19,,95536,43,4,,0,20,,95537,43,4,,0,19,,95541,43,4,,0,60,,95534,43,4,,0,19,,95544,43,4,,0,19,,95550,43,4,,0,60,,95546,43,4,,0,20,,95549,43,4,,0,20,,95545,43,4,,0,59,,95543,43,4,,0,20,,95547,43,4,,0,22,,95548,43,4,,0,70,,95551,43,4,,0,29,,95552,43,4,,0,68,,95553,43,4,,0,30,,95554,43,4,,0
2601,'5462',710,,95578,43,4,,0,22,,95565,43,4,,0,23,,95555,43,4,,0,62,,95574,43,4,,0,20,,95579,43,4,,0,67,,95564,43,4,,0,22,,95557,43,4,,0,20,,95575,43,4,,0,64,,95568,43,4,,0,19,,95558,43,4,,0,18,,95562,43,4,,0,58,,95556,43,4,,0,19,,95576,43,4,,0,18,,95560,43,4,,0,59,,95581,43,4,,0,18,,95559,43,4,,0,18,,95563,43,4,,0,18,,95561,43,4,,0,58,,95572,43,4,,0,19,,95569,43,4,,0,18,,95582,43,4,,0,58,,95566,43,4,,0,18,,95577,43,4,,0,18,,95570,43,4,,0,58,,95573,43,4,,0,18,,95571,43,4,,0,18,,95580,43,4,,0,17,,95567,43,4,,0,58,,95591,43,4,,0,18,,95586,43,4,,0,18,,95590,43,4,,0,57,,95584,43,4,,0,17,,95593,43,4,,0,17,,95583,43,4,,0,60,,95589,43,4,,0,19,,95587,43,4,,0,20,,95588,43,4,,0,19,,95592,43,4,,0,60,,95585,43,4,,0,19,,95595,43,4,,0,19,,95601,43,4,,0,60,,95597,43,4,,0,20,,95600,43,4,,0,20,,95596,43,4,,0,59,,95594,43,4,,0,20,,95598,43,4,,0,22,,95599,43,4,,0,70,,95602,43,4,,0,29,,95603,43,4,,0,68,,95604,43,4,,0,30,,95605,43,4,,0
2601,'5463',710,,95629,43,4,,0,22,,95616,43,4,,0,23,,95606,43,4,,0,62,,95625,43,4,,0,20,,95630,43,4,,0,67,,95615,43,4,,0,22,,95608,43,4,,0,20,,95626,43,4,,0,64,,95619,43,4,,0,19,,95609,43,4,,0,18,,95613,43,4,,0,58,,95607,43,4,,0,19,,95627,43,4,,0,18,,95611,43,4,,0,59,,95632,43,4,,0,18,,95610,43,4,,0,18,,95614,43,4,,0,18,,95612,43,4,,0,58,,95623,43,4,,0,19,,95620,43,4,,0,18,,95633,43,4,,0,58,,95617,43,4,,0,18,,95628,43,4,,0,18,,95621,43,4,,0,58,,95624,43,4,,0,18,,95622,43,4,,0,18,,95631,43,4,,0,17,,95618,43,4,,0,58,,95642,43,4,,0,18,,95637,43,4,,0,18,,95641,43,4,,0,57,,95635,43,4,,0,17,,95644,43,4,,0,17,,95634,43,4,,0,60,,95640,43,4,,0,19,,95638,43,4,,0,20,,95639,43,4,,0,19,,95643,43,4,,0,60,,95636,43,4,,0,19,,95646,43,4,,0,19,,95652,43,4,,0,60,,95648,43,4,,0,20,,95651,43,4,,0,20,,95647,43,4,,0,59,,95645,43,4,,0,20,,95649,43,4,,0,22,,95650,43,4,,0,70,,95653,43,4,,0,29,,95654,43,4,,0,68,,95655,43,4,,0,30,,95656,43,4,,0
4000,'5456',632,,98352,1,,,0,80,,98353,1,,,0,27,,98351,1,,,0,65,,98350,1,,,0,108,,98345,1,,,0,103,,98346,1,,,0,98,,98343,1,,,0,101,,98348,1,,,0,98,,98339,1,,,0,97,,98347,1,,,0,96,,98338,1,,,0,44,,98337,1,,,0,69,,98344,1,,,0,34,,98336,1,,,0,76,,98341,1,,,0,95,,98349,1,,,0,103,,98340,1,,,0,130,,98342,1,,,0,384,,98335,1,,,0
4000,'5458',632,,98371,1,,,0,80,,98372,1,,,0,27,,98370,1,,,0,65,,98369,1,,,0,108,,98364,1,,,0,103,,98365,1,,,0,98,,98362,1,,,0,101,,98367,1,,,0,98,,98358,1,,,0,97,,98366,1,,,0,96,,98357,1,,,0,44,,98356,1,,,0,69,,98363,1,,,0,34,,98355,1,,,0,76,,98360,1,,,0,95,,98368,1,,,0,103,,98359,1,,,0,130,,98361,1,,,0,384,,98354,1,,,0
4000,'5459',710,,98382,1,,,0,130,,98383,1,,,0,100,,98373,1,,,0,100,,98376,1,,,0,100,,98378,1,,,0,100,,98384,1,,,0,100,,98374,1,,,0,100,,98375,1,,,0,100,,98379,1,,,0,100,,98385,1,,,0,100,,98377,1,,,0,100,,98381,1,,,0,100,,98380,1,,,0,95,,98386,1,,,0
4000,'5460',805,,98388,1,,,0,135,,98387,1,,,0,100,,98389,1,,,0,100,,98390,1,,,0,100,,98391,1,,,0,100,,98392,1,,,0,100,,98395,1,,,0,100,,98394,1,,,0,100,,98393,1,,,0,100,,98396,1,,,0,100,,98397,1,,,0,100,,98398,1,,,0
4000,'5461',805,,98400,1,,,0,135,,98399,1,,,0,100,,98401,1,,,0,100,,98402,1,,,0,100,,98403,1,,,0,100,,98404,1,,,0,100,,98407,1,,,0,100,,98406,1,,,0,100,,98405,1,,,0,100,,98408,1,,,0,100,,98409,1,,,0,100,,98410,1,,,0
4000,'5462',805,,98412,1,,,0,135,,98411,1,,,0,100,,98413,1,,,0,100,,98414,1,,,0,100,,98415,1,,,0,100,,98416,1,,,0,100,,98419,1,,,0,100,,98418,1,,,0,100,,98417,1,,,0,100,,98420,1,,,0,100,,98421,1,,,0,100,,98422,1,,,0
4000,'5463',805,,98424,1,,,0,135,,98423,1,,,0,100,,98425,1,,,0,100,,98426,1,,,0,100,,98427,1,,,0,100,,98428,1,,,0,100,,98431,1,,,0,100,,98430,1,,,0,100,,98429,1,,,0,100,,98432,1,,,0,100,,98433,1,,,0,100,,98434,1,,,0
4001,'5456',616,,98453,37,4,,0,100,,98451,37,4,,0,28,,98452,37,4,,0,97,,98450,37,4,,0,94,,98446,37,4,,0,99,,98444,37,4,,0,100,,98449,37,4,,0,104,,98439,37,4,,0,102,,98445,37,4,,0,101,,98438,37,4,,0,111,,98448,37,4,,0,75,,98436,37,4,,0,74,,98437,37,4,,0,31,,98435,37,4,,0,73,,98447,37,4,,0,43,,98441,37,4,,0,94,,98443,37,4,,0,98,,98440,37,4,,0,164,,98442,37,4,,0
4001,'5458',616,,98472,37,4,,0,100,,98470,37,4,,0,28,,98471,37,4,,0,97,,98469,37,4,,0,94,,98465,37,4,,0,99,,98463,37,4,,0,100,,98468,37,4,,0,104,,98458,37,4,,0,102,,98464,37,4,,0,101,,98457,37,4,,0,111,,98467,37,4,,0,75,,98455,37,4,,0,74,,98456,37,4,,0,31,,98454,37,4,,0,73,,98466,37,4,,0,43,,98460,37,4,,0,94,,98462,37,4,,0,98,,98459,37,4,,0,164,,98461,37,4,,0
4001,'5459',654,,98482,37,4,,0,168,,98485,37,4,,0,102,,98473,37,4,,0,100,,98475,37,4,,0,101,,98481,37,4,,0,101,,98483,37,4,,0,100,,98474,37,4,,0,101,,98476,37,4,,0,100,,98479,37,4,,0,100,,98484,37,4,,0,100,,98477,37,4,,0,97,,98478,37,4,,0,99,,98480,37,4,,0,97,,98486,37,4,,0,130,,98487,37,4,,0
4001,'5460',750,,98489,37,4,,0,173,,98488,37,4,,0,101,,98490,37,4,,0,100,,98491,37,4,,0,102,,98493,37,4,,0,100,,98492,37,4,,0,101,,98497,37,4,,0,100,,98495,37,4,,0,100,,98496,37,4,,0,99,,98494,37,4,,0,97,,98499,37,4,,0,99,,98498,37,4,,0,98,,98500,37,4,,0
4001,'5461',750,,98502,37,4,,0,173,,98501,37,4,,0,101,,98503,37,4,,0,100,,98504,37,4,,0,102,,98506,37,4,,0,100,,98505,37,4,,0,101,,98510,37,4,,0,100,,98508,37,4,,0,100,,98509,37,4,,0,99,,98507,37,4,,0,97,,98512,37,4,,0,99,,98511,37,4,,0,98,,98513,37,4,,0
4001,'5462',750,,98515,37,4,,0,173,,98514,37,4,,0,101,,98516,37,4,,0,100,,98517,37,4,,0,102,,98519,37,4,,0,100,,98518,37,4,,0,101,,98523,37,4,,0,100,,98521,37,4,,0,100,,98522,37,4,,0,99,,98520,37,4,,0,97,,98525,37,4,,0,99,,98524,37,4,,0,98,,98526,37,4,,0
4001,'5463',750,,98528,37,4,,0,173,,98527,37,4,,0,101,,98529,37,4,,0,100,,98530,37,4,,0,102,,98532,37,4,,0,100,,98531,37,4,,0,101,,98536,37,4,,0,100,,98534,37,4,,0,100,,98535,37,4,,0,99,,98533,37,4,,0,97,,98538,37,4,,0,99,,98537,37,4,,0,98,,98539,37,4,,0
4600,'5456',622,,98547,37,4,,0,20,,98548,37,4,,0,73,,98557,37,4,,0,30,,98559,37,4,,0,75,,98549,37,4,,0,96,,98546,37,4,,0,94,,98558,37,4,,0,339,,98555,37,4,,0,152,,98550,37,4,,0,33,,98556,37,4,,0,77,,98551,37,4,,0,95,,98552,37,4,,0,28,,98553,37,4,,0,87,,98554,37,4,,0
4600,'5458',622,,98561,37,4,,0,20,,98562,37,4,,0,73,,98571,37,4,,0,30,,98573,37,4,,0,75,,98563,37,4,,0,96,,98560,37,4,,0,94,,98572,37,4,,0,339,,98569,37,4,,0,152,,98564,37,4,,0,33,,98570,37,4,,0,77,,98565,37,4,,0,95,,98566,37,4,,0,28,,98567,37,4,,0,87,,98568,37,4,,0
4601,'5456',654,,98575,1,,,0,147,,98584,1,,,0,127,,98574,1,,,0,93,,98583,1,,,0,379,,98580,1,,,0,115,,98576,1,,,0,33,,98581,1,,,0,77,,98577,1,,,0,92,,98578,1,,,0,28,,98579,1,,,0,89,,98582,1,,,0
4601,'5458',654,,98587,1,,,0,147,,98596,1,,,0,127,,98586,1,,,0,93,,98595,1,,,0,379,,98592,1,,,0,115,,98588,1,,,0,33,,98593,1,,,0,77,,98589,1,,,0,92,,98590,1,,,0,28,,98591,1,,,0,89,,98594,1,,,0
