900,'5456',712,,90755,3,,,0,41,,90753,3,,,0
900,'5458',712,,90760,3,,,0,41,,90758,3,,,0
3801,'5456',635,,97994,3,,,0,67,,97993,3,,,0,27,,97995,3,,,0,25,,97996,3,,,0,75,,97999,3,,,0,89,,97997,3,,,0,88,,97998,3,,,0,100,,98001,3,,,0,100,,98000,3,,,0,101,,98002,3,,,0,102,,98003,3,,,0,100,,98004,3,,,0,46,,98005,3,,,0,72,,98010,3,,,0,30,,98006,3,,,0,70,,98013,3,,,0,30,,98007,3,,,0,70,,98008,3,,,0,76,,98011,3,,,0,100,,98009,3,,,0,105,,98012,3,,,0
3801,'5458',635,,98018,3,,,0,67,,98017,3,,,0,27,,98019,3,,,0,25,,98020,3,,,0,75,,98023,3,,,0,89,,98021,3,,,0,88,,98022,3,,,0,100,,98025,3,,,0,100,,98024,3,,,0,101,,98026,3,,,0,102,,98027,3,,,0,100,,98028,3,,,0,46,,98029,3,,,0,72,,98034,3,,,0,30,,98030,3,,,0,70,,98037,3,,,0,30,,98031,3,,,0,70,,98032,3,,,0,76,,98035,3,,,0,100,,98033,3,,,0,105,,98036,3,,,0
3901,'5456',628,,98227,27,,,0,72,,98218,27,,,0,35,,98228,27,,,0,13,,98219,27,,,0,54,,98211,27,,,0,14,,98201,27,,,0,17,,98210,27,,,0,15,,98221,27,,,0,62,,98220,27,,,0,26,,98198,27,,,0,70,,98212,27,,,0,30,,98222,27,,,0,70,,98203,27,,,0,31,,98197,27,,,0,70,,98204,27,,,0,30,,98223,27,,,0,70,,98205,27,,,0,30,,98199,27,,,0,72,,98206,27,,,0,31,,98224,27,,,0,60,,98196,27,,,0,16,,98190,27,,,0,17,,98207,27,,,0,15,,98200,27,,,0,58,,98225,27,,,0,14,,98188,27,,,0,14,,98194,27,,,0,16,,98191,27,,,0,56,,98209,27,,,0,14,,98208,27,,,0,16,,98226,27,,,0,18,,98195,27,,,0,60,,98192,27,,,0,20,,98213,27,,,0,18,,98202,27,,,0,60,,98217,27,,,0,20,,98193,27,,,0,22,,98214,27,,,0,147,,98216,27,,,0
3901,'5458',628,,98268,27,,,0,72,,98259,27,,,0,35,,98269,27,,,0,13,,98260,27,,,0,54,,98252,27,,,0,14,,98242,27,,,0,17,,98251,27,,,0,15,,98262,27,,,0,62,,98261,27,,,0,26,,98239,27,,,0,70,,98253,27,,,0,30,,98263,27,,,0,70,,98244,27,,,0,31,,98238,27,,,0,70,,98245,27,,,0,30,,98264,27,,,0,70,,98246,27,,,0,30,,98240,27,,,0,72,,98247,27,,,0,31,,98265,27,,,0,60,,98237,27,,,0,16,,98231,27,,,0,17,,98248,27,,,0,15,,98241,27,,,0,58,,98266,27,,,0,14,,98229,27,,,0,14,,98235,27,,,0,16,,98232,27,,,0,56,,98250,27,,,0,14,,98249,27,,,0,16,,98267,27,,,0,18,,98236,27,,,0,60,,98233,27,,,0,20,,98254,27,,,0,18,,98243,27,,,0,60,,98258,27,,,0,20,,98234,27,,,0,22,,98255,27,,,0,147,,98257,27,,,0
8300,'5456',653,,102055,3,,,0,204,,102054,3,,,0,180,,102056,3,,,0,207,,102057,3,,,0,198,,102058,3,,,0,212,,102059,3,,,0,248,,102060,3,,,0
8300,'5458',653,,102062,3,,,0,204,,102061,3,,,0,180,,102063,3,,,0,207,,102064,3,,,0,198,,102065,3,,,0,212,,102066,3,,,0,248,,102067,3,,,0
8300,'5459',1039,,102070,3,,,0,300,,102071,3,,,0,305,,102069,3,,,0,300,,102068,3,,,0
8300,'5460',1039,,102074,3,,,0,300,,102075,3,,,0,305,,102073,3,,,0,300,,102072,3,,,0
8300,'5461',1039,,102078,3,,,0,300,,102079,3,,,0,305,,102077,3,,,0,300,,102076,3,,,0
8300,'5462',1039,,102082,3,,,0,300,,102083,3,,,0,305,,102081,3,,,0,300,,102080,3,,,0
8300,'5463',1039,,102086,3,,,0,300,,102087,3,,,0,305,,102085,3,,,0,300,,102084,3,,,0
