4801,'5456',1707,,98618,39,,,0,28,,98617,39,,,0,67,,98616,39,,,0
4801,'5458',1707,,98621,39,,,0,28,,98620,39,,,0,67,,98619,39,,,0
6000,'4832',824,,85614,22,,,0,102,,85615,22,,,0,101,,85617,22,,,0,106,,85616,22,,,0,105,,85620,22,,,0,105,,85619,22,,,0,105,,85618,22,,,0,105,,74278,22,,,0,102,,74284,22,,,0,102,,74285,22,,,0,144,,74286,22,,,0,105,,85621,22,,,0,120,,74282,22,,,0
6000,'5453',824,,85622,22,,,0,102,,85623,22,,,0,101,,85625,22,,,0,106,,85624,22,,,0,105,,85629,22,,,0,105,,85628,22,,,0,105,,85627,22,,,0,105,,85626,22,,,0,102,,85632,22,,,0,102,,85633,22,,,0,144,,85634,22,,,0,105,,85631,22,,,0,120,,85630,22,,,0
6000,'5456',651,,100190,22,,,0,73,,100183,22,,,0,31,,100186,22,,,0,146,,100191,22,,,0,101,,100193,22,,,0,101,,100192,22,,,0,97,,100184,22,,,0,103,,100185,22,,,0,102,,100187,22,,,0,110,,100188,22,,,0,31,,100197,23,,,0,71,,100195,22,,,0,41,,100198,22,,,0,82,,100189,22,,,0,82,,100199,22,,,0,80,,100196,22,,,0,103,,100200,22,,,0,104,,100201,22,,,0,114,,100194,22,,,0
6000,'5458',651,,100209,22,,,0,73,,100202,22,,,0,31,,100205,22,,,0,146,,100210,22,,,0,101,,100212,22,,,0,101,,100211,22,,,0,97,,100203,22,,,0,103,,100204,22,,,0,102,,100206,22,,,0,43,,100214,23,,,0,67,,100207,22,,,0,102,,100215,22,,,0,41,,100217,22,,,0,82,,100208,22,,,0,82,,100218,22,,,0,80,,100216,22,,,0,103,,100219,22,,,0,104,,100220,22,,,0,114,,100213,22,,,0
6000,'5459',723,,100233,22,,,0,100,,100234,22,,,0,102,,100232,22,,,0,101,,100231,22,,,0,106,,100230,22,,,0,105,,100229,22,,,0,105,,100228,22,,,0,106,,100227,22,,,0,106,,100225,22,,,0,102,,100226,22,,,0,103,,100221,22,,,0,143,,100222,22,,,0,105,,100223,22,,,0,120,,100224,22,,,0
6000,'5460',824,,100235,22,,,0,102,,100236,22,,,0,101,,100238,22,,,0,106,,100237,22,,,0,105,,100242,22,,,0,105,,100241,22,,,0,105,,100240,22,,,0,105,,100239,22,,,0,102,,100245,22,,,0,102,,100246,22,,,0,144,,100247,22,,,0,105,,100244,22,,,0,120,,100243,22,,,0
6000,'5461',824,,100248,22,,,0,102,,100249,22,,,0,101,,100251,22,,,0,106,,100250,22,,,0,105,,100255,22,,,0,105,,100254,22,,,0,105,,100253,22,,,0,105,,100252,22,,,0,102,,100258,22,,,0,102,,100259,22,,,0,144,,100260,22,,,0,105,,100257,22,,,0,120,,100256,22,,,0
6000,'5462',824,,100261,22,,,0,102,,100262,22,,,0,101,,100264,22,,,0,106,,100263,22,,,0,105,,100268,22,,,0,105,,100267,22,,,0,105,,100266,22,,,0,105,,100265,22,,,0,102,,100271,22,,,0,102,,100272,22,,,0,144,,100273,22,,,0,105,,100270,22,,,0,120,,100269,22,,,0
6000,'5463',824,,100274,22,,,0,102,,100275,22,,,0,101,,100277,22,,,0,106,,100276,22,,,0,105,,100281,22,,,0,105,,100280,22,,,0,105,,100279,22,,,0,105,,100278,22,,,0,102,,100284,22,,,0,102,,100285,22,,,0,144,,100286,22,,,0,105,,100283,22,,,0,120,,100282,22,,,0
