2100,'5456',630,,93606,13,,,0,29,,93626,13,,,0,58,,93605,13,,,0,15,,93631,13,,,0,9,,93646,13,0,17,0,7,,93619,13,,,0,9,,93651,13,,,0,44,,93639,13,,,0,17,,93610,13,,,0,16,,93634,13,,,0,20,,93609,13,0,17,0,58,,93641,13,,,0,18,,93625,13,0,17,0,20,,93611,13,,,0,61,,93630,13,0,17,0,20,,93638,13,,,0,20,,93608,13,0,17,0,60,,93612,13,,,0,20,,93643,13,0,18 19,0,21,,93624,13,,,0,61,,93613,13,0,17,0,20,,93632,13,,,0,20,,93637,13,0,17,0,60,,93614,13,,,0,21,,93616,13,0,17,0,17,,93647,13,,,0,59,,93644,13,,,0,16,,93627,13,,,0,15,,93615,13,0,17,0,60,,93650,13,,,0,18,,93629,13,,,0,17,,93635,13,,,0,20,,93618,13,,,0,58,,93617,13,,,0,18,,93648,13,0,18 19,0,18,,93645,13,,,0,58,,93628,13,,,0,19,,93620,13,,,0,18,,93649,13,0,17,0,56,,93633,13,0,17,0,16,,93640,13,0,17,0,32,,93621,13,0,17,0,69,,93642,13,0,17,0,30,,93622,13,0,17,0,73,,93636,13,0,17,0,29,,93623,13,0,17,0
2100,'5458',630,,93653,13,,,0,29,,93673,13,,,0,58,,93652,13,,,0,15,,93678,13,,,0,9,,93693,13,0,17,0,7,,93666,13,,,0,9,,93698,13,,,0,44,,93686,13,,,0,17,,93657,13,,,0,16,,93681,13,,,0,20,,93656,13,0,17,0,58,,93688,13,,,0,18,,93672,13,0,17,0,20,,93658,13,,,0,61,,93677,13,0,17,0,20,,93685,13,,,0,20,,93655,13,0,17,0,60,,93659,13,,,0,20,,93690,13,0,18 19,0,21,,93671,13,,,0,61,,93660,13,0,17,0,20,,93679,13,,,0,20,,93684,13,0,17,0,60,,93661,13,,,0,21,,93663,13,0,17,0,17,,93694,13,,,0,59,,93691,13,,,0,16,,93674,13,,,0,15,,93662,13,0,17,0,60,,93697,13,,,0,18,,93676,13,,,0,17,,93682,13,,,0,20,,93665,13,,,0,58,,93664,13,,,0,18,,93695,13,0,18 19,0,18,,93692,13,,,0,58,,93675,13,,,0,19,,93667,13,,,0,18,,93696,13,0,17,0,56,,93680,13,0,17,0,16,,93687,13,0,17,0,32,,93668,13,0,17,0,69,,93689,13,0,17,0,30,,93669,13,0,17,0,73,,93683,13,0,17,0,29,,93670,13,0,17,0
2100,'5459',718,,93718,13,0,17,0,85,,93725,13,0,17,0,40,,93709,13,0,18 19,0,71,,93719,13,0,17,0,39,,93702,13,0,17,0,70,,93720,13,0,17,0,33,,93704,13,0,17,0,71,,93714,13,0,17,0,30,,93699,13,0,17,0,72,,93700,13,0,18 19,0,30,,93721,13,0,17,0,71,,93705,13,0,17,0,70,,93713,13,0,17,0,28,,93701,13,0,18 19,0,72,,93703,13,0,17,0,30,,93722,13,0,17,0,29,,93706,13,0,17,0,70,,93715,13,0,18 19,0,30,,93707,13,0,17,0,70,,93708,13,0,17,0,29,,93724,13,0,17,0,70,,93710,13,0,18 19,0,28,,93716,13,0,17,0,69,,93711,13,0,17,0,28,,93712,13,0,17,0,68,,93723,13,0,17,0,30,,93717,13,0,17,0
2100,'5460',743,,93743,13,0,17,0,75,,93742,13,0,17,0,85,,93730,13,0,18 19,0,37,,93741,13,0,17,0,84,,93744,13,0,17,0,30,,93726,13,0,17,0,70,,93729,13,0,17,0,30,,93732,13,0,17,0,70,,93728,13,0,18 19,0,31,,93731,13,0,17,0,70,,93727,13,0,17,0,30,,93733,13,0,17,0,71,,93734,13,0,18 19,0,30,,93736,13,0,17,0,70,,93737,13,0,17,0,30,,93735,13,0,17,0,70,,93740,13,0,18 19,0,30,,93738,13,0,17,0,70,,93739,13,0,17,0,29,,93745,13,0,17,0,69,,93746,13,0,18 19,0,28,,93748,13,0,17,0,69,,93747,13,0,17,0,30,,93750,13,0,17,0,70,,93749,13,0,17,0
2100,'5461',743,,93768,13,0,17,0,75,,93767,13,0,17,0,85,,93755,13,0,18 19,0,37,,93766,13,0,17,0,84,,93769,13,0,17,0,30,,93751,13,0,17,0,70,,93754,13,0,17,0,30,,93757,13,0,17,0,70,,93753,13,0,18 19,0,31,,93756,13,0,17,0,70,,93752,13,0,17,0,30,,93758,13,0,17,0,71,,93759,13,0,18 19,0,30,,93761,13,0,17,0,70,,93762,13,0,17,0,30,,93760,13,0,17,0,70,,93765,13,0,18 19,0,30,,93763,13,0,17,0,70,,93764,13,0,17,0,29,,93770,13,0,17,0,69,,93771,13,0,18 19,0,28,,93773,13,0,17,0,69,,93772,13,0,17,0,30,,93775,13,0,17,0,70,,93774,13,0,17,0
2100,'5462',743,,93793,13,0,17,0,75,,93792,13,0,17,0,85,,93780,13,0,18 19,0,37,,93791,13,0,17,0,84,,93794,13,0,17,0,30,,93776,13,0,17,0,70,,93779,13,0,17,0,30,,93782,13,0,17,0,70,,93778,13,0,18 19,0,31,,93781,13,0,17,0,70,,93777,13,0,17,0,30,,93783,13,0,17,0,71,,93784,13,0,18 19,0,30,,93786,13,0,17,0,70,,93787,13,0,17,0,30,,93785,13,0,17,0,70,,93790,13,0,18 19,0,30,,93788,13,0,17,0,70,,93789,13,0,17,0,29,,93795,13,0,17,0,69,,93796,13,0,18 19,0,28,,93798,13,0,17,0,69,,93797,13,0,17,0,30,,93800,13,0,17,0,70,,93799,13,0,17,0
2100,'5463',743,,93818,13,0,17,0,75,,93817,13,0,17,0,85,,93805,13,0,18 19,0,37,,93816,13,0,17,0,84,,93819,13,0,17,0,30,,93801,13,0,17,0,70,,93804,13,0,17,0,30,,93807,13,0,17,0,70,,93803,13,0,18 19,0,31,,93806,13,0,17,0,70,,93802,13,0,17,0,30,,93808,13,0,17,0,71,,93809,13,0,18 19,0,30,,93811,13,0,17,0,70,,93812,13,0,17,0,30,,93810,13,0,17,0,70,,93815,13,0,18 19,0,30,,93813,13,0,17,0,70,,93814,13,0,17,0,29,,93820,13,0,17,0,69,,93821,13,0,18 19,0,28,,93823,13,0,17,0,69,,93822,13,0,17,0,30,,93825,13,0,17,0,70,,93824,13,0,17,0
2200,'5456',614,,94076,28,,,0,30,,94078,28,,,0,69,,94077,28,,,0,31,,94080,28,,,0,68,,94087,11,0,20 7,0,6,,94079,28,,,0,23,,94083,28,,,0,69,,94081,28,,,0,102,,94082,28,,,0,26,,94084,28,,,0,70,,94085,28,,,0,103,,94088,28,0,21 22,0,30,,94086,28,0,21 22,0,70,,94089,28,0,21 22,0,30,,94090,28,0,21 22,0,101,,94091,28,0,21 22,0,69,,94092,28,0,21 22,0,36,,94093,28,0,21 22,0,102,,94094,28,0,21 22,0,97,,94095,28,0,21 22,0,70,,94096,28,,,0,24,,94097,28,,,0,98,,94098,28,,,0,70,,94099,28,,,0,29,,94100,28,,,0,68,,94101,28,,,0
2200,'5458',614,,94105,28,,,0,30,,94107,28,,,0,69,,94106,28,,,0,31,,94109,28,,,0,68,,94116,11,0,20 7,0,6,,94108,28,,,0,23,,94112,28,,,0,69,,94110,28,,,0,102,,94111,28,,,0,26,,94113,28,,,0,70,,94114,28,,,0,103,,94117,28,0,21 22,0,30,,94115,28,0,21 22,0,70,,94118,28,0,21 22,0,30,,94119,28,0,21 22,0,101,,94120,28,0,21 22,0,69,,94121,28,0,21 22,0,36,,94123,28,0,21 22,0,102,,94124,28,0,21 22,0,97,,94125,28,0,21 22,0,70,,94126,28,,,0,24,,94127,28,,,0,98,,94128,28,,,0,70,,94129,28,,,0,29,,94130,28,,,0,68,,94131,28,,,0
2200,'5459',703,,94153,28,,,0,40,,94139,28,,,0,80,,94143,28,,,0,80,,94156,28,,,0,32,,94140,28,,,0,70,,94134,28,,,0,31,,94141,28,,,0,72,,94155,28,,,0,31,,94138,28,,,0,71,,94137,28,,,0,31,,94142,28,,,0,70,,94135,28,,,0,31,,94160,28,,,0,70,,94136,28,,,0,30,,94149,28,,,0,70,,94145,28,,,0,30,,94148,28,,,0,69,,94159,28,,,0,29,,94150,28,,,0,71,,94144,28,,,0,30,,94152,28,,,0,72,,94151,28,,,0,30,,94147,28,,,0,68,,94146,28,,,0,29,,94161,28,,,0,69,,94162,28,,,0,27,,94158,28,,,0,68,,94154,28,,,0
2200,'5460',752,,94167,28,,,0,101,,94168,28,,,0,80,,94169,28,,,0,71,,94164,28,,,0,32,,94165,28,,,0,70,,94166,28,,,0,30,,94171,28,,,0,69,,94172,28,,,0,32,,94170,28,,,0,70,,94173,28,,,0,30,,94174,28,,,0,70,,94182,28,,,0,31,,94181,28,,,0,70,,94175,28,,,0,30,,94176,28,,,0,70,,94177,28,,,0,30,,94178,28,,,0,72,,94179,28,,,0,30,,94180,28,,,0,69,,94183,28,,,0,29,,94184,28,,,0,68,,94185,28,,,0,30,,94186,28,,,0,115,,94187,11,,,0
2200,'5461',752,,94191,28,,,0,101,,94192,28,,,0,80,,94193,28,,,0,71,,94188,28,,,0,32,,94189,28,,,0,70,,94190,28,,,0,30,,94195,28,,,0,69,,94196,28,,,0,32,,94194,28,,,0,70,,94197,28,,,0,30,,94198,28,,,0,70,,94206,28,,,0,31,,94205,28,,,0,70,,94199,28,,,0,30,,94200,28,,,0,70,,94201,28,,,0,30,,94202,28,,,0,72,,94203,28,,,0,30,,94204,28,,,0,69,,94207,28,,,0,29,,94208,28,,,0,68,,94209,28,,,0,30,,94210,28,,,0,115,,94211,11,,,0
2200,'5462',752,,94215,28,,,0,101,,94216,28,,,0,80,,94217,28,,,0,71,,94212,28,,,0,32,,94213,28,,,0,70,,94214,28,,,0,30,,94219,28,,,0,69,,94220,28,,,0,32,,94218,28,,,0,70,,94221,28,,,0,30,,94222,28,,,0,70,,94230,28,,,0,31,,94229,28,,,0,70,,94223,28,,,0,30,,94224,28,,,0,70,,94225,28,,,0,30,,94226,28,,,0,72,,94227,28,,,0,30,,94228,28,,,0,69,,94231,28,,,0,29,,94232,28,,,0,68,,94233,28,,,0,30,,94234,28,,,0,115,,94235,11,,,0
2200,'5463',752,,94239,28,,,0,101,,94240,28,,,0,80,,94241,28,,,0,71,,94236,28,,,0,32,,94237,28,,,0,70,,94238,28,,,0,30,,94243,28,,,0,69,,94244,28,,,0,32,,94242,28,,,0,70,,94245,28,,,0,30,,94246,28,,,0,70,,94254,28,,,0,31,,94253,28,,,0,70,,94247,28,,,0,30,,94248,28,,,0,70,,94249,28,,,0,30,,94250,28,,,0,72,,94251,28,,,0,30,,94252,28,,,0,69,,94255,28,,,0,29,,94256,28,,,0,68,,94257,28,,,0,30,,94258,28,,,0,115,,94259,11,,,0
2601,'5456',611,,95259,24,,,0,22,,95260,24,,,0,18,,95261,24,,,0,56,,95262,24,,,0,15,,95263,24,,,0,15,,95264,24,,,0,16,,95265,24,,,0,57,,95266,24,,,0,16,,95267,24,,,0,12,,95268,24,,,0,11,,95269,24,,,0,55,,95270,24,,,0,14,,95271,24,,,0,13,,95272,24,,,0,15,,95273,24,,,0,55,,95274,24,,,0,15,,95275,24,,,0,15,,95276,24,,,0,16,,95277,24,,,0,55,,95278,24,,,0,15,,95279,24,,,0,15,,95280,24,,,0,15,,95281,24,,,0,54,,95282,24,,,0,15,,95283,24,,,0,16,,95284,24,,,0,14,,95285,24,,,0,55,,95286,24,,,0,16,,95287,24,,,0,15,,95288,24,,,0,14,,95289,24,,,0,12,,95290,24,,,0,53,,95291,24,,,0,12,,95292,24,,,0,14,,95293,24,,,0,15,,95294,24,,,0,53,,95295,24,,,0,15,,95296,24,,,0,15,,95297,24,,,0,16,,95298,24,,,0,55,,95299,24,,,0,16,,95300,24,,,0,17,,95301,24,,,0,16,,95302,24,,,0,57,,95303,24,,,0,16,,95304,24,,,0,15,,95305,24,,,0,14,,95306,24,,,0,57,,95307,24,,,0,17,,95308,24,,,0,13,,95309,24,,,0,15,,95310,24,,,0,54,,95311,24,,,0,16,,95312,24,,,0,15,,95313,24,,,0,60,,95314,24,,,0,20,,95315,24,,,0,20,,95316,24,,,0,58,,95317,24,,,0,20,,95318,24,,,0,20,,95319,24,,,0,69,,95320,24,,,0,31,,95321,24,,,0,71,,95322,24,,,0,29,,95323,24,,,0,69,,95324,24,,,0,31,,95325,24,,,0
2601,'5458',611,,95326,24,,,0,22,,95327,24,,,0,18,,95328,24,,,0,56,,95329,24,,,0,15,,95330,24,,,0,15,,95331,24,,,0,16,,95332,24,,,0,57,,95333,24,,,0,16,,95334,24,,,0,12,,95335,24,,,0,11,,95336,24,,,0,55,,95337,24,,,0,14,,95338,24,,,0,13,,95339,24,,,0,15,,95340,24,,,0,55,,95341,24,,,0,15,,95342,24,,,0,15,,95343,24,,,0,16,,95344,24,,,0,55,,95345,24,,,0,15,,95346,24,,,0,15,,95347,24,,,0,15,,95348,24,,,0,54,,95349,24,,,0,15,,95350,24,,,0,16,,95351,24,,,0,14,,95352,24,,,0,55,,95353,24,,,0,16,,95354,24,,,0,15,,95355,24,,,0,14,,95356,24,,,0,12,,95357,24,,,0,53,,95358,24,,,0,12,,95359,24,,,0,14,,95360,24,,,0,15,,95361,24,,,0,53,,95362,24,,,0,15,,95363,24,,,0,15,,95364,24,,,0,16,,95365,24,,,0,55,,95366,24,,,0,16,,95367,24,,,0,17,,95368,24,,,0,16,,95369,24,,,0,57,,95370,24,,,0,16,,95371,24,,,0,15,,95372,24,,,0,14,,95373,24,,,0,57,,95374,24,,,0,17,,95375,24,,,0,13,,95376,24,,,0,15,,95377,24,,,0,54,,95378,24,,,0,16,,95379,24,,,0,15,,95380,24,,,0,60,,95381,24,,,0,20,,95382,24,,,0,20,,95383,24,,,0,58,,95384,24,,,0,20,,95385,24,,,0,20,,95386,24,,,0,69,,95387,24,,,0,31,,95388,24,,,0,71,,95389,24,,,0,29,,95390,24,,,0,69,,95391,24,,,0,31,,95392,24,,,0,70,,95393,24,,,0
2601,'5459',637,,95395,24,,,0,70,,95396,24,,,0,26,,95397,24,,,0,17,,95398,24,,,0,57,,95399,24,,,0,17,,95400,24,,,0,17,,95401,24,,,0,59,,95402,24,,,0,17,,95403,24,,,0,17,,95404,24,,,0,18,,95405,24,,,0,57,,95406,24,,,0,17,,95407,24,,,0,17,,95408,24,,,0,57,,95409,24,,,0,18,,95410,24,,,0,17,,95411,24,,,0,18,,95394,24,,,0,57,,95412,24,,,0,17,,95413,24,,,0,17,,95414,24,,,0,57,,95415,24,,,0,17,,95416,24,,,0,16,,95417,24,,,0,17,,95418,24,,,0,57,,95419,24,,,0,17,,95420,24,,,0,17,,95421,24,,,0,17,,95422,24,,,0,56,,95423,24,,,0,16,,95424,24,,,0,16,,95425,24,,,0,55,,95426,24,,,0,17,,95427,24,,,0,17,,95428,24,,,0,17,,95429,24,,,0,56,,95430,24,,,0,17,,95431,24,,,0,18,,95432,24,,,0,60,,95433,24,,,0,20,,95434,24,,,0,20,,95435,24,,,0,59,,95436,24,,,0,20,,95437,24,,,0,20,,95438,24,,,0,58,,95439,24,,,0,20,,95440,24,,,0,19,,95441,24,,,0,60,,95442,24,,,0,20,,95443,24,,,0,20,,95444,24,,,0,60,,95445,24,,,0,20,,95446,24,,,0,22,,95447,24,,,0,70,,95448,24,,,0,30,,95449,24,,,0,69,,95450,24,,,0,30,,95451,24,,,0,71,,95452,24,,,0
2601,'5460',657,,95476,24,,,0,62,,95463,24,,,0,23,,95453,24,,,0,62,,95472,24,,,0,20,,95477,24,,,0,26,,95462,24,,,0,61,,95455,24,,,0,20,,95473,24,,,0,23,,95466,24,,,0,58,,95456,24,,,0,18,,95460,24,,,0,18,,95454,24,,,0,59,,95474,24,,,0,18,,95458,24,,,0,19,,95479,24,,,0,58,,95457,24,,,0,18,,95461,24,,,0,18,,95459,24,,,0,18,,95470,24,,,0,58,,95467,24,,,0,18,,95480,24,,,0,18,,95464,24,,,0,58,,95475,24,,,0,18,,95468,24,,,0,18,,95471,24,,,0,58,,95469,24,,,0,18,,95478,24,,,0,18,,95465,24,,,0,18,,95489,24,,,0,58,,95484,24,,,0,18,,95488,24,,,0,17,,95482,24,,,0,57,,95491,24,,,0,17,,95481,24,,,0,20,,95487,24,,,0,59,,95485,24,,,0,20,,95486,24,,,0,20,,95490,24,,,0,60,,95483,24,,,0,19,,95493,24,,,0,19,,95499,24,,,0,60,,95495,24,,,0,20,,95498,24,,,0,20,,95494,24,,,0,60,,95492,24,,,0,20,,95496,24,,,0,22,,95497,24,,,0,70,,95500,24,,,0,30,,95501,24,,,0,69,,95502,24,,,0,30,,95503,24,,,0
2601,'5461',657,,95527,24,,,0,62,,95514,24,,,0,23,,95504,24,,,0,62,,95523,24,,,0,20,,95528,24,,,0,26,,95513,24,,,0,61,,95506,24,,,0,20,,95524,24,,,0,23,,95517,24,,,0,58,,95507,24,,,0,18,,95511,24,,,0,18,,95505,24,,,0,59,,95525,24,,,0,18,,95509,24,,,0,19,,95530,24,,,0,58,,95508,24,,,0,18,,95512,24,,,0,18,,95510,24,,,0,18,,95521,24,,,0,58,,95518,24,,,0,18,,95531,24,,,0,18,,95515,24,,,0,58,,95526,24,,,0,18,,95519,24,,,0,18,,95522,24,,,0,58,,95520,24,,,0,18,,95529,24,,,0,18,,95516,24,,,0,18,,95540,24,,,0,58,,95535,24,,,0,18,,95539,24,,,0,17,,95533,24,,,0,57,,95542,24,,,0,17,,95532,24,,,0,20,,95538,24,,,0,59,,95536,24,,,0,20,,95537,24,,,0,20,,95541,24,,,0,60,,95534,24,,,0,19,,95544,24,,,0,19,,95550,24,,,0,60,,95546,24,,,0,20,,95549,24,,,0,20,,95545,24,,,0,60,,95543,24,,,0,20,,95547,24,,,0,22,,95548,24,,,0,70,,95551,24,,,0,30,,95552,24,,,0,69,,95553,24,,,0,30,,95554,24,,,0
2601,'5462',657,,95578,24,,,0,62,,95565,24,,,0,23,,95555,24,,,0,62,,95574,24,,,0,20,,95579,24,,,0,26,,95564,24,,,0,61,,95557,24,,,0,20,,95575,24,,,0,23,,95568,24,,,0,58,,95558,24,,,0,18,,95562,24,,,0,18,,95556,24,,,0,59,,95576,24,,,0,18,,95560,24,,,0,19,,95581,24,,,0,58,,95559,24,,,0,18,,95563,24,,,0,18,,95561,24,,,0,18,,95572,24,,,0,58,,95569,24,,,0,18,,95582,24,,,0,18,,95566,24,,,0,58,,95577,24,,,0,18,,95570,24,,,0,18,,95573,24,,,0,58,,95571,24,,,0,18,,95580,24,,,0,18,,95567,24,,,0,18,,95591,24,,,0,58,,95586,24,,,0,18,,95590,24,,,0,17,,95584,24,,,0,57,,95593,24,,,0,17,,95583,24,,,0,20,,95589,24,,,0,59,,95587,24,,,0,20,,95588,24,,,0,20,,95592,24,,,0,60,,95585,24,,,0,19,,95595,24,,,0,19,,95601,24,,,0,60,,95597,24,,,0,20,,95600,24,,,0,20,,95596,24,,,0,60,,95594,24,,,0,20,,95598,24,,,0,22,,95599,24,,,0,70,,95602,24,,,0,30,,95603,24,,,0,69,,95604,24,,,0,30,,95605,24,,,0
2601,'5463',657,,95629,24,,,0,62,,95616,24,,,0,23,,95606,24,,,0,62,,95625,24,,,0,20,,95630,24,,,0,26,,95615,24,,,0,61,,95608,24,,,0,20,,95626,24,,,0,23,,95619,24,,,0,58,,95609,24,,,0,18,,95613,24,,,0,18,,95607,24,,,0,59,,95627,24,,,0,18,,95611,24,,,0,19,,95632,24,,,0,58,,95610,24,,,0,18,,95614,24,,,0,18,,95612,24,,,0,18,,95623,24,,,0,58,,95620,24,,,0,18,,95633,24,,,0,18,,95617,24,,,0,58,,95628,24,,,0,18,,95621,24,,,0,18,,95624,24,,,0,58,,95622,24,,,0,18,,95631,24,,,0,18,,95618,24,,,0,18,,95642,24,,,0,58,,95637,24,,,0,18,,95641,24,,,0,17,,95635,24,,,0,57,,95644,24,,,0,17,,95634,24,,,0,20,,95640,24,,,0,59,,95638,24,,,0,20,,95639,24,,,0,20,,95643,24,,,0,60,,95636,24,,,0,19,,95646,24,,,0,19,,95652,24,,,0,60,,95648,24,,,0,20,,95651,24,,,0,20,,95647,24,,,0,60,,95645,24,,,0,20,,95649,24,,,0,22,,95650,24,,,0,70,,95653,24,,,0,30,,95654,24,,,0,69,,95655,24,,,0,30,,95656,24,,,0
1002200,'5456',943,,103706,28,,,0,196,,103707,28,0,21 22,0,272,,103708,28,0,21 22,0,208,,103709,28,0,21 22,0,98,,103710,28,0,21 22,0,195,,103711,28,0,21 22,0
1002200,'5458',943,,103712,28,,,0,196,,103713,28,0,21 22,0,272,,103714,28,0,21 22,0,208,,103715,28,0,21 22,0,98,,103716,28,0,21 22,0,195,,103717,28,0,21 22,0
14002100,'5456',2120,,104018,13,,,0,30,,104015,13,,,0,70,,104017,13,,,0,99,,104019,13,,,0,99,,104016,13,,,0
14002100,'5458',2120,,104023,13,,,0,30,,104020,13,,,0,70,,104022,13,,,0,99,,104024,13,,,0,99,,104021,13,,,0
14002100,'5459',2119,,104025,13,,,0,30,,104026,13,,,0,70,,104027,13,,,0,102,,104028,13,,,0,98,,104029,13,,,0
14002100,'5460',2121,,104030,13,,,0,100,,104031,13,,,0,99,,104032,13,,,0
14002100,'5461',2121,,104033,13,,,0,100,,104034,13,,,0,99,,104035,13,,,0
14002100,'5462',2121,,104036,13,,,0,100,,104037,13,,,0,99,,104038,13,,,0
14002100,'5463',2121,,104039,13,,,0,100,,104040,13,,,0,99,,104041,13,,,0
