2401,'4832',815,,83680,32,,,0,130,,83681,32,,,0,173,,83682,32,,,0,127,,83683,32,,,0,172,,83684,32,,,0,132,,83685,32,,,0,169,,83686,32,,,0,128,,83687,32,,,0,169,,83688,32,,,0,125,,83689,32,,,0,169,,83690,32,,,0
2401,'5453',815,,83691,32,,,0,130,,83692,32,,,0,173,,83693,32,,,0,127,,83694,32,,,0,172,,83695,32,,,0,132,,83696,32,,,0,169,,83697,32,,,0,128,,83698,32,,,0,169,,83699,32,,,0,125,,83700,32,,,0,169,,83701,32,,,0
2401,'5456',518,,94538,32,,,0,92,,94539,32,,,0,90,,94540,32,,,0,45,,94541,32,,,0,74,,94542,32,,,0,97,,94543,32,,,0,105,,94544,32,,,0,100,,94545,32,,,0,101,,94546,32,,,0,100,,94547,32,,,0,112,,94548,32,,,0,101,,94549,32,,,0,89,,94550,32,,,0,91,,94551,32,,,0,35,,94552,32,,,0,89,,94553,32,,,0,85,,94554,32,,,0,102,,94555,32,,,0,115,,94556,32,,,0,169,,94557,32,,,0,120,,94558,32,,,0
2401,'5458',518,,94559,32,,,0,92,,94560,32,,,0,90,,94561,32,,,0,45,,94562,32,,,0,74,,94563,32,,,0,97,,94564,32,,,0,105,,94565,32,,,0,100,,94566,32,,,0,101,,94567,32,,,0,100,,94568,32,,,0,112,,94569,32,,,0,101,,94570,32,,,0,89,,94571,32,,,0,91,,94572,32,,,0,35,,94573,32,,,0,89,,94574,32,,,0,85,,94575,32,,,0,102,,94576,32,,,0,115,,94577,32,,,0,169,,94578,32,,,0,120,,94579,32,,,0
2401,'5459',708,,94586,32,,,0,108,,94585,32,,,0,105,,94587,32,,,0,100,,94583,32,,,0,102,,94580,32,,,0,98,,94581,32,,,0,95,,94582,32,,,0,101,,94589,32,,,0,98,,94584,32,,,0,102,,94588,32,,,0,104,,94590,32,,,0,127,,94591,32,,,0,164,,94592,32,,,0,130,,94593,32,,,0,170,,94594,32,,,0,119,,94595,32,,,0
2401,'5460',815,,94596,32,,,0,130,,94597,32,,,0,173,,94598,32,,,0,127,,94599,32,,,0,172,,94600,32,,,0,132,,94601,32,,,0,169,,94602,32,,,0,128,,94603,32,,,0,169,,94604,32,,,0,125,,94605,32,,,0,169,,94606,32,,,0
2401,'5461',815,,94607,32,,,0,130,,94608,32,,,0,173,,94609,32,,,0,127,,94610,32,,,0,172,,94611,32,,,0,132,,94612,32,,,0,169,,94613,32,,,0,128,,94614,32,,,0,169,,94615,32,,,0,125,,94616,32,,,0,169,,94617,32,,,0
2401,'5462',815,,94618,32,,,0,130,,94619,32,,,0,173,,94620,32,,,0,127,,94621,32,,,0,172,,94622,32,,,0,132,,94623,32,,,0,169,,94624,32,,,0,128,,94625,32,,,0,169,,94626,32,,,0,125,,94627,32,,,0,169,,94628,32,,,0
2401,'5463',815,,94629,32,,,0,130,,94630,32,,,0,173,,94631,32,,,0,127,,94632,32,,,0,172,,94633,32,,,0,132,,94634,32,,,0,169,,94635,32,,,0,128,,94636,32,,,0,169,,94637,32,,,0,125,,94638,32,,,0,169,,94639,32,,,0
2600,'4832',658,,69844,9,,,0,67,,69852,9,,,0,22,,69834,9,,,0,63,,69828,9,,,0,22,,69846,9,,,0,20,,69853,9,,,0,67,,83856,9,,,0,22,,69829,9,,,0,60,,69847,9,,,0,24,,69838,9,,,0,20,,69830,9,,,0,58,,69836,9,,,0,18,,83855,9,,,0,19,,69845,9,,,0,19,,69833,9,,,0,59,,69850,9,,,0,18,,69831,9,,,0,18,,83859,9,,,0,58,,83858,9,,,0,18,,69843,9,,,0,20,,69841,9,,,0,58,,69851,9,,,0,18,,69837,9,,,0,18,,83860,9,,,0,58,,83857,9,,,0,17,,69842,9,,,0,18,,69858,9,,,0,18,,69862,9,,,0,57,,69855,9,,,0,18,,83863,9,,,0,18,,83861,9,,,0,58,,69860,9,,,0,17,,69856,9,,,0,17,,69865,9,,,0,16,,69854,9,,,0,60,,83862,9,,,0,19,,69859,9,,,0,20,,69861,9,,,0,59,,83866,9,,,0,20,,83865,9,,,0,19,,69871,9,,,0,60,,69868,9,,,0,20,,69870,9,,,0,20,,83867,9,,,0,60,,83864,9,,,0,30,,69874,9,,,0,70,,69873,9,,,0,30,,69875,9,,,0,70,,69876,9,,,0
2600,'5453',658,,79671,9,,,0,67,,79679,9,,,0,22,,79661,9,,,0,63,,83868,9,,,0,22,,79673,9,,,0,20,,79680,9,,,0,67,,79662,9,,,0,22,,83869,9,,,0,60,,79674,9,,,0,24,,79665,9,,,0,20,,79657,9,,,0,58,,79663,9,,,0,18,,83871,9,,,0,19,,83877,9,,,0,19,,83872,9,,,0,59,,79677,9,,,0,18,,83870,9,,,0,18,,83878,9,,,0,58,,79667,9,,,0,18,,83876,9,,,0,20,,83874,9,,,0,58,,79678,9,,,0,18,,83873,9,,,0,18,,83879,9,,,0,58,,79666,9,,,0,17,,83875,9,,,0,18,,83883,9,,,0,18,,79689,9,,,0,57,,83881,9,,,0,18,,79691,9,,,0,18,,79684,9,,,0,58,,79687,9,,,0,17,,83882,9,,,0,17,,79692,9,,,0,16,,83880,9,,,0,60,,79690,9,,,0,19,,79686,9,,,0,20,,79688,9,,,0,59,,83885,9,,,0,20,,83884,9,,,0,19,,79698,9,,,0,60,,79695,9,,,0,20,,79697,9,,,0,20,,83886,9,,,0,60,,79693,9,,,0,30,,83888,9,,,0,70,,83887,9,,,0,30,,79702,9,,,0,70,,79703,9,,,0
2600,'5456',550,,94836,9,,,0,68,,94837,9,,,0,22,,94838,9,,,0,18,,94839,9,,,0,51,,94840,9,,,0,15,,94842,9,,,0,5,,94843,9,,,0,7,,94844,9,,,0,7,,94845,9,,,0,8,,94846,9,,,0,56,,94848,9,,,0,16,,94850,9,,,0,15,,94852,9,,,0,17,,94854,9,,,0,56,,94856,9,,,0,16,,94858,9,,,0,16,,94860,9,,,0,57,,94861,9,,,0,16,,94862,9,,,0,13,,94863,9,,,0,15,,94864,9,,,0,15,,94865,9,,,0,57,,94866,9,,,0,14,,94867,9,,,0,16,,94868,9,,,0,56,,94869,9,,,0,15,,94870,9,,,0,14,,94871,9,,,0,15,,94872,9,,,0,55,,94873,9,,,0,16,,94874,9,,,0,14,,94875,9,,,0,15,,94877,9,,,0,55,,94878,9,,,0,13,,94879,9,,,0,13,,94880,9,,,0,12,,94881,9,,,0,9,,94883,9,,,0,53,,94884,9,,,0,14,,94885,9,,,0,12,,94886,9,,,0,12,,94887,9,,,0,12,,94888,9,,,0,52,,94889,9,,,0,11,,94890,9,,,0,13,,94891,9,,,0,11,,94892,9,,,0,14,,94893,9,,,0,52,,94894,9,,,0,13,,94895,9,,,0,13,,94896,9,,,0,16,,94897,9,,,0,55,,94898,9,,,0,15,,94899,9,,,0,17,,94900,9,,,0,13,,94901,9,,,0,55,,94902,9,,,0,15,,94903,9,,,0,20,,94904,9,,,0,21,,94905,9,,,0,60,,94906,9,,,0,20,,94907,9,,,0,20,,94908,9,,,0,59,,94909,9,,,0,23,,94910,9,,,0,73,,94911,9,,,0,30,,94912,9,,,0,70,,94913,9,,,0,29,,94914,9,,,0,72,,94915,9,,,0,30,,94916,9,,,0
2600,'5458',550,,94918,9,,,0,68,,94919,9,,,0,22,,94920,9,,,0,18,,94921,9,,,0,51,,94922,9,,,0,15,,94924,9,,,0,5,,94925,9,,,0,7,,94926,9,,,0,7,,94927,9,,,0,8,,94928,9,,,0,56,,94930,9,,,0,16,,94932,9,,,0,15,,94934,9,,,0,17,,94936,9,,,0,56,,94938,9,,,0,16,,94940,9,,,0,16,,94942,9,,,0,57,,94943,9,,,0,16,,94944,9,,,0,13,,94945,9,,,0,15,,94946,9,,,0,15,,94947,9,,,0,57,,94948,9,,,0,14,,94949,9,,,0,16,,94950,9,,,0,56,,94951,9,,,0,15,,94952,9,,,0,14,,94953,9,,,0,15,,94954,9,,,0,55,,94955,9,,,0,16,,94956,9,,,0,14,,94957,9,,,0,15,,94959,9,,,0,55,,94960,9,,,0,13,,94961,9,,,0,13,,94962,9,,,0,12,,94963,9,,,0,9,,94965,9,,,0,53,,94966,9,,,0,14,,94967,9,,,0,12,,94968,9,,,0,12,,94969,9,,,0,12,,94970,9,,,0,52,,94971,9,,,0,11,,94972,9,,,0,13,,94973,9,,,0,11,,94974,9,,,0,14,,94975,9,,,0,52,,94976,9,,,0,13,,94977,9,,,0,13,,94978,9,,,0,16,,94979,9,,,0,55,,94980,9,,,0,15,,94981,9,,,0,17,,94982,9,,,0,13,,94983,9,,,0,55,,94984,9,,,0,15,,94985,9,,,0,20,,94986,9,,,0,21,,94987,9,,,0,60,,94988,9,,,0,20,,94989,9,,,0,20,,94990,9,,,0,59,,94991,9,,,0,23,,94992,9,,,0,73,,94993,9,,,0,30,,94994,9,,,0,70,,94995,9,,,0,29,,94996,9,,,0,72,,94997,9,,,0,30,,94998,9,,,0,100,,94999,9,,,0
2600,'5459',635,,95002,9,,,0,70,,95003,9,,,0,30,,95004,9,,,0,18,,95005,9,,,0,57,,95006,9,,,0,17,,95007,9,,,0,17,,95008,9,,,0,57,,95009,9,,,0,17,,95010,9,,,0,17,,95011,9,,,0,17,,95012,9,,,0,57,,95013,9,,,0,17,,95014,9,,,0,17,,95015,9,,,0,58,,95016,9,,,0,17,,95001,9,,,0,18,,95017,9,,,0,19,,95018,9,,,0,57,,95019,9,,,0,17,,95020,9,,,0,17,,95021,9,,,0,57,,95022,9,,,0,17,,95023,9,,,0,17,,95024,9,,,0,18,,95025,9,,,0,56,,95026,9,,,0,16,,95027,9,,,0,17,,95028,9,,,0,57,,95029,9,,,0,17,,95030,9,,,0,17,,95031,9,,,0,17,,95032,9,,,0,56,,95033,9,,,0,15,,95034,9,,,0,15,,95035,9,,,0,16,,95036,9,,,0,56,,95037,9,,,0,17,,95038,9,,,0,16,,95039,9,,,0,57,,95040,9,,,0,17,,95041,9,,,0,20,,95042,9,,,0,19,,95043,9,,,0,60,,95044,9,,,0,20,,95045,9,,,0,20,,95046,9,,,0,60,,95047,9,,,0,20,,95048,9,,,0,20,,95049,9,,,0,60,,95050,9,,,0,25,,95051,9,,,0,70,,95052,9,,,0,30,,95053,9,,,0,72,,95054,9,,,0,30,,95055,9,,,0,70,,95056,9,,,0,31,,95057,9,,,0,101,,95058,9,,,0
2600,'5460',658,,95075,9,,,0,67,,95083,9,,,0,22,,95065,9,,,0,63,,95059,9,,,0,22,,95077,9,,,0,20,,95084,9,,,0,67,,95066,9,,,0,22,,95060,9,,,0,60,,95078,9,,,0,24,,95069,9,,,0,20,,95061,9,,,0,58,,95067,9,,,0,18,,95063,9,,,0,19,,95076,9,,,0,19,,95064,9,,,0,59,,95081,9,,,0,18,,95062,9,,,0,18,,95079,9,,,0,58,,95071,9,,,0,18,,95074,9,,,0,20,,95072,9,,,0,58,,95082,9,,,0,18,,95068,9,,,0,18,,95080,9,,,0,58,,95070,9,,,0,17,,95073,9,,,0,18,,95089,9,,,0,18,,95093,9,,,0,57,,95086,9,,,0,18,,95095,9,,,0,18,,95088,9,,,0,58,,95091,9,,,0,17,,95087,9,,,0,17,,95096,9,,,0,16,,95085,9,,,0,60,,95094,9,,,0,19,,95090,9,,,0,20,,95092,9,,,0,59,,95100,9,,,0,20,,95098,9,,,0,19,,95102,9,,,0,60,,95099,9,,,0,20,,95101,9,,,0,20,,95103,9,,,0,60,,95097,9,,,0,30,,95105,9,,,0,70,,95104,9,,,0,30,,95106,9,,,0,70,,95107,9,,,0,38,,95108,9,,,0
2600,'5461',658,,95125,9,,,0,67,,95133,9,,,0,22,,95115,9,,,0,63,,95109,9,,,0,22,,95127,9,,,0,20,,95134,9,,,0,67,,95116,9,,,0,22,,95110,9,,,0,60,,95128,9,,,0,24,,95119,9,,,0,20,,95111,9,,,0,58,,95117,9,,,0,18,,95113,9,,,0,19,,95126,9,,,0,19,,95114,9,,,0,59,,95131,9,,,0,18,,95112,9,,,0,18,,95129,9,,,0,58,,95121,9,,,0,18,,95124,9,,,0,20,,95122,9,,,0,58,,95132,9,,,0,18,,95118,9,,,0,18,,95130,9,,,0,58,,95120,9,,,0,17,,95123,9,,,0,18,,95139,9,,,0,18,,95143,9,,,0,57,,95136,9,,,0,18,,95145,9,,,0,18,,95138,9,,,0,58,,95141,9,,,0,17,,95137,9,,,0,17,,95146,9,,,0,16,,95135,9,,,0,60,,95144,9,,,0,19,,95140,9,,,0,20,,95142,9,,,0,59,,95150,9,,,0,20,,95148,9,,,0,19,,95152,9,,,0,60,,95149,9,,,0,20,,95151,9,,,0,20,,95153,9,,,0,60,,95147,9,,,0,30,,95155,9,,,0,70,,95154,9,,,0,30,,95156,9,,,0,70,,95157,9,,,0,38,,95158,9,,,0
2600,'5462',658,,95175,9,,,0,67,,95183,9,,,0,22,,95165,9,,,0,63,,95159,9,,,0,22,,95177,9,,,0,20,,95184,9,,,0,67,,95166,9,,,0,22,,95160,9,,,0,60,,95178,9,,,0,24,,95169,9,,,0,20,,95161,9,,,0,58,,95167,9,,,0,18,,95163,9,,,0,19,,95176,9,,,0,19,,95164,9,,,0,59,,95181,9,,,0,18,,95162,9,,,0,18,,95179,9,,,0,58,,95171,9,,,0,18,,95174,9,,,0,20,,95172,9,,,0,58,,95182,9,,,0,18,,95168,9,,,0,18,,95180,9,,,0,58,,95170,9,,,0,17,,95173,9,,,0,18,,95189,9,,,0,18,,95193,9,,,0,57,,95186,9,,,0,18,,95195,9,,,0,18,,95188,9,,,0,58,,95191,9,,,0,17,,95187,9,,,0,17,,95196,9,,,0,16,,95185,9,,,0,60,,95194,9,,,0,19,,95190,9,,,0,20,,95192,9,,,0,59,,95200,9,,,0,20,,95198,9,,,0,19,,95202,9,,,0,60,,95199,9,,,0,20,,95201,9,,,0,20,,95203,9,,,0,60,,95197,9,,,0,30,,95205,9,,,0,70,,95204,9,,,0,30,,95206,9,,,0,70,,95207,9,,,0,38,,95208,9,,,0
2600,'5463',658,,95225,9,,,0,67,,95233,9,,,0,22,,95215,9,,,0,63,,95209,9,,,0,22,,95227,9,,,0,20,,95234,9,,,0,67,,95216,9,,,0,22,,95210,9,,,0,60,,95228,9,,,0,24,,95219,9,,,0,20,,95211,9,,,0,58,,95217,9,,,0,18,,95213,9,,,0,19,,95226,9,,,0,19,,95214,9,,,0,59,,95231,9,,,0,18,,95212,9,,,0,18,,95229,9,,,0,58,,95221,9,,,0,18,,95224,9,,,0,20,,95222,9,,,0,58,,95232,9,,,0,18,,95218,9,,,0,18,,95230,9,,,0,58,,95220,9,,,0,17,,95223,9,,,0,18,,95239,9,,,0,18,,95243,9,,,0,57,,95236,9,,,0,18,,95245,9,,,0,18,,95238,9,,,0,58,,95241,9,,,0,17,,95237,9,,,0,17,,95246,9,,,0,16,,95235,9,,,0,60,,95244,9,,,0,19,,95240,9,,,0,20,,95242,9,,,0,59,,95250,9,,,0,20,,95248,9,,,0,19,,95252,9,,,0,60,,95249,9,,,0,20,,95251,9,,,0,20,,95253,9,,,0,60,,95247,9,,,0,30,,95255,9,,,0,70,,95254,9,,,0,30,,95256,9,,,0,70,,95257,9,,,0,38,,95258,9,,,0
