4801,'5456',1720,,98618,52,,,0,28,,98617,52,,,0,66,,98616,52,,,0
4801,'5458',1720,,98621,52,,,0,28,,98620,52,,,0,66,,98619,52,,,0
5201,'4832',730,,85221,30,,,0,70,,85237,30,,,0,30,,85229,30,,,0,71,,85217,30,,,0,30,,85224,30,,,0,71,,85231,30,,,0,31,,85226,30,,,0,70,,85218,30,,,0,30,,85223,30,,,0,70,,85232,30,,,0,30,,85228,30,,,0,75,,85216,30,,,0,30,,85222,30,,,0,75,,85235,30,,,0,35,,85227,30,,,0,75,,85242,30,,,0,30,,85220,30,,,0,70,,85234,30,,,0,30,,85225,30,,,0,70,,85230,30,,,0,29,,85219,30,,,0,70,,85233,30,,,0,79,,85236,30,,,0,100,,85238,30,,,0,100,,85239,30,,,0,100,,85240,30,,,0,99,,85241,30,,,0
5201,'5453',730,,85248,30,,,0,70,,85264,30,,,0,30,,85256,30,,,0,71,,85244,30,,,0,30,,85251,30,,,0,71,,85258,30,,,0,31,,85253,30,,,0,70,,85245,30,,,0,30,,85250,30,,,0,70,,85259,30,,,0,30,,85255,30,,,0,75,,85243,30,,,0,30,,85249,30,,,0,75,,85262,30,,,0,35,,85254,30,,,0,75,,85269,30,,,0,30,,85247,30,,,0,70,,85261,30,,,0,30,,85252,30,,,0,70,,85257,30,,,0,29,,85246,30,,,0,70,,85260,30,,,0,79,,85263,30,,,0,100,,85265,30,,,0,100,,85266,30,,,0,100,,85267,30,,,0,99,,85268,30,,,0
5201,'5456',517,,98955,30,,,0,36,,98954,30,,,0,78,,98957,30,,,0,78,,98956,30,,,0,27,,98965,30,,,0,68,,98958,31,,,0,34,,98982,31,,,0,63,,98959,30,,,0,35,,98960,31,,,0,75,,98961,30,,,0,29,,98983,30,,,0,70,,98963,30,,,0,28,,98962,30,,,0,75,,98964,30,,,0,34,,98981,30,,,0,70,,98967,30,,,0,30,,98966,30,,,0,70,,98987,30,,,0,31,,98968,31,,,0,60,,98991,30,0,38 3 39 49,0,9,,98980,31,,,0,25,,98992,15,0,30 14,0,2,,98993,15,0,30 14,0,1,,98969,31,,,0,73,,98970,31,,,0,36,,98988,31,,,0,63,,98971,31,,,0,25,,98979,31,,,0,62,,98972,30,,,0,30,,98973,30,,,0,69,,98989,30,,,0,30,,98974,30,,,0,73,,98975,30,,,0,28,,98977,30,,,0,68,,98990,30,,,0,26,,98976,30,0,38 3 39 49,0,75,,98978,30,,,0,97,,98986,30,,,0,59,,98984,30,,,0
5201,'5458',517,,98995,30,,,0,36,,98994,30,,,0,78,,98997,30,,,0,78,,98996,30,,,0,27,,99005,30,,,0,68,,98998,31,,,0,34,,99022,31,,,0,63,,98999,30,,,0,35,,99000,31,,,0,75,,99001,30,,,0,29,,99023,30,,,0,70,,99003,30,,,0,28,,99002,30,,,0,75,,99004,30,,,0,34,,99021,30,,,0,70,,99007,30,,,0,30,,99006,30,,,0,70,,99027,30,,,0,26,,99031,15,0,30 14,0,5,,99008,31,,,0,60,,99032,30,0,38 3 39 49,0,9,,99020,31,,,0,27,,99033,15,0,30 14,0,1,,99009,31,,,0,73,,99010,31,,,0,36,,99028,31,,,0,63,,99011,31,,,0,25,,99019,31,,,0,62,,99012,30,,,0,30,,99013,30,,,0,69,,99029,30,,,0,30,,99014,30,,,0,73,,99015,30,,,0,28,,99017,30,,,0,68,,99030,30,,,0,26,,99016,30,0,38 3 39 49,0,75,,99018,30,,,0,97,,99026,30,,,0,59,,99024,30,,,0
5201,'5459',659,,99043,30,,,0,71,,99053,30,,,0,70,,99051,30,,,0,32,,99034,30,,,0,70,,99041,30,,,0,30,,99060,30,,,0,70,,99038,30,,,0,31,,99035,30,,,0,70,,99042,30,,,0,30,,99061,30,,,0,70,,99039,30,,,0,32,,99036,30,,,0,75,,99045,30,,,0,29,,99063,30,,,0,75,,99040,30,,,0,35,,99050,30,,,0,75,,99044,30,,,0,30,,99062,30,,,0,70,,99037,30,,,0,30,,99048,30,,,0,65,,99056,30,,,0,25,,99047,30,,,0,64,,99052,30,,,0,25,,99049,30,,,0,70,,99046,30,,,0,28,,99059,30,,,0,72,,99054,30,,,0,30,,99058,30,,,0,70,,99055,30,,,0,25,,99057,30,0,38 3 39 49,0,30,,99064,30,,,0,143,,99065,30,,,0,99,,99066,30,,,0
5201,'5460',730,,99072,30,,,0,70,,99088,30,,,0,30,,99080,30,,,0,71,,99068,30,,,0,30,,99075,30,,,0,71,,99082,30,,,0,31,,99077,30,,,0,70,,99069,30,,,0,30,,99074,30,,,0,70,,99083,30,,,0,30,,99079,30,,,0,75,,99067,30,,,0,30,,99073,30,,,0,75,,99086,30,,,0,35,,99078,30,,,0,75,,99093,30,,,0,30,,99071,30,,,0,70,,99085,30,,,0,30,,99076,30,,,0,70,,99081,30,,,0,29,,99070,30,,,0,70,,99084,30,,,0,79,,99087,30,,,0,100,,99089,30,,,0,100,,99090,30,,,0,100,,99091,30,,,0,99,,99092,30,,,0
5201,'5461',730,,99099,30,,,0,70,,99115,30,,,0,30,,99107,30,,,0,71,,99095,30,,,0,30,,99102,30,,,0,71,,99109,30,,,0,31,,99104,30,,,0,70,,99096,30,,,0,30,,99101,30,,,0,70,,99110,30,,,0,30,,99106,30,,,0,75,,99094,30,,,0,30,,99100,30,,,0,75,,99113,30,,,0,35,,99105,30,,,0,75,,99120,30,,,0,30,,99098,30,,,0,70,,99112,30,,,0,30,,99103,30,,,0,70,,99108,30,,,0,29,,99097,30,,,0,70,,99111,30,,,0,79,,99114,30,,,0,100,,99116,30,,,0,100,,99117,30,,,0,100,,99118,30,,,0,99,,99119,30,,,0
5201,'5462',730,,99126,30,,,0,70,,99142,30,,,0,30,,99134,30,,,0,71,,99122,30,,,0,30,,99129,30,,,0,71,,99136,30,,,0,31,,99131,30,,,0,70,,99123,30,,,0,30,,99128,30,,,0,70,,99137,30,,,0,30,,99133,30,,,0,75,,99121,30,,,0,30,,99127,30,,,0,75,,99140,30,,,0,35,,99132,30,,,0,75,,99147,30,,,0,30,,99125,30,,,0,70,,99139,30,,,0,30,,99130,30,,,0,70,,99135,30,,,0,29,,99124,30,,,0,70,,99138,30,,,0,79,,99141,30,,,0,100,,99143,30,,,0,100,,99144,30,,,0,100,,99145,30,,,0,99,,99146,30,,,0
5201,'5463',730,,99153,30,,,0,70,,99169,30,,,0,30,,99161,30,,,0,71,,99149,30,,,0,30,,99156,30,,,0,71,,99163,30,,,0,31,,99158,30,,,0,70,,99150,30,,,0,30,,99155,30,,,0,70,,99164,30,,,0,30,,99160,30,,,0,75,,99148,30,,,0,30,,99154,30,,,0,75,,99167,30,,,0,35,,99159,30,,,0,75,,99174,30,,,0,30,,99152,30,,,0,70,,99166,30,,,0,30,,99157,30,,,0,70,,99162,30,,,0,29,,99151,30,,,0,70,,99165,30,,,0,79,,99168,30,,,0,100,,99170,30,,,0,100,,99171,30,,,0,100,,99172,30,,,0,99,,99173,30,,,0
5500,'4832',815,,85428,28,,,0,202,,85431,28,,,0,214,,85430,28,,,0,205,,85429,28,,,0,210,,85433,28,,,0,208,,85434,28,,,0,263,,85432,28,,,0
5500,'5453',815,,85435,28,,,0,202,,85438,28,,,0,214,,85437,28,,,0,205,,85436,28,,,0,210,,85440,28,,,0,208,,85441,28,,,0,263,,85439,28,,,0
5500,'5456',622,,99397,28,,,0,131,,99401,28,,,0,174,,99400,28,,,0,214,,99399,28,,,0,198,,99398,28,,,0,173,,99402,28,,,0,106,,99406,28,,,0,183,,99404,28,,,0,148,,99403,28,,,0,198,,99405,28,,,0
5500,'5458',622,,99407,28,,,0,131,,99411,28,,,0,174,,99410,28,,,0,214,,99409,28,,,0,198,,99408,28,,,0,173,,99412,28,,,0,106,,99416,28,,,0,183,,99414,28,,,0,148,,99413,28,,,0,198,,99415,28,,,0
5500,'5459',817,,99423,28,,,0,201,,99419,28,,,0,213,,99420,28,,,0,204,,99421,28,,,0,211,,99422,28,,,0,209,,99418,28,,,0,264,,99417,28,,,0
5500,'5460',815,,99424,28,,,0,202,,99427,28,,,0,214,,99426,28,,,0,205,,99425,28,,,0,210,,99429,28,,,0,208,,99430,28,,,0,263,,99428,28,,,0
5500,'5461',815,,99431,28,,,0,202,,99434,28,,,0,214,,99433,28,,,0,205,,99432,28,,,0,210,,99436,28,,,0,208,,99437,28,,,0,263,,99435,28,,,0
5500,'5462',815,,99438,28,,,0,202,,99441,28,,,0,214,,99440,28,,,0,205,,99439,28,,,0,210,,99443,28,,,0,208,,99444,28,,,0,263,,99442,28,,,0
5500,'5463',815,,99445,28,,,0,202,,99448,28,,,0,214,,99447,28,,,0,205,,99446,28,,,0,210,,99450,28,,,0,208,,99451,28,,,0,263,,99449,28,,,0
6400,'5456',739,,100772,54,,,0,507,,100775,85,,,0,580,,100774,70,,,0
6400,'5458',739,,100779,54,,,0,507,,100782,85,,,0,580,,100781,70,,,0
