400,'4832',757,,82002,14,,,0,70,,82003,14,,,0,32,,82004,14,,,0,71,,82005,14,,,0,70,,64206,14,,,0,30,,64207,14,,,0,20,,64208,14,,,0,60,,64209,14,,,0,20,,64210,14,,,0,20,,64211,14,,,0,60,,64212,14,,,0,21,,64213,14,,,0,21,,64214,14,,,0,60,,64215,14,,,0,20,,64216,14,,,0,20,,64217,14,,,0,60,,64218,14,,,0,19,,64245,14,,,0,18,,64219,14,,,0,56,,64220,14,,,0,16,,64221,14,,,0,16,,64222,14,,,0,16,,64247,14,,,0,56,,64223,14,,,0,16,,64224,14,,,0,16,,64225,14,,,0,16,,64226,14,,,0,55,,64246,14,,,0,15,,64227,14,,,0,17,,64228,14,,,0,57,,64229,14,,,0,18,,64230,14,,,0,18,,64231,14,,,0,17,,64232,14,,,0,58,,64233,14,,,0,18,,82006,14,,,0,18,,82007,14,,,0,58,,64248,14,,,0,17,,64236,14,,,0,20,,82008,14,,,0,60,,82009,14,,,0,24,,64239,14,,,0,30,,64240,14,,,0,71,,64241,14,,,0,29,,64242,14,,,0,70,,82010,14,,,0,73,,82011,14,,,0
400,'5453',757,,77970,14,,,0,70,,82012,14,,,0,32,,77972,14,,,0,71,,82013,14,,,0,70,,77974,14,,,0,30,,82014,14,,,0,20,,77976,14,,,0,60,,77977,14,,,0,20,,77978,14,,,0,20,,82015,14,,,0,60,,82016,14,,,0,21,,77981,14,,,0,21,,77982,14,,,0,60,,82017,14,,,0,20,,82018,14,,,0,20,,77985,14,,,0,60,,77986,14,,,0,19,,82025,14,,,0,18,,77987,14,,,0,56,,82019,14,,,0,16,,77989,14,,,0,16,,77990,14,,,0,16,,82027,14,,,0,56,,77991,14,,,0,16,,82020,14,,,0,16,,77993,14,,,0,16,,77994,14,,,0,55,,82026,14,,,0,15,,77995,14,,,0,17,,82021,14,,,0,57,,77997,14,,,0,18,,77998,14,,,0,18,,77999,14,,,0,17,,82022,14,,,0,58,,78001,14,,,0,18,,78002,14,,,0,18,,78003,14,,,0,58,,82028,14,,,0,17,,78004,14,,,0,20,,78005,14,,,0,60,,82023,14,,,0,24,,78007,14,,,0,30,,78008,14,,,0,71,,78009,14,,,0,29,,82024,14,,,0,70,,78011,14,,,0,73,,78012,14,,,0
400,'5456',603,,88255,14,,,0,22,,88252,14,,,0,18,,88268,14,,,0,63,,88249,14,,,0,15,,88278,14,,,0,16,,88315,14,,,0,16,,88296,14,,,0,51,,88295,8,,,0,4,,88289,14,,,0,6,,88254,8,,,0,5,,88258,14,,,0,4,,88253,14,,,0,9,,88270,8,,,0,5,,88273,14,,,0,7,,88266,8,,,0,7,,88279,14,,,0,6,,88259,8,,,0,48,,88260,14,,,0,7,,88265,8,,,0,7,,88269,14,,,0,12,,88261,14,,,0,13,,88283,14,,,0,14,,88263,14,,,0,54,,88281,14,,,0,13,,88286,14,,,0,13,,88288,14,,,0,13,,88291,14,,,0,53,,88290,14,,,0,14,,88292,14,,,0,14,,88301,14,,,0,15,,88303,14,,,0,53,,88310,14,,,0,14,,88308,14,,,0,13,,88305,14,,,0,14,,88320,14,,,0,13,,88316,14,,,0,55,,88271,14,,,0,15,,88325,14,,,0,4,,88327,7,,,0,9,,88262,14,,,0,14,,88276,14,,,0,54,,88277,14,,,0,12,,88256,14,,,0,13,,88257,14,,,0,13,,88284,14,,,0,14,,88251,14,,,0,55,,88282,14,,,0,18,,88285,14,,,0,18,,88294,14,,,0,56,,88298,14,,,0,17,,88293,14,,,0,19,,88297,14,,,0,15,,88302,14,,,0,58,,88300,14,,,0,18,,88307,14,,,0,14,,88304,14,,,0,13,,88309,14,,,0,52,,88313,14,,,0,14,,88321,14,,,0,15,,88326,14,,,0,15,,88250,14,,,0,54,,88274,14,,,0,15,,88264,14,,,0,15,,88267,14,,,0,15,,88287,14,,,0,54,,88306,14,,,0,15,,88280,14,,,0,16,,88299,14,,,0,17,,88275,14,,,0,57,,88311,14,,,0,15,,88272,14,,,0,16,,88322,14,,,0,58,,88312,14,,,0,20,,88317,14,,,0,20,,88323,14,,,0,62,,88318,14,,,0,24,,88324,14,,,0,29,,88319,14,,,0,68,,88314,14,,,0
400,'5458',603,,88335,14,,,0,22,,88332,14,,,0,18,,88349,14,,,0,63,,88328,14,,,0,15,,88359,14,,,0,16,,88396,14,,,0,16,,88377,14,,,0,51,,88376,8,,,0,4,,88370,14,,,0,6,,88334,8,,,0,5,,88338,14,,,0,4,,88333,14,,,0,9,,88351,8,,,0,5,,88354,14,,,0,7,,88347,8,,,0,7,,88360,14,,,0,6,,88339,8,,,0,48,,88340,14,,,0,7,,88346,8,,,0,7,,88350,14,,,0,12,,88341,14,,,0,13,,88364,14,,,0,14,,88343,14,,,0,54,,88362,14,,,0,13,,88367,14,,,0,13,,88369,14,,,0,13,,88372,14,,,0,53,,88371,14,,,0,14,,88373,14,,,0,14,,88382,14,,,0,15,,88384,14,,,0,53,,88391,14,,,0,14,,88389,14,,,0,13,,88386,14,,,0,14,,88401,14,,,0,13,,88397,14,,,0,55,,88352,14,,,0,15,,88408,14,,,0,4,,88411,7,,,0,9,,88342,14,,,0,14,,88357,14,,,0,54,,88358,14,,,0,12,,88336,14,,,0,13,,88337,14,,,0,13,,88365,14,,,0,14,,88331,14,,,0,55,,88363,14,,,0,18,,88366,14,,,0,18,,88375,14,,,0,56,,88379,14,,,0,17,,88374,14,,,0,19,,88378,14,,,0,15,,88383,14,,,0,58,,88381,14,,,0,18,,88388,14,,,0,14,,88385,14,,,0,13,,88390,14,,,0,52,,88394,14,,,0,14,,88402,14,,,0,15,,88409,14,,,0,15,,88330,14,,,0,54,,88355,14,,,0,15,,88344,14,,,0,15,,88348,14,,,0,15,,88368,14,,,0,54,,88387,14,,,0,15,,88361,14,,,0,16,,88380,14,,,0,17,,88356,14,,,0,57,,88392,14,,,0,15,,88353,14,,,0,16,,88403,14,,,0,58,,88393,14,,,0,20,,88398,14,,,0,20,,88405,14,,,0,62,,88399,14,,,0,24,,88406,14,,,0,29,,88400,14,,,0,68,,88395,14,,,0,30,,88404,14,,,0,70,,88407,14,,,0,30,,88410,14,,,0,70,,88329,14,,,0,30,,88345,14,,,0
400,'5459',650,,88455,14,,,0,66,,88436,14,,,0,20,,88441,14,,,0,20,,88448,14,,,0,61,,88430,14,,,0,18,,88446,14,,,0,18,,88450,14,,,0,56,,88431,14,,,0,16,,88421,14,,,0,16,,88447,14,,,0,16,,88453,14,,,0,56,,88415,14,,,0,16,,88424,14,,,0,15,,88418,14,,,0,56,,88477,14,,,0,16,,88438,14,,,0,15,,88437,14,,,0,16,,88413,14,,,0,56,,88425,14,,,0,15,,88435,14,,,0,15,,88445,14,,,0,15,,88454,14,,,0,55,,88412,14,,,0,16,,88419,14,,,0,16,,88429,14,,,0,16,,88439,14,,,0,56,,88449,14,,,0,16,,88417,14,,,0,15,,88422,14,,,0,16,,88432,14,,,0,56,,88444,14,,,0,16,,88452,14,,,0,16,,88414,14,,,0,16,,88428,14,,,0,55,,88423,14,,,0,16,,88442,14,,,0,16,,88451,14,,,0,55,,88426,14,,,0,16,,88433,14,,,0,15,,88416,14,,,0,16,,88443,14,,,0,55,,88440,14,,,0,16,,88427,14,,,0,17,,88420,14,,,0,18,,88434,14,,,0,58,,88459,14,,,0,18,,88456,14,,,0,18,,88458,14,,,0,58,,88457,14,,,0,17,,88473,14,,,0,17,,88465,14,,,0,18,,88464,14,,,0,58,,88466,14,,,0,18,,88467,14,,,0,18,,88474,14,,,0,58,,88470,14,,,0,24,,88471,14,,,0,23,,88469,14,,,0,70,,88468,14,,,0,30,,88472,14,,,0,70,,88475,14,,,0,30,,88476,14,,,0,68,,88463,14,,,0,30,,88460,14,,,0,70,,88461,14,,,0,30,,88462,14,,,0
400,'5460',757,,88478,14,,,0,70,,88479,14,,,0,32,,88480,14,,,0,71,,88481,14,,,0,70,,88482,14,,,0,30,,88483,14,,,0,20,,88484,14,,,0,60,,88485,14,,,0,20,,88486,14,,,0,20,,88487,14,,,0,60,,88488,14,,,0,21,,88489,14,,,0,21,,88490,14,,,0,60,,88491,14,,,0,20,,88492,14,,,0,20,,88493,14,,,0,60,,88494,14,,,0,19,,88521,14,,,0,18,,88495,14,,,0,56,,88496,14,,,0,16,,88497,14,,,0,16,,88498,14,,,0,16,,88523,14,,,0,56,,88499,14,,,0,16,,88500,14,,,0,16,,88501,14,,,0,16,,88502,14,,,0,55,,88522,14,,,0,15,,88503,14,,,0,17,,88504,14,,,0,57,,88505,14,,,0,18,,88506,14,,,0,18,,88507,14,,,0,17,,88508,14,,,0,58,,88509,14,,,0,18,,88510,14,,,0,18,,88511,14,,,0,58,,88524,14,,,0,17,,88512,14,,,0,20,,88513,14,,,0,60,,88514,14,,,0,24,,88515,14,,,0,30,,88516,14,,,0,71,,88517,14,,,0,29,,88518,14,,,0,70,,88519,14,,,0,81,,88520,14,,,0
400,'5461',757,,88525,14,,,0,70,,88526,14,,,0,32,,88527,14,,,0,71,,88528,14,,,0,70,,88529,14,,,0,30,,88530,14,,,0,20,,88531,14,,,0,60,,88532,14,,,0,20,,88533,14,,,0,20,,88534,14,,,0,60,,88535,14,,,0,21,,88536,14,,,0,21,,88537,14,,,0,60,,88538,14,,,0,20,,88539,14,,,0,20,,88540,14,,,0,60,,88541,14,,,0,19,,88568,14,,,0,18,,88542,14,,,0,56,,88543,14,,,0,16,,88544,14,,,0,16,,88545,14,,,0,16,,88570,14,,,0,56,,88546,14,,,0,16,,88547,14,,,0,16,,88548,14,,,0,16,,88549,14,,,0,55,,88569,14,,,0,15,,88550,14,,,0,17,,88551,14,,,0,57,,88552,14,,,0,18,,88553,14,,,0,18,,88554,14,,,0,17,,88555,14,,,0,58,,88556,14,,,0,18,,88557,14,,,0,18,,88558,14,,,0,58,,88571,14,,,0,17,,88559,14,,,0,20,,88560,14,,,0,60,,88561,14,,,0,24,,88562,14,,,0,30,,88563,14,,,0,71,,88564,14,,,0,29,,88565,14,,,0,70,,88566,14,,,0,81,,88567,14,,,0
400,'5462',757,,88572,14,,,0,70,,88573,14,,,0,32,,88574,14,,,0,71,,88575,14,,,0,70,,88576,14,,,0,30,,88577,14,,,0,20,,88578,14,,,0,60,,88579,14,,,0,20,,88580,14,,,0,20,,88581,14,,,0,60,,88582,14,,,0,21,,88583,14,,,0,21,,88584,14,,,0,60,,88585,14,,,0,20,,88586,14,,,0,20,,88587,14,,,0,60,,88588,14,,,0,19,,88615,14,,,0,18,,88589,14,,,0,56,,88590,14,,,0,16,,88591,14,,,0,16,,88592,14,,,0,16,,88617,14,,,0,56,,88593,14,,,0,16,,88594,14,,,0,16,,88595,14,,,0,16,,88596,14,,,0,55,,88616,14,,,0,15,,88597,14,,,0,17,,88598,14,,,0,57,,88599,14,,,0,18,,88600,14,,,0,18,,88601,14,,,0,17,,88602,14,,,0,58,,88603,14,,,0,18,,88604,14,,,0,18,,88605,14,,,0,58,,88618,14,,,0,17,,88606,14,,,0,20,,88607,14,,,0,60,,88608,14,,,0,24,,88609,14,,,0,30,,88610,14,,,0,71,,88611,14,,,0,29,,88612,14,,,0,70,,88613,14,,,0,81,,88614,14,,,0
400,'5463',757,,88619,14,,,0,70,,88620,14,,,0,32,,88621,14,,,0,71,,88622,14,,,0,70,,88623,14,,,0,30,,88624,14,,,0,20,,88625,14,,,0,60,,88626,14,,,0,20,,88627,14,,,0,20,,88628,14,,,0,60,,88629,14,,,0,21,,88630,14,,,0,21,,88631,14,,,0,60,,88632,14,,,0,20,,88633,14,,,0,20,,88634,14,,,0,60,,88635,14,,,0,19,,88662,14,,,0,18,,88636,14,,,0,56,,88637,14,,,0,16,,88638,14,,,0,16,,88639,14,,,0,16,,88664,14,,,0,56,,88640,14,,,0,16,,88641,14,,,0,16,,88642,14,,,0,16,,88643,14,,,0,55,,88663,14,,,0,15,,88644,14,,,0,17,,88645,14,,,0,57,,88646,14,,,0,18,,88647,14,,,0,18,,88648,14,,,0,17,,88649,14,,,0,58,,88650,14,,,0,18,,88651,14,,,0,18,,88652,14,,,0,58,,88665,14,,,0,17,,88653,14,,,0,20,,88654,14,,,0,60,,88655,14,,,0,24,,88656,14,,,0,30,,88657,14,,,0,71,,88658,14,,,0,29,,88659,14,,,0,70,,88660,14,,,0,81,,88661,14,,,0
900,'5456',714,,90756,19,,,0,15,,90754,19,,,0,15,,90755,38,,,0,15,,90752,19,,,0,68,,90753,38,,,0
900,'5458',714,,90761,19,,,0,15,,90759,19,,,0,15,,90760,38,,,0,15,,90757,19,,,0,68,,90758,38,,,0
