4801,'5456',1713,,98618,44,,,0,28,,98617,44,,,0,66,,98616,44,,,0
4801,'5458',1713,,98621,44,,,0,28,,98620,44,,,0,66,,98619,44,,,0
5201,'4832',724,,85221,22,,,0,30,,85237,22,,,0,70,,85229,22,,,0,31,,85217,22,,,0,70,,85224,22,,,0,30,,85231,22,,,0,71,,85226,22,,,0,30,,85218,22,,,0,70,,85223,22,,,0,30,,85232,22,,,0,70,,85228,22,,,0,75,,85216,22,,,0,30,,85222,22,,,0,75,,85235,22,,,0,35,,85227,22,,,0,75,,85242,22,,,0,30,,85220,22,,,0,70,,85234,22,,,0,30,,85225,22,,,0,70,,85230,22,,,0,30,,85219,22,,,0,70,,85233,22,,,0,39,,85236,22,,,0,100,,85238,22,,,0,100,,85239,22,,,0,100,,85240,22,,,0,100,,85241,22,,,0
5201,'5453',724,,85248,22,,,0,30,,85264,22,,,0,70,,85256,22,,,0,31,,85244,22,,,0,70,,85251,22,,,0,30,,85258,22,,,0,71,,85253,22,,,0,30,,85245,22,,,0,70,,85250,22,,,0,30,,85259,22,,,0,70,,85255,22,,,0,75,,85243,22,,,0,30,,85249,22,,,0,75,,85262,22,,,0,35,,85254,22,,,0,75,,85269,22,,,0,30,,85247,22,,,0,70,,85261,22,,,0,30,,85252,22,,,0,70,,85257,22,,,0,30,,85246,22,,,0,70,,85260,22,,,0,39,,85263,22,,,0,100,,85265,22,,,0,100,,85266,22,,,0,100,,85267,22,,,0,100,,85268,22,,,0
5201,'5456',512,,98955,22,,,0,35,,98954,22,,,0,78,,98957,22,,,0,78,,98956,22,,,0,26,,98965,22,,,0,28,,98958,23,,,0,73,,98982,23,,,0,24,,98959,22,,,0,75,,98960,23,,,0,75,,98961,22,,,0,29,,98983,22,,,0,70,,98963,22,,,0,28,,98962,22,,,0,75,,98964,22,,,0,34,,98981,22,,,0,70,,98967,22,,,0,30,,98966,22,,,0,70,,98987,22,,,0,30,,98968,23,,,0,19,,98991,22,0,38 3 39 49,0,50,,98980,23,,,0,24,,98992,7,0,30 14,0,2,,98993,7,0,30 14,0,1,,98969,23,,,0,74,,98970,23,,,0,37,,98988,23,,,0,63,,98971,23,,,0,25,,98979,23,,,0,22,,98972,22,,,0,70,,98973,22,,,0,29,,98989,22,,,0,70,,98974,22,,,0,33,,98975,22,,,0,69,,98977,22,,,0,28,,98990,22,,,0,66,,98976,22,0,38 3 39 49,0,35,,98978,22,,,0,98,,98986,22,,,0,99,,98984,22,,,0
5201,'5458',512,,98995,22,,,0,35,,98994,22,,,0,78,,98997,22,,,0,78,,98996,22,,,0,26,,99005,22,,,0,28,,98998,23,,,0,73,,99022,23,,,0,24,,98999,22,,,0,75,,99000,23,,,0,75,,99001,22,,,0,29,,99023,22,,,0,70,,99003,22,,,0,28,,99002,22,,,0,75,,99004,22,,,0,34,,99021,22,,,0,70,,99007,22,,,0,30,,99006,22,,,0,70,,99027,22,,,0,25,,99031,7,0,30 14,0,5,,99008,23,,,0,19,,99032,22,0,38 3 39 49,0,50,,99020,23,,,0,26,,99033,7,0,30 14,0,1,,99009,23,,,0,74,,99010,23,,,0,37,,99028,23,,,0,63,,99011,23,,,0,25,,99019,23,,,0,22,,99012,22,,,0,70,,99013,22,,,0,29,,99029,22,,,0,70,,99014,22,,,0,33,,99015,22,,,0,69,,99017,22,,,0,28,,99030,22,,,0,66,,99016,22,0,38 3 39 49,0,35,,99018,22,,,0,98,,99026,22,,,0,99,,99024,22,,,0
5201,'5459',653,,99043,22,,,0,71,,99053,22,,,0,30,,99051,22,,,0,71,,99034,22,,,0,30,,99041,22,,,0,70,,99060,22,,,0,30,,99038,22,,,0,71,,99035,22,,,0,30,,99042,22,,,0,70,,99061,22,,,0,30,,99039,22,,,0,71,,99036,22,,,0,75,,99045,22,,,0,30,,99063,22,,,0,75,,99040,22,,,0,35,,99050,22,,,0,75,,99044,22,,,0,30,,99062,22,,,0,70,,99037,22,,,0,30,,99048,22,,,0,65,,99056,22,,,0,25,,99047,22,,,0,64,,99052,22,,,0,25,,99049,22,,,0,30,,99046,22,,,0,69,,99059,22,,,0,32,,99054,22,,,0,70,,99058,22,,,0,30,,99055,22,,,0,65,,99057,22,0,38 3 39 49,0,30,,99064,22,,,0,103,,99065,22,,,0,100,,99066,22,,,0
5201,'5460',724,,99072,22,,,0,30,,99088,22,,,0,70,,99080,22,,,0,31,,99068,22,,,0,70,,99075,22,,,0,30,,99082,22,,,0,71,,99077,22,,,0,30,,99069,22,,,0,70,,99074,22,,,0,30,,99083,22,,,0,70,,99079,22,,,0,75,,99067,22,,,0,30,,99073,22,,,0,75,,99086,22,,,0,35,,99078,22,,,0,75,,99093,22,,,0,30,,99071,22,,,0,70,,99085,22,,,0,30,,99076,22,,,0,70,,99081,22,,,0,30,,99070,22,,,0,70,,99084,22,,,0,39,,99087,22,,,0,100,,99089,22,,,0,100,,99090,22,,,0,100,,99091,22,,,0,100,,99092,22,,,0
5201,'5461',724,,99099,22,,,0,30,,99115,22,,,0,70,,99107,22,,,0,31,,99095,22,,,0,70,,99102,22,,,0,30,,99109,22,,,0,71,,99104,22,,,0,30,,99096,22,,,0,70,,99101,22,,,0,30,,99110,22,,,0,70,,99106,22,,,0,75,,99094,22,,,0,30,,99100,22,,,0,75,,99113,22,,,0,35,,99105,22,,,0,75,,99120,22,,,0,30,,99098,22,,,0,70,,99112,22,,,0,30,,99103,22,,,0,70,,99108,22,,,0,30,,99097,22,,,0,70,,99111,22,,,0,39,,99114,22,,,0,100,,99116,22,,,0,100,,99117,22,,,0,100,,99118,22,,,0,100,,99119,22,,,0
5201,'5462',724,,99126,22,,,0,30,,99142,22,,,0,70,,99134,22,,,0,31,,99122,22,,,0,70,,99129,22,,,0,30,,99136,22,,,0,71,,99131,22,,,0,30,,99123,22,,,0,70,,99128,22,,,0,30,,99137,22,,,0,70,,99133,22,,,0,75,,99121,22,,,0,30,,99127,22,,,0,75,,99140,22,,,0,35,,99132,22,,,0,75,,99147,22,,,0,30,,99125,22,,,0,70,,99139,22,,,0,30,,99130,22,,,0,70,,99135,22,,,0,30,,99124,22,,,0,70,,99138,22,,,0,39,,99141,22,,,0,100,,99143,22,,,0,100,,99144,22,,,0,100,,99145,22,,,0,100,,99146,22,,,0
5201,'5463',724,,99153,22,,,0,30,,99169,22,,,0,70,,99161,22,,,0,31,,99149,22,,,0,70,,99156,22,,,0,30,,99163,22,,,0,71,,99158,22,,,0,30,,99150,22,,,0,70,,99155,22,,,0,30,,99164,22,,,0,70,,99160,22,,,0,75,,99148,22,,,0,30,,99154,22,,,0,75,,99167,22,,,0,35,,99159,22,,,0,75,,99174,22,,,0,30,,99152,22,,,0,70,,99166,22,,,0,30,,99157,22,,,0,70,,99162,22,,,0,30,,99151,22,,,0,70,,99165,22,,,0,39,,99168,22,,,0,100,,99170,22,,,0,100,,99171,22,,,0,100,,99172,22,,,0,100,,99173,22,,,0
5900,'4832',745,,74096,7,,,0,100,,74097,7,,,0,101,,74098,7,,,0,101,,74100,7,,,0,106,,85561,7,,,0,105,,85565,7,,,0,145,,85563,7,,,0,107,,85564,7,,,0,105,,85562,7,,,0,105,,74106,7,,,0,103,,74107,7,,,0,105,,74105,7,,,0,103,,74108,7,,,0
5900,'5453',745,,80962,7,,,0,100,,80963,7,,,0,101,,80964,7,,,0,101,,80966,7,,,0,106,,80965,7,,,0,105,,80970,7,,,0,145,,80968,7,,,0,107,,80969,7,,,0,105,,80967,7,,,0,105,,80972,7,,,0,103,,80973,7,,,0,105,,80971,7,,,0,103,,80974,7,,,0
5900,'5456',636,,99981,7,,,0,100,,99982,7,,,0,81,,99979,7,,,0,12,,99996,7,,,0,99,,99980,7,,,0,92,,99986,7,,,0,101,,99987,7,,,0,102,,99988,7,,,0,103,,99983,7,,,0,111,,99984,7,,,0,100,,99985,7,,,0,87,,99989,7,,,0,84,,99995,7,,,0,41,,99994,7,,,0,84,,99990,7,,,0,99,,99991,7,,,0,99,,99992,7,,,0,110,,99993,7,,,0
5900,'5458',636,,99999,7,,,0,100,,100000,7,,,0,81,,99997,7,,,0,12,,100014,7,,,0,99,,99998,7,,,0,92,,100004,7,,,0,101,,100005,7,,,0,102,,100006,7,,,0,103,,100001,7,,,0,111,,100002,7,,,0,100,,100003,7,,,0,87,,100007,7,,,0,84,,100013,7,,,0,41,,100012,7,,,0,84,,100008,7,,,0,99,,100009,7,,,0,99,,100010,7,,,0,110,,100011,7,,,0
5900,'5459',745,,100028,7,,,0,101,,100027,7,,,0,101,,100026,7,,,0,101,,100025,7,,,0,105,,100024,7,,,0,106,,100023,7,,,0,146,,100022,7,,,0,105,,100021,7,,,0,104,,100020,7,,,0,105,,100016,7,,,0,105,,100017,7,,,0,104,,100018,7,,,0,103,,100019,7,,,0,107,,100015,7,,,0
5900,'5460',745,,100029,7,,,0,100,,100030,7,,,0,101,,100031,7,,,0,101,,100033,7,,,0,106,,100032,7,,,0,105,,100037,7,,,0,145,,100035,7,,,0,107,,100036,7,,,0,105,,100034,7,,,0,105,,100039,7,,,0,103,,100040,7,,,0,105,,100038,7,,,0,103,,100041,7,,,0
5900,'5461',745,,100042,7,,,0,100,,100043,7,,,0,101,,100044,7,,,0,101,,100046,7,,,0,106,,100045,7,,,0,105,,100050,7,,,0,145,,100048,7,,,0,107,,100049,7,,,0,105,,100047,7,,,0,105,,100052,7,,,0,103,,100053,7,,,0,105,,100051,7,,,0,103,,100054,7,,,0
5900,'5462',745,,100055,7,,,0,100,,100056,7,,,0,101,,100057,7,,,0,101,,100059,7,,,0,106,,100058,7,,,0,105,,100063,7,,,0,145,,100061,7,,,0,107,,100062,7,,,0,105,,100060,7,,,0,105,,100065,7,,,0,103,,100066,7,,,0,105,,100064,7,,,0,103,,100067,7,,,0
5900,'5463',745,,100068,7,,,0,100,,100069,7,,,0,101,,100070,7,,,0,101,,100072,7,,,0,106,,100071,7,,,0,105,,100076,7,,,0,145,,100074,7,,,0,107,,100075,7,,,0,105,,100073,7,,,0,105,,100078,7,,,0,103,,100079,7,,,0,105,,100077,7,,,0,103,,100080,7,,,0
