800,'5456',657,,90530,52,4,,0,93,,90531,52,4,,0,75,,90532,52,4,,0,21,,90554,52,4,,0,59,,90534,52,4,,0,46,,90533,52,4,,0,75,,90536,52,4,,0,81,,90535,52,4,,0,45,,90537,52,4,,0,78,,90540,52,4,,0,84,,90538,52,4,,0,44,,90539,52,4,,0,85,,90542,52,4,,0,102,,90541,52,4,,0,82,,90544,52,4,,0,86,,90543,52,4,,0,29,,90546,52,4,,0,71,,90545,52,4,,0,30,,90548,52,4,,0,68,,90547,52,4,,0,29,,90549,52,4,,0,94,,90550,52,4,,0,83,,90551,52,4,,0,96,,90552,52,4,,0,41,,90553,52,4,,0
800,'5458',657,,90556,52,4,,0,93,,90557,52,4,,0,75,,90558,52,4,,0,21,,90580,52,4,,0,59,,90560,52,4,,0,46,,90559,52,4,,0,75,,90562,52,4,,0,81,,90561,52,4,,0,45,,90563,52,4,,0,78,,90566,52,4,,0,84,,90564,52,4,,0,44,,90565,52,4,,0,85,,90568,52,4,,0,102,,90567,52,4,,0,82,,90570,52,4,,0,86,,90569,52,4,,0,29,,90572,52,4,,0,71,,90571,52,4,,0,30,,90574,52,4,,0,68,,90573,52,4,,0,29,,90575,52,4,,0,94,,90576,52,4,,0,83,,90577,52,4,,0,96,,90578,52,4,,0,41,,90579,52,4,,0
800,'5459',744,,90588,41,4,,0,85,,90589,41,4,,0,88,,90590,41,4,,0,87,,90583,41,4,,0,52,,90584,41,4,,0,87,,90582,41,4,,0,90,,90585,41,4,,0,91,,90586,41,4,,0,92,,90587,41,4,,0,92,,90591,41,4,,0,50,,90592,41,4,,0,91,,90593,41,4,,0,87,,90594,41,4,,0,84,,90595,41,4,,0,84,,90596,41,4,,0
800,'5460',915,,90598,41,4,,0,87,,90599,41,4,,0,51,,90600,41,4,,0,87,,90601,41,4,,0,91,,90602,41,4,,0,92,,90597,41,4,,0,91,,90603,41,4,,0,91,,90604,41,4,,0,51,,90605,41,4,,0,91,,90606,41,4,,0,87,,90607,41,4,,0
800,'5461',915,,90609,41,4,,0,87,,90610,41,4,,0,51,,90611,41,4,,0,87,,90612,41,4,,0,91,,90613,41,4,,0,92,,90608,41,4,,0,91,,90614,41,4,,0,91,,90615,41,4,,0,51,,90616,41,4,,0,91,,90617,41,4,,0,87,,90618,41,4,,0
800,'5462',915,,90620,41,4,,0,87,,90621,41,4,,0,51,,90622,41,4,,0,87,,90623,41,4,,0,91,,90624,41,4,,0,92,,90619,41,4,,0,91,,90625,41,4,,0,91,,90626,41,4,,0,51,,90627,41,4,,0,91,,90628,41,4,,0,87,,90629,41,4,,0
800,'5463',915,,90631,41,4,,0,87,,90632,41,4,,0,51,,90633,41,4,,0,87,,90634,41,4,,0,91,,90635,41,4,,0,92,,90630,41,4,,0,91,,90636,41,4,,0,91,,90637,41,4,,0,51,,90638,41,4,,0,91,,90639,41,4,,0,87,,90640,41,4,,0
801,'5456',638,,90641,1,,,0,75,,90642,1,,,0,24,,90645,1,,,0,64,,90643,1,,,0,35,,90646,1,,,0,87,,90644,1,,,0,83,,90647,1,,,0,31,,90649,1,,,0,82,,90648,1,,,0,84,,90651,1,,,0,39,,90650,1,,,0,85,,90654,1,,,0,86,,90652,1,,,0,26,,90666,1,0,8 9,0,17,,90653,1,,,0,72,,90656,1,,,0,75,,90655,1,,,0,37,,90658,1,,,0,85,,90657,1,,,0,32,,90660,1,,,0,72,,90659,1,,,0,74,,90661,1,,,0,48,,90662,1,,,0,97,,90663,1,,,0,85,,90664,1,,,0
801,'5458',638,,90667,1,,,0,75,,90668,1,,,0,24,,90671,1,,,0,64,,90669,1,,,0,35,,90672,1,,,0,87,,90670,1,,,0,83,,90673,1,,,0,31,,90675,1,,,0,82,,90674,1,,,0,84,,90677,1,,,0,39,,90676,1,,,0,85,,90680,1,,,0,86,,90678,1,,,0,26,,90692,1,0,8 9,0,17,,90679,1,,,0,72,,90682,1,,,0,75,,90681,1,,,0,37,,90684,1,,,0,85,,90683,1,,,0,32,,90686,1,,,0,72,,90685,1,,,0,74,,90687,1,,,0,48,,90688,1,,,0,97,,90689,1,,,0,85,,90690,1,,,0
801,'5459',715,,90694,1,0,8 9,0,85,,90695,1,0,8 9,0,45,,90696,1,0,8 9,0,85,,90697,1,0,8 9,0,85,,90698,1,0,8 9,0,90,,90699,1,0,8 9,0,48,,90700,1,0,8 9,0,90,,90701,1,0,8 9,0,92,,90693,1,0,8 9,0,91,,90702,1,0,8 9,0,92,,90703,1,0,8 9,0,90,,90704,1,0,8 9,0,51,,90705,1,0,8 9,0,87,,90706,1,0,8 9,0,84,,90707,1,0,8 9,0
801,'5460',930,,90709,1,0,8 9,0,85,,90710,1,0,8 9,0,90,,90711,1,0,8 9,0,48,,90712,1,0,8 9,0,90,,90708,1,0,8 9,0,92,,90713,1,0,8 9,0,91,,90714,1,0,8 9,0,92,,90715,1,0,8 9,0,90,,90716,1,0,8 9,0,51,,90717,1,0,8 9,0,87,,90718,1,0,8 9,0
801,'5461',930,,90720,1,0,8 9,0,85,,90721,1,0,8 9,0,90,,90722,1,0,8 9,0,48,,90723,1,0,8 9,0,90,,90719,1,0,8 9,0,92,,90724,1,0,8 9,0,91,,90725,1,0,8 9,0,92,,90726,1,0,8 9,0,90,,90727,1,0,8 9,0,51,,90728,1,0,8 9,0,87,,90729,1,0,8 9,0
801,'5462',930,,90731,1,0,8 9,0,85,,90732,1,0,8 9,0,90,,90733,1,0,8 9,0,48,,90734,1,0,8 9,0,90,,90730,1,0,8 9,0,92,,90735,1,0,8 9,0,91,,90736,1,0,8 9,0,92,,90737,1,0,8 9,0,90,,90738,1,0,8 9,0,51,,90739,1,0,8 9,0,87,,90740,1,0,8 9,0
801,'5463',930,,90742,1,0,8 9,0,85,,90743,1,0,8 9,0,90,,90744,1,0,8 9,0,48,,90745,1,0,8 9,0,90,,90741,1,0,8 9,0,92,,90746,1,0,8 9,0,91,,90747,1,0,8 9,0,92,,90748,1,0,8 9,0,90,,90749,1,0,8 9,0,51,,90750,1,0,8 9,0,87,,90751,1,0,8 9,0
