3201,'4832',822,,72252,13,0,28 29 14,0,100,,72253,13,0,28 29 14,0,100,,72254,13,0,28 29 14,0,101,,72257,13,0,28 29 14,0,100,,72255,13,0,28 29 14,0,101,,72256,13,0,28 29 14,0,100,,72261,13,0,28 29 14,0,100,,72258,13,0,28 29 14,0,100,,72259,13,0,28 29 14,0,99,,84688,13,0,28 29 14,0,100,,84690,13,0,28 29 14,0,100,,84689,13,0,28 29 14,0
3201,'5453',822,,84691,13,0,28 29 14,0,100,,80674,13,0,28 29 14,0,100,,80675,13,0,28 29 14,0,101,,80678,13,0,28 29 14,0,100,,80676,13,0,28 29 14,0,101,,80677,13,0,28 29 14,0,100,,80682,13,0,28 29 14,0,100,,80679,13,0,28 29 14,0,100,,80680,13,0,28 29 14,0,99,,84692,13,0,28 29 14,0,100,,80684,13,0,28 29 14,0,100,,84693,13,0,28 29 14,0
3201,'5456',622,,97812,13,0,28 29 14,0,80,,97813,13,,,0,42,,97816,13,,,0,83,,97819,13,0,28 29 14,0,108,,97814,13,0,28 29 14,0,100,,97815,13,0,28 29 14,0,105,,97817,13,0,28 29 14,0,105,,97818,13,0,28 29 14,0,105,,97820,13,0,28 29 14,0,108,,97821,13,0,28 29 14,0,152,,97822,13,0,28 29 14,0,101,,97824,13,0,28 29 14,0,33,,97825,13,0,28 29 14,0,70,,97823,13,0,28 29 14,0,110,,97826,13,0,28 29 14,0,99,,97827,13,0,28 29 14,0,100,,97828,13,0,28 29 14,0,98,,97829,13,0,28 29 14,0
3201,'5458',622,,97830,13,0,28 29 14,0,80,,97831,13,,,0,42,,97834,13,,,0,83,,97837,13,0,28 29 14,0,108,,97832,13,0,28 29 14,0,100,,97833,13,0,28 29 14,0,105,,97835,13,0,28 29 14,0,105,,97836,13,0,28 29 14,0,105,,97838,13,0,28 29 14,0,108,,97839,13,0,28 29 14,0,152,,97840,13,0,28 29 14,0,101,,97842,13,0,28 29 14,0,33,,97843,13,0,28 29 14,0,70,,97841,13,0,28 29 14,0,110,,97844,13,0,28 29 14,0,99,,97845,13,0,28 29 14,0,100,,97846,13,0,28 29 14,0,98,,97847,13,0,28 29 14,0
3201,'5459',822,,97852,13,0,28 29 14,0,100,,97855,13,0,28 29 14,0,101,,97859,13,0,28 29 14,0,100,,97850,13,0,28 29 14,0,100,,97853,13,0,28 29 14,0,101,,97856,13,0,28 29 14,0,100,,97860,13,0,28 29 14,0,100,,97851,13,0,28 29 14,0,100,,97854,13,0,28 29 14,0,99,,97858,13,0,28 29 14,0,100,,97861,13,0,28 29 14,0,99,,97857,13,0,28 29 14,0,99,,97862,13,0,28 29 14,0,100,,97849,13,0,28 29 14,0,99,,97848,13,0,28 29 14,0
3201,'5460',822,,97863,13,0,28 29 14,0,100,,97864,13,0,28 29 14,0,100,,97865,13,0,28 29 14,0,101,,97868,13,0,28 29 14,0,100,,97866,13,0,28 29 14,0,101,,97867,13,0,28 29 14,0,100,,97872,13,0,28 29 14,0,100,,97869,13,0,28 29 14,0,100,,97870,13,0,28 29 14,0,99,,97871,13,0,28 29 14,0,100,,97874,13,0,28 29 14,0,100,,97873,13,0,28 29 14,0
3201,'5461',822,,97875,13,0,28 29 14,0,100,,97876,13,0,28 29 14,0,100,,97877,13,0,28 29 14,0,101,,97880,13,0,28 29 14,0,100,,97878,13,0,28 29 14,0,101,,97879,13,0,28 29 14,0,100,,97884,13,0,28 29 14,0,100,,97881,13,0,28 29 14,0,100,,97882,13,0,28 29 14,0,99,,97883,13,0,28 29 14,0,100,,97886,13,0,28 29 14,0,100,,97885,13,0,28 29 14,0
3201,'5462',822,,97887,13,0,28 29 14,0,100,,97888,13,0,28 29 14,0,100,,97889,13,0,28 29 14,0,101,,97892,13,0,28 29 14,0,100,,97890,13,0,28 29 14,0,101,,97891,13,0,28 29 14,0,100,,97896,13,0,28 29 14,0,100,,97893,13,0,28 29 14,0,100,,97894,13,0,28 29 14,0,99,,97895,13,0,28 29 14,0,100,,97898,13,0,28 29 14,0,100,,97897,13,0,28 29 14,0
3201,'5463',822,,97899,13,0,28 29 14,0,100,,97900,13,0,28 29 14,0,100,,97901,13,0,28 29 14,0,101,,97904,13,0,28 29 14,0,100,,97902,13,0,28 29 14,0,101,,97903,13,0,28 29 14,0,100,,97908,13,0,28 29 14,0,100,,97905,13,0,28 29 14,0,100,,97906,13,0,28 29 14,0,99,,97907,13,0,28 29 14,0,100,,97910,13,0,28 29 14,0,100,,97909,13,0,28 29 14,0
3901,'4832',749,,72570,18,0,28 29 14,0,100,,72569,18,0,28 29 14,0,99,,72568,18,0,28 29 14,0,100,,72571,18,0,28 29 14,0,100,,72572,18,0,28 29 14,0,100,,72573,18,0,28 29 14,0,100,,72576,18,0,28 29 14,0,100,,72577,18,0,28 29 14,0,100,,72575,18,0,28 29 14,0,100,,84785,18,0,28 29 14,0,100,,84786,18,0,28 29 14,0,101,,84787,18,0,28 29 14,0,100,,72580,18,0,28 29 14,0
3901,'5453',749,,84788,18,0,28 29 14,0,100,,80712,18,0,28 29 14,0,99,,80711,18,0,28 29 14,0,100,,80714,18,0,28 29 14,0,100,,80715,18,0,28 29 14,0,100,,80716,18,0,28 29 14,0,100,,80719,18,0,28 29 14,0,100,,80720,18,0,28 29 14,0,100,,80718,18,0,28 29 14,0,100,,84789,18,0,28 29 14,0,100,,80721,18,0,28 29 14,0,101,,84790,18,0,28 29 14,0,100,,80723,18,0,28 29 14,0
3901,'5456',619,,98227,18,,,0,32,,98218,18,,,0,75,,98228,18,,,0,13,,98219,18,,,0,13,,98211,18,,,0,53,,98201,18,,,0,16,,98210,18,,,0,15,,98221,18,,,0,64,,98220,18,,,0,27,,98198,18,,,0,30,,98212,18,,,0,70,,98222,18,,,0,30,,98203,18,,,0,70,,98197,18,,,0,30,,98204,18,,,0,70,,98223,18,,,0,30,,98205,18,,,0,70,,98199,18,,,0,31,,98206,18,,,0,71,,98224,18,,,0,19,,98196,18,,,0,56,,98190,18,,,0,17,,98207,18,,,0,8,,98189,18,0,28 29 14,0,7,,98200,18,,,0,18,,98225,18,,,0,55,,98188,18,,,0,14,,98194,18,,,0,16,,98191,18,,,0,16,,98209,18,,,0,55,,98208,18,,,0,16,,98226,18,,,0,18,,98195,18,,,0,60,,98192,18,,,0,20,,98213,18,,,0,19,,98202,18,,,0,60,,98217,18,,,0,20,,98193,18,,,0,22,,98214,18,,,0,107,,98216,18,,,0,106,,98215,18,0,28 29 14,0
3901,'5458',619,,98268,18,,,0,32,,98259,18,,,0,75,,98269,18,,,0,13,,98260,18,,,0,13,,98252,18,,,0,53,,98242,18,,,0,16,,98251,18,,,0,15,,98262,18,,,0,64,,98261,18,,,0,27,,98239,18,,,0,30,,98253,18,,,0,70,,98263,18,,,0,30,,98244,18,,,0,70,,98238,18,,,0,30,,98245,18,,,0,70,,98264,18,,,0,30,,98246,18,,,0,70,,98240,18,,,0,31,,98247,18,,,0,71,,98265,18,,,0,19,,98237,18,,,0,56,,98231,18,,,0,17,,98248,18,,,0,8,,98230,18,0,28 29 14,0,7,,98241,18,,,0,18,,98266,18,,,0,55,,98229,18,,,0,14,,98235,18,,,0,16,,98232,18,,,0,16,,98250,18,,,0,55,,98249,18,,,0,16,,98267,18,,,0,18,,98236,18,,,0,60,,98233,18,,,0,20,,98254,18,,,0,19,,98243,18,,,0,60,,98258,18,,,0,20,,98234,18,,,0,22,,98255,18,,,0,107,,98257,18,,,0,106,,98256,18,0,28 29 14,0
3901,'5459',749,,98272,18,0,28 29 14,0,100,,98275,18,0,28 29 14,0,100,,98280,18,0,28 29 14,0,99,,98270,18,0,28 29 14,0,100,,98273,18,0,28 29 14,0,100,,98276,18,0,28 29 14,0,100,,98281,18,0,28 29 14,0,100,,98271,18,0,28 29 14,0,100,,98274,18,0,28 29 14,0,100,,98277,18,0,28 29 14,0,101,,98282,18,0,28 29 14,0,100,,98278,18,0,28 29 14,0,100,,98279,18,0,28 29 14,0
3901,'5460',749,,98285,18,0,28 29 14,0,100,,98284,18,0,28 29 14,0,99,,98283,18,0,28 29 14,0,100,,98286,18,0,28 29 14,0,100,,98287,18,0,28 29 14,0,100,,98288,18,0,28 29 14,0,100,,98291,18,0,28 29 14,0,100,,98292,18,0,28 29 14,0,100,,98290,18,0,28 29 14,0,100,,98289,18,0,28 29 14,0,100,,98293,18,0,28 29 14,0,101,,98294,18,0,28 29 14,0,100,,98295,18,0,28 29 14,0
3901,'5461',749,,98298,18,0,28 29 14,0,100,,98297,18,0,28 29 14,0,99,,98296,18,0,28 29 14,0,100,,98299,18,0,28 29 14,0,100,,98300,18,0,28 29 14,0,100,,98301,18,0,28 29 14,0,100,,98304,18,0,28 29 14,0,100,,98305,18,0,28 29 14,0,100,,98303,18,0,28 29 14,0,100,,98302,18,0,28 29 14,0,100,,98306,18,0,28 29 14,0,101,,98307,18,0,28 29 14,0,100,,98308,18,0,28 29 14,0
3901,'5462',749,,98311,18,0,28 29 14,0,100,,98310,18,0,28 29 14,0,99,,98309,18,0,28 29 14,0,100,,98312,18,0,28 29 14,0,100,,98313,18,0,28 29 14,0,100,,98314,18,0,28 29 14,0,100,,98317,18,0,28 29 14,0,100,,98318,18,0,28 29 14,0,100,,98316,18,0,28 29 14,0,100,,98315,18,0,28 29 14,0,100,,98319,18,0,28 29 14,0,101,,98320,18,0,28 29 14,0,100,,98321,18,0,28 29 14,0
3901,'5463',749,,98324,18,0,28 29 14,0,100,,98323,18,0,28 29 14,0,99,,98322,18,0,28 29 14,0,100,,98325,18,0,28 29 14,0,100,,98326,18,0,28 29 14,0,100,,98327,18,0,28 29 14,0,100,,98330,18,0,28 29 14,0,100,,98331,18,0,28 29 14,0,100,,98329,18,0,28 29 14,0,100,,98328,18,0,28 29 14,0,100,,98332,18,0,28 29 14,0,101,,98333,18,0,28 29 14,0,100,,98334,18,0,28 29 14,0
