1201,'4832',910,,66922,13,,,0,100,,66923,13,,,0,101,,66926,13,,,0,100,,66924,13,,,0,100,,66925,13,,,0,100,,82778,13,,,0,100,,82780,13,,,0,100,,82779,13,,,0,103,,66930,13,,,0,100,,82781,13,,,0,100,,66932,13,,,0
1201,'5453',910,,78888,13,,,0,100,,78889,13,,,0,101,,82782,13,,,0,100,,78890,13,,,0,100,,78891,13,,,0,100,,82783,13,,,0,100,,82785,13,,,0,100,,82784,13,,,0,103,,78896,13,,,0,100,,82786,13,,,0,100,,78898,13,,,0
1201,'5456',655,,91639,13,,,0,81,,91640,13,,,0,69,,91636,13,,,0,32,,91646,13,,,0,70,,91633,13,,,0,31,,91641,13,,,0,69,,91634,13,,,0,30,,91621,13,,,0,70,,91626,13,,,0,30,,91637,13,,,0,70,,91629,13,,,0,30,,91622,13,,,0,70,,91627,13,,,0,29,,91638,13,,,0,72,,91628,13,,,0,31,,91623,13,,,0,62,,91630,13,,,0,9,,91620,13,,,0,25,,91631,13,,,0,75,,91632,13,,,0,20,,91644,13,,,0,24,,91625,13,,,0,56,,91645,13,,,0,30,,91624,13,,,0,70,,91635,13,,,0,36,,91642,13,,,0,71,,91643,13,,,0
1201,'5458',655,,91666,13,,,0,81,,91667,13,,,0,69,,91663,13,,,0,32,,91673,13,,,0,70,,91660,13,,,0,31,,91668,13,,,0,69,,91661,13,,,0,30,,91648,13,,,0,70,,91653,13,,,0,30,,91664,13,,,0,70,,91656,13,,,0,30,,91649,13,,,0,70,,91654,13,,,0,29,,91665,13,,,0,72,,91655,13,,,0,31,,91650,13,,,0,62,,91657,13,,,0,9,,91647,13,,,0,25,,91658,13,,,0,75,,91659,13,,,0,20,,91671,13,,,0,24,,91652,13,,,0,56,,91672,13,,,0,30,,91651,13,,,0,70,,91662,13,,,0,36,,91669,13,,,0,71,,91670,13,,,0
1201,'5459',910,,91676,13,,,0,100,,91679,13,,,0,101,,91682,13,,,0,100,,91674,13,,,0,100,,91675,13,,,0,100,,91680,13,,,0,100,,91683,13,,,0,100,,91677,13,,,0,103,,91678,13,,,0,100,,91681,13,,,0,100,,91684,13,,,0
1201,'5460',910,,91685,13,,,0,100,,91686,13,,,0,101,,91689,13,,,0,100,,91687,13,,,0,100,,91688,13,,,0,100,,91690,13,,,0,100,,91692,13,,,0,100,,91691,13,,,0,103,,91693,13,,,0,100,,91694,13,,,0,100,,91695,13,,,0
1201,'5461',910,,91696,13,,,0,100,,91697,13,,,0,101,,91700,13,,,0,100,,91698,13,,,0,100,,91699,13,,,0,100,,91701,13,,,0,100,,91703,13,,,0,100,,91702,13,,,0,103,,91704,13,,,0,100,,91705,13,,,0,100,,91706,13,,,0
1201,'5462',910,,91707,13,,,0,100,,91708,13,,,0,101,,91711,13,,,0,100,,91709,13,,,0,100,,91710,13,,,0,100,,91712,13,,,0,100,,91714,13,,,0,100,,91713,13,,,0,103,,91715,13,,,0,100,,91716,13,,,0,100,,91717,13,,,0
1201,'5463',910,,91718,13,,,0,100,,91719,13,,,0,101,,91722,13,,,0,100,,91720,13,,,0,100,,91721,13,,,0,100,,91723,13,,,0,100,,91725,13,,,0,100,,91724,13,,,0,103,,91726,13,,,0,100,,91727,13,,,0,100,,91728,13,,,0
2801,'4832',623,,79963,8,,,0,96,,84163,8,,,0,30,,71307,8,,,0,70,,84164,8,,,0,30,,79962,8,,,0,70,,71309,8,,,0,31,,84165,8,,,0,68,,71311,8,,,0,27,,71312,8,,,0,67,,84166,8,,,0,26,,71314,8,,,0,65,,71315,8,,,0,24,,84167,8,,,0,23,,84168,8,,,0,63,,71318,8,,,0,23,,71319,8,,,0,64,,71320,8,,,0,23,,84169,8,,,0,23,,79966,8,,,0,62,,71323,8,,,0,23,,71324,8,,,0,22,,84170,8,,,0,63,,79967,8,,,0,23,,71327,8,,,0,63,,84171,8,,,0,23,,84172,8,,,0,23,,79968,8,,,0,63,,71331,8,,,0,24,,84173,8,,,0,65,,84174,8,,,0,25,,71334,8,,,0,26,,84175,8,,,0,69,,84176,8,,,0,29,,71337,8,,,0,70,,84177,8,,,0,31,,84178,8,,,0,80,,79969,8,,,0,80,,84179,8,,,0,45,,79970,8,,,0
2801,'5453',623,,84181,8,,,0,96,,79982,8,,,0,30,,79983,8,,,0,70,,84182,8,,,0,30,,84180,8,,,0,70,,79985,8,,,0,31,,79986,8,,,0,68,,79987,8,,,0,27,,79988,8,,,0,67,,79989,8,,,0,26,,79990,8,,,0,65,,79991,8,,,0,24,,84183,8,,,0,23,,79993,8,,,0,63,,79994,8,,,0,23,,79995,8,,,0,64,,79996,8,,,0,23,,79997,8,,,0,23,,79998,8,,,0,62,,79999,8,,,0,23,,80000,8,,,0,22,,84184,8,,,0,63,,80002,8,,,0,23,,80003,8,,,0,63,,80004,8,,,0,23,,84185,8,,,0,23,,80006,8,,,0,63,,80007,8,,,0,24,,80008,8,,,0,65,,84186,8,,,0,25,,80010,8,,,0,26,,84187,8,,,0,69,,84188,8,,,0,29,,84189,8,,,0,70,,84190,8,,,0,31,,84191,8,,,0,80,,80016,8,,,0,80,,84192,8,,,0,45,,84193,8,,,0
2801,'5456',549,,96601,8,,,0,66,,96602,8,,,0,24,,96603,8,,,0,62,,96604,8,,,0,13,,96605,8,,,0,11,,96606,8,,,0,11,,96607,8,,,0,12,,96608,8,,,0,52,,96609,8,,,0,12,,96610,8,,,0,13,,96611,8,,,0,20,,96612,8,,,0,62,,96613,8,,,0,25,,96614,8,,,0,24,,96615,8,,,0,64,,96616,8,,,0,26,,96617,8,,,0,67,,96618,8,,,0,27,,96619,8,,,0,66,,96620,8,,,0,26,,96621,8,,,0,26,,96622,8,,,0,66,,96623,8,,,0,26,,96624,8,,,0,65,,96625,8,,,0,24,,96626,8,,,0,64,,96627,8,,,0,23,,96628,8,,,0,74,,96629,8,,,0,32,,96630,8,,,0,20,,96648,8,,,0,55,,96631,8,,,0,31,,96632,8,,,0,72,,96646,8,0,31 49,0,28,,96647,8,0,31 49,0,14,,96645,8,0,31 49,0,58,,96633,8,,,0,21,,96634,8,,,0,26,,96635,8,,,0,69,,96636,8,,,0,27,,96637,8,,,0,67,,96638,8,,,0,29,,96639,8,,,0,70,,96640,8,,,0,31,,96641,8,,,0,79,,96642,8,,,0,78,,96643,8,,,0,40,,96644,8,,,0
2801,'5458',549,,96649,8,,,0,66,,96650,8,,,0,24,,96651,8,,,0,62,,96652,8,,,0,13,,96653,8,,,0,11,,96654,8,,,0,11,,96655,8,,,0,12,,96656,8,,,0,52,,96657,8,,,0,12,,96658,8,,,0,13,,96659,8,,,0,20,,96660,8,,,0,62,,96661,8,,,0,25,,96662,8,,,0,24,,96663,8,,,0,64,,96664,8,,,0,26,,96665,8,,,0,67,,96666,8,,,0,27,,96667,8,,,0,66,,96668,8,,,0,26,,96669,8,,,0,26,,96670,8,,,0,66,,96671,8,,,0,26,,96672,8,,,0,65,,96673,8,,,0,24,,96674,8,,,0,64,,96675,8,,,0,23,,96676,8,,,0,74,,96677,8,,,0,32,,96678,8,,,0,20,,96699,8,,,0,55,,96679,8,,,0,31,,96680,8,,,0,72,,96697,8,0,31 49,0,28,,96698,8,0,31 49,0,14,,96696,8,0,31 49,0,58,,96681,8,,,0,21,,96682,8,,,0,26,,96683,8,,,0,69,,96684,8,,,0,27,,96685,8,,,0,67,,96686,8,,,0,29,,96687,8,,,0,70,,96688,8,,,0,31,,96689,8,,,0,79,,96690,8,,,0,78,,96691,8,,,0,40,,96692,8,,,0,80,,96693,8,,,0,79,,96694,8,0,16 49,0,40,,96695,8,0,16 49,0
2801,'5459',645,,96701,8,,,0,73,,96702,8,,,0,30,,96703,8,,,0,69,,96700,8,,,0,28,,96704,8,,,0,66,,96705,8,,,0,26,,96706,8,,,0,67,,96707,8,,,0,26,,96708,8,,,0,23,,96709,8,,,0,63,,96710,8,,,0,22,,96711,8,,,0,21,,96712,8,,,0,61,,96713,8,,,0,22,,96714,8,,,0,64,,96715,8,,,0,22,,96716,8,,,0,24,,96717,8,,,0,61,,96718,8,,,0,24,,96719,8,,,0,21,,96720,8,,,0,61,,96721,8,,,0,23,,96722,8,,,0,60,,96723,8,,,0,21,,96724,8,,,0,20,,96725,8,,,0,60,,96726,8,,,0,22,,96727,8,,,0,20,,96728,8,,,0,60,,96729,8,,,0,18,,96730,8,,,0,21,,96731,8,,,0,60,,96732,8,,,0,23,,96733,8,,,0,26,,96734,8,,,0,67,,96735,8,,,0,29,,96736,8,,,0,70,,96737,8,,,0,29,,96738,8,,,0,70,,96739,8,,,0,30,,96740,8,,,0,73,,96741,8,,,0,31,,96742,8,,,0,70,,96743,8,,,0,31,,96744,8,,,0,68,,96745,8,,,0,30,,96746,8,,,0,70,,96747,8,0,16 49,0,30,,96748,8,0,16 49,0
2801,'5460',623,,96749,8,,,0,98,,96750,8,,,0,30,,96751,8,,,0,71,,96752,8,,,0,27,,96753,8,,,0,71,,96754,8,,,0,30,,96755,8,,,0,67,,96756,8,,,0,27,,96757,8,,,0,66,,96758,8,,,0,27,,96759,8,,,0,65,,96760,8,,,0,24,,96761,8,,,0,24,,96762,8,,,0,62,,96763,8,,,0,22,,96764,8,,,0,24,,96765,8,,,0,64,,96766,8,,,0,23,,96767,8,,,0,62,,96768,8,,,0,23,,96769,8,,,0,23,,96770,8,,,0,64,,96771,8,,,0,23,,96772,8,,,0,63,,96773,8,,,0,22,,96774,8,,,0,24,,96775,8,,,0,62,,96776,8,,,0,24,,96777,8,,,0,24,,96778,8,,,0,67,,96779,8,,,0,26,,96780,8,,,0,69,,96781,8,,,0,29,,96782,8,,,0,70,,96783,8,,,0,30,,96784,8,,,0,80,,96785,8,,,0,81,,96786,8,,,0,46,,96787,8,,,0
2801,'5461',623,,96788,8,,,0,98,,96789,8,,,0,30,,96790,8,,,0,71,,96791,8,,,0,27,,96792,8,,,0,71,,96793,8,,,0,30,,96794,8,,,0,67,,96795,8,,,0,27,,96796,8,,,0,66,,96797,8,,,0,27,,96798,8,,,0,65,,96799,8,,,0,24,,96800,8,,,0,24,,96801,8,,,0,62,,96802,8,,,0,22,,96803,8,,,0,24,,96804,8,,,0,64,,96805,8,,,0,23,,96806,8,,,0,62,,96807,8,,,0,23,,96808,8,,,0,23,,96809,8,,,0,64,,96810,8,,,0,23,,96811,8,,,0,63,,96812,8,,,0,22,,96813,8,,,0,24,,96814,8,,,0,62,,96815,8,,,0,24,,96816,8,,,0,24,,96817,8,,,0,67,,96818,8,,,0,26,,96819,8,,,0,69,,96820,8,,,0,29,,96821,8,,,0,70,,96822,8,,,0,30,,96823,8,,,0,80,,96824,8,,,0,81,,96825,8,,,0,46,,96826,8,,,0
2801,'5462',623,,96827,8,,,0,98,,96828,8,,,0,30,,96829,8,,,0,71,,96830,8,,,0,27,,96831,8,,,0,71,,96832,8,,,0,30,,96833,8,,,0,67,,96834,8,,,0,27,,96835,8,,,0,66,,96836,8,,,0,27,,96837,8,,,0,65,,96838,8,,,0,24,,96839,8,,,0,24,,96840,8,,,0,62,,96841,8,,,0,22,,96842,8,,,0,24,,96843,8,,,0,64,,96844,8,,,0,23,,96845,8,,,0,62,,96846,8,,,0,23,,96847,8,,,0,23,,96848,8,,,0,64,,96849,8,,,0,23,,96850,8,,,0,63,,96851,8,,,0,22,,96852,8,,,0,24,,96853,8,,,0,62,,96854,8,,,0,24,,96855,8,,,0,24,,96856,8,,,0,67,,96857,8,,,0,26,,96858,8,,,0,69,,96859,8,,,0,29,,96860,8,,,0,70,,96861,8,,,0,30,,96862,8,,,0,80,,96863,8,,,0,81,,96864,8,,,0,46,,96865,8,,,0
2801,'5463',623,,96866,8,,,0,98,,96867,8,,,0,30,,96868,8,,,0,71,,96869,8,,,0,27,,96870,8,,,0,71,,96871,8,,,0,30,,96872,8,,,0,67,,96873,8,,,0,27,,96874,8,,,0,66,,96875,8,,,0,27,,96876,8,,,0,65,,96877,8,,,0,24,,96878,8,,,0,24,,96879,8,,,0,62,,96880,8,,,0,22,,96881,8,,,0,24,,96882,8,,,0,64,,96883,8,,,0,23,,96884,8,,,0,62,,96885,8,,,0,23,,96886,8,,,0,23,,96887,8,,,0,64,,96888,8,,,0,23,,96889,8,,,0,63,,96890,8,,,0,22,,96891,8,,,0,24,,96892,8,,,0,62,,96893,8,,,0,24,,96894,8,,,0,24,,96895,8,,,0,67,,96896,8,,,0,26,,96897,8,,,0,69,,96898,8,,,0,29,,96899,8,,,0,70,,96900,8,,,0,30,,96901,8,,,0,80,,96902,8,,,0,81,,96903,8,,,0,46,,96904,8,,,0
