4800,'5456',614,,98610,8,,,0,23,,98611,8,,,0,65,,98612,8,,,0
4800,'5458',614,,98613,8,,,0,23,,98614,8,,,0,65,,98615,8,,,0
5200,'5456',505,,98732,23,,,0,31,,98736,23,,,0,71,,98734,23,,,0,20,,98745,23,,,0,19,,98733,23,,,0,63,,98762,23,,,0,28,,98735,23,,,0,64,,98763,23,,,0,10,,98737,23,,,0,17,,98764,23,,,0,10,,98744,23,,,0,70,,98738,23,,,0,31,,98758,23,,,0,66,,98739,23,,,0,30,,98740,23,,,0,75,,98741,23,,,0,31,,98759,23,,,0,71,,98742,23,,,0,30,,98743,23,,,0,76,,98746,23,,,0,34,,98760,23,,,0,74,,98747,23,,,0,31,,98748,23,,,0,73,,98765,23,,,0,71,,98749,23,,,0,31,,98761,23,,,0,68,,98750,23,,,0,30,,98751,23,,,0,71,,98766,23,,,0,30,,98752,23,,,0,74,,98753,23,,,0,29,,98754,23,,,0,69,,98767,23,,,0,27,,98755,23,,,0,72,,98756,23,,,0,56,,98769,23,,,0,99,,98757,23,,,0,143,,98768,23,,,0
5200,'5458',505,,98771,23,,,0,31,,98775,23,,,0,71,,98773,23,,,0,20,,98784,23,,,0,19,,98772,23,,,0,63,,98801,23,,,0,28,,98774,23,,,0,64,,98802,23,,,0,10,,98776,23,,,0,17,,98803,23,,,0,10,,98783,23,,,0,70,,98777,23,,,0,31,,98797,23,,,0,66,,98778,23,,,0,30,,98779,23,,,0,75,,98780,23,,,0,31,,98798,23,,,0,71,,98781,23,,,0,30,,98782,23,,,0,76,,98785,23,,,0,34,,98799,23,,,0,74,,98786,23,,,0,31,,98787,23,,,0,73,,98804,23,,,0,71,,98788,23,,,0,31,,98800,23,,,0,68,,98789,23,,,0,30,,98790,23,,,0,71,,98805,23,,,0,30,,98791,23,,,0,74,,98792,23,,,0,29,,98793,23,,,0,69,,98806,23,,,0,27,,98794,23,,,0,72,,98795,23,,,0,56,,98808,23,,,0,99,,98796,23,,,0,143,,98807,23,,,0
5200,'5459',639,,98827,23,,,0,70,,98826,23,,,0,41,,98821,23,,,0,74,,98829,23,,,0,30,,98824,23,,,0,73,,98810,23,,,0,30,,98817,23,,,0,70,,98836,23,,,0,32,,98815,23,,,0,74,,98812,23,,,0,73,,98818,23,,,0,32,,98838,23,,,0,75,,98813,23,,,0,33,,98811,23,,,0,76,,98820,23,,,0,26,,98837,23,,,0,74,,98816,23,,,0,32,,98823,23,,,0,75,,98819,23,,,0,29,,98834,23,,,0,70,,98814,23,,,0,29,,98825,23,,,0,62,,98831,23,,,0,25,,98822,23,,,0,64,,98830,23,,,0,24,,98833,23,,,0,68,,98832,23,,,0,28,,98828,23,,,0,30,,98835,23,,,0,100,,98839,23,,,0,94,,98840,23,,,0,149,,98841,23,,,0
5200,'5460',709,,98863,23,,,0,32,,98845,23,,,0,80,,98848,23,,,0,31,,98862,23,,,0,72,,98856,23,,,0,31,,98844,23,,,0,71,,98847,23,,,0,32,,98858,23,,,0,71,,98852,23,,,0,72,,98843,23,,,0,33,,98846,23,,,0,70,,98861,23,,,0,31,,98854,23,,,0,78,,98842,23,,,0,29,,98850,23,,,0,74,,98860,23,,,0,34,,98853,23,,,0,73,,98869,23,,,0,29,,98849,23,,,0,70,,98859,23,,,0,28,,98855,23,,,0,70,,98857,23,,,0,29,,98851,23,,,0,69,,98865,23,,,0,39,,98864,23,,,0,99,,98866,23,,,0,98,,98868,23,,,0,148,,98867,23,,,0
5200,'5461',709,,98891,23,,,0,32,,98873,23,,,0,80,,98876,23,,,0,31,,98890,23,,,0,72,,98884,23,,,0,31,,98872,23,,,0,71,,98875,23,,,0,32,,98886,23,,,0,71,,98880,23,,,0,72,,98871,23,,,0,33,,98874,23,,,0,70,,98889,23,,,0,31,,98882,23,,,0,78,,98870,23,,,0,29,,98878,23,,,0,74,,98888,23,,,0,34,,98881,23,,,0,73,,98897,23,,,0,29,,98877,23,,,0,70,,98887,23,,,0,28,,98883,23,,,0,70,,98885,23,,,0,29,,98879,23,,,0,69,,98893,23,,,0,39,,98892,23,,,0,99,,98894,23,,,0,98,,98896,23,,,0,148,,98895,23,,,0
5200,'5462',709,,98919,23,,,0,32,,98901,23,,,0,80,,98904,23,,,0,31,,98918,23,,,0,72,,98912,23,,,0,31,,98900,23,,,0,71,,98903,23,,,0,32,,98914,23,,,0,71,,98908,23,,,0,72,,98899,23,,,0,33,,98902,23,,,0,70,,98917,23,,,0,31,,98910,23,,,0,78,,98898,23,,,0,29,,98906,23,,,0,74,,98916,23,,,0,34,,98909,23,,,0,73,,98925,23,,,0,29,,98905,23,,,0,70,,98915,23,,,0,28,,98911,23,,,0,70,,98913,23,,,0,29,,98907,23,,,0,69,,98921,23,,,0,39,,98920,23,,,0,99,,98922,23,,,0,98,,98924,23,,,0,148,,98923,23,,,0
5200,'5463',709,,98947,23,,,0,32,,98929,23,,,0,80,,98932,23,,,0,31,,98946,23,,,0,72,,98940,23,,,0,31,,98928,23,,,0,71,,98931,23,,,0,32,,98942,23,,,0,71,,98936,23,,,0,72,,98927,23,,,0,33,,98930,23,,,0,70,,98945,23,,,0,31,,98938,23,,,0,78,,98926,23,,,0,29,,98934,23,,,0,74,,98944,23,,,0,34,,98937,23,,,0,73,,98953,23,,,0,29,,98933,23,,,0,70,,98943,23,,,0,28,,98939,23,,,0,70,,98941,23,,,0,29,,98935,23,,,0,69,,98949,23,,,0,39,,98948,23,,,0,99,,98950,23,,,0,98,,98952,23,,,0,148,,98951,23,,,0
5501,'5456',638,,99454,14,,,0,170,,99453,14,,,0,204,,99452,14,,,0,136,,99455,14,,,0,200,,99458,14,,,0,105,,99457,14,,,0,196,,99459,14,,,0,194,,99460,14,,,0,193,,99456,14,,,0
5501,'5458',638,,99463,14,,,0,170,,99462,14,,,0,204,,99461,14,,,0,136,,99464,14,,,0,200,,99467,14,,,0,105,,99466,14,,,0,196,,99468,14,,,0,194,,99469,14,,,0,193,,99465,14,,,0
5501,'5459',842,,99475,14,,,0,211,,99472,14,,,0,205,,99473,14,,,0,246,,99474,14,,,0,210,,99470,14,,,0,204,,99471,14,,,0
5501,'5460',841,,99476,14,,,0,212,,99478,14,,,0,205,,99479,14,,,0,245,,99477,14,,,0,210,,99481,14,,,0,204,,99480,14,,,0
5501,'5461',841,,99482,14,,,0,212,,99484,14,,,0,205,,99485,14,,,0,245,,99483,14,,,0,210,,99487,14,,,0,204,,99486,14,,,0
5501,'5462',841,,99488,14,,,0,212,,99490,14,,,0,205,,99491,14,,,0,245,,99489,14,,,0,210,,99493,14,,,0,204,,99492,14,,,0
5501,'5463',841,,99494,14,,,0,212,,99496,14,,,0,205,,99497,14,,,0,245,,99495,14,,,0,210,,99499,14,,,0,204,,99498,14,,,0
6401,'5456',639,,100789,8,,,0,578,,100786,8,,,0,500,,100790,8,0,34 35 36,0
6401,'5458',639,,100796,8,,,0,578,,100793,8,,,0,500,,100797,8,0,34 35 36,0
