4701,'5456',1718,,98604,48,,,0,26,,98605,48,,,0,68,,98606,48,,,0
4701,'5458',1718,,98607,48,,,0,26,,98608,48,,,0,68,,98609,48,,,0
5800,'4832',759,,73904,6,,,0,141,,85505,6,,,0,105,,85502,6,,,0,106,,85506,6,,,0,105,,85504,6,,,0,100,,85507,6,,,0,111,,85503,6,,,0,100,,85508,6,,,0,109,,85509,6,,,0,100,,85510,6,,,0,104,,73913,6,,,0,100,,73915,6,,,0,105,,73916,6,,,0,199,,73917,6,,,0
5800,'5453',759,,85511,6,,,0,141,,85515,6,,,0,105,,85512,6,,,0,106,,85516,6,,,0,105,,85514,6,,,0,100,,85517,6,,,0,111,,85513,6,,,0,100,,85518,6,,,0,109,,85519,6,,,0,100,,85520,6,,,0,104,,80943,6,,,0,100,,85521,6,,,0,105,,80946,6,,,0,199,,80947,6,,,0
5800,'5456',627,,99746,6,,,0,30,,99745,6,,,0,80,,99740,6,,,0,79,,99739,6,,,0,25,,99747,6,,,0,71,,99737,6,,,0,43,,99738,6,,,0,86,,99741,6,,,0,85,,99742,6,,,0,85,,99743,6,,,0,45,,99744,6,,,0,87,,99748,6,,,0,87,,99749,6,,,0,21,,99758,6,,,0,62,,99750,6,,,0,16,,99759,6,,,0,27,,99751,6,,,0,91,,99752,6,,,0,88,,99753,6,,,0,85,,99754,6,,,0,85,,99760,6,,,0,146,,99755,6,,,0,150,,99756,6,,,0,108,,99757,6,,,0
5800,'5458',627,,99770,6,,,0,30,,99769,6,,,0,80,,99764,6,,,0,79,,99763,6,,,0,25,,99771,6,,,0,71,,99761,6,,,0,43,,99762,6,,,0,86,,99765,6,,,0,85,,99766,6,,,0,85,,99767,6,,,0,45,,99768,6,,,0,87,,99772,6,,,0,87,,99773,6,,,0,21,,99782,6,,,0,62,,99774,6,,,0,16,,99783,6,,,0,27,,99775,6,,,0,91,,99776,6,,,0,88,,99777,6,,,0,85,,99778,6,,,0,85,,99784,6,,,0,146,,99779,6,,,0,150,,99780,6,,,0,108,,99781,6,,,0
5800,'5459',700,,99797,6,,,0,100,,99798,6,,,0,100,,99799,6,,,0,106,,99800,6,,,0,105,,99795,6,,,0,105,,99796,6,,,0,100,,99794,6,,,0,111,,99792,6,,,0,100,,99793,6,,,0,110,,99791,6,,,0,99,,99786,6,,,0,105,,99787,6,,,0,100,,99788,6,,,0,105,,99789,6,,,0,154,,99790,6,,,0,110,,99785,6,,,0
5800,'5460',759,,99801,6,,,0,141,,99805,6,,,0,105,,99802,6,,,0,106,,99806,6,,,0,105,,99804,6,,,0,100,,99807,6,,,0,111,,99803,6,,,0,100,,99808,6,,,0,109,,99809,6,,,0,100,,99811,6,,,0,104,,99810,6,,,0,100,,99812,6,,,0,105,,99813,6,,,0,199,,99814,6,,,0
5800,'5461',759,,99815,6,,,0,141,,99819,6,,,0,105,,99816,6,,,0,106,,99820,6,,,0,105,,99818,6,,,0,100,,99821,6,,,0,111,,99817,6,,,0,100,,99822,6,,,0,109,,99823,6,,,0,100,,99825,6,,,0,104,,99824,6,,,0,100,,99826,6,,,0,105,,99827,6,,,0,199,,99828,6,,,0
5800,'5462',759,,99829,6,,,0,141,,99833,6,,,0,105,,99830,6,,,0,106,,99834,6,,,0,105,,99832,6,,,0,100,,99835,6,,,0,111,,99831,6,,,0,100,,99836,6,,,0,109,,99837,6,,,0,100,,99839,6,,,0,104,,99838,6,,,0,100,,99840,6,,,0,105,,99841,6,,,0,199,,99842,6,,,0
5800,'5463',759,,99843,6,,,0,141,,99847,6,,,0,105,,99844,6,,,0,106,,99848,6,,,0,105,,99846,6,,,0,100,,99849,6,,,0,111,,99845,6,,,0,100,,99850,6,,,0,109,,99851,6,,,0,100,,99853,6,,,0,104,,99852,6,,,0,100,,99854,6,,,0,105,,99855,6,,,0,199,,99856,6,,,0
