2701,'5456',536,,95969,24,,,0,82,,95970,24,,,0,28,,95971,24,,,0,62,,95972,24,,,0,31,,95973,24,,,0,65,,95974,24,,,0,23,,95975,24,,,0,29,,95976,24,,,0,60,,95977,24,,,0,23,,95978,24,,,0,64,,95979,24,,,0,24,,95980,24,,,0,26,,95981,24,,,0,66,,95982,24,,,0,28,,95983,24,,,0,66,,95984,24,,,0,26,,95985,24,,,0,66,,95986,24,,,0,26,,95987,24,,,0,26,,95988,24,,,0,65,,95989,24,,,0,26,,95990,24,,,0,66,,95991,24,,,0,22,,96025,24,,,0,7,,95992,24,,,0,61,,95993,24,,,0,33,,95994,24,,,0,71,,95995,24,,,0,32,,95996,24,,,0,68,,95997,24,,,0,14,,95998,24,,,0,12,,95999,24,,,0,15,,96000,24,,,0,55,,96001,24,,,0,16,,96002,24,,,0,19,,96003,24,,,0,63,,96004,24,,,0,26,,96005,24,,,0,28,,96006,24,,,0,69,,96007,24,,,0,26,,96008,24,,,0,69,,96009,24,,,0,30,,96010,24,,,0,76,,96011,24,,,0,79,,96012,24,,,0,37,,96013,24,,,0
2701,'5458',536,,96026,24,,,0,82,,96027,24,,,0,28,,96028,24,,,0,62,,96029,24,,,0,31,,96030,24,,,0,65,,96031,24,,,0,23,,96032,24,,,0,29,,96033,24,,,0,60,,96034,24,,,0,23,,96035,24,,,0,64,,96036,24,,,0,24,,96037,24,,,0,26,,96038,24,,,0,66,,96039,24,,,0,28,,96040,24,,,0,66,,96041,24,,,0,26,,96042,24,,,0,66,,96043,24,,,0,26,,96044,24,,,0,26,,96045,24,,,0,64,,96047,24,,,0,1,,96046,24,,,0,26,,96048,24,,,0,66,,96049,24,,,0,22,,96086,24,,,0,68,,96050,24,,,0,33,,96051,24,,,0,71,,96052,24,,,0,32,,96053,24,,,0,68,,96054,24,,,0,14,,96055,24,,,0,12,,96056,24,,,0,15,,96057,24,,,0,55,,96058,24,,,0,16,,96059,24,,,0,19,,96060,24,,,0,63,,96061,24,,,0,26,,96062,24,,,0,28,,96063,24,,,0,69,,96064,24,,,0,26,,96065,24,,,0,69,,96066,24,,,0,30,,96067,24,,,0,76,,96068,24,,,0,79,,96069,24,,,0,37,,96070,24,,,0,81,,96071,24,,,0,80,,96072,24,,,0
2701,'5459',639,,96087,24,,,0,81,,96088,24,,,0,30,,96089,24,,,0,70,,96090,24,,,0,30,,96091,24,,,0,66,,96092,24,,,0,27,,96093,24,,,0,68,,96094,24,,,0,27,,96095,24,,,0,65,,96096,24,,,0,22,,96097,24,,,0,22,,96098,24,,,0,62,,96099,24,,,0,21,,96100,24,,,0,22,,96101,24,,,0,63,,96102,24,,,0,24,,96103,24,,,0,62,,96104,24,,,0,23,,96105,24,,,0,23,,96106,24,,,0,61,,96107,24,,,0,21,,96108,24,,,0,22,,96109,24,,,0,62,,96110,24,,,0,20,,96111,24,,,0,20,,96112,24,,,0,60,,96113,24,,,0,21,,96114,24,,,0,20,,96115,24,,,0,60,,96116,24,,,0,18,,96117,24,,,0,20,,96118,24,,,0,60,,96119,24,,,0,21,,96120,24,,,0,26,,96121,24,,,0,66,,96122,24,,,0,28,,96123,24,,,0,70,,96124,24,,,0,29,,96125,24,,,0,69,,96126,24,,,0,29,,96127,24,,,0,71,,96128,24,,,0,31,,96129,24,,,0,70,,96130,24,,,0,31,,96131,24,,,0,69,,96132,24,,,0,29,,96133,24,,,0,70,,96134,24,,,0
2701,'5460',709,,96138,24,,,0,43,,96139,24,,,0,71,,96140,24,,,0,29,,96141,24,,,0,71,,96142,24,,,0,31,,96137,24,,,0,72,,96143,24,,,0,25,,96144,24,,,0,67,,96145,24,,,0,27,,96146,24,,,0,65,,96147,24,,,0,25,,96148,24,,,0,24,,96149,24,,,0,63,,96150,24,,,0,22,,96151,24,,,0,63,,96152,24,,,0,24,,96153,24,,,0,23,,96154,24,,,0,62,,96155,24,,,0,23,,96156,24,,,0,63,,96157,24,,,0,23,,96158,24,,,0,23,,96159,24,,,0,62,,96160,24,,,0,23,,96161,24,,,0,23,,96162,24,,,0,63,,96163,24,,,0,22,,96164,24,,,0,63,,96165,24,,,0,26,,96166,24,,,0,25,,96167,24,,,0,68,,96168,24,,,0,28,,96169,24,,,0,70,,96170,24,,,0,29,,96171,24,,,0,75,,96172,24,,,0,82,,96173,24,,,0,37,,96174,24,,,0
2701,'5461',709,,96177,24,,,0,43,,96178,24,,,0,71,,96179,24,,,0,29,,96180,24,,,0,71,,96181,24,,,0,31,,96176,24,,,0,72,,96182,24,,,0,25,,96183,24,,,0,67,,96184,24,,,0,27,,96185,24,,,0,65,,96186,24,,,0,25,,96187,24,,,0,24,,96188,24,,,0,63,,96189,24,,,0,22,,96190,24,,,0,63,,96191,24,,,0,24,,96192,24,,,0,23,,96193,24,,,0,62,,96194,24,,,0,23,,96195,24,,,0,63,,96196,24,,,0,23,,96197,24,,,0,23,,96198,24,,,0,62,,96199,24,,,0,23,,96200,24,,,0,23,,96201,24,,,0,63,,96202,24,,,0,22,,96203,24,,,0,63,,96204,24,,,0,26,,96205,24,,,0,25,,96206,24,,,0,68,,96207,24,,,0,28,,96208,24,,,0,70,,96209,24,,,0,29,,96210,24,,,0,75,,96211,24,,,0,82,,96212,24,,,0,37,,96213,24,,,0
2701,'5462',709,,96216,24,,,0,43,,96217,24,,,0,71,,96218,24,,,0,29,,96219,24,,,0,71,,96220,24,,,0,31,,96215,24,,,0,72,,96221,24,,,0,25,,96222,24,,,0,67,,96223,24,,,0,27,,96224,24,,,0,65,,96225,24,,,0,25,,96226,24,,,0,24,,96227,24,,,0,63,,96228,24,,,0,22,,96229,24,,,0,63,,96230,24,,,0,24,,96231,24,,,0,23,,96232,24,,,0,62,,96233,24,,,0,23,,96234,24,,,0,63,,96235,24,,,0,23,,96236,24,,,0,23,,96237,24,,,0,62,,96238,24,,,0,23,,96239,24,,,0,23,,96240,24,,,0,63,,96241,24,,,0,22,,96242,24,,,0,63,,96243,24,,,0,26,,96244,24,,,0,25,,96245,24,,,0,68,,96246,24,,,0,28,,96247,24,,,0,70,,96248,24,,,0,29,,96249,24,,,0,75,,96250,24,,,0,82,,96251,24,,,0,37,,96252,24,,,0
2701,'5463',709,,96255,24,,,0,43,,96256,24,,,0,71,,96257,24,,,0,29,,96258,24,,,0,71,,96259,24,,,0,31,,96254,24,,,0,72,,96260,24,,,0,25,,96261,24,,,0,67,,96262,24,,,0,27,,96263,24,,,0,65,,96264,24,,,0,25,,96265,24,,,0,24,,96266,24,,,0,63,,96267,24,,,0,22,,96268,24,,,0,63,,96269,24,,,0,24,,96270,24,,,0,23,,96271,24,,,0,62,,96272,24,,,0,23,,96273,24,,,0,63,,96274,24,,,0,23,,96275,24,,,0,23,,96276,24,,,0,62,,96277,24,,,0,23,,96278,24,,,0,23,,96279,24,,,0,63,,96280,24,,,0,22,,96281,24,,,0,63,,96282,24,,,0,26,,96283,24,,,0,25,,96284,24,,,0,68,,96285,24,,,0,28,,96286,24,,,0,70,,96287,24,,,0,29,,96288,24,,,0,75,,96289,24,,,0,82,,96290,24,,,0,37,,96291,24,,,0
2801,'5456',604,,96601,29,,,0,28,,96602,29,,,0,26,,96603,29,,,0,62,,96604,29,,,0,13,,96605,29,,,0,12,,96606,29,,,0,11,,96607,29,,,0,52,,96608,29,,,0,12,,96609,29,,,0,12,,96610,29,,,0,14,,96611,29,,,0,60,,96612,29,,,0,21,,96613,29,,,0,25,,96614,29,,,0,64,,96615,29,,,0,24,,96616,29,,,0,66,,96617,29,,,0,27,,96618,29,,,0,67,,96619,29,,,0,26,,96620,29,,,0,26,,96621,29,,,0,66,,96622,29,,,0,26,,96623,29,,,0,66,,96624,29,,,0,26,,96625,29,,,0,65,,96626,29,,,0,26,,96627,29,,,0,22,,96628,29,,,0,72,,96629,29,,,0,32,,96630,29,,,0,60,,96648,29,,,0,13,,96631,29,,,0,30,,96632,29,,,0,173,,96633,29,,,0,20,,96634,29,,,0,66,,96635,29,,,0,29,,96636,29,,,0,66,,96637,29,,,0,26,,96638,29,,,0,69,,96639,29,,,0,30,,96640,29,,,0,71,,96641,29,,,0,38,,96642,29,,,0,77,,96643,29,,,0,80,,96644,29,,,0
2801,'5458',604,,96649,29,,,0,28,,96650,29,,,0,26,,96651,29,,,0,62,,96652,29,,,0,13,,96653,29,,,0,12,,96654,29,,,0,11,,96655,29,,,0,52,,96656,29,,,0,12,,96657,29,,,0,12,,96658,29,,,0,14,,96659,29,,,0,60,,96660,29,,,0,21,,96661,29,,,0,25,,96662,29,,,0,64,,96663,29,,,0,24,,96664,29,,,0,66,,96665,29,,,0,27,,96666,29,,,0,67,,96667,29,,,0,26,,96668,29,,,0,26,,96669,29,,,0,66,,96670,29,,,0,26,,96671,29,,,0,66,,96672,29,,,0,26,,96673,29,,,0,65,,96674,29,,,0,26,,96675,29,,,0,22,,96676,29,,,0,72,,96677,29,,,0,32,,96678,29,,,0,60,,96699,29,,,0,13,,96679,29,,,0,30,,96680,29,,,0,173,,96681,29,,,0,20,,96682,29,,,0,66,,96683,29,,,0,29,,96684,29,,,0,66,,96685,29,,,0,26,,96686,29,,,0,69,,96687,29,,,0,30,,96688,29,,,0,71,,96689,29,,,0,38,,96690,29,,,0,77,,96691,29,,,0,80,,96692,29,,,0,40,,96693,29,,,0
2801,'5459',700,,96701,29,,,0,35,,96702,29,,,0,70,,96703,29,,,0,30,,96700,29,,,0,68,,96704,29,,,0,27,,96705,29,,,0,27,,96706,29,,,0,67,,96707,29,,,0,26,,96708,29,,,0,63,,96709,29,,,0,23,,96710,29,,,0,22,,96711,29,,,0,62,,96712,29,,,0,21,,96713,29,,,0,62,,96714,29,,,0,24,,96715,29,,,0,22,,96716,29,,,0,64,,96717,29,,,0,21,,96718,29,,,0,24,,96719,29,,,0,60,,96720,29,,,0,21,,96721,29,,,0,63,,96722,29,,,0,20,,96723,29,,,0,21,,96724,29,,,0,60,,96725,29,,,0,20,,96726,29,,,0,21,,96727,29,,,0,60,,96728,29,,,0,20,,96729,29,,,0,18,,96730,29,,,0,61,,96731,29,,,0,20,,96732,29,,,0,23,,96733,29,,,0,66,,96734,29,,,0,27,,96735,29,,,0,69,,96736,29,,,0,30,,96737,29,,,0,69,,96738,29,,,0,28,,96739,29,,,0,69,,96740,29,,,0,33,,96741,29,,,0,70,,96742,29,,,0,30,,96743,29,,,0,71,,96744,29,,,0,28,,96745,29,,,0,70,,96746,29,,,0
2801,'5460',639,,96749,29,,,0,98,,96750,29,,,0,70,,96751,29,,,0,32,,96752,29,,,0,68,,96753,29,,,0,31,,96754,29,,,0,71,,96755,29,,,0,29,,96756,29,,,0,67,,96757,29,,,0,26,,96758,29,,,0,27,,96759,29,,,0,64,,96760,29,,,0,24,,96761,29,,,0,64,,96762,29,,,0,22,,96763,29,,,0,22,,96764,29,,,0,64,,96765,29,,,0,24,,96766,29,,,0,63,,96767,29,,,0,22,,96768,29,,,0,23,,96769,29,,,0,63,,96770,29,,,0,24,,96771,29,,,0,22,,96772,29,,,0,63,,96773,29,,,0,22,,96774,29,,,0,63,,96775,29,,,0,22,,96776,29,,,0,23,,96777,29,,,0,64,,96778,29,,,0,27,,96779,29,,,0,66,,96780,29,,,0,29,,96781,29,,,0,69,,96782,29,,,0,29,,96783,29,,,0,70,,96784,29,,,0,40,,96785,29,,,0,79,,96786,29,,,0,86,,96787,29,,,0
2801,'5461',639,,96788,29,,,0,98,,96789,29,,,0,70,,96790,29,,,0,32,,96791,29,,,0,68,,96792,29,,,0,31,,96793,29,,,0,71,,96794,29,,,0,29,,96795,29,,,0,67,,96796,29,,,0,26,,96797,29,,,0,27,,96798,29,,,0,64,,96799,29,,,0,24,,96800,29,,,0,64,,96801,29,,,0,22,,96802,29,,,0,22,,96803,29,,,0,64,,96804,29,,,0,24,,96805,29,,,0,63,,96806,29,,,0,22,,96807,29,,,0,23,,96808,29,,,0,63,,96809,29,,,0,24,,96810,29,,,0,22,,96811,29,,,0,63,,96812,29,,,0,22,,96813,29,,,0,63,,96814,29,,,0,22,,96815,29,,,0,23,,96816,29,,,0,64,,96817,29,,,0,27,,96818,29,,,0,66,,96819,29,,,0,29,,96820,29,,,0,69,,96821,29,,,0,29,,96822,29,,,0,70,,96823,29,,,0,40,,96824,29,,,0,79,,96825,29,,,0,86,,96826,29,,,0
2801,'5462',639,,96827,29,,,0,98,,96828,29,,,0,70,,96829,29,,,0,32,,96830,29,,,0,68,,96831,29,,,0,31,,96832,29,,,0,71,,96833,29,,,0,29,,96834,29,,,0,67,,96835,29,,,0,26,,96836,29,,,0,27,,96837,29,,,0,64,,96838,29,,,0,24,,96839,29,,,0,64,,96840,29,,,0,22,,96841,29,,,0,22,,96842,29,,,0,64,,96843,29,,,0,24,,96844,29,,,0,63,,96845,29,,,0,22,,96846,29,,,0,23,,96847,29,,,0,63,,96848,29,,,0,24,,96849,29,,,0,22,,96850,29,,,0,63,,96851,29,,,0,22,,96852,29,,,0,63,,96853,29,,,0,22,,96854,29,,,0,23,,96855,29,,,0,64,,96856,29,,,0,27,,96857,29,,,0,66,,96858,29,,,0,29,,96859,29,,,0,69,,96860,29,,,0,29,,96861,29,,,0,70,,96862,29,,,0,40,,96863,29,,,0,79,,96864,29,,,0,86,,96865,29,,,0
2801,'5463',639,,96866,29,,,0,98,,96867,29,,,0,70,,96868,29,,,0,32,,96869,29,,,0,68,,96870,29,,,0,31,,96871,29,,,0,71,,96872,29,,,0,29,,96873,29,,,0,67,,96874,29,,,0,26,,96875,29,,,0,27,,96876,29,,,0,64,,96877,29,,,0,24,,96878,29,,,0,64,,96879,29,,,0,22,,96880,29,,,0,22,,96881,29,,,0,64,,96882,29,,,0,24,,96883,29,,,0,63,,96884,29,,,0,22,,96885,29,,,0,23,,96886,29,,,0,63,,96887,29,,,0,24,,96888,29,,,0,22,,96889,29,,,0,63,,96890,29,,,0,22,,96891,29,,,0,63,,96892,29,,,0,22,,96893,29,,,0,23,,96894,29,,,0,64,,96895,29,,,0,27,,96896,29,,,0,66,,96897,29,,,0,29,,96898,29,,,0,69,,96899,29,,,0,29,,96900,29,,,0,70,,96901,29,,,0,40,,96902,29,,,0,79,,96903,29,,,0,86,,96904,29,,,0
