1101,'4832',716,,82652,40,,,0,85,,82656,40,,,0,46,,66724,40,,,0,86,,82653,40,,,0,75,,82654,40,,,0,31,,82655,40,,,0,70,,82657,40,,,0,30,,82658,40,,,0,68,,82659,40,,,0,30,,82660,40,,,0,70,,82662,40,,,0,27,,82664,40,,,0,70,,82663,40,,,0,30,,82661,40,,,0,70,,82665,40,,,0,30,,82666,40,,,0,70,,82667,40,,,0,30,,82668,40,,,0,70,,82670,40,,,0,30,,82669,40,,,0,70,,82672,40,,,0,29,,82671,40,,,0,70,,82674,40,,,0,35,,82673,40,,,0,84,,82675,40,,,0,80,,82676,40,,,0,44,,82677,40,,,0,85,,82678,40,,,0,79,,82679,40,,,0,38,,82680,40,,,0
1101,'5453',716,,78847,40,,,0,85,,78852,40,,,0,46,,78849,40,,,0,86,,78848,40,,,0,75,,82681,40,,,0,31,,82682,40,,,0,70,,82683,40,,,0,30,,82684,40,,,0,68,,82685,40,,,0,30,,82686,40,,,0,70,,82688,40,,,0,27,,78860,40,,,0,70,,78859,40,,,0,30,,82687,40,,,0,70,,82689,40,,,0,30,,82690,40,,,0,70,,82691,40,,,0,30,,82692,40,,,0,70,,82694,40,,,0,30,,82693,40,,,0,70,,82696,40,,,0,29,,82695,40,,,0,70,,82698,40,,,0,35,,82697,40,,,0,84,,82699,40,,,0,80,,82700,40,,,0,44,,82701,40,,,0,85,,82702,40,,,0,79,,82703,40,,,0,38,,82704,40,,,0
1101,'5456',600,,91248,40,,,0,30,,91249,40,,,0,20,,91257,40,,,0,62,,91251,40,,,0,21,,91267,40,,,0,20,,91255,40,,,0,60,,91250,40,,,0,20,,91263,40,,,0,20,,91252,40,,,0,58,,91258,40,,,0,19,,91273,40,,,0,20,,91253,40,,,0,65,,91254,40,,,0,26,,91256,40,,,0,65,,91265,40,,,0,26,,91259,40,,,0,25,,91272,40,,,0,65,,91261,40,,,0,25,,91260,40,,,0,66,,91262,40,,,0,25,,91264,40,,,0,67,,91266,40,,,0,25,,91274,40,,,0,19,,91291,40,,,0,56,,91268,40,,,0,20,,91269,40,,,0,16,,91277,40,,,0,17,,91270,40,,,0,58,,91271,40,,,0,18,,91295,40,,,0,18,,91276,40,,,0,62,,91275,40,,,0,18,,91292,40,,,0,20,,91278,40,,,0,61,,91280,40,,,0,23,,91281,40,,,0,16,,91279,40,,,0,57,,91294,40,,,0,20,,91282,40,,,0,30,,91290,40,,,0,74,,91283,40,,,0,70,,91284,40,,,0,35,,91286,40,,,0,69,,91289,40,,,0,35,,91285,40,,,0,69,,91287,40,,,0,28,,91288,40,,,0,85,,91293,40,,,0
1101,'5458',600,,91296,40,,,0,30,,91297,40,,,0,20,,91305,40,,,0,62,,91299,40,,,0,21,,91315,40,,,0,20,,91303,40,,,0,60,,91298,40,,,0,20,,91311,40,,,0,20,,91300,40,,,0,58,,91306,40,,,0,19,,91321,40,,,0,20,,91301,40,,,0,65,,91302,40,,,0,26,,91304,40,,,0,65,,91313,40,,,0,26,,91307,40,,,0,25,,91320,40,,,0,65,,91309,40,,,0,25,,91308,40,,,0,66,,91310,40,,,0,25,,91312,40,,,0,67,,91314,40,,,0,25,,91322,40,,,0,19,,91339,40,,,0,56,,91316,40,,,0,20,,91317,40,,,0,16,,91325,40,,,0,17,,91318,40,,,0,58,,91319,40,,,0,18,,91343,40,,,0,18,,91324,40,,,0,62,,91323,40,,,0,18,,91340,40,,,0,20,,91326,40,,,0,61,,91328,40,,,0,23,,91329,40,,,0,16,,91327,40,,,0,57,,91342,40,,,0,20,,91330,40,,,0,30,,91338,40,,,0,74,,91331,40,,,0,70,,91332,40,,,0,35,,91334,40,,,0,69,,91337,40,,,0,35,,91333,40,,,0,69,,91335,40,,,0,28,,91336,40,,,0,85,,91341,40,,,0
1101,'5459',656,,91357,40,,,0,76,,91345,40,,,0,75,,91350,40,,,0,30,,91375,40,,,0,77,,91358,40,,,0,30,,91344,40,,,0,70,,91353,40,,,0,30,,91369,40,,,0,65,,91347,40,,,0,20,,91371,40,,,0,25,,91359,40,,,0,65,,91346,40,,,0,26,,91351,40,,,0,65,,91368,40,,,0,25,,91348,40,,,0,65,,91366,40,,,0,25,,91356,40,,,0,25,,91349,40,,,0,65,,91355,40,,,0,25,,91377,40,,,0,65,,91352,40,,,0,25,,91370,40,,,0,25,,91360,40,,,0,65,,91354,40,,,0,25,,91376,40,,,0,64,,91367,40,,,0,25,,91373,40,,,0,25,,91374,40,,,0,64,,91361,40,,,0,25,,91372,40,,,0,65,,91365,40,,,0,25,,91364,40,,,0,65,,91362,40,,,0,35,,91363,40,,,0,70,,91380,40,,,0,29,,91378,40,,,0,74,,91379,40,,,0,28,,91381,40,,,0,85,,91382,40,,,0
1101,'5460',716,,91383,40,,,0,85,,91388,40,,,0,46,,91385,40,,,0,86,,91384,40,,,0,75,,91386,40,,,0,31,,91387,40,,,0,70,,91389,40,,,0,30,,91390,40,,,0,68,,91391,40,,,0,30,,91392,40,,,0,70,,91394,40,,,0,27,,91396,40,,,0,70,,91395,40,,,0,30,,91393,40,,,0,70,,91397,40,,,0,30,,91398,40,,,0,70,,91399,40,,,0,30,,91400,40,,,0,70,,91402,40,,,0,30,,91401,40,,,0,70,,91404,40,,,0,29,,91403,40,,,0,70,,91406,40,,,0,35,,91405,40,,,0,84,,91407,40,,,0,80,,91408,40,,,0,44,,91409,40,,,0,85,,91410,40,,,0,79,,91411,40,,,0,46,,91412,40,,,0
1101,'5461',716,,91413,40,,,0,85,,91418,40,,,0,46,,91415,40,,,0,86,,91414,40,,,0,75,,91416,40,,,0,31,,91417,40,,,0,70,,91419,40,,,0,30,,91420,40,,,0,68,,91421,40,,,0,30,,91422,40,,,0,70,,91424,40,,,0,27,,91426,40,,,0,70,,91425,40,,,0,30,,91423,40,,,0,70,,91427,40,,,0,30,,91428,40,,,0,70,,91429,40,,,0,30,,91430,40,,,0,70,,91432,40,,,0,30,,91431,40,,,0,70,,91434,40,,,0,29,,91433,40,,,0,70,,91436,40,,,0,35,,91435,40,,,0,84,,91437,40,,,0,80,,91438,40,,,0,44,,91439,40,,,0,85,,91440,40,,,0,79,,91441,40,,,0,46,,91442,40,,,0
1101,'5462',716,,91443,40,,,0,85,,91448,40,,,0,46,,91445,40,,,0,86,,91444,40,,,0,75,,91446,40,,,0,31,,91447,40,,,0,70,,91449,40,,,0,30,,91450,40,,,0,68,,91451,40,,,0,30,,91452,40,,,0,70,,91454,40,,,0,27,,91456,40,,,0,70,,91455,40,,,0,30,,91453,40,,,0,70,,91457,40,,,0,30,,91458,40,,,0,70,,91459,40,,,0,30,,91460,40,,,0,70,,91462,40,,,0,30,,91461,40,,,0,70,,91464,40,,,0,29,,91463,40,,,0,70,,91466,40,,,0,35,,91465,40,,,0,84,,91467,40,,,0,80,,91468,40,,,0,44,,91469,40,,,0,85,,91470,40,,,0,79,,91471,40,,,0,46,,91472,40,,,0
1101,'5463',716,,91473,40,,,0,85,,91478,40,,,0,46,,91475,40,,,0,86,,91474,40,,,0,75,,91476,40,,,0,31,,91477,40,,,0,70,,91479,40,,,0,30,,91480,40,,,0,68,,91481,40,,,0,30,,91482,40,,,0,70,,91484,40,,,0,27,,91486,40,,,0,70,,91485,40,,,0,30,,91483,40,,,0,70,,91487,40,,,0,30,,91488,40,,,0,70,,91489,40,,,0,30,,91490,40,,,0,70,,91492,40,,,0,30,,91491,40,,,0,70,,91494,40,,,0,29,,91493,40,,,0,70,,91496,40,,,0,35,,91495,40,,,0,84,,91497,40,,,0,80,,91498,40,,,0,44,,91499,40,,,0,85,,91500,40,,,0,79,,91501,40,,,0,46,,91502,40,,,0
1401,'4832',639,,83028,25,,,0,64,,67641,25,,,0,26,,67640,25,,,0,17,,67624,25,,,0,55,,67658,25,,,0,15,,67631,25,,,0,14,,83029,25,,,0,15,,67647,25,,,0,55,,67657,25,,,0,14,,67615,25,,,0,15,,67646,25,,,0,15,,67612,25,,,0,15,,67616,25,,,0,55,,67625,25,,,0,15,,67649,25,,,0,15,,67603,25,,,0,15,,67633,25,,,0,55,,67604,25,,,0,15,,67634,25,,,0,14,,67605,25,,,0,15,,67617,25,,,0,57,,67626,25,,,0,15,,67650,25,,,0,15,,67600,25,,,0,55,,67635,25,,,0,16,,67602,25,,,0,15,,67632,25,,,0,15,,67601,25,,,0,55,,67618,25,,,0,15,,67598,25,,,0,15,,67627,25,,,0,15,,67648,25,,,0,55,,67608,25,,,0,15,,67636,25,,,0,15,,67607,25,,,0,15,,67638,25,,,0,55,,67606,25,,,0,15,,67619,25,,,0,15,,67599,25,,,0,15,,67628,25,,,0,55,,67651,25,,,0,15,,67609,25,,,0,15,,67637,25,,,0,15,,67610,25,,,0,55,,67639,25,,,0,15,,67614,25,,,0,15,,67623,25,,,0,15,,67613,25,,,0,57,,83024,25,,,0,18,,67653,25,,,0,20,,83026,25,,,0,18,,67645,25,,,0,60,,67611,25,,,0,20,,67622,25,,,0,20,,83023,25,,,0,61,,67655,25,,,0,30,,83027,25,,,0,70,,67621,25,,,0,31,,67620,25,,,0,71,,67652,25,,,0,35,,83025,25,,,0
1401,'5453',639,,83033,25,,,0,64,,79012,25,,,0,26,,79011,25,,,0,17,,78995,25,,,0,55,,79029,25,,,0,15,,79002,25,,,0,14,,83034,25,,,0,15,,79018,25,,,0,55,,79028,25,,,0,14,,78986,25,,,0,15,,79017,25,,,0,15,,78983,25,,,0,15,,78987,25,,,0,55,,78996,25,,,0,15,,83032,25,,,0,15,,78974,25,,,0,15,,79004,25,,,0,55,,78975,25,,,0,15,,79005,25,,,0,14,,78976,25,,,0,15,,78988,25,,,0,57,,78997,25,,,0,15,,79021,25,,,0,15,,78971,25,,,0,55,,79006,25,,,0,16,,78973,25,,,0,15,,79003,25,,,0,15,,78972,25,,,0,55,,78989,25,,,0,15,,78969,25,,,0,15,,78998,25,,,0,15,,79019,25,,,0,55,,78979,25,,,0,15,,79007,25,,,0,15,,78978,25,,,0,15,,79009,25,,,0,55,,78977,25,,,0,15,,78990,25,,,0,15,,78970,25,,,0,15,,78999,25,,,0,55,,79022,25,,,0,15,,78980,25,,,0,15,,79008,25,,,0,15,,78981,25,,,0,55,,79010,25,,,0,15,,78985,25,,,0,15,,78994,25,,,0,15,,78984,25,,,0,57,,79001,25,,,0,18,,79024,25,,,0,20,,79014,25,,,0,18,,79016,25,,,0,60,,78982,25,,,0,20,,78993,25,,,0,20,,79000,25,,,0,61,,79026,25,,,0,30,,79015,25,,,0,70,,78992,25,,,0,31,,83030,25,,,0,71,,79023,25,,,0,35,,83031,25,,,0
1401,'5456',554,,92216,25,,,0,65,,92217,25,,,0,22,,92218,25,,,0,15,,92219,25,,,0,53,,92220,25,,,0,12,,92221,25,,,0,13,,92222,25,,,0,12,,92223,25,,,0,54,,92224,25,,,0,15,,92225,25,,,0,14,,92226,25,,,0,13,,92227,25,,,0,13,,92228,25,,,0,54,,92229,25,,,0,13,,92230,25,,,0,13,,92231,25,,,0,13,,92232,25,,,0,53,,92233,25,,,0,13,,92234,25,,,0,13,,92235,25,,,0,13,,92236,25,,,0,13,,92237,25,,,0,54,,92238,25,,,0,14,,92239,25,,,0,14,,92240,25,,,0,13,,92241,25,,,0,53,,92242,25,,,0,13,,92243,25,,,0,14,,92244,25,,,0,13,,92245,25,,,0,13,,92246,25,,,0,53,,92247,25,,,0,12,,92248,25,,,0,12,,92249,25,,,0,12,,92250,25,,,0,11,,92251,25,,,0,50,,92252,25,,,0,10,,92290,25,,,0,3,,92253,25,,,0,10,,92254,25,,,0,4,,92255,25,,,0,7,,92201,25,0,5,0,6,,92256,25,,,0,7,,92202,25,0,5,0,6,,92257,25,,,0,49,,92258,25,,,0,5,,92259,25,,,0,6,,92203,25,0,5,0,8,,92260,25,,,0,9,,92204,25,0,5,0,8,,92261,25,,,0,7,,92205,25,0,5,0,9,,92262,25,,,0,48,,92206,25,0,5,0,8,,92263,25,,,0,7,,92207,25,0,5,0,7,,92291,25,0,5,0,1,,92208,25,0,5,0,3,,92264,25,,,0,11,,92209,25,0,5,0,6,,92265,25,,,0,8,,92210,25,0,5,0,48,,92266,25,,,0,7,,92211,25,0,5,0,8,,92267,25,,,0,9,,92212,25,0,5,0,7,,92268,25,,,0,8,,92213,25,0,5,0,9,,92269,25,,,0,48,,92214,25,0,5,0,5,,92270,25,,,0,9,,92215,25,0,5,0,4,,92271,25,,,0,15,,92272,25,,,0,15,,92273,25,,,0,54,,92274,25,,,0,15,,92275,25,,,0,15,,92276,25,,,0,15,,92277,25,,,0,55,,92278,25,,,0,17,,92279,25,,,0,20,,92280,25,,,0,60,,92281,25,,,0,19,,92282,25,,,0,20,,92283,25,,,0,20,,92284,25,,,0,63,,92285,25,,,0,32,,92286,25,,,0,71,,92287,25,,,0,28,,92288,25,,,0,70,,92289,25,,,0
1401,'5458',554,,92307,25,,,0,65,,92308,25,,,0,22,,92309,25,,,0,15,,92310,25,,,0,53,,92311,25,,,0,12,,92312,25,,,0,13,,92313,25,,,0,12,,92314,25,,,0,54,,92315,25,,,0,15,,92316,25,,,0,14,,92317,25,,,0,13,,92318,25,,,0,13,,92319,25,,,0,54,,92320,25,,,0,13,,92321,25,,,0,13,,92322,25,,,0,13,,92323,25,,,0,53,,92324,25,,,0,13,,92325,25,,,0,13,,92326,25,,,0,13,,92327,25,,,0,13,,92328,25,,,0,54,,92329,25,,,0,14,,92330,25,,,0,14,,92331,25,,,0,13,,92332,25,,,0,53,,92333,25,,,0,13,,92334,25,,,0,14,,92335,25,,,0,13,,92336,25,,,0,13,,92337,25,,,0,53,,92338,25,,,0,12,,92339,25,,,0,12,,92340,25,,,0,12,,92341,25,,,0,11,,92342,25,,,0,50,,92343,25,,,0,10,,92383,25,,,0,3,,92344,25,,,0,10,,92345,25,,,0,4,,92346,25,,,0,7,,92292,25,0,5,0,6,,92347,25,,,0,7,,92293,25,0,5,0,6,,92348,25,,,0,49,,92349,25,,,0,5,,92350,25,,,0,6,,92294,25,0,5,0,8,,92351,25,,,0,9,,92295,25,0,5,0,8,,92352,25,,,0,7,,92296,25,0,5,0,9,,92353,25,,,0,48,,92297,25,0,5,0,8,,92354,25,,,0,7,,92298,25,0,5,0,7,,92384,25,0,5,0,1,,92299,25,0,5,0,3,,92355,25,,,0,11,,92300,25,0,5,0,6,,92356,25,,,0,8,,92301,25,0,5,0,48,,92357,25,,,0,7,,92302,25,0,5,0,8,,92358,25,,,0,9,,92303,25,0,5,0,7,,92359,25,,,0,8,,92304,25,0,5,0,9,,92360,25,,,0,48,,92305,25,0,5,0,5,,92361,25,,,0,9,,92306,25,0,5,0,4,,92362,25,,,0,15,,92363,25,,,0,15,,92364,25,,,0,54,,92365,25,,,0,15,,92366,25,,,0,15,,92367,25,,,0,15,,92368,25,,,0,55,,92369,25,,,0,17,,92370,25,,,0,20,,92371,25,,,0,60,,92372,25,,,0,19,,92373,25,,,0,20,,92374,25,,,0,20,,92375,25,,,0,63,,92376,25,,,0,32,,92377,25,,,0,71,,92378,25,,,0,28,,92379,25,,,0,70,,92380,25,,,0,30,,92381,25,,,0,70,,92382,25,,,0
1401,'5459',608,,92427,25,,,0,30,,92426,25,,,0,66,,92392,25,,,0,21,,92395,25,,,0,17,,92428,25,,,0,15,,92429,25,,,0,55,,92394,25,,,0,14,,92390,25,,,0,15,,92430,25,,,0,15,,92389,25,,,0,55,,92396,25,,,0,14,,92393,25,,,0,15,,92432,25,,,0,14,,92431,25,,,0,54,,92397,25,,,0,14,,92386,25,,,0,14,,92436,25,,,0,15,,92385,25,,,0,55,,92403,25,,,0,16,,92404,25,,,0,15,,92437,25,,,0,14,,92387,25,,,0,55,,92434,25,,,0,15,,92399,25,,,0,15,,92400,25,,,0,15,,92435,25,,,0,55,,92398,25,,,0,14,,92401,25,,,0,15,,92402,25,,,0,15,,92433,25,,,0,55,,92405,25,,,0,15,,92413,25,,,0,15,,92388,25,,,0,15,,92391,25,,,0,55,,92411,25,,,0,15,,92419,25,,,0,15,,92415,25,,,0,15,,92416,25,,,0,55,,92418,25,,,0,15,,92412,25,,,0,16,,92407,25,,,0,15,,92417,25,,,0,55,,92414,25,,,0,15,,92420,25,,,0,15,,92408,25,,,0,15,,92421,25,,,0,55,,92410,25,,,0,15,,92409,25,,,0,15,,92425,25,,,0,15,,92422,25,,,0,55,,92423,25,,,0,15,,92406,25,,,0,19,,92424,25,,,0,60,,92441,25,,,0,20,,92439,25,,,0,20,,92438,25,,,0,60,,92440,25,,,0,20,,92442,25,,,0,20,,92446,25,,,0,60,,92445,25,,,0,20,,92444,25,,,0,28,,92443,25,,,0,71,,92447,25,,,0,31,,92448,25,,,0,71,,92449,25,,,0,30,,92450,25,,,0,70,,92451,25,,,0
1401,'5460',639,,92508,25,,,0,64,,92495,25,,,0,26,,92494,25,,,0,17,,92478,25,,,0,55,,92512,25,,,0,15,,92485,25,,,0,14,,92510,25,,,0,15,,92501,25,,,0,55,,92511,25,,,0,14,,92469,25,,,0,15,,92500,25,,,0,15,,92466,25,,,0,15,,92470,25,,,0,55,,92479,25,,,0,15,,92503,25,,,0,15,,92457,25,,,0,15,,92487,25,,,0,55,,92458,25,,,0,15,,92488,25,,,0,14,,92459,25,,,0,15,,92471,25,,,0,57,,92480,25,,,0,15,,92504,25,,,0,15,,92454,25,,,0,55,,92489,25,,,0,16,,92456,25,,,0,15,,92486,25,,,0,15,,92455,25,,,0,55,,92472,25,,,0,15,,92452,25,,,0,15,,92481,25,,,0,15,,92502,25,,,0,55,,92462,25,,,0,15,,92490,25,,,0,15,,92461,25,,,0,15,,92492,25,,,0,55,,92460,25,,,0,15,,92473,25,,,0,15,,92453,25,,,0,15,,92482,25,,,0,55,,92505,25,,,0,15,,92463,25,,,0,15,,92491,25,,,0,15,,92464,25,,,0,55,,92493,25,,,0,15,,92468,25,,,0,15,,92477,25,,,0,15,,92467,25,,,0,57,,92484,25,,,0,18,,92507,25,,,0,20,,92497,25,,,0,18,,92499,25,,,0,60,,92465,25,,,0,20,,92476,25,,,0,20,,92483,25,,,0,61,,92509,25,,,0,30,,92498,25,,,0,70,,92475,25,,,0,31,,92474,25,,,0,71,,92506,25,,,0,83,,92496,25,,,0
1401,'5461',639,,92569,25,,,0,64,,92556,25,,,0,26,,92555,25,,,0,17,,92539,25,,,0,55,,92573,25,,,0,15,,92546,25,,,0,14,,92571,25,,,0,15,,92562,25,,,0,55,,92572,25,,,0,14,,92530,25,,,0,15,,92561,25,,,0,15,,92527,25,,,0,15,,92531,25,,,0,55,,92540,25,,,0,15,,92564,25,,,0,15,,92518,25,,,0,15,,92548,25,,,0,55,,92519,25,,,0,15,,92549,25,,,0,14,,92520,25,,,0,15,,92532,25,,,0,57,,92541,25,,,0,15,,92565,25,,,0,15,,92515,25,,,0,55,,92550,25,,,0,16,,92517,25,,,0,15,,92547,25,,,0,15,,92516,25,,,0,55,,92533,25,,,0,15,,92513,25,,,0,15,,92542,25,,,0,15,,92563,25,,,0,55,,92523,25,,,0,15,,92551,25,,,0,15,,92522,25,,,0,15,,92553,25,,,0,55,,92521,25,,,0,15,,92534,25,,,0,15,,92514,25,,,0,15,,92543,25,,,0,55,,92566,25,,,0,15,,92524,25,,,0,15,,92552,25,,,0,15,,92525,25,,,0,55,,92554,25,,,0,15,,92529,25,,,0,15,,92538,25,,,0,15,,92528,25,,,0,57,,92545,25,,,0,18,,92568,25,,,0,20,,92558,25,,,0,18,,92560,25,,,0,60,,92526,25,,,0,20,,92537,25,,,0,20,,92544,25,,,0,61,,92570,25,,,0,30,,92559,25,,,0,70,,92536,25,,,0,31,,92535,25,,,0,71,,92567,25,,,0,83,,92557,25,,,0
1401,'5462',639,,92630,25,,,0,64,,92617,25,,,0,26,,92616,25,,,0,17,,92600,25,,,0,55,,92634,25,,,0,15,,92607,25,,,0,14,,92632,25,,,0,15,,92623,25,,,0,55,,92633,25,,,0,14,,92591,25,,,0,15,,92622,25,,,0,15,,92588,25,,,0,15,,92592,25,,,0,55,,92601,25,,,0,15,,92625,25,,,0,15,,92579,25,,,0,15,,92609,25,,,0,55,,92580,25,,,0,15,,92610,25,,,0,14,,92581,25,,,0,15,,92593,25,,,0,57,,92602,25,,,0,15,,92626,25,,,0,15,,92576,25,,,0,55,,92611,25,,,0,16,,92578,25,,,0,15,,92608,25,,,0,15,,92577,25,,,0,55,,92594,25,,,0,15,,92574,25,,,0,15,,92603,25,,,0,15,,92624,25,,,0,55,,92584,25,,,0,15,,92612,25,,,0,15,,92583,25,,,0,15,,92614,25,,,0,55,,92582,25,,,0,15,,92595,25,,,0,15,,92575,25,,,0,15,,92604,25,,,0,55,,92627,25,,,0,15,,92585,25,,,0,15,,92613,25,,,0,15,,92586,25,,,0,55,,92615,25,,,0,15,,92590,25,,,0,15,,92599,25,,,0,15,,92589,25,,,0,57,,92606,25,,,0,18,,92629,25,,,0,20,,92619,25,,,0,18,,92621,25,,,0,60,,92587,25,,,0,20,,92598,25,,,0,20,,92605,25,,,0,61,,92631,25,,,0,30,,92620,25,,,0,70,,92597,25,,,0,31,,92596,25,,,0,71,,92628,25,,,0,83,,92618,25,,,0
1401,'5463',639,,92691,25,,,0,64,,92678,25,,,0,26,,92677,25,,,0,17,,92661,25,,,0,55,,92695,25,,,0,15,,92668,25,,,0,14,,92693,25,,,0,15,,92684,25,,,0,55,,92694,25,,,0,14,,92652,25,,,0,15,,92683,25,,,0,15,,92649,25,,,0,15,,92653,25,,,0,55,,92662,25,,,0,15,,92686,25,,,0,15,,92640,25,,,0,15,,92670,25,,,0,55,,92641,25,,,0,15,,92671,25,,,0,14,,92642,25,,,0,15,,92654,25,,,0,57,,92663,25,,,0,15,,92687,25,,,0,15,,92637,25,,,0,55,,92672,25,,,0,16,,92639,25,,,0,15,,92669,25,,,0,15,,92638,25,,,0,55,,92655,25,,,0,15,,92635,25,,,0,15,,92664,25,,,0,15,,92685,25,,,0,55,,92645,25,,,0,15,,92673,25,,,0,15,,92644,25,,,0,15,,92675,25,,,0,55,,92643,25,,,0,15,,92656,25,,,0,15,,92636,25,,,0,15,,92665,25,,,0,55,,92688,25,,,0,15,,92646,25,,,0,15,,92674,25,,,0,15,,92647,25,,,0,55,,92676,25,,,0,15,,92651,25,,,0,15,,92660,25,,,0,15,,92650,25,,,0,57,,92667,25,,,0,18,,92690,25,,,0,20,,92680,25,,,0,18,,92682,25,,,0,60,,92648,25,,,0,20,,92659,25,,,0,20,,92666,25,,,0,61,,92692,25,,,0,30,,92681,25,,,0,70,,92658,25,,,0,31,,92657,25,,,0,71,,92689,25,,,0,83,,92679,25,,,0
2200,'4832',739,,69007,15,,,0,101,,69008,15,,,0,80,,69009,15,,,0,30,,69004,15,,,0,71,,69005,15,,,0,30,,69006,15,,,0,70,,69011,15,,,0,29,,69012,15,,,0,71,,69010,15,,,0,30,,69013,15,,,0,70,,69014,15,,,0,30,,69022,15,,,0,70,,69021,15,,,0,30,,69015,15,,,0,70,,69016,15,,,0,30,,69017,15,,,0,70,,69018,15,,,0,32,,69019,15,,,0,70,,69020,15,,,0,30,,69023,15,,,0,70,,69024,15,,,0,29,,69025,15,,,0,70,,69026,15,,,0
2200,'5453',739,,83518,15,,,0,101,,79257,15,,,0,80,,83519,15,,,0,30,,79253,15,,,0,71,,79254,15,,,0,30,,79255,15,,,0,70,,83520,15,,,0,29,,79261,15,,,0,71,,79259,15,,,0,30,,79262,15,,,0,70,,83521,15,,,0,30,,79271,15,,,0,70,,79270,15,,,0,30,,79264,15,,,0,70,,79265,15,,,0,30,,79266,15,,,0,70,,79267,15,,,0,32,,79268,15,,,0,70,,79269,15,,,0,30,,79272,15,,,0,70,,79273,15,,,0,29,,79274,15,,,0,70,,79275,15,,,0
2200,'5456',600,,94076,15,,,0,30,,94078,15,,,0,28,,94077,15,,,0,69,,94080,15,,,0,74,,94079,15,,,0,23,,94083,15,,,0,30,,94081,15,,,0,102,,94082,15,,,0,66,,94084,15,,,0,30,,94085,15,,,0,101,,94088,15,0,21 22,0,70,,94086,15,0,21 22,0,30,,94089,15,0,21 22,0,70,,94090,15,0,21 22,0,100,,94091,15,0,21 22,0,29,,94092,15,0,21 22,0,75,,94093,15,0,21 22,0,102,,94094,15,0,21 22,0,100,,94095,15,0,21 22,0,30,,94096,15,,,0,65,,94097,15,,,0,99,,94098,15,,,0,30,,94099,15,,,0,69,,94100,15,,,0,30,,94101,15,,,0,70,,94103,15,0,5,0,29,,94102,15,0,5,0
2200,'5458',600,,94105,15,,,0,30,,94107,15,,,0,28,,94106,15,,,0,69,,94109,15,,,0,74,,94108,15,,,0,23,,94112,15,,,0,30,,94110,15,,,0,102,,94111,15,,,0,66,,94113,15,,,0,30,,94114,15,,,0,101,,94117,15,0,21 22,0,70,,94115,15,0,21 22,0,30,,94118,15,0,21 22,0,70,,94119,15,0,21 22,0,100,,94120,15,0,21 22,0,29,,94121,15,0,21 22,0,75,,94123,15,0,21 22,0,102,,94124,15,0,21 22,0,100,,94125,15,0,21 22,0,30,,94126,15,,,0,65,,94127,15,,,0,99,,94128,15,,,0,30,,94129,15,,,0,69,,94130,15,,,0,30,,94131,15,,,0,70,,94133,15,0,5,0,29,,94132,15,0,5,0
2200,'5459',650,,94153,15,,,0,80,,94139,15,,,0,80,,94143,15,,,0,40,,94156,15,,,0,71,,94140,15,,,0,30,,94134,15,,,0,71,,94141,15,,,0,31,,94155,15,,,0,70,,94138,15,,,0,30,,94137,15,,,0,71,,94142,15,,,0,30,,94135,15,,,0,70,,94160,15,,,0,30,,94136,15,,,0,70,,94149,15,,,0,30,,94145,15,,,0,70,,94148,15,,,0,30,,94159,15,,,0,69,,94150,15,,,0,31,,94144,15,,,0,70,,94152,15,,,0,33,,94151,15,,,0,70,,94147,15,,,0,29,,94146,15,,,0,69,,94161,15,,,0,30,,94162,15,,,0,67,,94158,15,,,0,28,,94154,15,,,0,69,,94157,15,0,5,0,30,,94163,15,0,5,0
2200,'5460',739,,94167,15,,,0,101,,94168,15,,,0,80,,94169,15,,,0,30,,94164,15,,,0,71,,94165,15,,,0,30,,94166,15,,,0,70,,94171,15,,,0,29,,94172,15,,,0,71,,94170,15,,,0,30,,94173,15,,,0,70,,94174,15,,,0,30,,94182,15,,,0,70,,94181,15,,,0,30,,94175,15,,,0,70,,94176,15,,,0,30,,94177,15,,,0,70,,94178,15,,,0,32,,94179,15,,,0,70,,94180,15,,,0,30,,94183,15,,,0,70,,94184,15,,,0,29,,94185,15,,,0,70,,94186,15,,,0
2200,'5461',739,,94191,15,,,0,101,,94192,15,,,0,80,,94193,15,,,0,30,,94188,15,,,0,71,,94189,15,,,0,30,,94190,15,,,0,70,,94195,15,,,0,29,,94196,15,,,0,71,,94194,15,,,0,30,,94197,15,,,0,70,,94198,15,,,0,30,,94206,15,,,0,70,,94205,15,,,0,30,,94199,15,,,0,70,,94200,15,,,0,30,,94201,15,,,0,70,,94202,15,,,0,32,,94203,15,,,0,70,,94204,15,,,0,30,,94207,15,,,0,70,,94208,15,,,0,29,,94209,15,,,0,70,,94210,15,,,0
2200,'5462',739,,94215,15,,,0,101,,94216,15,,,0,80,,94217,15,,,0,30,,94212,15,,,0,71,,94213,15,,,0,30,,94214,15,,,0,70,,94219,15,,,0,29,,94220,15,,,0,71,,94218,15,,,0,30,,94221,15,,,0,70,,94222,15,,,0,30,,94230,15,,,0,70,,94229,15,,,0,30,,94223,15,,,0,70,,94224,15,,,0,30,,94225,15,,,0,70,,94226,15,,,0,32,,94227,15,,,0,70,,94228,15,,,0,30,,94231,15,,,0,70,,94232,15,,,0,29,,94233,15,,,0,70,,94234,15,,,0
2200,'5463',739,,94239,15,,,0,101,,94240,15,,,0,80,,94241,15,,,0,30,,94236,15,,,0,71,,94237,15,,,0,30,,94238,15,,,0,70,,94243,15,,,0,29,,94244,15,,,0,71,,94242,15,,,0,30,,94245,15,,,0,70,,94246,15,,,0,30,,94254,15,,,0,70,,94253,15,,,0,30,,94247,15,,,0,70,,94248,15,,,0,30,,94249,15,,,0,70,,94250,15,,,0,32,,94251,15,,,0,70,,94252,15,,,0,30,,94255,15,,,0,70,,94256,15,,,0,29,,94257,15,,,0,70,,94258,15,,,0
1002200,'5456',927,,103706,15,,,0,195,,103707,15,0,21 22,0,231,,103708,15,0,21 22,0,206,,103709,15,0,21 22,0,100,,103710,15,0,21 22,0,197,,103711,15,0,21 22,0
1002200,'5458',927,,103712,15,,,0,195,,103713,15,0,21 22,0,231,,103714,15,0,21 22,0,206,,103715,15,0,21 22,0,100,,103716,15,0,21 22,0,197,,103717,15,0,21 22,0
