3500,'5456',705,,97915,12,,,0,117,,97912,12,,,0,21,,97911,12,,,0,5,,97918,12,,,0,4,,97917,12,,,0,150,,97913,12,,,0,105,,97914,12,,,0,105,,97916,12,,,0,104,,97919,12,,,0,105,,97920,12,,,0,101,,97923,4,,,0,3,,97922,4,,,0,9,,97921,12,,,0,102,,97924,12,,,0,105,,97925,12,,,0
3500,'5458',705,,97930,12,,,0,117,,97927,12,,,0,21,,97926,12,,,0,5,,97933,12,,,0,4,,97932,12,,,0,150,,97928,12,,,0,105,,97929,12,,,0,105,,97931,12,,,0,104,,97934,12,,,0,105,,97935,12,,,0,101,,97938,4,,,0,3,,97937,4,,,0,9,,97936,12,,,0,102,,97939,12,,,0,105,,97940,12,,,0
7201,'5456',609,,101280,43,,,0,40,,101283,43,,,0,71,,101281,43,,,0,33,,101285,43,,,0,72,,101295,43,,,0,21,,101290,43,,,0,67,,101282,43,,,0,29,,101284,43,,,0,70,,101288,43,,,0,30,,101286,43,,,0,70,,101287,43,,,0,33,,101294,43,,,0,70,,101289,43,,,0,30,,101291,43,,,0,71,,101292,43,,,0,30,,101299,43,,,0,70,,101302,43,,,0,32,,101293,43,,,0,72,,101304,43,,,0,31,,101308,43,,,0,72,,101296,43,,,0,26,,101297,43,,,0,69,,101303,43,,,0,29,,101311,43,,,0,70,,101298,43,,,0,27,,101305,43,,,0,70,,101307,43,,,0,29,,101300,43,,,0,70,,101301,43,,,0,30,,101310,43,,,0,70,,101312,43,,,0,30,,101306,43,,,0
7201,'5457',1458,,101313,39,,,0
7201,'5458',609,,101314,43,,,0,40,,101317,43,,,0,71,,101315,43,,,0,33,,101319,43,,,0,72,,101330,43,,,0,21,,101324,43,,,0,67,,101316,43,,,0,29,,101318,43,,,0,70,,101322,43,,,0,30,,101320,43,,,0,70,,101321,43,,,0,33,,101329,43,,,0,70,,101323,43,,,0,30,,101325,43,,,0,71,,101326,43,,,0,30,,101334,43,,,0,70,,101337,43,,,0,32,,101328,43,,,0,10,,101327,39,,,0,62,,101339,43,,,0,31,,101343,43,,,0,72,,101331,43,,,0,26,,101332,43,,,0,69,,101338,43,,,0,29,,101346,43,,,0,70,,101333,43,,,0,27,,101340,43,,,0,70,,101342,43,,,0,29,,101335,43,,,0,70,,101336,43,,,0,30,,101345,43,,,0,70,,101347,43,,,0,30,,101341,43,,,0
7201,'5459',636,,101376,43,,,0,103,,101349,43,,,0,99,,101350,43,,,0,73,,101351,43,,,0,31,,101352,43,,,0,70,,101353,43,,,0,31,,101354,43,,,0,70,,101355,43,,,0,31,,101356,43,,,0,70,,101357,43,,,0,30,,101348,43,,,0,70,,101358,43,,,0,30,,101359,43,,,0,71,,101360,43,,,0,34,,101361,43,,,0,71,,101362,43,,,0,29,,101363,43,,,0,71,,101364,43,,,0,29,,101365,43,,,0,66,,101366,43,,,0,27,,101367,43,,,0,70,,101368,43,,,0,29,,101369,43,,,0,70,,101370,43,,,0,29,,101371,43,,,0,70,,101372,43,,,0,31,,101373,43,,,0,69,,101374,43,,,0,30,,101375,43,,,0
7201,'5460',738,,101378,43,,,0,100,,101379,43,,,0,100,,101380,43,,,0,106,,101381,43,,,0,100,,101383,43,,,0,70,,101384,43,,,0,30,,101377,43,,,0,69,,101382,43,,,0,30,,101385,43,,,0,70,,101387,43,,,0,30,,101388,43,,,0,71,,101389,43,,,0,30,,101386,43,,,0,70,,101390,43,,,0,29,,101391,43,,,0,70,,101392,43,,,0,34,,101393,43,,,0,68,,101394,43,,,0,31,,101395,43,,,0,70,,101396,43,,,0,30,,101398,43,,,0,69,,101397,43,,,0,30,,101399,43,,,0,70,,101400,43,,,0,30,,101401,43,,,0
7201,'5461',738,,101403,43,,,0,100,,101404,43,,,0,100,,101405,43,,,0,106,,101406,43,,,0,100,,101408,43,,,0,70,,101409,43,,,0,30,,101402,43,,,0,69,,101407,43,,,0,30,,101410,43,,,0,70,,101412,43,,,0,30,,101413,43,,,0,71,,101414,43,,,0,30,,101411,43,,,0,70,,101415,43,,,0,29,,101416,43,,,0,70,,101417,43,,,0,34,,101418,43,,,0,68,,101419,43,,,0,31,,101420,43,,,0,70,,101421,43,,,0,30,,101423,43,,,0,69,,101422,43,,,0,30,,101424,43,,,0,70,,101425,43,,,0,30,,101426,43,,,0
7201,'5462',738,,101428,43,,,0,100,,101429,43,,,0,100,,101430,43,,,0,106,,101431,43,,,0,100,,101433,43,,,0,70,,101434,43,,,0,30,,101427,43,,,0,69,,101432,43,,,0,30,,101435,43,,,0,70,,101437,43,,,0,30,,101438,43,,,0,71,,101439,43,,,0,30,,101436,43,,,0,70,,101440,43,,,0,29,,101441,43,,,0,70,,101442,43,,,0,34,,101443,43,,,0,68,,101444,43,,,0,31,,101445,43,,,0,70,,101446,43,,,0,30,,101448,43,,,0,69,,101447,43,,,0,30,,101449,43,,,0,70,,101450,43,,,0,30,,101451,43,,,0
7201,'5463',738,,101453,43,,,0,100,,101454,43,,,0,100,,101455,43,,,0,106,,101456,43,,,0,100,,101458,43,,,0,70,,101459,43,,,0,30,,101452,43,,,0,69,,101457,43,,,0,30,,101460,43,,,0,70,,101462,43,,,0,30,,101463,43,,,0,71,,101464,43,,,0,30,,101461,43,,,0,70,,101465,43,,,0,29,,101466,43,,,0,70,,101467,43,,,0,34,,101468,43,,,0,68,,101469,43,,,0,31,,101470,43,,,0,70,,101471,43,,,0,30,,101473,43,,,0,69,,101472,43,,,0,30,,101474,43,,,0,70,,101475,43,,,0,30,,101476,43,,,0
7501,'5456',601,,101665,38,,,0,30,,101662,38,,,0,23,,101663,38,,,0,59,,101667,38,,,0,24,,101669,38,,,0,66,,101664,38,,,0,19,,101674,38,,,0,16,,101671,38,,,0,68,,101666,38,,,0,32,,101668,40,,,0,79,,101670,40,,,0,30,,101672,40,,,0,74,,101673,40,,,0,28,,101675,40,,,0,70,,101676,40,,,0,31,,101677,40,,,0,70,,101678,40,,,0,30,,101679,40,,,0,72,,101680,40,,,0,32,,101681,40,,,0,72,,101682,40,,,0,19,,101698,40,,,0,11,,101683,40,,,0,59,,101685,40,,,0,14,,101684,40,,,0,9,,101693,38,,,0,10,,101697,19,,,0,10,,101686,40,,,0,67,,101687,40,,,0,27,,101688,40,,,0,69,,101689,40,,,0,99,,101690,40,,,0,97,,101691,40,,,0,100,,101692,40,,,0,98,,101694,40,,,0,94,,101695,40,0,28 29 14,0,93,,101696,38,0,28 29 14,0
7501,'5458',601,,101702,38,,,0,30,,101699,38,,,0,23,,101700,38,,,0,59,,101704,38,,,0,24,,101706,38,,,0,66,,101701,38,,,0,19,,101711,38,,,0,16,,101708,38,,,0,68,,101703,38,,,0,32,,101705,40,,,0,79,,101707,40,,,0,30,,101709,40,,,0,74,,101710,40,,,0,28,,101712,40,,,0,70,,101713,40,,,0,31,,101714,40,,,0,70,,101715,40,,,0,30,,101716,40,,,0,72,,101717,40,,,0,32,,101718,40,,,0,72,,101719,40,,,0,19,,101735,40,,,0,11,,101720,40,,,0,59,,101722,40,,,0,14,,101721,40,,,0,9,,101730,38,,,0,10,,101734,19,,,0,10,,101723,40,,,0,67,,101724,40,,,0,27,,101725,40,,,0,69,,101726,40,,,0,99,,101727,40,,,0,97,,101728,40,,,0,100,,101729,40,,,0,98,,101731,40,,,0,94,,101732,40,0,28 29 14,0,93,,101733,38,0,28 29 14,0
7501,'5459',650,,101736,32,0,28 29 14,0,153,,101737,38,,,0,100,,101738,38,,,0,113,,101739,40,,,0,104,,101740,40,,,0,101,,101741,40,,,0,30,,101742,40,,,0,70,,101743,40,,,0,30,,101744,40,,,0,70,,101745,40,,,0,34,,101746,40,,,0,70,,101747,40,,,0,30,,101748,40,,,0,70,,101749,40,,,0,30,,101750,40,,,0,70,,101751,40,,,0,96,,101752,40,,,0,95,,101753,40,,,0,99,,101754,40,,,0,100,,101755,40,,,0,100,,101756,40,,,0,95,,101757,40,0,28 29 14,0,94,,101758,38,0,28 29 14,0
7501,'5460',659,,101759,14,0,28 29 14,0,141,,101760,38,0,28 29 14,0,104,,101761,38,,,0,109,,101762,40,,,0,101,,101763,40,,,0,104,,101764,40,,,0,31,,101765,40,,,0,70,,101766,40,,,0,30,,101767,40,,,0,70,,101768,40,,,0,31,,101769,40,,,0,71,,101770,40,,,0,30,,101771,40,,,0,70,,101772,40,,,0,100,,101773,40,,,0,101,,101774,40,,,0,99,,101775,40,,,0,100,,101776,40,,,0,99,,101777,40,,,0,100,,101778,40,,,0,88,,101779,40,0,28 29 14,0,106,,101780,38,0,28 29 14,0
7501,'5461',659,,101781,14,0,28 29 14,0,141,,101782,38,0,28 29 14,0,104,,101783,38,,,0,109,,101784,40,,,0,101,,101785,40,,,0,104,,101786,40,,,0,31,,101787,40,,,0,70,,101788,40,,,0,30,,101789,40,,,0,70,,101790,40,,,0,31,,101791,40,,,0,71,,101792,40,,,0,30,,101793,40,,,0,70,,101794,40,,,0,100,,101795,40,,,0,101,,101796,40,,,0,99,,101797,40,,,0,100,,101798,40,,,0,99,,101799,40,,,0,100,,101800,40,,,0,88,,101801,40,0,28 29 14,0,106,,101802,38,0,28 29 14,0
7501,'5462',659,,101803,14,0,28 29 14,0,141,,101804,38,0,28 29 14,0,104,,101805,38,,,0,109,,101806,40,,,0,101,,101807,40,,,0,104,,101808,40,,,0,31,,101809,40,,,0,70,,101810,40,,,0,30,,101811,40,,,0,70,,101812,40,,,0,31,,101813,40,,,0,71,,101814,40,,,0,30,,101815,40,,,0,70,,101816,40,,,0,100,,101817,40,,,0,101,,101818,40,,,0,99,,101819,40,,,0,100,,101820,40,,,0,99,,101821,40,,,0,100,,101822,40,,,0,88,,101823,40,0,28 29 14,0,106,,101824,38,0,28 29 14,0
7501,'5463',659,,101825,14,0,28 29 14,0,141,,101826,38,0,28 29 14,0,104,,101827,38,,,0,109,,101828,40,,,0,101,,101829,40,,,0,104,,101830,40,,,0,31,,101831,40,,,0,70,,101832,40,,,0,30,,101833,40,,,0,70,,101834,40,,,0,31,,101835,40,,,0,71,,101836,40,,,0,30,,101837,40,,,0,70,,101838,40,,,0,100,,101839,40,,,0,101,,101840,40,,,0,99,,101841,40,,,0,100,,101842,40,,,0,99,,101843,40,,,0,100,,101844,40,,,0,88,,101845,40,0,28 29 14,0,106,,101846,38,0,28 29 14,0
1007201,'5456',2248,,103776,46,,,0,98,,103778,46,,,0,99,,103777,46,,,0
1007201,'5458',2248,,103779,46,,,0,98,,103781,46,,,0,99,,103780,46,,,0
1007201,'5459',2249,,103782,46,,,0,97,,103783,46,,,0,98,,103784,46,,,0
1007201,'5460',2248,,103785,46,,,0,98,,103786,46,,,0
1007201,'5461',2248,,103787,46,,,0,98,,103788,46,,,0
1007201,'5462',2248,,103789,46,,,0,98,,103790,46,,,0
1007201,'5463',2248,,103791,46,,,0,98,,103792,46,,,0
