400,'4832',751,,82002,6,,,0,70,,82003,6,,,0,32,,82004,6,,,0,71,,82005,6,,,0,29,,64206,6,,,0,70,,64207,6,,,0,20,,64208,6,,,0,60,,64209,6,,,0,20,,64210,6,,,0,20,,64211,6,,,0,60,,64212,6,,,0,20,,64213,6,,,0,21,,64214,6,,,0,60,,64215,6,,,0,20,,64216,6,,,0,20,,64217,6,,,0,60,,64218,6,,,0,19,,64245,6,,,0,18,,64219,6,,,0,16,,64220,6,,,0,56,,64221,6,,,0,16,,64222,6,,,0,16,,64247,6,,,0,56,,64223,6,,,0,16,,64224,6,,,0,16,,64225,6,,,0,16,,64226,6,,,0,56,,64246,6,,,0,15,,64227,6,,,0,17,,64228,6,,,0,17,,64229,6,,,0,58,,64230,6,,,0,18,,64231,6,,,0,17,,64232,6,,,0,58,,64233,6,,,0,18,,82006,6,,,0,18,,82007,6,,,0,18,,64248,6,,,0,57,,64236,6,,,0,20,,82008,6,,,0,20,,82009,6,,,0,64,,64239,6,,,0,30,,64240,6,,,0,72,,64241,6,,,0,29,,64242,6,,,0,70,,82010,6,,,0,33,,82011,6,,,0
400,'5453',751,,77970,6,,,0,70,,82012,6,,,0,32,,77972,6,,,0,71,,82013,6,,,0,29,,77974,6,,,0,70,,82014,6,,,0,20,,77976,6,,,0,60,,77977,6,,,0,20,,77978,6,,,0,20,,82015,6,,,0,60,,82016,6,,,0,20,,77981,6,,,0,21,,77982,6,,,0,60,,82017,6,,,0,20,,82018,6,,,0,20,,77985,6,,,0,60,,77986,6,,,0,19,,82025,6,,,0,18,,77987,6,,,0,16,,82019,6,,,0,56,,77989,6,,,0,16,,77990,6,,,0,16,,82027,6,,,0,56,,77991,6,,,0,16,,82020,6,,,0,16,,77993,6,,,0,16,,77994,6,,,0,56,,82026,6,,,0,15,,77995,6,,,0,17,,82021,6,,,0,17,,77997,6,,,0,58,,77998,6,,,0,18,,77999,6,,,0,17,,82022,6,,,0,58,,78001,6,,,0,18,,78002,6,,,0,18,,78003,6,,,0,18,,82028,6,,,0,57,,78004,6,,,0,20,,78005,6,,,0,20,,82023,6,,,0,64,,78007,6,,,0,30,,78008,6,,,0,72,,78009,6,,,0,29,,82024,6,,,0,70,,78011,6,,,0,33,,78012,6,,,0
400,'5456',558,,88255,6,,,0,61,,88252,6,,,0,18,,88268,6,,,0,63,,88249,6,,,0,15,,88278,6,,,0,15,,88315,6,,,0,15,,88296,6,,,0,55,,88289,6,,,0,11,,88258,6,,,0,4,,88253,6,,,0,15,,88273,6,,,0,14,,88279,6,,,0,14,,88260,6,,,0,54,,88269,6,,,0,12,,88261,6,,,0,13,,88283,6,,,0,14,,88263,6,,,0,54,,88281,6,,,0,13,,88286,6,,,0,13,,88288,6,,,0,13,,88291,6,,,0,13,,88290,6,,,0,54,,88292,6,,,0,14,,88301,6,,,0,14,,88303,6,,,0,13,,88310,6,,,0,54,,88308,6,,,0,13,,88305,6,,,0,14,,88320,6,,,0,13,,88316,6,,,0,55,,88271,6,,,0,15,,88325,6,,,0,13,,88262,6,,,0,14,,88276,6,,,0,14,,88277,6,,,0,52,,88256,6,,,0,13,,88257,6,,,0,13,,88284,6,,,0,14,,88251,6,,,0,54,,88282,6,,,0,18,,88285,6,,,0,18,,88294,6,,,0,16,,88298,6,,,0,57,,88293,6,,,0,19,,88297,6,,,0,15,,88302,6,,,0,58,,88300,6,,,0,19,,88307,6,,,0,15,,88304,6,,,0,13,,88309,6,,,0,52,,88313,6,,,0,14,,88321,6,,,0,15,,88326,6,,,0,15,,88250,6,,,0,54,,88274,6,,,0,15,,88264,6,,,0,15,,88267,6,,,0,15,,88287,6,,,0,55,,88306,6,,,0,15,,88280,6,,,0,16,,88299,6,,,0,17,,88275,6,,,0,57,,88311,6,,,0,15,,88272,6,,,0,16,,88322,6,,,0,18,,88312,6,,,0,60,,88317,6,,,0,20,,88323,6,,,0,22,,88318,6,,,0,64,,88324,6,,,0,29,,88319,6,,,0,69,,88314,6,,,0
400,'5458',558,,88335,6,,,0,61,,88332,6,,,0,18,,88349,6,,,0,63,,88328,6,,,0,15,,88359,6,,,0,15,,88396,6,,,0,15,,88377,6,,,0,55,,88370,6,,,0,11,,88338,6,,,0,4,,88333,6,,,0,15,,88354,6,,,0,14,,88360,6,,,0,14,,88340,6,,,0,54,,88350,6,,,0,12,,88341,6,,,0,13,,88364,6,,,0,14,,88343,6,,,0,54,,88362,6,,,0,13,,88367,6,,,0,13,,88369,6,,,0,13,,88372,6,,,0,13,,88371,6,,,0,54,,88373,6,,,0,14,,88382,6,,,0,14,,88384,6,,,0,13,,88391,6,,,0,54,,88389,6,,,0,13,,88386,6,,,0,14,,88401,6,,,0,13,,88397,6,,,0,55,,88352,6,,,0,15,,88408,6,,,0,13,,88342,6,,,0,14,,88357,6,,,0,14,,88358,6,,,0,52,,88336,6,,,0,13,,88337,6,,,0,13,,88365,6,,,0,14,,88331,6,,,0,54,,88363,6,,,0,18,,88366,6,,,0,18,,88375,6,,,0,16,,88379,6,,,0,57,,88374,6,,,0,19,,88378,6,,,0,15,,88383,6,,,0,58,,88381,6,,,0,19,,88388,6,,,0,15,,88385,6,,,0,13,,88390,6,,,0,52,,88394,6,,,0,14,,88402,6,,,0,15,,88409,6,,,0,15,,88330,6,,,0,54,,88355,6,,,0,15,,88344,6,,,0,15,,88348,6,,,0,15,,88368,6,,,0,55,,88387,6,,,0,15,,88361,6,,,0,16,,88380,6,,,0,17,,88356,6,,,0,57,,88392,6,,,0,15,,88353,6,,,0,16,,88403,6,,,0,18,,88393,6,,,0,60,,88398,6,,,0,20,,88405,6,,,0,22,,88399,6,,,0,64,,88406,6,,,0,29,,88400,6,,,0,69,,88395,6,,,0,30,,88404,6,,,0,70,,88407,6,,,0,30,,88410,6,,,0,70,,88329,6,,,0,30,,88345,6,,,0
400,'5459',645,,88455,6,,,0,65,,88436,6,,,0,20,,88441,6,,,0,20,,88448,6,,,0,60,,88430,6,,,0,18,,88446,6,,,0,18,,88450,6,,,0,56,,88431,6,,,0,16,,88421,6,,,0,16,,88447,6,,,0,16,,88453,6,,,0,56,,88415,6,,,0,16,,88424,6,,,0,15,,88418,6,,,0,16,,88477,6,,,0,56,,88438,6,,,0,15,,88437,6,,,0,16,,88413,6,,,0,15,,88425,6,,,0,55,,88435,6,,,0,15,,88445,6,,,0,15,,88454,6,,,0,15,,88412,6,,,0,56,,88419,6,,,0,16,,88429,6,,,0,16,,88439,6,,,0,16,,88449,6,,,0,56,,88417,6,,,0,15,,88422,6,,,0,16,,88432,6,,,0,56,,88444,6,,,0,16,,88452,6,,,0,16,,88414,6,,,0,16,,88428,6,,,0,55,,88423,6,,,0,16,,88442,6,,,0,16,,88451,6,,,0,15,,88426,6,,,0,56,,88433,6,,,0,16,,88416,6,,,0,16,,88443,6,,,0,15,,88440,6,,,0,56,,88427,6,,,0,17,,88420,6,,,0,18,,88434,6,,,0,58,,88459,6,,,0,18,,88456,6,,,0,18,,88458,6,,,0,18,,88457,6,,,0,57,,88473,6,,,0,17,,88465,6,,,0,18,,88464,6,,,0,58,,88466,6,,,0,18,,88467,6,,,0,18,,88474,6,,,0,58,,88470,6,,,0,25,,88471,6,,,0,23,,88469,6,,,0,70,,88468,6,,,0,30,,88472,6,,,0,70,,88475,6,,,0,30,,88476,6,,,0,69,,88463,6,,,0,30,,88460,6,,,0,70,,88461,6,,,0,30,,88462,6,,,0
400,'5460',751,,88478,6,,,0,70,,88479,6,,,0,32,,88480,6,,,0,71,,88481,6,,,0,29,,88482,6,,,0,70,,88483,6,,,0,20,,88484,6,,,0,60,,88485,6,,,0,20,,88486,6,,,0,20,,88487,6,,,0,60,,88488,6,,,0,20,,88489,6,,,0,21,,88490,6,,,0,60,,88491,6,,,0,20,,88492,6,,,0,20,,88493,6,,,0,60,,88494,6,,,0,19,,88521,6,,,0,18,,88495,6,,,0,16,,88496,6,,,0,56,,88497,6,,,0,16,,88498,6,,,0,16,,88523,6,,,0,56,,88499,6,,,0,16,,88500,6,,,0,16,,88501,6,,,0,16,,88502,6,,,0,56,,88522,6,,,0,15,,88503,6,,,0,17,,88504,6,,,0,17,,88505,6,,,0,58,,88506,6,,,0,18,,88507,6,,,0,17,,88508,6,,,0,58,,88509,6,,,0,18,,88510,6,,,0,18,,88511,6,,,0,18,,88524,6,,,0,57,,88512,6,,,0,20,,88513,6,,,0,20,,88514,6,,,0,64,,88515,6,,,0,30,,88516,6,,,0,72,,88517,6,,,0,29,,88518,6,,,0,70,,88519,6,,,0,81,,88520,6,,,0
400,'5461',751,,88525,6,,,0,70,,88526,6,,,0,32,,88527,6,,,0,71,,88528,6,,,0,29,,88529,6,,,0,70,,88530,6,,,0,20,,88531,6,,,0,60,,88532,6,,,0,20,,88533,6,,,0,20,,88534,6,,,0,60,,88535,6,,,0,20,,88536,6,,,0,21,,88537,6,,,0,60,,88538,6,,,0,20,,88539,6,,,0,20,,88540,6,,,0,60,,88541,6,,,0,19,,88568,6,,,0,18,,88542,6,,,0,16,,88543,6,,,0,56,,88544,6,,,0,16,,88545,6,,,0,16,,88570,6,,,0,56,,88546,6,,,0,16,,88547,6,,,0,16,,88548,6,,,0,16,,88549,6,,,0,56,,88569,6,,,0,15,,88550,6,,,0,17,,88551,6,,,0,17,,88552,6,,,0,58,,88553,6,,,0,18,,88554,6,,,0,17,,88555,6,,,0,58,,88556,6,,,0,18,,88557,6,,,0,18,,88558,6,,,0,18,,88571,6,,,0,57,,88559,6,,,0,20,,88560,6,,,0,20,,88561,6,,,0,64,,88562,6,,,0,30,,88563,6,,,0,72,,88564,6,,,0,29,,88565,6,,,0,70,,88566,6,,,0,81,,88567,6,,,0
400,'5462',751,,88572,6,,,0,70,,88573,6,,,0,32,,88574,6,,,0,71,,88575,6,,,0,29,,88576,6,,,0,70,,88577,6,,,0,20,,88578,6,,,0,60,,88579,6,,,0,20,,88580,6,,,0,20,,88581,6,,,0,60,,88582,6,,,0,20,,88583,6,,,0,21,,88584,6,,,0,60,,88585,6,,,0,20,,88586,6,,,0,20,,88587,6,,,0,60,,88588,6,,,0,19,,88615,6,,,0,18,,88589,6,,,0,16,,88590,6,,,0,56,,88591,6,,,0,16,,88592,6,,,0,16,,88617,6,,,0,56,,88593,6,,,0,16,,88594,6,,,0,16,,88595,6,,,0,16,,88596,6,,,0,56,,88616,6,,,0,15,,88597,6,,,0,17,,88598,6,,,0,17,,88599,6,,,0,58,,88600,6,,,0,18,,88601,6,,,0,17,,88602,6,,,0,58,,88603,6,,,0,18,,88604,6,,,0,18,,88605,6,,,0,18,,88618,6,,,0,57,,88606,6,,,0,20,,88607,6,,,0,20,,88608,6,,,0,64,,88609,6,,,0,30,,88610,6,,,0,72,,88611,6,,,0,29,,88612,6,,,0,70,,88613,6,,,0,81,,88614,6,,,0
400,'5463',751,,88619,6,,,0,70,,88620,6,,,0,32,,88621,6,,,0,71,,88622,6,,,0,29,,88623,6,,,0,70,,88624,6,,,0,20,,88625,6,,,0,60,,88626,6,,,0,20,,88627,6,,,0,20,,88628,6,,,0,60,,88629,6,,,0,20,,88630,6,,,0,21,,88631,6,,,0,60,,88632,6,,,0,20,,88633,6,,,0,20,,88634,6,,,0,60,,88635,6,,,0,19,,88662,6,,,0,18,,88636,6,,,0,16,,88637,6,,,0,56,,88638,6,,,0,16,,88639,6,,,0,16,,88664,6,,,0,56,,88640,6,,,0,16,,88641,6,,,0,16,,88642,6,,,0,16,,88643,6,,,0,56,,88663,6,,,0,15,,88644,6,,,0,17,,88645,6,,,0,17,,88646,6,,,0,58,,88647,6,,,0,18,,88648,6,,,0,17,,88649,6,,,0,58,,88650,6,,,0,18,,88651,6,,,0,18,,88652,6,,,0,18,,88665,6,,,0,57,,88653,6,,,0,20,,88654,6,,,0,20,,88655,6,,,0,64,,88656,6,,,0,30,,88657,6,,,0,72,,88658,6,,,0,29,,88659,6,,,0,70,,88660,6,,,0,81,,88661,6,,,0
1101,'4832',723,,82652,46,,,0,85,,82656,46,,,0,46,,66724,46,,,0,86,,82653,46,,,0,76,,82654,46,,,0,32,,82655,46,,,0,70,,82657,46,,,0,30,,82658,46,,,0,68,,82659,46,,,0,30,,82660,46,,,0,71,,82662,46,,,0,27,,82664,46,,,0,70,,82663,46,,,0,30,,82661,46,,,0,70,,82665,46,,,0,30,,82666,46,,,0,70,,82667,46,,,0,30,,82668,46,,,0,70,,82670,46,,,0,29,,82669,46,,,0,70,,82672,46,,,0,29,,82671,46,,,0,70,,82674,46,,,0,35,,82673,46,,,0,83,,82675,46,,,0,80,,82676,46,,,0,44,,82677,46,,,0,84,,82678,46,,,0,79,,82679,46,,,0,38,,82680,46,,,0
1101,'5453',723,,78847,46,,,0,85,,78852,46,,,0,46,,78849,46,,,0,86,,78848,46,,,0,76,,82681,46,,,0,32,,82682,46,,,0,70,,82683,46,,,0,30,,82684,46,,,0,68,,82685,46,,,0,30,,82686,46,,,0,71,,82688,46,,,0,27,,78860,46,,,0,70,,78859,46,,,0,30,,82687,46,,,0,70,,82689,46,,,0,30,,82690,46,,,0,70,,82691,46,,,0,30,,82692,46,,,0,70,,82694,46,,,0,29,,82693,46,,,0,70,,82696,46,,,0,29,,82695,46,,,0,70,,82698,46,,,0,35,,82697,46,,,0,83,,82699,46,,,0,80,,82700,46,,,0,44,,82701,46,,,0,84,,82702,46,,,0,79,,82703,46,,,0,38,,82704,46,,,0
1101,'5456',607,,91248,46,,,0,30,,91249,46,,,0,21,,91257,46,,,0,63,,91251,46,,,0,21,,91267,46,,,0,60,,91255,46,,,0,20,,91250,46,,,0,20,,91263,46,,,0,60,,91252,46,,,0,18,,91258,46,,,0,19,,91273,46,,,0,61,,91253,46,,,0,25,,91254,46,,,0,26,,91256,46,,,0,65,,91265,46,,,0,26,,91259,46,,,0,65,,91272,46,,,0,25,,91261,46,,,0,25,,91260,46,,,0,66,,91262,46,,,0,25,,91264,46,,,0,67,,91266,46,,,0,25,,91274,46,,,0,19,,91291,46,,,0,57,,91268,46,,,0,20,,91269,46,,,0,16,,91277,46,,,0,57,,91270,46,,,0,17,,91271,46,,,0,20,,91295,46,,,0,58,,91276,46,,,0,20,,91275,46,,,0,18,,91292,46,,,0,60,,91278,46,,,0,21,,91280,46,,,0,23,,91281,46,,,0,54,,91279,46,,,0,17,,91294,46,,,0,20,,91282,46,,,0,70,,91290,46,,,0,34,,91283,46,,,0,70,,91284,46,,,0,35,,91286,46,,,0,69,,91289,46,,,0,35,,91285,46,,,0,68,,91287,46,,,0,28,,91288,46,,,0,85,,91293,46,,,0
1101,'5458',607,,91296,46,,,0,30,,91297,46,,,0,21,,91305,46,,,0,63,,91299,46,,,0,21,,91315,46,,,0,60,,91303,46,,,0,20,,91298,46,,,0,20,,91311,46,,,0,60,,91300,46,,,0,18,,91306,46,,,0,19,,91321,46,,,0,61,,91301,46,,,0,25,,91302,46,,,0,26,,91304,46,,,0,65,,91313,46,,,0,26,,91307,46,,,0,65,,91320,46,,,0,25,,91309,46,,,0,25,,91308,46,,,0,66,,91310,46,,,0,25,,91312,46,,,0,67,,91314,46,,,0,25,,91322,46,,,0,19,,91339,46,,,0,57,,91316,46,,,0,20,,91317,46,,,0,16,,91325,46,,,0,57,,91318,46,,,0,17,,91319,46,,,0,20,,91343,46,,,0,58,,91324,46,,,0,20,,91323,46,,,0,18,,91340,46,,,0,60,,91326,46,,,0,21,,91328,46,,,0,23,,91329,46,,,0,54,,91327,46,,,0,17,,91342,46,,,0,20,,91330,46,,,0,70,,91338,46,,,0,34,,91331,46,,,0,70,,91332,46,,,0,35,,91334,46,,,0,69,,91337,46,,,0,35,,91333,46,,,0,68,,91335,46,,,0,28,,91336,46,,,0,85,,91341,46,,,0
1101,'5459',703,,91357,46,,,0,36,,91345,46,,,0,75,,91350,46,,,0,30,,91375,46,,,0,77,,91358,46,,,0,30,,91344,46,,,0,70,,91353,46,,,0,32,,91369,46,,,0,65,,91347,46,,,0,20,,91371,46,,,0,66,,91359,46,,,0,25,,91346,46,,,0,26,,91351,46,,,0,65,,91368,46,,,0,25,,91348,46,,,0,65,,91366,46,,,0,25,,91356,46,,,0,65,,91349,46,,,0,25,,91355,46,,,0,25,,91377,46,,,0,65,,91352,46,,,0,25,,91370,46,,,0,65,,91360,46,,,0,25,,91354,46,,,0,25,,91376,46,,,0,64,,91367,46,,,0,24,,91373,46,,,0,65,,91374,46,,,0,23,,91361,46,,,0,25,,91372,46,,,0,65,,91365,46,,,0,25,,91364,46,,,0,65,,91362,46,,,0,35,,91363,46,,,0,70,,91380,46,,,0,29,,91378,46,,,0,73,,91379,46,,,0,28,,91381,46,,,0,85,,91382,46,,,0
1101,'5460',723,,91383,46,,,0,85,,91388,46,,,0,46,,91385,46,,,0,86,,91384,46,,,0,76,,91386,46,,,0,32,,91387,46,,,0,70,,91389,46,,,0,30,,91390,46,,,0,68,,91391,46,,,0,30,,91392,46,,,0,71,,91394,46,,,0,27,,91396,46,,,0,70,,91395,46,,,0,30,,91393,46,,,0,70,,91397,46,,,0,30,,91398,46,,,0,70,,91399,46,,,0,30,,91400,46,,,0,70,,91402,46,,,0,29,,91401,46,,,0,70,,91404,46,,,0,29,,91403,46,,,0,70,,91406,46,,,0,35,,91405,46,,,0,83,,91407,46,,,0,80,,91408,46,,,0,44,,91409,46,,,0,84,,91410,46,,,0,79,,91411,46,,,0,86,,91412,46,,,0
1101,'5461',723,,91413,46,,,0,85,,91418,46,,,0,46,,91415,46,,,0,86,,91414,46,,,0,76,,91416,46,,,0,32,,91417,46,,,0,70,,91419,46,,,0,30,,91420,46,,,0,68,,91421,46,,,0,30,,91422,46,,,0,71,,91424,46,,,0,27,,91426,46,,,0,70,,91425,46,,,0,30,,91423,46,,,0,70,,91427,46,,,0,30,,91428,46,,,0,70,,91429,46,,,0,30,,91430,46,,,0,70,,91432,46,,,0,29,,91431,46,,,0,70,,91434,46,,,0,29,,91433,46,,,0,70,,91436,46,,,0,35,,91435,46,,,0,83,,91437,46,,,0,80,,91438,46,,,0,44,,91439,46,,,0,84,,91440,46,,,0,79,,91441,46,,,0,86,,91442,46,,,0
1101,'5462',723,,91443,46,,,0,85,,91448,46,,,0,46,,91445,46,,,0,86,,91444,46,,,0,76,,91446,46,,,0,32,,91447,46,,,0,70,,91449,46,,,0,30,,91450,46,,,0,68,,91451,46,,,0,30,,91452,46,,,0,71,,91454,46,,,0,27,,91456,46,,,0,70,,91455,46,,,0,30,,91453,46,,,0,70,,91457,46,,,0,30,,91458,46,,,0,70,,91459,46,,,0,30,,91460,46,,,0,70,,91462,46,,,0,29,,91461,46,,,0,70,,91464,46,,,0,29,,91463,46,,,0,70,,91466,46,,,0,35,,91465,46,,,0,83,,91467,46,,,0,80,,91468,46,,,0,44,,91469,46,,,0,84,,91470,46,,,0,79,,91471,46,,,0,86,,91472,46,,,0
1101,'5463',723,,91473,46,,,0,85,,91478,46,,,0,46,,91475,46,,,0,86,,91474,46,,,0,76,,91476,46,,,0,32,,91477,46,,,0,70,,91479,46,,,0,30,,91480,46,,,0,68,,91481,46,,,0,30,,91482,46,,,0,71,,91484,46,,,0,27,,91486,46,,,0,70,,91485,46,,,0,30,,91483,46,,,0,70,,91487,46,,,0,30,,91488,46,,,0,70,,91489,46,,,0,30,,91490,46,,,0,70,,91492,46,,,0,29,,91491,46,,,0,70,,91494,46,,,0,29,,91493,46,,,0,70,,91496,46,,,0,35,,91495,46,,,0,83,,91497,46,,,0,80,,91498,46,,,0,44,,91499,46,,,0,84,,91500,46,,,0,79,,91501,46,,,0,86,,91502,46,,,0
2100,'4832',737,,68647,6,0,17,0,75,,68646,6,0,17,0,45,,68634,6,0,18 19,0,77,,68645,6,0,17,0,82,,68648,6,0,17,0,30,,68630,6,0,17,0,70,,68633,6,0,17,0,30,,68636,6,0,17,0,70,,68632,6,0,18 19,0,31,,68635,6,0,17,0,70,,83426,6,0,17,0,30,,68637,6,0,17,0,70,,83427,6,0,18 19,0,30,,68640,6,0,17,0,70,,68641,6,0,17,0,30,,68639,6,0,17,0,70,,83428,6,0,18 19,0,30,,68642,6,0,17,0,70,,68643,6,0,17,0,29,,68649,6,0,17,0,70,,68650,6,0,18 19,0,28,,83429,6,0,17,0,70,,68651,6,0,17,0,30,,83430,6,0,17,0,70,,68653,6,0,17,0
2100,'5453',737,,79210,6,0,17,0,75,,79209,6,0,17,0,45,,79197,6,0,18 19,0,77,,83435,6,0,17,0,82,,79211,6,0,17,0,30,,79193,6,0,17,0,70,,79196,6,0,17,0,30,,79199,6,0,17,0,70,,83431,6,0,18 19,0,31,,79198,6,0,17,0,70,,79194,6,0,17,0,30,,79200,6,0,17,0,70,,83432,6,0,18 19,0,30,,79203,6,0,17,0,70,,79204,6,0,17,0,30,,79202,6,0,17,0,70,,83434,6,0,18 19,0,30,,79205,6,0,17,0,70,,83433,6,0,17,0,29,,79212,6,0,17,0,70,,83436,6,0,18 19,0,28,,83437,6,0,17,0,70,,79214,6,0,17,0,30,,79217,6,0,17,0,70,,79216,6,0,17,0
2100,'5456',622,,93606,6,,,0,28,,93626,6,,,0,58,,93605,6,,,0,15,,93631,6,,,0,9,,93646,6,0,17,0,7,,93619,6,,,0,9,,93651,6,,,0,4,,93639,6,,,0,57,,93610,6,,,0,16,,93634,6,,,0,20,,93609,6,0,17,0,58,,93641,6,,,0,18,,93625,6,0,17,0,20,,93611,6,,,0,61,,93630,6,0,17,0,20,,93638,6,,,0,20,,93608,6,0,17,0,60,,93612,6,,,0,20,,93643,6,0,18 19,0,21,,93624,6,,,0,61,,93613,6,0,17,0,20,,93632,6,,,0,20,,93637,6,0,17,0,60,,93614,6,,,0,20,,93616,6,0,17,0,17,,93647,6,,,0,59,,93644,6,,,0,16,,93627,6,,,0,15,,93615,6,0,17,0,19,,93650,6,,,0,58,,93629,6,,,0,17,,93635,6,,,0,20,,93618,6,,,0,58,,93617,6,,,0,18,,93648,6,0,18 19,0,18,,93645,6,,,0,18,,93628,6,,,0,59,,93620,6,,,0,18,,93649,6,0,17,0,18,,93633,6,0,17,0,56,,93640,6,0,17,0,32,,93621,6,0,17,0,70,,93642,6,0,17,0,30,,93622,6,0,17,0,73,,93636,6,0,17,0,29,,93623,6,0,17,0
2100,'5458',622,,93653,6,,,0,28,,93673,6,,,0,58,,93652,6,,,0,15,,93678,6,,,0,9,,93693,6,0,17,0,7,,93666,6,,,0,9,,93698,6,,,0,4,,93686,6,,,0,57,,93657,6,,,0,16,,93681,6,,,0,20,,93656,6,0,17,0,58,,93688,6,,,0,18,,93672,6,0,17,0,20,,93658,6,,,0,61,,93677,6,0,17,0,20,,93685,6,,,0,20,,93655,6,0,17,0,60,,93659,6,,,0,20,,93690,6,0,18 19,0,21,,93671,6,,,0,61,,93660,6,0,17,0,20,,93679,6,,,0,20,,93684,6,0,17,0,60,,93661,6,,,0,20,,93663,6,0,17,0,17,,93694,6,,,0,59,,93691,6,,,0,16,,93674,6,,,0,15,,93662,6,0,17,0,19,,93697,6,,,0,58,,93676,6,,,0,17,,93682,6,,,0,20,,93665,6,,,0,58,,93664,6,,,0,18,,93695,6,0,18 19,0,18,,93692,6,,,0,18,,93675,6,,,0,59,,93667,6,,,0,18,,93696,6,0,17,0,18,,93680,6,0,17,0,56,,93687,6,0,17,0,32,,93668,6,0,17,0,70,,93689,6,0,17,0,30,,93669,6,0,17,0,73,,93683,6,0,17,0,29,,93670,6,0,17,0
2100,'5459',712,,93718,6,0,17,0,45,,93725,6,0,17,0,80,,93709,6,0,18 19,0,70,,93719,6,0,17,0,39,,93702,6,0,17,0,70,,93720,6,0,17,0,32,,93704,6,0,17,0,71,,93714,6,0,17,0,30,,93699,6,0,17,0,71,,93700,6,0,18 19,0,30,,93721,6,0,17,0,71,,93705,6,0,17,0,30,,93713,6,0,17,0,68,,93701,6,0,18 19,0,32,,93703,6,0,17,0,70,,93722,6,0,17,0,29,,93706,6,0,17,0,70,,93715,6,0,18 19,0,30,,93707,6,0,17,0,70,,93708,6,0,17,0,30,,93724,6,0,17,0,70,,93710,6,0,18 19,0,28,,93716,6,0,17,0,69,,93711,6,0,17,0,28,,93712,6,0,17,0,69,,93723,6,0,17,0,30,,93717,6,0,17,0
2100,'5460',737,,93743,6,0,17,0,75,,93742,6,0,17,0,45,,93730,6,0,18 19,0,77,,93741,6,0,17,0,82,,93744,6,0,17,0,30,,93726,6,0,17,0,70,,93729,6,0,17,0,30,,93732,6,0,17,0,70,,93728,6,0,18 19,0,31,,93731,6,0,17,0,70,,93727,6,0,17,0,30,,93733,6,0,17,0,70,,93734,6,0,18 19,0,30,,93736,6,0,17,0,70,,93737,6,0,17,0,30,,93735,6,0,17,0,70,,93740,6,0,18 19,0,30,,93738,6,0,17,0,70,,93739,6,0,17,0,29,,93745,6,0,17,0,70,,93746,6,0,18 19,0,28,,93748,6,0,17,0,70,,93747,6,0,17,0,30,,93750,6,0,17,0,70,,93749,6,0,17,0
2100,'5461',737,,93768,6,0,17,0,75,,93767,6,0,17,0,45,,93755,6,0,18 19,0,77,,93766,6,0,17,0,82,,93769,6,0,17,0,30,,93751,6,0,17,0,70,,93754,6,0,17,0,30,,93757,6,0,17,0,70,,93753,6,0,18 19,0,31,,93756,6,0,17,0,70,,93752,6,0,17,0,30,,93758,6,0,17,0,70,,93759,6,0,18 19,0,30,,93761,6,0,17,0,70,,93762,6,0,17,0,30,,93760,6,0,17,0,70,,93765,6,0,18 19,0,30,,93763,6,0,17,0,70,,93764,6,0,17,0,29,,93770,6,0,17,0,70,,93771,6,0,18 19,0,28,,93773,6,0,17,0,70,,93772,6,0,17,0,30,,93775,6,0,17,0,70,,93774,6,0,17,0
2100,'5462',737,,93793,6,0,17,0,75,,93792,6,0,17,0,45,,93780,6,0,18 19,0,77,,93791,6,0,17,0,82,,93794,6,0,17,0,30,,93776,6,0,17,0,70,,93779,6,0,17,0,30,,93782,6,0,17,0,70,,93778,6,0,18 19,0,31,,93781,6,0,17,0,70,,93777,6,0,17,0,30,,93783,6,0,17,0,70,,93784,6,0,18 19,0,30,,93786,6,0,17,0,70,,93787,6,0,17,0,30,,93785,6,0,17,0,70,,93790,6,0,18 19,0,30,,93788,6,0,17,0,70,,93789,6,0,17,0,29,,93795,6,0,17,0,70,,93796,6,0,18 19,0,28,,93798,6,0,17,0,70,,93797,6,0,17,0,30,,93800,6,0,17,0,70,,93799,6,0,17,0
2100,'5463',737,,93818,6,0,17,0,75,,93817,6,0,17,0,45,,93805,6,0,18 19,0,77,,93816,6,0,17,0,82,,93819,6,0,17,0,30,,93801,6,0,17,0,70,,93804,6,0,17,0,30,,93807,6,0,17,0,70,,93803,6,0,18 19,0,31,,93806,6,0,17,0,70,,93802,6,0,17,0,30,,93808,6,0,17,0,70,,93809,6,0,18 19,0,30,,93811,6,0,17,0,70,,93812,6,0,17,0,30,,93810,6,0,17,0,70,,93815,6,0,18 19,0,30,,93813,6,0,17,0,70,,93814,6,0,17,0,29,,93820,6,0,17,0,70,,93821,6,0,18 19,0,28,,93823,6,0,17,0,70,,93822,6,0,17,0,30,,93825,6,0,17,0,70,,93824,6,0,17,0
2200,'4832',746,,69007,21,,,0,101,,69008,21,,,0,80,,69009,21,,,0,30,,69004,21,,,0,71,,69005,21,,,0,30,,69006,21,,,0,70,,69011,21,,,0,29,,69012,21,,,0,72,,69010,21,,,0,30,,69013,21,,,0,70,,69014,21,,,0,30,,69022,21,,,0,70,,69021,21,,,0,30,,69015,21,,,0,70,,69016,21,,,0,30,,69017,21,,,0,70,,69018,21,,,0,72,,69019,21,,,0,30,,69020,21,,,0,70,,69023,21,,,0,29,,69024,21,,,0,29,,69025,21,,,0,70,,69026,21,,,0,115,,69027,4,,,0
2200,'5453',746,,83518,21,,,0,101,,79257,21,,,0,80,,83519,21,,,0,30,,79253,21,,,0,71,,79254,21,,,0,30,,79255,21,,,0,70,,83520,21,,,0,29,,79261,21,,,0,72,,79259,21,,,0,30,,79262,21,,,0,70,,83521,21,,,0,30,,79271,21,,,0,70,,79270,21,,,0,30,,79264,21,,,0,70,,79265,21,,,0,30,,79266,21,,,0,70,,79267,21,,,0,72,,79268,21,,,0,30,,79269,21,,,0,70,,79272,21,,,0,29,,79273,21,,,0,29,,79274,21,,,0,70,,79275,21,,,0,115,,83522,4,,,0
2200,'5456',607,,94076,21,,,0,30,,94078,21,,,0,68,,94077,21,,,0,30,,94080,21,,,0,68,,94087,4,0,20 7,0,6,,94079,21,,,0,23,,94083,21,,,0,70,,94081,21,,,0,102,,94082,21,,,0,26,,94084,21,,,0,70,,94085,21,,,0,102,,94088,21,0,21 22,0,30,,94086,21,0,21 22,0,70,,94089,21,0,21 22,0,30,,94090,21,0,21 22,0,101,,94091,21,0,21 22,0,69,,94092,21,0,21 22,0,35,,94093,21,0,21 22,0,102,,94094,21,0,21 22,0,98,,94095,21,0,21 22,0,70,,94096,21,,,0,25,,94097,21,,,0,98,,94098,21,,,0,70,,94099,21,,,0,29,,94100,21,,,0,30,,94101,21,,,0
2200,'5458',607,,94105,21,,,0,30,,94107,21,,,0,68,,94106,21,,,0,30,,94109,21,,,0,68,,94116,4,0,20 7,0,6,,94108,21,,,0,23,,94112,21,,,0,70,,94110,21,,,0,102,,94111,21,,,0,26,,94113,21,,,0,70,,94114,21,,,0,102,,94117,21,0,21 22,0,30,,94115,21,0,21 22,0,70,,94118,21,0,21 22,0,30,,94119,21,0,21 22,0,101,,94120,21,0,21 22,0,69,,94121,21,0,21 22,0,35,,94123,21,0,21 22,0,102,,94124,21,0,21 22,0,98,,94125,21,0,21 22,0,70,,94126,21,,,0,25,,94127,21,,,0,98,,94128,21,,,0,70,,94129,21,,,0,29,,94130,21,,,0,30,,94131,21,,,0
2200,'5459',657,,94153,21,,,0,80,,94139,21,,,0,80,,94143,21,,,0,40,,94156,21,,,0,71,,94140,21,,,0,30,,94134,21,,,0,71,,94141,21,,,0,71,,94155,21,,,0,31,,94138,21,,,0,70,,94137,21,,,0,31,,94142,21,,,0,70,,94135,21,,,0,31,,94160,21,,,0,70,,94136,21,,,0,30,,94149,21,,,0,70,,94145,21,,,0,30,,94148,21,,,0,69,,94159,21,,,0,29,,94150,21,,,0,71,,94144,21,,,0,30,,94152,21,,,0,73,,94151,21,,,0,30,,94147,21,,,0,68,,94146,21,,,0,29,,94161,21,,,0,70,,94162,21,,,0,27,,94158,21,,,0,28,,94154,21,,,0
2200,'5460',746,,94167,21,,,0,101,,94168,21,,,0,80,,94169,21,,,0,30,,94164,21,,,0,71,,94165,21,,,0,30,,94166,21,,,0,70,,94171,21,,,0,29,,94172,21,,,0,72,,94170,21,,,0,30,,94173,21,,,0,70,,94174,21,,,0,30,,94182,21,,,0,70,,94181,21,,,0,30,,94175,21,,,0,70,,94176,21,,,0,30,,94177,21,,,0,70,,94178,21,,,0,72,,94179,21,,,0,30,,94180,21,,,0,70,,94183,21,,,0,29,,94184,21,,,0,29,,94185,21,,,0,70,,94186,21,,,0,115,,94187,4,,,0
2200,'5461',746,,94191,21,,,0,101,,94192,21,,,0,80,,94193,21,,,0,30,,94188,21,,,0,71,,94189,21,,,0,30,,94190,21,,,0,70,,94195,21,,,0,29,,94196,21,,,0,72,,94194,21,,,0,30,,94197,21,,,0,70,,94198,21,,,0,30,,94206,21,,,0,70,,94205,21,,,0,30,,94199,21,,,0,70,,94200,21,,,0,30,,94201,21,,,0,70,,94202,21,,,0,72,,94203,21,,,0,30,,94204,21,,,0,70,,94207,21,,,0,29,,94208,21,,,0,29,,94209,21,,,0,70,,94210,21,,,0,115,,94211,4,,,0
2200,'5462',746,,94215,21,,,0,101,,94216,21,,,0,80,,94217,21,,,0,30,,94212,21,,,0,71,,94213,21,,,0,30,,94214,21,,,0,70,,94219,21,,,0,29,,94220,21,,,0,72,,94218,21,,,0,30,,94221,21,,,0,70,,94222,21,,,0,30,,94230,21,,,0,70,,94229,21,,,0,30,,94223,21,,,0,70,,94224,21,,,0,30,,94225,21,,,0,70,,94226,21,,,0,72,,94227,21,,,0,30,,94228,21,,,0,70,,94231,21,,,0,29,,94232,21,,,0,29,,94233,21,,,0,70,,94234,21,,,0,115,,94235,4,,,0
2200,'5463',746,,94239,21,,,0,101,,94240,21,,,0,80,,94241,21,,,0,30,,94236,21,,,0,71,,94237,21,,,0,30,,94238,21,,,0,70,,94243,21,,,0,29,,94244,21,,,0,72,,94242,21,,,0,30,,94245,21,,,0,70,,94246,21,,,0,30,,94254,21,,,0,70,,94253,21,,,0,30,,94247,21,,,0,70,,94248,21,,,0,30,,94249,21,,,0,70,,94250,21,,,0,72,,94251,21,,,0,30,,94252,21,,,0,70,,94255,21,,,0,29,,94256,21,,,0,29,,94257,21,,,0,70,,94258,21,,,0,115,,94259,4,,,0
3000,'4832',750,,84258,9,,,0,101,,84259,9,,,0,84,,80082,9,,,0,80,,84260,9,,,0,41,,84261,9,,,0,75,,84262,9,,,0,70,,84263,9,,,0,30,,80086,9,,,0,70,,80087,9,,,0,30,,84264,9,,,0,70,,80089,9,,,0,30,,84265,9,,,0,70,,80091,9,,,0,30,,84266,9,,,0,71,,84267,9,,,0,30,,80094,9,,,0,69,,84268,9,,,0,30,,84269,9,,,0,69,,71526,9,,,0,30,,84270,9,,,0,80,,84271,9,,,0,40,,84272,9,,,0,80,,84273,9,,,0,87,,84274,9,,,0,98,,84275,9,,,0,99,,84276,9,,,0
3000,'5453',750,,84277,9,,,0,101,,84278,9,,,0,84,,84279,9,,,0,80,,84280,9,,,0,41,,84281,9,,,0,75,,84282,9,,,0,70,,84283,9,,,0,30,,80166,9,,,0,70,,84284,9,,,0,30,,80168,9,,,0,70,,80169,9,,,0,30,,84285,9,,,0,70,,84286,9,,,0,30,,84287,9,,,0,71,,84288,9,,,0,30,,84289,9,,,0,69,,80175,9,,,0,30,,80176,9,,,0,69,,84290,9,,,0,30,,80178,9,,,0,80,,84291,9,,,0,40,,80180,9,,,0,80,,84292,9,,,0,87,,84293,9,,,0,98,,84294,9,,,0,99,,84295,9,,,0
3000,'5456',550,,96905,9,,,0,92,,96906,9,,,0,72,,96907,9,,,0,32,,96908,9,,,0,71,,96909,9,,,0,32,,96910,9,,,0,69,,96911,9,,,0,30,,96912,9,,,0,71,,96913,9,,,0,30,,96914,9,,,0,70,,96915,9,,,0,30,,96916,9,,,0,70,,96917,9,,,0,30,,96918,9,,,0,71,,96919,9,,,0,30,,96920,9,,,0,67,,96921,9,,,0,32,,96922,9,,,0,71,,96923,9,,,0,32,,96924,9,,,0,75,,96925,9,,,0,32,,96926,9,,,0,73,,96927,9,,,0,70,,96928,9,,,0,26,,96929,9,,,0,28,,96930,9,,,0,68,,96931,9,,,0,33,,96932,9,,,0,73,,96933,9,,,0,86,,96934,9,,,0,100,,96935,9,,,0,99,,96936,9,,,0,109,,96937,9,,,0
3000,'5458',550,,96938,9,,,0,92,,96939,9,,,0,72,,96940,9,,,0,32,,96941,9,,,0,71,,96942,9,,,0,32,,96943,9,,,0,69,,96944,9,,,0,30,,96945,9,,,0,71,,96946,9,,,0,30,,96947,9,,,0,70,,96948,9,,,0,30,,96949,9,,,0,70,,96950,9,,,0,30,,96951,9,,,0,71,,96952,9,,,0,30,,96953,9,,,0,67,,96954,9,,,0,32,,96955,9,,,0,71,,96956,9,,,0,32,,96957,9,,,0,75,,96958,9,,,0,32,,96959,9,,,0,73,,96960,9,,,0,70,,96961,9,,,0,26,,96962,9,,,0,28,,96963,9,,,0,68,,96964,9,,,0,33,,96965,9,,,0,73,,96966,9,,,0,86,,96967,9,,,0,100,,96968,9,,,0,99,,96969,9,,,0,109,,96970,9,,,0
3000,'5459',639,,96971,9,,,0,100,,96972,9,,,0,78,,96973,9,,,0,38,,96974,9,,,0,72,,96975,9,,,0,32,,96976,9,,,0,73,,96977,9,,,0,71,,96978,9,,,0,30,,96979,9,,,0,70,,96980,9,,,0,30,,96981,9,,,0,69,,96982,9,,,0,31,,96983,9,,,0,70,,96984,9,,,0,30,,96985,9,,,0,70,,96986,9,,,0,31,,96987,9,,,0,69,,96988,9,,,0,30,,96989,9,,,0,69,,96990,9,,,0,30,,96991,9,,,0,69,,96992,9,,,0,30,,96993,9,,,0,80,,96994,9,,,0,40,,96995,9,,,0,79,,96996,9,,,0,85,,96997,9,,,0,100,,96998,9,,,0,100,,96999,9,,,0,108,,97000,9,,,0
3000,'5460',750,,97001,9,,,0,101,,97002,9,,,0,84,,97003,9,,,0,80,,97004,9,,,0,41,,97005,9,,,0,75,,97006,9,,,0,70,,97007,9,,,0,30,,97008,9,,,0,70,,97009,9,,,0,30,,97010,9,,,0,70,,97011,9,,,0,30,,97012,9,,,0,70,,97013,9,,,0,30,,97014,9,,,0,71,,97015,9,,,0,30,,97016,9,,,0,69,,97017,9,,,0,30,,97018,9,,,0,69,,97019,9,,,0,30,,97020,9,,,0,80,,97021,9,,,0,40,,97022,9,,,0,80,,97023,9,,,0,87,,97024,9,,,0,98,,97025,9,,,0,99,,97026,9,,,0
3000,'5461',750,,97027,9,,,0,101,,97028,9,,,0,84,,97029,9,,,0,80,,97030,9,,,0,41,,97031,9,,,0,75,,97032,9,,,0,70,,97033,9,,,0,30,,97034,9,,,0,70,,97035,9,,,0,30,,97036,9,,,0,70,,97037,9,,,0,30,,97038,9,,,0,70,,97039,9,,,0,30,,97040,9,,,0,71,,97041,9,,,0,30,,97042,9,,,0,69,,97043,9,,,0,30,,97044,9,,,0,69,,97045,9,,,0,30,,97046,9,,,0,80,,97047,9,,,0,40,,97048,9,,,0,80,,97049,9,,,0,87,,97050,9,,,0,98,,97051,9,,,0,99,,97052,9,,,0
3000,'5462',750,,97053,9,,,0,101,,97054,9,,,0,84,,97055,9,,,0,80,,97056,9,,,0,41,,97057,9,,,0,75,,97058,9,,,0,70,,97059,9,,,0,30,,97060,9,,,0,70,,97061,9,,,0,30,,97062,9,,,0,70,,97063,9,,,0,30,,97064,9,,,0,70,,97065,9,,,0,30,,97066,9,,,0,71,,97067,9,,,0,30,,97068,9,,,0,69,,97069,9,,,0,30,,97070,9,,,0,69,,97071,9,,,0,30,,97072,9,,,0,80,,97073,9,,,0,40,,97074,9,,,0,80,,97075,9,,,0,87,,97076,9,,,0,98,,97077,9,,,0,99,,97078,9,,,0
3000,'5463',750,,97079,9,,,0,101,,97080,9,,,0,84,,97081,9,,,0,80,,97082,9,,,0,41,,97083,9,,,0,75,,97084,9,,,0,70,,97085,9,,,0,30,,97086,9,,,0,70,,97087,9,,,0,30,,97088,9,,,0,70,,97089,9,,,0,30,,97090,9,,,0,70,,97091,9,,,0,30,,97092,9,,,0,71,,97093,9,,,0,30,,97094,9,,,0,69,,97095,9,,,0,30,,97096,9,,,0,69,,97097,9,,,0,30,,97098,9,,,0,80,,97099,9,,,0,40,,97100,9,,,0,80,,97101,9,,,0,87,,97102,9,,,0,98,,97103,9,,,0,99,,97104,9,,,0
3100,'4832',709,,80363,9,,,0,112,,80364,9,,,0,94,,84479,9,,,0,40,,84480,9,,,0,81,,84481,9,,,0,80,,84482,9,,,0,30,,84483,9,,,0,70,,71871,9,,,0,30,,84484,9,,,0,70,,84485,9,,,0,30,,84486,9,,,0,70,,71875,9,,,0,30,,71876,9,,,0,70,,80372,9,,,0,31,,84487,9,,,0,70,,84488,9,,,0,29,,84489,9,,,0,70,,84490,9,,,0,30,,84491,9,,,0,69,,84492,9,,,0,35,,84493,9,,,0,80,,84494,9,,,0,80,,84495,9,,,0,40,,84496,9,,,0,95,,84497,9,,,0,100,,80384,9,,,0,113,,71890,9,,,0
3100,'5453',709,,84498,9,,,0,112,,84499,9,,,0,94,,84500,9,,,0,40,,80432,9,,,0,81,,84501,9,,,0,80,,84502,9,,,0,30,,84503,9,,,0,70,,80436,9,,,0,30,,84504,9,,,0,70,,84505,9,,,0,30,,84506,9,,,0,70,,80440,9,,,0,30,,80441,9,,,0,70,,80442,9,,,0,31,,84507,9,,,0,70,,84508,9,,,0,29,,84509,9,,,0,70,,80446,9,,,0,30,,80447,9,,,0,69,,84510,9,,,0,35,,84511,9,,,0,80,,84512,9,,,0,80,,84513,9,,,0,40,,84514,9,,,0,95,,84515,9,,,0,100,,84516,9,,,0,113,,80455,9,,,0
3100,'5456',621,,97307,9,,,0,37,,97308,9,,,0,72,,97309,9,,,0,71,,97310,9,,,0,32,,97311,9,,,0,71,,97312,9,,,0,29,,97313,9,,,0,71,,97314,9,,,0,30,,97315,9,,,0,70,,97316,9,,,0,30,,97317,9,,,0,70,,97318,9,,,0,30,,97319,9,,,0,71,,97320,9,,,0,30,,97321,9,,,0,68,,97322,9,,,0,30,,97323,9,,,0,71,,97324,9,,,0,32,,97325,9,,,0,74,,97326,9,,,0,34,,97327,9,,,0,71,,97328,9,,,0,32,,97329,9,,,0,69,,97330,9,,,0,26,,97331,9,,,0,68,,97332,9,,,0,28,,97333,9,,,0,77,,97334,9,,,0,38,,97335,9,,,0,94,,97336,9,,,0,98,,97337,9,,,0,114,,97338,9,,,0,94,,97339,9,,,0
3100,'5458',621,,97340,9,,,0,37,,97341,9,,,0,72,,97342,9,,,0,71,,97343,9,,,0,32,,97344,9,,,0,71,,97345,9,,,0,29,,97346,9,,,0,71,,97347,9,,,0,30,,97348,9,,,0,70,,97349,9,,,0,30,,97350,9,,,0,70,,97351,9,,,0,30,,97352,9,,,0,71,,97353,9,,,0,30,,97354,9,,,0,68,,97355,9,,,0,30,,97356,9,,,0,71,,97357,9,,,0,32,,97358,9,,,0,74,,97359,9,,,0,34,,97360,9,,,0,71,,97361,9,,,0,32,,97362,9,,,0,69,,97363,9,,,0,26,,97364,9,,,0,68,,97365,9,,,0,28,,97366,9,,,0,77,,97367,9,,,0,38,,97368,9,,,0,94,,97369,9,,,0,98,,97370,9,,,0,114,,97371,9,,,0,94,,97372,9,,,0
3100,'5459',709,,97373,9,,,0,48,,97374,9,,,0,81,,97375,9,,,0,74,,97376,9,,,0,31,,97377,9,,,0,72,,97378,9,,,0,33,,97379,9,,,0,70,,97380,9,,,0,30,,97381,9,,,0,70,,97382,9,,,0,30,,97383,9,,,0,70,,97384,9,,,0,30,,97385,9,,,0,70,,97386,9,,,0,30,,97387,9,,,0,71,,97388,9,,,0,29,,97389,9,,,0,70,,97390,9,,,0,29,,97391,9,,,0,70,,97392,9,,,0,29,,97393,9,,,0,70,,97394,9,,,0,35,,97395,9,,,0,80,,97396,9,,,0,79,,97397,9,,,0,40,,97398,9,,,0,95,,97399,9,,,0,100,,97400,9,,,0,157,,97401,9,,,0,51,,97402,9,,,0
3100,'5460',709,,97403,9,,,0,112,,97404,9,,,0,94,,97405,9,,,0,40,,97406,9,,,0,81,,97407,9,,,0,80,,97408,9,,,0,30,,97409,9,,,0,70,,97410,9,,,0,30,,97411,9,,,0,70,,97412,9,,,0,30,,97413,9,,,0,70,,97414,9,,,0,30,,97415,9,,,0,70,,97416,9,,,0,31,,97417,9,,,0,70,,97418,9,,,0,29,,97419,9,,,0,70,,97420,9,,,0,30,,97421,9,,,0,69,,97422,9,,,0,35,,97423,9,,,0,80,,97424,9,,,0,80,,97425,9,,,0,40,,97426,9,,,0,95,,97427,9,,,0,100,,97428,9,,,0,113,,97429,9,,,0
3100,'5461',709,,97430,9,,,0,112,,97431,9,,,0,94,,97432,9,,,0,40,,97433,9,,,0,81,,97434,9,,,0,80,,97435,9,,,0,30,,97436,9,,,0,70,,97437,9,,,0,30,,97438,9,,,0,70,,97439,9,,,0,30,,97440,9,,,0,70,,97441,9,,,0,30,,97442,9,,,0,70,,97443,9,,,0,31,,97444,9,,,0,70,,97445,9,,,0,29,,97446,9,,,0,70,,97447,9,,,0,30,,97448,9,,,0,69,,97449,9,,,0,35,,97450,9,,,0,80,,97451,9,,,0,80,,97452,9,,,0,40,,97453,9,,,0,95,,97454,9,,,0,100,,97455,9,,,0,113,,97456,9,,,0
3100,'5462',709,,97457,9,,,0,112,,97458,9,,,0,94,,97459,9,,,0,40,,97460,9,,,0,81,,97461,9,,,0,80,,97462,9,,,0,30,,97463,9,,,0,70,,97464,9,,,0,30,,97465,9,,,0,70,,97466,9,,,0,30,,97467,9,,,0,70,,97468,9,,,0,30,,97469,9,,,0,70,,97470,9,,,0,31,,97471,9,,,0,70,,97472,9,,,0,29,,97473,9,,,0,70,,97474,9,,,0,30,,97475,9,,,0,69,,97476,9,,,0,35,,97477,9,,,0,80,,97478,9,,,0,80,,97479,9,,,0,40,,97480,9,,,0,95,,97481,9,,,0,100,,97482,9,,,0,113,,97483,9,,,0
3100,'5463',709,,97484,9,,,0,112,,97485,9,,,0,94,,97486,9,,,0,40,,97487,9,,,0,81,,97488,9,,,0,80,,97489,9,,,0,30,,97490,9,,,0,70,,97491,9,,,0,30,,97492,9,,,0,70,,97493,9,,,0,30,,97494,9,,,0,70,,97495,9,,,0,30,,97496,9,,,0,70,,97497,9,,,0,31,,97498,9,,,0,70,,97499,9,,,0,29,,97500,9,,,0,70,,97501,9,,,0,30,,97502,9,,,0,69,,97503,9,,,0,35,,97504,9,,,0,80,,97505,9,,,0,80,,97506,9,,,0,40,,97507,9,,,0,95,,97508,9,,,0,100,,97509,9,,,0,113,,97510,9,,,0
3200,'5456',1656,,97728,8,,,0
3200,'5458',1656,,97745,8,,,0
4701,'5456',1623,,98604,8,,,0,29,,98605,8,,,0,71,,98606,8,,,0
4701,'5458',1623,,98607,8,,,0,29,,98608,8,,,0,71,,98609,8,,,0
4801,'5456',1622,,98618,8,,,0,28,,98617,8,,,0,73,,98616,8,,,0
4801,'5458',1622,,98621,8,,,0,28,,98620,8,,,0,73,,98619,8,,,0
5301,'5456',1626,,99234,8,,,0
5301,'5458',1626,,99244,8,,,0
6101,'5456',1514,,100612,8,,,0,30,,100598,8,,,0,73,,100587,8,,,0,24,,100585,8,,,0,17,,100594,8,,,0,64,,100580,8,,,0,82,,100589,8,,,0
6101,'5458',1514,,100649,8,,,0,30,,100635,8,,,0,73,,100624,8,,,0,24,,100622,8,,,0,17,,100630,8,,,0,64,,100617,8,,,0,82,,100626,8,,,0
6501,'5456',1604,,100808,8,,,0,28,,100810,8,,,0,75,,100807,8,,,0,30,,100809,8,,,0
6501,'5458',1604,,100812,8,,,0,28,,100814,8,,,0,75,,100811,8,,,0,30,,100813,8,,,0
7000,'4832',556,,85796,8,,,0,98,,74896,8,,,0,98,,85792,8,,,0,98,,74895,8,,,0,84,,85793,8,,,0,14,,85794,8,,,0,100,,85795,8,,,0,83,,74880,8,,,0,15,,74881,8,,,0,84,,85810,8,,,0,16,,85797,8,,,0,83,,85798,8,,,0,16,,85799,8,,,0,100,,85800,8,,,0,85,,85801,8,,,0,15,,85802,8,,,0,101,,85803,8,,,0,86,,85804,8,,,0,17,,85805,8,,,0,101,,85806,8,,,0,103,,85807,8,,,0,100,,85809,8,,,0,151,,85808,8,,,0
7000,'5453',556,,81072,8,,,0,98,,85828,8,,,0,84,,85831,8,,,0,14,,85811,8,,,0,84,,81090,8,,,0,14,,85827,8,,,0,84,,85812,8,,,0,14,,85813,8,,,0,85,,85832,8,,,0,15,,85814,8,,,0,83,,81070,8,,,0,15,,85815,8,,,0,84,,85830,8,,,0,16,,85816,8,,,0,84,,85817,8,,,0,15,,85818,8,,,0,85,,81092,8,,,0,15,,85819,8,,,0,85,,85820,8,,,0,15,,85821,8,,,0,83,,85833,8,,,0,18,,85822,8,,,0,86,,81080,8,,,0,17,,85823,8,,,0,84,,85834,8,,,0,17,,85824,8,,,0,86,,85835,8,,,0,17,,85825,8,,,0,100,,85829,8,,,0,151,,85826,8,,,0
7000,'5456',502,,100815,8,,,0,49,,100816,8,,,0,92,,100824,8,,,0,103,,100817,8,,,0,101,,100826,8,,,0,99,,100820,8,,,0,99,,100818,8,,,0,98,,100819,8,,,0,100,,100823,8,,,0,98,,100821,8,,,0,100,,100822,8,,,0,97,,100825,8,,,0,103,,100827,8,,,0,108,,100828,8,,,0,200,,100829,8,,,0,251,,100830,8,,,0
7000,'5458',502,,100831,8,,,0,49,,100832,8,,,0,92,,100840,8,,,0,103,,100833,8,,,0,101,,100842,8,,,0,99,,100836,8,,,0,99,,100834,8,,,0,98,,100835,8,,,0,100,,100839,8,,,0,80,,100847,8,,,0,18,,100837,8,,,0,100,,100838,8,,,0,79,,100848,8,,,0,18,,100841,8,,,0,103,,100843,8,,,0,89,,100849,8,,,0,19,,100844,8,,,0,200,,100845,8,,,0,251,,100846,8,,,0
7000,'5459',459,,100870,8,,,0,95,,100869,8,,,0,99,,100871,8,,,0,83,,100851,8,,,0,14,,100852,8,,,0,98,,100853,8,,,0,87,,100854,8,,,0,13,,100850,8,,,0,97,,100855,8,,,0,84,,100856,8,,,0,16,,100857,8,,,0,99,,100858,8,,,0,84,,100859,8,,,0,15,,100860,8,,,0,102,,100861,8,,,0,83,,100862,8,,,0,16,,100863,8,,,0,101,,100864,8,,,0,84,,100865,8,,,0,17,,100866,8,,,0,204,,100867,8,,,0,254,,100868,8,,,0
7000,'5460',556,,100878,8,,,0,196,,100872,8,,,0,182,,100873,8,,,0,14,,100874,8,,,0,100,,100875,8,,,0,83,,100876,8,,,0,15,,100877,8,,,0,100,,100879,8,,,0,83,,100880,8,,,0,16,,100881,8,,,0,100,,100882,8,,,0,85,,100883,8,,,0,15,,100884,8,,,0,101,,100885,8,,,0,86,,100886,8,,,0,17,,100887,8,,,0,101,,100888,8,,,0,103,,100889,8,,,0,251,,100890,8,,,0
7000,'5461',556,,100897,8,,,0,98,,100910,8,,,0,98,,100891,8,,,0,98,,100912,8,,,0,84,,100892,8,,,0,14,,100893,8,,,0,85,,100911,8,,,0,15,,100894,8,,,0,83,,100895,8,,,0,15,,100896,8,,,0,86,,100913,8,,,0,14,,100898,8,,,0,83,,100899,8,,,0,16,,100900,8,,,0,88,,100914,8,,,0,12,,100901,8,,,0,85,,100902,8,,,0,15,,100903,8,,,0,87,,100915,8,,,0,14,,100904,8,,,0,86,,100905,8,,,0,17,,100906,8,,,0,101,,100907,8,,,0,103,,100908,8,,,0,251,,100909,8,,,0
7000,'5462',556,,100922,8,,,0,98,,100935,8,,,0,98,,100916,8,,,0,98,,100937,8,,,0,84,,100917,8,,,0,14,,100918,8,,,0,85,,100936,8,,,0,15,,100919,8,,,0,83,,100920,8,,,0,15,,100921,8,,,0,86,,100938,8,,,0,14,,100923,8,,,0,83,,100924,8,,,0,16,,100925,8,,,0,88,,100939,8,,,0,12,,100926,8,,,0,85,,100927,8,,,0,15,,100928,8,,,0,87,,100940,8,,,0,14,,100929,8,,,0,86,,100930,8,,,0,17,,100931,8,,,0,101,,100932,8,,,0,103,,100933,8,,,0,251,,100934,8,,,0
7000,'5463',556,,100947,8,,,0,98,,100960,8,,,0,98,,100941,8,,,0,182,,100942,8,,,0,14,,100943,8,,,0,85,,100961,8,,,0,15,,100944,8,,,0,83,,100945,8,,,0,15,,100946,8,,,0,100,,100948,8,,,0,83,,100949,8,,,0,16,,100950,8,,,0,100,,100951,8,,,0,85,,100952,8,,,0,15,,100953,8,,,0,101,,100954,8,,,0,86,,100955,8,,,0,17,,100956,8,,,0,101,,100957,8,,,0,103,,100958,8,,,0,251,,100959,8,,,0
7100,'5456',1515,,101068,8,,,0,104,,101069,8,,,0,106,,101067,8,,,0
7100,'5458',1515,,101071,8,,,0,104,,101072,8,,,0,106,,101070,8,,,0
7200,'4832',639,,85980,8,,,0,99,,85981,8,,,0,100,,85984,8,,,0,98,,85982,8,,,0,98,,85983,8,,,0,70,,85985,8,,,0,29,,85986,8,,,0,69,,85987,8,,,0,29,,85988,8,,,0,70,,85989,8,,,0,30,,85990,8,,,0,70,,85991,8,,,0,30,,85992,8,,,0,70,,85993,8,,,0,30,,85994,8,,,0,70,,85995,8,,,0,30,,85996,8,,,0,72,,85997,8,,,0,31,,85998,8,,,0,71,,85999,8,,,0,30,,86000,8,,,0,70,,86001,8,,,0,33,,86002,8,,,0,99,,86003,8,,,0,101,,86004,8,,,0,103,,86005,8,,,0,76,,86006,8,0,10 11 12,0
7200,'5453',639,,86007,8,,,0,99,,86008,8,,,0,100,,86011,8,,,0,98,,86009,8,,,0,98,,86010,8,,,0,70,,86012,8,,,0,29,,86013,8,,,0,69,,86014,8,,,0,29,,86015,8,,,0,70,,86016,8,,,0,30,,86017,8,,,0,70,,86018,8,,,0,30,,86019,8,,,0,70,,86020,8,,,0,30,,86021,8,,,0,70,,86022,8,,,0,30,,86023,8,,,0,72,,86024,8,,,0,31,,86025,8,,,0,71,,86026,8,,,0,30,,86027,8,,,0,70,,86028,8,,,0,33,,86029,8,,,0,99,,86030,8,,,0,101,,86031,8,,,0,103,,86032,8,,,0,76,,86033,8,0,10 11 12,0
7200,'5456',558,,101083,8,,,0,76,,101089,8,,,0,68,,101079,8,,,0,27,,101080,8,,,0,71,,101087,8,,,0,32,,101081,8,,,0,70,,101082,8,,,0,30,,101091,8,,,0,71,,101084,8,,,0,29,,101085,8,,,0,70,,101086,8,,,0,27,,101095,8,,,0,30,,101099,8,,,0,69,,101088,8,,,0,30,,101101,8,,,0,68,,101106,8,,,0,30,,101090,8,,,0,69,,101093,8,,,0,28,,101096,8,,,0,70,,101109,8,,,0,28,,101092,8,,,0,71,,101102,8,,,0,32,,101104,8,,,0,78,,101094,8,,,0,69,,101097,8,,,0,31,,101107,8,,,0,70,,101110,8,,,0,31,,101098,8,,,0,73,,101105,8,,,0,31,,101100,8,,,0,100,,101108,8,,,0,101,,101103,8,,,0,119,,101111,8,0,10 11 12,0
7200,'5458',558,,101116,8,,,0,76,,101122,8,,,0,68,,101112,8,,,0,27,,101113,8,,,0,71,,101120,8,,,0,32,,101114,8,,,0,70,,101115,8,,,0,30,,101124,8,,,0,71,,101117,8,,,0,29,,101118,8,,,0,70,,101119,8,,,0,27,,101128,8,,,0,30,,101132,8,,,0,69,,101121,8,,,0,30,,101134,8,,,0,68,,101139,8,,,0,30,,101123,8,,,0,69,,101126,8,,,0,28,,101129,8,,,0,70,,101142,8,,,0,28,,101125,8,,,0,71,,101135,8,,,0,32,,101137,8,,,0,78,,101127,8,,,0,69,,101130,8,,,0,31,,101140,8,,,0,70,,101143,8,,,0,31,,101131,8,,,0,73,,101138,8,,,0,31,,101133,8,,,0,100,,101141,8,,,0,101,,101136,8,,,0,119,,101144,8,0,10 11 12,0
7200,'5459',711,,101145,8,,,0,27,,101146,8,,,0,69,,101147,8,,,0,30,,101148,8,,,0,70,,101149,8,,,0,30,,101150,8,,,0,70,,101151,8,,,0,26,,101152,8,,,0,69,,101153,8,,,0,30,,101154,8,,,0,69,,101155,8,,,0,30,,101156,8,,,0,69,,101157,8,,,0,30,,101158,8,,,0,70,,101159,8,,,0,30,,101160,8,,,0,70,,101161,8,,,0,30,,101162,8,,,0,70,,101163,8,,,0,30,,101164,8,,,0,70,,101165,8,,,0,31,,101166,8,,,0,70,,101167,8,,,0,32,,101168,8,,,0,71,,101169,8,,,0,32,,101170,8,,,0,70,,101171,8,,,0,30,,101172,8,,,0,100,,101173,8,,,0,102,,101174,8,,,0,120,,101175,8,0,10 11 12,0
7200,'5460',738,,101176,8,,,0,100,,101179,8,,,0,98,,101177,8,,,0,98,,101178,8,,,0,70,,101180,8,,,0,29,,101181,8,,,0,69,,101182,8,,,0,29,,101183,8,,,0,70,,101184,8,,,0,30,,101185,8,,,0,70,,101186,8,,,0,30,,101187,8,,,0,70,,101188,8,,,0,30,,101189,8,,,0,70,,101190,8,,,0,30,,101191,8,,,0,72,,101192,8,,,0,31,,101193,8,,,0,71,,101194,8,,,0,30,,101195,8,,,0,70,,101196,8,,,0,33,,101197,8,,,0,99,,101198,8,,,0,101,,101199,8,,,0,103,,101200,8,,,0,76,,101201,8,0,10 11 12,0
7200,'5461',738,,101202,8,,,0,100,,101205,8,,,0,98,,101203,8,,,0,98,,101204,8,,,0,70,,101206,8,,,0,29,,101207,8,,,0,69,,101208,8,,,0,29,,101209,8,,,0,70,,101210,8,,,0,30,,101211,8,,,0,70,,101212,8,,,0,30,,101213,8,,,0,70,,101214,8,,,0,30,,101215,8,,,0,70,,101216,8,,,0,30,,101217,8,,,0,72,,101218,8,,,0,31,,101219,8,,,0,71,,101220,8,,,0,30,,101221,8,,,0,70,,101222,8,,,0,33,,101223,8,,,0,99,,101224,8,,,0,101,,101225,8,,,0,103,,101226,8,,,0,76,,101227,8,0,10 11 12,0
7200,'5462',738,,101228,8,,,0,100,,101231,8,,,0,98,,101229,8,,,0,98,,101230,8,,,0,70,,101232,8,,,0,29,,101233,8,,,0,69,,101234,8,,,0,29,,101235,8,,,0,70,,101236,8,,,0,30,,101237,8,,,0,70,,101238,8,,,0,30,,101239,8,,,0,70,,101240,8,,,0,30,,101241,8,,,0,70,,101242,8,,,0,30,,101243,8,,,0,72,,101244,8,,,0,31,,101245,8,,,0,71,,101246,8,,,0,30,,101247,8,,,0,70,,101248,8,,,0,33,,101249,8,,,0,99,,101250,8,,,0,101,,101251,8,,,0,103,,101252,8,,,0,76,,101253,8,0,10 11 12,0
7200,'5463',738,,101254,8,,,0,100,,101257,8,,,0,98,,101255,8,,,0,98,,101256,8,,,0,70,,101258,8,,,0,29,,101259,8,,,0,69,,101260,8,,,0,29,,101261,8,,,0,70,,101262,8,,,0,30,,101263,8,,,0,70,,101264,8,,,0,30,,101265,8,,,0,70,,101266,8,,,0,30,,101267,8,,,0,70,,101268,8,,,0,30,,101269,8,,,0,72,,101270,8,,,0,31,,101271,8,,,0,71,,101272,8,,,0,30,,101273,8,,,0,70,,101274,8,,,0,33,,101275,8,,,0,99,,101276,8,,,0,101,,101277,8,,,0,103,,101278,8,,,0,76,,101279,8,0,10 11 12,0
7500,'4832',614,,86224,9,0,13 14,0,98,,81195,9,0,13 14,0,101,,75561,9,0,13 14,0,33,,86234,9,0,47 48,0,60,,75562,9,0,13 14,0,22,,86235,9,0,47 48,0,20,,81205,9,0,47 48,0,55,,75563,9,0,13 14,0,43,,86236,9,0,47 48,0,56,,81196,9,0,13 14,0,17,,81206,9,0,47 48,0,12,,75565,9,0,13 14,0,70,,86225,9,0,13 14,0,29,,86226,9,0,13 14,0,29,,86227,9,0,13 14,0,55,,75585,9,0,47 48,0,15,,86228,9,0,13 14,0,30,,86229,9,0,13 14,0,55,,75586,9,0,47 48,0,15,,75571,9,0,13 14,0,30,,86230,9,0,13 14,0,100,,75573,9,0,13 14,0,141,,75574,9,0,13 14,0,20,,86237,9,0,47 48,0,86,,81200,9,0,13 14,0,103,,86231,9,0,13 14,0,104,,86232,9,0,13 14,0,97,,75578,9,0,13 14,0,135,,86233,9,0,13 14,0
7500,'5453',614,,86238,9,0,13 14,0,98,,81241,9,0,13 14,0,101,,81242,9,0,13 14,0,33,,86250,9,0,47 48,0,60,,81243,9,0,13 14,0,22,,86251,9,0,47 48,0,20,,86253,9,0,47 48,0,55,,81244,9,0,13 14,0,43,,86252,9,0,47 48,0,56,,86239,9,0,13 14,0,17,,81265,9,0,47 48,0,12,,86240,9,0,13 14,0,70,,86241,9,0,13 14,0,29,,81248,9,0,13 14,0,29,,86242,9,0,13 14,0,55,,81266,9,0,47 48,0,15,,86243,9,0,13 14,0,30,,86244,9,0,13 14,0,55,,81267,9,0,47 48,0,15,,86245,9,0,13 14,0,30,,86246,9,0,13 14,0,100,,86247,9,0,13 14,0,141,,81255,9,0,13 14,0,20,,86254,9,0,47 48,0,86,,81256,9,0,13 14,0,103,,81257,9,0,13 14,0,104,,86248,9,0,13 14,0,97,,81259,9,0,13 14,0,135,,86249,9,0,13 14,0
7500,'5456',506,,101477,9,0,13 14,0,18,,101479,9,0,13 14,0,16,,101483,9,0,13 14,0,18,,101486,9,0,13 14,0,57,,101489,9,0,13 14,0,17,,101491,9,0,13 14,0,15,,101481,9,0,13 14,0,55,,101494,9,0,13 14,0,16,,101478,9,0,13 14,0,23,,101480,9,0,13 14,0,63,,101482,9,0,13 14,0,26,,101485,9,0,13 14,0,29,,101484,9,0,13 14,0,74,,101488,9,0,13 14,0,68,,101487,9,0,13 14,0,30,,101490,9,0,13 14,0,27,,101498,9,0,13 14,0,69,,101492,9,0,13 14,0,30,,101493,9,0,13 14,0,70,,101495,9,0,13 14,0,29,,101496,9,0,13 14,0,70,,101497,9,0,13 14,0,23,,101499,9,0,13 14,0,71,,101500,9,0,13 14,0,34,,101501,9,0,13 14,0,67,,101502,9,0,13 14,0,30,,101503,9,0,13 14,0,66,,101513,9,0,13 14,0,20,,101504,9,0,13 14,0,21,,101506,9,0,13 14,0,59,,101505,9,0,13 14,0,22,,101512,9,0,13 14,0,19,,101507,9,0,13 14,0,68,,101508,9,0,13 14,0,77,,101509,9,0,13 14,0,110,,101510,9,0,13 14,0,96,,101511,9,0,13 14,0,106,,101514,9,0,13 14,0,110,,101515,9,0,13 14,0
7500,'5458',506,,101516,9,0,13 14,0,18,,101518,9,0,13 14,0,16,,101522,9,0,13 14,0,18,,101525,9,0,13 14,0,57,,101528,9,0,13 14,0,17,,101530,9,0,13 14,0,15,,101520,9,0,13 14,0,55,,101533,9,0,13 14,0,16,,101517,9,0,13 14,0,23,,101519,9,0,13 14,0,63,,101521,9,0,13 14,0,26,,101524,9,0,13 14,0,29,,101523,9,0,13 14,0,74,,101527,9,0,13 14,0,68,,101526,9,0,13 14,0,30,,101529,9,0,13 14,0,27,,101537,9,0,13 14,0,69,,101531,9,0,13 14,0,30,,101532,9,0,13 14,0,70,,101534,9,0,13 14,0,29,,101535,9,0,13 14,0,70,,101536,9,0,13 14,0,23,,101538,9,0,13 14,0,71,,101539,9,0,13 14,0,34,,101540,9,0,13 14,0,67,,101541,9,0,13 14,0,30,,101542,9,0,13 14,0,66,,101552,9,0,13 14,0,20,,101543,9,0,13 14,0,21,,101545,9,0,13 14,0,59,,101544,9,0,13 14,0,22,,101551,9,0,13 14,0,19,,101546,9,0,13 14,0,68,,101547,9,0,13 14,0,77,,101548,9,0,13 14,0,110,,101549,9,0,13 14,0,96,,101550,9,0,13 14,0,106,,101553,9,0,13 14,0,110,,101554,9,0,13 14,0
7500,'5459',619,,101556,9,0,13 14,0,93,,101557,9,0,13 14,0,98,,101558,9,0,13 14,0,94,,101555,9,0,13 14,0,97,,101559,9,0,13 14,0,99,,101560,9,0,13 14,0,30,,101561,9,0,13 14,0,70,,101562,9,0,13 14,0,29,,101563,9,0,13 14,0,71,,101564,9,0,13 14,0,24,,101565,9,0,13 14,0,76,,101566,9,0,13 14,0,30,,101567,9,0,13 14,0,70,,101568,9,0,13 14,0,31,,101569,9,0,13 14,0,70,,101570,9,0,13 14,0,100,,101571,9,0,13 14,0,102,,101572,9,0,13 14,0,102,,101573,9,0,13 14,0,104,,101574,9,0,13 14,0,98,,101575,9,0,13 14,0,107,,101576,9,0,13 14,0,102,,101577,9,0,13 14,0
7500,'5460',614,,101578,9,0,13 14,0,98,,101579,9,0,13 14,0,101,,101580,9,0,13 14,0,93,,101581,9,0,13 14,0,97,,101582,9,0,13 14,0,99,,101583,9,0,13 14,0,29,,101584,9,0,13 14,0,70,,101585,9,0,13 14,0,29,,101586,9,0,13 14,0,29,,101587,9,0,13 14,0,70,,101588,9,0,13 14,0,30,,101589,9,0,13 14,0,70,,101590,9,0,13 14,0,30,,101591,9,0,13 14,0,100,,101592,9,0,13 14,0,141,,101593,9,0,13 14,0,106,,101594,9,0,13 14,0,103,,101595,9,0,13 14,0,104,,101596,9,0,13 14,0,97,,101597,9,0,13 14,0,135,,101598,9,0,13 14,0
7500,'5461',614,,101599,9,0,13 14,0,98,,101600,9,0,13 14,0,101,,101601,9,0,13 14,0,93,,101602,9,0,13 14,0,97,,101603,9,0,13 14,0,99,,101604,9,0,13 14,0,29,,101605,9,0,13 14,0,70,,101606,9,0,13 14,0,29,,101607,9,0,13 14,0,29,,101608,9,0,13 14,0,70,,101609,9,0,13 14,0,30,,101610,9,0,13 14,0,70,,101611,9,0,13 14,0,30,,101612,9,0,13 14,0,100,,101613,9,0,13 14,0,141,,101614,9,0,13 14,0,106,,101615,9,0,13 14,0,103,,101616,9,0,13 14,0,104,,101617,9,0,13 14,0,97,,101618,9,0,13 14,0,135,,101619,9,0,13 14,0
7500,'5462',614,,101620,9,0,13 14,0,98,,101621,9,0,13 14,0,101,,101622,9,0,13 14,0,93,,101623,9,0,13 14,0,97,,101624,9,0,13 14,0,99,,101625,9,0,13 14,0,29,,101626,9,0,13 14,0,70,,101627,9,0,13 14,0,29,,101628,9,0,13 14,0,29,,101629,9,0,13 14,0,70,,101630,9,0,13 14,0,30,,101631,9,0,13 14,0,70,,101632,9,0,13 14,0,30,,101633,9,0,13 14,0,100,,101634,9,0,13 14,0,141,,101635,9,0,13 14,0,106,,101636,9,0,13 14,0,103,,101637,9,0,13 14,0,104,,101638,9,0,13 14,0,97,,101639,9,0,13 14,0,135,,101640,9,0,13 14,0
7500,'5463',614,,101641,9,0,13 14,0,98,,101642,9,0,13 14,0,101,,101643,9,0,13 14,0,93,,101644,9,0,13 14,0,97,,101645,9,0,13 14,0,99,,101646,9,0,13 14,0,29,,101647,9,0,13 14,0,70,,101648,9,0,13 14,0,29,,101649,9,0,13 14,0,29,,101650,9,0,13 14,0,70,,101651,9,0,13 14,0,30,,101652,9,0,13 14,0,70,,101653,9,0,13 14,0,30,,101654,9,0,13 14,0,100,,101655,9,0,13 14,0,141,,101656,9,0,13 14,0,106,,101657,9,0,13 14,0,103,,101658,9,0,13 14,0,104,,101659,9,0,13 14,0,97,,101660,9,0,13 14,0,135,,101661,9,0,13 14,0
1002200,'5456',935,,103706,21,,,0,195,,103707,21,0,21 22,0,272,,103708,21,0,21 22,0,207,,103709,21,0,21 22,0,99,,103710,21,0,21 22,0,196,,103711,21,0,21 22,0
1002200,'5458',935,,103712,21,,,0,195,,103713,21,0,21 22,0,272,,103714,21,0,21 22,0,207,,103715,21,0,21 22,0,99,,103716,21,0,21 22,0,196,,103717,21,0,21 22,0
1007200,'5456',522,,103768,8,,,0
1007200,'5458',522,,103769,8,,,0
1007200,'5459',534,,103770,8,,,0,96,,103771,8,,,0
1007200,'5460',631,,103772,8,,,0
1007200,'5461',631,,103773,8,,,0
1007200,'5462',631,,103774,8,,,0
1007200,'5463',631,,103775,8,,,0
14002100,'4832',2114,,77737,6,,,0,100,,77738,6,,,0,100,,77739,6,,,0
14002100,'5453',2114,,81936,6,,,0,100,,81937,6,,,0,100,,81938,6,,,0
14002100,'5456',2112,,104018,6,,,0,30,,104015,6,,,0,70,,104017,6,,,0,100,,104019,6,,,0,99,,104016,6,,,0
14002100,'5458',2112,,104023,6,,,0,30,,104020,6,,,0,70,,104022,6,,,0,100,,104024,6,,,0,99,,104021,6,,,0
14002100,'5459',2112,,104025,6,,,0,30,,104026,6,,,0,70,,104027,6,,,0,102,,104028,6,,,0,99,,104029,6,,,0
14002100,'5460',2114,,104030,6,,,0,100,,104031,6,,,0,100,,104032,6,,,0
14002100,'5461',2114,,104033,6,,,0,100,,104034,6,,,0,100,,104035,6,,,0
14002100,'5462',2114,,104036,6,,,0,100,,104037,6,,,0,100,,104038,6,,,0
14002100,'5463',2114,,104039,6,,,0,100,,104040,6,,,0,100,,104041,6,,,0
