400,'5456',609,,88255,24,,,0,22,,88252,24,,,0,20,,88268,24,,,0,63,,88249,24,,,0,15,,88278,24,,,0,16,,88315,24,,,0,58,,88296,24,,,0,11,,88295,18,,,0,4,,88289,24,,,0,6,,88254,18,,,0,5,,88258,24,,,0,4,,88253,24,,,0,9,,88270,18,,,0,5,,88273,24,,,0,7,,88266,18,,,0,47,,88279,24,,,0,6,,88259,18,,,0,8,,88260,24,,,0,7,,88265,18,,,0,7,,88269,24,,,0,12,,88261,24,,,0,13,,88283,24,,,0,54,,88263,24,,,0,14,,88281,24,,,0,13,,88286,24,,,0,13,,88288,24,,,0,53,,88291,24,,,0,13,,88290,24,,,0,14,,88292,24,,,0,14,,88301,24,,,0,15,,88303,24,,,0,53,,88310,24,,,0,14,,88308,24,,,0,13,,88305,24,,,0,14,,88320,24,,,0,53,,88316,24,,,0,15,,88271,24,,,0,15,,88325,24,,,0,4,,88327,17,,,0,9,,88262,24,,,0,54,,88276,24,,,0,14,,88277,24,,,0,12,,88256,24,,,0,13,,88257,24,,,0,13,,88284,24,,,0,54,,88251,24,,,0,15,,88282,24,,,0,18,,88285,24,,,0,18,,88294,24,,,0,57,,88298,24,,,0,17,,88293,24,,,0,19,,88297,24,,,0,55,,88302,24,,,0,17,,88300,24,,,0,18,,88307,24,,,0,14,,88304,24,,,0,53,,88309,24,,,0,12,,88313,24,,,0,14,,88321,24,,,0,14,,88326,24,,,0,54,,88250,24,,,0,14,,88274,24,,,0,15,,88264,24,,,0,15,,88267,24,,,0,55,,88287,24,,,0,13,,88306,24,,,0,15,,88280,24,,,0,16,,88299,24,,,0,57,,88275,24,,,0,17,,88311,24,,,0,14,,88272,24,,,0,16,,88322,24,,,0,58,,88312,24,,,0,20,,88317,24,,,0,20,,88323,24,,,0,62,,88318,24,,,0,24,,88324,24,,,0,69,,88319,24,,,0,28,,88314,24,,,0
400,'5458',609,,88335,24,,,0,22,,88332,24,,,0,20,,88349,24,,,0,63,,88328,24,,,0,15,,88359,24,,,0,16,,88396,24,,,0,58,,88377,24,,,0,11,,88376,18,,,0,4,,88370,24,,,0,6,,88334,18,,,0,5,,88338,24,,,0,4,,88333,24,,,0,9,,88351,18,,,0,5,,88354,24,,,0,7,,88347,18,,,0,47,,88360,24,,,0,6,,88339,18,,,0,8,,88340,24,,,0,7,,88346,18,,,0,7,,88350,24,,,0,12,,88341,24,,,0,13,,88364,24,,,0,54,,88343,24,,,0,14,,88362,24,,,0,13,,88367,24,,,0,13,,88369,24,,,0,53,,88372,24,,,0,13,,88371,24,,,0,14,,88373,24,,,0,14,,88382,24,,,0,15,,88384,24,,,0,53,,88391,24,,,0,14,,88389,24,,,0,13,,88386,24,,,0,14,,88401,24,,,0,53,,88397,24,,,0,15,,88352,24,,,0,15,,88408,24,,,0,4,,88411,17,,,0,9,,88342,24,,,0,54,,88357,24,,,0,14,,88358,24,,,0,12,,88336,24,,,0,13,,88337,24,,,0,13,,88365,24,,,0,54,,88331,24,,,0,15,,88363,24,,,0,18,,88366,24,,,0,18,,88375,24,,,0,57,,88379,24,,,0,17,,88374,24,,,0,19,,88378,24,,,0,55,,88383,24,,,0,17,,88381,24,,,0,18,,88388,24,,,0,14,,88385,24,,,0,53,,88390,24,,,0,12,,88394,24,,,0,14,,88402,24,,,0,14,,88409,24,,,0,54,,88330,24,,,0,14,,88355,24,,,0,15,,88344,24,,,0,15,,88348,24,,,0,55,,88368,24,,,0,13,,88387,24,,,0,15,,88361,24,,,0,16,,88380,24,,,0,57,,88356,24,,,0,17,,88392,24,,,0,14,,88353,24,,,0,16,,88403,24,,,0,58,,88393,24,,,0,20,,88398,24,,,0,20,,88405,24,,,0,62,,88399,24,,,0,24,,88406,24,,,0,69,,88400,24,,,0,28,,88395,24,,,0,70,,88404,24,,,0,30,,88407,24,,,0,70,,88410,24,,,0,30,,88329,24,,,0,70,,88345,24,,,0
400,'5459',656,,88455,24,,,0,66,,88436,24,,,0,21,,88441,24,,,0,60,,88448,24,,,0,21,,88430,24,,,0,18,,88446,24,,,0,58,,88450,24,,,0,16,,88431,24,,,0,16,,88421,24,,,0,16,,88447,24,,,0,56,,88453,24,,,0,16,,88415,24,,,0,16,,88424,24,,,0,15,,88418,24,,,0,56,,88477,24,,,0,17,,88438,24,,,0,15,,88437,24,,,0,16,,88413,24,,,0,56,,88425,24,,,0,15,,88435,24,,,0,15,,88445,24,,,0,15,,88454,24,,,0,55,,88412,24,,,0,16,,88419,24,,,0,16,,88429,24,,,0,57,,88439,24,,,0,16,,88449,24,,,0,16,,88417,24,,,0,15,,88422,24,,,0,56,,88432,24,,,0,16,,88444,24,,,0,16,,88452,24,,,0,16,,88414,24,,,0,56,,88428,24,,,0,15,,88423,24,,,0,16,,88442,24,,,0,16,,88451,24,,,0,55,,88426,24,,,0,16,,88433,24,,,0,15,,88416,24,,,0,16,,88443,24,,,0,55,,88440,24,,,0,16,,88427,24,,,0,15,,88420,24,,,0,58,,88434,24,,,0,18,,88459,24,,,0,18,,88456,24,,,0,18,,88458,24,,,0,58,,88457,24,,,0,17,,88473,24,,,0,17,,88465,24,,,0,58,,88464,24,,,0,18,,88466,24,,,0,18,,88467,24,,,0,18,,88474,24,,,0,58,,88470,24,,,0,24,,88471,24,,,0,63,,88469,24,,,0,30,,88468,24,,,0,70,,88472,24,,,0,30,,88475,24,,,0,69,,88476,24,,,0,28,,88463,24,,,0,70,,88460,24,,,0,30,,88461,24,,,0,70,,88462,24,,,0
400,'5460',804,,88478,24,,,0,30,,88479,24,,,0,72,,88480,24,,,0,31,,88481,24,,,0,70,,88482,24,,,0,30,,88483,24,,,0,20,,88484,24,,,0,61,,88485,24,,,0,20,,88486,24,,,0,20,,88487,24,,,0,60,,88488,24,,,0,21,,88489,24,,,0,61,,88490,24,,,0,20,,88491,24,,,0,20,,88492,24,,,0,60,,88493,24,,,0,20,,88494,24,,,0,19,,88521,24,,,0,18,,88495,24,,,0,57,,88496,24,,,0,16,,88497,24,,,0,16,,88498,24,,,0,56,,88523,24,,,0,16,,88499,24,,,0,16,,88500,24,,,0,16,,88501,24,,,0,56,,88502,24,,,0,15,,88522,24,,,0,14,,88503,24,,,0,17,,88504,24,,,0,57,,88505,24,,,0,18,,88506,24,,,0,17,,88507,24,,,0,57,,88508,24,,,0,18,,88509,24,,,0,18,,88510,24,,,0,18,,88511,24,,,0,58,,88524,24,,,0,17,,88512,24,,,0,20,,88513,24,,,0,60,,88514,24,,,0,24,,88515,24,,,0,70,,88516,24,,,0,31,,88517,24,,,0,69,,88518,24,,,0,29,,88519,24,,,0,81,,88520,24,,,0
400,'5461',804,,88525,24,,,0,30,,88526,24,,,0,72,,88527,24,,,0,31,,88528,24,,,0,70,,88529,24,,,0,30,,88530,24,,,0,20,,88531,24,,,0,61,,88532,24,,,0,20,,88533,24,,,0,20,,88534,24,,,0,60,,88535,24,,,0,21,,88536,24,,,0,61,,88537,24,,,0,20,,88538,24,,,0,20,,88539,24,,,0,60,,88540,24,,,0,20,,88541,24,,,0,19,,88568,24,,,0,18,,88542,24,,,0,57,,88543,24,,,0,16,,88544,24,,,0,16,,88545,24,,,0,56,,88570,24,,,0,16,,88546,24,,,0,16,,88547,24,,,0,16,,88548,24,,,0,56,,88549,24,,,0,15,,88569,24,,,0,14,,88550,24,,,0,17,,88551,24,,,0,57,,88552,24,,,0,18,,88553,24,,,0,17,,88554,24,,,0,57,,88555,24,,,0,18,,88556,24,,,0,18,,88557,24,,,0,18,,88558,24,,,0,58,,88571,24,,,0,17,,88559,24,,,0,20,,88560,24,,,0,60,,88561,24,,,0,24,,88562,24,,,0,70,,88563,24,,,0,31,,88564,24,,,0,69,,88565,24,,,0,29,,88566,24,,,0,81,,88567,24,,,0
400,'5462',804,,88572,24,,,0,30,,88573,24,,,0,72,,88574,24,,,0,31,,88575,24,,,0,70,,88576,24,,,0,30,,88577,24,,,0,20,,88578,24,,,0,61,,88579,24,,,0,20,,88580,24,,,0,20,,88581,24,,,0,60,,88582,24,,,0,21,,88583,24,,,0,61,,88584,24,,,0,20,,88585,24,,,0,20,,88586,24,,,0,60,,88587,24,,,0,20,,88588,24,,,0,19,,88615,24,,,0,18,,88589,24,,,0,57,,88590,24,,,0,16,,88591,24,,,0,16,,88592,24,,,0,56,,88617,24,,,0,16,,88593,24,,,0,16,,88594,24,,,0,16,,88595,24,,,0,56,,88596,24,,,0,15,,88616,24,,,0,14,,88597,24,,,0,17,,88598,24,,,0,57,,88599,24,,,0,18,,88600,24,,,0,17,,88601,24,,,0,57,,88602,24,,,0,18,,88603,24,,,0,18,,88604,24,,,0,18,,88605,24,,,0,58,,88618,24,,,0,17,,88606,24,,,0,20,,88607,24,,,0,60,,88608,24,,,0,24,,88609,24,,,0,70,,88610,24,,,0,31,,88611,24,,,0,69,,88612,24,,,0,29,,88613,24,,,0,81,,88614,24,,,0
400,'5463',804,,88619,24,,,0,30,,88620,24,,,0,72,,88621,24,,,0,31,,88622,24,,,0,70,,88623,24,,,0,30,,88624,24,,,0,20,,88625,24,,,0,61,,88626,24,,,0,20,,88627,24,,,0,20,,88628,24,,,0,60,,88629,24,,,0,21,,88630,24,,,0,61,,88631,24,,,0,20,,88632,24,,,0,20,,88633,24,,,0,60,,88634,24,,,0,20,,88635,24,,,0,19,,88662,24,,,0,18,,88636,24,,,0,57,,88637,24,,,0,16,,88638,24,,,0,16,,88639,24,,,0,56,,88664,24,,,0,16,,88640,24,,,0,16,,88641,24,,,0,16,,88642,24,,,0,56,,88643,24,,,0,15,,88663,24,,,0,14,,88644,24,,,0,17,,88645,24,,,0,57,,88646,24,,,0,18,,88647,24,,,0,17,,88648,24,,,0,57,,88649,24,,,0,18,,88650,24,,,0,18,,88651,24,,,0,18,,88652,24,,,0,58,,88665,24,,,0,17,,88653,24,,,0,20,,88654,24,,,0,60,,88655,24,,,0,24,,88656,24,,,0,70,,88657,24,,,0,31,,88658,24,,,0,69,,88659,24,,,0,29,,88660,24,,,0,81,,88661,24,,,0
701,'5456',623,,90301,29,,,0,30,,90316,29,,,0,65,,90303,29,,,0,15,,90330,29,,,0,17,,90302,29,,,0,52,,90343,29,,,0,6,,90338,29,,,0,10,,90344,29,,,0,7,,90324,29,,,0,10,,90345,29,,,0,8,,90305,29,,,0,16,,90327,29,,,0,57,,90317,29,,,0,14,,90336,29,,,0,19,,90306,29,,,0,60,,90307,29,,,0,20,,90340,29,,,0,19,,90323,29,,,0,61,,90304,29,,,0,20,,90328,29,,,0,21,,90334,29,,,0,60,,90308,29,,,0,20,,90309,29,,,0,25,,90342,29,,,0,60,,90325,29,,,0,20,,90311,29,,,0,21,,90329,29,,,0,59,,90335,29,,,0,22,,90310,29,,,0,63,,90312,29,,,0,22,,90346,29,,,0,19,,90339,29,,,0,18,,90318,29,,,0,54,,90313,29,,,0,24,,90348,29,,,0,19,,90326,29,,,0,57,,90331,29,,,0,19,,90314,29,,,0,14,,90315,29,,,0,56,,90347,29,,,0,18,,90337,29,,,0,19,,90320,29,,,0,17,,90321,29,,,0,70,,90332,29,,,0,29,,90319,29,,,0,70,,90341,29,,,0,29,,90322,29,,,0,70,,90333,29,,,0
701,'5458',623,,90349,29,,,0,30,,90364,29,,,0,65,,90351,29,,,0,15,,90378,29,,,0,17,,90350,29,,,0,52,,90391,29,,,0,6,,90386,29,,,0,10,,90392,29,,,0,7,,90372,29,,,0,10,,90393,29,,,0,8,,90353,29,,,0,16,,90375,29,,,0,57,,90365,29,,,0,14,,90384,29,,,0,19,,90354,29,,,0,60,,90355,29,,,0,20,,90388,29,,,0,19,,90371,29,,,0,61,,90352,29,,,0,20,,90376,29,,,0,21,,90382,29,,,0,60,,90356,29,,,0,20,,90357,29,,,0,25,,90390,29,,,0,60,,90373,29,,,0,20,,90359,29,,,0,21,,90377,29,,,0,59,,90383,29,,,0,22,,90358,29,,,0,63,,90360,29,,,0,22,,90394,29,,,0,19,,90387,29,,,0,18,,90366,29,,,0,54,,90361,29,,,0,24,,90396,29,,,0,19,,90374,29,,,0,57,,90379,29,,,0,19,,90362,29,,,0,14,,90363,29,,,0,56,,90395,29,,,0,18,,90385,29,,,0,19,,90368,29,,,0,17,,90369,29,,,0,70,,90380,29,,,0,29,,90367,29,,,0,70,,90389,29,,,0,29,,90370,29,,,0,70,,90381,29,,,0
701,'5459',712,,90424,29,,,0,30,,90408,29,,,0,73,,90417,29,,,0,32,,90401,29,,,0,70,,90425,29,,,0,29,,90409,29,,,0,73,,90418,29,,,0,27,,90397,29,,,0,70,,90399,29,,,0,29,,90419,29,,,0,71,,90405,29,,,0,29,,90412,29,,,0,68,,90398,29,,,0,31,,90400,29,,,0,70,,90420,29,,,0,30,,90404,29,,,0,69,,90413,29,,,0,31,,90402,29,,,0,70,,90403,29,,,0,33,,90421,29,,,0,70,,90406,29,,,0,29,,90415,29,,,0,71,,90407,29,,,0,29,,90410,29,,,0,69,,90422,29,,,0,30,,90411,29,,,0,75,,90416,29,,,0,36,,90414,29,,,0,68,,90423,29,,,0
701,'5460',721,,90438,29,,,0,80,,90427,29,,,0,41,,90439,29,,,0,76,,90440,29,,,0,25,,90426,29,,,0,69,,90428,29,,,0,31,,90441,29,,,0,69,,90429,29,,,0,31,,90444,29,,,0,69,,90430,29,,,0,31,,90431,29,,,0,70,,90443,29,,,0,28,,90442,29,,,0,70,,90445,29,,,0,30,,90446,29,,,0,69,,90433,29,,,0,31,,90434,29,,,0,73,,90436,29,,,0,32,,90435,29,,,0,69,,90432,29,,,0,30,,90437,29,,,0,69,,90447,29,,,0,32,,90448,29,,,0,74,,90449,29,,,0,34,,90451,29,,,0,69,,90450,29,,,0
701,'5461',721,,90464,29,,,0,80,,90453,29,,,0,41,,90465,29,,,0,76,,90466,29,,,0,25,,90452,29,,,0,69,,90454,29,,,0,31,,90467,29,,,0,69,,90455,29,,,0,31,,90470,29,,,0,69,,90456,29,,,0,31,,90457,29,,,0,70,,90469,29,,,0,28,,90468,29,,,0,70,,90471,29,,,0,30,,90472,29,,,0,69,,90459,29,,,0,31,,90460,29,,,0,73,,90462,29,,,0,32,,90461,29,,,0,69,,90458,29,,,0,30,,90463,29,,,0,69,,90473,29,,,0,32,,90474,29,,,0,74,,90475,29,,,0,34,,90477,29,,,0,69,,90476,29,,,0
701,'5462',721,,90490,29,,,0,80,,90479,29,,,0,41,,90491,29,,,0,76,,90492,29,,,0,25,,90478,29,,,0,69,,90480,29,,,0,31,,90493,29,,,0,69,,90481,29,,,0,31,,90496,29,,,0,69,,90482,29,,,0,31,,90483,29,,,0,70,,90495,29,,,0,28,,90494,29,,,0,70,,90497,29,,,0,30,,90498,29,,,0,69,,90485,29,,,0,31,,90486,29,,,0,73,,90488,29,,,0,32,,90487,29,,,0,69,,90484,29,,,0,30,,90489,29,,,0,69,,90499,29,,,0,32,,90500,29,,,0,74,,90501,29,,,0,34,,90503,29,,,0,69,,90502,29,,,0
701,'5463',721,,90516,29,,,0,80,,90505,29,,,0,41,,90517,29,,,0,76,,90518,29,,,0,25,,90504,29,,,0,69,,90506,29,,,0,31,,90519,29,,,0,69,,90507,29,,,0,31,,90522,29,,,0,69,,90508,29,,,0,31,,90509,29,,,0,70,,90521,29,,,0,28,,90520,29,,,0,70,,90523,29,,,0,30,,90524,29,,,0,69,,90511,29,,,0,31,,90512,29,,,0,73,,90514,29,,,0,32,,90513,29,,,0,69,,90510,29,,,0,30,,90515,29,,,0,69,,90525,29,,,0,32,,90526,29,,,0,74,,90527,29,,,0,34,,90529,29,,,0,69,,90528,29,,,0
900,'5456',721,,90756,29,,,0,15,,90754,29,,,0,17,,90755,48,,,0,55,,90752,29,,,0,29,,90753,48,,,0
900,'5458',721,,90761,29,,,0,15,,90759,29,,,0,17,,90760,48,,,0,55,,90757,29,,,0,29,,90758,48,,,0
1500,'5456',544,,92696,28,,,0,60,,92697,28,,,0,19,,92698,28,,,0,17,,92699,28,,,0,17,,92700,28,,,0,56,,92701,28,,,0,16,,92702,28,,,0,17,,92703,28,,,0,54,,92704,28,,,0,14,,92705,28,,,0,11,,92706,28,,,0,10,,92707,28,,,0,11,,92708,28,,,0,11,,92709,28,,,0,51,,92768,10,,,0,11,,92711,28,,,0,11,,92712,28,,,0,12,,92713,28,,,0,10,,92714,28,,,0,55,,92715,28,,,0,15,,92716,28,,,0,15,,92717,28,,,0,15,,92718,28,,,0,55,,92719,28,,,0,15,,92720,28,,,0,16,,92721,28,,,0,15,,92722,28,,,0,55,,92723,28,,,0,15,,92724,28,,,0,15,,92725,28,,,0,15,,92726,28,,,0,55,,92727,28,,,0,15,,92728,28,,,0,15,,92729,28,,,0,15,,92730,28,,,0,55,,92731,28,,,0,15,,92732,28,,,0,16,,92733,28,,,0,15,,92734,28,,,0,56,,92735,28,,,0,15,,92736,28,,,0,14,,92737,28,,,0,13,,92738,28,,,0,55,,92739,28,,,0,15,,92740,28,,,0,15,,92741,28,,,0,15,,92742,28,,,0,54,,92743,28,,,0,15,,92744,28,,,0,15,,92745,28,,,0,15,,92746,28,,,0,54,,92747,28,,,0,14,,92748,28,,,0,15,,92749,28,,,0,16,,92750,28,,,0,55,,92751,28,,,0,15,,92752,28,,,0,14,,92753,28,,,0,14,,92754,28,,,0,60,,92755,28,,,0,20,,92756,28,,,0,20,,92757,28,,,0,60,,92758,28,,,0,20,,92759,28,,,0,20,,92760,28,,,0,60,,92761,28,,,0,20,,92762,28,,,0,25,,92763,28,,,0,69,,92764,28,,,0,29,,92765,28,,,0,70,,92766,28,,,0,30,,92767,28,,,0
1500,'5458',544,,92769,28,,,0,60,,92770,28,,,0,19,,92771,28,,,0,17,,92772,28,,,0,17,,92773,28,,,0,56,,92774,28,,,0,16,,92775,28,,,0,17,,92776,28,,,0,54,,92777,28,,,0,14,,92778,28,,,0,11,,92779,28,,,0,10,,92780,28,,,0,11,,92781,28,,,0,11,,92782,28,,,0,51,,92845,10,,,0,11,,92784,28,,,0,11,,92785,28,,,0,12,,92786,28,,,0,10,,92787,28,,,0,55,,92788,28,,,0,15,,92789,28,,,0,15,,92790,28,,,0,15,,92791,28,,,0,55,,92792,28,,,0,15,,92793,28,,,0,16,,92794,28,,,0,15,,92795,28,,,0,55,,92796,28,,,0,15,,92797,28,,,0,15,,92798,28,,,0,15,,92799,28,,,0,55,,92800,28,,,0,15,,92801,28,,,0,15,,92802,28,,,0,15,,92803,28,,,0,55,,92804,28,,,0,15,,92805,28,,,0,16,,92806,28,,,0,15,,92807,28,,,0,56,,92808,28,,,0,15,,92809,28,,,0,14,,92810,28,,,0,13,,92811,28,,,0,55,,92812,28,,,0,15,,92813,28,,,0,15,,92814,28,,,0,15,,92815,28,,,0,54,,92816,28,,,0,15,,92817,28,,,0,15,,92818,28,,,0,15,,92819,28,,,0,54,,92820,28,,,0,14,,92821,28,,,0,15,,92822,28,,,0,16,,92823,28,,,0,55,,92824,28,,,0,15,,92825,28,,,0,14,,92826,28,,,0,14,,92827,28,,,0,60,,92828,28,,,0,20,,92829,28,,,0,20,,92830,28,,,0,60,,92831,28,,,0,20,,92832,28,,,0,20,,92833,28,,,0,60,,92834,28,,,0,20,,92835,28,,,0,25,,92836,28,,,0,69,,92837,28,,,0,29,,92838,28,,,0,70,,92839,28,,,0,30,,92840,28,,,0,70,,92841,28,,,0,30,,92842,28,,,0,70,,92843,28,,,0,30,,92844,28,,,0
1500,'5459',643,,92902,28,,,0,65,,92889,28,,,0,22,,92887,28,,,0,19,,92888,28,,,0,56,,92864,28,,,0,15,,92900,28,,,0,15,,92882,28,,,0,16,,92861,28,,,0,55,,92886,28,,,0,15,,92885,28,,,0,16,,92863,28,,,0,15,,92901,28,,,0,55,,92883,28,,,0,15,,92862,28,,,0,15,,92884,28,,,0,15,,92881,28,,,0,57,,92856,28,,,0,15,,92860,28,,,0,15,,92899,28,,,0,16,,92880,28,,,0,56,,92859,28,,,0,16,,92879,28,,,0,15,,92878,28,,,0,15,,92858,28,,,0,55,,92857,28,,,0,15,,92898,28,,,0,15,,92877,28,,,0,15,,92855,28,,,0,56,,92875,28,,,0,15,,92876,28,,,0,15,,92853,28,,,0,15,,92854,28,,,0,55,,92897,28,,,0,15,,92874,28,,,0,15,,92852,28,,,0,15,,92873,28,,,0,55,,92872,28,,,0,15,,92850,28,,,0,15,,92851,28,,,0,15,,92896,28,,,0,54,,92871,28,,,0,15,,92846,28,,,0,15,,92867,28,,,0,15,,92869,28,,,0,55,,92848,28,,,0,15,,92849,28,,,0,15,,92895,28,,,0,13,,92868,28,,,0,54,,92847,28,,,0,15,,92866,28,,,0,15,,92870,28,,,0,15,,92865,28,,,0,58,,92892,28,,,0,20,,92893,28,,,0,20,,92894,28,,,0,60,,92891,28,,,0,20,,92890,28,,,0,20,,92904,28,,,0,60,,92903,28,,,0,20,,92905,28,,,0,23,,92906,28,,,0,70,,92907,28,,,0,30,,92908,28,,,0,69,,92909,28,,,0,29,,92910,28,,,0,69,,92911,28,,,0,29,,92912,28,,,0,70,,92913,28,,,0,30,,92914,28,,,0
1500,'5460',705,,92955,28,,,0,30,,92954,28,,,0,68,,92930,28,,,0,22,,92933,28,,,0,17,,92971,28,,,0,17,,92920,28,,,0,55,,92932,28,,,0,15,,92919,28,,,0,15,,92915,28,,,0,56,,92934,28,,,0,15,,92924,28,,,0,15,,92936,28,,,0,15,,92916,28,,,0,55,,92921,28,,,0,15,,92917,28,,,0,15,,92918,28,,,0,15,,92939,28,,,0,56,,92928,28,,,0,15,,92937,28,,,0,15,,92925,28,,,0,15,,92927,28,,,0,55,,92922,28,,,0,15,,92923,28,,,0,15,,92940,28,,,0,15,,92929,28,,,0,56,,92941,28,,,0,15,,92926,28,,,0,14,,92942,28,,,0,15,,92943,28,,,0,55,,92938,28,,,0,15,,92953,28,,,0,14,,92949,28,,,0,15,,92947,28,,,0,55,,92945,28,,,0,15,,92950,28,,,0,15,,92952,28,,,0,15,,92946,28,,,0,55,,92948,28,,,0,15,,92951,28,,,0,14,,92944,28,,,0,15,,92931,28,,,0,15,,92935,28,,,0,54,,92959,28,,,0,15,,92958,28,,,0,15,,92957,28,,,0,14,,92961,28,,,0,55,,92966,28,,,0,20,,92963,28,,,0,20,,92956,28,,,0,60,,92962,28,,,0,19,,92965,28,,,0,27,,92964,28,,,0,69,,92960,28,,,0,29,,92967,28,,,0,70,,92968,28,,,0,29,,92970,28,,,0,70,,92969,28,,,0
1500,'5461',705,,93012,28,,,0,30,,93011,28,,,0,68,,92987,28,,,0,22,,92990,28,,,0,17,,93028,28,,,0,17,,92977,28,,,0,55,,92989,28,,,0,15,,92976,28,,,0,15,,92972,28,,,0,56,,92991,28,,,0,15,,92981,28,,,0,15,,92993,28,,,0,15,,92973,28,,,0,55,,92978,28,,,0,15,,92974,28,,,0,15,,92975,28,,,0,15,,92996,28,,,0,56,,92985,28,,,0,15,,92994,28,,,0,15,,92982,28,,,0,15,,92984,28,,,0,55,,92979,28,,,0,15,,92980,28,,,0,15,,92997,28,,,0,15,,92986,28,,,0,56,,92998,28,,,0,15,,92983,28,,,0,14,,92999,28,,,0,15,,93000,28,,,0,55,,92995,28,,,0,15,,93010,28,,,0,14,,93006,28,,,0,15,,93004,28,,,0,55,,93002,28,,,0,15,,93007,28,,,0,15,,93009,28,,,0,15,,93003,28,,,0,55,,93005,28,,,0,15,,93008,28,,,0,14,,93001,28,,,0,15,,92988,28,,,0,15,,92992,28,,,0,54,,93016,28,,,0,15,,93015,28,,,0,15,,93014,28,,,0,14,,93018,28,,,0,55,,93023,28,,,0,20,,93020,28,,,0,20,,93013,28,,,0,60,,93019,28,,,0,19,,93022,28,,,0,27,,93021,28,,,0,69,,93017,28,,,0,29,,93024,28,,,0,70,,93025,28,,,0,29,,93027,28,,,0,70,,93026,28,,,0
1500,'5462',705,,93069,28,,,0,30,,93068,28,,,0,68,,93044,28,,,0,22,,93047,28,,,0,17,,93085,28,,,0,17,,93034,28,,,0,55,,93046,28,,,0,15,,93033,28,,,0,15,,93029,28,,,0,56,,93048,28,,,0,15,,93038,28,,,0,15,,93050,28,,,0,15,,93030,28,,,0,55,,93035,28,,,0,15,,93031,28,,,0,15,,93032,28,,,0,15,,93053,28,,,0,56,,93042,28,,,0,15,,93051,28,,,0,15,,93039,28,,,0,15,,93041,28,,,0,55,,93036,28,,,0,15,,93037,28,,,0,15,,93054,28,,,0,15,,93043,28,,,0,56,,93055,28,,,0,15,,93040,28,,,0,14,,93056,28,,,0,15,,93057,28,,,0,55,,93052,28,,,0,15,,93067,28,,,0,14,,93063,28,,,0,15,,93061,28,,,0,55,,93059,28,,,0,15,,93064,28,,,0,15,,93066,28,,,0,15,,93060,28,,,0,55,,93062,28,,,0,15,,93065,28,,,0,14,,93058,28,,,0,15,,93045,28,,,0,15,,93049,28,,,0,54,,93073,28,,,0,15,,93072,28,,,0,15,,93071,28,,,0,14,,93075,28,,,0,55,,93080,28,,,0,20,,93077,28,,,0,20,,93070,28,,,0,60,,93076,28,,,0,19,,93079,28,,,0,27,,93078,28,,,0,69,,93074,28,,,0,29,,93081,28,,,0,70,,93082,28,,,0,29,,93084,28,,,0,70,,93083,28,,,0
1500,'5463',705,,93126,28,,,0,30,,93125,28,,,0,68,,93101,28,,,0,22,,93104,28,,,0,17,,93142,28,,,0,17,,93091,28,,,0,55,,93103,28,,,0,15,,93090,28,,,0,15,,93086,28,,,0,56,,93105,28,,,0,15,,93095,28,,,0,15,,93107,28,,,0,15,,93087,28,,,0,55,,93092,28,,,0,15,,93088,28,,,0,15,,93089,28,,,0,15,,93110,28,,,0,56,,93099,28,,,0,15,,93108,28,,,0,15,,93096,28,,,0,15,,93098,28,,,0,55,,93093,28,,,0,15,,93094,28,,,0,15,,93111,28,,,0,15,,93100,28,,,0,56,,93112,28,,,0,15,,93097,28,,,0,14,,93113,28,,,0,15,,93114,28,,,0,55,,93109,28,,,0,15,,93124,28,,,0,14,,93120,28,,,0,15,,93118,28,,,0,55,,93116,28,,,0,15,,93121,28,,,0,15,,93123,28,,,0,15,,93117,28,,,0,55,,93119,28,,,0,15,,93122,28,,,0,14,,93115,28,,,0,15,,93102,28,,,0,15,,93106,28,,,0,54,,93130,28,,,0,15,,93129,28,,,0,15,,93128,28,,,0,14,,93132,28,,,0,55,,93137,28,,,0,20,,93134,28,,,0,20,,93127,28,,,0,60,,93133,28,,,0,19,,93136,28,,,0,27,,93135,28,,,0,69,,93131,28,,,0,29,,93138,28,,,0,70,,93139,28,,,0,29,,93141,28,,,0,70,,93140,28,,,0
14000701,'5456',2155,,103974,34,,,0,72,,103978,34,,,0,28,,103973,34,,,0,70,,103976,34,,,0,76,,103975,34,,,0,28,,103977,34,,,0
14000701,'5458',2155,,103980,34,,,0,72,,103984,34,,,0,28,,103979,34,,,0,70,,103982,34,,,0,76,,103981,34,,,0,28,,103983,34,,,0
14000701,'5459',2156,,103985,34,,,0,72,,103986,34,,,0,29,,103988,34,,,0,69,,103987,34,,,0,75,,103989,34,,,0,27,,103990,34,,,0
14000701,'5460',2055,,103991,34,,,0,70,,103993,34,,,0,79,,103992,34,,,0,22,,103994,34,,,0,99,,103995,34,,,0,103,,103996,34,,,0
14000701,'5461',2055,,103997,34,,,0,70,,103999,34,,,0,79,,103998,34,,,0,22,,104000,34,,,0,99,,104001,34,,,0,103,,104002,34,,,0
14000701,'5462',2055,,104003,34,,,0,70,,104005,34,,,0,79,,104004,34,,,0,22,,104006,34,,,0,99,,104007,34,,,0,103,,104008,34,,,0
14000701,'5463',2055,,104009,34,,,0,70,,104011,34,,,0,79,,104010,34,,,0,22,,104012,34,,,0,99,,104013,34,,,0,103,,104014,34,,,0
