201,'5456',614,,87685,33,0,46 37,0,21,,87686,33,0,46 37,0,67,,87687,33,0,46 37,0,29,,87688,33,0,46 37,0,72,,87689,33,0,46 37,0,31,,87690,33,0,46 37,0,72,,87691,33,0,46 37,0,30,,87692,33,0,46 37,0,73,,87693,33,0,46 37,0,39,,87694,33,0,46 37,0,80,,87695,33,0,46 37,0,79,,87696,33,0,46 37,0,40,,87697,33,0,46 37,0,80,,87698,33,0,46 37,0,80,,87699,33,0,46 37,0,17,,87700,7,0,46 37,0,35,,87701,33,0,46 37,0,55,,87717,14,0,46 37,0,20,,87713,33,0,46 37,0,76,,87715,33,0,46 37,0,36,,87716,33,0,46 37,0,74,,87712,33,0,46 37,0,37,,87714,33,0,46 37,0,86,,87707,33,0,46 37,0,65,,87706,33,0,46 37,0,40,,87711,33,0,46 37,0,83,,87705,33,0,46 37,0,81,,87710,33,0,46 37,0,38,,87704,33,0,46 37,0,80,,87709,33,0,46 37,0,81,,87703,33,0,46 37,0,40,,87708,33,0,46 37,0,70,,87702,33,0,46 37,0
201,'5458',614,,87718,33,0,46 37,0,21,,87719,33,0,46 37,0,67,,87720,33,0,46 37,0,29,,87721,33,0,46 37,0,72,,87722,33,0,46 37,0,31,,87723,33,0,46 37,0,72,,87724,33,0,46 37,0,30,,87725,33,0,46 37,0,73,,87726,33,0,46 37,0,39,,87727,33,0,46 37,0,80,,87728,33,0,46 37,0,79,,87729,33,0,46 37,0,40,,87730,33,0,46 37,0,80,,87731,33,0,46 37,0,80,,87732,33,0,46 37,0,17,,87733,7,0,46 37,0,35,,87734,33,0,46 37,0,55,,87751,14,0,46 37,0,20,,87747,33,0,46 37,0,76,,87749,33,0,46 37,0,36,,87750,33,0,46 37,0,74,,87746,33,0,46 37,0,37,,87748,33,0,46 37,0,86,,87741,33,0,46 37,0,65,,87740,33,0,46 37,0,40,,87745,33,0,46 37,0,83,,87739,33,0,46 37,0,81,,87744,33,0,46 37,0,38,,87738,33,0,46 37,0,80,,87743,33,0,46 37,0,81,,87737,33,0,46 37,0,40,,87742,33,0,46 37,0,70,,87736,33,0,46 37,0,31,,87735,7,0,46 37,0
201,'5459',656,,87772,33,0,46 37,0,159,,87773,33,0,46 37,0,22,,87759,7,0,46 37,0,103,,87767,33,0,46 37,0,80,,87760,33,0,46 37,0,38,,87752,7,0,46 37,0,60,,87770,33,0,46 37,0,39,,87761,33,0,46 37,0,80,,87753,33,0,46 37,0,79,,87756,33,0,46 37,0,39,,87755,33,0,46 37,0,81,,87765,33,0,46 37,0,80,,87757,33,0,46 37,0,40,,87754,33,0,46 37,0,81,,87758,33,0,46 37,0,75,,87766,33,0,46 37,0,41,,87769,33,0,46 37,0,80,,87768,33,0,46 37,0,76,,87771,33,0,46 37,0,35,,87762,33,0,46 37,0,80,,87763,33,0,46 37,0,85,,87764,33,0,46 37,0,41,,87777,33,0,46 37,0,81,,87774,33,0,46 37,0,81,,87775,33,0,46 37,0,40,,87776,33,0,46 37,0,76,,87778,33,0,46 37,0,30,,87779,7,0,46 37,0
201,'5460',642,,87794,33,0,46 37,0,160,,87801,33,0,46 37,0,120,,87795,33,0,46 37,0,99,,87782,7,0,46 37,0,37,,87802,33,0,46 37,0,60,,87780,7,0,46 37,0,40,,87781,33,0,46 37,0,79,,87792,33,0,46 37,0,80,,87788,33,0,46 37,0,40,,87787,33,0,46 37,0,80,,87783,33,0,46 37,0,80,,87784,33,0,46 37,0,40,,87793,33,0,46 37,0,80,,87789,33,0,46 37,0,76,,87785,33,0,46 37,0,40,,87786,33,0,46 37,0,81,,87790,33,0,46 37,0,76,,87799,33,0,46 37,0,40,,87791,33,0,46 37,0,80,,87798,33,0,46 37,0,81,,87797,33,0,46 37,0,40,,87800,33,0,46 37,0,81,,87796,33,0,46 37,0,80,,87803,33,0,46 37,0,40,,87804,33,0,46 37,0
201,'5461',642,,87819,33,0,46 37,0,160,,87826,33,0,46 37,0,120,,87820,33,0,46 37,0,99,,87807,7,0,46 37,0,37,,87827,33,0,46 37,0,60,,87805,7,0,46 37,0,40,,87806,33,0,46 37,0,79,,87817,33,0,46 37,0,80,,87813,33,0,46 37,0,40,,87812,33,0,46 37,0,80,,87808,33,0,46 37,0,80,,87809,33,0,46 37,0,40,,87818,33,0,46 37,0,80,,87814,33,0,46 37,0,76,,87810,33,0,46 37,0,40,,87811,33,0,46 37,0,81,,87815,33,0,46 37,0,76,,87824,33,0,46 37,0,40,,87816,33,0,46 37,0,80,,87823,33,0,46 37,0,81,,87822,33,0,46 37,0,40,,87825,33,0,46 37,0,81,,87821,33,0,46 37,0,80,,87828,33,0,46 37,0,40,,87829,33,0,46 37,0
201,'5462',642,,87844,33,0,46 37,0,160,,87851,33,0,46 37,0,120,,87845,33,0,46 37,0,99,,87832,7,0,46 37,0,37,,87852,33,0,46 37,0,60,,87830,7,0,46 37,0,40,,87831,33,0,46 37,0,79,,87842,33,0,46 37,0,80,,87838,33,0,46 37,0,40,,87837,33,0,46 37,0,80,,87833,33,0,46 37,0,80,,87834,33,0,46 37,0,40,,87843,33,0,46 37,0,80,,87839,33,0,46 37,0,76,,87835,33,0,46 37,0,40,,87836,33,0,46 37,0,81,,87840,33,0,46 37,0,76,,87849,33,0,46 37,0,40,,87841,33,0,46 37,0,80,,87848,33,0,46 37,0,81,,87847,33,0,46 37,0,40,,87850,33,0,46 37,0,81,,87846,33,0,46 37,0,80,,87853,33,0,46 37,0,40,,87854,33,0,46 37,0
201,'5463',642,,87869,33,0,46 37,0,160,,87876,33,0,46 37,0,120,,87870,33,0,46 37,0,99,,87857,7,0,46 37,0,37,,87877,33,0,46 37,0,60,,87855,7,0,46 37,0,40,,87856,33,0,46 37,0,79,,87867,33,0,46 37,0,80,,87863,33,0,46 37,0,40,,87862,33,0,46 37,0,80,,87858,33,0,46 37,0,80,,87859,33,0,46 37,0,40,,87868,33,0,46 37,0,80,,87864,33,0,46 37,0,76,,87860,33,0,46 37,0,40,,87861,33,0,46 37,0,81,,87865,33,0,46 37,0,76,,87874,33,0,46 37,0,40,,87866,33,0,46 37,0,80,,87873,33,0,46 37,0,81,,87872,33,0,46 37,0,40,,87875,33,0,46 37,0,81,,87871,33,0,46 37,0,80,,87878,33,0,46 37,0,40,,87879,33,0,46 37,0
501,'5456',647,,89201,28,,,0,71,,89202,28,,,0,28,,89203,28,,,0,72,,89204,28,,,0,32,,89205,28,,,0,71,,89206,28,,,0,30,,89207,28,,,0,77,,89208,28,,,0,80,,89209,28,,,0,40,,89210,28,,,0,79,,89211,28,,,0,80,,89212,28,,,0,40,,89213,28,,,0,94,,89214,28,,,0,76,,89215,28,,,0,35,,89217,28,,,0,77,,89221,28,,,0,74,,89219,28,,,0,34,,89216,28,,,0,81,,89220,28,,,0,110,,89223,28,,,0,81,,89218,28,,,0,42,,89222,28,,,0
501,'5458',647,,89224,28,,,0,71,,89225,28,,,0,28,,89226,28,,,0,72,,89227,28,,,0,32,,89228,28,,,0,71,,89229,28,,,0,30,,89230,28,,,0,77,,89231,28,,,0,80,,89232,28,,,0,40,,89233,28,,,0,79,,89234,28,,,0,80,,89235,28,,,0,40,,89236,28,,,0,94,,89237,28,,,0,76,,89238,28,,,0,35,,89240,28,,,0,77,,89244,28,,,0,74,,89242,28,,,0,34,,89239,28,,,0,81,,89243,28,,,0,110,,89246,28,,,0,81,,89241,28,,,0,42,,89245,28,,,0
501,'5459',735,,89255,28,,,0,121,,89257,28,,,0,60,,89249,7,,,0,84,,89254,28,,,0,39,,89248,28,,,0,99,,89256,28,,,0,79,,89247,28,,,0,40,,89263,28,,,0,78,,89252,28,,,0,80,,89253,28,,,0,41,,89250,28,,,0,80,,89251,28,,,0,80,,89261,28,,,0,41,,89264,28,,,0,75,,89260,28,,,0,81,,89262,28,,,0,36,,89266,28,,,0,75,,89265,28,,,0,80,,89258,28,,,0,45,,89259,28,,,0
501,'5460',722,,89281,28,,,0,120,,89280,28,,,0,159,,89279,28,,,0,39,,89273,28,,,0,98,,89276,28,,,0,79,,89272,28,,,0,40,,89268,28,,,0,80,,89267,28,,,0,80,,89283,28,,,0,40,,89275,28,,,0,80,,89271,28,,,0,80,,89270,28,,,0,41,,89269,28,,,0,75,,89282,28,,,0,80,,89277,28,,,0,36,,89274,28,,,0,81,,89278,28,,,0
501,'5461',722,,89298,28,,,0,120,,89297,28,,,0,159,,89296,28,,,0,39,,89290,28,,,0,98,,89293,28,,,0,79,,89289,28,,,0,40,,89285,28,,,0,80,,89284,28,,,0,80,,89300,28,,,0,40,,89292,28,,,0,80,,89288,28,,,0,80,,89287,28,,,0,41,,89286,28,,,0,75,,89299,28,,,0,80,,89294,28,,,0,36,,89291,28,,,0,81,,89295,28,,,0
501,'5462',722,,89315,28,,,0,120,,89314,28,,,0,159,,89313,28,,,0,39,,89307,28,,,0,98,,89310,28,,,0,79,,89306,28,,,0,40,,89302,28,,,0,80,,89301,28,,,0,80,,89317,28,,,0,40,,89309,28,,,0,80,,89305,28,,,0,80,,89304,28,,,0,41,,89303,28,,,0,75,,89316,28,,,0,80,,89311,28,,,0,36,,89308,28,,,0,81,,89312,28,,,0
501,'5463',722,,89332,28,,,0,120,,89331,28,,,0,159,,89330,28,,,0,39,,89324,28,,,0,98,,89327,28,,,0,79,,89323,28,,,0,40,,89319,28,,,0,80,,89318,28,,,0,80,,89334,28,,,0,40,,89326,28,,,0,80,,89322,28,,,0,80,,89321,28,,,0,41,,89320,28,,,0,75,,89333,28,,,0,80,,89328,28,,,0,36,,89325,28,,,0,81,,89329,28,,,0
1000,'5456',628,,90779,3,,,0,84,,90784,3,,,0,36,,90780,3,,,0,78,,90781,3,,,0,84,,90782,3,,,0,39,,90783,3,,,0,95,,90786,3,,,0,115,,90785,3,,,0,90,,90788,3,,,0,76,,90787,3,,,0,86,,90791,3,,,0,42,,90789,3,,,0,95,,90790,3,,,0,81,,90792,3,,,0,88,,90793,3,,,0,40,,90794,3,,,0,61,,90797,3,,,0,30,,90795,3,,,0,94,,90796,3,,,0
1000,'5458',628,,90799,3,,,0,84,,90804,3,,,0,36,,90800,3,,,0,78,,90801,3,,,0,84,,90802,3,,,0,39,,90803,3,,,0,95,,90806,3,,,0,115,,90805,3,,,0,90,,90808,3,,,0,76,,90807,3,,,0,86,,90811,3,,,0,42,,90809,3,,,0,95,,90810,3,,,0,81,,90812,3,,,0,88,,90813,3,,,0,40,,90814,3,,,0,61,,90817,3,,,0,30,,90815,3,,,0,94,,90816,3,,,0
1000,'5459',726,,90827,3,,,0,101,,90831,3,,,0,102,,90818,3,,,0,97,,90821,3,,,0,108,,90824,3,,,0,110,,90823,3,,,0,97,,90819,3,,,0,100,,90822,3,,,0,100,,90820,3,,,0,103,,90825,3,,,0,103,,90826,3,,,0,99,,90829,3,,,0,98,,90830,3,,,0
1000,'5460',726,,90836,3,,,0,101,,90835,3,,,0,99,,90833,3,,,0,104,,90832,3,,,0,102,,90839,3,,,0,110,,90838,3,,,0,90,,90834,3,,,0,107,,90837,3,,,0,100,,90841,3,,,0,99,,90840,3,,,0,102,,90843,3,,,0,104,,90842,3,,,0,99,,90844,3,,,0
1000,'5461',726,,90849,3,,,0,101,,90848,3,,,0,99,,90846,3,,,0,104,,90845,3,,,0,102,,90852,3,,,0,110,,90851,3,,,0,90,,90847,3,,,0,107,,90850,3,,,0,100,,90854,3,,,0,99,,90853,3,,,0,102,,90856,3,,,0,104,,90855,3,,,0,99,,90857,3,,,0
1000,'5462',726,,90862,3,,,0,101,,90861,3,,,0,99,,90859,3,,,0,104,,90858,3,,,0,102,,90865,3,,,0,110,,90864,3,,,0,90,,90860,3,,,0,107,,90863,3,,,0,100,,90867,3,,,0,99,,90866,3,,,0,102,,90869,3,,,0,104,,90868,3,,,0,99,,90870,3,,,0
1000,'5463',726,,90875,3,,,0,101,,90874,3,,,0,99,,90872,3,,,0,104,,90871,3,,,0,102,,90878,3,,,0,110,,90877,3,,,0,90,,90873,3,,,0,107,,90876,3,,,0,100,,90880,3,,,0,99,,90879,3,,,0,102,,90882,3,,,0,104,,90881,3,,,0,99,,90883,3,,,0
1001,'5456',2041,,90901,27,4,,0
1001,'5458',2041,,90921,27,4,,0
1001,'5459',2040,,90937,27,4,,0
