301,'5456',611,,88069,18,,,0,38,,88067,28,,,0,76,,88068,28,,,0,79,,88070,28,,,0,42,,88077,28,,,0,75,,88071,28,,,0,36,,88072,28,,,0,71,,88076,28,,,0,30,,88073,28,,,0,70,,88074,28,,,0,31,,88075,28,,,0,71,,88078,28,,,0,75,,88079,28,,,0,30,,88080,28,,,0,70,,88082,28,,,0,32,,88081,28,,,0,73,,88093,28,,,0,35,,88083,28,,,0,74,,88084,28,,,0,35,,88092,28,,,0,73,,88085,28,,,0,31,,88086,28,,,0,74,,88091,28,,,0,24,,88087,28,,,0,68,,88088,28,,,0,31,,88095,28,,,0,64,,88089,28,,,0,25,,88090,28,,,0,69,,88094,28,,,0
301,'5458',611,,88098,18,,,0,38,,88096,28,,,0,76,,88097,28,,,0,79,,88099,28,,,0,42,,88106,28,,,0,75,,88100,28,,,0,36,,88101,28,,,0,71,,88105,28,,,0,30,,88102,28,,,0,70,,88103,28,,,0,31,,88104,28,,,0,71,,88107,28,,,0,75,,88108,28,,,0,30,,88109,28,,,0,70,,88111,28,,,0,32,,88110,28,,,0,73,,88122,28,,,0,35,,88112,28,,,0,74,,88113,28,,,0,35,,88121,28,,,0,73,,88114,28,,,0,31,,88115,28,,,0,74,,88120,28,,,0,24,,88116,28,,,0,68,,88117,28,,,0,31,,88124,28,,,0,64,,88118,28,,,0,25,,88119,28,,,0,69,,88123,28,,,0
301,'5459',728,,88146,28,,,0,29,,88132,28,,,0,72,,88125,28,,,0,29,,88138,28,,,0,72,,88133,28,,,0,71,,88149,28,,,0,31,,88137,28,,,0,71,,88126,28,,,0,29,,88148,28,,,0,70,,88140,28,,,0,32,,88128,28,,,0,70,,88150,28,,,0,30,,88139,28,,,0,71,,88127,28,,,0,30,,88134,28,,,0,74,,88131,28,,,0,33,,88129,28,,,0,78,,88130,28,,,0,28,,88135,28,,,0,76,,88141,28,,,0,24,,88136,28,,,0,74,,88143,28,,,0,28,,88142,28,,,0,70,,88144,28,,,0,25,,88145,28,,,0,69,,88151,28,,,0,31,,88147,28,,,0,68,,88152,28,,,0
301,'5460',743,,88166,28,,,0,85,,88154,28,,,0,81,,88167,28,,,0,45,,88160,28,,,0,77,,88165,28,,,0,79,,88153,28,,,0,21,,88161,28,,,0,71,,88156,28,,,0,29,,88155,28,,,0,70,,88162,28,,,0,32,,88159,28,,,0,70,,88158,28,,,0,30,,88157,28,,,0,77,,88163,28,,,0,28,,88164,28,,,0,81,,88170,28,,,0,23,,88168,28,,,0,73,,88169,28,,,0,26,,88174,28,,,0,69,,88172,28,,,0,30,,88171,28,,,0,69,,88173,28,,,0,31,,88175,28,,,0,73,,88176,28,,,0
301,'5461',743,,88190,28,,,0,85,,88178,28,,,0,81,,88191,28,,,0,45,,88184,28,,,0,77,,88189,28,,,0,79,,88177,28,,,0,21,,88185,28,,,0,71,,88180,28,,,0,29,,88179,28,,,0,70,,88186,28,,,0,32,,88183,28,,,0,70,,88182,28,,,0,30,,88181,28,,,0,77,,88187,28,,,0,28,,88188,28,,,0,81,,88194,28,,,0,23,,88192,28,,,0,73,,88193,28,,,0,26,,88198,28,,,0,69,,88196,28,,,0,30,,88195,28,,,0,69,,88197,28,,,0,31,,88199,28,,,0,73,,88200,28,,,0
301,'5462',743,,88214,28,,,0,85,,88202,28,,,0,81,,88215,28,,,0,45,,88208,28,,,0,77,,88213,28,,,0,79,,88201,28,,,0,21,,88209,28,,,0,71,,88204,28,,,0,29,,88203,28,,,0,70,,88210,28,,,0,32,,88207,28,,,0,70,,88206,28,,,0,30,,88205,28,,,0,77,,88211,28,,,0,28,,88212,28,,,0,81,,88218,28,,,0,23,,88216,28,,,0,73,,88217,28,,,0,26,,88222,28,,,0,69,,88220,28,,,0,30,,88219,28,,,0,69,,88221,28,,,0,31,,88223,28,,,0,73,,88224,28,,,0
301,'5463',743,,88238,28,,,0,85,,88226,28,,,0,81,,88239,28,,,0,45,,88232,28,,,0,77,,88237,28,,,0,79,,88225,28,,,0,21,,88233,28,,,0,71,,88228,28,,,0,29,,88227,28,,,0,70,,88234,28,,,0,32,,88231,28,,,0,70,,88230,28,,,0,30,,88229,28,,,0,77,,88235,28,,,0,28,,88236,28,,,0,81,,88242,28,,,0,23,,88240,28,,,0,73,,88241,28,,,0,26,,88246,28,,,0,69,,88244,28,,,0,30,,88243,28,,,0,69,,88245,28,,,0,31,,88247,28,,,0,73,,88248,28,,,0
701,'5456',613,,90301,11,,,0,29,,90316,11,,,0,65,,90303,11,,,0,15,,90330,11,,,0,16,,90302,11,,,0,10,,90343,11,,,0,6,,90338,11,,,0,50,,90344,11,,,0,7,,90324,11,,,0,10,,90345,11,,,0,8,,90305,11,,,0,16,,90327,11,,,0,57,,90317,11,,,0,15,,90336,11,,,0,19,,90306,11,,,0,20,,90307,11,,,0,60,,90340,11,,,0,19,,90323,11,,,0,21,,90304,11,,,0,60,,90328,11,,,0,21,,90334,11,,,0,20,,90308,11,,,0,60,,90309,11,,,0,25,,90342,11,,,0,60,,90325,11,,,0,20,,90311,11,,,0,21,,90329,11,,,0,59,,90335,11,,,0,21,,90310,11,,,0,23,,90312,11,,,0,62,,90346,11,,,0,20,,90339,11,,,0,18,,90318,11,,,0,54,,90313,11,,,0,24,,90348,11,,,0,19,,90326,11,,,0,57,,90331,11,,,0,20,,90314,11,,,0,14,,90315,11,,,0,16,,90347,11,,,0,59,,90337,11,,,0,19,,90320,11,,,0,17,,90321,11,,,0,70,,90332,11,,,0,29,,90319,11,,,0,70,,90341,11,,,0,30,,90322,11,,,0,70,,90333,11,,,0
701,'5458',613,,90349,11,,,0,29,,90364,11,,,0,65,,90351,11,,,0,15,,90378,11,,,0,16,,90350,11,,,0,10,,90391,11,,,0,6,,90386,11,,,0,50,,90392,11,,,0,7,,90372,11,,,0,10,,90393,11,,,0,8,,90353,11,,,0,16,,90375,11,,,0,57,,90365,11,,,0,15,,90384,11,,,0,19,,90354,11,,,0,20,,90355,11,,,0,60,,90388,11,,,0,19,,90371,11,,,0,21,,90352,11,,,0,60,,90376,11,,,0,21,,90382,11,,,0,20,,90356,11,,,0,60,,90357,11,,,0,25,,90390,11,,,0,60,,90373,11,,,0,20,,90359,11,,,0,21,,90377,11,,,0,59,,90383,11,,,0,21,,90358,11,,,0,23,,90360,11,,,0,62,,90394,11,,,0,20,,90387,11,,,0,18,,90366,11,,,0,54,,90361,11,,,0,24,,90396,11,,,0,19,,90374,11,,,0,57,,90379,11,,,0,20,,90362,11,,,0,14,,90363,11,,,0,16,,90395,11,,,0,59,,90385,11,,,0,19,,90368,11,,,0,17,,90369,11,,,0,70,,90380,11,,,0,29,,90367,11,,,0,70,,90389,11,,,0,30,,90370,11,,,0,70,,90381,11,,,0
701,'5459',703,,90424,11,,,0,30,,90408,11,,,0,72,,90417,11,,,0,31,,90401,11,,,0,70,,90425,11,,,0,29,,90409,11,,,0,72,,90418,11,,,0,27,,90397,11,,,0,70,,90399,11,,,0,29,,90419,11,,,0,71,,90405,11,,,0,29,,90412,11,,,0,68,,90398,11,,,0,30,,90400,11,,,0,70,,90420,11,,,0,30,,90404,11,,,0,70,,90413,11,,,0,31,,90402,11,,,0,70,,90403,11,,,0,33,,90421,11,,,0,70,,90406,11,,,0,29,,90415,11,,,0,71,,90407,11,,,0,30,,90410,11,,,0,69,,90422,11,,,0,30,,90411,11,,,0,75,,90416,11,,,0,36,,90414,11,,,0,68,,90423,11,,,0
701,'5460',711,,90438,11,,,0,40,,90427,11,,,0,80,,90439,11,,,0,76,,90440,11,,,0,25,,90426,11,,,0,69,,90428,11,,,0,31,,90441,11,,,0,69,,90429,11,,,0,31,,90444,11,,,0,69,,90430,11,,,0,31,,90431,11,,,0,70,,90443,11,,,0,28,,90442,11,,,0,70,,90445,11,,,0,30,,90446,11,,,0,29,,90433,11,,,0,71,,90434,11,,,0,72,,90436,11,,,0,32,,90435,11,,,0,69,,90432,11,,,0,31,,90437,11,,,0,69,,90447,11,,,0,32,,90448,11,,,0,74,,90449,11,,,0,34,,90451,11,,,0,69,,90450,11,,,0
701,'5461',711,,90464,11,,,0,40,,90453,11,,,0,80,,90465,11,,,0,76,,90466,11,,,0,25,,90452,11,,,0,69,,90454,11,,,0,31,,90467,11,,,0,69,,90455,11,,,0,31,,90470,11,,,0,69,,90456,11,,,0,31,,90457,11,,,0,70,,90469,11,,,0,28,,90468,11,,,0,70,,90471,11,,,0,30,,90472,11,,,0,29,,90459,11,,,0,71,,90460,11,,,0,72,,90462,11,,,0,32,,90461,11,,,0,69,,90458,11,,,0,31,,90463,11,,,0,69,,90473,11,,,0,32,,90474,11,,,0,74,,90475,11,,,0,34,,90477,11,,,0,69,,90476,11,,,0
701,'5462',711,,90490,11,,,0,40,,90479,11,,,0,80,,90491,11,,,0,76,,90492,11,,,0,25,,90478,11,,,0,69,,90480,11,,,0,31,,90493,11,,,0,69,,90481,11,,,0,31,,90496,11,,,0,69,,90482,11,,,0,31,,90483,11,,,0,70,,90495,11,,,0,28,,90494,11,,,0,70,,90497,11,,,0,30,,90498,11,,,0,29,,90485,11,,,0,71,,90486,11,,,0,72,,90488,11,,,0,32,,90487,11,,,0,69,,90484,11,,,0,31,,90489,11,,,0,69,,90499,11,,,0,32,,90500,11,,,0,74,,90501,11,,,0,34,,90503,11,,,0,69,,90502,11,,,0
701,'5463',711,,90516,11,,,0,40,,90505,11,,,0,80,,90517,11,,,0,76,,90518,11,,,0,25,,90504,11,,,0,69,,90506,11,,,0,31,,90519,11,,,0,69,,90507,11,,,0,31,,90522,11,,,0,69,,90508,11,,,0,31,,90509,11,,,0,70,,90521,11,,,0,28,,90520,11,,,0,70,,90523,11,,,0,30,,90524,11,,,0,29,,90511,11,,,0,71,,90512,11,,,0,72,,90514,11,,,0,32,,90513,11,,,0,69,,90510,11,,,0,31,,90515,11,,,0,69,,90525,11,,,0,32,,90526,11,,,0,74,,90527,11,,,0,34,,90529,11,,,0,69,,90528,11,,,0
14000701,'5456',2144,,103974,16,,,0,72,,103978,16,,,0,29,,103973,16,,,0,70,,103976,16,,,0,36,,103975,16,,,0,68,,103977,16,,,0
14000701,'5458',2144,,103980,16,,,0,72,,103984,16,,,0,29,,103979,16,,,0,70,,103982,16,,,0,36,,103981,16,,,0,68,,103983,16,,,0
14000701,'5459',2145,,103985,16,,,0,72,,103986,16,,,0,30,,103988,16,,,0,69,,103987,16,,,0,36,,103989,16,,,0,67,,103990,16,,,0
14000701,'5460',2044,,103991,16,,,0,70,,103993,16,,,0,40,,103992,16,,,0,62,,103994,16,,,0,100,,103995,16,,,0,103,,103996,16,,,0
14000701,'5461',2044,,103997,16,,,0,70,,103999,16,,,0,40,,103998,16,,,0,62,,104000,16,,,0,100,,104001,16,,,0,103,,104002,16,,,0
14000701,'5462',2044,,104003,16,,,0,70,,104005,16,,,0,40,,104004,16,,,0,62,,104006,16,,,0,100,,104007,16,,,0,103,,104008,16,,,0
14000701,'5463',2044,,104009,16,,,0,70,,104011,16,,,0,40,,104010,16,,,0,62,,104012,16,,,0,100,,104013,16,,,0,103,,104014,16,,,0
