6101,'4832',620,,74690,42,,,0,103,,74688,42,,,0,34,,74691,43,,,0,89,,74689,43,,,0,94,,74692,43,,,0,87,,74693,43,,,0,88,,74694,43,,,0,87,,74695,43,,,0,103,,74696,43,,,0,46,,74697,43,,,0,101,,74698,43,,,0,85,,74699,43,,,0,101,,74700,43,,,0,80,,74701,43,,,0,100,,74702,43,,,0,89,,74703,43,,,0,97,,74704,43,,,0,100,,74705,43,,,0,41,,74706,43,,,0,99,,74707,43,,,0,96,,74708,43,,,0
6101,'5453',620,,81041,42,,,0,103,,81039,42,,,0,34,,81042,43,,,0,89,,81040,43,,,0,94,,81043,43,,,0,87,,81044,43,,,0,88,,81045,43,,,0,87,,81046,43,,,0,103,,81047,43,,,0,46,,81048,43,,,0,101,,81049,43,,,0,85,,81050,43,,,0,101,,81051,43,,,0,80,,81052,43,,,0,100,,81053,43,,,0,89,,81054,43,,,0,97,,81055,43,,,0,100,,81056,43,,,0,41,,81057,43,,,0,99,,81058,43,,,0,96,,81059,43,,,0
6101,'5456',746,,100610,43,,,0,80,,100606,43,,,0,77,,100601,43,,,0,24,,100611,43,,,0,74,,100596,43,,,0,48,,100603,43,,,0,77,,100609,43,,,0,77,,100597,43,,,0,38,,100602,43,,,0,77,,100608,43,,,0,26,,100595,43,,,0,78,,100604,43,,,0,36,,100593,43,,,0,71,,100592,8,,,0,1,,100591,43,,,0,71,,100590,43,,,0,28,,100612,66,,,0,18,,100586,43,,,0,54,,100598,66,,,0,30,,100587,66,,,0,22,,100585,66,,,0,54,,100594,66,,,0,19,,100580,66,,,0,76,,100589,66,,,0,14,,100588,43,,,0,30,,100581,43,,,0,86,,100579,43,,,0,89,,100582,43,,,0,97,,100577,43,,,0,83,,100584,43,,,0,57,,100578,43,,,0,84,,100583,43,,,0
6101,'5458',746,,100647,43,,,0,80,,100643,43,,,0,77,,100638,43,,,0,24,,100648,43,,,0,74,,100633,43,,,0,48,,100640,43,,,0,77,,100646,43,,,0,77,,100634,43,,,0,38,,100639,43,,,0,77,,100645,43,,,0,26,,100632,43,,,0,74,,100631,8,,,0,4,,100641,43,,,0,36,,100629,43,,,0,72,,100628,43,,,0,71,,100627,43,,,0,28,,100649,66,,,0,18,,100623,43,,,0,54,,100635,66,,,0,30,,100624,66,,,0,22,,100622,66,,,0,54,,100630,66,,,0,19,,100617,66,,,0,76,,100626,66,,,0,14,,100625,43,,,0,30,,100618,43,,,0,86,,100616,43,,,0,89,,100619,43,,,0,97,,100614,43,,,0,83,,100621,43,,,0,57,,100615,43,,,0,84,,100620,43,,,0,99,,100613,43,,,0
6101,'5459',615,,100650,42,,,0,97,,100651,43,,,0,38,,100652,43,,,0,101,,100653,43,,,0,84,,100654,43,,,0,90,,100655,43,,,0,31,,100656,43,,,0,89,,100657,43,,,0,72,,100658,43,,,0,32,,100659,43,,,0,84,,100660,43,,,0,77,,100661,43,,,0,36,,100662,43,,,0,75,,100663,43,,,0,26,,100664,43,,,0,76,,100665,43,,,0,78,,100666,43,,,0,33,,100667,43,,,0,74,,100668,43,,,0,36,,100669,43,,,0,76,,100670,43,,,0,36,,100671,43,,,0,81,,100672,43,,,0,83,,100673,43,,,0,97,,100674,43,,,0,86,,100675,43,,,0,99,,100676,43,,,0,42,,100677,43,,,0,100,,100678,43,,,0
6101,'5460',620,,100681,42,,,0,103,,100679,42,,,0,34,,100682,43,,,0,89,,100680,43,,,0,94,,100683,43,,,0,87,,100684,43,,,0,88,,100685,43,,,0,87,,100686,43,,,0,103,,100687,43,,,0,46,,100688,43,,,0,101,,100689,43,,,0,85,,100690,43,,,0,101,,100691,43,,,0,80,,100692,43,,,0,100,,100693,43,,,0,89,,100694,43,,,0,97,,100695,43,,,0,100,,100696,43,,,0,41,,100697,43,,,0,99,,100698,43,,,0,96,,100699,43,,,0
6101,'5461',620,,100702,42,,,0,103,,100700,42,,,0,34,,100703,43,,,0,89,,100701,43,,,0,94,,100704,43,,,0,87,,100705,43,,,0,88,,100706,43,,,0,87,,100707,43,,,0,103,,100708,43,,,0,46,,100709,43,,,0,101,,100710,43,,,0,85,,100711,43,,,0,101,,100712,43,,,0,80,,100713,43,,,0,100,,100714,43,,,0,89,,100715,43,,,0,97,,100716,43,,,0,100,,100717,43,,,0,41,,100718,43,,,0,99,,100719,43,,,0,96,,100720,43,,,0
6101,'5462',620,,100723,42,,,0,103,,100721,42,,,0,34,,100724,43,,,0,89,,100722,43,,,0,94,,100725,43,,,0,87,,100726,43,,,0,88,,100727,43,,,0,87,,100728,43,,,0,103,,100729,43,,,0,46,,100730,43,,,0,101,,100731,43,,,0,85,,100732,43,,,0,101,,100733,43,,,0,80,,100734,43,,,0,100,,100735,43,,,0,89,,100736,43,,,0,97,,100737,43,,,0,100,,100738,43,,,0,41,,100739,43,,,0,99,,100740,43,,,0,96,,100741,43,,,0
6101,'5463',620,,100744,42,,,0,103,,100742,42,,,0,34,,100745,43,,,0,89,,100743,43,,,0,94,,100746,43,,,0,87,,100747,43,,,0,88,,100748,43,,,0,87,,100749,43,,,0,103,,100750,43,,,0,46,,100751,43,,,0,101,,100752,43,,,0,85,,100753,43,,,0,101,,100754,43,,,0,80,,100755,43,,,0,100,,100756,43,,,0,89,,100757,43,,,0,97,,100758,43,,,0,100,,100759,43,,,0,41,,100760,43,,,0,99,,100761,43,,,0,96,,100762,43,,,0
6500,'5456',529,,100802,3,,,0,93,,100801,3,,,0,21,,100800,3,,,0,82,,100799,3,,,0
6500,'5458',529,,100806,3,,,0,93,,100805,3,,,0,21,,100804,3,,,0,82,,100803,3,,,0
6501,'5456',1720,,100808,61,,,0,24,,100810,61,,,0,70,,100807,61,,,0,24,,100809,61,,,0
6501,'5458',1720,,100812,61,,,0,24,,100814,61,,,0,70,,100811,61,,,0,24,,100813,61,,,0
