301,'5456',623,,88069,33,,,0,79,,88067,45,,,0,35,,88068,43,,,0,84,,88070,45,,,0,80,,88077,43,,,0,35,,88071,45,,,0,73,,88072,43,,,0,31,,88076,43,,,0,73,,88073,45,,,0,28,,88074,43,,,0,73,,88075,45,,,0,30,,88078,43,,,0,77,,88079,45,,,0,28,,88080,43,,,0,70,,88082,43,,,0,37,,88081,45,,,0,72,,88093,43,,,0,76,,88083,45,,,0,33,,88084,45,,,0,75,,88092,45,,,0,31,,88085,45,,,0,70,,88086,45,,,0,33,,88091,43,,,0,64,,88087,45,,,0,26,,88088,43,,,0,72,,88095,45,,,0,23,,88089,43,,,0,25,,88090,45,,,0,69,,88094,43,,,0
301,'5458',623,,88098,33,,,0,79,,88096,45,,,0,35,,88097,43,,,0,84,,88099,45,,,0,80,,88106,43,,,0,35,,88100,45,,,0,73,,88101,43,,,0,31,,88105,43,,,0,73,,88102,45,,,0,28,,88103,43,,,0,73,,88104,45,,,0,30,,88107,43,,,0,77,,88108,45,,,0,28,,88109,43,,,0,70,,88111,43,,,0,37,,88110,45,,,0,72,,88122,43,,,0,76,,88112,45,,,0,33,,88113,45,,,0,75,,88121,45,,,0,31,,88114,45,,,0,70,,88115,45,,,0,33,,88120,43,,,0,64,,88116,45,,,0,26,,88117,43,,,0,72,,88124,45,,,0,23,,88118,43,,,0,25,,88119,45,,,0,69,,88123,43,,,0
301,'5459',740,,88146,45,,,0,67,,88132,43,,,0,35,,88125,45,,,0,68,,88138,43,,,0,34,,88133,45,,,0,69,,88149,43,,,0,33,,88137,45,,,0,69,,88126,43,,,0,32,,88148,45,,,0,68,,88140,43,,,0,34,,88128,45,,,0,68,,88150,43,,,0,31,,88139,45,,,0,70,,88127,43,,,0,31,,88134,45,,,0,73,,88131,43,,,0,34,,88129,45,,,0,76,,88130,43,,,0,70,,88135,45,,,0,34,,88141,43,,,0,66,,88136,45,,,0,32,,88143,43,,,0,69,,88142,45,,,0,28,,88144,43,,,0,27,,88145,45,,,0,67,,88151,43,,,0,33,,88147,45,,,0,65,,88152,43,,,0
301,'5460',755,,88166,45,,,0,84,,88154,43,,,0,83,,88167,45,,,0,84,,88160,43,,,0,39,,88165,45,,,0,77,,88153,43,,,0,23,,88161,45,,,0,69,,88156,43,,,0,32,,88155,45,,,0,68,,88162,43,,,0,34,,88159,45,,,0,68,,88158,43,,,0,32,,88157,45,,,0,75,,88163,43,,,0,30,,88164,45,,,0,79,,88170,43,,,0,24,,88168,45,,,0,71,,88169,43,,,0,27,,88174,45,,,0,68,,88172,43,,,0,31,,88171,45,,,0,67,,88173,43,,,0,33,,88175,45,,,0,71,,88176,43,,,0
301,'5461',755,,88190,45,,,0,84,,88178,43,,,0,83,,88191,45,,,0,84,,88184,43,,,0,39,,88189,45,,,0,77,,88177,43,,,0,23,,88185,45,,,0,69,,88180,43,,,0,32,,88179,45,,,0,68,,88186,43,,,0,34,,88183,45,,,0,68,,88182,43,,,0,32,,88181,45,,,0,75,,88187,43,,,0,30,,88188,45,,,0,79,,88194,43,,,0,24,,88192,45,,,0,71,,88193,43,,,0,27,,88198,45,,,0,68,,88196,43,,,0,31,,88195,45,,,0,67,,88197,43,,,0,33,,88199,45,,,0,71,,88200,43,,,0
301,'5462',755,,88214,45,,,0,84,,88202,43,,,0,83,,88215,45,,,0,84,,88208,43,,,0,39,,88213,45,,,0,77,,88201,43,,,0,23,,88209,45,,,0,69,,88204,43,,,0,32,,88203,45,,,0,68,,88210,43,,,0,34,,88207,45,,,0,68,,88206,43,,,0,32,,88205,45,,,0,75,,88211,43,,,0,30,,88212,45,,,0,79,,88218,43,,,0,24,,88216,45,,,0,71,,88217,43,,,0,27,,88222,45,,,0,68,,88220,43,,,0,31,,88219,45,,,0,67,,88221,43,,,0,33,,88223,45,,,0,71,,88224,43,,,0
301,'5463',755,,88238,45,,,0,84,,88226,43,,,0,83,,88239,45,,,0,84,,88232,43,,,0,39,,88237,45,,,0,77,,88225,43,,,0,23,,88233,45,,,0,69,,88228,43,,,0,32,,88227,45,,,0,68,,88234,43,,,0,34,,88231,45,,,0,68,,88230,43,,,0,32,,88229,45,,,0,75,,88235,43,,,0,30,,88236,45,,,0,79,,88242,43,,,0,24,,88240,45,,,0,71,,88241,43,,,0,27,,88246,45,,,0,68,,88244,43,,,0,31,,88243,45,,,0,67,,88245,43,,,0,33,,88247,45,,,0,71,,88248,43,,,0
801,'5456',646,,90641,14,,,0,58,,90665,4,,,0,18,,90642,14,,,0,24,,90645,14,,,0,65,,90643,14,,,0,35,,90646,14,,,0,86,,90644,14,,,0,84,,90647,14,,,0,32,,90649,14,,,0,82,,90648,14,,,0,84,,90651,14,,,0,39,,90650,14,,,0,85,,90654,14,,,0,88,,90652,14,,,0,26,,90666,14,0,8 9,0,57,,90653,14,,,0,32,,90656,14,,,0,74,,90655,14,,,0,37,,90658,14,,,0,83,,90657,14,,,0,71,,90660,14,,,0,32,,90659,14,,,0,74,,90661,14,,,0,47,,90662,14,,,0,97,,90663,14,,,0,85,,90664,14,,,0
801,'5458',646,,90667,14,,,0,58,,90691,4,,,0,18,,90668,14,,,0,24,,90671,14,,,0,65,,90669,14,,,0,35,,90672,14,,,0,86,,90670,14,,,0,84,,90673,14,,,0,32,,90675,14,,,0,82,,90674,14,,,0,84,,90677,14,,,0,39,,90676,14,,,0,85,,90680,14,,,0,88,,90678,14,,,0,26,,90692,14,0,8 9,0,57,,90679,14,,,0,32,,90682,14,,,0,74,,90681,14,,,0,37,,90684,14,,,0,83,,90683,14,,,0,71,,90686,14,,,0,32,,90685,14,,,0,74,,90687,14,,,0,47,,90688,14,,,0,97,,90689,14,,,0,85,,90690,14,,,0
801,'5459',723,,90694,14,0,8 9,0,85,,90695,14,0,8 9,0,45,,90696,14,0,8 9,0,86,,90697,14,0,8 9,0,85,,90698,14,0,8 9,0,91,,90699,14,0,8 9,0,88,,90700,14,0,8 9,0,51,,90701,14,0,8 9,0,92,,90693,14,0,8 9,0,90,,90702,14,0,8 9,0,92,,90703,14,0,8 9,0,90,,90704,14,0,8 9,0,91,,90705,14,0,8 9,0,46,,90706,14,0,8 9,0,84,,90707,14,0,8 9,0
801,'5460',939,,90709,14,0,8 9,0,85,,90710,14,0,8 9,0,90,,90711,14,0,8 9,0,88,,90712,14,0,8 9,0,50,,90708,14,0,8 9,0,92,,90713,14,0,8 9,0,91,,90714,14,0,8 9,0,92,,90715,14,0,8 9,0,90,,90716,14,0,8 9,0,91,,90717,14,0,8 9,0,47,,90718,14,0,8 9,0
801,'5461',939,,90720,14,0,8 9,0,85,,90721,14,0,8 9,0,90,,90722,14,0,8 9,0,88,,90723,14,0,8 9,0,50,,90719,14,0,8 9,0,92,,90724,14,0,8 9,0,91,,90725,14,0,8 9,0,92,,90726,14,0,8 9,0,90,,90727,14,0,8 9,0,91,,90728,14,0,8 9,0,47,,90729,14,0,8 9,0
801,'5462',939,,90731,14,0,8 9,0,85,,90732,14,0,8 9,0,90,,90733,14,0,8 9,0,88,,90734,14,0,8 9,0,50,,90730,14,0,8 9,0,92,,90735,14,0,8 9,0,91,,90736,14,0,8 9,0,92,,90737,14,0,8 9,0,90,,90738,14,0,8 9,0,91,,90739,14,0,8 9,0,47,,90740,14,0,8 9,0
801,'5463',939,,90742,14,0,8 9,0,85,,90743,14,0,8 9,0,90,,90744,14,0,8 9,0,88,,90745,14,0,8 9,0,50,,90741,14,0,8 9,0,92,,90746,14,0,8 9,0,91,,90747,14,0,8 9,0,92,,90748,14,0,8 9,0,90,,90749,14,0,8 9,0,91,,90750,14,0,8 9,0,47,,90751,14,0,8 9,0
1001,'5456',604,,90884,4,0,46 37,0,41,,90889,4,0,46 37,0,73,,90885,4,0,46 37,0,34,,90886,4,0,46 37,0,84,,90887,4,0,46 37,0,82,,90888,4,0,46 37,0,95,,90892,4,0,46 37,0,115,,90890,4,0,46 37,0,90,,90893,4,0,46 37,0,35,,90891,4,0,46 37,0,85,,90896,4,0,46 37,0,80,,90894,4,0,46 37,0,91,,90897,4,0,46 37,0,40,,90895,4,0,46 37,0,90,,90898,4,0,46 37,0,82,,90899,4,0,46 37,0,24,,90903,4,0,46 37,0,73,,90900,4,0,46 37,0,98,,90902,4,0,46 37,0,102,,90901,4,0,46 37,0
1001,'5458',604,,90904,4,0,46 37,0,41,,90909,4,0,46 37,0,73,,90905,4,0,46 37,0,34,,90906,4,0,46 37,0,84,,90907,4,0,46 37,0,82,,90908,4,0,46 37,0,95,,90912,4,0,46 37,0,115,,90910,4,0,46 37,0,90,,90913,4,0,46 37,0,35,,90911,4,0,46 37,0,85,,90916,4,0,46 37,0,80,,90914,4,0,46 37,0,91,,90917,4,0,46 37,0,40,,90915,4,0,46 37,0,90,,90918,4,0,46 37,0,82,,90919,4,0,46 37,0,24,,90923,4,0,46 37,0,73,,90920,4,0,46 37,0,98,,90922,4,0,46 37,0,102,,90921,4,0,46 37,0
1001,'5459',702,,90933,4,0,46 37,0,100,,90936,4,0,46 37,0,100,,90924,4,0,46 37,0,56,,90928,4,0,46 37,0,146,,90930,4,0,46 37,0,109,,90929,4,0,46 37,0,95,,90926,4,0,46 37,0,100,,90925,4,0,46 37,0,100,,90927,4,0,46 37,0,105,,90931,4,0,46 37,0,104,,90932,4,0,46 37,0,100,,90934,4,0,46 37,0,100,,90935,4,0,46 37,0,100,,90937,4,0,46 37,0
1001,'5460',703,,90943,4,0,46 37,0,100,,90942,4,0,46 37,0,98,,90939,4,0,46 37,0,102,,90940,4,0,46 37,0,100,,90946,4,0,46 37,0,110,,90945,4,0,46 37,0,89,,90938,4,0,46 37,0,106,,90941,4,0,46 37,0,100,,90944,4,0,46 37,0,100,,90948,4,0,46 37,0,105,,90947,4,0,46 37,0,105,,90949,4,0,46 37,0,100,,90950,4,0,46 37,0,99,,90951,4,0,25 26,0
1001,'5461',703,,90957,4,0,46 37,0,100,,90956,4,0,46 37,0,98,,90953,4,0,46 37,0,102,,90954,4,0,46 37,0,100,,90960,4,0,46 37,0,110,,90959,4,0,46 37,0,89,,90952,4,0,46 37,0,106,,90955,4,0,46 37,0,100,,90958,4,0,46 37,0,100,,90962,4,0,46 37,0,105,,90961,4,0,46 37,0,105,,90963,4,0,46 37,0,100,,90964,4,0,46 37,0,99,,90965,4,0,25 26,0
1001,'5462',703,,90971,4,0,46 37,0,100,,90970,4,0,46 37,0,98,,90967,4,0,46 37,0,102,,90968,4,0,46 37,0,100,,90974,4,0,46 37,0,110,,90973,4,0,46 37,0,89,,90966,4,0,46 37,0,106,,90969,4,0,46 37,0,100,,90972,4,0,46 37,0,100,,90976,4,0,46 37,0,105,,90975,4,0,46 37,0,105,,90977,4,0,46 37,0,100,,90978,4,0,46 37,0,99,,90979,4,0,25 26,0
1001,'5463',703,,90985,4,0,46 37,0,100,,90984,4,0,46 37,0,98,,90981,4,0,46 37,0,102,,90982,4,0,46 37,0,100,,90988,4,0,46 37,0,110,,90987,4,0,46 37,0,89,,90980,4,0,46 37,0,106,,90983,4,0,46 37,0,100,,90986,4,0,46 37,0,100,,90990,4,0,46 37,0,105,,90989,4,0,46 37,0,105,,90991,4,0,46 37,0,100,,90992,4,0,46 37,0,99,,90993,4,0,25 26,0
1400,'5456',616,,91738,40,,,0,20,,91739,40,,,0,18,,91740,40,,,0,56,,91741,40,,,0,15,,91742,40,,,0,6,,91729,11,,,0,6,,91743,40,,,0,9,,91744,40,,,0,8,,91730,11,,,0,46,,91745,40,,,0,6,,91731,11,,,0,6,,91746,40,,,0,8,,91732,11,,,0,5,,91747,40,,,0,7,,91733,11,,,0,5,,91748,40,,,0,8,,91734,11,,,0,3,,91749,40,,,0,4,,91750,40,,,0,5,,91751,40,,,0,45,,91752,40,,,0,8,,91735,11,,,0,6,,91753,40,,,0,6,,91736,11,,,0,6,,91754,40,,,0,7,,91737,11,,,0,6,,91755,40,,,0,11,,91756,40,,,0,53,,91757,40,,,0,12,,91758,40,,,0,13,,91759,40,,,0,13,,91760,40,,,0,13,,91761,40,,,0,53,,91762,40,,,0,13,,91763,40,,,0,13,,91764,40,,,0,14,,91765,40,,,0,53,,91766,40,,,0,13,,91767,40,,,0,13,,91768,40,,,0,12,,91769,40,,,0,13,,91770,40,,,0,53,,91771,40,,,0,13,,91772,40,,,0,13,,91773,40,,,0,14,,91774,40,,,0,13,,91775,40,,,0,54,,91776,40,,,0,12,,91777,40,,,0,14,,91778,40,,,0,11,,91779,40,,,0,53,,91780,40,,,0,21,,91781,40,,,0,7,,91812,40,,,0,7,,91782,40,,,0,17,,91783,40,,,0,56,,91784,40,,,0,15,,91785,40,,,0,15,,91786,40,,,0,14,,91787,40,,,0,56,,91788,40,,,0,15,,91789,40,,,0,15,,91790,40,,,0,16,,91791,40,,,0,56,,91792,40,,,0,13,,91793,40,,,0,14,,91794,40,,,0,15,,91795,40,,,0,54,,91796,40,,,0,14,,91797,40,,,0,15,,91798,40,,,0,17,,91799,40,,,0,59,,91800,40,,,0,19,,91801,40,,,0,20,,91802,40,,,0,60,,91803,40,,,0,20,,91804,40,,,0,20,,91805,40,,,0,60,,91806,40,,,0,20,,91807,40,,,0,70,,91808,40,,,0,30,,91809,40,,,0,70,,91810,40,,,0,29,,91811,40,,,0
1400,'5458',616,,91822,40,,,0,20,,91823,40,,,0,18,,91824,40,,,0,56,,91825,40,,,0,15,,91826,40,,,0,6,,91813,11,,,0,6,,91827,40,,,0,9,,91828,40,,,0,8,,91814,11,,,0,46,,91829,40,,,0,6,,91815,11,,,0,6,,91830,40,,,0,8,,91816,11,,,0,5,,91831,40,,,0,7,,91817,11,,,0,5,,91832,40,,,0,8,,91818,11,,,0,3,,91833,40,,,0,4,,91834,40,,,0,5,,91835,40,,,0,45,,91836,40,,,0,8,,91819,11,,,0,6,,91837,40,,,0,6,,91820,11,,,0,6,,91838,40,,,0,7,,91821,11,,,0,6,,91839,40,,,0,11,,91840,40,,,0,53,,91841,40,,,0,12,,91842,40,,,0,13,,91843,40,,,0,13,,91844,40,,,0,13,,91845,40,,,0,53,,91846,40,,,0,13,,91847,40,,,0,13,,91848,40,,,0,14,,91849,40,,,0,53,,91850,40,,,0,13,,91851,40,,,0,13,,91852,40,,,0,12,,91853,40,,,0,13,,91854,40,,,0,53,,91855,40,,,0,13,,91856,40,,,0,13,,91857,40,,,0,14,,91858,40,,,0,13,,91859,40,,,0,54,,91860,40,,,0,12,,91861,40,,,0,14,,91862,40,,,0,11,,91863,40,,,0,53,,91864,40,,,0,21,,91865,40,,,0,7,,91900,40,,,0,7,,91866,40,,,0,17,,91867,40,,,0,56,,91868,40,,,0,15,,91869,40,,,0,15,,91870,40,,,0,14,,91871,40,,,0,56,,91872,40,,,0,15,,91873,40,,,0,15,,91874,40,,,0,16,,91875,40,,,0,56,,91876,40,,,0,13,,91877,40,,,0,14,,91878,40,,,0,15,,91879,40,,,0,54,,91880,40,,,0,14,,91881,40,,,0,15,,91882,40,,,0,17,,91883,40,,,0,59,,91884,40,,,0,19,,91885,40,,,0,20,,91886,40,,,0,60,,91887,40,,,0,20,,91888,40,,,0,20,,91889,40,,,0,60,,91890,40,,,0,20,,91891,40,,,0,70,,91892,40,,,0,30,,91893,40,,,0,70,,91894,40,,,0,29,,91895,40,,,0,70,,91896,40,,,0,30,,91897,40,,,0,70,,91898,40,,,0,30,,91899,40,,,0
1400,'5459',654,,91925,40,,,0,61,,91926,40,,,0,20,,91909,40,,,0,18,,91924,40,,,0,56,,91903,40,,,0,15,,91908,40,,,0,15,,91907,40,,,0,15,,91923,40,,,0,55,,91921,40,,,0,15,,91906,40,,,0,15,,91902,40,,,0,15,,91922,40,,,0,55,,91901,40,,,0,16,,91911,40,,,0,15,,91913,40,,,0,15,,91927,40,,,0,56,,91929,40,,,0,15,,91914,40,,,0,16,,91905,40,,,0,16,,91928,40,,,0,56,,91904,40,,,0,16,,91910,40,,,0,15,,91917,40,,,0,55,,91930,40,,,0,15,,91915,40,,,0,15,,91931,40,,,0,15,,91916,40,,,0,55,,91918,40,,,0,15,,91932,40,,,0,16,,91920,40,,,0,15,,91912,40,,,0,56,,91919,40,,,0,15,,91943,40,,,0,15,,91941,40,,,0,15,,91944,40,,,0,55,,91938,40,,,0,15,,91937,40,,,0,14,,91934,40,,,0,15,,91945,40,,,0,54,,91939,40,,,0,15,,91940,40,,,0,15,,91947,40,,,0,15,,91942,40,,,0,55,,91935,40,,,0,15,,91936,40,,,0,14,,91946,40,,,0,14,,91933,40,,,0,14,,91951,40,,,0,55,,91948,40,,,0,15,,91949,40,,,0,15,,91950,40,,,0,16,,91952,40,,,0,60,,91954,40,,,0,20,,91955,40,,,0,20,,91956,40,,,0,60,,91957,40,,,0,19,,91953,40,,,0,20,,91961,40,,,0,60,,91960,40,,,0,21,,91959,40,,,0,67,,91958,40,,,0,30,,91962,40,,,0,70,,91963,40,,,0,30,,91964,40,,,0,70,,91965,40,,,0,29,,91966,40,,,0,68,,91967,40,,,0,30,,91968,40,,,0
1400,'5460',647,,92013,40,,,0,70,,92001,40,,,0,30,,92023,40,,,0,64,,92008,40,,,0,20,,91979,40,,,0,15,,92026,40,,,0,55,,92007,40,,,0,15,,91992,40,,,0,15,,91999,40,,,0,16,,92020,40,,,0,55,,91983,40,,,0,15,,92011,40,,,0,15,,91980,40,,,0,15,,92010,40,,,0,55,,91984,40,,,0,15,,91993,40,,,0,15,,92000,40,,,0,15,,92022,40,,,0,55,,91982,40,,,0,16,,92012,40,,,0,15,,91985,40,,,0,16,,92009,40,,,0,55,,91981,40,,,0,15,,91990,40,,,0,14,,91970,40,,,0,15,,91997,40,,,0,55,,92019,40,,,0,15,,91972,40,,,0,15,,92006,40,,,0,15,,91976,40,,,0,55,,92003,40,,,0,15,,91977,40,,,0,15,,91988,40,,,0,15,,91969,40,,,0,55,,91996,40,,,0,15,,92018,40,,,0,15,,91975,40,,,0,15,,92004,40,,,0,55,,91973,40,,,0,15,,92005,40,,,0,15,,91974,40,,,0,15,,91991,40,,,0,55,,91971,40,,,0,14,,91998,40,,,0,15,,92021,40,,,0,15,,91978,40,,,0,54,,92015,40,,,0,18,,92017,40,,,0,20,,91987,40,,,0,20,,91989,40,,,0,60,,92002,40,,,0,21,,92025,40,,,0,69,,92014,40,,,0,29,,91986,40,,,0,70,,91994,40,,,0,30,,92024,40,,,0,69,,92016,40,,,0,29,,91995,40,,,0
1400,'5461',647,,92071,40,,,0,70,,92059,40,,,0,30,,92081,40,,,0,64,,92066,40,,,0,20,,92037,40,,,0,15,,92084,40,,,0,55,,92065,40,,,0,15,,92050,40,,,0,15,,92057,40,,,0,16,,92078,40,,,0,55,,92041,40,,,0,15,,92069,40,,,0,15,,92038,40,,,0,15,,92068,40,,,0,55,,92042,40,,,0,15,,92051,40,,,0,15,,92058,40,,,0,15,,92080,40,,,0,55,,92040,40,,,0,16,,92070,40,,,0,15,,92043,40,,,0,16,,92067,40,,,0,55,,92039,40,,,0,15,,92048,40,,,0,14,,92028,40,,,0,15,,92055,40,,,0,55,,92077,40,,,0,15,,92030,40,,,0,15,,92064,40,,,0,15,,92034,40,,,0,55,,92061,40,,,0,15,,92035,40,,,0,15,,92046,40,,,0,15,,92027,40,,,0,55,,92054,40,,,0,15,,92076,40,,,0,15,,92033,40,,,0,15,,92062,40,,,0,55,,92031,40,,,0,15,,92063,40,,,0,15,,92032,40,,,0,15,,92049,40,,,0,55,,92029,40,,,0,14,,92056,40,,,0,15,,92079,40,,,0,15,,92036,40,,,0,54,,92073,40,,,0,18,,92075,40,,,0,20,,92045,40,,,0,20,,92047,40,,,0,60,,92060,40,,,0,21,,92083,40,,,0,69,,92072,40,,,0,29,,92044,40,,,0,70,,92052,40,,,0,30,,92082,40,,,0,69,,92074,40,,,0,29,,92053,40,,,0
1400,'5462',647,,92129,40,,,0,70,,92117,40,,,0,30,,92139,40,,,0,64,,92124,40,,,0,20,,92095,40,,,0,15,,92142,40,,,0,55,,92123,40,,,0,15,,92108,40,,,0,15,,92115,40,,,0,16,,92136,40,,,0,55,,92099,40,,,0,15,,92127,40,,,0,15,,92096,40,,,0,15,,92126,40,,,0,55,,92100,40,,,0,15,,92109,40,,,0,15,,92116,40,,,0,15,,92138,40,,,0,55,,92098,40,,,0,16,,92128,40,,,0,15,,92101,40,,,0,16,,92125,40,,,0,55,,92097,40,,,0,15,,92106,40,,,0,14,,92086,40,,,0,15,,92113,40,,,0,55,,92135,40,,,0,15,,92088,40,,,0,15,,92122,40,,,0,15,,92092,40,,,0,55,,92119,40,,,0,15,,92093,40,,,0,15,,92104,40,,,0,15,,92085,40,,,0,55,,92112,40,,,0,15,,92134,40,,,0,15,,92091,40,,,0,15,,92120,40,,,0,55,,92089,40,,,0,15,,92121,40,,,0,15,,92090,40,,,0,15,,92107,40,,,0,55,,92087,40,,,0,14,,92114,40,,,0,15,,92137,40,,,0,15,,92094,40,,,0,54,,92131,40,,,0,18,,92133,40,,,0,20,,92103,40,,,0,20,,92105,40,,,0,60,,92118,40,,,0,21,,92141,40,,,0,69,,92130,40,,,0,29,,92102,40,,,0,70,,92110,40,,,0,30,,92140,40,,,0,69,,92132,40,,,0,29,,92111,40,,,0
1400,'5463',647,,92187,40,,,0,70,,92175,40,,,0,30,,92197,40,,,0,64,,92182,40,,,0,20,,92153,40,,,0,15,,92200,40,,,0,55,,92181,40,,,0,15,,92166,40,,,0,15,,92173,40,,,0,16,,92194,40,,,0,55,,92157,40,,,0,15,,92185,40,,,0,15,,92154,40,,,0,15,,92184,40,,,0,55,,92158,40,,,0,15,,92167,40,,,0,15,,92174,40,,,0,15,,92196,40,,,0,55,,92156,40,,,0,16,,92186,40,,,0,15,,92159,40,,,0,16,,92183,40,,,0,55,,92155,40,,,0,15,,92164,40,,,0,14,,92144,40,,,0,15,,92171,40,,,0,55,,92193,40,,,0,15,,92146,40,,,0,15,,92180,40,,,0,15,,92150,40,,,0,55,,92177,40,,,0,15,,92151,40,,,0,15,,92162,40,,,0,15,,92143,40,,,0,55,,92170,40,,,0,15,,92192,40,,,0,15,,92149,40,,,0,15,,92178,40,,,0,55,,92147,40,,,0,15,,92179,40,,,0,15,,92148,40,,,0,15,,92165,40,,,0,55,,92145,40,,,0,14,,92172,40,,,0,15,,92195,40,,,0,15,,92152,40,,,0,54,,92189,40,,,0,18,,92191,40,,,0,20,,92161,40,,,0,20,,92163,40,,,0,60,,92176,40,,,0,21,,92199,40,,,0,69,,92188,40,,,0,29,,92160,40,,,0,70,,92168,40,,,0,30,,92198,40,,,0,69,,92190,40,,,0,29,,92169,40,,,0
