400,'4832',756,,82002,11,,,0,70,,82003,11,,,0,32,,82004,11,,,0,71,,82005,11,,,0,29,,64206,11,,,0,70,,64207,11,,,0,20,,64208,11,,,0,61,,64209,11,,,0,20,,64210,11,,,0,20,,64211,11,,,0,60,,64212,11,,,0,20,,64213,11,,,0,21,,64214,11,,,0,60,,64215,11,,,0,20,,64216,11,,,0,20,,64217,11,,,0,60,,64218,11,,,0,19,,64245,11,,,0,18,,64219,11,,,0,56,,64220,11,,,0,16,,64221,11,,,0,16,,64222,11,,,0,16,,64247,11,,,0,56,,64223,11,,,0,16,,64224,11,,,0,16,,64225,11,,,0,16,,64226,11,,,0,56,,64246,11,,,0,15,,64227,11,,,0,17,,64228,11,,,0,57,,64229,11,,,0,18,,64230,11,,,0,17,,64231,11,,,0,17,,64232,11,,,0,58,,64233,11,,,0,18,,82006,11,,,0,18,,82007,11,,,0,58,,64248,11,,,0,17,,64236,11,,,0,20,,82008,11,,,0,60,,82009,11,,,0,24,,64239,11,,,0,30,,64240,11,,,0,72,,64241,11,,,0,29,,64242,11,,,0,70,,82010,11,,,0,33,,82011,11,,,0
400,'5453',756,,77970,11,,,0,70,,82012,11,,,0,32,,77972,11,,,0,71,,82013,11,,,0,29,,77974,11,,,0,70,,82014,11,,,0,20,,77976,11,,,0,61,,77977,11,,,0,20,,77978,11,,,0,20,,82015,11,,,0,60,,82016,11,,,0,20,,77981,11,,,0,21,,77982,11,,,0,60,,82017,11,,,0,20,,82018,11,,,0,20,,77985,11,,,0,60,,77986,11,,,0,19,,82025,11,,,0,18,,77987,11,,,0,56,,82019,11,,,0,16,,77989,11,,,0,16,,77990,11,,,0,16,,82027,11,,,0,56,,77991,11,,,0,16,,82020,11,,,0,16,,77993,11,,,0,16,,77994,11,,,0,56,,82026,11,,,0,15,,77995,11,,,0,17,,82021,11,,,0,57,,77997,11,,,0,18,,77998,11,,,0,17,,77999,11,,,0,17,,82022,11,,,0,58,,78001,11,,,0,18,,78002,11,,,0,18,,78003,11,,,0,58,,82028,11,,,0,17,,78004,11,,,0,20,,78005,11,,,0,60,,82023,11,,,0,24,,78007,11,,,0,30,,78008,11,,,0,72,,78009,11,,,0,29,,82024,11,,,0,70,,78011,11,,,0,33,,78012,11,,,0
400,'5456',602,,88255,11,,,0,22,,88252,11,,,0,18,,88268,11,,,0,63,,88249,11,,,0,15,,88278,11,,,0,15,,88315,11,,,0,16,,88296,11,,,0,51,,88295,5,,,0,4,,88289,11,,,0,6,,88254,5,,,0,5,,88258,11,,,0,4,,88253,11,,,0,10,,88270,5,,,0,5,,88273,11,,,0,7,,88266,5,,,0,7,,88279,11,,,0,6,,88259,5,,,0,48,,88260,11,,,0,7,,88265,5,,,0,7,,88269,11,,,0,12,,88261,11,,,0,13,,88283,11,,,0,14,,88263,11,,,0,54,,88281,11,,,0,13,,88286,11,,,0,13,,88288,11,,,0,13,,88291,11,,,0,53,,88290,11,,,0,14,,88292,11,,,0,14,,88301,11,,,0,14,,88303,11,,,0,13,,88310,11,,,0,54,,88308,11,,,0,13,,88305,11,,,0,14,,88320,11,,,0,13,,88316,11,,,0,55,,88271,11,,,0,15,,88325,11,,,0,4,,88327,4,,,0,9,,88262,11,,,0,14,,88276,11,,,0,54,,88277,11,,,0,12,,88256,11,,,0,13,,88257,11,,,0,13,,88284,11,,,0,14,,88251,11,,,0,54,,88282,11,,,0,18,,88285,11,,,0,18,,88294,11,,,0,57,,88298,11,,,0,17,,88293,11,,,0,19,,88297,11,,,0,15,,88302,11,,,0,57,,88300,11,,,0,19,,88307,11,,,0,15,,88304,11,,,0,13,,88309,11,,,0,52,,88313,11,,,0,14,,88321,11,,,0,15,,88326,11,,,0,14,,88250,11,,,0,54,,88274,11,,,0,15,,88264,11,,,0,15,,88267,11,,,0,15,,88287,11,,,0,55,,88306,11,,,0,15,,88280,11,,,0,16,,88299,11,,,0,17,,88275,11,,,0,57,,88311,11,,,0,15,,88272,11,,,0,16,,88322,11,,,0,58,,88312,11,,,0,20,,88317,11,,,0,20,,88323,11,,,0,62,,88318,11,,,0,24,,88324,11,,,0,29,,88319,11,,,0,68,,88314,11,,,0
400,'5458',602,,88335,11,,,0,22,,88332,11,,,0,18,,88349,11,,,0,63,,88328,11,,,0,15,,88359,11,,,0,15,,88396,11,,,0,16,,88377,11,,,0,51,,88376,5,,,0,4,,88370,11,,,0,6,,88334,5,,,0,5,,88338,11,,,0,4,,88333,11,,,0,10,,88351,5,,,0,5,,88354,11,,,0,7,,88347,5,,,0,7,,88360,11,,,0,6,,88339,5,,,0,48,,88340,11,,,0,7,,88346,5,,,0,7,,88350,11,,,0,12,,88341,11,,,0,13,,88364,11,,,0,14,,88343,11,,,0,54,,88362,11,,,0,13,,88367,11,,,0,13,,88369,11,,,0,13,,88372,11,,,0,53,,88371,11,,,0,14,,88373,11,,,0,14,,88382,11,,,0,14,,88384,11,,,0,13,,88391,11,,,0,54,,88389,11,,,0,13,,88386,11,,,0,14,,88401,11,,,0,13,,88397,11,,,0,55,,88352,11,,,0,15,,88408,11,,,0,4,,88411,4,,,0,9,,88342,11,,,0,14,,88357,11,,,0,54,,88358,11,,,0,12,,88336,11,,,0,13,,88337,11,,,0,13,,88365,11,,,0,14,,88331,11,,,0,54,,88363,11,,,0,18,,88366,11,,,0,18,,88375,11,,,0,57,,88379,11,,,0,17,,88374,11,,,0,19,,88378,11,,,0,15,,88383,11,,,0,57,,88381,11,,,0,19,,88388,11,,,0,15,,88385,11,,,0,13,,88390,11,,,0,52,,88394,11,,,0,14,,88402,11,,,0,15,,88409,11,,,0,14,,88330,11,,,0,54,,88355,11,,,0,15,,88344,11,,,0,15,,88348,11,,,0,15,,88368,11,,,0,55,,88387,11,,,0,15,,88361,11,,,0,16,,88380,11,,,0,17,,88356,11,,,0,57,,88392,11,,,0,15,,88353,11,,,0,16,,88403,11,,,0,58,,88393,11,,,0,20,,88398,11,,,0,20,,88405,11,,,0,62,,88399,11,,,0,24,,88406,11,,,0,29,,88400,11,,,0,68,,88395,11,,,0,30,,88404,11,,,0,70,,88407,11,,,0,30,,88410,11,,,0,70,,88329,11,,,0,30,,88345,11,,,0
400,'5459',649,,88455,11,,,0,66,,88436,11,,,0,20,,88441,11,,,0,20,,88448,11,,,0,60,,88430,11,,,0,18,,88446,11,,,0,18,,88450,11,,,0,56,,88431,11,,,0,16,,88421,11,,,0,16,,88447,11,,,0,16,,88453,11,,,0,56,,88415,11,,,0,16,,88424,11,,,0,15,,88418,11,,,0,16,,88477,11,,,0,57,,88438,11,,,0,15,,88437,11,,,0,16,,88413,11,,,0,55,,88425,11,,,0,15,,88435,11,,,0,15,,88445,11,,,0,15,,88454,11,,,0,55,,88412,11,,,0,16,,88419,11,,,0,16,,88429,11,,,0,16,,88439,11,,,0,56,,88449,11,,,0,16,,88417,11,,,0,15,,88422,11,,,0,16,,88432,11,,,0,56,,88444,11,,,0,16,,88452,11,,,0,16,,88414,11,,,0,16,,88428,11,,,0,55,,88423,11,,,0,16,,88442,11,,,0,16,,88451,11,,,0,15,,88426,11,,,0,56,,88433,11,,,0,16,,88416,11,,,0,16,,88443,11,,,0,55,,88440,11,,,0,16,,88427,11,,,0,16,,88420,11,,,0,18,,88434,11,,,0,58,,88459,11,,,0,18,,88456,11,,,0,18,,88458,11,,,0,58,,88457,11,,,0,17,,88473,11,,,0,17,,88465,11,,,0,18,,88464,11,,,0,58,,88466,11,,,0,18,,88467,11,,,0,18,,88474,11,,,0,58,,88470,11,,,0,25,,88471,11,,,0,23,,88469,11,,,0,70,,88468,11,,,0,30,,88472,11,,,0,70,,88475,11,,,0,30,,88476,11,,,0,68,,88463,11,,,0,30,,88460,11,,,0,70,,88461,11,,,0,30,,88462,11,,,0
400,'5460',756,,88478,11,,,0,70,,88479,11,,,0,32,,88480,11,,,0,71,,88481,11,,,0,29,,88482,11,,,0,70,,88483,11,,,0,20,,88484,11,,,0,61,,88485,11,,,0,20,,88486,11,,,0,20,,88487,11,,,0,60,,88488,11,,,0,20,,88489,11,,,0,21,,88490,11,,,0,60,,88491,11,,,0,20,,88492,11,,,0,20,,88493,11,,,0,60,,88494,11,,,0,19,,88521,11,,,0,18,,88495,11,,,0,56,,88496,11,,,0,16,,88497,11,,,0,16,,88498,11,,,0,16,,88523,11,,,0,56,,88499,11,,,0,16,,88500,11,,,0,16,,88501,11,,,0,16,,88502,11,,,0,56,,88522,11,,,0,15,,88503,11,,,0,17,,88504,11,,,0,57,,88505,11,,,0,18,,88506,11,,,0,17,,88507,11,,,0,17,,88508,11,,,0,58,,88509,11,,,0,18,,88510,11,,,0,18,,88511,11,,,0,58,,88524,11,,,0,17,,88512,11,,,0,20,,88513,11,,,0,60,,88514,11,,,0,24,,88515,11,,,0,30,,88516,11,,,0,72,,88517,11,,,0,29,,88518,11,,,0,70,,88519,11,,,0,81,,88520,11,,,0
400,'5461',756,,88525,11,,,0,70,,88526,11,,,0,32,,88527,11,,,0,71,,88528,11,,,0,29,,88529,11,,,0,70,,88530,11,,,0,20,,88531,11,,,0,61,,88532,11,,,0,20,,88533,11,,,0,20,,88534,11,,,0,60,,88535,11,,,0,20,,88536,11,,,0,21,,88537,11,,,0,60,,88538,11,,,0,20,,88539,11,,,0,20,,88540,11,,,0,60,,88541,11,,,0,19,,88568,11,,,0,18,,88542,11,,,0,56,,88543,11,,,0,16,,88544,11,,,0,16,,88545,11,,,0,16,,88570,11,,,0,56,,88546,11,,,0,16,,88547,11,,,0,16,,88548,11,,,0,16,,88549,11,,,0,56,,88569,11,,,0,15,,88550,11,,,0,17,,88551,11,,,0,57,,88552,11,,,0,18,,88553,11,,,0,17,,88554,11,,,0,17,,88555,11,,,0,58,,88556,11,,,0,18,,88557,11,,,0,18,,88558,11,,,0,58,,88571,11,,,0,17,,88559,11,,,0,20,,88560,11,,,0,60,,88561,11,,,0,24,,88562,11,,,0,30,,88563,11,,,0,72,,88564,11,,,0,29,,88565,11,,,0,70,,88566,11,,,0,81,,88567,11,,,0
400,'5462',756,,88572,11,,,0,70,,88573,11,,,0,32,,88574,11,,,0,71,,88575,11,,,0,29,,88576,11,,,0,70,,88577,11,,,0,20,,88578,11,,,0,61,,88579,11,,,0,20,,88580,11,,,0,20,,88581,11,,,0,60,,88582,11,,,0,20,,88583,11,,,0,21,,88584,11,,,0,60,,88585,11,,,0,20,,88586,11,,,0,20,,88587,11,,,0,60,,88588,11,,,0,19,,88615,11,,,0,18,,88589,11,,,0,56,,88590,11,,,0,16,,88591,11,,,0,16,,88592,11,,,0,16,,88617,11,,,0,56,,88593,11,,,0,16,,88594,11,,,0,16,,88595,11,,,0,16,,88596,11,,,0,56,,88616,11,,,0,15,,88597,11,,,0,17,,88598,11,,,0,57,,88599,11,,,0,18,,88600,11,,,0,17,,88601,11,,,0,17,,88602,11,,,0,58,,88603,11,,,0,18,,88604,11,,,0,18,,88605,11,,,0,58,,88618,11,,,0,17,,88606,11,,,0,20,,88607,11,,,0,60,,88608,11,,,0,24,,88609,11,,,0,30,,88610,11,,,0,72,,88611,11,,,0,29,,88612,11,,,0,70,,88613,11,,,0,81,,88614,11,,,0
400,'5463',756,,88619,11,,,0,70,,88620,11,,,0,32,,88621,11,,,0,71,,88622,11,,,0,29,,88623,11,,,0,70,,88624,11,,,0,20,,88625,11,,,0,61,,88626,11,,,0,20,,88627,11,,,0,20,,88628,11,,,0,60,,88629,11,,,0,20,,88630,11,,,0,21,,88631,11,,,0,60,,88632,11,,,0,20,,88633,11,,,0,20,,88634,11,,,0,60,,88635,11,,,0,19,,88662,11,,,0,18,,88636,11,,,0,56,,88637,11,,,0,16,,88638,11,,,0,16,,88639,11,,,0,16,,88664,11,,,0,56,,88640,11,,,0,16,,88641,11,,,0,16,,88642,11,,,0,16,,88643,11,,,0,56,,88663,11,,,0,15,,88644,11,,,0,17,,88645,11,,,0,57,,88646,11,,,0,18,,88647,11,,,0,17,,88648,11,,,0,17,,88649,11,,,0,58,,88650,11,,,0,18,,88651,11,,,0,18,,88652,11,,,0,58,,88665,11,,,0,17,,88653,11,,,0,20,,88654,11,,,0,60,,88655,11,,,0,24,,88656,11,,,0,30,,88657,11,,,0,72,,88658,11,,,0,29,,88659,11,,,0,70,,88660,11,,,0,81,,88661,11,,,0
900,'5456',713,,90756,16,,,0,14,,90754,16,,,0,16,,90755,35,,,0,15,,90752,16,,,0,68,,90753,35,,,0
900,'5458',713,,90761,16,,,0,14,,90759,16,,,0,16,,90760,35,,,0,15,,90757,16,,,0,68,,90758,35,,,0
