800,'5456',629,,90530,16,,,0,87,,90531,16,,,0,30,,90532,16,,,0,59,,90554,16,,,0,22,,90534,16,,,0,88,,90533,16,,,0,35,,90536,16,,,0,82,,90535,16,,,0,84,,90537,16,,,0,35,,90540,16,,,0,84,,90538,16,,,0,85,,90539,16,,,0,83,,90542,16,,,0,47,,90555,16,0,16,0,54,,90541,16,,,0,42,,90544,16,,,0,84,,90543,16,,,0,72,,90546,16,,,0,34,,90545,16,,,0,72,,90548,16,,,0,32,,90547,16,,,0,71,,90549,16,,,0,95,,90550,16,,,0,43,,90551,16,,,0,97,,90552,16,,,0,83,,90553,16,,,0
800,'5458',629,,90556,16,,,0,87,,90557,16,,,0,30,,90558,16,,,0,59,,90580,16,,,0,22,,90560,16,,,0,88,,90559,16,,,0,35,,90562,16,,,0,82,,90561,16,,,0,84,,90563,16,,,0,35,,90566,16,,,0,84,,90564,16,,,0,85,,90565,16,,,0,83,,90568,16,,,0,47,,90581,16,0,16,0,54,,90567,16,,,0,42,,90570,16,,,0,84,,90569,16,,,0,72,,90572,16,,,0,34,,90571,16,,,0,72,,90574,16,,,0,32,,90573,16,,,0,71,,90575,16,,,0,95,,90576,16,,,0,43,,90577,16,,,0,97,,90578,16,,,0,83,,90579,16,,,0
800,'5459',718,,90588,5,,,0,85,,90589,5,,,0,45,,90590,5,,,0,85,,90583,5,,,0,90,,90584,5,,,0,85,,90582,5,,,0,50,,90585,5,,,0,90,,90586,5,,,0,90,,90587,5,,,0,92,,90591,5,,,0,90,,90592,5,,,0,93,,90593,5,,,0,88,,90594,5,,,0,47,,90595,5,,,0,85,,90596,5,,,0
800,'5460',848,,90598,5,,,0,85,,90599,5,,,0,90,,90600,5,,,0,85,,90601,5,,,0,50,,90602,5,,,0,90,,90597,5,,,0,90,,90603,5,,,0,92,,90604,5,,,0,90,,90605,5,,,0,93,,90606,5,,,0,88,,90607,5,,,0
800,'5461',848,,90609,5,,,0,85,,90610,5,,,0,90,,90611,5,,,0,85,,90612,5,,,0,50,,90613,5,,,0,90,,90608,5,,,0,90,,90614,5,,,0,92,,90615,5,,,0,90,,90616,5,,,0,93,,90617,5,,,0,88,,90618,5,,,0
800,'5462',848,,90620,5,,,0,85,,90621,5,,,0,90,,90622,5,,,0,85,,90623,5,,,0,50,,90624,5,,,0,90,,90619,5,,,0,90,,90625,5,,,0,92,,90626,5,,,0,90,,90627,5,,,0,93,,90628,5,,,0,88,,90629,5,,,0
800,'5463',848,,90631,5,,,0,85,,90632,5,,,0,90,,90633,5,,,0,85,,90634,5,,,0,50,,90635,5,,,0,90,,90630,5,,,0,90,,90636,5,,,0,92,,90637,5,,,0,90,,90638,5,,,0,93,,90639,5,,,0,88,,90640,5,,,0
900,'5456',702,,90756,4,,,0,13,,90754,4,,,0,13,,90755,23,,,0,15,,90752,4,,,0,67,,90753,23,,,0
900,'5458',702,,90761,4,,,0,13,,90759,4,,,0,13,,90760,23,,,0,15,,90757,4,,,0,67,,90758,23,,,0
2500,'5456',551,,94640,4,,,0,74,,94642,4,,,0,29,,94646,4,,,0,77,,94641,4,,,0,70,,94643,4,,,0,55,,94644,4,,,0,144,,94645,4,,,0,101,,94647,4,,,0,100,,94648,4,,,0,58,,94649,4,,,0,100,,94650,4,,,0,177,,94652,4,,,0,87,,94653,4,,,0,97,,94654,4,,,0,102,,94655,4,,,0,101,,94656,4,,,0,121,,94657,4,,,0,167,,94658,4,,,0,134,,94659,4,0,5,0
2500,'5458',551,,94660,4,,,0,74,,94662,4,,,0,29,,94666,4,,,0,77,,94661,4,,,0,70,,94663,4,,,0,55,,94664,4,,,0,144,,94665,4,,,0,101,,94667,4,,,0,100,,94668,4,,,0,58,,94669,4,,,0,100,,94670,4,,,0,177,,94672,4,,,0,87,,94673,4,,,0,97,,94674,4,,,0,102,,94675,4,,,0,101,,94676,4,,,0,121,,94677,4,,,0,167,,94678,4,,,0,134,,94679,4,0,5,0
2500,'5459',735,,94686,4,,,0,109,,94684,4,,,0,112,,94688,4,,,0,101,,94682,4,,,0,100,,94680,4,,,0,98,,94681,4,,,0,100,,94683,4,,,0,99,,94687,4,,,0,100,,94685,4,,,0,101,,94689,4,,,0,102,,94690,4,,,0,165,,94691,4,,,0,121,,94692,4,,,0,170,,94693,4,,,0,130,,94694,4,0,5,0
2500,'5460',726,,94697,4,,,0,127,,94695,4,,,0,168,,94696,4,,,0,130,,94698,4,,,0,172,,94699,4,,,0,129,,94700,4,,,0,173,,94701,4,,,0,129,,94702,4,,,0,171,,94703,4,,,0,122,,94704,4,,,0,168,,94705,4,,,0
2500,'5461',726,,94708,4,,,0,127,,94706,4,,,0,168,,94707,4,,,0,130,,94709,4,,,0,172,,94710,4,,,0,129,,94711,4,,,0,173,,94712,4,,,0,129,,94713,4,,,0,171,,94714,4,,,0,122,,94715,4,,,0,168,,94716,4,,,0
2500,'5462',726,,94719,4,,,0,127,,94717,4,,,0,168,,94718,4,,,0,130,,94720,4,,,0,172,,94721,4,,,0,129,,94722,4,,,0,173,,94723,4,,,0,129,,94724,4,,,0,171,,94725,4,,,0,122,,94726,4,,,0,168,,94727,4,,,0
2500,'5463',726,,94730,4,,,0,127,,94728,4,,,0,168,,94729,4,,,0,130,,94731,4,,,0,172,,94732,4,,,0,129,,94733,4,,,0,173,,94734,4,,,0,129,,94735,4,,,0,171,,94736,4,,,0,122,,94737,4,,,0,168,,94738,4,,,0
2601,'5456',614,,95259,29,,,0,23,,95260,29,,,0,18,,95261,29,,,0,56,,95262,29,,,0,15,,95263,29,,,0,15,,95264,29,,,0,16,,95265,29,,,0,57,,95266,29,,,0,16,,95267,29,,,0,12,,95268,29,,,0,11,,95269,29,,,0,55,,95270,29,,,0,14,,95271,29,,,0,13,,95272,29,,,0,15,,95273,29,,,0,55,,95274,29,,,0,15,,95275,29,,,0,15,,95276,29,,,0,16,,95277,29,,,0,55,,95278,29,,,0,15,,95279,29,,,0,15,,95280,29,,,0,15,,95281,29,,,0,54,,95282,29,,,0,15,,95283,29,,,0,16,,95284,29,,,0,14,,95285,29,,,0,55,,95286,29,,,0,16,,95287,29,,,0,15,,95288,29,,,0,14,,95289,29,,,0,52,,95290,29,,,0,13,,95291,29,,,0,12,,95292,29,,,0,15,,95293,29,,,0,15,,95294,29,,,0,53,,95295,29,,,0,15,,95296,29,,,0,15,,95297,29,,,0,16,,95298,29,,,0,55,,95299,29,,,0,16,,95300,29,,,0,17,,95301,29,,,0,56,,95302,29,,,0,17,,95303,29,,,0,16,,95304,29,,,0,15,,95305,29,,,0,54,,95306,29,,,0,17,,95307,29,,,0,16,,95308,29,,,0,13,,95309,29,,,0,55,,95310,29,,,0,14,,95311,29,,,0,16,,95312,29,,,0,15,,95313,29,,,0,60,,95314,29,,,0,20,,95315,29,,,0,20,,95316,29,,,0,57,,95317,29,,,0,20,,95318,29,,,0,20,,95319,29,,,0,69,,95320,29,,,0,31,,95321,29,,,0,70,,95322,29,,,0,30,,95323,29,,,0,68,,95324,29,,,0,31,,95325,29,,,0
2601,'5458',614,,95326,29,,,0,23,,95327,29,,,0,18,,95328,29,,,0,56,,95329,29,,,0,15,,95330,29,,,0,15,,95331,29,,,0,16,,95332,29,,,0,57,,95333,29,,,0,16,,95334,29,,,0,12,,95335,29,,,0,11,,95336,29,,,0,55,,95337,29,,,0,14,,95338,29,,,0,13,,95339,29,,,0,15,,95340,29,,,0,55,,95341,29,,,0,15,,95342,29,,,0,15,,95343,29,,,0,16,,95344,29,,,0,55,,95345,29,,,0,15,,95346,29,,,0,15,,95347,29,,,0,15,,95348,29,,,0,54,,95349,29,,,0,15,,95350,29,,,0,16,,95351,29,,,0,14,,95352,29,,,0,55,,95353,29,,,0,16,,95354,29,,,0,15,,95355,29,,,0,14,,95356,29,,,0,52,,95357,29,,,0,13,,95358,29,,,0,12,,95359,29,,,0,15,,95360,29,,,0,15,,95361,29,,,0,53,,95362,29,,,0,15,,95363,29,,,0,15,,95364,29,,,0,16,,95365,29,,,0,55,,95366,29,,,0,16,,95367,29,,,0,17,,95368,29,,,0,56,,95369,29,,,0,17,,95370,29,,,0,16,,95371,29,,,0,15,,95372,29,,,0,54,,95373,29,,,0,17,,95374,29,,,0,16,,95375,29,,,0,13,,95376,29,,,0,55,,95377,29,,,0,14,,95378,29,,,0,16,,95379,29,,,0,15,,95380,29,,,0,60,,95381,29,,,0,20,,95382,29,,,0,20,,95383,29,,,0,57,,95384,29,,,0,20,,95385,29,,,0,20,,95386,29,,,0,69,,95387,29,,,0,31,,95388,29,,,0,70,,95389,29,,,0,30,,95390,29,,,0,68,,95391,29,,,0,31,,95392,29,,,0,70,,95393,29,,,0
2601,'5459',639,,95395,29,,,0,70,,95396,29,,,0,26,,95397,29,,,0,17,,95398,29,,,0,57,,95399,29,,,0,17,,95400,29,,,0,18,,95401,29,,,0,59,,95402,29,,,0,18,,95403,29,,,0,17,,95404,29,,,0,18,,95405,29,,,0,57,,95406,29,,,0,17,,95407,29,,,0,17,,95408,29,,,0,57,,95409,29,,,0,18,,95410,29,,,0,17,,95411,29,,,0,18,,95394,29,,,0,57,,95412,29,,,0,17,,95413,29,,,0,17,,95414,29,,,0,57,,95415,29,,,0,17,,95416,29,,,0,16,,95417,29,,,0,17,,95418,29,,,0,57,,95419,29,,,0,17,,95420,29,,,0,17,,95421,29,,,0,57,,95422,29,,,0,16,,95423,29,,,0,16,,95424,29,,,0,16,,95425,29,,,0,55,,95426,29,,,0,17,,95427,29,,,0,17,,95428,29,,,0,17,,95429,29,,,0,56,,95430,29,,,0,17,,95431,29,,,0,18,,95432,29,,,0,60,,95433,29,,,0,20,,95434,29,,,0,20,,95435,29,,,0,59,,95436,29,,,0,20,,95437,29,,,0,20,,95438,29,,,0,58,,95439,29,,,0,20,,95440,29,,,0,19,,95441,29,,,0,60,,95442,29,,,0,19,,95443,29,,,0,20,,95444,29,,,0,60,,95445,29,,,0,20,,95446,29,,,0,21,,95447,29,,,0,70,,95448,29,,,0,30,,95449,29,,,0,69,,95450,29,,,0,30,,95451,29,,,0,72,,95452,29,,,0
2601,'5460',659,,95476,29,,,0,62,,95463,29,,,0,23,,95453,29,,,0,62,,95472,29,,,0,20,,95477,29,,,0,26,,95462,29,,,0,62,,95455,29,,,0,20,,95473,29,,,0,23,,95466,29,,,0,59,,95456,29,,,0,18,,95460,29,,,0,18,,95454,29,,,0,59,,95474,29,,,0,18,,95458,29,,,0,19,,95479,29,,,0,58,,95457,29,,,0,18,,95461,29,,,0,18,,95459,29,,,0,58,,95470,29,,,0,18,,95467,29,,,0,18,,95480,29,,,0,18,,95464,29,,,0,58,,95475,29,,,0,18,,95468,29,,,0,18,,95471,29,,,0,58,,95469,29,,,0,18,,95478,29,,,0,18,,95465,29,,,0,58,,95489,29,,,0,18,,95484,29,,,0,18,,95488,29,,,0,17,,95482,29,,,0,57,,95491,29,,,0,17,,95481,29,,,0,20,,95487,29,,,0,59,,95485,29,,,0,20,,95486,29,,,0,20,,95490,29,,,0,60,,95483,29,,,0,19,,95493,29,,,0,19,,95499,29,,,0,60,,95495,29,,,0,20,,95498,29,,,0,20,,95494,29,,,0,59,,95492,29,,,0,20,,95496,29,,,0,22,,95497,29,,,0,70,,95500,29,,,0,29,,95501,29,,,0,70,,95502,29,,,0,30,,95503,29,,,0
2601,'5461',659,,95527,29,,,0,62,,95514,29,,,0,23,,95504,29,,,0,62,,95523,29,,,0,20,,95528,29,,,0,26,,95513,29,,,0,62,,95506,29,,,0,20,,95524,29,,,0,23,,95517,29,,,0,59,,95507,29,,,0,18,,95511,29,,,0,18,,95505,29,,,0,59,,95525,29,,,0,18,,95509,29,,,0,19,,95530,29,,,0,58,,95508,29,,,0,18,,95512,29,,,0,18,,95510,29,,,0,58,,95521,29,,,0,18,,95518,29,,,0,18,,95531,29,,,0,18,,95515,29,,,0,58,,95526,29,,,0,18,,95519,29,,,0,18,,95522,29,,,0,58,,95520,29,,,0,18,,95529,29,,,0,18,,95516,29,,,0,58,,95540,29,,,0,18,,95535,29,,,0,18,,95539,29,,,0,17,,95533,29,,,0,57,,95542,29,,,0,17,,95532,29,,,0,20,,95538,29,,,0,59,,95536,29,,,0,20,,95537,29,,,0,20,,95541,29,,,0,60,,95534,29,,,0,19,,95544,29,,,0,19,,95550,29,,,0,60,,95546,29,,,0,20,,95549,29,,,0,20,,95545,29,,,0,59,,95543,29,,,0,20,,95547,29,,,0,22,,95548,29,,,0,70,,95551,29,,,0,29,,95552,29,,,0,70,,95553,29,,,0,30,,95554,29,,,0
2601,'5462',659,,95578,29,,,0,62,,95565,29,,,0,23,,95555,29,,,0,62,,95574,29,,,0,20,,95579,29,,,0,26,,95564,29,,,0,62,,95557,29,,,0,20,,95575,29,,,0,23,,95568,29,,,0,59,,95558,29,,,0,18,,95562,29,,,0,18,,95556,29,,,0,59,,95576,29,,,0,18,,95560,29,,,0,19,,95581,29,,,0,58,,95559,29,,,0,18,,95563,29,,,0,18,,95561,29,,,0,58,,95572,29,,,0,18,,95569,29,,,0,18,,95582,29,,,0,18,,95566,29,,,0,58,,95577,29,,,0,18,,95570,29,,,0,18,,95573,29,,,0,58,,95571,29,,,0,18,,95580,29,,,0,18,,95567,29,,,0,58,,95591,29,,,0,18,,95586,29,,,0,18,,95590,29,,,0,17,,95584,29,,,0,57,,95593,29,,,0,17,,95583,29,,,0,20,,95589,29,,,0,59,,95587,29,,,0,20,,95588,29,,,0,20,,95592,29,,,0,60,,95585,29,,,0,19,,95595,29,,,0,19,,95601,29,,,0,60,,95597,29,,,0,20,,95600,29,,,0,20,,95596,29,,,0,59,,95594,29,,,0,20,,95598,29,,,0,22,,95599,29,,,0,70,,95602,29,,,0,29,,95603,29,,,0,70,,95604,29,,,0,30,,95605,29,,,0
2601,'5463',659,,95629,29,,,0,62,,95616,29,,,0,23,,95606,29,,,0,62,,95625,29,,,0,20,,95630,29,,,0,26,,95615,29,,,0,62,,95608,29,,,0,20,,95626,29,,,0,23,,95619,29,,,0,59,,95609,29,,,0,18,,95613,29,,,0,18,,95607,29,,,0,59,,95627,29,,,0,18,,95611,29,,,0,19,,95632,29,,,0,58,,95610,29,,,0,18,,95614,29,,,0,18,,95612,29,,,0,58,,95623,29,,,0,18,,95620,29,,,0,18,,95633,29,,,0,18,,95617,29,,,0,58,,95628,29,,,0,18,,95621,29,,,0,18,,95624,29,,,0,58,,95622,29,,,0,18,,95631,29,,,0,18,,95618,29,,,0,58,,95642,29,,,0,18,,95637,29,,,0,18,,95641,29,,,0,17,,95635,29,,,0,57,,95644,29,,,0,17,,95634,29,,,0,20,,95640,29,,,0,59,,95638,29,,,0,20,,95639,29,,,0,20,,95643,29,,,0,60,,95636,29,,,0,19,,95646,29,,,0,19,,95652,29,,,0,60,,95648,29,,,0,20,,95651,29,,,0,20,,95647,29,,,0,59,,95645,29,,,0,20,,95649,29,,,0,22,,95650,29,,,0,70,,95653,29,,,0,29,,95654,29,,,0,70,,95655,29,,,0,30,,95656,29,,,0
