4700,'5456',659,,98600,42,,,0,65,,98598,42,,,0,27,,98599,42,,,0
4700,'5458',659,,98603,42,,,0,65,,98601,42,,,0,27,,98602,42,,,0
4800,'5456',656,,98610,46,,,0,68,,98611,46,,,0,30,,98612,46,,,0
4800,'5458',656,,98613,46,,,0,68,,98614,46,,,0,30,,98615,46,,,0
5300,'5456',732,,99175,39,,,0
5300,'5458',732,,99186,39,,,0
6100,'5456',601,,100420,66,,,0,42,,100418,66,,,0,16,,100419,66,,,0,61,,100412,66,,,0,25,,100411,66,,,0,59,,100406,66,,,0,19,,100405,66,,,0,26,,100404,66,,,0
6100,'5458',601,,100459,66,,,0,42,,100457,66,,,0,16,,100458,66,,,0,61,,100451,66,,,0,25,,100450,66,,,0,59,,100445,66,,,0,19,,100444,66,,,0,26,,100443,66,,,0
6500,'5456',625,,100802,51,,,0,103,,100801,51,,,0,27,,100800,51,,,0,82,,100799,51,,,0
6500,'5458',625,,100806,51,,,0,103,,100805,51,,,0,27,,100804,51,,,0,82,,100803,51,,,0
