4801,'5456',1703,,98618,31,,,0,28,,98617,31,,,0,27,,98616,31,,,0
4801,'5458',1703,,98621,31,,,0,28,,98620,31,,,0,27,,98619,31,,,0
5201,'4832',718,,85221,13,,,0,30,,85237,13,,,0,70,,85229,13,,,0,31,,85217,13,,,0,70,,85224,13,,,0,30,,85231,13,,,0,71,,85226,13,,,0,30,,85218,13,,,0,70,,85223,13,,,0,30,,85232,13,,,0,70,,85228,13,,,0,35,,85216,13,,,0,70,,85222,13,,,0,75,,85235,13,,,0,35,,85227,13,,,0,75,,85242,13,,,0,30,,85220,13,,,0,70,,85234,13,,,0,30,,85225,13,,,0,70,,85230,13,,,0,30,,85219,13,,,0,70,,85233,13,,,0,39,,85236,13,,,0,100,,85238,13,,,0,100,,85239,13,,,0,100,,85240,13,,,0,100,,85241,13,,,0
5201,'5453',718,,85248,13,,,0,30,,85264,13,,,0,70,,85256,13,,,0,31,,85244,13,,,0,70,,85251,13,,,0,30,,85258,13,,,0,71,,85253,13,,,0,30,,85245,13,,,0,70,,85250,13,,,0,30,,85259,13,,,0,70,,85255,13,,,0,35,,85243,13,,,0,70,,85249,13,,,0,75,,85262,13,,,0,35,,85254,13,,,0,75,,85269,13,,,0,30,,85247,13,,,0,70,,85261,13,,,0,30,,85252,13,,,0,70,,85257,13,,,0,30,,85246,13,,,0,70,,85260,13,,,0,39,,85263,13,,,0,100,,85265,13,,,0,100,,85266,13,,,0,100,,85267,13,,,0,100,,85268,13,,,0
5201,'5456',507,,98955,13,,,0,35,,98954,13,,,0,77,,98957,13,,,0,38,,98956,13,,,0,65,,98965,13,,,0,28,,98958,14,,,0,72,,98982,14,,,0,21,,98985,14,0,28 37 14,0,3,,98959,13,,,0,76,,98960,14,,,0,35,,98961,13,,,0,69,,98983,13,,,0,30,,98963,13,,,0,68,,98962,13,,,0,35,,98964,13,,,0,74,,98981,13,,,0,70,,98967,13,,,0,30,,98966,13,,,0,70,,98987,13,,,0,29,,98968,14,,,0,20,,98991,13,0,38 3 39 49,0,49,,98980,14,,,0,26,,98969,14,,,0,75,,98970,14,,,0,38,,98988,14,,,0,64,,98971,14,,,0,25,,98979,14,,,0,22,,98972,13,,,0,70,,98973,13,,,0,29,,98989,13,,,0,70,,98974,13,,,0,33,,98975,13,,,0,69,,98977,13,,,0,28,,98990,13,,,0,66,,98976,13,0,38 3 39 49,0,35,,98978,13,,,0,98,,98986,13,,,0,99,,98984,13,,,0
5201,'5458',507,,98995,13,,,0,35,,98994,13,,,0,77,,98997,13,,,0,38,,98996,13,,,0,65,,99005,13,,,0,28,,98998,14,,,0,72,,99022,14,,,0,21,,99025,14,0,28 37 14,0,3,,98999,13,,,0,76,,99000,14,,,0,35,,99001,13,,,0,69,,99023,13,,,0,30,,99003,13,,,0,68,,99002,13,,,0,35,,99004,13,,,0,74,,99021,13,,,0,70,,99007,13,,,0,30,,99006,13,,,0,70,,99027,13,,,0,29,,99008,14,,,0,20,,99032,13,0,38 3 39 49,0,49,,99020,14,,,0,26,,99009,14,,,0,75,,99010,14,,,0,38,,99028,14,,,0,64,,99011,14,,,0,25,,99019,14,,,0,22,,99012,13,,,0,70,,99013,13,,,0,29,,99029,13,,,0,70,,99014,13,,,0,33,,99015,13,,,0,69,,99017,13,,,0,28,,99030,13,,,0,66,,99016,13,0,38 3 39 49,0,35,,99018,13,,,0,98,,99026,13,,,0,99,,99024,13,,,0
5201,'5459',648,,99043,13,,,0,70,,99053,13,,,0,30,,99051,13,,,0,71,,99034,13,,,0,30,,99041,13,,,0,70,,99060,13,,,0,30,,99038,13,,,0,71,,99035,13,,,0,30,,99042,13,,,0,70,,99061,13,,,0,30,,99039,13,,,0,71,,99036,13,,,0,35,,99045,13,,,0,70,,99063,13,,,0,75,,99040,13,,,0,35,,99050,13,,,0,75,,99044,13,,,0,30,,99062,13,,,0,70,,99037,13,,,0,30,,99048,13,,,0,65,,99056,13,,,0,25,,99047,13,,,0,24,,99052,13,,,0,65,,99049,13,,,0,30,,99046,13,,,0,69,,99059,13,,,0,32,,99054,13,,,0,70,,99058,13,,,0,30,,99055,13,,,0,65,,99057,13,0,38 3 39 49,0,30,,99064,13,,,0,103,,99065,13,,,0,100,,99066,13,,,0
5201,'5460',718,,99072,13,,,0,30,,99088,13,,,0,70,,99080,13,,,0,31,,99068,13,,,0,70,,99075,13,,,0,30,,99082,13,,,0,71,,99077,13,,,0,30,,99069,13,,,0,70,,99074,13,,,0,30,,99083,13,,,0,70,,99079,13,,,0,35,,99067,13,,,0,70,,99073,13,,,0,75,,99086,13,,,0,35,,99078,13,,,0,75,,99093,13,,,0,30,,99071,13,,,0,70,,99085,13,,,0,30,,99076,13,,,0,70,,99081,13,,,0,30,,99070,13,,,0,70,,99084,13,,,0,39,,99087,13,,,0,100,,99089,13,,,0,100,,99090,13,,,0,100,,99091,13,,,0,100,,99092,13,,,0
5201,'5461',718,,99099,13,,,0,30,,99115,13,,,0,70,,99107,13,,,0,31,,99095,13,,,0,70,,99102,13,,,0,30,,99109,13,,,0,71,,99104,13,,,0,30,,99096,13,,,0,70,,99101,13,,,0,30,,99110,13,,,0,70,,99106,13,,,0,35,,99094,13,,,0,70,,99100,13,,,0,75,,99113,13,,,0,35,,99105,13,,,0,75,,99120,13,,,0,30,,99098,13,,,0,70,,99112,13,,,0,30,,99103,13,,,0,70,,99108,13,,,0,30,,99097,13,,,0,70,,99111,13,,,0,39,,99114,13,,,0,100,,99116,13,,,0,100,,99117,13,,,0,100,,99118,13,,,0,100,,99119,13,,,0
5201,'5462',718,,99126,13,,,0,30,,99142,13,,,0,70,,99134,13,,,0,31,,99122,13,,,0,70,,99129,13,,,0,30,,99136,13,,,0,71,,99131,13,,,0,30,,99123,13,,,0,70,,99128,13,,,0,30,,99137,13,,,0,70,,99133,13,,,0,35,,99121,13,,,0,70,,99127,13,,,0,75,,99140,13,,,0,35,,99132,13,,,0,75,,99147,13,,,0,30,,99125,13,,,0,70,,99139,13,,,0,30,,99130,13,,,0,70,,99135,13,,,0,30,,99124,13,,,0,70,,99138,13,,,0,39,,99141,13,,,0,100,,99143,13,,,0,100,,99144,13,,,0,100,,99145,13,,,0,100,,99146,13,,,0
5201,'5463',718,,99153,13,,,0,30,,99169,13,,,0,70,,99161,13,,,0,31,,99149,13,,,0,70,,99156,13,,,0,30,,99163,13,,,0,71,,99158,13,,,0,30,,99150,13,,,0,70,,99155,13,,,0,30,,99164,13,,,0,70,,99160,13,,,0,35,,99148,13,,,0,70,,99154,13,,,0,75,,99167,13,,,0,35,,99159,13,,,0,75,,99174,13,,,0,30,,99152,13,,,0,70,,99166,13,,,0,30,,99157,13,,,0,70,,99162,13,,,0,30,,99151,13,,,0,70,,99165,13,,,0,39,,99168,13,,,0,100,,99170,13,,,0,100,,99171,13,,,0,100,,99172,13,,,0,100,,99173,13,,,0
6000,'4832',820,,85614,14,,,0,102,,85615,14,,,0,101,,85617,14,,,0,106,,85616,14,,,0,105,,85620,14,,,0,105,,85619,14,,,0,105,,85618,14,,,0,105,,74278,14,,,0,102,,74284,14,,,0,102,,74285,14,,,0,104,,74286,14,,,0,145,,85621,14,,,0,120,,74282,14,,,0
6000,'5453',820,,85622,14,,,0,102,,85623,14,,,0,101,,85625,14,,,0,106,,85624,14,,,0,105,,85629,14,,,0,105,,85628,14,,,0,105,,85627,14,,,0,105,,85626,14,,,0,102,,85632,14,,,0,102,,85633,14,,,0,104,,85634,14,,,0,145,,85631,14,,,0,120,,85630,14,,,0
6000,'5456',647,,100190,14,,,0,73,,100183,14,,,0,31,,100186,14,,,0,106,,100191,14,,,0,101,,100193,14,,,0,101,,100192,14,,,0,97,,100184,14,,,0,103,,100185,14,,,0,142,,100187,14,,,0,109,,100188,14,,,0,31,,100197,15,,,0,72,,100195,14,,,0,41,,100198,14,,,0,82,,100189,14,,,0,82,,100199,14,,,0,40,,100196,14,,,0,143,,100200,14,,,0,104,,100201,14,,,0,114,,100194,14,,,0
6000,'5458',647,,100209,14,,,0,73,,100202,14,,,0,31,,100205,14,,,0,106,,100210,14,,,0,101,,100212,14,,,0,101,,100211,14,,,0,97,,100203,14,,,0,103,,100204,14,,,0,142,,100206,14,,,0,42,,100214,15,,,0,67,,100207,14,,,0,103,,100215,14,,,0,41,,100217,14,,,0,82,,100208,14,,,0,82,,100218,14,,,0,40,,100216,14,,,0,143,,100219,14,,,0,104,,100220,14,,,0,114,,100213,14,,,0
6000,'5459',719,,100233,14,,,0,100,,100234,14,,,0,102,,100232,14,,,0,101,,100231,14,,,0,106,,100230,14,,,0,105,,100229,14,,,0,105,,100228,14,,,0,106,,100227,14,,,0,106,,100225,14,,,0,102,,100226,14,,,0,103,,100221,14,,,0,103,,100222,14,,,0,145,,100223,14,,,0,120,,100224,14,,,0
6000,'5460',820,,100235,14,,,0,102,,100236,14,,,0,101,,100238,14,,,0,106,,100237,14,,,0,105,,100242,14,,,0,105,,100241,14,,,0,105,,100240,14,,,0,105,,100239,14,,,0,102,,100245,14,,,0,102,,100246,14,,,0,104,,100247,14,,,0,145,,100244,14,,,0,120,,100243,14,,,0
6000,'5461',820,,100248,14,,,0,102,,100249,14,,,0,101,,100251,14,,,0,106,,100250,14,,,0,105,,100255,14,,,0,105,,100254,14,,,0,105,,100253,14,,,0,105,,100252,14,,,0,102,,100258,14,,,0,102,,100259,14,,,0,104,,100260,14,,,0,145,,100257,14,,,0,120,,100256,14,,,0
6000,'5462',820,,100261,14,,,0,102,,100262,14,,,0,101,,100264,14,,,0,106,,100263,14,,,0,105,,100268,14,,,0,105,,100267,14,,,0,105,,100266,14,,,0,105,,100265,14,,,0,102,,100271,14,,,0,102,,100272,14,,,0,104,,100273,14,,,0,145,,100270,14,,,0,120,,100269,14,,,0
6000,'5463',820,,100274,14,,,0,102,,100275,14,,,0,101,,100277,14,,,0,106,,100276,14,,,0,105,,100281,14,,,0,105,,100280,14,,,0,105,,100279,14,,,0,105,,100278,14,,,0,102,,100284,14,,,0,102,,100285,14,,,0,104,,100286,14,,,0,145,,100283,14,,,0,120,,100282,14,,,0
6001,'4832',836,,74363,27,0,28 37 14,0,101,,74364,27,0,28 37 14,0,101,,74365,27,0,28 37 14,0,106,,85650,27,0,28 37 14,0,105,,85653,27,0,28 37 14,0,105,,85654,27,0,28 37 14,0,146,,85652,27,0,28 37 14,0,105,,85651,27,0,28 37 14,0,105,,74371,27,0,28 37 14,0,104,,74372,27,0,28 37 14,0,105,,74370,27,0,28 37 14,0,103,,74374,27,0,28 37 14,0,106,,74373,27,0,28 37 14,0
6001,'5453',836,,81002,27,0,28 37 14,0,101,,81003,27,0,28 37 14,0,101,,81004,27,0,28 37 14,0,106,,81001,27,0,28 37 14,0,105,,81007,27,0,28 37 14,0,105,,81008,27,0,28 37 14,0,146,,81006,27,0,28 37 14,0,105,,81005,27,0,28 37 14,0,105,,81010,27,0,28 37 14,0,104,,81011,27,0,28 37 14,0,105,,81009,27,0,28 37 14,0,103,,81013,27,0,28 37 14,0,106,,81012,27,0,28 37 14,0
6001,'5456',727,,100290,27,0,28 37 14,0,78,,100287,27,0,28 37 14,0,34,,100289,27,0,28 37 14,0,78,,100288,27,0,28 37 14,0,92,,100294,27,0,28 37 14,0,101,,100295,27,0,28 37 14,0,102,,100296,27,0,28 37 14,0,103,,100297,27,0,28 37 14,0,111,,100293,27,0,28 37 14,0,97,,100291,27,0,28 37 14,0,90,,100292,27,0,28 37 14,0,44,,100304,27,0,28 37 14,0,81,,100303,27,0,28 37 14,0,85,,100298,27,0,28 37 14,0,100,,100299,27,0,28 37 14,0,99,,100300,27,0,28 37 14,0,110,,100301,27,0,28 37 14,0,106,,100302,27,0,28 37 14,0
6001,'5458',727,,100308,27,0,28 37 14,0,78,,100305,27,0,28 37 14,0,34,,100307,27,0,28 37 14,0,78,,100306,27,0,28 37 14,0,92,,100312,27,0,28 37 14,0,101,,100313,27,0,28 37 14,0,102,,100314,27,0,28 37 14,0,103,,100315,27,0,28 37 14,0,111,,100311,27,0,28 37 14,0,97,,100309,27,0,28 37 14,0,90,,100310,27,0,28 37 14,0,44,,100322,27,0,28 37 14,0,81,,100321,27,0,28 37 14,0,85,,100316,27,0,28 37 14,0,100,,100317,27,0,28 37 14,0,99,,100318,27,0,28 37 14,0,110,,100319,27,0,28 37 14,0,106,,100320,27,0,28 37 14,0
6001,'5459',736,,100334,27,0,28 37 14,0,101,,100335,27,0,28 37 14,0,101,,100336,27,0,28 37 14,0,101,,100333,27,0,28 37 14,0,105,,100332,27,0,28 37 14,0,105,,100331,27,0,28 37 14,0,106,,100330,27,0,28 37 14,0,145,,100329,27,0,28 37 14,0,104,,100328,27,0,28 37 14,0,105,,100327,27,0,28 37 14,0,105,,100326,27,0,28 37 14,0,105,,100325,27,0,28 37 14,0,103,,100324,27,0,28 37 14,0,107,,100323,27,0,28 37 14,0
6001,'5460',836,,100338,27,0,28 37 14,0,101,,100339,27,0,28 37 14,0,101,,100340,27,0,28 37 14,0,106,,100337,27,0,28 37 14,0,105,,100343,27,0,28 37 14,0,105,,100344,27,0,28 37 14,0,146,,100342,27,0,28 37 14,0,105,,100341,27,0,28 37 14,0,105,,100346,27,0,28 37 14,0,104,,100347,27,0,28 37 14,0,105,,100345,27,0,28 37 14,0,103,,100349,27,0,28 37 14,0,106,,100348,27,0,28 37 14,0
6001,'5461',836,,100351,27,0,28 37 14,0,101,,100352,27,0,28 37 14,0,101,,100353,27,0,28 37 14,0,106,,100350,27,0,28 37 14,0,105,,100356,27,0,28 37 14,0,105,,100357,27,0,28 37 14,0,146,,100355,27,0,28 37 14,0,105,,100354,27,0,28 37 14,0,105,,100359,27,0,28 37 14,0,104,,100360,27,0,28 37 14,0,105,,100358,27,0,28 37 14,0,103,,100362,27,0,28 37 14,0,106,,100361,27,0,28 37 14,0
6001,'5462',836,,100364,27,0,28 37 14,0,101,,100365,27,0,28 37 14,0,101,,100366,27,0,28 37 14,0,106,,100363,27,0,28 37 14,0,105,,100369,27,0,28 37 14,0,105,,100370,27,0,28 37 14,0,146,,100368,27,0,28 37 14,0,105,,100367,27,0,28 37 14,0,105,,100372,27,0,28 37 14,0,104,,100373,27,0,28 37 14,0,105,,100371,27,0,28 37 14,0,103,,100375,27,0,28 37 14,0,106,,100374,27,0,28 37 14,0
6001,'5463',836,,100377,27,0,28 37 14,0,101,,100378,27,0,28 37 14,0,101,,100379,27,0,28 37 14,0,106,,100376,27,0,28 37 14,0,105,,100382,27,0,28 37 14,0,105,,100383,27,0,28 37 14,0,146,,100381,27,0,28 37 14,0,105,,100380,27,0,28 37 14,0,105,,100385,27,0,28 37 14,0,104,,100386,27,0,28 37 14,0,105,,100384,27,0,28 37 14,0,103,,100388,27,0,28 37 14,0,106,,100387,27,0,28 37 14,0
