6100,'5456',524,,100420,29,,,0,76,,100418,29,,,0,12,,100419,29,,,0,21,,100412,29,,,0,20,,100411,29,,,0,60,,100406,29,,,0,19,,100405,29,,,0,68,,100404,29,,,0,19,,100424,11,0,30 14,0,81,,100417,11,0,30 14,0,36,,100413,11,0,30 14,0,64,,100422,11,0,30 14,0,36,,100407,11,0,30 14,0,88,,100414,11,0,30 14,0,76,,100421,11,0,30 14,0,35,,100408,11,0,30 14,0,74,,100415,11,0,30 14,0,39,,100423,11,0,30 14,0,69,,100409,11,0,30 14,0,39,,100416,11,0,30 14,0,73,,100403,11,0,30 14,0,27,,100425,11,0,30 14,0,55,,100402,11,0,30 14,0,27,,100401,11,0,30 14,0,79,,100398,11,0,30 14,0,30,,100410,11,0,30 14,0,65,,100400,11,0,30 14,0,28,,100393,11,0,30 14,0,72,,100392,11,0,30 14,0,31,,100399,11,0,30 14,0,70,,100394,11,0,30 14,0,95,,100389,11,0,30 14,0,41,,100395,11,0,30 14,0,104,,100390,11,0,30 14,0,73,,100396,11,0,30 14,0,100,,100391,11,0,30 14,0,75,,100397,11,0,30 14,0
6100,'5458',524,,100459,29,,,0,76,,100457,29,,,0,12,,100458,29,,,0,21,,100451,29,,,0,20,,100450,29,,,0,60,,100445,29,,,0,19,,100444,29,,,0,68,,100443,29,,,0,19,,100463,11,0,30 14,0,81,,100456,11,0,30 14,0,36,,100452,11,0,30 14,0,64,,100461,11,0,30 14,0,36,,100446,11,0,30 14,0,88,,100453,11,0,30 14,0,76,,100460,11,0,30 14,0,35,,100447,11,0,30 14,0,74,,100454,11,0,30 14,0,39,,100462,11,0,30 14,0,69,,100448,11,0,30 14,0,27,,100442,11,0,30 14,0,12,,100455,11,0,30 14,0,73,,100441,11,0,30 14,0,82,,100440,11,0,30 14,0,27,,100439,11,0,30 14,0,79,,100436,11,0,30 14,0,30,,100449,11,0,30 14,0,65,,100438,11,0,30 14,0,28,,100431,11,0,30 14,0,72,,100430,11,0,30 14,0,31,,100437,11,0,30 14,0,70,,100432,11,0,30 14,0,95,,100427,11,0,30 14,0,41,,100433,11,0,30 14,0,104,,100428,11,0,30 14,0,73,,100434,11,0,30 14,0,100,,100429,11,0,30 14,0,75,,100435,11,0,30 14,0,100,,100426,11,0,30,0
6100,'5459',637,,100465,11,0,30 14,0,99,,100466,11,0,30 14,0,82,,100464,11,0,30 14,0,97,,100467,11,0,30 14,0,95,,100468,11,0,30 14,0,42,,100469,11,0,30 14,0,75,,100470,11,0,30 14,0,87,,100471,11,0,30 14,0,35,,100472,11,0,30 14,0,75,,100473,11,0,30 14,0,76,,100474,11,0,30 14,0,37,,100475,11,0,30 14,0,77,,100476,11,0,30 14,0,37,,100477,11,0,30 14,0,66,,100478,11,0,30 14,0,38,,100479,11,0,30 14,0,81,,100480,11,0,30 14,0,72,,100481,11,0,30 14,0,31,,100482,11,0,30 14,0,71,,100483,11,0,30 14,0,33,,100484,11,0,30 14,0,83,,100485,11,0,30 14,0,81,,100486,11,0,30 14,0,41,,100487,11,0,30 14,0,104,,100488,11,0,30 14,0,73,,100489,11,0,30 14,0,100,,100490,11,0,30 14,0,78,,100491,11,0,30,0,100,,100492,11,0,30,0
6100,'5460',641,,100493,11,0,30 14,0,104,,100494,11,0,30 14,0,83,,100495,11,0,30 14,0,95,,100496,11,0,30 14,0,82,,100497,11,0,30 14,0,46,,100498,11,0,30 14,0,97,,100499,11,0,30 14,0,82,,100500,11,0,30 14,0,101,,100501,11,0,30 14,0,94,,100502,11,0,30 14,0,103,,100503,11,0,30 14,0,79,,100504,11,0,30 14,0,102,,100505,11,0,30 14,0,46,,100506,11,0,30 14,0,103,,100507,11,0,30 14,0,86,,100508,11,0,30 14,0,86,,100509,11,0,30 14,0,101,,100510,11,0,30 14,0,94,,100511,11,0,30 14,0,101,,100512,11,0,30 14,0,75,,100513,11,0,30,0
6100,'5461',641,,100514,11,0,30 14,0,104,,100515,11,0,30 14,0,83,,100516,11,0,30 14,0,95,,100517,11,0,30 14,0,82,,100518,11,0,30 14,0,46,,100519,11,0,30 14,0,97,,100520,11,0,30 14,0,82,,100521,11,0,30 14,0,101,,100522,11,0,30 14,0,94,,100523,11,0,30 14,0,103,,100524,11,0,30 14,0,79,,100525,11,0,30 14,0,102,,100526,11,0,30 14,0,46,,100527,11,0,30 14,0,103,,100528,11,0,30 14,0,86,,100529,11,0,30 14,0,86,,100530,11,0,30 14,0,101,,100531,11,0,30 14,0,94,,100532,11,0,30 14,0,101,,100533,11,0,30 14,0,75,,100534,11,0,30,0
6100,'5462',641,,100535,11,0,30 14,0,104,,100536,11,0,30 14,0,83,,100537,11,0,30 14,0,95,,100538,11,0,30 14,0,82,,100539,11,0,30 14,0,46,,100540,11,0,30 14,0,97,,100541,11,0,30 14,0,82,,100542,11,0,30 14,0,101,,100543,11,0,30 14,0,94,,100544,11,0,30 14,0,103,,100545,11,0,30 14,0,79,,100546,11,0,30 14,0,102,,100547,11,0,30 14,0,46,,100548,11,0,30 14,0,103,,100549,11,0,30 14,0,86,,100550,11,0,30 14,0,86,,100551,11,0,30 14,0,101,,100552,11,0,30 14,0,94,,100553,11,0,30 14,0,101,,100554,11,0,30 14,0,75,,100555,11,0,30,0
6100,'5463',641,,100556,11,0,30 14,0,104,,100557,11,0,30 14,0,83,,100558,11,0,30 14,0,95,,100559,11,0,30 14,0,82,,100560,11,0,30 14,0,46,,100561,11,0,30 14,0,97,,100562,11,0,30 14,0,82,,100563,11,0,30 14,0,101,,100564,11,0,30 14,0,94,,100565,11,0,30 14,0,103,,100566,11,0,30 14,0,79,,100567,11,0,30 14,0,102,,100568,11,0,30 14,0,46,,100569,11,0,30 14,0,103,,100570,11,0,30 14,0,86,,100571,11,0,30 14,0,86,,100572,11,0,30 14,0,101,,100573,11,0,30 14,0,94,,100574,11,0,30 14,0,101,,100575,11,0,30 14,0,75,,100576,11,0,30,0
6400,'5456',856,,100776,11,0,32 33,0,295,,100775,26,,,0,372,,100773,26,0,32 33,0,208,,100774,11,,,0
6400,'5458',856,,100783,11,0,32 33,0,295,,100782,26,,,0,372,,100780,26,0,32 33,0,208,,100781,11,,,0
6500,'5456',544,,100802,20,,,0,94,,100801,20,,,0,21,,100800,20,,,0,83,,100799,20,,,0
6500,'5458',544,,100806,20,,,0,94,,100805,20,,,0,21,,100804,20,,,0,83,,100803,20,,,0
