701,'5456',614,,90301,13,,,0,30,,90316,13,,,0,64,,90303,13,,,0,15,,90330,13,,,0,17,,90302,13,,,0,10,,90343,13,,,0,6,,90338,13,,,0,50,,90344,13,,,0,7,,90324,13,,,0,10,,90345,13,,,0,8,,90305,13,,,0,16,,90327,13,,,0,57,,90317,13,,,0,15,,90336,13,,,0,19,,90306,13,,,0,20,,90307,13,,,0,60,,90340,13,,,0,19,,90323,13,,,0,21,,90304,13,,,0,60,,90328,13,,,0,21,,90334,13,,,0,20,,90308,13,,,0,60,,90309,13,,,0,25,,90342,13,,,0,60,,90325,13,,,0,20,,90311,13,,,0,21,,90329,13,,,0,59,,90335,13,,,0,21,,90310,13,,,0,22,,90312,13,,,0,62,,90346,13,,,0,20,,90339,13,,,0,19,,90318,13,,,0,54,,90313,13,,,0,24,,90348,13,,,0,19,,90326,13,,,0,57,,90331,13,,,0,20,,90314,13,,,0,14,,90315,13,,,0,16,,90347,13,,,0,58,,90337,13,,,0,19,,90320,13,,,0,17,,90321,13,,,0,70,,90332,13,,,0,30,,90319,13,,,0,70,,90341,13,,,0,29,,90322,13,,,0,70,,90333,13,,,0
701,'5458',614,,90349,13,,,0,30,,90364,13,,,0,64,,90351,13,,,0,15,,90378,13,,,0,17,,90350,13,,,0,10,,90391,13,,,0,6,,90386,13,,,0,50,,90392,13,,,0,7,,90372,13,,,0,10,,90393,13,,,0,8,,90353,13,,,0,16,,90375,13,,,0,57,,90365,13,,,0,15,,90384,13,,,0,19,,90354,13,,,0,20,,90355,13,,,0,60,,90388,13,,,0,19,,90371,13,,,0,21,,90352,13,,,0,60,,90376,13,,,0,21,,90382,13,,,0,20,,90356,13,,,0,60,,90357,13,,,0,25,,90390,13,,,0,60,,90373,13,,,0,20,,90359,13,,,0,21,,90377,13,,,0,59,,90383,13,,,0,21,,90358,13,,,0,22,,90360,13,,,0,62,,90394,13,,,0,20,,90387,13,,,0,19,,90366,13,,,0,54,,90361,13,,,0,24,,90396,13,,,0,19,,90374,13,,,0,57,,90379,13,,,0,20,,90362,13,,,0,14,,90363,13,,,0,16,,90395,13,,,0,58,,90385,13,,,0,19,,90368,13,,,0,17,,90369,13,,,0,70,,90380,13,,,0,30,,90367,13,,,0,70,,90389,13,,,0,29,,90370,13,,,0,70,,90381,13,,,0
701,'5459',704,,90424,13,,,0,30,,90408,13,,,0,73,,90417,13,,,0,31,,90401,13,,,0,70,,90425,13,,,0,29,,90409,13,,,0,72,,90418,13,,,0,27,,90397,13,,,0,70,,90399,13,,,0,29,,90419,13,,,0,71,,90405,13,,,0,29,,90412,13,,,0,68,,90398,13,,,0,30,,90400,13,,,0,70,,90420,13,,,0,30,,90404,13,,,0,70,,90413,13,,,0,31,,90402,13,,,0,70,,90403,13,,,0,33,,90421,13,,,0,70,,90406,13,,,0,29,,90415,13,,,0,71,,90407,13,,,0,29,,90410,13,,,0,69,,90422,13,,,0,30,,90411,13,,,0,76,,90416,13,,,0,36,,90414,13,,,0,68,,90423,13,,,0
701,'5460',713,,90438,13,,,0,40,,90427,13,,,0,80,,90439,13,,,0,76,,90440,13,,,0,25,,90426,13,,,0,69,,90428,13,,,0,31,,90441,13,,,0,69,,90429,13,,,0,30,,90444,13,,,0,69,,90430,13,,,0,31,,90431,13,,,0,70,,90443,13,,,0,28,,90442,13,,,0,70,,90445,13,,,0,30,,90446,13,,,0,69,,90433,13,,,0,31,,90434,13,,,0,73,,90436,13,,,0,32,,90435,13,,,0,69,,90432,13,,,0,30,,90437,13,,,0,69,,90447,13,,,0,32,,90448,13,,,0,75,,90449,13,,,0,34,,90451,13,,,0,69,,90450,13,,,0
701,'5461',713,,90464,13,,,0,40,,90453,13,,,0,80,,90465,13,,,0,76,,90466,13,,,0,25,,90452,13,,,0,69,,90454,13,,,0,31,,90467,13,,,0,69,,90455,13,,,0,30,,90470,13,,,0,69,,90456,13,,,0,31,,90457,13,,,0,70,,90469,13,,,0,28,,90468,13,,,0,70,,90471,13,,,0,30,,90472,13,,,0,69,,90459,13,,,0,31,,90460,13,,,0,73,,90462,13,,,0,32,,90461,13,,,0,69,,90458,13,,,0,30,,90463,13,,,0,69,,90473,13,,,0,32,,90474,13,,,0,75,,90475,13,,,0,34,,90477,13,,,0,69,,90476,13,,,0
701,'5462',713,,90490,13,,,0,40,,90479,13,,,0,80,,90491,13,,,0,76,,90492,13,,,0,25,,90478,13,,,0,69,,90480,13,,,0,31,,90493,13,,,0,69,,90481,13,,,0,30,,90496,13,,,0,69,,90482,13,,,0,31,,90483,13,,,0,70,,90495,13,,,0,28,,90494,13,,,0,70,,90497,13,,,0,30,,90498,13,,,0,69,,90485,13,,,0,31,,90486,13,,,0,73,,90488,13,,,0,32,,90487,13,,,0,69,,90484,13,,,0,30,,90489,13,,,0,69,,90499,13,,,0,32,,90500,13,,,0,75,,90501,13,,,0,34,,90503,13,,,0,69,,90502,13,,,0
701,'5463',713,,90516,13,,,0,40,,90505,13,,,0,80,,90517,13,,,0,76,,90518,13,,,0,25,,90504,13,,,0,69,,90506,13,,,0,31,,90519,13,,,0,69,,90507,13,,,0,30,,90522,13,,,0,69,,90508,13,,,0,31,,90509,13,,,0,70,,90521,13,,,0,28,,90520,13,,,0,70,,90523,13,,,0,30,,90524,13,,,0,69,,90511,13,,,0,31,,90512,13,,,0,73,,90514,13,,,0,32,,90513,13,,,0,69,,90510,13,,,0,30,,90515,13,,,0,69,,90525,13,,,0,32,,90526,13,,,0,75,,90527,13,,,0,34,,90529,13,,,0,69,,90528,13,,,0
14000701,'5456',2146,,103974,18,,,0,72,,103978,18,,,0,28,,103973,18,,,0,70,,103976,18,,,0,36,,103975,18,,,0,68,,103977,18,,,0
14000701,'5458',2146,,103980,18,,,0,72,,103984,18,,,0,28,,103979,18,,,0,70,,103982,18,,,0,36,,103981,18,,,0,68,,103983,18,,,0
14000701,'5459',2147,,103985,18,,,0,72,,103986,18,,,0,30,,103988,18,,,0,69,,103987,18,,,0,35,,103989,18,,,0,67,,103990,18,,,0
14000701,'5460',2046,,103991,18,,,0,70,,103993,18,,,0,40,,103992,18,,,0,62,,103994,18,,,0,99,,103995,18,,,0,103,,103996,18,,,0
14000701,'5461',2046,,103997,18,,,0,70,,103999,18,,,0,40,,103998,18,,,0,62,,104000,18,,,0,99,,104001,18,,,0,103,,104002,18,,,0
14000701,'5462',2046,,104003,18,,,0,70,,104005,18,,,0,40,,104004,18,,,0,62,,104006,18,,,0,99,,104007,18,,,0,103,,104008,18,,,0
14000701,'5463',2046,,104009,18,,,0,70,,104011,18,,,0,40,,104010,18,,,0,62,,104012,18,,,0,99,,104013,18,,,0,103,,104014,18,,,0
