1100,'5456',555,,90998,12,,,0,70,,91001,12,,,0,21,,90994,12,,,0,57,,91008,12,,,0,18,,90996,12,,,0,17,,91005,12,,,0,15,,91021,12,,,0,55,,90997,12,,,0,18,,91014,12,,,0,18,,91000,12,,,0,61,,90999,12,,,0,26,,91010,12,,,0,25,,91002,12,,,0,65,,91018,12,,,0,25,,91003,12,,,0,65,,91004,12,,,0,24,,91006,12,,,0,65,,91009,12,,,0,25,,91007,12,,,0,25,,91019,12,,,0,67,,91011,12,,,0,24,,91012,12,,,0,18,,91025,12,,,0,57,,91013,12,,,0,17,,91015,12,,,0,18,,91043,12,,,0,57,,91016,12,,,0,21,,91020,12,,,0,19,,91038,12,,,0,59,,91017,12,,,0,19,,91022,12,,,0,18,,91026,12,,,0,57,,91024,12,,,0,18,,91023,12,,,0,17,,91042,12,,,0,18,,91028,12,,,0,55,,91027,12,,,0,18,,91041,12,,,0,19,,91029,12,,,0,66,,91030,12,,,0,30,,91031,12,,,0,75,,91032,12,,,0,30,,91040,12,,,0,75,,91034,12,,,0,30,,91033,12,,,0,74,,91035,12,,,0,30,,91039,12,,,0,71,,91036,12,,,0,84,,91037,12,,,0
1100,'5458',555,,91048,12,,,0,70,,91051,12,,,0,21,,91044,12,,,0,57,,91058,12,,,0,18,,91046,12,,,0,17,,91055,12,,,0,15,,91071,12,,,0,55,,91047,12,,,0,18,,91064,12,,,0,18,,91050,12,,,0,61,,91049,12,,,0,26,,91060,12,,,0,25,,91052,12,,,0,65,,91068,12,,,0,25,,91053,12,,,0,65,,91054,12,,,0,24,,91056,12,,,0,65,,91059,12,,,0,25,,91057,12,,,0,25,,91069,12,,,0,67,,91061,12,,,0,24,,91062,12,,,0,18,,91075,12,,,0,57,,91063,12,,,0,17,,91065,12,,,0,18,,91093,12,,,0,57,,91066,12,,,0,21,,91070,12,,,0,19,,91088,12,,,0,59,,91067,12,,,0,19,,91072,12,,,0,18,,91076,12,,,0,57,,91074,12,,,0,18,,91073,12,,,0,17,,91092,12,,,0,18,,91078,12,,,0,55,,91077,12,,,0,18,,91091,12,,,0,19,,91079,12,,,0,66,,91080,12,,,0,30,,91081,12,,,0,75,,91082,12,,,0,30,,91090,12,,,0,75,,91084,12,,,0,30,,91083,12,,,0,74,,91085,12,,,0,30,,91089,12,,,0,71,,91086,12,,,0,84,,91087,12,,,0
1100,'5459',712,,91124,12,,,0,35,,91108,12,,,0,76,,91094,12,,,0,30,,91098,12,,,0,70,,91125,12,,,0,30,,91116,12,,,0,65,,91103,12,,,0,25,,91095,12,,,0,65,,91101,12,,,0,27,,91113,12,,,0,65,,91097,12,,,0,25,,91111,12,,,0,24,,91105,12,,,0,64,,91096,12,,,0,25,,91099,12,,,0,65,,91112,12,,,0,25,,91104,12,,,0,25,,91115,12,,,0,67,,91107,12,,,0,25,,91102,12,,,0,65,,91106,12,,,0,25,,91123,12,,,0,24,,91100,12,,,0,64,,91114,12,,,0,25,,91126,12,,,0,65,,91117,12,,,0,25,,91109,12,,,0,64,,91110,12,,,0,25,,91119,12,,,0,25,,91121,12,,,0,65,,91118,12,,,0,30,,91120,12,,,0,70,,91122,12,,,0,34,,91127,12,,,0,75,,91128,12,,,0,30,,91129,12,,,0,70,,91130,12,,,0,80,,91131,12,,,0
1100,'5460',727,,91133,12,,,0,80,,91132,12,,,0,40,,91135,12,,,0,70,,91134,12,,,0,31,,91137,12,,,0,75,,91136,12,,,0,35,,91141,12,,,0,70,,91139,12,,,0,30,,91138,12,,,0,70,,91140,12,,,0,30,,91144,12,,,0,70,,91145,12,,,0,30,,91143,12,,,0,70,,91142,12,,,0,30,,91148,12,,,0,70,,91147,12,,,0,30,,91146,12,,,0,70,,91150,12,,,0,30,,91151,12,,,0,70,,91149,12,,,0,29,,91152,12,,,0,70,,91153,12,,,0,30,,91155,12,,,0,85,,91154,12,,,0,85,,91156,12,,,0,84,,91157,12,,,0,40,,91158,12,,,0,85,,91159,12,,,0,85,,91160,12,,,0
1100,'5461',727,,91162,12,,,0,80,,91161,12,,,0,40,,91164,12,,,0,70,,91163,12,,,0,31,,91166,12,,,0,75,,91165,12,,,0,35,,91170,12,,,0,70,,91168,12,,,0,30,,91167,12,,,0,70,,91169,12,,,0,30,,91173,12,,,0,70,,91174,12,,,0,30,,91172,12,,,0,70,,91171,12,,,0,30,,91177,12,,,0,70,,91176,12,,,0,30,,91175,12,,,0,70,,91179,12,,,0,30,,91180,12,,,0,70,,91178,12,,,0,29,,91181,12,,,0,70,,91182,12,,,0,30,,91184,12,,,0,85,,91183,12,,,0,85,,91185,12,,,0,84,,91186,12,,,0,40,,91187,12,,,0,85,,91188,12,,,0,85,,91189,12,,,0
1100,'5462',727,,91191,12,,,0,80,,91190,12,,,0,40,,91193,12,,,0,70,,91192,12,,,0,31,,91195,12,,,0,75,,91194,12,,,0,35,,91199,12,,,0,70,,91197,12,,,0,30,,91196,12,,,0,70,,91198,12,,,0,30,,91202,12,,,0,70,,91203,12,,,0,30,,91201,12,,,0,70,,91200,12,,,0,30,,91206,12,,,0,70,,91205,12,,,0,30,,91204,12,,,0,70,,91208,12,,,0,30,,91209,12,,,0,70,,91207,12,,,0,29,,91210,12,,,0,70,,91211,12,,,0,30,,91213,12,,,0,85,,91212,12,,,0,85,,91214,12,,,0,84,,91215,12,,,0,40,,91216,12,,,0,85,,91217,12,,,0,85,,91218,12,,,0
1100,'5463',727,,91220,12,,,0,80,,91219,12,,,0,40,,91222,12,,,0,70,,91221,12,,,0,31,,91224,12,,,0,75,,91223,12,,,0,35,,91228,12,,,0,70,,91226,12,,,0,30,,91225,12,,,0,70,,91227,12,,,0,30,,91231,12,,,0,70,,91232,12,,,0,30,,91230,12,,,0,70,,91229,12,,,0,30,,91235,12,,,0,70,,91234,12,,,0,30,,91233,12,,,0,70,,91237,12,,,0,30,,91238,12,,,0,70,,91236,12,,,0,29,,91239,12,,,0,70,,91240,12,,,0,30,,91242,12,,,0,85,,91241,12,,,0,85,,91243,12,,,0,84,,91244,12,,,0,40,,91245,12,,,0,85,,91246,12,,,0,85,,91247,12,,,0
2400,'5456',616,,94437,11,,,0,33,,94438,11,,,0,74,,94439,11,,,0,102,,94440,11,,,0,113,,94442,11,,,0,100,,94441,11,,,0,101,,94443,11,,,0,99,,94444,11,,,0,100,,94445,11,,,0,99,,94446,11,,,0,86,,94447,11,,,0,81,,94448,11,,,0,54,,94449,11,,,0,98,,94450,11,,,0,103,,94451,11,,,0,150,,94452,11,,,0,124,,94453,11,,,0,172,,94454,11,,,0,131,,94455,11,,,0
2400,'5458',616,,94456,11,,,0,33,,94457,11,,,0,74,,94458,11,,,0,102,,94459,11,,,0,113,,94461,11,,,0,100,,94460,11,,,0,101,,94462,11,,,0,99,,94463,11,,,0,100,,94464,11,,,0,99,,94465,11,,,0,86,,94466,11,,,0,81,,94467,11,,,0,54,,94468,11,,,0,98,,94469,11,,,0,103,,94470,11,,,0,150,,94471,11,,,0,124,,94472,11,,,0,172,,94473,11,,,0,131,,94474,11,,,0
2400,'5459',658,,94479,11,,,0,162,,94477,11,,,0,104,,94475,11,,,0,111,,94476,11,,,0,100,,94478,11,,,0,98,,94484,11,,,0,98,,94481,11,,,0,99,,94480,11,,,0,101,,94483,11,,,0,97,,94482,11,,,0,104,,94485,11,,,0,113,,94486,11,,,0,165,,94487,11,,,0,125,,94488,11,,,0,170,,94489,11,,,0
2400,'5460',818,,94490,11,,,0,127,,94493,11,,,0,169,,94492,11,,,0,132,,94494,11,,,0,169,,94495,11,,,0,132,,94496,11,,,0,170,,94497,11,,,0,129,,94498,11,,,0,167,,94499,11,,,0,125,,94500,11,,,0,168,,94501,11,,,0
2400,'5461',818,,94502,11,,,0,127,,94505,11,,,0,169,,94504,11,,,0,132,,94506,11,,,0,169,,94507,11,,,0,132,,94508,11,,,0,170,,94509,11,,,0,129,,94510,11,,,0,167,,94511,11,,,0,125,,94512,11,,,0,168,,94513,11,,,0
2400,'5462',818,,94514,11,,,0,127,,94517,11,,,0,169,,94516,11,,,0,132,,94518,11,,,0,169,,94519,11,,,0,132,,94520,11,,,0,170,,94521,11,,,0,129,,94522,11,,,0,167,,94523,11,,,0,125,,94524,11,,,0,168,,94525,11,,,0
2400,'5463',818,,94526,11,,,0,127,,94529,11,,,0,169,,94528,11,,,0,132,,94530,11,,,0,169,,94531,11,,,0,132,,94532,11,,,0,170,,94533,11,,,0,129,,94534,11,,,0,167,,94535,11,,,0,125,,94536,11,,,0,168,,94537,11,,,0
4001,'5456',608,,98453,24,,,0,97,,98451,24,,,0,28,,98452,24,,,0,97,,98450,24,,,0,94,,98446,24,,,0,99,,98444,24,,,0,100,,98449,24,,,0,104,,98439,24,,,0,102,,98445,24,,,0,100,,98438,24,,,0,109,,98448,24,,,0,75,,98436,24,,,0,35,,98437,24,,,0,73,,98435,24,,,0,33,,98447,24,,,0,83,,98441,24,,,0,94,,98443,24,,,0,99,,98440,24,,,0,124,,98442,24,,,0
4001,'5458',608,,98472,24,,,0,97,,98470,24,,,0,28,,98471,24,,,0,97,,98469,24,,,0,94,,98465,24,,,0,99,,98463,24,,,0,100,,98468,24,,,0,104,,98458,24,,,0,102,,98464,24,,,0,100,,98457,24,,,0,109,,98467,24,,,0,75,,98455,24,,,0,35,,98456,24,,,0,73,,98454,24,,,0,33,,98466,24,,,0,83,,98460,24,,,0,94,,98462,24,,,0,99,,98459,24,,,0,124,,98461,24,,,0
4001,'5459',644,,98482,24,,,0,168,,98485,24,,,0,101,,98473,24,,,0,100,,98475,24,,,0,101,,98481,24,,,0,101,,98483,24,,,0,100,,98474,24,,,0,101,,98476,24,,,0,100,,98479,24,,,0,100,,98484,24,,,0,100,,98477,24,,,0,97,,98478,24,,,0,99,,98480,24,,,0,98,,98486,24,,,0,130,,98487,24,,,0
4001,'5460',740,,98489,24,,,0,172,,98488,24,,,0,101,,98490,24,,,0,100,,98491,24,,,0,102,,98493,24,,,0,100,,98492,24,,,0,101,,98497,24,,,0,100,,98495,24,,,0,100,,98496,24,,,0,99,,98494,24,,,0,97,,98499,24,,,0,99,,98498,24,,,0,99,,98500,24,,,0
4001,'5461',740,,98502,24,,,0,172,,98501,24,,,0,101,,98503,24,,,0,100,,98504,24,,,0,102,,98506,24,,,0,100,,98505,24,,,0,101,,98510,24,,,0,100,,98508,24,,,0,100,,98509,24,,,0,99,,98507,24,,,0,97,,98512,24,,,0,99,,98511,24,,,0,99,,98513,24,,,0
4001,'5462',740,,98515,24,,,0,172,,98514,24,,,0,101,,98516,24,,,0,100,,98517,24,,,0,102,,98519,24,,,0,100,,98518,24,,,0,101,,98523,24,,,0,100,,98521,24,,,0,100,,98522,24,,,0,99,,98520,24,,,0,97,,98525,24,,,0,99,,98524,24,,,0,99,,98526,24,,,0
4001,'5463',740,,98528,24,,,0,172,,98527,24,,,0,101,,98529,24,,,0,100,,98530,24,,,0,102,,98532,24,,,0,100,,98531,24,,,0,101,,98536,24,,,0,100,,98534,24,,,0,100,,98535,24,,,0,99,,98533,24,,,0,97,,98538,24,,,0,99,,98537,24,,,0,99,,98539,24,,,0
