1200,'5456',638,,91521,19,4,,0,80,,91522,19,4,,0,28,,91531,19,4,,0,57,,91523,19,4,,0,15,,91530,19,4,,0,16,,91518,19,4,,0,16,,91525,19,4,,0,50,,91528,19,4,,0,5,,91529,19,4,,0,13,,91524,19,4,,0,15,,91514,19,4,,0,15,,91515,19,4,,0,56,,91526,19,4,,0,14,,91532,19,4,,0,16,,91516,19,4,,0,15,,91533,19,4,,0,55,,91504,19,4,,0,29,,91509,19,4,,0,71,,91519,19,4,,0,30,,91510,19,4,,0,69,,91505,19,4,,0,30,,91511,19,4,,0,71,,91520,19,4,,0,32,,91512,19,4,,0,74,,91506,19,4,,0,28,,91503,19,4,,0,100,,91513,19,4,,0,84,,91507,19,4,,0,84,,91508,19,4,,0,30,,91517,19,4,,0,105,,91527,19,4,,0
1200,'5458',638,,91552,19,4,,0,80,,91553,19,4,,0,28,,91562,19,4,,0,57,,91554,19,4,,0,15,,91561,19,4,,0,16,,91549,19,4,,0,16,,91556,19,4,,0,50,,91559,19,4,,0,5,,91560,19,4,,0,13,,91555,19,4,,0,15,,91545,19,4,,0,15,,91546,19,4,,0,56,,91557,19,4,,0,14,,91563,19,4,,0,16,,91547,19,4,,0,15,,91564,19,4,,0,55,,91535,19,4,,0,29,,91540,19,4,,0,71,,91550,19,4,,0,30,,91541,19,4,,0,69,,91536,19,4,,0,30,,91542,19,4,,0,71,,91551,19,4,,0,32,,91543,19,4,,0,74,,91537,19,4,,0,28,,91534,19,4,,0,100,,91544,19,4,,0,84,,91538,19,4,,0,84,,91539,19,4,,0,30,,91548,19,4,,0,105,,91558,19,4,,0
1200,'5459',931,,91566,19,4,,0,102,,91571,19,4,,0,102,,91573,19,4,,0,100,,91565,19,4,,0,100,,91567,19,4,,0,99,,91570,19,4,,0,100,,91574,19,4,,0,100,,91568,19,4,,0,103,,91569,19,4,,0,99,,91572,19,4,,0,99,,91575,19,4,,0
1200,'5460',931,,91577,19,4,,0,102,,91576,19,4,,0,101,,91579,19,4,,0,100,,91578,19,4,,0,100,,91580,19,4,,0,100,,91582,19,4,,0,99,,91583,19,4,,0,100,,91581,19,4,,0,103,,91584,19,4,,0,99,,91585,19,4,,0,100,,91586,19,4,,0
1200,'5461',931,,91588,19,4,,0,102,,91587,19,4,,0,101,,91590,19,4,,0,100,,91589,19,4,,0,100,,91591,19,4,,0,100,,91593,19,4,,0,99,,91594,19,4,,0,100,,91592,19,4,,0,103,,91595,19,4,,0,99,,91596,19,4,,0,100,,91597,19,4,,0
1200,'5462',931,,91599,19,4,,0,102,,91598,19,4,,0,101,,91601,19,4,,0,100,,91600,19,4,,0,100,,91602,19,4,,0,100,,91604,19,4,,0,99,,91605,19,4,,0,100,,91603,19,4,,0,103,,91606,19,4,,0,99,,91607,19,4,,0,100,,91608,19,4,,0
1200,'5463',931,,91610,19,4,,0,102,,91609,19,4,,0,101,,91612,19,4,,0,100,,91611,19,4,,0,100,,91613,19,4,,0,100,,91615,19,4,,0,99,,91616,19,4,,0,100,,91614,19,4,,0,103,,91617,19,4,,0,99,,91618,19,4,,0,100,,91619,19,4,,0
1201,'5456',648,,91639,1,,,0,81,,91640,1,,,0,26,,91636,1,,,0,72,,91646,1,,,0,31,,91633,1,,,0,71,,91641,1,,,0,29,,91634,1,,,0,70,,91621,1,,,0,30,,91626,1,,,0,70,,91637,1,,,0,30,,91629,1,,,0,70,,91622,1,,,0,30,,91627,1,,,0,69,,91638,1,,,0,31,,91628,1,,,0,71,,91623,1,,,0,21,,91630,1,,,0,50,,91620,1,,,0,25,,91631,1,,,0,75,,91632,1,,,0,20,,91644,1,,,0,24,,91625,1,,,0,56,,91645,1,,,0,30,,91624,1,,,0,70,,91635,1,,,0,37,,91642,1,,,0,71,,91643,1,,,0
1201,'5458',648,,91666,1,,,0,81,,91667,1,,,0,26,,91663,1,,,0,72,,91673,1,,,0,31,,91660,1,,,0,71,,91668,1,,,0,29,,91661,1,,,0,70,,91648,1,,,0,30,,91653,1,,,0,70,,91664,1,,,0,30,,91656,1,,,0,70,,91649,1,,,0,30,,91654,1,,,0,69,,91665,1,,,0,31,,91655,1,,,0,71,,91650,1,,,0,21,,91657,1,,,0,50,,91647,1,,,0,25,,91658,1,,,0,75,,91659,1,,,0,20,,91671,1,,,0,24,,91652,1,,,0,56,,91672,1,,,0,30,,91651,1,,,0,70,,91662,1,,,0,37,,91669,1,,,0,71,,91670,1,,,0
1201,'5459',902,,91676,1,,,0,100,,91679,1,,,0,100,,91682,1,,,0,100,,91674,1,,,0,100,,91675,1,,,0,100,,91680,1,,,0,100,,91683,1,,,0,100,,91677,1,,,0,103,,91678,1,,,0,100,,91681,1,,,0,100,,91684,1,,,0
1201,'5460',902,,91685,1,,,0,100,,91686,1,,,0,100,,91689,1,,,0,100,,91687,1,,,0,100,,91688,1,,,0,100,,91690,1,,,0,100,,91692,1,,,0,100,,91691,1,,,0,103,,91693,1,,,0,100,,91694,1,,,0,100,,91695,1,,,0
1201,'5461',902,,91696,1,,,0,100,,91697,1,,,0,100,,91700,1,,,0,100,,91698,1,,,0,100,,91699,1,,,0,100,,91701,1,,,0,100,,91703,1,,,0,100,,91702,1,,,0,103,,91704,1,,,0,100,,91705,1,,,0,100,,91706,1,,,0
1201,'5462',902,,91707,1,,,0,100,,91708,1,,,0,100,,91711,1,,,0,100,,91709,1,,,0,100,,91710,1,,,0,100,,91712,1,,,0,100,,91714,1,,,0,100,,91713,1,,,0,103,,91715,1,,,0,100,,91716,1,,,0,100,,91717,1,,,0
1201,'5463',902,,91718,1,,,0,100,,91719,1,,,0,100,,91722,1,,,0,100,,91720,1,,,0,100,,91721,1,,,0,100,,91723,1,,,0,100,,91725,1,,,0,100,,91724,1,,,0,103,,91726,1,,,0,100,,91727,1,,,0,100,,91728,1,,,0
