1400,'5456',606,,91738,29,,,0,20,,91739,29,,,0,17,,91740,29,,,0,16,,91741,29,,,0,55,,91742,29,,,0,12,,91743,29,,,0,9,,91744,29,,,0,12,,91745,29,,,0,12,,91746,29,,,0,52,,91747,29,,,0,13,,91748,29,,,0,11,,91749,29,,,0,4,,91750,29,,,0,5,,91751,29,,,0,5,,91752,29,,,0,54,,91753,29,,,0,13,,91754,29,,,0,13,,91755,29,,,0,11,,91756,29,,,0,13,,91757,29,,,0,52,,91758,29,,,0,13,,91759,29,,,0,13,,91760,29,,,0,13,,91761,29,,,0,13,,91762,29,,,0,53,,91763,29,,,0,13,,91764,29,,,0,13,,91765,29,,,0,13,,91766,29,,,0,53,,91767,29,,,0,13,,91768,29,,,0,12,,91769,29,,,0,13,,91770,29,,,0,13,,91771,29,,,0,53,,91772,29,,,0,13,,91773,29,,,0,14,,91774,29,,,0,13,,91775,29,,,0,54,,91776,29,,,0,12,,91777,29,,,0,14,,91778,29,,,0,11,,91779,29,,,0,13,,91780,29,,,0,60,,91781,29,,,0,7,,91812,29,,,0,7,,91782,29,,,0,17,,91783,29,,,0,16,,91784,29,,,0,55,,91785,29,,,0,15,,91786,29,,,0,14,,91787,29,,,0,16,,91788,29,,,0,55,,91789,29,,,0,16,,91790,29,,,0,16,,91791,29,,,0,56,,91792,29,,,0,13,,91793,29,,,0,15,,91794,29,,,0,15,,91795,29,,,0,14,,91796,29,,,0,55,,91797,29,,,0,15,,91798,29,,,0,17,,91799,29,,,0,59,,91800,29,,,0,20,,91801,29,,,0,20,,91802,29,,,0,60,,91803,29,,,0,20,,91804,29,,,0,20,,91805,29,,,0,60,,91806,29,,,0,20,,91807,29,,,0,30,,91808,29,,,0,70,,91809,29,,,0,30,,91810,29,,,0,70,,91811,29,,,0
1400,'5458',606,,91822,29,,,0,20,,91823,29,,,0,17,,91824,29,,,0,16,,91825,29,,,0,55,,91826,29,,,0,12,,91827,29,,,0,9,,91828,29,,,0,12,,91829,29,,,0,12,,91830,29,,,0,52,,91831,29,,,0,13,,91832,29,,,0,11,,91833,29,,,0,4,,91834,29,,,0,5,,91835,29,,,0,5,,91836,29,,,0,54,,91837,29,,,0,13,,91838,29,,,0,13,,91839,29,,,0,11,,91840,29,,,0,13,,91841,29,,,0,52,,91842,29,,,0,13,,91843,29,,,0,13,,91844,29,,,0,13,,91845,29,,,0,13,,91846,29,,,0,53,,91847,29,,,0,13,,91848,29,,,0,13,,91849,29,,,0,13,,91850,29,,,0,53,,91851,29,,,0,13,,91852,29,,,0,12,,91853,29,,,0,13,,91854,29,,,0,13,,91855,29,,,0,53,,91856,29,,,0,13,,91857,29,,,0,14,,91858,29,,,0,13,,91859,29,,,0,54,,91860,29,,,0,12,,91861,29,,,0,14,,91862,29,,,0,11,,91863,29,,,0,13,,91864,29,,,0,60,,91865,29,,,0,7,,91900,29,,,0,7,,91866,29,,,0,17,,91867,29,,,0,16,,91868,29,,,0,55,,91869,29,,,0,15,,91870,29,,,0,14,,91871,29,,,0,16,,91872,29,,,0,55,,91873,29,,,0,16,,91874,29,,,0,16,,91875,29,,,0,56,,91876,29,,,0,13,,91877,29,,,0,15,,91878,29,,,0,15,,91879,29,,,0,14,,91880,29,,,0,55,,91881,29,,,0,15,,91882,29,,,0,17,,91883,29,,,0,59,,91884,29,,,0,20,,91885,29,,,0,20,,91886,29,,,0,60,,91887,29,,,0,20,,91888,29,,,0,20,,91889,29,,,0,60,,91890,29,,,0,20,,91891,29,,,0,30,,91892,29,,,0,70,,91893,29,,,0,30,,91894,29,,,0,70,,91895,29,,,0,30,,91896,29,,,0,70,,91897,29,,,0,30,,91898,29,,,0,70,,91899,29,,,0
1400,'5459',645,,91925,29,,,0,61,,91926,29,,,0,19,,91909,29,,,0,18,,91924,29,,,0,16,,91903,29,,,0,55,,91908,29,,,0,15,,91907,29,,,0,15,,91923,29,,,0,15,,91921,29,,,0,55,,91906,29,,,0,15,,91902,29,,,0,15,,91922,29,,,0,15,,91901,29,,,0,55,,91911,29,,,0,15,,91913,29,,,0,15,,91927,29,,,0,56,,91929,29,,,0,15,,91914,29,,,0,16,,91905,29,,,0,15,,91928,29,,,0,56,,91904,29,,,0,15,,91910,29,,,0,15,,91917,29,,,0,15,,91930,29,,,0,55,,91915,29,,,0,15,,91931,29,,,0,15,,91916,29,,,0,15,,91918,29,,,0,55,,91932,29,,,0,16,,91920,29,,,0,15,,91912,29,,,0,16,,91919,29,,,0,55,,91943,29,,,0,15,,91941,29,,,0,15,,91944,29,,,0,15,,91938,29,,,0,55,,91937,29,,,0,14,,91934,29,,,0,15,,91945,29,,,0,14,,91939,29,,,0,55,,91940,29,,,0,15,,91947,29,,,0,15,,91942,29,,,0,15,,91935,29,,,0,55,,91936,29,,,0,14,,91946,29,,,0,15,,91933,29,,,0,14,,91951,29,,,0,55,,91948,29,,,0,15,,91949,29,,,0,15,,91950,29,,,0,17,,91952,29,,,0,60,,91954,29,,,0,20,,91955,29,,,0,20,,91956,29,,,0,60,,91957,29,,,0,20,,91953,29,,,0,20,,91961,29,,,0,60,,91960,29,,,0,21,,91959,29,,,0,27,,91958,29,,,0,70,,91962,29,,,0,30,,91963,29,,,0,70,,91964,29,,,0,30,,91965,29,,,0,69,,91966,29,,,0,29,,91967,29,,,0,70,,91968,29,,,0
1400,'5460',637,,92013,29,,,0,70,,92001,29,,,0,30,,92023,29,,,0,64,,92008,29,,,0,20,,91979,29,,,0,15,,92026,29,,,0,15,,92007,29,,,0,55,,91992,29,,,0,15,,91999,29,,,0,15,,92020,29,,,0,15,,91983,29,,,0,55,,92011,29,,,0,15,,91980,29,,,0,15,,92010,29,,,0,15,,91984,29,,,0,55,,91993,29,,,0,15,,92000,29,,,0,15,,92022,29,,,0,15,,91982,29,,,0,56,,92012,29,,,0,15,,91985,29,,,0,15,,92009,29,,,0,15,,91981,29,,,0,55,,91990,29,,,0,14,,91970,29,,,0,15,,91997,29,,,0,14,,92019,29,,,0,55,,91972,29,,,0,15,,92006,29,,,0,16,,91976,29,,,0,15,,92003,29,,,0,55,,91977,29,,,0,15,,91988,29,,,0,15,,91969,29,,,0,15,,91996,29,,,0,55,,92018,29,,,0,15,,91975,29,,,0,15,,92004,29,,,0,15,,91973,29,,,0,55,,92005,29,,,0,15,,91974,29,,,0,15,,91991,29,,,0,15,,91971,29,,,0,54,,91998,29,,,0,15,,92021,29,,,0,15,,91978,29,,,0,15,,92015,29,,,0,58,,92017,29,,,0,20,,91987,29,,,0,20,,91989,29,,,0,60,,92002,29,,,0,21,,92025,29,,,0,30,,92014,29,,,0,69,,91986,29,,,0,30,,91994,29,,,0,70,,92024,29,,,0,29,,92016,29,,,0,69,,91995,29,,,0
1400,'5461',637,,92071,29,,,0,70,,92059,29,,,0,30,,92081,29,,,0,64,,92066,29,,,0,20,,92037,29,,,0,15,,92084,29,,,0,15,,92065,29,,,0,55,,92050,29,,,0,15,,92057,29,,,0,15,,92078,29,,,0,15,,92041,29,,,0,55,,92069,29,,,0,15,,92038,29,,,0,15,,92068,29,,,0,15,,92042,29,,,0,55,,92051,29,,,0,15,,92058,29,,,0,15,,92080,29,,,0,15,,92040,29,,,0,56,,92070,29,,,0,15,,92043,29,,,0,15,,92067,29,,,0,15,,92039,29,,,0,55,,92048,29,,,0,14,,92028,29,,,0,15,,92055,29,,,0,14,,92077,29,,,0,55,,92030,29,,,0,15,,92064,29,,,0,16,,92034,29,,,0,15,,92061,29,,,0,55,,92035,29,,,0,15,,92046,29,,,0,15,,92027,29,,,0,15,,92054,29,,,0,55,,92076,29,,,0,15,,92033,29,,,0,15,,92062,29,,,0,15,,92031,29,,,0,55,,92063,29,,,0,15,,92032,29,,,0,15,,92049,29,,,0,15,,92029,29,,,0,54,,92056,29,,,0,15,,92079,29,,,0,15,,92036,29,,,0,15,,92073,29,,,0,58,,92075,29,,,0,20,,92045,29,,,0,20,,92047,29,,,0,60,,92060,29,,,0,21,,92083,29,,,0,30,,92072,29,,,0,69,,92044,29,,,0,30,,92052,29,,,0,70,,92082,29,,,0,29,,92074,29,,,0,69,,92053,29,,,0
1400,'5462',637,,92129,29,,,0,70,,92117,29,,,0,30,,92139,29,,,0,64,,92124,29,,,0,20,,92095,29,,,0,15,,92142,29,,,0,15,,92123,29,,,0,55,,92108,29,,,0,15,,92115,29,,,0,15,,92136,29,,,0,15,,92099,29,,,0,55,,92127,29,,,0,15,,92096,29,,,0,15,,92126,29,,,0,15,,92100,29,,,0,55,,92109,29,,,0,15,,92116,29,,,0,15,,92138,29,,,0,15,,92098,29,,,0,56,,92128,29,,,0,15,,92101,29,,,0,15,,92125,29,,,0,15,,92097,29,,,0,55,,92106,29,,,0,14,,92086,29,,,0,15,,92113,29,,,0,14,,92135,29,,,0,55,,92088,29,,,0,15,,92122,29,,,0,16,,92092,29,,,0,15,,92119,29,,,0,55,,92093,29,,,0,15,,92104,29,,,0,15,,92085,29,,,0,15,,92112,29,,,0,55,,92134,29,,,0,15,,92091,29,,,0,15,,92120,29,,,0,15,,92089,29,,,0,55,,92121,29,,,0,15,,92090,29,,,0,15,,92107,29,,,0,15,,92087,29,,,0,54,,92114,29,,,0,15,,92137,29,,,0,15,,92094,29,,,0,15,,92131,29,,,0,58,,92133,29,,,0,20,,92103,29,,,0,20,,92105,29,,,0,60,,92118,29,,,0,21,,92141,29,,,0,30,,92130,29,,,0,69,,92102,29,,,0,30,,92110,29,,,0,70,,92140,29,,,0,29,,92132,29,,,0,69,,92111,29,,,0
1400,'5463',637,,92187,29,,,0,70,,92175,29,,,0,30,,92197,29,,,0,64,,92182,29,,,0,20,,92153,29,,,0,15,,92200,29,,,0,15,,92181,29,,,0,55,,92166,29,,,0,15,,92173,29,,,0,15,,92194,29,,,0,15,,92157,29,,,0,55,,92185,29,,,0,15,,92154,29,,,0,15,,92184,29,,,0,15,,92158,29,,,0,55,,92167,29,,,0,15,,92174,29,,,0,15,,92196,29,,,0,15,,92156,29,,,0,56,,92186,29,,,0,15,,92159,29,,,0,15,,92183,29,,,0,15,,92155,29,,,0,55,,92164,29,,,0,14,,92144,29,,,0,15,,92171,29,,,0,14,,92193,29,,,0,55,,92146,29,,,0,15,,92180,29,,,0,16,,92150,29,,,0,15,,92177,29,,,0,55,,92151,29,,,0,15,,92162,29,,,0,15,,92143,29,,,0,15,,92170,29,,,0,55,,92192,29,,,0,15,,92149,29,,,0,15,,92178,29,,,0,15,,92147,29,,,0,55,,92179,29,,,0,15,,92148,29,,,0,15,,92165,29,,,0,15,,92145,29,,,0,54,,92172,29,,,0,15,,92195,29,,,0,15,,92152,29,,,0,15,,92189,29,,,0,58,,92191,29,,,0,20,,92161,29,,,0,20,,92163,29,,,0,60,,92176,29,,,0,21,,92199,29,,,0,30,,92188,29,,,0,69,,92160,29,,,0,30,,92168,29,,,0,70,,92198,29,,,0,29,,92190,29,,,0,69,,92169,29,,,0
1500,'5456',531,,92696,18,,,0,20,,92697,18,,,0,59,,92698,18,,,0,16,,92699,18,,,0,17,,92700,18,,,0,16,,92701,18,,,0,56,,92702,18,,,0,15,,92703,18,,,0,14,,92704,18,,,0,12,,92705,18,,,0,51,,92706,18,,,0,10,,92707,18,,,0,11,,92708,18,,,0,11,,92709,18,,,0,11,,92710,18,,,0,51,,92711,18,,,0,12,,92712,18,,,0,12,,92713,18,,,0,11,,92714,18,,,0,14,,92715,18,,,0,55,,92716,18,,,0,15,,92717,18,,,0,15,,92718,18,,,0,15,,92719,18,,,0,55,,92720,18,,,0,15,,92721,18,,,0,15,,92722,18,,,0,14,,92723,18,,,0,55,,92724,18,,,0,15,,92725,18,,,0,15,,92726,18,,,0,15,,92727,18,,,0,55,,92728,18,,,0,15,,92729,18,,,0,15,,92730,18,,,0,15,,92731,18,,,0,55,,92732,18,,,0,16,,92733,18,,,0,15,,92734,18,,,0,15,,92735,18,,,0,55,,92736,18,,,0,15,,92737,18,,,0,13,,92738,18,,,0,15,,92739,18,,,0,55,,92740,18,,,0,15,,92741,18,,,0,15,,92742,18,,,0,15,,92743,18,,,0,55,,92744,18,,,0,15,,92745,18,,,0,16,,92746,18,,,0,15,,92747,18,,,0,54,,92748,18,,,0,15,,92749,18,,,0,17,,92750,18,,,0,15,,92751,18,,,0,55,,92752,18,,,0,14,,92753,18,,,0,15,,92754,18,,,0,20,,92755,18,,,0,60,,92756,18,,,0,20,,92757,18,,,0,20,,92758,18,,,0,60,,92759,18,,,0,20,,92760,18,,,0,20,,92761,18,,,0,60,,92762,18,,,0,25,,92763,18,,,0,70,,92764,18,,,0,30,,92765,18,,,0,70,,92766,18,,,0,30,,92767,18,,,0
1500,'5458',531,,92769,18,,,0,20,,92770,18,,,0,59,,92771,18,,,0,16,,92772,18,,,0,17,,92773,18,,,0,16,,92774,18,,,0,56,,92775,18,,,0,15,,92776,18,,,0,14,,92777,18,,,0,12,,92778,18,,,0,51,,92779,18,,,0,10,,92780,18,,,0,11,,92781,18,,,0,11,,92782,18,,,0,11,,92783,18,,,0,51,,92784,18,,,0,12,,92785,18,,,0,12,,92786,18,,,0,11,,92787,18,,,0,14,,92788,18,,,0,55,,92789,18,,,0,15,,92790,18,,,0,15,,92791,18,,,0,15,,92792,18,,,0,55,,92793,18,,,0,15,,92794,18,,,0,15,,92795,18,,,0,14,,92796,18,,,0,55,,92797,18,,,0,15,,92798,18,,,0,15,,92799,18,,,0,15,,92800,18,,,0,55,,92801,18,,,0,15,,92802,18,,,0,15,,92803,18,,,0,15,,92804,18,,,0,55,,92805,18,,,0,16,,92806,18,,,0,15,,92807,18,,,0,15,,92808,18,,,0,55,,92809,18,,,0,15,,92810,18,,,0,13,,92811,18,,,0,15,,92812,18,,,0,55,,92813,18,,,0,15,,92814,18,,,0,15,,92815,18,,,0,15,,92816,18,,,0,55,,92817,18,,,0,15,,92818,18,,,0,16,,92819,18,,,0,15,,92820,18,,,0,54,,92821,18,,,0,15,,92822,18,,,0,17,,92823,18,,,0,15,,92824,18,,,0,55,,92825,18,,,0,14,,92826,18,,,0,15,,92827,18,,,0,20,,92828,18,,,0,60,,92829,18,,,0,20,,92830,18,,,0,20,,92831,18,,,0,60,,92832,18,,,0,20,,92833,18,,,0,20,,92834,18,,,0,60,,92835,18,,,0,25,,92836,18,,,0,70,,92837,18,,,0,30,,92838,18,,,0,70,,92839,18,,,0,30,,92840,18,,,0,70,,92841,18,,,0,30,,92842,18,,,0,70,,92843,18,,,0,30,,92844,18,,,0
1500,'5459',631,,92902,18,,,0,25,,92889,18,,,0,61,,92887,18,,,0,19,,92888,18,,,0,16,,92864,18,,,0,55,,92900,18,,,0,15,,92882,18,,,0,16,,92861,18,,,0,14,,92886,18,,,0,55,,92885,18,,,0,15,,92863,18,,,0,15,,92901,18,,,0,15,,92883,18,,,0,55,,92862,18,,,0,15,,92884,18,,,0,15,,92881,18,,,0,16,,92856,18,,,0,55,,92860,18,,,0,15,,92899,18,,,0,16,,92880,18,,,0,16,,92859,18,,,0,55,,92879,18,,,0,15,,92878,18,,,0,15,,92858,18,,,0,15,,92857,18,,,0,55,,92898,18,,,0,15,,92877,18,,,0,15,,92855,18,,,0,16,,92875,18,,,0,55,,92876,18,,,0,15,,92853,18,,,0,15,,92854,18,,,0,15,,92897,18,,,0,55,,92874,18,,,0,15,,92852,18,,,0,15,,92873,18,,,0,15,,92872,18,,,0,55,,92850,18,,,0,15,,92851,18,,,0,15,,92896,18,,,0,14,,92871,18,,,0,55,,92846,18,,,0,16,,92867,18,,,0,15,,92869,18,,,0,15,,92848,18,,,0,55,,92849,18,,,0,15,,92895,18,,,0,14,,92868,18,,,0,15,,92847,18,,,0,55,,92866,18,,,0,15,,92870,18,,,0,15,,92865,18,,,0,18,,92892,18,,,0,60,,92893,18,,,0,20,,92894,18,,,0,20,,92891,18,,,0,60,,92890,18,,,0,20,,92904,18,,,0,20,,92903,18,,,0,60,,92905,18,,,0,23,,92906,18,,,0,70,,92907,18,,,0,30,,92908,18,,,0,70,,92909,18,,,0,30,,92910,18,,,0,69,,92911,18,,,0,29,,92912,18,,,0,70,,92913,18,,,0,30,,92914,18,,,0
1500,'5460',653,,92955,18,,,0,70,,92954,18,,,0,28,,92930,18,,,0,61,,92933,18,,,0,17,,92971,18,,,0,16,,92920,18,,,0,55,,92932,18,,,0,15,,92919,18,,,0,15,,92915,18,,,0,15,,92934,18,,,0,55,,92924,18,,,0,15,,92936,18,,,0,15,,92916,18,,,0,15,,92921,18,,,0,55,,92917,18,,,0,15,,92918,18,,,0,15,,92939,18,,,0,15,,92928,18,,,0,55,,92937,18,,,0,15,,92925,18,,,0,15,,92927,18,,,0,15,,92922,18,,,0,55,,92923,18,,,0,15,,92940,18,,,0,15,,92929,18,,,0,15,,92941,18,,,0,55,,92926,18,,,0,15,,92942,18,,,0,15,,92943,18,,,0,15,,92938,18,,,0,55,,92953,18,,,0,15,,92949,18,,,0,15,,92947,18,,,0,15,,92945,18,,,0,55,,92950,18,,,0,15,,92952,18,,,0,15,,92946,18,,,0,15,,92948,18,,,0,55,,92951,18,,,0,14,,92944,18,,,0,15,,92931,18,,,0,15,,92935,18,,,0,15,,92959,18,,,0,55,,92958,18,,,0,15,,92957,18,,,0,15,,92961,18,,,0,15,,92966,18,,,0,60,,92963,18,,,0,20,,92956,18,,,0,20,,92962,18,,,0,59,,92965,18,,,0,27,,92964,18,,,0,69,,92960,18,,,0,30,,92967,18,,,0,70,,92968,18,,,0,29,,92970,18,,,0,70,,92969,18,,,0
1500,'5461',653,,93012,18,,,0,70,,93011,18,,,0,28,,92987,18,,,0,61,,92990,18,,,0,17,,93028,18,,,0,16,,92977,18,,,0,55,,92989,18,,,0,15,,92976,18,,,0,15,,92972,18,,,0,15,,92991,18,,,0,55,,92981,18,,,0,15,,92993,18,,,0,15,,92973,18,,,0,15,,92978,18,,,0,55,,92974,18,,,0,15,,92975,18,,,0,15,,92996,18,,,0,15,,92985,18,,,0,55,,92994,18,,,0,15,,92982,18,,,0,15,,92984,18,,,0,15,,92979,18,,,0,55,,92980,18,,,0,15,,92997,18,,,0,15,,92986,18,,,0,15,,92998,18,,,0,55,,92983,18,,,0,15,,92999,18,,,0,15,,93000,18,,,0,15,,92995,18,,,0,55,,93010,18,,,0,15,,93006,18,,,0,15,,93004,18,,,0,15,,93002,18,,,0,55,,93007,18,,,0,15,,93009,18,,,0,15,,93003,18,,,0,15,,93005,18,,,0,55,,93008,18,,,0,14,,93001,18,,,0,15,,92988,18,,,0,15,,92992,18,,,0,15,,93016,18,,,0,55,,93015,18,,,0,15,,93014,18,,,0,15,,93018,18,,,0,15,,93023,18,,,0,60,,93020,18,,,0,20,,93013,18,,,0,20,,93019,18,,,0,59,,93022,18,,,0,27,,93021,18,,,0,69,,93017,18,,,0,30,,93024,18,,,0,70,,93025,18,,,0,29,,93027,18,,,0,70,,93026,18,,,0
1500,'5462',653,,93069,18,,,0,70,,93068,18,,,0,28,,93044,18,,,0,61,,93047,18,,,0,17,,93085,18,,,0,16,,93034,18,,,0,55,,93046,18,,,0,15,,93033,18,,,0,15,,93029,18,,,0,15,,93048,18,,,0,55,,93038,18,,,0,15,,93050,18,,,0,15,,93030,18,,,0,15,,93035,18,,,0,55,,93031,18,,,0,15,,93032,18,,,0,15,,93053,18,,,0,15,,93042,18,,,0,55,,93051,18,,,0,15,,93039,18,,,0,15,,93041,18,,,0,15,,93036,18,,,0,55,,93037,18,,,0,15,,93054,18,,,0,15,,93043,18,,,0,15,,93055,18,,,0,55,,93040,18,,,0,15,,93056,18,,,0,15,,93057,18,,,0,15,,93052,18,,,0,55,,93067,18,,,0,15,,93063,18,,,0,15,,93061,18,,,0,15,,93059,18,,,0,55,,93064,18,,,0,15,,93066,18,,,0,15,,93060,18,,,0,15,,93062,18,,,0,55,,93065,18,,,0,14,,93058,18,,,0,15,,93045,18,,,0,15,,93049,18,,,0,15,,93073,18,,,0,55,,93072,18,,,0,15,,93071,18,,,0,15,,93075,18,,,0,15,,93080,18,,,0,60,,93077,18,,,0,20,,93070,18,,,0,20,,93076,18,,,0,59,,93079,18,,,0,27,,93078,18,,,0,69,,93074,18,,,0,30,,93081,18,,,0,70,,93082,18,,,0,29,,93084,18,,,0,70,,93083,18,,,0
1500,'5463',653,,93126,18,,,0,70,,93125,18,,,0,28,,93101,18,,,0,61,,93104,18,,,0,17,,93142,18,,,0,16,,93091,18,,,0,55,,93103,18,,,0,15,,93090,18,,,0,15,,93086,18,,,0,15,,93105,18,,,0,55,,93095,18,,,0,15,,93107,18,,,0,15,,93087,18,,,0,15,,93092,18,,,0,55,,93088,18,,,0,15,,93089,18,,,0,15,,93110,18,,,0,15,,93099,18,,,0,55,,93108,18,,,0,15,,93096,18,,,0,15,,93098,18,,,0,15,,93093,18,,,0,55,,93094,18,,,0,15,,93111,18,,,0,15,,93100,18,,,0,15,,93112,18,,,0,55,,93097,18,,,0,15,,93113,18,,,0,15,,93114,18,,,0,15,,93109,18,,,0,55,,93124,18,,,0,15,,93120,18,,,0,15,,93118,18,,,0,15,,93116,18,,,0,55,,93121,18,,,0,15,,93123,18,,,0,15,,93117,18,,,0,15,,93119,18,,,0,55,,93122,18,,,0,14,,93115,18,,,0,15,,93102,18,,,0,15,,93106,18,,,0,15,,93130,18,,,0,55,,93129,18,,,0,15,,93128,18,,,0,15,,93132,18,,,0,15,,93137,18,,,0,60,,93134,18,,,0,20,,93127,18,,,0,20,,93133,18,,,0,59,,93136,18,,,0,27,,93135,18,,,0,69,,93131,18,,,0,30,,93138,18,,,0,70,,93139,18,,,0,29,,93141,18,,,0,70,,93140,18,,,0
