700,'4832',727,,65696,31,0,5,0,75,,65698,31,0,5,0,45,,65684,31,0,5,0,77,,65697,31,0,5,0,82,,65699,31,0,5,0,30,,65680,31,0,5,0,70,,65685,31,0,5,0,30,,65687,31,0,5,0,69,,65682,31,0,5,0,31,,65686,31,0,5,0,70,,82411,31,0,5,0,30,,65681,31,0,5,0,70,,82412,31,0,5,0,30,,65689,31,0,5,0,70,,65690,31,0,5,0,30,,65691,31,0,5,0,70,,82413,31,0,5,0,30,,65692,31,0,5,0,70,,65695,31,0,5,0,30,,65694,31,0,5,0,70,,65700,31,0,5,0,28,,82415,31,0,5,0,70,,65702,31,0,5,0,30,,82414,31,0,5,0,70,,65705,31,0,5,0,30,,65704,31,0,5,0
700,'5453',727,,78691,31,0,5,0,75,,78693,31,0,5,0,45,,78679,31,0,5,0,77,,82420,31,0,5,0,82,,78694,31,0,5,0,30,,78675,31,0,5,0,70,,78680,31,0,5,0,30,,78682,31,0,5,0,69,,82416,31,0,5,0,31,,78681,31,0,5,0,70,,78678,31,0,5,0,30,,78676,31,0,5,0,70,,82417,31,0,5,0,30,,78684,31,0,5,0,70,,78685,31,0,5,0,30,,78686,31,0,5,0,70,,82418,31,0,5,0,30,,78687,31,0,5,0,70,,82419,31,0,5,0,30,,78689,31,0,5,0,70,,82421,31,0,5,0,28,,82422,31,0,5,0,70,,78697,31,0,5,0,30,,78696,31,0,5,0,70,,78700,31,0,5,0,30,,82423,31,0,5,0
700,'5456',613,,90072,31,0,5,0,28,,90093,31,0,5,0,17,,90073,31,0,5,0,55,,90098,31,0,5,0,16,,90083,31,0,5,0,13,,90105,31,0,5,0,17,,90077,31,0,5,0,56,,90102,31,0,5,0,20,,90076,31,0,5,0,18,,90113,31,0,5,0,58,,90091,31,0,5,0,20,,90074,31,0,5,0,21,,90097,31,0,5,0,60,,90107,31,0,5,0,20,,90075,31,0,5,0,20,,90078,31,0,5,0,60,,90111,31,0,5,0,20,,90092,31,0,5,0,21,,90079,31,0,5,0,60,,90099,31,0,5,0,20,,90104,31,0,5,0,20,,90081,31,0,5,0,60,,90082,31,0,5,0,17,,90116,31,0,5,0,19,,90112,31,0,5,0,56,,90094,31,0,5,0,15,,90080,31,0,5,0,18,,90118,31,0,5,0,18,,90100,31,0,5,0,57,,90106,31,0,5,0,15,,90119,31,0,5,0,5,,90086,31,0,5,0,18,,90087,31,0,5,0,58,,90115,31,0,5,0,18,,90114,31,0,5,0,18,,90095,31,0,5,0,59,,90084,31,0,5,0,19,,90117,31,0,5,0,18,,90101,31,0,5,0,16,,90108,31,0,5,0,57,,90085,31,0,5,0,16,,90096,31,0,5,0,71,,90109,31,0,5,0,30,,90088,31,0,5,0,73,,90103,31,0,5,0,29,,90089,31,0,5,0,70,,90110,31,0,5,0,30,,90090,31,0,5,0
700,'5458',613,,90120,31,0,5,0,28,,90141,31,0,5,0,17,,90121,31,0,5,0,55,,90146,31,0,5,0,16,,90131,31,0,5,0,13,,90153,31,0,5,0,17,,90125,31,0,5,0,56,,90150,31,0,5,0,20,,90124,31,0,5,0,18,,90161,31,0,5,0,58,,90139,31,0,5,0,20,,90122,31,0,5,0,21,,90145,31,0,5,0,60,,90155,31,0,5,0,20,,90123,31,0,5,0,20,,90126,31,0,5,0,60,,90159,31,0,5,0,20,,90140,31,0,5,0,21,,90127,31,0,5,0,60,,90147,31,0,5,0,20,,90152,31,0,5,0,20,,90129,31,0,5,0,60,,90130,31,0,5,0,17,,90164,31,0,5,0,19,,90160,31,0,5,0,56,,90142,31,0,5,0,15,,90128,31,0,5,0,18,,90166,31,0,5,0,18,,90148,31,0,5,0,57,,90154,31,0,5,0,15,,90167,31,0,5,0,5,,90134,31,0,5,0,18,,90135,31,0,5,0,58,,90163,31,0,5,0,18,,90162,31,0,5,0,18,,90143,31,0,5,0,59,,90132,31,0,5,0,19,,90165,31,0,5,0,18,,90149,31,0,5,0,16,,90156,31,0,5,0,57,,90133,31,0,5,0,16,,90144,31,0,5,0,71,,90157,31,0,5,0,30,,90136,31,0,5,0,73,,90151,31,0,5,0,29,,90137,31,0,5,0,70,,90158,31,0,5,0,30,,90138,31,0,5,0
700,'5459',702,,90189,31,0,5,0,45,,90196,31,0,5,0,80,,90179,31,0,5,0,29,,90190,31,0,5,0,79,,90171,31,0,5,0,70,,90191,31,0,5,0,31,,90174,31,0,5,0,71,,90182,31,0,5,0,30,,90168,31,0,5,0,71,,90169,31,0,5,0,30,,90192,31,0,5,0,70,,90175,31,0,5,0,30,,90183,31,0,5,0,68,,90170,31,0,5,0,32,,90172,31,0,5,0,70,,90193,31,0,5,0,30,,90176,31,0,5,0,70,,90184,31,0,5,0,30,,90173,31,0,5,0,70,,90178,31,0,5,0,31,,90194,31,0,5,0,70,,90177,31,0,5,0,28,,90186,31,0,5,0,69,,90181,31,0,5,0,28,,90180,31,0,5,0,70,,90195,31,0,5,0,30,,90185,31,0,5,0,68,,90187,31,0,5,0,30,,90188,31,0,5,0
700,'5460',727,,90213,31,0,5,0,75,,90215,31,0,5,0,45,,90201,31,0,5,0,77,,90214,31,0,5,0,82,,90216,31,0,5,0,30,,90197,31,0,5,0,70,,90202,31,0,5,0,30,,90204,31,0,5,0,69,,90199,31,0,5,0,31,,90203,31,0,5,0,70,,90200,31,0,5,0,30,,90198,31,0,5,0,70,,90205,31,0,5,0,30,,90206,31,0,5,0,70,,90207,31,0,5,0,30,,90208,31,0,5,0,70,,90210,31,0,5,0,30,,90209,31,0,5,0,70,,90212,31,0,5,0,30,,90211,31,0,5,0,70,,90217,31,0,5,0,28,,90220,31,0,5,0,70,,90219,31,0,5,0,30,,90218,31,0,5,0,70,,90222,31,0,5,0,30,,90221,31,0,5,0
700,'5461',727,,90239,31,0,5,0,75,,90241,31,0,5,0,45,,90227,31,0,5,0,77,,90240,31,0,5,0,82,,90242,31,0,5,0,30,,90223,31,0,5,0,70,,90228,31,0,5,0,30,,90230,31,0,5,0,69,,90225,31,0,5,0,31,,90229,31,0,5,0,70,,90226,31,0,5,0,30,,90224,31,0,5,0,70,,90231,31,0,5,0,30,,90232,31,0,5,0,70,,90233,31,0,5,0,30,,90234,31,0,5,0,70,,90236,31,0,5,0,30,,90235,31,0,5,0,70,,90238,31,0,5,0,30,,90237,31,0,5,0,70,,90243,31,0,5,0,28,,90246,31,0,5,0,70,,90245,31,0,5,0,30,,90244,31,0,5,0,70,,90248,31,0,5,0,30,,90247,31,0,5,0
700,'5462',727,,90265,31,0,5,0,75,,90267,31,0,5,0,45,,90253,31,0,5,0,77,,90266,31,0,5,0,82,,90268,31,0,5,0,30,,90249,31,0,5,0,70,,90254,31,0,5,0,30,,90256,31,0,5,0,69,,90251,31,0,5,0,31,,90255,31,0,5,0,70,,90252,31,0,5,0,30,,90250,31,0,5,0,70,,90257,31,0,5,0,30,,90258,31,0,5,0,70,,90259,31,0,5,0,30,,90260,31,0,5,0,70,,90262,31,0,5,0,30,,90261,31,0,5,0,70,,90264,31,0,5,0,30,,90263,31,0,5,0,70,,90269,31,0,5,0,28,,90272,31,0,5,0,70,,90271,31,0,5,0,30,,90270,31,0,5,0,70,,90274,31,0,5,0,30,,90273,31,0,5,0
700,'5463',727,,90291,31,0,5,0,75,,90293,31,0,5,0,45,,90279,31,0,5,0,77,,90292,31,0,5,0,82,,90294,31,0,5,0,30,,90275,31,0,5,0,70,,90280,31,0,5,0,30,,90282,31,0,5,0,69,,90277,31,0,5,0,31,,90281,31,0,5,0,70,,90278,31,0,5,0,30,,90276,31,0,5,0,70,,90283,31,0,5,0,30,,90284,31,0,5,0,70,,90285,31,0,5,0,30,,90286,31,0,5,0,70,,90288,31,0,5,0,30,,90287,31,0,5,0,70,,90290,31,0,5,0,30,,90289,31,0,5,0,70,,90295,31,0,5,0,28,,90298,31,0,5,0,70,,90297,31,0,5,0,30,,90296,31,0,5,0,70,,90300,31,0,5,0,30,,90299,31,0,5,0
14000700,'4832',2104,,77671,35,0,5,0,31,,77672,35,0,5,0,70,,77673,35,0,5,0,100,,77674,35,0,5,0,97,,77675,35,0,5,0
14000700,'5453',2104,,81925,35,0,5,0,31,,81926,35,0,5,0,70,,81927,35,0,5,0,100,,81928,35,0,5,0,97,,81929,35,0,5,0
14000700,'5456',2203,,103939,35,0,5,0,29,,103935,35,0,5,0,71,,103940,35,0,5,0,29,,103936,35,0,5,0,71,,103938,35,0,5,0,29,,103937,35,0,5,0
14000700,'5458',2203,,103945,35,0,5,0,29,,103941,35,0,5,0,71,,103946,35,0,5,0,29,,103942,35,0,5,0,71,,103944,35,0,5,0,29,,103943,35,0,5,0
14000700,'5459',2202,,103947,35,0,5,0,34,,103948,35,0,5,0,69,,103949,35,0,5,0,29,,103950,35,0,5,0,70,,103951,35,0,5,0,31,,103952,35,0,5,0
14000700,'5460',2104,,103953,35,0,5,0,31,,103954,35,0,5,0,70,,103955,35,0,5,0,100,,103956,35,0,5,0,97,,103957,35,0,5,0
14000700,'5461',2104,,103958,35,0,5,0,31,,103959,35,0,5,0,70,,103960,35,0,5,0,100,,103961,35,0,5,0,97,,103962,35,0,5,0
14000700,'5462',2104,,103963,35,0,5,0,31,,103964,35,0,5,0,70,,103965,35,0,5,0,100,,103966,35,0,5,0,97,,103967,35,0,5,0
14000700,'5463',2104,,103968,35,0,5,0,31,,103969,35,0,5,0,70,,103970,35,0,5,0,100,,103971,35,0,5,0,97,,103972,35,0,5,0
