200,'5456',545,,87484,2,,,0,80,,87485,2,,,0,20,,87486,2,,,0,70,,87487,2,,,0,31,,87488,2,,,0,70,,87489,2,,,0,31,,87490,2,,,0,71,,87491,2,,,0,15,,87492,2,0,5,0,70,,87493,2,,,0,38,,87494,2,,,0,80,,87495,2,,,0,80,,87496,2,,,0,40,,87497,2,,,0,80,,87498,2,,,0,80,,87499,2,,,0,37,,87500,2,,,0,76,,87518,2,,,0,37,,87514,2,,,0,76,,87516,2,,,0,73,,87517,2,0,5,0,17,,87508,2,,,0,34,,87506,2,,,0,80,,87513,2,,,0,90,,87505,2,,,0,80,,87512,2,,,0,20,,87507,2,0,5,0,22,,87504,2,,,0,60,,87515,2,0,5,0,20,,87511,2,,,0,78,,87503,2,,,0,40,,87510,2,,,0,80,,87502,2,,,0,80,,87509,2,,,0,30,,87501,2,0,5,0
200,'5458',545,,87519,2,,,0,80,,87520,2,,,0,20,,87521,2,,,0,70,,87522,2,,,0,31,,87523,2,,,0,70,,87524,2,,,0,31,,87525,2,,,0,71,,87526,2,,,0,15,,87527,2,0,5,0,70,,87528,2,,,0,38,,87529,2,,,0,80,,87530,2,,,0,80,,87531,2,,,0,40,,87532,2,,,0,80,,87533,2,,,0,80,,87534,2,,,0,37,,87535,2,,,0,76,,87554,2,,,0,37,,87550,2,,,0,76,,87552,2,,,0,73,,87553,2,0,5,0,17,,87544,2,,,0,34,,87542,2,,,0,80,,87549,2,,,0,90,,87541,2,,,0,80,,87548,2,,,0,20,,87543,2,0,5,0,22,,87540,2,,,0,60,,87551,2,0,5,0,20,,87547,2,,,0,78,,87539,2,,,0,40,,87546,2,,,0,80,,87538,2,,,0,80,,87545,2,,,0,30,,87537,2,0,5,0,28,,87536,2,0,5,0
200,'5459',556,,87574,2,,,0,152,,87577,2,,,0,118,,87575,2,,,0,80,,87563,2,,,0,45,,87576,2,,,0,80,,87561,2,,,0,80,,87555,2,,,0,40,,87562,2,,,0,80,,87556,2,,,0,80,,87569,2,,,0,40,,87557,2,,,0,80,,87560,2,,,0,80,,87559,2,,,0,40,,87558,2,,,0,80,,87572,2,,,0,80,,87573,2,,,0,35,,87571,2,,,0,80,,87565,2,,,0,75,,87566,2,,,0,20,,87564,2,0,5,0,35,,87568,2,,,0,60,,87570,2,0,5,0,20,,87567,2,,,0,65,,87582,2,0,5,0,20,,87583,2,,,0,80,,87580,2,,,0,40,,87579,2,,,0,80,,87581,2,,,0,80,,87578,2,,,0,35,,87584,2,0,5,0
200,'5460',651,,87607,2,,,0,160,,87606,2,,,0,120,,87605,2,,,0,100,,87586,2,,,0,80,,87604,2,,,0,40,,87592,2,,,0,80,,87590,2,,,0,80,,87585,2,,,0,40,,87587,2,,,0,80,,87598,2,,,0,80,,87593,2,,,0,40,,87588,2,,,0,80,,87591,2,,,0,80,,87589,2,,,0,35,,87599,2,,,0,80,,87595,2,,,0,75,,87594,2,0,5,0,20,,87600,2,,,0,20,,87597,2,0,5,0,60,,87596,2,,,0,40,,87602,2,,,0,80,,87603,2,,,0,80,,87601,2,,,0,40,,87608,2,,,0,80,,87609,2,,,0
200,'5461',651,,87632,2,,,0,160,,87631,2,,,0,120,,87630,2,,,0,100,,87611,2,,,0,80,,87629,2,,,0,40,,87617,2,,,0,80,,87615,2,,,0,80,,87610,2,,,0,40,,87612,2,,,0,80,,87623,2,,,0,80,,87618,2,,,0,40,,87613,2,,,0,80,,87616,2,,,0,80,,87614,2,,,0,35,,87624,2,,,0,80,,87620,2,,,0,75,,87619,2,0,5,0,20,,87625,2,,,0,20,,87622,2,0,5,0,60,,87621,2,,,0,40,,87627,2,,,0,80,,87628,2,,,0,80,,87626,2,,,0,40,,87633,2,,,0,80,,87634,2,,,0
200,'5462',651,,87657,2,,,0,160,,87656,2,,,0,120,,87655,2,,,0,100,,87636,2,,,0,80,,87654,2,,,0,40,,87642,2,,,0,80,,87640,2,,,0,80,,87635,2,,,0,40,,87637,2,,,0,80,,87648,2,,,0,80,,87643,2,,,0,40,,87638,2,,,0,80,,87641,2,,,0,80,,87639,2,,,0,35,,87649,2,,,0,80,,87645,2,,,0,75,,87644,2,0,5,0,20,,87650,2,,,0,20,,87647,2,0,5,0,60,,87646,2,,,0,40,,87652,2,,,0,80,,87653,2,,,0,80,,87651,2,,,0,40,,87658,2,,,0,80,,87659,2,,,0
200,'5463',651,,87682,2,,,0,160,,87681,2,,,0,120,,87680,2,,,0,100,,87661,2,,,0,80,,87679,2,,,0,40,,87667,2,,,0,80,,87665,2,,,0,80,,87660,2,,,0,40,,87662,2,,,0,80,,87673,2,,,0,80,,87668,2,,,0,40,,87663,2,,,0,80,,87666,2,,,0,80,,87664,2,,,0,35,,87674,2,,,0,80,,87670,2,,,0,75,,87669,2,0,5,0,20,,87675,2,,,0,20,,87672,2,0,5,0,60,,87671,2,,,0,40,,87677,2,,,0,80,,87678,2,,,0,80,,87676,2,,,0,40,,87683,2,,,0,80,,87684,2,,,0
201,'5456',1525,,87717,23,4,,0
201,'5458',1525,,87751,23,4,,0
201,'5459',2504,,87779,16,4,,0
201,'5460',2359,,87804,42,4,,0
201,'5461',2359,,87829,42,4,,0
201,'5462',2359,,87854,42,4,,0
201,'5463',2359,,87879,42,4,,0
500,'5456',605,,89074,2,,,0,95,,89075,2,,,0,31,,89076,2,,,0,70,,89077,2,,,0,31,,89078,2,,,0,70,,89079,2,,,0,46,,89080,2,,,0,73,,89081,2,,,0,80,,89082,2,,,0,40,,89083,2,,,0,80,,89084,2,,,0,80,,89085,2,,,0,40,,89086,2,,,0,80,,89087,2,,,0,35,,89092,2,,,0,76,,89090,2,,,0,77,,89088,2,,,0,34,,89091,2,,,0,91,,89093,2,,,0,77,,89095,2,,,0,45,,89089,2,,,0,85,,89094,2,,,0
500,'5458',605,,89096,2,,,0,95,,89097,2,,,0,31,,89098,2,,,0,70,,89099,2,,,0,31,,89100,2,,,0,70,,89101,2,,,0,46,,89102,2,,,0,73,,89103,2,,,0,80,,89104,2,,,0,40,,89105,2,,,0,80,,89106,2,,,0,80,,89107,2,,,0,40,,89108,2,,,0,80,,89109,2,,,0,35,,89114,2,,,0,76,,89112,2,,,0,77,,89110,2,,,0,34,,89113,2,,,0,91,,89115,2,,,0,77,,89117,2,,,0,45,,89111,2,,,0,85,,89116,2,,,0
500,'5459',631,,89129,2,,,0,116,,89125,2,,,0,99,,89128,2,,,0,80,,89119,2,,,0,85,,89126,2,,,0,40,,89120,2,,,0,80,,89135,2,,,0,80,,89127,2,,,0,40,,89118,2,,,0,80,,89124,2,,,0,80,,89121,2,,,0,40,,89131,2,,,0,80,,89122,2,,,0,80,,89123,2,,,0,40,,89132,2,,,0,75,,89133,2,,,0,80,,89134,2,,,0,40,,89130,2,,,0,90,,89136,2,,,0
500,'5460',731,,89150,2,,,0,120,,89149,2,,,0,160,,89148,2,,,0,40,,89143,2,,,0,80,,89137,2,,,0,80,,89138,2,,,0,40,,89151,2,,,0,80,,89144,2,,,0,80,,89141,2,,,0,40,,89139,2,,,0,80,,89140,2,,,0,80,,89152,2,,,0,40,,89145,2,,,0,75,,89142,2,,,0,80,,89146,2,,,0,40,,89147,2,,,0
500,'5461',731,,89166,2,,,0,120,,89163,2,,,0,160,,89165,2,,,0,40,,89159,2,,,0,80,,89153,2,,,0,80,,89154,2,,,0,40,,89167,2,,,0,80,,89160,2,,,0,80,,89157,2,,,0,40,,89155,2,,,0,80,,89156,2,,,0,80,,89168,2,,,0,40,,89161,2,,,0,75,,89158,2,,,0,80,,89162,2,,,0,40,,89164,2,,,0
500,'5462',731,,89182,2,,,0,120,,89181,2,,,0,160,,89180,2,,,0,40,,89175,2,,,0,80,,89169,2,,,0,80,,89170,2,,,0,40,,89183,2,,,0,80,,89176,2,,,0,80,,89173,2,,,0,40,,89171,2,,,0,80,,89172,2,,,0,80,,89184,2,,,0,40,,89177,2,,,0,75,,89174,2,,,0,80,,89178,2,,,0,40,,89179,2,,,0
500,'5463',731,,89198,2,,,0,120,,89197,2,,,0,160,,89196,2,,,0,40,,89191,2,,,0,80,,89185,2,,,0,80,,89186,2,,,0,40,,89199,2,,,0,80,,89192,2,,,0,80,,89189,2,,,0,40,,89187,2,,,0,80,,89188,2,,,0,80,,89200,2,,,0,40,,89193,2,,,0,75,,89190,2,,,0,80,,89194,2,,,0,40,,89195,2,,,0
