5300,'5456',637,,99177,26,0,25 40,0,74,,99175,26,,,0,144,,99179,26,0,25 40,0,184,,99176,26,0,25 40,0,170,,99182,26,0,25 40,0,132,,99181,35,0,25 40,0,190,,99183,35,0,25 40,0,105,,99180,35,0,25 40,0,168,,99178,35,0,25 40,0,126,,99184,35,0,25 40,0,170,,99185,35,0,25 40,0
5300,'5458',637,,99188,26,0,25 40,0,74,,99186,26,,,0,144,,99190,26,0,25 40,0,184,,99187,26,0,25 40,0,170,,99193,26,0,25 40,0,132,,99192,35,0,25 40,0,190,,99194,35,0,25 40,0,105,,99191,35,0,25 40,0,168,,99189,35,0,25 40,0,126,,99195,35,0,25 40,0,170,,99196,35,0,25 40,0
5300,'5459',717,,99197,26,0,25 40,0,201,,99201,26,0,25 40,0,211,,99202,26,0,25 40,0,218,,99203,35,0,25 40,0,210,,99200,35,0,25 40,0,249,,99198,35,0,25 40,0,204,,99199,35,0,25 40,0
5300,'5460',717,,99207,26,0,25 40,0,202,,99204,26,0,25 40,0,209,,99205,26,0,25 40,0,217,,99208,35,0,25 40,0,210,,99206,35,0,25 40,0,250,,99210,35,0,25 40,0,205,,99209,35,0,25 40,0
5300,'5461',717,,99214,26,0,25 40,0,202,,99211,26,0,25 40,0,209,,99212,26,0,25 40,0,217,,99215,35,0,25 40,0,210,,99213,35,0,25 40,0,250,,99217,35,0,25 40,0,205,,99216,35,0,25 40,0
5300,'5462',717,,99221,26,0,25 40,0,202,,99218,26,0,25 40,0,209,,99219,26,0,25 40,0,217,,99222,35,0,25 40,0,210,,99220,35,0,25 40,0,250,,99224,35,0,25 40,0,205,,99223,35,0,25 40,0
5300,'5463',717,,99228,26,0,25 40,0,202,,99225,26,0,25 40,0,209,,99226,26,0,25 40,0,217,,99229,35,0,25 40,0,210,,99227,35,0,25 40,0,250,,99231,35,0,25 40,0,205,,99230,35,0,25 40,0
5301,'5456',748,,99236,9,,,0,157,,99233,9,,,0,200,,99232,9,,,0,130,,99237,9,,,0,173,,99238,9,,,0,193,,99239,9,,,0,58,,99234,28,,,0,172,,99235,9,,,0,127,,99240,9,,,0,170,,99241,9,,,0
5301,'5458',748,,99246,9,,,0,157,,99243,9,,,0,200,,99242,9,,,0,130,,99247,9,,,0,173,,99248,9,,,0,193,,99249,9,,,0,58,,99244,28,,,0,172,,99245,9,,,0,127,,99250,9,,,0,170,,99251,9,,,0
5301,'5459',743,,99257,9,,,0,200,,99258,9,,,0,212,,99256,9,,,0,258,,99253,9,,,0,210,,99254,9,,,0,210,,99255,9,,,0,202,,99252,9,,,0
5301,'5460',743,,99262,9,,,0,200,,99259,9,,,0,212,,99260,9,,,0,258,,99263,9,,,0,210,,99261,9,,,0,210,,99264,9,,,0,202,,99265,9,,,0
5301,'5461',743,,99269,9,,,0,200,,99266,9,,,0,212,,99267,9,,,0,258,,99270,9,,,0,210,,99268,9,,,0,210,,99271,9,,,0,202,,99272,9,,,0
5301,'5462',743,,99276,9,,,0,200,,99273,9,,,0,212,,99274,9,,,0,258,,99277,9,,,0,210,,99275,9,,,0,210,,99278,9,,,0,202,,99279,9,,,0
5301,'5463',743,,99283,9,,,0,200,,99280,9,,,0,212,,99281,9,,,0,258,,99284,9,,,0,210,,99282,9,,,0,210,,99285,9,,,0,202,,99286,9,,,0
