201,'5456',554,,87685,11,0,46 37,0,61,,87686,11,0,46 37,0,26,,87687,11,0,46 37,0,68,,87688,11,0,46 37,0,30,,87689,11,0,46 37,0,69,,87690,11,0,46 37,0,32,,87691,11,0,46 37,0,72,,87692,11,0,46 37,0,33,,87693,11,0,46 37,0,78,,87694,11,0,46 37,0,79,,87695,11,0,46 37,0,39,,87696,11,0,46 37,0,80,,87697,11,0,46 37,0,79,,87698,11,0,46 37,0,40,,87699,11,0,46 37,0,92,,87701,11,0,46 37,0,72,,87713,11,0,46 37,0,37,,87715,11,0,46 37,0,76,,87716,11,0,46 37,0,37,,87712,11,0,46 37,0,77,,87714,11,0,46 37,0,89,,87707,11,0,46 37,0,25,,87706,11,0,46 37,0,83,,87711,11,0,46 37,0,83,,87705,11,0,46 37,0,41,,87710,11,0,46 37,0,78,,87704,11,0,46 37,0,81,,87709,11,0,46 37,0,41,,87703,11,0,46 37,0,82,,87708,11,0,46 37,0,72,,87702,11,0,46 37,0
201,'5458',554,,87718,11,0,46 37,0,61,,87719,11,0,46 37,0,26,,87720,11,0,46 37,0,68,,87721,11,0,46 37,0,30,,87722,11,0,46 37,0,69,,87723,11,0,46 37,0,32,,87724,11,0,46 37,0,72,,87725,11,0,46 37,0,33,,87726,11,0,46 37,0,78,,87727,11,0,46 37,0,79,,87728,11,0,46 37,0,39,,87729,11,0,46 37,0,80,,87730,11,0,46 37,0,79,,87731,11,0,46 37,0,40,,87732,11,0,46 37,0,92,,87734,11,0,46 37,0,72,,87747,11,0,46 37,0,37,,87749,11,0,46 37,0,76,,87750,11,0,46 37,0,37,,87746,11,0,46 37,0,77,,87748,11,0,46 37,0,89,,87741,11,0,46 37,0,25,,87740,11,0,46 37,0,83,,87745,11,0,46 37,0,83,,87739,11,0,46 37,0,41,,87744,11,0,46 37,0,78,,87738,11,0,46 37,0,81,,87743,11,0,46 37,0,41,,87737,11,0,46 37,0,82,,87742,11,0,46 37,0,72,,87736,11,0,46 37,0
201,'5459',637,,87772,11,0,46 37,0,118,,87773,11,0,46 37,0,163,,87767,11,0,46 37,0,39,,87760,11,0,46 37,0,97,,87770,11,0,46 37,0,78,,87761,11,0,46 37,0,80,,87753,11,0,46 37,0,38,,87756,11,0,46 37,0,78,,87755,11,0,46 37,0,81,,87765,11,0,46 37,0,40,,87757,11,0,46 37,0,81,,87754,11,0,46 37,0,81,,87758,11,0,46 37,0,36,,87766,11,0,46 37,0,81,,87769,11,0,46 37,0,81,,87768,11,0,46 37,0,38,,87771,11,0,46 37,0,76,,87762,11,0,46 37,0,80,,87763,11,0,46 37,0,45,,87764,11,0,46 37,0,81,,87777,11,0,46 37,0,81,,87774,11,0,46 37,0,43,,87775,11,0,46 37,0,81,,87776,11,0,46 37,0,76,,87778,11,0,46 37,0
201,'5460',624,,87794,11,0,46 37,0,119,,87801,11,0,46 37,0,157,,87795,11,0,46 37,0,135,,87802,11,0,46 37,0,100,,87781,11,0,46 37,0,79,,87792,11,0,46 37,0,39,,87788,11,0,46 37,0,79,,87787,11,0,46 37,0,81,,87783,11,0,46 37,0,40,,87784,11,0,46 37,0,80,,87793,11,0,46 37,0,81,,87789,11,0,46 37,0,36,,87785,11,0,46 37,0,81,,87786,11,0,46 37,0,81,,87790,11,0,46 37,0,37,,87799,11,0,46 37,0,81,,87791,11,0,46 37,0,80,,87798,11,0,46 37,0,41,,87797,11,0,46 37,0,80,,87800,11,0,46 37,0,81,,87796,11,0,46 37,0,42,,87803,11,0,46 37,0,82,,87804,11,0,46 37,0
201,'5461',624,,87819,11,0,46 37,0,119,,87826,11,0,46 37,0,157,,87820,11,0,46 37,0,135,,87827,11,0,46 37,0,100,,87806,11,0,46 37,0,79,,87817,11,0,46 37,0,39,,87813,11,0,46 37,0,79,,87812,11,0,46 37,0,81,,87808,11,0,46 37,0,40,,87809,11,0,46 37,0,80,,87818,11,0,46 37,0,81,,87814,11,0,46 37,0,36,,87810,11,0,46 37,0,81,,87811,11,0,46 37,0,81,,87815,11,0,46 37,0,37,,87824,11,0,46 37,0,81,,87816,11,0,46 37,0,80,,87823,11,0,46 37,0,41,,87822,11,0,46 37,0,80,,87825,11,0,46 37,0,81,,87821,11,0,46 37,0,42,,87828,11,0,46 37,0,82,,87829,11,0,46 37,0
201,'5462',624,,87844,11,0,46 37,0,119,,87851,11,0,46 37,0,157,,87845,11,0,46 37,0,135,,87852,11,0,46 37,0,100,,87831,11,0,46 37,0,79,,87842,11,0,46 37,0,39,,87838,11,0,46 37,0,79,,87837,11,0,46 37,0,81,,87833,11,0,46 37,0,40,,87834,11,0,46 37,0,80,,87843,11,0,46 37,0,81,,87839,11,0,46 37,0,36,,87835,11,0,46 37,0,81,,87836,11,0,46 37,0,81,,87840,11,0,46 37,0,37,,87849,11,0,46 37,0,81,,87841,11,0,46 37,0,80,,87848,11,0,46 37,0,41,,87847,11,0,46 37,0,80,,87850,11,0,46 37,0,81,,87846,11,0,46 37,0,42,,87853,11,0,46 37,0,82,,87854,11,0,46 37,0
201,'5463',624,,87869,11,0,46 37,0,119,,87876,11,0,46 37,0,157,,87870,11,0,46 37,0,135,,87877,11,0,46 37,0,100,,87856,11,0,46 37,0,79,,87867,11,0,46 37,0,39,,87863,11,0,46 37,0,79,,87862,11,0,46 37,0,81,,87858,11,0,46 37,0,40,,87859,11,0,46 37,0,80,,87868,11,0,46 37,0,81,,87864,11,0,46 37,0,36,,87860,11,0,46 37,0,81,,87861,11,0,46 37,0,81,,87865,11,0,46 37,0,37,,87874,11,0,46 37,0,81,,87866,11,0,46 37,0,80,,87873,11,0,46 37,0,41,,87872,11,0,46 37,0,80,,87875,11,0,46 37,0,81,,87871,11,0,46 37,0,42,,87878,11,0,46 37,0,82,,87879,11,0,46 37,0
801,'5456',639,,90641,2,,,0,75,,90642,2,,,0,24,,90645,2,,,0,64,,90643,2,,,0,35,,90646,2,,,0,87,,90644,2,,,0,83,,90647,2,,,0,31,,90649,2,,,0,82,,90648,2,,,0,84,,90651,2,,,0,39,,90650,2,,,0,85,,90654,2,,,0,86,,90652,2,,,0,26,,90666,2,0,8 9,0,17,,90653,2,,,0,72,,90656,2,,,0,75,,90655,2,,,0,37,,90658,2,,,0,85,,90657,2,,,0,32,,90660,2,,,0,72,,90659,2,,,0,74,,90661,2,,,0,48,,90662,2,,,0,97,,90663,2,,,0,85,,90664,2,,,0
801,'5458',639,,90667,2,,,0,75,,90668,2,,,0,24,,90671,2,,,0,64,,90669,2,,,0,35,,90672,2,,,0,87,,90670,2,,,0,83,,90673,2,,,0,31,,90675,2,,,0,82,,90674,2,,,0,84,,90677,2,,,0,39,,90676,2,,,0,85,,90680,2,,,0,86,,90678,2,,,0,26,,90692,2,0,8 9,0,17,,90679,2,,,0,72,,90682,2,,,0,75,,90681,2,,,0,37,,90684,2,,,0,85,,90683,2,,,0,32,,90686,2,,,0,72,,90685,2,,,0,74,,90687,2,,,0,48,,90688,2,,,0,97,,90689,2,,,0,85,,90690,2,,,0
801,'5459',716,,90694,2,0,8 9,0,85,,90695,2,0,8 9,0,45,,90696,2,0,8 9,0,85,,90697,2,0,8 9,0,85,,90698,2,0,8 9,0,90,,90699,2,0,8 9,0,48,,90700,2,0,8 9,0,90,,90701,2,0,8 9,0,92,,90693,2,0,8 9,0,91,,90702,2,0,8 9,0,92,,90703,2,0,8 9,0,90,,90704,2,0,8 9,0,91,,90705,2,0,8 9,0,47,,90706,2,0,8 9,0,84,,90707,2,0,8 9,0
801,'5460',931,,90709,2,0,8 9,0,85,,90710,2,0,8 9,0,90,,90711,2,0,8 9,0,48,,90712,2,0,8 9,0,90,,90708,2,0,8 9,0,92,,90713,2,0,8 9,0,91,,90714,2,0,8 9,0,92,,90715,2,0,8 9,0,90,,90716,2,0,8 9,0,91,,90717,2,0,8 9,0,47,,90718,2,0,8 9,0
801,'5461',931,,90720,2,0,8 9,0,85,,90721,2,0,8 9,0,90,,90722,2,0,8 9,0,48,,90723,2,0,8 9,0,90,,90719,2,0,8 9,0,92,,90724,2,0,8 9,0,91,,90725,2,0,8 9,0,92,,90726,2,0,8 9,0,90,,90727,2,0,8 9,0,91,,90728,2,0,8 9,0,47,,90729,2,0,8 9,0
801,'5462',931,,90731,2,0,8 9,0,85,,90732,2,0,8 9,0,90,,90733,2,0,8 9,0,48,,90734,2,0,8 9,0,90,,90730,2,0,8 9,0,92,,90735,2,0,8 9,0,91,,90736,2,0,8 9,0,92,,90737,2,0,8 9,0,90,,90738,2,0,8 9,0,91,,90739,2,0,8 9,0,47,,90740,2,0,8 9,0
801,'5463',931,,90742,2,0,8 9,0,85,,90743,2,0,8 9,0,90,,90744,2,0,8 9,0,48,,90745,2,0,8 9,0,90,,90741,2,0,8 9,0,92,,90746,2,0,8 9,0,91,,90747,2,0,8 9,0,92,,90748,2,0,8 9,0,90,,90749,2,0,8 9,0,91,,90750,2,0,8 9,0,47,,90751,2,0,8 9,0
