601,'5456',547,,89704,23,,,0,55,,89705,23,,,0,29,,89706,23,,,0,24,,89707,23,,,0,56,,89718,23,,,0,15,,89708,23,,,0,7,,89725,23,,,0,15,,89709,23,,,0,56,,89712,23,,,0,13,,89719,23,,,0,19,,89710,23,,,0,17,,89711,23,,,0,57,,89713,23,,,0,16,,89732,23,,,0,20,,89714,23,,,0,62,,89723,23,,,0,23,,89715,23,,,0,23,,89716,23,,,0,63,,89717,23,,,0,24,,89720,23,,,0,64,,89721,23,,,0,24,,89722,23,,,0,25,,89724,23,,,0,66,,89726,23,,,0,23,,89727,23,,,0,61,,89728,23,,,0,20,,89729,23,,,0,20,,89730,23,,,0,60,,89731,23,,,0,19,,89733,23,,,0,11,,89755,13,,,0,5,,89734,23,,,0,10,,89735,23,,,0,60,,89736,23,,,0,19,,89737,23,,,0,20,,89738,23,,,0,62,,89739,23,,,0,21,,89740,23,,,0,24,,89741,23,,,0,63,,89742,23,,,0,12,,89743,23,,,0,25,,89744,23,,,0,70,,89745,23,,,0,33,,89746,23,,,0,76,,89748,23,,,0,18,,89747,23,,,0,76,,89750,23,,,0,21,,89749,23,,,0,90,,89751,23,,,0,100,,89752,23,,,0,71,,89754,23,,,0,31,,89753,23,,,0
601,'5458',547,,89756,23,,,0,55,,89757,23,,,0,29,,89758,23,,,0,24,,89759,23,,,0,56,,89770,23,,,0,15,,89760,23,,,0,7,,89777,23,,,0,15,,89761,23,,,0,56,,89764,23,,,0,13,,89771,23,,,0,19,,89762,23,,,0,17,,89763,23,,,0,57,,89765,23,,,0,16,,89784,23,,,0,20,,89766,23,,,0,62,,89775,23,,,0,23,,89767,23,,,0,23,,89768,23,,,0,63,,89769,23,,,0,24,,89772,23,,,0,64,,89773,23,,,0,24,,89774,23,,,0,25,,89776,23,,,0,66,,89778,23,,,0,23,,89779,23,,,0,61,,89780,23,,,0,20,,89781,23,,,0,20,,89782,23,,,0,60,,89783,23,,,0,19,,89785,23,,,0,11,,89811,13,,,0,5,,89786,23,,,0,10,,89787,23,,,0,60,,89788,23,,,0,19,,89789,23,,,0,20,,89790,23,,,0,62,,89791,23,,,0,21,,89792,23,,,0,24,,89793,23,,,0,63,,89794,23,,,0,12,,89795,23,,,0,25,,89796,23,,,0,70,,89797,23,,,0,33,,89798,23,,,0,76,,89800,23,,,0,18,,89799,23,,,0,76,,89802,23,,,0,21,,89801,23,,,0,90,,89803,23,,,0,100,,89804,23,,,0,71,,89806,23,,,0,31,,89805,23,,,0,70,,89808,23,,,0,30,,89810,23,,,0,71,,89807,23,,,0,30,,89809,23,,,0
601,'5459',607,,89814,23,,,0,23,,89815,23,,,0,20,,89812,23,,,0,78,,89816,23,,,0,16,,89817,23,,,0,60,,89818,23,,,0,33,,89819,23,,,0,14,,89820,23,,,0,55,,89821,23,,,0,28,,89822,23,,,0,13,,89823,23,,,0,53,,89813,23,,,0,23,,89824,23,,,0,12,,89825,23,,,0,12,,89826,23,,,0,64,,89828,23,,,0,11,,89829,23,,,0,12,,89827,23,,,0,24,,89830,23,,,0,52,,89831,23,,,0,12,,89832,23,,,0,23,,89839,23,,,0,12,,89833,23,,,0,52,,89834,23,,,0,24,,89835,23,,,0,10,,89836,23,,,0,11,,89837,23,,,0,60,,89840,23,,,0,10,,89841,23,,,0,11,,89842,23,,,0,21,,89838,23,,,0,51,,89843,23,,,0,10,,89848,23,,,0,21,,89844,23,,,0,10,,89845,23,,,0,10,,89846,23,,,0,61,,89847,23,,,0,10,,89849,23,,,0,10,,89850,23,,,0,11,,89851,23,,,0,64,,89852,23,,,0,12,,89853,23,,,0,12,,89854,23,,,0,13,,89855,23,,,0,64,,89856,23,,,0,12,,89857,23,,,0,13,,89858,23,,,0,15,,89859,23,,,0,70,,89860,23,,,0,15,,89861,23,,,0,15,,89862,23,,,0,76,,89863,23,,,0,18,,89864,23,,,0,76,,89865,23,,,0,18,,89866,23,,,0,82,,89867,23,,,0,25,,89868,23,,,0,95,,89869,23,,,0,65,,89870,23,,,0,31,,89871,23,,,0,70,,89872,23,,,0,30,,89873,23,,,0,70,,89874,23,,,0,29,,89875,23,,,0
601,'5460',649,,89913,23,,,0,95,,89887,23,,,0,85,,89896,23,,,0,19,,89886,23,,,0,80,,89912,23,,,0,17,,89901,23,,,0,55,,89923,23,,,0,30,,89876,23,,,0,16,,89915,23,,,0,55,,89903,23,,,0,30,,89885,23,,,0,15,,89878,23,,,0,12,,89877,23,,,0,64,,89905,23,,,0,12,,89880,23,,,0,12,,89881,23,,,0,12,,89895,23,,,0,64,,89879,23,,,0,12,,89920,23,,,0,12,,89904,23,,,0,12,,89884,23,,,0,64,,89894,23,,,0,12,,89883,23,,,0,12,,89882,23,,,0,12,,89918,23,,,0,64,,89890,23,,,0,13,,89891,23,,,0,12,,89893,23,,,0,12,,89892,23,,,0,64,,89919,23,,,0,12,,89898,23,,,0,12,,89888,23,,,0,12,,89889,23,,,0,64,,89924,23,,,0,12,,89900,23,,,0,13,,89916,23,,,0,56,,89897,23,,,0,30,,89902,23,,,0,19,,89899,23,,,0,57,,89910,23,,,0,36,,89907,23,,,0,58,,89906,23,,,0,34,,89908,23,,,0,17,,89909,23,,,0,75,,89914,23,,,0,20,,89917,23,,,0,96,,89911,23,,,0,70,,89922,23,,,0,90,,89921,23,,,0
601,'5461',649,,89962,23,,,0,95,,89936,23,,,0,85,,89945,23,,,0,19,,89935,23,,,0,80,,89961,23,,,0,17,,89950,23,,,0,55,,89972,23,,,0,30,,89925,23,,,0,16,,89964,23,,,0,55,,89952,23,,,0,30,,89934,23,,,0,15,,89927,23,,,0,12,,89926,23,,,0,64,,89954,23,,,0,12,,89929,23,,,0,12,,89930,23,,,0,12,,89944,23,,,0,64,,89928,23,,,0,12,,89969,23,,,0,12,,89953,23,,,0,12,,89933,23,,,0,64,,89943,23,,,0,12,,89932,23,,,0,12,,89931,23,,,0,12,,89967,23,,,0,64,,89939,23,,,0,13,,89940,23,,,0,12,,89942,23,,,0,12,,89941,23,,,0,64,,89968,23,,,0,12,,89947,23,,,0,12,,89937,23,,,0,12,,89938,23,,,0,64,,89973,23,,,0,12,,89949,23,,,0,13,,89965,23,,,0,56,,89946,23,,,0,30,,89951,23,,,0,19,,89948,23,,,0,57,,89959,23,,,0,36,,89956,23,,,0,58,,89955,23,,,0,34,,89957,23,,,0,17,,89958,23,,,0,75,,89963,23,,,0,20,,89966,23,,,0,96,,89960,23,,,0,70,,89971,23,,,0,90,,89970,23,,,0
601,'5462',649,,90011,23,,,0,95,,89985,23,,,0,85,,89994,23,,,0,19,,89984,23,,,0,80,,90010,23,,,0,17,,89999,23,,,0,55,,90021,23,,,0,30,,89974,23,,,0,16,,90013,23,,,0,55,,90001,23,,,0,30,,89983,23,,,0,15,,89976,23,,,0,12,,89975,23,,,0,64,,90003,23,,,0,12,,89978,23,,,0,12,,89979,23,,,0,12,,89993,23,,,0,64,,89977,23,,,0,12,,90018,23,,,0,12,,90002,23,,,0,12,,89982,23,,,0,64,,89992,23,,,0,12,,89981,23,,,0,12,,89980,23,,,0,12,,90016,23,,,0,64,,89988,23,,,0,13,,89989,23,,,0,12,,89991,23,,,0,12,,89990,23,,,0,64,,90017,23,,,0,12,,89996,23,,,0,12,,89986,23,,,0,12,,89987,23,,,0,64,,90022,23,,,0,12,,89998,23,,,0,13,,90014,23,,,0,56,,89995,23,,,0,30,,90000,23,,,0,19,,89997,23,,,0,57,,90008,23,,,0,36,,90005,23,,,0,58,,90004,23,,,0,34,,90006,23,,,0,17,,90007,23,,,0,75,,90012,23,,,0,20,,90015,23,,,0,96,,90009,23,,,0,70,,90020,23,,,0,90,,90019,23,,,0
601,'5463',649,,90060,23,,,0,95,,90034,23,,,0,85,,90043,23,,,0,19,,90033,23,,,0,80,,90059,23,,,0,17,,90048,23,,,0,55,,90070,23,,,0,30,,90023,23,,,0,16,,90062,23,,,0,55,,90050,23,,,0,30,,90032,23,,,0,15,,90025,23,,,0,12,,90024,23,,,0,64,,90052,23,,,0,12,,90027,23,,,0,12,,90028,23,,,0,12,,90042,23,,,0,64,,90026,23,,,0,12,,90067,23,,,0,12,,90051,23,,,0,12,,90031,23,,,0,64,,90041,23,,,0,12,,90030,23,,,0,12,,90029,23,,,0,12,,90065,23,,,0,64,,90037,23,,,0,13,,90038,23,,,0,12,,90040,23,,,0,12,,90039,23,,,0,64,,90066,23,,,0,12,,90045,23,,,0,12,,90035,23,,,0,12,,90036,23,,,0,64,,90071,23,,,0,12,,90047,23,,,0,13,,90063,23,,,0,56,,90044,23,,,0,30,,90049,23,,,0,19,,90046,23,,,0,57,,90057,23,,,0,36,,90054,23,,,0,58,,90053,23,,,0,34,,90055,23,,,0,17,,90056,23,,,0,75,,90061,23,,,0,20,,90064,23,,,0,96,,90058,23,,,0,70,,90069,23,,,0,90,,90068,23,,,0
1000601,'5456',617,,103577,31,,,0,87,,103581,31,,,0,36,,103587,31,,,0,70,,103578,31,,,0,35,,103584,31,,,0,73,,103579,31,,,0,39,,103580,31,,,0,86,,103582,31,,,0,86,,103585,31,,,0,88,,103583,31,,,0,90,,103586,31,,,0,47,,103589,31,,,0,80,,103591,31,,,0,80,,103588,31,,,0,45,,103590,31,,,0,77,,103592,31,,,0,84,,103593,31,,,0,86,,103594,31,,,0,104,,103595,31,,,0,106,,103596,31,,,0,94,,103597,31,,,0,99,,103598,31,,,0,100,,103599,31,,,0
1000601,'5458',617,,103600,31,,,0,87,,103604,31,,,0,36,,103610,31,,,0,70,,103601,31,,,0,35,,103607,31,,,0,73,,103602,31,,,0,39,,103603,31,,,0,86,,103605,31,,,0,86,,103608,31,,,0,88,,103606,31,,,0,90,,103609,31,,,0,47,,103612,31,,,0,80,,103614,31,,,0,80,,103611,31,,,0,45,,103613,31,,,0,77,,103615,31,,,0,84,,103616,31,,,0,86,,103617,31,,,0,104,,103618,31,,,0,106,,103619,31,,,0,94,,103620,31,,,0,99,,103621,31,,,0,100,,103622,31,,,0
1000601,'5459',710,,103623,31,,,0,111,,103624,31,,,0,100,,103625,31,,,0,90,,103626,31,,,0,48,,103627,31,,,0,87,,103628,31,,,0,88,,103629,31,,,0,88,,103630,31,,,0,82,,103632,31,,,0,42,,103631,31,,,0,82,,103633,31,,,0,81,,103634,31,,,0,93,,103635,31,,,0,100,,103636,31,,,0,108,,103637,31,,,0,103,,103638,31,,,0,94,,103639,31,,,0,98,,103640,31,,,0,110,,103641,31,,,0
1000601,'5460',719,,103649,31,,,0,90,,103655,31,,,0,99,,103643,31,,,0,107,,103647,31,,,0,101,,103642,31,,,0,94,,103657,31,,,0,100,,103644,31,,,0,100,,103645,31,,,0,100,,103651,31,,,0,101,,103648,31,,,0,100,,103646,31,,,0,108,,103650,31,,,0,109,,103652,31,,,0,93,,103654,31,,,0,91,,103653,31,,,0,107,,103656,31,,,0
1000601,'5461',719,,103665,31,,,0,90,,103671,31,,,0,99,,103659,31,,,0,107,,103663,31,,,0,101,,103658,31,,,0,94,,103673,31,,,0,100,,103660,31,,,0,100,,103661,31,,,0,100,,103667,31,,,0,101,,103664,31,,,0,100,,103662,31,,,0,108,,103666,31,,,0,109,,103668,31,,,0,93,,103670,31,,,0,91,,103669,31,,,0,107,,103672,31,,,0
1000601,'5462',719,,103681,31,,,0,90,,103687,31,,,0,99,,103675,31,,,0,107,,103679,31,,,0,101,,103674,31,,,0,94,,103689,31,,,0,100,,103676,31,,,0,100,,103677,31,,,0,100,,103683,31,,,0,101,,103680,31,,,0,100,,103678,31,,,0,108,,103682,31,,,0,109,,103684,31,,,0,93,,103686,31,,,0,91,,103685,31,,,0,107,,103688,31,,,0
1000601,'5463',719,,103697,31,,,0,90,,103703,31,,,0,99,,103691,31,,,0,107,,103695,31,,,0,101,,103690,31,,,0,94,,103705,31,,,0,100,,103692,31,,,0,100,,103693,31,,,0,100,,103699,31,,,0,101,,103696,31,,,0,100,,103694,31,,,0,108,,103698,31,,,0,109,,103700,31,,,0,93,,103702,31,,,0,91,,103701,31,,,0,107,,103704,31,,,0
2000601,'5456',643,,103898,26,,,0,75,,103897,26,,,0,38,,103909,26,,,0,70,,103900,26,,,0,76,,103907,26,,,0,32,,103899,26,,,0,86,,103901,26,,,0,86,,103902,26,,,0,47,,103903,26,,,0,89,,103904,26,,,0,90,,103905,26,,,0,82,,103906,26,,,0,40,,103908,26,,,0,78,,103911,26,,,0,86,,103910,26,,,0,41,,103912,26,,,0,84,,103913,26,,,0,100,,103914,26,,,0,97,,103915,26,,,0
2000601,'5458',643,,103917,26,,,0,75,,103916,26,,,0,38,,103928,26,,,0,70,,103919,26,,,0,76,,103926,26,,,0,32,,103918,26,,,0,86,,103920,26,,,0,86,,103921,26,,,0,47,,103922,26,,,0,89,,103923,26,,,0,90,,103924,26,,,0,82,,103925,26,,,0,40,,103927,26,,,0,78,,103930,26,,,0,86,,103929,26,,,0,41,,103931,26,,,0,84,,103932,26,,,0,100,,103933,26,,,0,97,,103934,26,,,0
