2400,'5456',641,,94437,40,,,0,75,,94438,40,,,0,40,,94439,40,,,0,102,,94440,40,,,0,149,,94442,40,,,0,100,,94441,40,,,0,101,,94443,40,,,0,100,,94444,40,,,0,101,,94445,40,,,0,100,,94446,40,,,0,50,,94447,40,,,0,80,,94448,40,,,0,91,,94449,40,,,0,96,,94450,40,,,0,99,,94451,40,,,0,110,,94452,40,,,0,122,,94453,40,,,0,170,,94454,40,,,0,130,,94455,40,,,0
2400,'5458',641,,94456,40,,,0,75,,94457,40,,,0,40,,94458,40,,,0,102,,94459,40,,,0,149,,94461,40,,,0,100,,94460,40,,,0,101,,94462,40,,,0,100,,94463,40,,,0,101,,94464,40,,,0,100,,94465,40,,,0,50,,94466,40,,,0,80,,94467,40,,,0,91,,94468,40,,,0,96,,94469,40,,,0,99,,94470,40,,,0,110,,94471,40,,,0,122,,94472,40,,,0,170,,94473,40,,,0,130,,94474,40,,,0
2400,'5459',722,,94479,40,,,0,123,,94477,40,,,0,105,,94475,40,,,0,153,,94476,40,,,0,100,,94478,40,,,0,100,,94484,40,,,0,98,,94481,40,,,0,100,,94480,40,,,0,100,,94483,40,,,0,57,,94482,40,,,0,143,,94485,40,,,0,112,,94486,40,,,0,122,,94487,40,,,0,165,,94488,40,,,0,127,,94489,40,,,0
2400,'5460',734,,94491,6,,,0,107,,94490,40,,,0,170,,94493,40,,,0,131,,94492,40,,,0,173,,94494,40,,,0,130,,94495,40,,,0,170,,94496,40,,,0,130,,94497,40,,,0,166,,94498,40,,,0,125,,94499,40,,,0,164,,94500,40,,,0,127,,94501,40,,,0
2400,'5461',734,,94503,6,,,0,107,,94502,40,,,0,170,,94505,40,,,0,131,,94504,40,,,0,173,,94506,40,,,0,130,,94507,40,,,0,170,,94508,40,,,0,130,,94509,40,,,0,166,,94510,40,,,0,125,,94511,40,,,0,164,,94512,40,,,0,127,,94513,40,,,0
2400,'5462',734,,94515,6,,,0,107,,94514,40,,,0,170,,94517,40,,,0,131,,94516,40,,,0,173,,94518,40,,,0,130,,94519,40,,,0,170,,94520,40,,,0,130,,94521,40,,,0,166,,94522,40,,,0,125,,94523,40,,,0,164,,94524,40,,,0,127,,94525,40,,,0
2400,'5463',734,,94527,6,,,0,107,,94526,40,,,0,170,,94529,40,,,0,131,,94528,40,,,0,173,,94530,40,,,0,130,,94531,40,,,0,170,,94532,40,,,0,130,,94533,40,,,0,166,,94534,40,,,0,125,,94535,40,,,0,164,,94536,40,,,0,127,,94537,40,,,0
2500,'5456',621,,94640,47,,,0,37,,94642,47,,,0,74,,94646,47,,,0,79,,94641,47,,,0,28,,94643,47,,,0,94,,94644,47,,,0,104,,94645,47,,,0,100,,94647,47,,,0,101,,94648,47,,,0,100,,94649,47,,,0,100,,94650,47,,,0,101,,94651,39,,,0,80,,94652,47,,,0,87,,94653,47,,,0,50,,94654,47,,,0,100,,94655,47,,,0,99,,94656,47,,,0,160,,94657,47,,,0,127,,94658,47,,,0
2500,'5458',621,,94660,47,,,0,37,,94662,47,,,0,74,,94666,47,,,0,79,,94661,47,,,0,28,,94663,47,,,0,94,,94664,47,,,0,104,,94665,47,,,0,100,,94667,47,,,0,101,,94668,47,,,0,100,,94669,47,,,0,100,,94670,47,,,0,101,,94671,39,,,0,80,,94672,47,,,0,87,,94673,47,,,0,50,,94674,47,,,0,100,,94675,47,,,0,99,,94676,47,,,0,160,,94677,47,,,0,127,,94678,47,,,0
2500,'5459',805,,94686,47,,,0,110,,94684,47,,,0,115,,94688,47,,,0,103,,94682,47,,,0,100,,94680,47,,,0,98,,94681,47,,,0,100,,94683,47,,,0,100,,94687,47,,,0,100,,94685,47,,,0,100,,94689,47,,,0,102,,94690,47,,,0,122,,94691,47,,,0,161,,94692,47,,,0,127,,94693,47,,,0
2500,'5460',756,,94697,47,,,0,170,,94695,47,,,0,130,,94696,47,,,0,171,,94698,47,,,0,173,,94699,47,,,0,130,,94700,47,,,0,170,,94701,47,,,0,127,,94702,47,,,0,129,,94703,47,,,0,160,,94704,47,,,0,127,,94705,47,,,0
2500,'5461',756,,94708,47,,,0,170,,94706,47,,,0,130,,94707,47,,,0,171,,94709,47,,,0,173,,94710,47,,,0,130,,94711,47,,,0,170,,94712,47,,,0,127,,94713,47,,,0,129,,94714,47,,,0,160,,94715,47,,,0,127,,94716,47,,,0
2500,'5462',756,,94719,47,,,0,170,,94717,47,,,0,130,,94718,47,,,0,171,,94720,47,,,0,173,,94721,47,,,0,130,,94722,47,,,0,170,,94723,47,,,0,127,,94724,47,,,0,129,,94725,47,,,0,160,,94726,47,,,0,127,,94727,47,,,0
2500,'5463',756,,94730,47,,,0,170,,94728,47,,,0,130,,94729,47,,,0,171,,94731,47,,,0,173,,94732,47,,,0,130,,94733,47,,,0,170,,94734,47,,,0,127,,94735,47,,,0,129,,94736,47,,,0,160,,94737,47,,,0,127,,94738,47,,,0
