401,'5460',2404,,88925,21,4,,0
401,'5461',2404,,88973,21,4,,0
401,'5462',2404,,89021,21,4,,0
401,'5463',2404,,89069,21,4,,0
901,'5456',1519,,90762,21,0,24 49,0,16,,90764,21,0,24 49,0,74,,90765,21,0,24 49,0,34,,90766,21,0,24 49,0,60,,90767,21,,,0,13,,90763,21,0,24 49,0,13,,90769,21,0,24 49,0,15,,90768,21,,,0
901,'5458',1519,,90770,21,0,24 49,0,16,,90772,21,0,24 49,0,74,,90773,21,0,24 49,0,34,,90774,21,0,24 49,0,60,,90775,21,,,0,13,,90771,21,0,24 49,0,13,,90777,21,0,24 49,0,15,,90776,21,,,0
1101,'5456',609,,91248,47,,,0,31,,91249,47,,,0,61,,91257,47,,,0,23,,91251,47,,,0,21,,91267,47,,,0,60,,91255,47,,,0,20,,91250,47,,,0,20,,91263,47,,,0,60,,91252,47,,,0,18,,91258,47,,,0,19,,91273,47,,,0,60,,91253,47,,,0,25,,91254,47,,,0,26,,91256,47,,,0,65,,91265,47,,,0,26,,91259,47,,,0,65,,91272,47,,,0,25,,91261,47,,,0,25,,91260,47,,,0,66,,91262,47,,,0,25,,91264,47,,,0,67,,91266,47,,,0,25,,91274,47,,,0,59,,91291,47,,,0,18,,91268,47,,,0,20,,91269,47,,,0,16,,91277,47,,,0,57,,91270,47,,,0,17,,91271,47,,,0,20,,91295,47,,,0,58,,91276,47,,,0,19,,91275,47,,,0,18,,91292,47,,,0,60,,91278,47,,,0,21,,91280,47,,,0,23,,91281,47,,,0,55,,91279,47,,,0,17,,91294,47,,,0,20,,91282,47,,,0,70,,91290,47,,,0,34,,91283,47,,,0,70,,91284,47,,,0,35,,91286,47,,,0,69,,91289,47,,,0,35,,91285,47,,,0,67,,91287,47,,,0,28,,91288,47,,,0,85,,91293,47,,,0
1101,'5458',609,,91296,47,,,0,31,,91297,47,,,0,61,,91305,47,,,0,23,,91299,47,,,0,21,,91315,47,,,0,60,,91303,47,,,0,20,,91298,47,,,0,20,,91311,47,,,0,60,,91300,47,,,0,18,,91306,47,,,0,19,,91321,47,,,0,60,,91301,47,,,0,25,,91302,47,,,0,26,,91304,47,,,0,65,,91313,47,,,0,26,,91307,47,,,0,65,,91320,47,,,0,25,,91309,47,,,0,25,,91308,47,,,0,66,,91310,47,,,0,25,,91312,47,,,0,67,,91314,47,,,0,25,,91322,47,,,0,59,,91339,47,,,0,18,,91316,47,,,0,20,,91317,47,,,0,16,,91325,47,,,0,57,,91318,47,,,0,17,,91319,47,,,0,20,,91343,47,,,0,58,,91324,47,,,0,19,,91323,47,,,0,18,,91340,47,,,0,60,,91326,47,,,0,21,,91328,47,,,0,23,,91329,47,,,0,55,,91327,47,,,0,17,,91342,47,,,0,20,,91330,47,,,0,70,,91338,47,,,0,34,,91331,47,,,0,70,,91332,47,,,0,35,,91334,47,,,0,69,,91337,47,,,0,35,,91333,47,,,0,67,,91335,47,,,0,28,,91336,47,,,0,85,,91341,47,,,0
1101,'5459',706,,91357,47,,,0,36,,91345,47,,,0,75,,91350,47,,,0,30,,91375,47,,,0,77,,91358,47,,,0,30,,91344,47,,,0,70,,91353,47,,,0,31,,91369,47,,,0,65,,91347,47,,,0,20,,91371,47,,,0,66,,91359,47,,,0,25,,91346,47,,,0,26,,91351,47,,,0,65,,91368,47,,,0,25,,91348,47,,,0,66,,91366,47,,,0,25,,91356,47,,,0,65,,91349,47,,,0,25,,91355,47,,,0,25,,91377,47,,,0,65,,91352,47,,,0,24,,91370,47,,,0,65,,91360,47,,,0,25,,91354,47,,,0,25,,91376,47,,,0,64,,91367,47,,,0,24,,91373,47,,,0,65,,91374,47,,,0,24,,91361,47,,,0,25,,91372,47,,,0,65,,91365,47,,,0,25,,91364,47,,,0,65,,91362,47,,,0,35,,91363,47,,,0,70,,91380,47,,,0,29,,91378,47,,,0,72,,91379,47,,,0,28,,91381,47,,,0,85,,91382,47,,,0
1101,'5460',726,,91383,47,,,0,85,,91388,47,,,0,46,,91385,47,,,0,86,,91384,47,,,0,76,,91386,47,,,0,31,,91387,47,,,0,70,,91389,47,,,0,30,,91390,47,,,0,68,,91391,47,,,0,30,,91392,47,,,0,71,,91394,47,,,0,27,,91396,47,,,0,70,,91395,47,,,0,30,,91393,47,,,0,71,,91397,47,,,0,30,,91398,47,,,0,69,,91399,47,,,0,30,,91400,47,,,0,70,,91402,47,,,0,29,,91401,47,,,0,70,,91404,47,,,0,29,,91403,47,,,0,70,,91406,47,,,0,35,,91405,47,,,0,84,,91407,47,,,0,80,,91408,47,,,0,44,,91409,47,,,0,84,,91410,47,,,0,78,,91411,47,,,0,86,,91412,47,,,0
1101,'5461',726,,91413,47,,,0,85,,91418,47,,,0,46,,91415,47,,,0,86,,91414,47,,,0,76,,91416,47,,,0,31,,91417,47,,,0,70,,91419,47,,,0,30,,91420,47,,,0,68,,91421,47,,,0,30,,91422,47,,,0,71,,91424,47,,,0,27,,91426,47,,,0,70,,91425,47,,,0,30,,91423,47,,,0,71,,91427,47,,,0,30,,91428,47,,,0,69,,91429,47,,,0,30,,91430,47,,,0,70,,91432,47,,,0,29,,91431,47,,,0,70,,91434,47,,,0,29,,91433,47,,,0,70,,91436,47,,,0,35,,91435,47,,,0,84,,91437,47,,,0,80,,91438,47,,,0,44,,91439,47,,,0,84,,91440,47,,,0,78,,91441,47,,,0,86,,91442,47,,,0
1101,'5462',726,,91443,47,,,0,85,,91448,47,,,0,46,,91445,47,,,0,86,,91444,47,,,0,76,,91446,47,,,0,31,,91447,47,,,0,70,,91449,47,,,0,30,,91450,47,,,0,68,,91451,47,,,0,30,,91452,47,,,0,71,,91454,47,,,0,27,,91456,47,,,0,70,,91455,47,,,0,30,,91453,47,,,0,71,,91457,47,,,0,30,,91458,47,,,0,69,,91459,47,,,0,30,,91460,47,,,0,70,,91462,47,,,0,29,,91461,47,,,0,70,,91464,47,,,0,29,,91463,47,,,0,70,,91466,47,,,0,35,,91465,47,,,0,84,,91467,47,,,0,80,,91468,47,,,0,44,,91469,47,,,0,84,,91470,47,,,0,78,,91471,47,,,0,86,,91472,47,,,0
1101,'5463',726,,91473,47,,,0,85,,91478,47,,,0,46,,91475,47,,,0,86,,91474,47,,,0,76,,91476,47,,,0,31,,91477,47,,,0,70,,91479,47,,,0,30,,91480,47,,,0,68,,91481,47,,,0,30,,91482,47,,,0,71,,91484,47,,,0,27,,91486,47,,,0,70,,91485,47,,,0,30,,91483,47,,,0,71,,91487,47,,,0,30,,91488,47,,,0,69,,91489,47,,,0,30,,91490,47,,,0,70,,91492,47,,,0,29,,91491,47,,,0,70,,91494,47,,,0,29,,91493,47,,,0,70,,91496,47,,,0,35,,91495,47,,,0,84,,91497,47,,,0,80,,91498,47,,,0,44,,91499,47,,,0,84,,91500,47,,,0,78,,91501,47,,,0,86,,91502,47,,,0
