700,'5456',602,,90072,12,0,5,0,27,,90093,12,0,5,0,17,,90073,12,0,5,0,54,,90098,12,0,5,0,15,,90083,12,0,5,0,13,,90105,12,0,5,0,17,,90077,12,0,5,0,55,,90102,12,0,5,0,20,,90076,12,0,5,0,18,,90113,12,0,5,0,18,,90091,12,0,5,0,61,,90074,12,0,5,0,21,,90097,12,0,5,0,20,,90107,12,0,5,0,60,,90075,12,0,5,0,20,,90078,12,0,5,0,20,,90111,12,0,5,0,60,,90092,12,0,5,0,20,,90079,12,0,5,0,20,,90099,12,0,5,0,60,,90104,12,0,5,0,20,,90081,12,0,5,0,20,,90082,12,0,5,0,57,,90116,12,0,5,0,19,,90112,12,0,5,0,16,,90094,12,0,5,0,55,,90080,12,0,5,0,17,,90118,12,0,5,0,17,,90100,12,0,5,0,17,,90106,12,0,5,0,54,,90119,12,0,5,0,6,,90086,12,0,5,0,18,,90087,12,0,5,0,19,,90115,12,0,5,0,58,,90114,12,0,5,0,18,,90095,12,0,5,0,19,,90084,12,0,5,0,59,,90117,12,0,5,0,19,,90101,12,0,5,0,16,,90108,12,0,5,0,58,,90085,12,0,5,0,16,,90096,12,0,5,0,31,,90109,12,0,5,0,70,,90088,12,0,5,0,33,,90103,12,0,5,0,69,,90089,12,0,5,0,30,,90110,12,0,5,0,71,,90090,12,0,5,0
700,'5458',602,,90120,12,0,5,0,27,,90141,12,0,5,0,17,,90121,12,0,5,0,54,,90146,12,0,5,0,15,,90131,12,0,5,0,13,,90153,12,0,5,0,17,,90125,12,0,5,0,55,,90150,12,0,5,0,20,,90124,12,0,5,0,18,,90161,12,0,5,0,18,,90139,12,0,5,0,61,,90122,12,0,5,0,21,,90145,12,0,5,0,20,,90155,12,0,5,0,60,,90123,12,0,5,0,20,,90126,12,0,5,0,20,,90159,12,0,5,0,60,,90140,12,0,5,0,20,,90127,12,0,5,0,20,,90147,12,0,5,0,60,,90152,12,0,5,0,20,,90129,12,0,5,0,20,,90130,12,0,5,0,57,,90164,12,0,5,0,19,,90160,12,0,5,0,16,,90142,12,0,5,0,55,,90128,12,0,5,0,17,,90166,12,0,5,0,17,,90148,12,0,5,0,17,,90154,12,0,5,0,54,,90167,12,0,5,0,6,,90134,12,0,5,0,18,,90135,12,0,5,0,19,,90163,12,0,5,0,58,,90162,12,0,5,0,18,,90143,12,0,5,0,19,,90132,12,0,5,0,59,,90165,12,0,5,0,19,,90149,12,0,5,0,16,,90156,12,0,5,0,58,,90133,12,0,5,0,16,,90144,12,0,5,0,31,,90157,12,0,5,0,70,,90136,12,0,5,0,33,,90151,12,0,5,0,69,,90137,12,0,5,0,30,,90158,12,0,5,0,71,,90138,12,0,5,0
700,'5459',649,,90189,12,0,5,0,85,,90196,12,0,5,0,80,,90179,12,0,5,0,29,,90190,12,0,5,0,79,,90171,12,0,5,0,29,,90191,12,0,5,0,70,,90174,12,0,5,0,31,,90182,12,0,5,0,70,,90168,12,0,5,0,31,,90169,12,0,5,0,70,,90192,12,0,5,0,30,,90175,12,0,5,0,70,,90183,12,0,5,0,28,,90170,12,0,5,0,72,,90172,12,0,5,0,30,,90193,12,0,5,0,70,,90176,12,0,5,0,31,,90184,12,0,5,0,70,,90173,12,0,5,0,30,,90178,12,0,5,0,71,,90194,12,0,5,0,30,,90177,12,0,5,0,68,,90186,12,0,5,0,29,,90181,12,0,5,0,68,,90180,12,0,5,0,31,,90195,12,0,5,0,70,,90185,12,0,5,0,28,,90187,12,0,5,0,70,,90188,12,0,5,0
700,'5460',715,,90213,12,0,5,0,35,,90215,12,0,5,0,84,,90201,12,0,5,0,77,,90214,12,0,5,0,41,,90216,12,0,5,0,70,,90197,12,0,5,0,30,,90202,12,0,5,0,70,,90204,12,0,5,0,29,,90199,12,0,5,0,71,,90203,12,0,5,0,30,,90200,12,0,5,0,70,,90198,12,0,5,0,30,,90205,12,0,5,0,70,,90206,12,0,5,0,30,,90207,12,0,5,0,70,,90208,12,0,5,0,30,,90210,12,0,5,0,70,,90209,12,0,5,0,30,,90212,12,0,5,0,70,,90211,12,0,5,0,30,,90217,12,0,5,0,69,,90220,12,0,5,0,30,,90219,12,0,5,0,70,,90218,12,0,5,0,30,,90222,12,0,5,0,71,,90221,12,0,5,0
700,'5461',715,,90239,12,0,5,0,35,,90241,12,0,5,0,84,,90227,12,0,5,0,77,,90240,12,0,5,0,41,,90242,12,0,5,0,70,,90223,12,0,5,0,30,,90228,12,0,5,0,70,,90230,12,0,5,0,29,,90225,12,0,5,0,71,,90229,12,0,5,0,30,,90226,12,0,5,0,70,,90224,12,0,5,0,30,,90231,12,0,5,0,70,,90232,12,0,5,0,30,,90233,12,0,5,0,70,,90234,12,0,5,0,30,,90236,12,0,5,0,70,,90235,12,0,5,0,30,,90238,12,0,5,0,70,,90237,12,0,5,0,30,,90243,12,0,5,0,69,,90246,12,0,5,0,30,,90245,12,0,5,0,70,,90244,12,0,5,0,30,,90248,12,0,5,0,71,,90247,12,0,5,0
700,'5462',715,,90265,12,0,5,0,35,,90267,12,0,5,0,84,,90253,12,0,5,0,77,,90266,12,0,5,0,41,,90268,12,0,5,0,70,,90249,12,0,5,0,30,,90254,12,0,5,0,70,,90256,12,0,5,0,29,,90251,12,0,5,0,71,,90255,12,0,5,0,30,,90252,12,0,5,0,70,,90250,12,0,5,0,30,,90257,12,0,5,0,70,,90258,12,0,5,0,30,,90259,12,0,5,0,70,,90260,12,0,5,0,30,,90262,12,0,5,0,70,,90261,12,0,5,0,30,,90264,12,0,5,0,70,,90263,12,0,5,0,30,,90269,12,0,5,0,69,,90272,12,0,5,0,30,,90271,12,0,5,0,70,,90270,12,0,5,0,30,,90274,12,0,5,0,71,,90273,12,0,5,0
700,'5463',715,,90291,12,0,5,0,35,,90293,12,0,5,0,84,,90279,12,0,5,0,77,,90292,12,0,5,0,41,,90294,12,0,5,0,70,,90275,12,0,5,0,30,,90280,12,0,5,0,70,,90282,12,0,5,0,29,,90277,12,0,5,0,71,,90281,12,0,5,0,30,,90278,12,0,5,0,70,,90276,12,0,5,0,30,,90283,12,0,5,0,70,,90284,12,0,5,0,30,,90285,12,0,5,0,70,,90286,12,0,5,0,30,,90288,12,0,5,0,70,,90287,12,0,5,0,30,,90290,12,0,5,0,70,,90289,12,0,5,0,30,,90295,12,0,5,0,69,,90298,12,0,5,0,30,,90297,12,0,5,0,70,,90296,12,0,5,0,30,,90300,12,0,5,0,71,,90299,12,0,5,0
14000700,'5456',2148,,103939,12,0,5,0,70,,103935,12,0,5,0,32,,103940,12,0,5,0,69,,103936,12,0,5,0,31,,103938,12,0,5,0,70,,103937,12,0,5,0
14000700,'5458',2148,,103945,12,0,5,0,70,,103941,12,0,5,0,32,,103946,12,0,5,0,69,,103942,12,0,5,0,31,,103944,12,0,5,0,70,,103943,12,0,5,0
14000700,'5459',2147,,103947,12,0,5,0,74,,103948,12,0,5,0,30,,103949,12,0,5,0,69,,103950,12,0,5,0,30,,103951,12,0,5,0,72,,103952,12,0,5,0
14000700,'5460',2050,,103953,12,0,5,0,71,,103954,12,0,5,0,30,,103955,12,0,5,0,100,,103956,12,0,5,0,99,,103957,12,0,5,0
14000700,'5461',2050,,103958,12,0,5,0,71,,103959,12,0,5,0,30,,103960,12,0,5,0,100,,103961,12,0,5,0,99,,103962,12,0,5,0
14000700,'5462',2050,,103963,12,0,5,0,71,,103964,12,0,5,0,30,,103965,12,0,5,0,100,,103966,12,0,5,0,99,,103967,12,0,5,0
14000700,'5463',2050,,103968,12,0,5,0,71,,103969,12,0,5,0,30,,103970,12,0,5,0,100,,103971,12,0,5,0,99,,103972,12,0,5,0
