200,'4832',653,,63405,5,,,0,160,,63404,5,,,0,120,,63403,5,,,0,100,,63384,5,,,0,80,,63402,5,,,0,40,,63390,5,,,0,80,,63388,5,,,0,80,,77852,5,,,0,40,,63385,5,,,0,80,,63396,5,,,0,80,,63391,5,,,0,40,,63386,5,,,0,80,,77853,5,,,0,80,,63387,5,,,0,35,,63397,5,,,0,80,,63393,5,,,0,75,,63392,5,0,5,0,20,,63398,5,,,0,20,,77854,5,0,5,0,60,,63394,5,,,0,40,,63400,5,,,0,80,,63401,5,,,0,80,,63399,5,,,0,40,,63406,5,,,0,80,,63407,5,,,0
200,'5453',653,,77877,5,,,0,160,,77876,5,,,0,120,,77875,5,,,0,100,,77856,5,,,0,80,,77874,5,,,0,40,,77862,5,,,0,80,,77860,5,,,0,80,,77855,5,,,0,40,,77857,5,,,0,80,,77868,5,,,0,80,,77863,5,,,0,40,,77858,5,,,0,80,,77861,5,,,0,80,,77859,5,,,0,35,,77869,5,,,0,80,,77865,5,,,0,75,,77864,5,0,5,0,20,,77870,5,,,0,20,,81953,5,0,5,0,60,,77866,5,,,0,40,,77872,5,,,0,80,,77873,5,,,0,80,,77871,5,,,0,40,,77878,5,,,0,80,,77879,5,,,0
200,'5456',547,,87484,5,,,0,80,,87485,5,,,0,20,,87486,5,,,0,70,,87487,5,,,0,31,,87488,5,,,0,70,,87489,5,,,0,31,,87490,5,,,0,71,,87491,5,,,0,15,,87492,5,0,5,0,70,,87493,5,,,0,38,,87494,5,,,0,80,,87495,5,,,0,80,,87496,5,,,0,40,,87497,5,,,0,80,,87498,5,,,0,80,,87499,5,,,0,37,,87500,5,,,0,76,,87518,5,,,0,37,,87514,5,,,0,76,,87516,5,,,0,73,,87517,5,0,5,0,17,,87508,5,,,0,34,,87506,5,,,0,80,,87513,5,,,0,90,,87505,5,,,0,80,,87512,5,,,0,20,,87507,5,0,5,0,22,,87504,5,,,0,60,,87515,5,0,5,0,20,,87511,5,,,0,78,,87503,5,,,0,40,,87510,5,,,0,79,,87502,5,,,0,80,,87509,5,,,0,30,,87501,5,0,5,0
200,'5458',547,,87519,5,,,0,80,,87520,5,,,0,20,,87521,5,,,0,70,,87522,5,,,0,31,,87523,5,,,0,70,,87524,5,,,0,31,,87525,5,,,0,71,,87526,5,,,0,15,,87527,5,0,5,0,70,,87528,5,,,0,38,,87529,5,,,0,80,,87530,5,,,0,80,,87531,5,,,0,40,,87532,5,,,0,80,,87533,5,,,0,80,,87534,5,,,0,37,,87535,5,,,0,76,,87554,5,,,0,37,,87550,5,,,0,76,,87552,5,,,0,73,,87553,5,0,5,0,17,,87544,5,,,0,34,,87542,5,,,0,80,,87549,5,,,0,90,,87541,5,,,0,80,,87548,5,,,0,20,,87543,5,0,5,0,22,,87540,5,,,0,60,,87551,5,0,5,0,20,,87547,5,,,0,78,,87539,5,,,0,40,,87546,5,,,0,79,,87538,5,,,0,80,,87545,5,,,0,30,,87537,5,0,5,0,68,,87536,5,0,5,0
200,'5459',558,,87574,5,,,0,152,,87577,5,,,0,118,,87575,5,,,0,80,,87563,5,,,0,45,,87576,5,,,0,80,,87561,5,,,0,80,,87555,5,,,0,40,,87562,5,,,0,80,,87556,5,,,0,80,,87569,5,,,0,41,,87557,5,,,0,80,,87560,5,,,0,80,,87559,5,,,0,40,,87558,5,,,0,80,,87572,5,,,0,79,,87573,5,,,0,35,,87571,5,,,0,80,,87565,5,,,0,75,,87566,5,,,0,20,,87564,5,0,5,0,35,,87568,5,,,0,60,,87570,5,0,5,0,20,,87567,5,,,0,65,,87582,5,0,5,0,20,,87583,5,,,0,80,,87580,5,,,0,40,,87579,5,,,0,80,,87581,5,,,0,80,,87578,5,,,0,35,,87584,5,0,5,0
200,'5460',653,,87607,5,,,0,160,,87606,5,,,0,120,,87605,5,,,0,100,,87586,5,,,0,80,,87604,5,,,0,40,,87592,5,,,0,80,,87590,5,,,0,80,,87585,5,,,0,40,,87587,5,,,0,80,,87598,5,,,0,80,,87593,5,,,0,40,,87588,5,,,0,80,,87591,5,,,0,80,,87589,5,,,0,35,,87599,5,,,0,80,,87595,5,,,0,75,,87594,5,0,5,0,20,,87600,5,,,0,20,,87597,5,0,5,0,60,,87596,5,,,0,40,,87602,5,,,0,80,,87603,5,,,0,80,,87601,5,,,0,40,,87608,5,,,0,80,,87609,5,,,0
200,'5461',653,,87632,5,,,0,160,,87631,5,,,0,120,,87630,5,,,0,100,,87611,5,,,0,80,,87629,5,,,0,40,,87617,5,,,0,80,,87615,5,,,0,80,,87610,5,,,0,40,,87612,5,,,0,80,,87623,5,,,0,80,,87618,5,,,0,40,,87613,5,,,0,80,,87616,5,,,0,80,,87614,5,,,0,35,,87624,5,,,0,80,,87620,5,,,0,75,,87619,5,0,5,0,20,,87625,5,,,0,20,,87622,5,0,5,0,60,,87621,5,,,0,40,,87627,5,,,0,80,,87628,5,,,0,80,,87626,5,,,0,40,,87633,5,,,0,80,,87634,5,,,0
200,'5462',653,,87657,5,,,0,160,,87656,5,,,0,120,,87655,5,,,0,100,,87636,5,,,0,80,,87654,5,,,0,40,,87642,5,,,0,80,,87640,5,,,0,80,,87635,5,,,0,40,,87637,5,,,0,80,,87648,5,,,0,80,,87643,5,,,0,40,,87638,5,,,0,80,,87641,5,,,0,80,,87639,5,,,0,35,,87649,5,,,0,80,,87645,5,,,0,75,,87644,5,0,5,0,20,,87650,5,,,0,20,,87647,5,0,5,0,60,,87646,5,,,0,40,,87652,5,,,0,80,,87653,5,,,0,80,,87651,5,,,0,40,,87658,5,,,0,80,,87659,5,,,0
200,'5463',653,,87682,5,,,0,160,,87681,5,,,0,120,,87680,5,,,0,100,,87661,5,,,0,80,,87679,5,,,0,40,,87667,5,,,0,80,,87665,5,,,0,80,,87660,5,,,0,40,,87662,5,,,0,80,,87673,5,,,0,80,,87668,5,,,0,40,,87663,5,,,0,80,,87666,5,,,0,80,,87664,5,,,0,35,,87674,5,,,0,80,,87670,5,,,0,75,,87669,5,0,5,0,20,,87675,5,,,0,20,,87672,5,0,5,0,60,,87671,5,,,0,40,,87677,5,,,0,80,,87678,5,,,0,80,,87676,5,,,0,40,,87683,5,,,0,80,,87684,5,,,0
201,'4832',2400,,63578,45,4,,0
201,'5453',2400,,77907,45,4,,0
201,'5456',1528,,87717,26,4,,0
201,'5458',1528,,87751,26,4,,0
201,'5459',2505,,87779,19,4,,0
201,'5460',2400,,87804,45,4,,0
201,'5461',2400,,87829,45,4,,0
201,'5462',2400,,87854,45,4,,0
201,'5463',2400,,87879,45,4,,0
500,'4832',733,,64753,5,,,0,120,,64752,5,,,0,160,,64751,5,,,0,40,,64746,5,,,0,80,,78079,5,,,0,80,,64741,5,,,0,40,,64754,5,,,0,80,,64747,5,,,0,80,,64744,5,,,0,40,,78080,5,,,0,80,,64743,5,,,0,80,,64755,5,,,0,40,,64748,5,,,0,75,,64745,5,,,0,80,,78081,5,,,0,40,,64750,5,,,0
500,'5453',733,,78095,5,,,0,120,,78094,5,,,0,160,,78093,5,,,0,40,,78088,5,,,0,80,,78082,5,,,0,80,,78083,5,,,0,40,,78096,5,,,0,80,,78089,5,,,0,80,,78086,5,,,0,40,,78084,5,,,0,80,,78085,5,,,0,80,,78097,5,,,0,40,,78090,5,,,0,75,,78087,5,,,0,80,,78091,5,,,0,40,,78092,5,,,0
500,'5456',607,,89074,5,,,0,95,,89075,5,,,0,31,,89076,5,,,0,70,,89077,5,,,0,31,,89078,5,,,0,70,,89079,5,,,0,46,,89080,5,,,0,73,,89081,5,,,0,80,,89082,5,,,0,40,,89083,5,,,0,80,,89084,5,,,0,80,,89085,5,,,0,40,,89086,5,,,0,80,,89087,5,,,0,35,,89092,5,,,0,76,,89090,5,,,0,77,,89088,5,,,0,34,,89091,5,,,0,91,,89093,5,,,0,77,,89095,5,,,0,45,,89089,5,,,0,85,,89094,5,,,0
500,'5458',607,,89096,5,,,0,95,,89097,5,,,0,31,,89098,5,,,0,70,,89099,5,,,0,31,,89100,5,,,0,70,,89101,5,,,0,46,,89102,5,,,0,73,,89103,5,,,0,80,,89104,5,,,0,40,,89105,5,,,0,80,,89106,5,,,0,80,,89107,5,,,0,40,,89108,5,,,0,80,,89109,5,,,0,35,,89114,5,,,0,76,,89112,5,,,0,77,,89110,5,,,0,34,,89113,5,,,0,91,,89115,5,,,0,77,,89117,5,,,0,45,,89111,5,,,0,85,,89116,5,,,0
500,'5459',633,,89129,5,,,0,116,,89125,5,,,0,99,,89128,5,,,0,80,,89119,5,,,0,85,,89126,5,,,0,40,,89120,5,,,0,80,,89135,5,,,0,80,,89127,5,,,0,40,,89118,5,,,0,81,,89124,5,,,0,80,,89121,5,,,0,40,,89131,5,,,0,80,,89122,5,,,0,80,,89123,5,,,0,39,,89132,5,,,0,75,,89133,5,,,0,80,,89134,5,,,0,40,,89130,5,,,0,90,,89136,5,,,0
500,'5460',733,,89150,5,,,0,120,,89149,5,,,0,160,,89148,5,,,0,40,,89143,5,,,0,80,,89137,5,,,0,80,,89138,5,,,0,40,,89151,5,,,0,80,,89144,5,,,0,80,,89141,5,,,0,40,,89139,5,,,0,80,,89140,5,,,0,80,,89152,5,,,0,40,,89145,5,,,0,75,,89142,5,,,0,80,,89146,5,,,0,40,,89147,5,,,0
500,'5461',733,,89166,5,,,0,120,,89163,5,,,0,160,,89165,5,,,0,40,,89159,5,,,0,80,,89153,5,,,0,80,,89154,5,,,0,40,,89167,5,,,0,80,,89160,5,,,0,80,,89157,5,,,0,40,,89155,5,,,0,80,,89156,5,,,0,80,,89168,5,,,0,40,,89161,5,,,0,75,,89158,5,,,0,80,,89162,5,,,0,40,,89164,5,,,0
500,'5462',733,,89182,5,,,0,120,,89181,5,,,0,160,,89180,5,,,0,40,,89175,5,,,0,80,,89169,5,,,0,80,,89170,5,,,0,40,,89183,5,,,0,80,,89176,5,,,0,80,,89173,5,,,0,40,,89171,5,,,0,80,,89172,5,,,0,80,,89184,5,,,0,40,,89177,5,,,0,75,,89174,5,,,0,80,,89178,5,,,0,40,,89179,5,,,0
500,'5463',733,,89198,5,,,0,120,,89197,5,,,0,160,,89196,5,,,0,40,,89191,5,,,0,80,,89185,5,,,0,80,,89186,5,,,0,40,,89199,5,,,0,80,,89192,5,,,0,80,,89189,5,,,0,40,,89187,5,,,0,80,,89188,5,,,0,80,,89200,5,,,0,40,,89193,5,,,0,75,,89190,5,,,0,80,,89194,5,,,0,40,,89195,5,,,0
