901,'5456',1728,,90767,45,,,0,79,,90768,45,,,0
901,'5458',1728,,90775,45,,,0,79,,90776,45,,,0
2100,'5456',641,,93606,30,,,0,70,,93626,30,,,0,18,,93605,30,,,0,17,,93631,30,,,0,59,,93619,30,,,0,10,,93651,30,,,0,5,,93639,30,,,0,15,,93610,30,,,0,14,,93634,30,,,0,76,,93641,30,,,0,78,,93611,30,,,0,41,,93638,30,,,0,80,,93612,30,,,0,82,,93624,30,,,0,41,,93632,30,,,0,80,,93614,30,,,0,78,,93647,30,,,0,19,,93644,30,,,0,17,,93627,30,,,0,76,,93650,30,,,0,18,,93629,30,,,0,17,,93635,30,,,0,60,,93618,30,,,0,18,,93617,30,,,0,77,,93645,30,,,0,17,,93628,30,,,0,17,,93620,30,,,0
2100,'5458',641,,93653,30,,,0,70,,93673,30,,,0,18,,93652,30,,,0,17,,93678,30,,,0,59,,93666,30,,,0,10,,93698,30,,,0,5,,93686,30,,,0,15,,93657,30,,,0,14,,93681,30,,,0,76,,93688,30,,,0,78,,93658,30,,,0,41,,93685,30,,,0,80,,93659,30,,,0,82,,93671,30,,,0,41,,93679,30,,,0,80,,93661,30,,,0,78,,93694,30,,,0,19,,93691,30,,,0,17,,93674,30,,,0,76,,93697,30,,,0,18,,93676,30,,,0,17,,93682,30,,,0,60,,93665,30,,,0,18,,93664,30,,,0,77,,93692,30,,,0,17,,93675,30,,,0,17,,93667,30,,,0
3800,'5456',613,,97942,18,,,0,20,,97941,38,,,0,68,,97943,38,,,0,19,,97945,38,,,0,15,,97948,38,,,0,18,,97949,38,,,0,58,,97951,38,,,0,30,,97944,38,,,0,75,,97946,38,,,0,26,,97947,38,,,0,98,,97953,38,,,0,100,,97950,38,,,0,102,,97954,38,,,0,103,,97952,38,,,0,97,,97955,38,,,0,82,,97956,38,,,0,32,,97961,38,,,0,72,,97957,38,,,0,31,,97964,38,,,0,70,,97958,38,,,0,30,,97959,38,,,0,79,,97962,38,,,0,101,,97960,38,,,0,104,,97963,38,,,0
3800,'5458',613,,97968,18,,,0,20,,97967,38,,,0,68,,97969,38,,,0,19,,97971,38,,,0,15,,97974,38,,,0,18,,97975,38,,,0,58,,97977,38,,,0,30,,97970,38,,,0,75,,97972,38,,,0,26,,97973,38,,,0,98,,97979,38,,,0,100,,97976,38,,,0,102,,97980,38,,,0,103,,97978,38,,,0,97,,97981,38,,,0,82,,97982,38,,,0,32,,97987,38,,,0,72,,97983,38,,,0,31,,97990,38,,,0,70,,97984,38,,,0,30,,97985,38,,,0,79,,97988,38,,,0,101,,97986,38,,,0,104,,97989,38,,,0
3900,'5456',637,,98080,2,,,0,74,,98070,2,,,0,34,,98074,2,,,0,13,,98071,2,,,0,54,,98062,2,,,0,14,,98052,2,,,0,17,,98064,2,,,0,15,,98073,2,,,0,62,,98072,2,,,0,26,,98048,2,,,0,70,,98053,2,,,0,29,,98075,2,,,0,70,,98054,2,,,0,31,,98049,2,,,0,71,,98055,2,,,0,30,,98076,2,,,0,71,,98056,2,,,0,30,,98050,2,,,0,73,,98057,2,,,0,31,,98077,2,,,0,61,,98045,2,,,0,16,,98042,2,,,0,17,,98058,2,,,0,55,,98051,2,,,0,17,,98078,2,,,0,14,,98041,2,,,0,14,,98046,2,,,0,56,,98043,2,,,0,16,,98059,2,,,0,12,,98060,2,,,0,16,,98079,2,,,0,58,,98047,2,,,0,20,,98044,2,,,0,19,,98068,2,,,0,78,,98066,2,,,0,82,,98065,2,,,0,107,,98067,2,,,0
3900,'5458',637,,98123,2,,,0,74,,98113,2,,,0,34,,98117,2,,,0,13,,98114,2,,,0,54,,98105,2,,,0,14,,98095,2,,,0,17,,98107,2,,,0,15,,98116,2,,,0,62,,98115,2,,,0,26,,98091,2,,,0,70,,98096,2,,,0,29,,98118,2,,,0,70,,98097,2,,,0,31,,98092,2,,,0,71,,98098,2,,,0,30,,98119,2,,,0,71,,98099,2,,,0,30,,98093,2,,,0,73,,98100,2,,,0,31,,98120,2,,,0,61,,98088,2,,,0,16,,98085,2,,,0,17,,98101,2,,,0,55,,98094,2,,,0,17,,98121,2,,,0,14,,98084,2,,,0,14,,98089,2,,,0,56,,98086,2,,,0,16,,98102,2,,,0,12,,98103,2,,,0,16,,98122,2,,,0,58,,98090,2,,,0,20,,98087,2,,,0,19,,98111,2,,,0,78,,98109,2,,,0,82,,98108,2,,,0,107,,98110,2,,,0
8301,'5456',736,,102090,58,,,0,98,,102088,58,,,0,208,,102089,58,,,0,181,,102092,58,,,0,195,,102091,58,,,0,213,,102093,58,,,0,210,,102094,58,,,0,198,,102095,58,,,0
8301,'5458',736,,102098,58,,,0,98,,102096,58,,,0,208,,102097,58,,,0,181,,102100,58,,,0,195,,102099,58,,,0,213,,102101,58,,,0,210,,102102,58,,,0,198,,102103,58,,,0
8301,'5459',1018,,102107,58,,,0,300,,102105,58,,,0,305,,102106,58,,,0,298,,102104,58,,,0
8301,'5460',1016,,102110,58,,,0,300,,102111,58,,,0,304,,102109,58,,,0,299,,102108,58,,,0
8301,'5461',1016,,102114,58,,,0,300,,102115,58,,,0,304,,102113,58,,,0,299,,102112,58,,,0
8301,'5462',1016,,102118,58,,,0,300,,102119,58,,,0,304,,102117,58,,,0,299,,102116,58,,,0
8301,'5463',1016,,102122,58,,,0,300,,102123,58,,,0,304,,102121,58,,,0,299,,102120,58,,,0
