3200,'4832',800,,72162,1,,,0,100,,72163,1,,,0,100,,72164,1,,,0,100,,72166,1,,,0,100,,72167,1,,,0,100,,72165,1,,,0,100,,72171,1,,,0,100,,72170,1,,,0,100,,72168,1,,,0,100,,84666,1,,,0,100,,84668,1,,,0,100,,84667,1,,,0
3200,'5453',800,,84669,1,,,0,100,,80648,1,,,0,100,,80649,1,,,0,100,,80651,1,,,0,100,,80652,1,,,0,100,,80650,1,,,0,100,,80656,1,,,0,100,,80655,1,,,0,100,,80653,1,,,0,100,,84670,1,,,0,100,,80658,1,,,0,100,,84671,1,,,0
3200,'5456',639,,97715,1,,,0,81,,97719,1,,,0,80,,97721,1,,,0,110,,97716,1,,,0,100,,97717,1,,,0,105,,97718,1,,,0,105,,97720,1,,,0,104,,97722,1,,,0,107,,97723,1,,,0,111,,97724,1,,,0,103,,97726,1,,,0,72,,97728,21,,,0,33,,97725,1,,,0,150,,97727,1,,,0,100,,97730,1,,,0,100,,97729,1,,,0,100,,97731,1,,,0
3200,'5458',639,,97732,1,,,0,81,,97736,1,,,0,80,,97738,1,,,0,110,,97733,1,,,0,100,,97734,1,,,0,105,,97735,1,,,0,105,,97737,1,,,0,104,,97739,1,,,0,107,,97740,1,,,0,111,,97741,1,,,0,103,,97743,1,,,0,72,,97745,21,,,0,33,,97742,1,,,0,150,,97744,1,,,0,100,,97747,1,,,0,100,,97746,1,,,0,100,,97748,1,,,0
3200,'5459',800,,97753,1,,,0,100,,97756,1,,,0,100,,97760,1,,,0,100,,97751,1,,,0,100,,97754,1,,,0,100,,97757,1,,,0,100,,97761,1,,,0,100,,97752,1,,,0,100,,97755,1,,,0,100,,97758,1,,,0,100,,97762,1,,,0,100,,97759,1,,,0,100,,97763,1,,,0,100,,97749,1,,,0,100,,97750,1,,,0
3200,'5460',800,,97764,1,,,0,100,,97765,1,,,0,100,,97766,1,,,0,100,,97768,1,,,0,100,,97769,1,,,0,100,,97767,1,,,0,100,,97773,1,,,0,100,,97772,1,,,0,100,,97770,1,,,0,100,,97771,1,,,0,100,,97775,1,,,0,100,,97774,1,,,0
3200,'5461',800,,97776,1,,,0,100,,97777,1,,,0,100,,97778,1,,,0,100,,97780,1,,,0,100,,97781,1,,,0,100,,97779,1,,,0,100,,97785,1,,,0,100,,97784,1,,,0,100,,97782,1,,,0,100,,97783,1,,,0,100,,97787,1,,,0,100,,97786,1,,,0
3200,'5462',800,,97788,1,,,0,100,,97789,1,,,0,100,,97790,1,,,0,100,,97792,1,,,0,100,,97793,1,,,0,100,,97791,1,,,0,100,,97797,1,,,0,100,,97796,1,,,0,100,,97794,1,,,0,100,,97795,1,,,0,100,,97799,1,,,0,100,,97798,1,,,0
3200,'5463',800,,97800,1,,,0,100,,97801,1,,,0,100,,97802,1,,,0,100,,97804,1,,,0,100,,97805,1,,,0,100,,97803,1,,,0,100,,97809,1,,,0,100,,97808,1,,,0,100,,97806,1,,,0,100,,97807,1,,,0,100,,97811,1,,,0,100,,97810,1,,,0
3900,'4832',835,,72463,1,,,0,100,,72462,1,,,0,100,,72464,1,,,0,100,,72466,1,,,0,100,,72465,1,,,0,100,,72470,1,,,0,100,,72467,1,,,0,100,,72468,1,,,0,100,,72469,1,,,0,100,,84742,1,,,0,100,,84743,1,,,0,100,,84744,1,,,0
3900,'5453',835,,84745,1,,,0,100,,80697,1,,,0,100,,80699,1,,,0,100,,80701,1,,,0,100,,80700,1,,,0,100,,80705,1,,,0,100,,80702,1,,,0,100,,80703,1,,,0,100,,80704,1,,,0,100,,84746,1,,,0,100,,80707,1,,,0,100,,84747,1,,,0
3900,'5456',644,,98080,7,,,0,60,,98061,1,,,0,14,,98070,7,,,0,12,,98063,1,,,0,11,,98069,1,,,0,11,,98074,7,,,0,4,,98081,1,,,0,49,,98071,7,,,0,14,,98062,7,,,0,11,,98082,1,,,0,3,,98052,7,,,0,10,,98083,1,,,0,7,,98064,7,,,0,55,,98073,7,,,0,22,,98072,7,,,0,26,,98048,7,,,0,70,,98053,7,,,0,29,,98075,7,,,0,70,,98054,7,,,0,31,,98049,7,,,0,71,,98055,7,,,0,30,,98076,7,,,0,71,,98056,7,,,0,30,,98050,7,,,0,73,,98057,7,,,0,31,,98077,7,,,0,62,,98045,7,,,0,16,,98042,7,,,0,17,,98058,7,,,0,54,,98051,7,,,0,17,,98078,7,,,0,14,,98041,7,,,0,14,,98046,7,,,0,56,,98043,7,,,0,16,,98059,7,,,0,12,,98060,7,,,0,16,,98079,7,,,0,58,,98047,7,,,0,20,,98044,7,,,0,18,,98068,7,,,0,78,,98066,7,,,0,82,,98065,7,,,0,107,,98067,7,,,0
3900,'5458',644,,98123,7,,,0,60,,98104,1,,,0,14,,98113,7,,,0,12,,98106,1,,,0,11,,98112,1,,,0,11,,98117,7,,,0,4,,98124,1,,,0,49,,98114,7,,,0,14,,98105,7,,,0,11,,98125,1,,,0,3,,98095,7,,,0,10,,98126,1,,,0,7,,98107,7,,,0,55,,98116,7,,,0,22,,98115,7,,,0,26,,98091,7,,,0,70,,98096,7,,,0,29,,98118,7,,,0,70,,98097,7,,,0,31,,98092,7,,,0,71,,98098,7,,,0,30,,98119,7,,,0,71,,98099,7,,,0,30,,98093,7,,,0,73,,98100,7,,,0,31,,98120,7,,,0,62,,98088,7,,,0,16,,98085,7,,,0,17,,98101,7,,,0,54,,98094,7,,,0,17,,98121,7,,,0,14,,98084,7,,,0,14,,98089,7,,,0,56,,98086,7,,,0,16,,98102,7,,,0,12,,98103,7,,,0,16,,98122,7,,,0,58,,98090,7,,,0,20,,98087,7,,,0,18,,98111,7,,,0,78,,98109,7,,,0,82,,98108,7,,,0,107,,98110,7,,,0
3900,'5459',709,,98128,1,,,0,126,,98129,1,,,0,100,,98133,1,,,0,100,,98137,1,,,0,100,,98127,1,,,0,100,,98131,1,,,0,100,,98134,1,,,0,100,,98138,1,,,0,100,,98130,1,,,0,100,,98132,1,,,0,100,,98135,1,,,0,100,,98139,1,,,0,100,,98136,1,,,0
3900,'5460',835,,98141,1,,,0,100,,98140,1,,,0,100,,98142,1,,,0,100,,98144,1,,,0,100,,98143,1,,,0,100,,98148,1,,,0,100,,98145,1,,,0,100,,98146,1,,,0,100,,98147,1,,,0,100,,98149,1,,,0,100,,98150,1,,,0,100,,98151,1,,,0
3900,'5461',835,,98153,1,,,0,100,,98152,1,,,0,100,,98154,1,,,0,100,,98156,1,,,0,100,,98155,1,,,0,100,,98160,1,,,0,100,,98157,1,,,0,100,,98158,1,,,0,100,,98159,1,,,0,100,,98161,1,,,0,100,,98162,1,,,0,100,,98163,1,,,0
3900,'5462',835,,98165,1,,,0,100,,98164,1,,,0,100,,98166,1,,,0,100,,98168,1,,,0,100,,98167,1,,,0,100,,98172,1,,,0,100,,98169,1,,,0,100,,98170,1,,,0,100,,98171,1,,,0,100,,98173,1,,,0,100,,98174,1,,,0,100,,98175,1,,,0
3900,'5463',835,,98177,1,,,0,100,,98176,1,,,0,100,,98178,1,,,0,100,,98180,1,,,0,100,,98179,1,,,0,100,,98184,1,,,0,100,,98181,1,,,0,100,,98182,1,,,0,100,,98183,1,,,0,100,,98185,1,,,0,100,,98186,1,,,0,100,,98187,1,,,0
