5300,'5456',1320,,99181,7,0,25 40,0,187,,99183,7,0,25 40,0,107,,99180,7,0,25 40,0,129,,99178,7,0,25 40,0,167,,99184,7,0,25 40,0,130,,99185,7,0,25 40,0
5300,'5458',1320,,99192,7,0,25 40,0,187,,99194,7,0,25 40,0,107,,99191,7,0,25 40,0,129,,99189,7,0,25 40,0,167,,99195,7,0,25 40,0,130,,99196,7,0,25 40,0
5300,'5459',1325,,99203,7,0,25 40,0,210,,99200,7,0,25 40,0,210,,99198,7,0,25 40,0,206,,99199,7,0,25 40,0
5300,'5460',1325,,99208,7,0,25 40,0,210,,99206,7,0,25 40,0,210,,99210,7,0,25 40,0,205,,99209,7,0,25 40,0
5300,'5461',1325,,99215,7,0,25 40,0,210,,99213,7,0,25 40,0,210,,99217,7,0,25 40,0,205,,99216,7,0,25 40,0
5300,'5462',1325,,99222,7,0,25 40,0,210,,99220,7,0,25 40,0,210,,99224,7,0,25 40,0,205,,99223,7,0,25 40,0
5300,'5463',1325,,99229,7,0,25 40,0,210,,99227,7,0,25 40,0,210,,99231,7,0,25 40,0,205,,99230,7,0,25 40,0
5301,'5456',809,,99236,30,,,0,115,,99233,30,,,0,199,,99232,30,,,0
5301,'5458',809,,99246,30,,,0,115,,99243,30,,,0,199,,99242,30,,,0
5301,'5459',758,,99257,30,,,0,200,,99258,30,,,0,254,,99256,30,,,0
5301,'5460',758,,99262,30,,,0,200,,99259,30,,,0,253,,99260,30,,,0
5301,'5461',758,,99269,30,,,0,200,,99266,30,,,0,253,,99267,30,,,0
5301,'5462',758,,99276,30,,,0,200,,99273,30,,,0,253,,99274,30,,,0
5301,'5463',758,,99283,30,,,0,200,,99280,30,,,0,253,,99281,30,,,0
