4700,'5456',615,,98600,6,,,0,21,,98598,6,,,0,23,,98599,6,,,0
4700,'5458',615,,98603,6,,,0,21,,98601,6,,,0,23,,98602,6,,,0
4701,'5456',1710,,98604,40,,,0,27,,98605,40,,,0,68,,98606,40,,,0
4701,'5458',1710,,98607,40,,,0,27,,98608,40,,,0,68,,98609,40,,,0
5801,'5456',621,,99866,11,,,0,30,,99865,11,,,0,78,,99860,11,,,0,79,,99858,11,,,0,25,,99867,12,,,0,72,,99857,11,,,0,43,,99859,11,,,0,87,,99861,11,,,0,85,,99862,11,,,0,85,,99863,11,,,0,45,,99864,11,,,0,86,,99868,11,,,0,86,,99869,11,,,0,19,,99879,11,,,0,65,,99870,11,,,0,16,,99880,11,,,0,27,,99871,11,,,0,91,,99872,11,,,0,88,,99873,11,,,0,85,,99874,11,,,0,46,,99881,11,,,0,186,,99875,11,,,0,110,,99876,11,,,0,149,,99877,11,,,0
5801,'5458',621,,99891,11,,,0,30,,99890,11,,,0,78,,99885,11,,,0,79,,99883,11,,,0,25,,99892,12,,,0,72,,99882,11,,,0,43,,99884,11,,,0,87,,99886,11,,,0,85,,99887,11,,,0,85,,99888,11,,,0,45,,99889,11,,,0,86,,99893,11,,,0,86,,99894,11,,,0,19,,99904,11,,,0,65,,99895,11,,,0,16,,99905,11,,,0,27,,99896,11,,,0,91,,99897,11,,,0,88,,99898,11,,,0,85,,99899,11,,,0,46,,99906,11,,,0,186,,99900,11,,,0,110,,99901,11,,,0,149,,99902,11,,,0
5801,'5459',654,,99919,11,,,0,100,,99920,11,,,0,100,,99921,11,,,0,146,,99922,11,,,0,105,,99918,11,,,0,105,,99917,11,,,0,100,,99916,11,,,0,110,,99915,11,,,0,100,,99913,11,,,0,110,,99914,11,,,0,100,,99908,11,,,0,105,,99909,11,,,0,100,,99910,11,,,0,105,,99911,11,,,0,114,,99912,11,,,0,150,,99907,11,,,0
5801,'5460',753,,99923,11,,,0,101,,99929,11,,,0,105,,99927,11,,,0,146,,99930,11,,,0,105,,99925,11,,,0,100,,99928,11,,,0,110,,99924,11,,,0,100,,99931,11,,,0,110,,99926,11,,,0,100,,99934,11,,,0,104,,99933,11,,,0,100,,99935,11,,,0,105,,99936,11,,,0,199,,99932,11,,,0
5801,'5461',753,,99937,11,,,0,101,,99943,11,,,0,105,,99941,11,,,0,146,,99944,11,,,0,105,,99939,11,,,0,100,,99942,11,,,0,110,,99938,11,,,0,100,,99945,11,,,0,110,,99940,11,,,0,100,,99948,11,,,0,104,,99947,11,,,0,100,,99949,11,,,0,105,,99950,11,,,0,199,,99946,11,,,0
5801,'5462',753,,99951,11,,,0,101,,99957,11,,,0,105,,99955,11,,,0,146,,99958,11,,,0,105,,99953,11,,,0,100,,99956,11,,,0,110,,99952,11,,,0,100,,99959,11,,,0,110,,99954,11,,,0,100,,99962,11,,,0,104,,99961,11,,,0,100,,99963,11,,,0,105,,99964,11,,,0,199,,99960,11,,,0
5801,'5463',753,,99965,11,,,0,101,,99971,11,,,0,105,,99969,11,,,0,146,,99972,11,,,0,105,,99967,11,,,0,100,,99970,11,,,0,110,,99966,11,,,0,100,,99973,11,,,0,110,,99968,11,,,0,100,,99976,11,,,0,104,,99975,11,,,0,100,,99977,11,,,0,105,,99978,11,,,0,199,,99974,11,,,0
