301,'5456',617,,88069,26,,,0,39,,88067,38,,,0,74,,88068,36,,,0,82,,88070,38,,,0,41,,88077,36,,,0,76,,88071,38,,,0,73,,88072,36,,,0,31,,88076,36,,,0,73,,88073,38,,,0,28,,88074,36,,,0,73,,88075,38,,,0,29,,88078,36,,,0,77,,88079,38,,,0,28,,88080,36,,,0,70,,88082,36,,,0,36,,88081,38,,,0,71,,88093,36,,,0,37,,88083,38,,,0,73,,88084,38,,,0,75,,88092,38,,,0,33,,88085,38,,,0,70,,88086,38,,,0,32,,88091,36,,,0,65,,88087,38,,,0,27,,88088,36,,,0,72,,88095,38,,,0,23,,88089,36,,,0,26,,88090,38,,,0,68,,88094,36,,,0
301,'5458',617,,88098,26,,,0,39,,88096,38,,,0,74,,88097,36,,,0,82,,88099,38,,,0,41,,88106,36,,,0,76,,88100,38,,,0,73,,88101,36,,,0,31,,88105,36,,,0,73,,88102,38,,,0,28,,88103,36,,,0,73,,88104,38,,,0,29,,88107,36,,,0,77,,88108,38,,,0,28,,88109,36,,,0,70,,88111,36,,,0,36,,88110,38,,,0,71,,88122,36,,,0,37,,88112,38,,,0,73,,88113,38,,,0,75,,88121,38,,,0,33,,88114,38,,,0,70,,88115,38,,,0,32,,88120,36,,,0,65,,88116,38,,,0,27,,88117,36,,,0,72,,88124,38,,,0,23,,88118,36,,,0,26,,88119,38,,,0,68,,88123,36,,,0
301,'5459',735,,88146,38,,,0,67,,88132,36,,,0,34,,88125,38,,,0,68,,88138,36,,,0,33,,88133,38,,,0,69,,88149,36,,,0,33,,88137,38,,,0,69,,88126,36,,,0,32,,88148,38,,,0,68,,88140,36,,,0,34,,88128,38,,,0,68,,88150,36,,,0,31,,88139,38,,,0,70,,88127,36,,,0,31,,88134,38,,,0,73,,88131,36,,,0,34,,88129,38,,,0,76,,88130,36,,,0,30,,88135,38,,,0,74,,88141,36,,,0,26,,88136,38,,,0,72,,88143,36,,,0,30,,88142,38,,,0,68,,88144,36,,,0,27,,88145,38,,,0,67,,88151,36,,,0,33,,88147,38,,,0,66,,88152,36,,,0
301,'5460',750,,88166,38,,,0,83,,88154,36,,,0,83,,88167,38,,,0,84,,88160,36,,,0,38,,88165,38,,,0,78,,88153,36,,,0,22,,88161,38,,,0,69,,88156,36,,,0,32,,88155,38,,,0,68,,88162,36,,,0,34,,88159,38,,,0,68,,88158,36,,,0,32,,88157,38,,,0,75,,88163,36,,,0,30,,88164,38,,,0,79,,88170,36,,,0,24,,88168,38,,,0,71,,88169,36,,,0,28,,88174,38,,,0,68,,88172,36,,,0,31,,88171,38,,,0,67,,88173,36,,,0,33,,88175,38,,,0,71,,88176,36,,,0
301,'5461',750,,88190,38,,,0,83,,88178,36,,,0,83,,88191,38,,,0,84,,88184,36,,,0,38,,88189,38,,,0,78,,88177,36,,,0,22,,88185,38,,,0,69,,88180,36,,,0,32,,88179,38,,,0,68,,88186,36,,,0,34,,88183,38,,,0,68,,88182,36,,,0,32,,88181,38,,,0,75,,88187,36,,,0,30,,88188,38,,,0,79,,88194,36,,,0,24,,88192,38,,,0,71,,88193,36,,,0,28,,88198,38,,,0,68,,88196,36,,,0,31,,88195,38,,,0,67,,88197,36,,,0,33,,88199,38,,,0,71,,88200,36,,,0
301,'5462',750,,88214,38,,,0,83,,88202,36,,,0,83,,88215,38,,,0,84,,88208,36,,,0,38,,88213,38,,,0,78,,88201,36,,,0,22,,88209,38,,,0,69,,88204,36,,,0,32,,88203,38,,,0,68,,88210,36,,,0,34,,88207,38,,,0,68,,88206,36,,,0,32,,88205,38,,,0,75,,88211,36,,,0,30,,88212,38,,,0,79,,88218,36,,,0,24,,88216,38,,,0,71,,88217,36,,,0,28,,88222,38,,,0,68,,88220,36,,,0,31,,88219,38,,,0,67,,88221,36,,,0,33,,88223,38,,,0,71,,88224,36,,,0
301,'5463',750,,88238,38,,,0,83,,88226,36,,,0,83,,88239,38,,,0,84,,88232,36,,,0,38,,88237,38,,,0,78,,88225,36,,,0,22,,88233,38,,,0,69,,88228,36,,,0,32,,88227,38,,,0,68,,88234,36,,,0,34,,88231,38,,,0,68,,88230,36,,,0,32,,88229,38,,,0,75,,88235,36,,,0,30,,88236,38,,,0,79,,88242,36,,,0,24,,88240,38,,,0,71,,88241,36,,,0,28,,88246,38,,,0,68,,88244,36,,,0,31,,88243,38,,,0,67,,88245,36,,,0,33,,88247,38,,,0,71,,88248,36,,,0
701,'5456',616,,90301,16,,,0,30,,90316,16,,,0,65,,90303,16,,,0,15,,90330,16,,,0,16,,90302,16,,,0,11,,90343,16,,,0,6,,90338,16,,,0,50,,90344,16,,,0,7,,90324,16,,,0,10,,90345,16,,,0,8,,90305,16,,,0,16,,90327,16,,,0,57,,90317,16,,,0,14,,90336,16,,,0,19,,90306,16,,,0,60,,90307,16,,,0,20,,90340,16,,,0,19,,90323,16,,,0,61,,90304,16,,,0,20,,90328,16,,,0,21,,90334,16,,,0,60,,90308,16,,,0,20,,90309,16,,,0,25,,90342,16,,,0,60,,90325,16,,,0,20,,90311,16,,,0,21,,90329,16,,,0,59,,90335,16,,,0,22,,90310,16,,,0,23,,90312,16,,,0,62,,90346,16,,,0,20,,90339,16,,,0,18,,90318,16,,,0,54,,90313,16,,,0,24,,90348,16,,,0,19,,90326,16,,,0,57,,90331,16,,,0,19,,90314,16,,,0,14,,90315,16,,,0,16,,90347,16,,,0,59,,90337,16,,,0,19,,90320,16,,,0,17,,90321,16,,,0,70,,90332,16,,,0,29,,90319,16,,,0,70,,90341,16,,,0,29,,90322,16,,,0,70,,90333,16,,,0
701,'5458',616,,90349,16,,,0,30,,90364,16,,,0,65,,90351,16,,,0,15,,90378,16,,,0,16,,90350,16,,,0,11,,90391,16,,,0,6,,90386,16,,,0,50,,90392,16,,,0,7,,90372,16,,,0,10,,90393,16,,,0,8,,90353,16,,,0,16,,90375,16,,,0,57,,90365,16,,,0,14,,90384,16,,,0,19,,90354,16,,,0,60,,90355,16,,,0,20,,90388,16,,,0,19,,90371,16,,,0,61,,90352,16,,,0,20,,90376,16,,,0,21,,90382,16,,,0,60,,90356,16,,,0,20,,90357,16,,,0,25,,90390,16,,,0,60,,90373,16,,,0,20,,90359,16,,,0,21,,90377,16,,,0,59,,90383,16,,,0,22,,90358,16,,,0,23,,90360,16,,,0,62,,90394,16,,,0,20,,90387,16,,,0,18,,90366,16,,,0,54,,90361,16,,,0,24,,90396,16,,,0,19,,90374,16,,,0,57,,90379,16,,,0,19,,90362,16,,,0,14,,90363,16,,,0,16,,90395,16,,,0,59,,90385,16,,,0,19,,90368,16,,,0,17,,90369,16,,,0,70,,90380,16,,,0,29,,90367,16,,,0,70,,90389,16,,,0,29,,90370,16,,,0,70,,90381,16,,,0
701,'5459',706,,90424,16,,,0,30,,90408,16,,,0,73,,90417,16,,,0,31,,90401,16,,,0,70,,90425,16,,,0,29,,90409,16,,,0,72,,90418,16,,,0,27,,90397,16,,,0,70,,90399,16,,,0,29,,90419,16,,,0,71,,90405,16,,,0,29,,90412,16,,,0,68,,90398,16,,,0,31,,90400,16,,,0,70,,90420,16,,,0,30,,90404,16,,,0,69,,90413,16,,,0,31,,90402,16,,,0,70,,90403,16,,,0,33,,90421,16,,,0,70,,90406,16,,,0,29,,90415,16,,,0,71,,90407,16,,,0,30,,90410,16,,,0,69,,90422,16,,,0,30,,90411,16,,,0,75,,90416,16,,,0,36,,90414,16,,,0,68,,90423,16,,,0
701,'5460',715,,90438,16,,,0,40,,90427,16,,,0,80,,90439,16,,,0,76,,90440,16,,,0,25,,90426,16,,,0,69,,90428,16,,,0,31,,90441,16,,,0,69,,90429,16,,,0,31,,90444,16,,,0,69,,90430,16,,,0,31,,90431,16,,,0,70,,90443,16,,,0,28,,90442,16,,,0,70,,90445,16,,,0,30,,90446,16,,,0,69,,90433,16,,,0,31,,90434,16,,,0,72,,90436,16,,,0,32,,90435,16,,,0,69,,90432,16,,,0,31,,90437,16,,,0,69,,90447,16,,,0,32,,90448,16,,,0,74,,90449,16,,,0,34,,90451,16,,,0,69,,90450,16,,,0
701,'5461',715,,90464,16,,,0,40,,90453,16,,,0,80,,90465,16,,,0,76,,90466,16,,,0,25,,90452,16,,,0,69,,90454,16,,,0,31,,90467,16,,,0,69,,90455,16,,,0,31,,90470,16,,,0,69,,90456,16,,,0,31,,90457,16,,,0,70,,90469,16,,,0,28,,90468,16,,,0,70,,90471,16,,,0,30,,90472,16,,,0,69,,90459,16,,,0,31,,90460,16,,,0,72,,90462,16,,,0,32,,90461,16,,,0,69,,90458,16,,,0,31,,90463,16,,,0,69,,90473,16,,,0,32,,90474,16,,,0,74,,90475,16,,,0,34,,90477,16,,,0,69,,90476,16,,,0
701,'5462',715,,90490,16,,,0,40,,90479,16,,,0,80,,90491,16,,,0,76,,90492,16,,,0,25,,90478,16,,,0,69,,90480,16,,,0,31,,90493,16,,,0,69,,90481,16,,,0,31,,90496,16,,,0,69,,90482,16,,,0,31,,90483,16,,,0,70,,90495,16,,,0,28,,90494,16,,,0,70,,90497,16,,,0,30,,90498,16,,,0,69,,90485,16,,,0,31,,90486,16,,,0,72,,90488,16,,,0,32,,90487,16,,,0,69,,90484,16,,,0,31,,90489,16,,,0,69,,90499,16,,,0,32,,90500,16,,,0,74,,90501,16,,,0,34,,90503,16,,,0,69,,90502,16,,,0
701,'5463',715,,90516,16,,,0,40,,90505,16,,,0,80,,90517,16,,,0,76,,90518,16,,,0,25,,90504,16,,,0,69,,90506,16,,,0,31,,90519,16,,,0,69,,90507,16,,,0,31,,90522,16,,,0,69,,90508,16,,,0,31,,90509,16,,,0,70,,90521,16,,,0,28,,90520,16,,,0,70,,90523,16,,,0,30,,90524,16,,,0,69,,90511,16,,,0,31,,90512,16,,,0,72,,90514,16,,,0,32,,90513,16,,,0,69,,90510,16,,,0,31,,90515,16,,,0,69,,90525,16,,,0,32,,90526,16,,,0,74,,90527,16,,,0,34,,90529,16,,,0,69,,90528,16,,,0
14000701,'5456',2148,,103974,21,,,0,72,,103978,21,,,0,28,,103973,21,,,0,70,,103976,21,,,0,36,,103975,21,,,0,68,,103977,21,,,0
14000701,'5458',2148,,103980,21,,,0,72,,103984,21,,,0,28,,103979,21,,,0,70,,103982,21,,,0,36,,103981,21,,,0,68,,103983,21,,,0
14000701,'5459',2149,,103985,21,,,0,72,,103986,21,,,0,30,,103988,21,,,0,69,,103987,21,,,0,35,,103989,21,,,0,67,,103990,21,,,0
14000701,'5460',2048,,103991,21,,,0,70,,103993,21,,,0,40,,103992,21,,,0,62,,103994,21,,,0,99,,103995,21,,,0,103,,103996,21,,,0
14000701,'5461',2048,,103997,21,,,0,70,,103999,21,,,0,40,,103998,21,,,0,62,,104000,21,,,0,99,,104001,21,,,0,103,,104002,21,,,0
14000701,'5462',2048,,104003,21,,,0,70,,104005,21,,,0,40,,104004,21,,,0,62,,104006,21,,,0,99,,104007,21,,,0,103,,104008,21,,,0
14000701,'5463',2048,,104009,21,,,0,70,,104011,21,,,0,40,,104010,21,,,0,62,,104012,21,,,0,99,,104013,21,,,0,103,,104014,21,,,0
