300,'4832',708,,63734,23,,,0,45,,63722,25,,,0,79,,63735,23,,,0,85,,63729,25,,,0,35,,63733,23,,,0,80,,63720,25,,,0,19,,63730,23,,,0,71,,63725,25,,,0,29,,63721,23,,,0,69,,63726,25,,,0,30,,63724,23,,,0,69,,63723,25,,,0,31,,63727,23,,,0,77,,63728,25,,,0,27,,63731,23,,,0,81,,63732,25,,,0,66,,63739,23,,,0,33,,63736,25,,,0,68,,63737,23,,,0,30,,63738,25,,,0,70,,63741,23,,,0,30,,63740,25,,,0,70,,63742,23,,,0,35,,63743,25,,,0,84,,63744,23,0,5,0
300,'5453',708,,77922,23,,,0,45,,77910,25,,,0,79,,77923,23,,,0,85,,77917,25,,,0,35,,77921,23,,,0,80,,77908,25,,,0,19,,77918,23,,,0,71,,77913,25,,,0,29,,77909,23,,,0,69,,77914,25,,,0,30,,77912,23,,,0,69,,77911,25,,,0,31,,77915,23,,,0,77,,77916,25,,,0,27,,77919,23,,,0,81,,77920,25,,,0,66,,77927,23,,,0,33,,77924,25,,,0,68,,77925,23,,,0,30,,77926,25,,,0,70,,77929,23,,,0,30,,77928,25,,,0,70,,77930,23,,,0,35,,77931,25,,,0,84,,77932,23,0,5,0
300,'5456',616,,87880,23,,,0,33,,87882,25,,,0,76,,87881,23,,,0,80,,87890,25,,,0,37,,87883,23,,,0,76,,87884,25,,,0,29,,87888,27,,,0,70,,87885,25,,,0,29,,87886,27,,,0,69,,87887,25,,,0,30,,87889,27,,,0,75,,87891,25,,,0,30,,87892,27,,,0,70,,87896,25,,,0,30,,87893,27,,,0,74,,87906,25,,,0,34,,87895,27,,,0,75,,87894,25,,,0,74,,87905,25,,,0,33,,87897,25,,,0,75,,87898,23,,,0,34,,87904,25,,,0,68,,87899,23,,,0,30,,87900,25,,,0,70,,87907,23,,,0,25,,87901,25,,,0,65,,87902,23,,,0,30,,87908,25,,,0,86,,87903,23,0,5,0
300,'5458',616,,87909,23,,,0,33,,87911,25,,,0,76,,87910,23,,,0,80,,87919,25,,,0,37,,87912,23,,,0,76,,87913,25,,,0,29,,87917,27,,,0,70,,87914,25,,,0,29,,87915,27,,,0,69,,87916,25,,,0,30,,87918,27,,,0,75,,87920,25,,,0,30,,87921,27,,,0,70,,87925,25,,,0,30,,87922,27,,,0,74,,87935,25,,,0,34,,87924,27,,,0,75,,87923,25,,,0,74,,87934,25,,,0,33,,87926,25,,,0,75,,87927,23,,,0,34,,87933,25,,,0,68,,87928,23,,,0,30,,87929,25,,,0,70,,87936,23,,,0,25,,87930,25,,,0,65,,87931,23,,,0,30,,87937,25,,,0,86,,87932,23,0,5,0
300,'5459',654,,87961,23,,,0,70,,87944,25,,,0,28,,87938,23,,,0,70,,87953,25,,,0,30,,87946,23,,,0,70,,87963,25,,,0,30,,87952,23,,,0,70,,87939,25,,,0,26,,87960,27,,,0,72,,87951,25,,,0,28,,87942,27,,,0,71,,87964,25,,,0,29,,87954,27,,,0,72,,87941,25,,,0,28,,87948,27,,,0,75,,87940,25,,,0,28,,87947,27,,,0,81,,87945,25,,,0,70,,87949,23,,,0,39,,87943,25,,,0,64,,87950,23,,,0,37,,87956,25,,,0,68,,87957,23,,,0,32,,87955,25,,,0,65,,87958,23,,,0,30,,87959,25,,,0,70,,87965,23,,,0,31,,87962,25,,,0,85,,87966,23,0,5,0
300,'5460',708,,87981,23,,,0,45,,87969,25,,,0,79,,87982,23,,,0,85,,87976,25,,,0,35,,87980,23,,,0,80,,87967,25,,,0,19,,87977,23,,,0,71,,87972,25,,,0,29,,87968,23,,,0,69,,87973,25,,,0,30,,87971,23,,,0,69,,87970,25,,,0,31,,87974,23,,,0,77,,87975,25,,,0,27,,87978,23,,,0,81,,87979,25,,,0,66,,87986,23,,,0,33,,87983,25,,,0,68,,87984,23,,,0,30,,87985,25,,,0,70,,87988,23,,,0,30,,87987,25,,,0,70,,87989,23,,,0,35,,87990,25,,,0,84,,87991,23,0,5,0
300,'5461',708,,88006,23,,,0,45,,87994,25,,,0,79,,88007,23,,,0,85,,88001,25,,,0,35,,88005,23,,,0,80,,87992,25,,,0,19,,88002,23,,,0,71,,87997,25,,,0,29,,87993,23,,,0,69,,87998,25,,,0,30,,87996,23,,,0,69,,87995,25,,,0,31,,87999,23,,,0,77,,88000,25,,,0,27,,88003,23,,,0,81,,88004,25,,,0,66,,88011,23,,,0,33,,88008,25,,,0,68,,88009,23,,,0,30,,88010,25,,,0,70,,88013,23,,,0,30,,88012,25,,,0,70,,88014,23,,,0,35,,88015,25,,,0,84,,88016,23,0,5,0
300,'5462',708,,88031,23,,,0,45,,88019,25,,,0,79,,88032,23,,,0,85,,88026,25,,,0,35,,88030,23,,,0,80,,88017,25,,,0,19,,88027,23,,,0,71,,88022,25,,,0,29,,88018,23,,,0,69,,88023,25,,,0,30,,88021,23,,,0,69,,88020,25,,,0,31,,88024,23,,,0,77,,88025,25,,,0,27,,88028,23,,,0,81,,88029,25,,,0,66,,88036,23,,,0,33,,88033,25,,,0,68,,88034,23,,,0,30,,88035,25,,,0,70,,88038,23,,,0,30,,88037,25,,,0,70,,88039,23,,,0,35,,88040,25,,,0,84,,88041,23,0,5,0
300,'5463',708,,88056,23,,,0,45,,88044,25,,,0,79,,88057,23,,,0,85,,88051,25,,,0,35,,88055,23,,,0,80,,88042,25,,,0,19,,88052,23,,,0,71,,88047,25,,,0,29,,88043,23,,,0,69,,88048,25,,,0,30,,88046,23,,,0,69,,88045,25,,,0,31,,88049,23,,,0,77,,88050,25,,,0,27,,88053,23,,,0,81,,88054,25,,,0,66,,88061,23,,,0,33,,88058,25,,,0,68,,88059,23,,,0,30,,88060,25,,,0,70,,88063,23,,,0,30,,88062,25,,,0,70,,88064,23,,,0,35,,88065,25,,,0,84,,88066,23,0,5,0
14000700,'4832',2102,,77671,32,0,5,0,31,,77672,32,0,5,0,70,,77673,32,0,5,0,100,,77674,32,0,5,0,97,,77675,32,0,5,0
14000700,'5453',2102,,81925,32,0,5,0,31,,81926,32,0,5,0,70,,81927,32,0,5,0,100,,81928,32,0,5,0,97,,81929,32,0,5,0
14000700,'5456',2201,,103939,32,0,5,0,29,,103935,32,0,5,0,71,,103940,32,0,5,0,29,,103936,32,0,5,0,71,,103938,32,0,5,0,29,,103937,32,0,5,0
14000700,'5458',2201,,103945,32,0,5,0,29,,103941,32,0,5,0,71,,103946,32,0,5,0,29,,103942,32,0,5,0,71,,103944,32,0,5,0,29,,103943,32,0,5,0
14000700,'5459',2200,,103947,32,0,5,0,34,,103948,32,0,5,0,69,,103949,32,0,5,0,29,,103950,32,0,5,0,70,,103951,32,0,5,0,31,,103952,32,0,5,0
14000700,'5460',2102,,103953,32,0,5,0,31,,103954,32,0,5,0,70,,103955,32,0,5,0,100,,103956,32,0,5,0,97,,103957,32,0,5,0
14000700,'5461',2102,,103958,32,0,5,0,31,,103959,32,0,5,0,70,,103960,32,0,5,0,100,,103961,32,0,5,0,97,,103962,32,0,5,0
14000700,'5462',2102,,103963,32,0,5,0,31,,103964,32,0,5,0,70,,103965,32,0,5,0,100,,103966,32,0,5,0,97,,103967,32,0,5,0
14000700,'5463',2102,,103968,32,0,5,0,31,,103969,32,0,5,0,70,,103970,32,0,5,0,100,,103971,32,0,5,0,97,,103972,32,0,5,0
