4700,'5456',626,,98600,17,,,0,21,,98598,17,,,0,63,,98599,17,,,0
4700,'5458',626,,98603,17,,,0,21,,98601,17,,,0,63,,98602,17,,,0
4901,'4832',840,,84979,12,,,0,210,,84978,12,,,0,202,,72946,12,,,0,249,,72947,12,,,0,210,,72948,12,,,0,194,,84980,12,,,0
4901,'5453',840,,80773,12,,,0,210,,80772,12,,,0,202,,80774,12,,,0,249,,80775,12,,,0,210,,80776,12,,,0,194,,84981,12,,,0
4901,'5456',637,,98683,12,,,0,109,,98682,12,,,0,99,,98681,12,,,0,172,,98680,12,,,0,200,,98679,12,,,0,126,,98684,12,,,0,185,,98686,12,,,0,104,,98687,12,,,0,93,,98689,12,,,0,106,,98685,12,,,0,194,,98688,12,,,0
4901,'5458',637,,98694,12,,,0,109,,98693,12,,,0,99,,98692,12,,,0,172,,98691,12,,,0,200,,98690,12,,,0,126,,98695,12,,,0,185,,98697,12,,,0,104,,98698,12,,,0,93,,98700,12,,,0,106,,98696,12,,,0,194,,98699,12,,,0
4901,'5459',636,,98705,12,,,0,204,,98706,12,,,0,211,,98707,12,,,0,202,,98702,12,,,0,250,,98703,12,,,0,209,,98704,12,,,0,194,,98701,12,,,0
4901,'5460',840,,98709,12,,,0,210,,98708,12,,,0,202,,98710,12,,,0,249,,98711,12,,,0,210,,98712,12,,,0,194,,98713,12,,,0
4901,'5461',840,,98715,12,,,0,210,,98714,12,,,0,202,,98716,12,,,0,249,,98717,12,,,0,210,,98718,12,,,0,194,,98719,12,,,0
4901,'5462',840,,98721,12,,,0,210,,98720,12,,,0,202,,98722,12,,,0,249,,98723,12,,,0,210,,98724,12,,,0,194,,98725,12,,,0
4901,'5463',840,,98727,12,,,0,210,,98726,12,,,0,202,,98728,12,,,0,249,,98729,12,,,0,210,,98730,12,,,0,194,,98731,12,,,0
5700,'4832',724,,85477,10,,,0,98,,73696,10,,,0,105,,73700,10,,,0,100,,73697,10,,,0,105,,73699,10,,,0,110,,73702,10,,,0,100,,73703,10,,,0,110,,73701,10,,,0,100,,73704,10,,,0,150,,85478,10,,,0,50,,85479,10,,,0,154,,73706,10,,,0,100,,73707,10,,,0,101,,73705,10,,,0,45,,73708,10,,,0
5700,'5453',724,,80906,10,,,0,98,,80904,10,,,0,105,,80908,10,,,0,100,,80905,10,,,0,105,,80907,10,,,0,110,,85480,10,,,0,100,,80911,10,,,0,110,,80909,10,,,0,100,,80912,10,,,0,150,,85482,10,,,0,50,,85483,10,,,0,154,,80914,10,,,0,100,,85481,10,,,0,101,,80913,10,,,0,45,,80916,10,,,0
5700,'5456',549,,99500,10,,,0,87,,99502,10,,,0,84,,99514,10,,,0,88,,99505,10,,,0,45,,99501,10,,,0,86,,99503,10,,,0,84,,99504,10,,,0,85,,99506,10,,,0,45,,99507,10,,,0,86,,99509,10,,,0,85,,99508,10,,,0,88,,99510,10,,,0,100,,99519,10,,,0,32,,99520,10,,,0,84,,99511,10,,,0,87,,99512,10,,,0,87,,99513,10,,,0,48,,99515,10,,,0,100,,99516,10,,,0,156,,99517,10,,,0,110,,99518,10,,,0
5700,'5458',549,,99521,10,,,0,87,,99523,10,,,0,84,,99535,10,,,0,88,,99526,10,,,0,45,,99522,10,,,0,86,,99524,10,,,0,84,,99525,10,,,0,85,,99527,10,,,0,45,,99528,10,,,0,86,,99530,10,,,0,85,,99529,10,,,0,88,,99531,10,,,0,100,,99540,10,,,0,32,,99541,10,,,0,84,,99532,10,,,0,87,,99533,10,,,0,87,,99534,10,,,0,48,,99536,10,,,0,100,,99537,10,,,0,156,,99538,10,,,0,110,,99539,10,,,0
5700,'5459',724,,99556,10,,,0,96,,99544,10,,,0,105,,99547,10,,,0,100,,99542,10,,,0,107,,99545,10,,,0,110,,99550,10,,,0,100,,99546,10,,,0,110,,99551,10,,,0,101,,99554,10,,,0,148,,99555,10,,,0,51,,99553,10,,,0,155,,99549,10,,,0,100,,99548,10,,,0,100,,99543,10,,,0,113,,99552,10,,,0
5700,'5460',724,,99559,10,,,0,98,,99557,10,,,0,105,,99561,10,,,0,100,,99558,10,,,0,105,,99560,10,,,0,110,,99563,10,,,0,100,,99564,10,,,0,110,,99562,10,,,0,100,,99565,10,,,0,150,,99570,10,,,0,50,,99571,10,,,0,154,,99567,10,,,0,100,,99568,10,,,0,101,,99566,10,,,0,45,,99569,10,,,0
5700,'5461',724,,99574,10,,,0,98,,99572,10,,,0,105,,99576,10,,,0,100,,99573,10,,,0,105,,99575,10,,,0,110,,99578,10,,,0,100,,99579,10,,,0,110,,99577,10,,,0,100,,99580,10,,,0,150,,99585,10,,,0,50,,99586,10,,,0,154,,99582,10,,,0,100,,99583,10,,,0,101,,99581,10,,,0,45,,99584,10,,,0
5700,'5462',724,,99589,10,,,0,98,,99587,10,,,0,105,,99591,10,,,0,100,,99588,10,,,0,105,,99590,10,,,0,110,,99593,10,,,0,100,,99594,10,,,0,110,,99592,10,,,0,100,,99595,10,,,0,150,,99600,10,,,0,50,,99601,10,,,0,154,,99597,10,,,0,100,,99598,10,,,0,101,,99596,10,,,0,45,,99599,10,,,0
5700,'5463',724,,99604,10,,,0,98,,99602,10,,,0,105,,99606,10,,,0,100,,99603,10,,,0,105,,99605,10,,,0,110,,99608,10,,,0,100,,99609,10,,,0,110,,99607,10,,,0,100,,99610,10,,,0,150,,99615,10,,,0,50,,99616,10,,,0,154,,99612,10,,,0,100,,99613,10,,,0,101,,99611,10,,,0,45,,99614,10,,,0
