400,'4832',754,,82002,9,,,0,70,,82003,9,,,0,32,,82004,9,,,0,71,,82005,9,,,0,29,,64206,9,,,0,70,,64207,9,,,0,20,,64208,9,,,0,61,,64209,9,,,0,20,,64210,9,,,0,20,,64211,9,,,0,60,,64212,9,,,0,20,,64213,9,,,0,21,,64214,9,,,0,60,,64215,9,,,0,20,,64216,9,,,0,20,,64217,9,,,0,60,,64218,9,,,0,19,,64245,9,,,0,18,,64219,9,,,0,56,,64220,9,,,0,16,,64221,9,,,0,16,,64222,9,,,0,16,,64247,9,,,0,56,,64223,9,,,0,16,,64224,9,,,0,16,,64225,9,,,0,16,,64226,9,,,0,56,,64246,9,,,0,15,,64227,9,,,0,17,,64228,9,,,0,17,,64229,9,,,0,58,,64230,9,,,0,17,,64231,9,,,0,17,,64232,9,,,0,58,,64233,9,,,0,18,,82006,9,,,0,18,,82007,9,,,0,58,,64248,9,,,0,17,,64236,9,,,0,20,,82008,9,,,0,20,,82009,9,,,0,64,,64239,9,,,0,30,,64240,9,,,0,72,,64241,9,,,0,29,,64242,9,,,0,70,,82010,9,,,0,33,,82011,9,,,0
400,'5453',754,,77970,9,,,0,70,,82012,9,,,0,32,,77972,9,,,0,71,,82013,9,,,0,29,,77974,9,,,0,70,,82014,9,,,0,20,,77976,9,,,0,61,,77977,9,,,0,20,,77978,9,,,0,20,,82015,9,,,0,60,,82016,9,,,0,20,,77981,9,,,0,21,,77982,9,,,0,60,,82017,9,,,0,20,,82018,9,,,0,20,,77985,9,,,0,60,,77986,9,,,0,19,,82025,9,,,0,18,,77987,9,,,0,56,,82019,9,,,0,16,,77989,9,,,0,16,,77990,9,,,0,16,,82027,9,,,0,56,,77991,9,,,0,16,,82020,9,,,0,16,,77993,9,,,0,16,,77994,9,,,0,56,,82026,9,,,0,15,,77995,9,,,0,17,,82021,9,,,0,17,,77997,9,,,0,58,,77998,9,,,0,17,,77999,9,,,0,17,,82022,9,,,0,58,,78001,9,,,0,18,,78002,9,,,0,18,,78003,9,,,0,58,,82028,9,,,0,17,,78004,9,,,0,20,,78005,9,,,0,20,,82023,9,,,0,64,,78007,9,,,0,30,,78008,9,,,0,72,,78009,9,,,0,29,,82024,9,,,0,70,,78011,9,,,0,33,,78012,9,,,0
400,'5456',601,,88255,9,,,0,21,,88252,9,,,0,18,,88268,9,,,0,63,,88249,9,,,0,15,,88278,9,,,0,15,,88315,9,,,0,16,,88296,9,,,0,51,,88295,3,,,0,4,,88289,9,,,0,6,,88254,3,,,0,5,,88258,9,,,0,4,,88253,9,,,0,10,,88270,3,,,0,5,,88273,9,,,0,7,,88266,3,,,0,7,,88279,9,,,0,6,,88259,3,,,0,48,,88260,9,,,0,7,,88265,3,,,0,7,,88269,9,,,0,12,,88261,9,,,0,13,,88283,9,,,0,14,,88263,9,,,0,54,,88281,9,,,0,13,,88286,9,,,0,13,,88288,9,,,0,13,,88291,9,,,0,53,,88290,9,,,0,14,,88292,9,,,0,14,,88301,9,,,0,14,,88303,9,,,0,13,,88310,9,,,0,54,,88308,9,,,0,13,,88305,9,,,0,14,,88320,9,,,0,13,,88316,9,,,0,55,,88271,9,,,0,15,,88325,9,,,0,4,,88327,2,,,0,9,,88262,9,,,0,14,,88276,9,,,0,54,,88277,9,,,0,12,,88256,9,,,0,13,,88257,9,,,0,13,,88284,9,,,0,14,,88251,9,,,0,54,,88282,9,,,0,18,,88285,9,,,0,18,,88294,9,,,0,16,,88298,9,,,0,57,,88293,9,,,0,19,,88297,9,,,0,15,,88302,9,,,0,58,,88300,9,,,0,19,,88307,9,,,0,15,,88304,9,,,0,13,,88309,9,,,0,52,,88313,9,,,0,14,,88321,9,,,0,15,,88326,9,,,0,14,,88250,9,,,0,54,,88274,9,,,0,15,,88264,9,,,0,15,,88267,9,,,0,15,,88287,9,,,0,55,,88306,9,,,0,15,,88280,9,,,0,16,,88299,9,,,0,17,,88275,9,,,0,57,,88311,9,,,0,15,,88272,9,,,0,16,,88322,9,,,0,18,,88312,9,,,0,60,,88317,9,,,0,20,,88323,9,,,0,62,,88318,9,,,0,24,,88324,9,,,0,29,,88319,9,,,0,69,,88314,9,,,0
400,'5458',601,,88335,9,,,0,21,,88332,9,,,0,18,,88349,9,,,0,63,,88328,9,,,0,15,,88359,9,,,0,15,,88396,9,,,0,16,,88377,9,,,0,51,,88376,3,,,0,4,,88370,9,,,0,6,,88334,3,,,0,5,,88338,9,,,0,4,,88333,9,,,0,10,,88351,3,,,0,5,,88354,9,,,0,7,,88347,3,,,0,7,,88360,9,,,0,6,,88339,3,,,0,48,,88340,9,,,0,7,,88346,3,,,0,7,,88350,9,,,0,12,,88341,9,,,0,13,,88364,9,,,0,14,,88343,9,,,0,54,,88362,9,,,0,13,,88367,9,,,0,13,,88369,9,,,0,13,,88372,9,,,0,53,,88371,9,,,0,14,,88373,9,,,0,14,,88382,9,,,0,14,,88384,9,,,0,13,,88391,9,,,0,54,,88389,9,,,0,13,,88386,9,,,0,14,,88401,9,,,0,13,,88397,9,,,0,55,,88352,9,,,0,15,,88408,9,,,0,4,,88411,2,,,0,9,,88342,9,,,0,14,,88357,9,,,0,54,,88358,9,,,0,12,,88336,9,,,0,13,,88337,9,,,0,13,,88365,9,,,0,14,,88331,9,,,0,54,,88363,9,,,0,18,,88366,9,,,0,18,,88375,9,,,0,16,,88379,9,,,0,57,,88374,9,,,0,19,,88378,9,,,0,15,,88383,9,,,0,58,,88381,9,,,0,19,,88388,9,,,0,15,,88385,9,,,0,13,,88390,9,,,0,52,,88394,9,,,0,14,,88402,9,,,0,15,,88409,9,,,0,14,,88330,9,,,0,54,,88355,9,,,0,15,,88344,9,,,0,15,,88348,9,,,0,15,,88368,9,,,0,55,,88387,9,,,0,15,,88361,9,,,0,16,,88380,9,,,0,17,,88356,9,,,0,57,,88392,9,,,0,15,,88353,9,,,0,16,,88403,9,,,0,18,,88393,9,,,0,60,,88398,9,,,0,20,,88405,9,,,0,62,,88399,9,,,0,24,,88406,9,,,0,29,,88400,9,,,0,69,,88395,9,,,0,30,,88404,9,,,0,70,,88407,9,,,0,30,,88410,9,,,0,70,,88329,9,,,0,30,,88345,9,,,0
400,'5459',648,,88455,9,,,0,65,,88436,9,,,0,20,,88441,9,,,0,20,,88448,9,,,0,60,,88430,9,,,0,18,,88446,9,,,0,18,,88450,9,,,0,56,,88431,9,,,0,16,,88421,9,,,0,16,,88447,9,,,0,16,,88453,9,,,0,56,,88415,9,,,0,16,,88424,9,,,0,15,,88418,9,,,0,16,,88477,9,,,0,57,,88438,9,,,0,15,,88437,9,,,0,16,,88413,9,,,0,15,,88425,9,,,0,55,,88435,9,,,0,15,,88445,9,,,0,15,,88454,9,,,0,15,,88412,9,,,0,56,,88419,9,,,0,16,,88429,9,,,0,16,,88439,9,,,0,56,,88449,9,,,0,16,,88417,9,,,0,15,,88422,9,,,0,16,,88432,9,,,0,56,,88444,9,,,0,16,,88452,9,,,0,16,,88414,9,,,0,16,,88428,9,,,0,55,,88423,9,,,0,16,,88442,9,,,0,16,,88451,9,,,0,15,,88426,9,,,0,56,,88433,9,,,0,16,,88416,9,,,0,16,,88443,9,,,0,15,,88440,9,,,0,56,,88427,9,,,0,16,,88420,9,,,0,18,,88434,9,,,0,58,,88459,9,,,0,18,,88456,9,,,0,18,,88458,9,,,0,58,,88457,9,,,0,17,,88473,9,,,0,17,,88465,9,,,0,18,,88464,9,,,0,58,,88466,9,,,0,18,,88467,9,,,0,18,,88474,9,,,0,58,,88470,9,,,0,25,,88471,9,,,0,23,,88469,9,,,0,70,,88468,9,,,0,30,,88472,9,,,0,70,,88475,9,,,0,30,,88476,9,,,0,69,,88463,9,,,0,30,,88460,9,,,0,70,,88461,9,,,0,30,,88462,9,,,0
400,'5460',754,,88478,9,,,0,70,,88479,9,,,0,32,,88480,9,,,0,71,,88481,9,,,0,29,,88482,9,,,0,70,,88483,9,,,0,20,,88484,9,,,0,61,,88485,9,,,0,20,,88486,9,,,0,20,,88487,9,,,0,60,,88488,9,,,0,20,,88489,9,,,0,21,,88490,9,,,0,60,,88491,9,,,0,20,,88492,9,,,0,20,,88493,9,,,0,60,,88494,9,,,0,19,,88521,9,,,0,18,,88495,9,,,0,56,,88496,9,,,0,16,,88497,9,,,0,16,,88498,9,,,0,16,,88523,9,,,0,56,,88499,9,,,0,16,,88500,9,,,0,16,,88501,9,,,0,16,,88502,9,,,0,56,,88522,9,,,0,15,,88503,9,,,0,17,,88504,9,,,0,17,,88505,9,,,0,58,,88506,9,,,0,17,,88507,9,,,0,17,,88508,9,,,0,58,,88509,9,,,0,18,,88510,9,,,0,18,,88511,9,,,0,58,,88524,9,,,0,17,,88512,9,,,0,20,,88513,9,,,0,20,,88514,9,,,0,64,,88515,9,,,0,30,,88516,9,,,0,72,,88517,9,,,0,29,,88518,9,,,0,70,,88519,9,,,0,81,,88520,9,,,0
400,'5461',754,,88525,9,,,0,70,,88526,9,,,0,32,,88527,9,,,0,71,,88528,9,,,0,29,,88529,9,,,0,70,,88530,9,,,0,20,,88531,9,,,0,61,,88532,9,,,0,20,,88533,9,,,0,20,,88534,9,,,0,60,,88535,9,,,0,20,,88536,9,,,0,21,,88537,9,,,0,60,,88538,9,,,0,20,,88539,9,,,0,20,,88540,9,,,0,60,,88541,9,,,0,19,,88568,9,,,0,18,,88542,9,,,0,56,,88543,9,,,0,16,,88544,9,,,0,16,,88545,9,,,0,16,,88570,9,,,0,56,,88546,9,,,0,16,,88547,9,,,0,16,,88548,9,,,0,16,,88549,9,,,0,56,,88569,9,,,0,15,,88550,9,,,0,17,,88551,9,,,0,17,,88552,9,,,0,58,,88553,9,,,0,17,,88554,9,,,0,17,,88555,9,,,0,58,,88556,9,,,0,18,,88557,9,,,0,18,,88558,9,,,0,58,,88571,9,,,0,17,,88559,9,,,0,20,,88560,9,,,0,20,,88561,9,,,0,64,,88562,9,,,0,30,,88563,9,,,0,72,,88564,9,,,0,29,,88565,9,,,0,70,,88566,9,,,0,81,,88567,9,,,0
400,'5462',754,,88572,9,,,0,70,,88573,9,,,0,32,,88574,9,,,0,71,,88575,9,,,0,29,,88576,9,,,0,70,,88577,9,,,0,20,,88578,9,,,0,61,,88579,9,,,0,20,,88580,9,,,0,20,,88581,9,,,0,60,,88582,9,,,0,20,,88583,9,,,0,21,,88584,9,,,0,60,,88585,9,,,0,20,,88586,9,,,0,20,,88587,9,,,0,60,,88588,9,,,0,19,,88615,9,,,0,18,,88589,9,,,0,56,,88590,9,,,0,16,,88591,9,,,0,16,,88592,9,,,0,16,,88617,9,,,0,56,,88593,9,,,0,16,,88594,9,,,0,16,,88595,9,,,0,16,,88596,9,,,0,56,,88616,9,,,0,15,,88597,9,,,0,17,,88598,9,,,0,17,,88599,9,,,0,58,,88600,9,,,0,17,,88601,9,,,0,17,,88602,9,,,0,58,,88603,9,,,0,18,,88604,9,,,0,18,,88605,9,,,0,58,,88618,9,,,0,17,,88606,9,,,0,20,,88607,9,,,0,20,,88608,9,,,0,64,,88609,9,,,0,30,,88610,9,,,0,72,,88611,9,,,0,29,,88612,9,,,0,70,,88613,9,,,0,81,,88614,9,,,0
400,'5463',754,,88619,9,,,0,70,,88620,9,,,0,32,,88621,9,,,0,71,,88622,9,,,0,29,,88623,9,,,0,70,,88624,9,,,0,20,,88625,9,,,0,61,,88626,9,,,0,20,,88627,9,,,0,20,,88628,9,,,0,60,,88629,9,,,0,20,,88630,9,,,0,21,,88631,9,,,0,60,,88632,9,,,0,20,,88633,9,,,0,20,,88634,9,,,0,60,,88635,9,,,0,19,,88662,9,,,0,18,,88636,9,,,0,56,,88637,9,,,0,16,,88638,9,,,0,16,,88639,9,,,0,16,,88664,9,,,0,56,,88640,9,,,0,16,,88641,9,,,0,16,,88642,9,,,0,16,,88643,9,,,0,56,,88663,9,,,0,15,,88644,9,,,0,17,,88645,9,,,0,17,,88646,9,,,0,58,,88647,9,,,0,17,,88648,9,,,0,17,,88649,9,,,0,58,,88650,9,,,0,18,,88651,9,,,0,18,,88652,9,,,0,58,,88665,9,,,0,17,,88653,9,,,0,20,,88654,9,,,0,20,,88655,9,,,0,64,,88656,9,,,0,30,,88657,9,,,0,72,,88658,9,,,0,29,,88659,9,,,0,70,,88660,9,,,0,81,,88661,9,,,0
900,'5456',711,,90756,14,,,0,14,,90754,14,,,0,16,,90755,33,,,0,15,,90752,14,,,0,68,,90753,33,,,0
900,'5458',711,,90761,14,,,0,14,,90759,14,,,0,16,,90760,33,,,0,15,,90757,14,,,0,68,,90758,33,,,0
