6101,'5456',542,,100607,39,,,0,68,,100605,39,,,0,29,,100600,39,,,0,67,,100599,39,,,0,38,,100610,39,,,0,80,,100606,39,,,0,77,,100601,39,,,0,24,,100611,39,,,0,34,,100596,39,,,0,88,,100603,39,,,0,77,,100609,39,,,0,77,,100597,39,,,0,38,,100602,39,,,0,77,,100608,39,,,0,26,,100595,39,,,0,78,,100604,39,,,0,35,,100593,39,,,0,70,,100592,4,,,0,2,,100591,39,,,0,31,,100590,39,,,0,69,,100612,62,,,0,17,,100586,39,,,0,14,,100598,62,,,0,71,,100587,62,,,0,22,,100585,62,,,0,54,,100594,62,,,0,19,,100580,62,,,0,76,,100589,62,,,0,14,,100588,39,,,0,30,,100581,39,,,0,86,,100579,39,,,0,89,,100582,39,,,0,97,,100577,39,,,0,43,,100584,39,,,0,97,,100578,39,,,0,84,,100583,39,,,0
6101,'5458',542,,100644,39,,,0,68,,100642,39,,,0,29,,100637,39,,,0,67,,100636,39,,,0,38,,100647,39,,,0,80,,100643,39,,,0,77,,100638,39,,,0,24,,100648,39,,,0,34,,100633,39,,,0,88,,100640,39,,,0,77,,100646,39,,,0,77,,100634,39,,,0,38,,100639,39,,,0,77,,100645,39,,,0,26,,100632,39,,,0,72,,100631,4,,,0,6,,100641,39,,,0,35,,100629,39,,,0,72,,100628,39,,,0,31,,100627,39,,,0,69,,100649,62,,,0,17,,100623,39,,,0,14,,100635,62,,,0,71,,100624,62,,,0,22,,100622,62,,,0,54,,100630,62,,,0,19,,100617,62,,,0,76,,100626,62,,,0,14,,100625,39,,,0,30,,100618,39,,,0,86,,100616,39,,,0,89,,100619,39,,,0,97,,100614,39,,,0,43,,100621,39,,,0,97,,100615,39,,,0,84,,100620,39,,,0,99,,100613,39,,,0
6101,'5459',613,,100650,38,,,0,97,,100651,39,,,0,38,,100652,39,,,0,101,,100653,39,,,0,84,,100654,39,,,0,90,,100655,39,,,0,31,,100656,39,,,0,89,,100657,39,,,0,72,,100658,39,,,0,32,,100659,39,,,0,84,,100660,39,,,0,77,,100661,39,,,0,36,,100662,39,,,0,75,,100663,39,,,0,26,,100664,39,,,0,76,,100665,39,,,0,38,,100666,39,,,0,73,,100667,39,,,0,74,,100668,39,,,0,36,,100669,39,,,0,76,,100670,39,,,0,36,,100671,39,,,0,81,,100672,39,,,0,83,,100673,39,,,0,97,,100674,39,,,0,86,,100675,39,,,0,99,,100676,39,,,0,42,,100677,39,,,0,100,,100678,39,,,0
6101,'5460',618,,100681,38,,,0,103,,100679,38,,,0,34,,100682,39,,,0,89,,100680,39,,,0,94,,100683,39,,,0,87,,100684,39,,,0,88,,100685,39,,,0,87,,100686,39,,,0,103,,100687,39,,,0,46,,100688,39,,,0,101,,100689,39,,,0,85,,100690,39,,,0,101,,100691,39,,,0,80,,100692,39,,,0,100,,100693,39,,,0,89,,100694,39,,,0,97,,100695,39,,,0,100,,100696,39,,,0,41,,100697,39,,,0,99,,100698,39,,,0,96,,100699,39,,,0
6101,'5461',618,,100702,38,,,0,103,,100700,38,,,0,34,,100703,39,,,0,89,,100701,39,,,0,94,,100704,39,,,0,87,,100705,39,,,0,88,,100706,39,,,0,87,,100707,39,,,0,103,,100708,39,,,0,46,,100709,39,,,0,101,,100710,39,,,0,85,,100711,39,,,0,101,,100712,39,,,0,80,,100713,39,,,0,100,,100714,39,,,0,89,,100715,39,,,0,97,,100716,39,,,0,100,,100717,39,,,0,41,,100718,39,,,0,99,,100719,39,,,0,96,,100720,39,,,0
6101,'5462',618,,100723,38,,,0,103,,100721,38,,,0,34,,100724,39,,,0,89,,100722,39,,,0,94,,100725,39,,,0,87,,100726,39,,,0,88,,100727,39,,,0,87,,100728,39,,,0,103,,100729,39,,,0,46,,100730,39,,,0,101,,100731,39,,,0,85,,100732,39,,,0,101,,100733,39,,,0,80,,100734,39,,,0,100,,100735,39,,,0,89,,100736,39,,,0,97,,100737,39,,,0,100,,100738,39,,,0,41,,100739,39,,,0,99,,100740,39,,,0,96,,100741,39,,,0
6101,'5463',618,,100744,38,,,0,103,,100742,38,,,0,34,,100745,39,,,0,89,,100743,39,,,0,94,,100746,39,,,0,87,,100747,39,,,0,88,,100748,39,,,0,87,,100749,39,,,0,103,,100750,39,,,0,46,,100751,39,,,0,101,,100752,39,,,0,85,,100753,39,,,0,101,,100754,39,,,0,80,,100755,39,,,0,100,,100756,39,,,0,89,,100757,39,,,0,97,,100758,39,,,0,100,,100759,39,,,0,41,,100760,39,,,0,99,,100761,39,,,0,96,,100762,39,,,0
6401,'5456',754,,100789,91,,,0,203,,100788,46,,,0,380,,100786,91,,,0,279,,100787,32,,,0
6401,'5458',754,,100796,91,,,0,203,,100795,46,,,0,380,,100793,91,,,0,279,,100794,32,,,0
6501,'5456',1717,,100808,57,,,0,25,,100810,57,,,0,70,,100807,57,,,0,24,,100809,57,,,0
6501,'5458',1717,,100812,57,,,0,25,,100814,57,,,0,70,,100811,57,,,0,24,,100813,57,,,0
