5300,'4832',1326,,73380,9,0,25 40,0,210,,73378,9,0,25 40,0,210,,73382,9,0,25 40,0,205,,73381,9,0,25 40,0
5300,'5453',1326,,80867,9,0,25 40,0,210,,80865,9,0,25 40,0,210,,80869,9,0,25 40,0,205,,80868,9,0,25 40,0
5300,'5456',1322,,99181,9,0,25 40,0,187,,99183,9,0,25 40,0,107,,99180,9,0,25 40,0,129,,99178,9,0,25 40,0,166,,99184,9,0,25 40,0,130,,99185,9,0,25 40,0
5300,'5458',1322,,99192,9,0,25 40,0,187,,99194,9,0,25 40,0,107,,99191,9,0,25 40,0,129,,99189,9,0,25 40,0,166,,99195,9,0,25 40,0,130,,99196,9,0,25 40,0
5300,'5459',1327,,99203,9,0,25 40,0,210,,99200,9,0,25 40,0,209,,99198,9,0,25 40,0,206,,99199,9,0,25 40,0
5300,'5460',1326,,99208,9,0,25 40,0,210,,99206,9,0,25 40,0,210,,99210,9,0,25 40,0,205,,99209,9,0,25 40,0
5300,'5461',1326,,99215,9,0,25 40,0,210,,99213,9,0,25 40,0,210,,99217,9,0,25 40,0,205,,99216,9,0,25 40,0
5300,'5462',1326,,99222,9,0,25 40,0,210,,99220,9,0,25 40,0,210,,99224,9,0,25 40,0,205,,99223,9,0,25 40,0
5300,'5463',1326,,99229,9,0,25 40,0,210,,99227,9,0,25 40,0,210,,99231,9,0,25 40,0,205,,99230,9,0,25 40,0
5301,'4832',759,,85339,32,,,0,200,,85338,32,,,0,253,,73425,32,,,0
5301,'5453',759,,80873,32,,,0,200,,80870,32,,,0,253,,80871,32,,,0
5301,'5456',811,,99236,32,,,0,115,,99233,32,,,0,199,,99232,32,,,0
5301,'5458',811,,99246,32,,,0,115,,99243,32,,,0,199,,99242,32,,,0
5301,'5459',759,,99257,32,,,0,241,,99258,32,,,0,214,,99256,32,,,0
5301,'5460',759,,99262,32,,,0,200,,99259,32,,,0,253,,99260,32,,,0
5301,'5461',759,,99269,32,,,0,200,,99266,32,,,0,253,,99267,32,,,0
5301,'5462',759,,99276,32,,,0,200,,99273,32,,,0,253,,99274,32,,,0
5301,'5463',759,,99283,32,,,0,200,,99280,32,,,0,253,,99281,32,,,0
