400,'5456',557,,88255,4,,,0,60,,88252,4,,,0,18,,88268,4,,,0,23,,88249,4,,,0,55,,88278,4,,,0,15,,88315,4,,,0,15,,88296,4,,,0,15,,88289,4,,,0,51,,88258,4,,,0,4,,88253,4,,,0,15,,88273,4,,,0,14,,88279,4,,,0,14,,88260,4,,,0,54,,88269,4,,,0,12,,88261,4,,,0,13,,88283,4,,,0,14,,88263,4,,,0,54,,88281,4,,,0,13,,88286,4,,,0,13,,88288,4,,,0,13,,88291,4,,,0,13,,88290,4,,,0,54,,88292,4,,,0,14,,88301,4,,,0,14,,88303,4,,,0,13,,88310,4,,,0,54,,88308,4,,,0,13,,88305,4,,,0,14,,88320,4,,,0,13,,88316,4,,,0,15,,88271,4,,,0,55,,88325,4,,,0,13,,88262,4,,,0,14,,88276,4,,,0,14,,88277,4,,,0,52,,88256,4,,,0,13,,88257,4,,,0,13,,88284,4,,,0,14,,88251,4,,,0,54,,88282,4,,,0,18,,88285,4,,,0,18,,88294,4,,,0,16,,88298,4,,,0,57,,88293,4,,,0,19,,88297,4,,,0,15,,88302,4,,,0,58,,88300,4,,,0,19,,88307,4,,,0,15,,88304,4,,,0,13,,88309,4,,,0,52,,88313,4,,,0,14,,88321,4,,,0,15,,88326,4,,,0,15,,88250,4,,,0,14,,88274,4,,,0,55,,88264,4,,,0,15,,88267,4,,,0,15,,88287,4,,,0,15,,88306,4,,,0,55,,88280,4,,,0,16,,88299,4,,,0,17,,88275,4,,,0,57,,88311,4,,,0,15,,88272,4,,,0,16,,88322,4,,,0,18,,88312,4,,,0,60,,88317,4,,,0,20,,88323,4,,,0,22,,88318,4,,,0,64,,88324,4,,,0,29,,88319,4,,,0,69,,88314,4,,,0
400,'5458',557,,88335,4,,,0,60,,88332,4,,,0,18,,88349,4,,,0,23,,88328,4,,,0,55,,88359,4,,,0,15,,88396,4,,,0,15,,88377,4,,,0,15,,88370,4,,,0,51,,88338,4,,,0,4,,88333,4,,,0,15,,88354,4,,,0,14,,88360,4,,,0,14,,88340,4,,,0,54,,88350,4,,,0,12,,88341,4,,,0,13,,88364,4,,,0,14,,88343,4,,,0,54,,88362,4,,,0,13,,88367,4,,,0,13,,88369,4,,,0,13,,88372,4,,,0,13,,88371,4,,,0,54,,88373,4,,,0,14,,88382,4,,,0,14,,88384,4,,,0,13,,88391,4,,,0,54,,88389,4,,,0,13,,88386,4,,,0,14,,88401,4,,,0,13,,88397,4,,,0,15,,88352,4,,,0,55,,88408,4,,,0,13,,88342,4,,,0,14,,88357,4,,,0,14,,88358,4,,,0,52,,88336,4,,,0,13,,88337,4,,,0,13,,88365,4,,,0,14,,88331,4,,,0,54,,88363,4,,,0,18,,88366,4,,,0,18,,88375,4,,,0,16,,88379,4,,,0,57,,88374,4,,,0,19,,88378,4,,,0,15,,88383,4,,,0,58,,88381,4,,,0,19,,88388,4,,,0,15,,88385,4,,,0,13,,88390,4,,,0,52,,88394,4,,,0,14,,88402,4,,,0,15,,88409,4,,,0,15,,88330,4,,,0,14,,88355,4,,,0,55,,88344,4,,,0,15,,88348,4,,,0,15,,88368,4,,,0,15,,88387,4,,,0,55,,88361,4,,,0,16,,88380,4,,,0,17,,88356,4,,,0,57,,88392,4,,,0,15,,88353,4,,,0,16,,88403,4,,,0,18,,88393,4,,,0,60,,88398,4,,,0,20,,88405,4,,,0,22,,88399,4,,,0,64,,88406,4,,,0,29,,88400,4,,,0,69,,88395,4,,,0,30,,88404,4,,,0,70,,88407,4,,,0,30,,88410,4,,,0,70,,88329,4,,,0,30,,88345,4,,,0
400,'5459',643,,88455,4,,,0,65,,88436,4,,,0,20,,88441,4,,,0,20,,88448,4,,,0,60,,88430,4,,,0,18,,88446,4,,,0,18,,88450,4,,,0,56,,88431,4,,,0,16,,88421,4,,,0,16,,88447,4,,,0,16,,88453,4,,,0,56,,88415,4,,,0,16,,88424,4,,,0,15,,88418,4,,,0,16,,88477,4,,,0,56,,88438,4,,,0,15,,88437,4,,,0,16,,88413,4,,,0,15,,88425,4,,,0,55,,88435,4,,,0,15,,88445,4,,,0,15,,88454,4,,,0,15,,88412,4,,,0,56,,88419,4,,,0,16,,88429,4,,,0,15,,88439,4,,,0,16,,88449,4,,,0,56,,88417,4,,,0,15,,88422,4,,,0,16,,88432,4,,,0,16,,88444,4,,,0,56,,88452,4,,,0,16,,88414,4,,,0,16,,88428,4,,,0,55,,88423,4,,,0,16,,88442,4,,,0,16,,88451,4,,,0,16,,88426,4,,,0,56,,88433,4,,,0,16,,88416,4,,,0,16,,88443,4,,,0,15,,88440,4,,,0,56,,88427,4,,,0,17,,88420,4,,,0,18,,88434,4,,,0,58,,88459,4,,,0,18,,88456,4,,,0,18,,88458,4,,,0,18,,88457,4,,,0,57,,88473,4,,,0,17,,88465,4,,,0,18,,88464,4,,,0,58,,88466,4,,,0,18,,88467,4,,,0,18,,88474,4,,,0,58,,88470,4,,,0,25,,88471,4,,,0,23,,88469,4,,,0,70,,88468,4,,,0,30,,88472,4,,,0,70,,88475,4,,,0,30,,88476,4,,,0,69,,88463,4,,,0,30,,88460,4,,,0,70,,88461,4,,,0,30,,88462,4,,,0
400,'5460',749,,88478,4,,,0,70,,88479,4,,,0,32,,88480,4,,,0,71,,88481,4,,,0,29,,88482,4,,,0,70,,88483,4,,,0,20,,88484,4,,,0,60,,88485,4,,,0,20,,88486,4,,,0,20,,88487,4,,,0,60,,88488,4,,,0,20,,88489,4,,,0,21,,88490,4,,,0,60,,88491,4,,,0,20,,88492,4,,,0,20,,88493,4,,,0,60,,88494,4,,,0,18,,88521,4,,,0,18,,88495,4,,,0,16,,88496,4,,,0,56,,88497,4,,,0,16,,88498,4,,,0,16,,88523,4,,,0,16,,88499,4,,,0,56,,88500,4,,,0,16,,88501,4,,,0,16,,88502,4,,,0,56,,88522,4,,,0,16,,88503,4,,,0,17,,88504,4,,,0,17,,88505,4,,,0,58,,88506,4,,,0,18,,88507,4,,,0,17,,88508,4,,,0,58,,88509,4,,,0,18,,88510,4,,,0,18,,88511,4,,,0,18,,88524,4,,,0,57,,88512,4,,,0,20,,88513,4,,,0,20,,88514,4,,,0,64,,88515,4,,,0,30,,88516,4,,,0,72,,88517,4,,,0,29,,88518,4,,,0,70,,88519,4,,,0,81,,88520,4,,,0
400,'5461',749,,88525,4,,,0,70,,88526,4,,,0,32,,88527,4,,,0,71,,88528,4,,,0,29,,88529,4,,,0,70,,88530,4,,,0,20,,88531,4,,,0,60,,88532,4,,,0,20,,88533,4,,,0,20,,88534,4,,,0,60,,88535,4,,,0,20,,88536,4,,,0,21,,88537,4,,,0,60,,88538,4,,,0,20,,88539,4,,,0,20,,88540,4,,,0,60,,88541,4,,,0,18,,88568,4,,,0,18,,88542,4,,,0,16,,88543,4,,,0,56,,88544,4,,,0,16,,88545,4,,,0,16,,88570,4,,,0,16,,88546,4,,,0,56,,88547,4,,,0,16,,88548,4,,,0,16,,88549,4,,,0,56,,88569,4,,,0,16,,88550,4,,,0,17,,88551,4,,,0,17,,88552,4,,,0,58,,88553,4,,,0,18,,88554,4,,,0,17,,88555,4,,,0,58,,88556,4,,,0,18,,88557,4,,,0,18,,88558,4,,,0,18,,88571,4,,,0,57,,88559,4,,,0,20,,88560,4,,,0,20,,88561,4,,,0,64,,88562,4,,,0,30,,88563,4,,,0,72,,88564,4,,,0,29,,88565,4,,,0,70,,88566,4,,,0,81,,88567,4,,,0
400,'5462',749,,88572,4,,,0,70,,88573,4,,,0,32,,88574,4,,,0,71,,88575,4,,,0,29,,88576,4,,,0,70,,88577,4,,,0,20,,88578,4,,,0,60,,88579,4,,,0,20,,88580,4,,,0,20,,88581,4,,,0,60,,88582,4,,,0,20,,88583,4,,,0,21,,88584,4,,,0,60,,88585,4,,,0,20,,88586,4,,,0,20,,88587,4,,,0,60,,88588,4,,,0,18,,88615,4,,,0,18,,88589,4,,,0,16,,88590,4,,,0,56,,88591,4,,,0,16,,88592,4,,,0,16,,88617,4,,,0,16,,88593,4,,,0,56,,88594,4,,,0,16,,88595,4,,,0,16,,88596,4,,,0,56,,88616,4,,,0,16,,88597,4,,,0,17,,88598,4,,,0,17,,88599,4,,,0,58,,88600,4,,,0,18,,88601,4,,,0,17,,88602,4,,,0,58,,88603,4,,,0,18,,88604,4,,,0,18,,88605,4,,,0,18,,88618,4,,,0,57,,88606,4,,,0,20,,88607,4,,,0,20,,88608,4,,,0,64,,88609,4,,,0,30,,88610,4,,,0,72,,88611,4,,,0,29,,88612,4,,,0,70,,88613,4,,,0,81,,88614,4,,,0
400,'5463',749,,88619,4,,,0,70,,88620,4,,,0,32,,88621,4,,,0,71,,88622,4,,,0,29,,88623,4,,,0,70,,88624,4,,,0,20,,88625,4,,,0,60,,88626,4,,,0,20,,88627,4,,,0,20,,88628,4,,,0,60,,88629,4,,,0,20,,88630,4,,,0,21,,88631,4,,,0,60,,88632,4,,,0,20,,88633,4,,,0,20,,88634,4,,,0,60,,88635,4,,,0,18,,88662,4,,,0,18,,88636,4,,,0,16,,88637,4,,,0,56,,88638,4,,,0,16,,88639,4,,,0,16,,88664,4,,,0,16,,88640,4,,,0,56,,88641,4,,,0,16,,88642,4,,,0,16,,88643,4,,,0,56,,88663,4,,,0,16,,88644,4,,,0,17,,88645,4,,,0,17,,88646,4,,,0,58,,88647,4,,,0,18,,88648,4,,,0,17,,88649,4,,,0,58,,88650,4,,,0,18,,88651,4,,,0,18,,88652,4,,,0,18,,88665,4,,,0,57,,88653,4,,,0,20,,88654,4,,,0,20,,88655,4,,,0,64,,88656,4,,,0,30,,88657,4,,,0,72,,88658,4,,,0,29,,88659,4,,,0,70,,88660,4,,,0,81,,88661,4,,,0
1101,'5456',605,,91248,44,,,0,30,,91249,44,,,0,21,,91257,44,,,0,63,,91251,44,,,0,21,,91267,44,,,0,60,,91255,44,,,0,20,,91250,44,,,0,20,,91263,44,,,0,60,,91252,44,,,0,18,,91258,44,,,0,19,,91273,44,,,0,21,,91253,44,,,0,65,,91254,44,,,0,26,,91256,44,,,0,65,,91265,44,,,0,26,,91259,44,,,0,65,,91272,44,,,0,25,,91261,44,,,0,25,,91260,44,,,0,66,,91262,44,,,0,25,,91264,44,,,0,67,,91266,44,,,0,25,,91274,44,,,0,19,,91291,44,,,0,57,,91268,44,,,0,20,,91269,44,,,0,16,,91277,44,,,0,57,,91270,44,,,0,17,,91271,44,,,0,19,,91295,44,,,0,58,,91276,44,,,0,21,,91275,44,,,0,18,,91292,44,,,0,60,,91278,44,,,0,21,,91280,44,,,0,23,,91281,44,,,0,14,,91279,44,,,0,57,,91294,44,,,0,20,,91282,44,,,0,70,,91290,44,,,0,34,,91283,44,,,0,70,,91284,44,,,0,35,,91286,44,,,0,69,,91289,44,,,0,35,,91285,44,,,0,68,,91287,44,,,0,28,,91288,44,,,0,85,,91293,44,,,0
1101,'5458',605,,91296,44,,,0,30,,91297,44,,,0,21,,91305,44,,,0,63,,91299,44,,,0,21,,91315,44,,,0,60,,91303,44,,,0,20,,91298,44,,,0,20,,91311,44,,,0,60,,91300,44,,,0,18,,91306,44,,,0,19,,91321,44,,,0,21,,91301,44,,,0,65,,91302,44,,,0,26,,91304,44,,,0,65,,91313,44,,,0,26,,91307,44,,,0,65,,91320,44,,,0,25,,91309,44,,,0,25,,91308,44,,,0,66,,91310,44,,,0,25,,91312,44,,,0,67,,91314,44,,,0,25,,91322,44,,,0,19,,91339,44,,,0,57,,91316,44,,,0,20,,91317,44,,,0,16,,91325,44,,,0,57,,91318,44,,,0,17,,91319,44,,,0,19,,91343,44,,,0,58,,91324,44,,,0,21,,91323,44,,,0,18,,91340,44,,,0,60,,91326,44,,,0,21,,91328,44,,,0,23,,91329,44,,,0,14,,91327,44,,,0,57,,91342,44,,,0,20,,91330,44,,,0,70,,91338,44,,,0,34,,91331,44,,,0,70,,91332,44,,,0,35,,91334,44,,,0,69,,91337,44,,,0,35,,91333,44,,,0,68,,91335,44,,,0,28,,91336,44,,,0,85,,91341,44,,,0
1101,'5459',701,,91357,44,,,0,36,,91345,44,,,0,75,,91350,44,,,0,30,,91375,44,,,0,77,,91358,44,,,0,30,,91344,44,,,0,70,,91353,44,,,0,32,,91369,44,,,0,65,,91347,44,,,0,20,,91371,44,,,0,66,,91359,44,,,0,25,,91346,44,,,0,26,,91351,44,,,0,65,,91368,44,,,0,25,,91348,44,,,0,65,,91366,44,,,0,25,,91356,44,,,0,25,,91349,44,,,0,65,,91355,44,,,0,25,,91377,44,,,0,65,,91352,44,,,0,25,,91370,44,,,0,65,,91360,44,,,0,25,,91354,44,,,0,25,,91376,44,,,0,64,,91367,44,,,0,24,,91373,44,,,0,65,,91374,44,,,0,23,,91361,44,,,0,25,,91372,44,,,0,65,,91365,44,,,0,25,,91364,44,,,0,65,,91362,44,,,0,35,,91363,44,,,0,70,,91380,44,,,0,29,,91378,44,,,0,73,,91379,44,,,0,28,,91381,44,,,0,85,,91382,44,,,0
1101,'5460',721,,91383,44,,,0,85,,91388,44,,,0,46,,91385,44,,,0,86,,91384,44,,,0,76,,91386,44,,,0,32,,91387,44,,,0,70,,91389,44,,,0,30,,91390,44,,,0,68,,91391,44,,,0,30,,91392,44,,,0,71,,91394,44,,,0,27,,91396,44,,,0,70,,91395,44,,,0,30,,91393,44,,,0,70,,91397,44,,,0,30,,91398,44,,,0,70,,91399,44,,,0,30,,91400,44,,,0,70,,91402,44,,,0,29,,91401,44,,,0,70,,91404,44,,,0,29,,91403,44,,,0,70,,91406,44,,,0,35,,91405,44,,,0,83,,91407,44,,,0,80,,91408,44,,,0,44,,91409,44,,,0,84,,91410,44,,,0,79,,91411,44,,,0,86,,91412,44,,,0
1101,'5461',721,,91413,44,,,0,85,,91418,44,,,0,46,,91415,44,,,0,86,,91414,44,,,0,76,,91416,44,,,0,32,,91417,44,,,0,70,,91419,44,,,0,30,,91420,44,,,0,68,,91421,44,,,0,30,,91422,44,,,0,71,,91424,44,,,0,27,,91426,44,,,0,70,,91425,44,,,0,30,,91423,44,,,0,70,,91427,44,,,0,30,,91428,44,,,0,70,,91429,44,,,0,30,,91430,44,,,0,70,,91432,44,,,0,29,,91431,44,,,0,70,,91434,44,,,0,29,,91433,44,,,0,70,,91436,44,,,0,35,,91435,44,,,0,83,,91437,44,,,0,80,,91438,44,,,0,44,,91439,44,,,0,84,,91440,44,,,0,79,,91441,44,,,0,86,,91442,44,,,0
1101,'5462',721,,91443,44,,,0,85,,91448,44,,,0,46,,91445,44,,,0,86,,91444,44,,,0,76,,91446,44,,,0,32,,91447,44,,,0,70,,91449,44,,,0,30,,91450,44,,,0,68,,91451,44,,,0,30,,91452,44,,,0,71,,91454,44,,,0,27,,91456,44,,,0,70,,91455,44,,,0,30,,91453,44,,,0,70,,91457,44,,,0,30,,91458,44,,,0,70,,91459,44,,,0,30,,91460,44,,,0,70,,91462,44,,,0,29,,91461,44,,,0,70,,91464,44,,,0,29,,91463,44,,,0,70,,91466,44,,,0,35,,91465,44,,,0,83,,91467,44,,,0,80,,91468,44,,,0,44,,91469,44,,,0,84,,91470,44,,,0,79,,91471,44,,,0,86,,91472,44,,,0
1101,'5463',721,,91473,44,,,0,85,,91478,44,,,0,46,,91475,44,,,0,86,,91474,44,,,0,76,,91476,44,,,0,32,,91477,44,,,0,70,,91479,44,,,0,30,,91480,44,,,0,68,,91481,44,,,0,30,,91482,44,,,0,71,,91484,44,,,0,27,,91486,44,,,0,70,,91485,44,,,0,30,,91483,44,,,0,70,,91487,44,,,0,30,,91488,44,,,0,70,,91489,44,,,0,30,,91490,44,,,0,70,,91492,44,,,0,29,,91491,44,,,0,70,,91494,44,,,0,29,,91493,44,,,0,70,,91496,44,,,0,35,,91495,44,,,0,83,,91497,44,,,0,80,,91498,44,,,0,44,,91499,44,,,0,84,,91500,44,,,0,79,,91501,44,,,0,86,,91502,44,,,0
2100,'5456',620,,93606,4,,,0,28,,93626,4,,,0,58,,93605,4,,,0,15,,93631,4,,,0,9,,93646,4,0,17,0,7,,93619,4,,,0,9,,93651,4,,,0,4,,93639,4,,,0,57,,93610,4,,,0,16,,93634,4,,,0,20,,93609,4,0,17,0,58,,93641,4,,,0,18,,93625,4,0,17,0,20,,93611,4,,,0,61,,93630,4,0,17,0,20,,93638,4,,,0,20,,93608,4,0,17,0,60,,93612,4,,,0,20,,93643,4,0,18 19,0,21,,93624,4,,,0,61,,93613,4,0,17,0,20,,93632,4,,,0,20,,93637,4,0,17,0,60,,93614,4,,,0,20,,93616,4,0,17,0,17,,93647,4,,,0,19,,93644,4,,,0,56,,93627,4,,,0,15,,93615,4,0,17,0,19,,93650,4,,,0,58,,93629,4,,,0,17,,93635,4,,,0,20,,93618,4,,,0,58,,93617,4,,,0,18,,93648,4,0,18 19,0,18,,93645,4,,,0,18,,93628,4,,,0,59,,93620,4,,,0,18,,93649,4,0,17,0,18,,93633,4,0,17,0,56,,93640,4,0,17,0,32,,93621,4,0,17,0,70,,93642,4,0,17,0,30,,93622,4,0,17,0,73,,93636,4,0,17,0,29,,93623,4,0,17,0
2100,'5458',620,,93653,4,,,0,28,,93673,4,,,0,58,,93652,4,,,0,15,,93678,4,,,0,9,,93693,4,0,17,0,7,,93666,4,,,0,9,,93698,4,,,0,4,,93686,4,,,0,57,,93657,4,,,0,16,,93681,4,,,0,20,,93656,4,0,17,0,58,,93688,4,,,0,18,,93672,4,0,17,0,20,,93658,4,,,0,61,,93677,4,0,17,0,20,,93685,4,,,0,20,,93655,4,0,17,0,60,,93659,4,,,0,20,,93690,4,0,18 19,0,21,,93671,4,,,0,61,,93660,4,0,17,0,20,,93679,4,,,0,20,,93684,4,0,17,0,60,,93661,4,,,0,20,,93663,4,0,17,0,17,,93694,4,,,0,19,,93691,4,,,0,56,,93674,4,,,0,15,,93662,4,0,17,0,19,,93697,4,,,0,58,,93676,4,,,0,17,,93682,4,,,0,20,,93665,4,,,0,58,,93664,4,,,0,18,,93695,4,0,18 19,0,18,,93692,4,,,0,18,,93675,4,,,0,59,,93667,4,,,0,18,,93696,4,0,17,0,18,,93680,4,0,17,0,56,,93687,4,0,17,0,32,,93668,4,0,17,0,70,,93689,4,0,17,0,30,,93669,4,0,17,0,73,,93683,4,0,17,0,29,,93670,4,0,17,0
2100,'5459',710,,93718,4,0,17,0,45,,93725,4,0,17,0,80,,93709,4,0,18 19,0,70,,93719,4,0,17,0,39,,93702,4,0,17,0,70,,93720,4,0,17,0,32,,93704,4,0,17,0,71,,93714,4,0,17,0,30,,93699,4,0,17,0,71,,93700,4,0,18 19,0,30,,93721,4,0,17,0,71,,93705,4,0,17,0,30,,93713,4,0,17,0,68,,93701,4,0,18 19,0,32,,93703,4,0,17,0,70,,93722,4,0,17,0,29,,93706,4,0,17,0,70,,93715,4,0,18 19,0,30,,93707,4,0,17,0,70,,93708,4,0,17,0,30,,93724,4,0,17,0,70,,93710,4,0,18 19,0,28,,93716,4,0,17,0,69,,93711,4,0,17,0,28,,93712,4,0,17,0,69,,93723,4,0,17,0,30,,93717,4,0,17,0
2100,'5460',735,,93743,4,0,17,0,75,,93742,4,0,17,0,45,,93730,4,0,18 19,0,77,,93741,4,0,17,0,82,,93744,4,0,17,0,30,,93726,4,0,17,0,70,,93729,4,0,17,0,30,,93732,4,0,17,0,70,,93728,4,0,18 19,0,31,,93731,4,0,17,0,70,,93727,4,0,17,0,30,,93733,4,0,17,0,70,,93734,4,0,18 19,0,30,,93736,4,0,17,0,70,,93737,4,0,17,0,30,,93735,4,0,17,0,70,,93740,4,0,18 19,0,30,,93738,4,0,17,0,70,,93739,4,0,17,0,29,,93745,4,0,17,0,70,,93746,4,0,18 19,0,28,,93748,4,0,17,0,70,,93747,4,0,17,0,30,,93750,4,0,17,0,70,,93749,4,0,17,0
2100,'5461',735,,93768,4,0,17,0,75,,93767,4,0,17,0,45,,93755,4,0,18 19,0,77,,93766,4,0,17,0,82,,93769,4,0,17,0,30,,93751,4,0,17,0,70,,93754,4,0,17,0,30,,93757,4,0,17,0,70,,93753,4,0,18 19,0,31,,93756,4,0,17,0,70,,93752,4,0,17,0,30,,93758,4,0,17,0,70,,93759,4,0,18 19,0,30,,93761,4,0,17,0,70,,93762,4,0,17,0,30,,93760,4,0,17,0,70,,93765,4,0,18 19,0,30,,93763,4,0,17,0,70,,93764,4,0,17,0,29,,93770,4,0,17,0,70,,93771,4,0,18 19,0,28,,93773,4,0,17,0,70,,93772,4,0,17,0,30,,93775,4,0,17,0,70,,93774,4,0,17,0
2100,'5462',735,,93793,4,0,17,0,75,,93792,4,0,17,0,45,,93780,4,0,18 19,0,77,,93791,4,0,17,0,82,,93794,4,0,17,0,30,,93776,4,0,17,0,70,,93779,4,0,17,0,30,,93782,4,0,17,0,70,,93778,4,0,18 19,0,31,,93781,4,0,17,0,70,,93777,4,0,17,0,30,,93783,4,0,17,0,70,,93784,4,0,18 19,0,30,,93786,4,0,17,0,70,,93787,4,0,17,0,30,,93785,4,0,17,0,70,,93790,4,0,18 19,0,30,,93788,4,0,17,0,70,,93789,4,0,17,0,29,,93795,4,0,17,0,70,,93796,4,0,18 19,0,28,,93798,4,0,17,0,70,,93797,4,0,17,0,30,,93800,4,0,17,0,70,,93799,4,0,17,0
2100,'5463',735,,93818,4,0,17,0,75,,93817,4,0,17,0,45,,93805,4,0,18 19,0,77,,93816,4,0,17,0,82,,93819,4,0,17,0,30,,93801,4,0,17,0,70,,93804,4,0,17,0,30,,93807,4,0,17,0,70,,93803,4,0,18 19,0,31,,93806,4,0,17,0,70,,93802,4,0,17,0,30,,93808,4,0,17,0,70,,93809,4,0,18 19,0,30,,93811,4,0,17,0,70,,93812,4,0,17,0,30,,93810,4,0,17,0,70,,93815,4,0,18 19,0,30,,93813,4,0,17,0,70,,93814,4,0,17,0,29,,93820,4,0,17,0,70,,93821,4,0,18 19,0,28,,93823,4,0,17,0,70,,93822,4,0,17,0,30,,93825,4,0,17,0,70,,93824,4,0,17,0
2200,'5456',605,,94076,19,,,0,30,,94078,19,,,0,68,,94077,19,,,0,30,,94080,19,,,0,68,,94087,2,0,20 7,0,6,,94079,19,,,0,23,,94083,19,,,0,70,,94081,19,,,0,102,,94082,19,,,0,26,,94084,19,,,0,30,,94085,19,,,0,142,,94088,19,0,21 22,0,30,,94086,19,0,21 22,0,70,,94089,19,0,21 22,0,30,,94090,19,0,21 22,0,101,,94091,19,0,21 22,0,69,,94092,19,0,21 22,0,35,,94093,19,0,21 22,0,102,,94094,19,0,21 22,0,98,,94095,19,0,21 22,0,70,,94096,19,,,0,25,,94097,19,,,0,98,,94098,19,,,0,30,,94099,19,,,0,69,,94100,19,,,0,30,,94101,19,,,0
2200,'5458',605,,94105,19,,,0,30,,94107,19,,,0,68,,94106,19,,,0,30,,94109,19,,,0,68,,94116,2,0,20 7,0,6,,94108,19,,,0,23,,94112,19,,,0,70,,94110,19,,,0,102,,94111,19,,,0,26,,94113,19,,,0,30,,94114,19,,,0,142,,94117,19,0,21 22,0,30,,94115,19,0,21 22,0,70,,94118,19,0,21 22,0,30,,94119,19,0,21 22,0,101,,94120,19,0,21 22,0,69,,94121,19,0,21 22,0,35,,94123,19,0,21 22,0,102,,94124,19,0,21 22,0,98,,94125,19,0,21 22,0,70,,94126,19,,,0,25,,94127,19,,,0,98,,94128,19,,,0,30,,94129,19,,,0,69,,94130,19,,,0,30,,94131,19,,,0
2200,'5459',655,,94153,19,,,0,80,,94139,19,,,0,80,,94143,19,,,0,40,,94156,19,,,0,71,,94140,19,,,0,30,,94134,19,,,0,71,,94141,19,,,0,31,,94155,19,,,0,71,,94138,19,,,0,30,,94137,19,,,0,71,,94142,19,,,0,70,,94135,19,,,0,31,,94160,19,,,0,70,,94136,19,,,0,30,,94149,19,,,0,70,,94145,19,,,0,30,,94148,19,,,0,69,,94159,19,,,0,29,,94150,19,,,0,71,,94144,19,,,0,30,,94152,19,,,0,73,,94151,19,,,0,30,,94147,19,,,0,68,,94146,19,,,0,29,,94161,19,,,0,70,,94162,19,,,0,27,,94158,19,,,0,28,,94154,19,,,0
2200,'5460',744,,94167,19,,,0,101,,94168,19,,,0,80,,94169,19,,,0,30,,94164,19,,,0,71,,94165,19,,,0,30,,94166,19,,,0,70,,94171,19,,,0,29,,94172,19,,,0,72,,94170,19,,,0,30,,94173,19,,,0,70,,94174,19,,,0,30,,94182,19,,,0,70,,94181,19,,,0,30,,94175,19,,,0,70,,94176,19,,,0,30,,94177,19,,,0,70,,94178,19,,,0,32,,94179,19,,,0,70,,94180,19,,,0,30,,94183,19,,,0,69,,94184,19,,,0,29,,94185,19,,,0,70,,94186,19,,,0,115,,94187,2,,,0
2200,'5461',744,,94191,19,,,0,101,,94192,19,,,0,80,,94193,19,,,0,30,,94188,19,,,0,71,,94189,19,,,0,30,,94190,19,,,0,70,,94195,19,,,0,29,,94196,19,,,0,72,,94194,19,,,0,30,,94197,19,,,0,70,,94198,19,,,0,30,,94206,19,,,0,70,,94205,19,,,0,30,,94199,19,,,0,70,,94200,19,,,0,30,,94201,19,,,0,70,,94202,19,,,0,32,,94203,19,,,0,70,,94204,19,,,0,30,,94207,19,,,0,69,,94208,19,,,0,29,,94209,19,,,0,70,,94210,19,,,0,115,,94211,2,,,0
2200,'5462',744,,94215,19,,,0,101,,94216,19,,,0,80,,94217,19,,,0,30,,94212,19,,,0,71,,94213,19,,,0,30,,94214,19,,,0,70,,94219,19,,,0,29,,94220,19,,,0,72,,94218,19,,,0,30,,94221,19,,,0,70,,94222,19,,,0,30,,94230,19,,,0,70,,94229,19,,,0,30,,94223,19,,,0,70,,94224,19,,,0,30,,94225,19,,,0,70,,94226,19,,,0,32,,94227,19,,,0,70,,94228,19,,,0,30,,94231,19,,,0,69,,94232,19,,,0,29,,94233,19,,,0,70,,94234,19,,,0,115,,94235,2,,,0
2200,'5463',744,,94239,19,,,0,101,,94240,19,,,0,80,,94241,19,,,0,30,,94236,19,,,0,71,,94237,19,,,0,30,,94238,19,,,0,70,,94243,19,,,0,29,,94244,19,,,0,72,,94242,19,,,0,30,,94245,19,,,0,70,,94246,19,,,0,30,,94254,19,,,0,70,,94253,19,,,0,30,,94247,19,,,0,70,,94248,19,,,0,30,,94249,19,,,0,70,,94250,19,,,0,32,,94251,19,,,0,70,,94252,19,,,0,30,,94255,19,,,0,69,,94256,19,,,0,29,,94257,19,,,0,70,,94258,19,,,0,115,,94259,2,,,0
3000,'5456',549,,96905,7,,,0,91,,96906,7,,,0,72,,96907,7,,,0,32,,96908,7,,,0,71,,96909,7,,,0,32,,96910,7,,,0,69,,96911,7,,,0,30,,96912,7,,,0,71,,96913,7,,,0,30,,96914,7,,,0,70,,96915,7,,,0,30,,96916,7,,,0,70,,96917,7,,,0,30,,96918,7,,,0,71,,96919,7,,,0,30,,96920,7,,,0,67,,96921,7,,,0,32,,96922,7,,,0,71,,96923,7,,,0,32,,96924,7,,,0,75,,96925,7,,,0,32,,96926,7,,,0,73,,96927,7,,,0,70,,96928,7,,,0,26,,96929,7,,,0,28,,96930,7,,,0,68,,96931,7,,,0,33,,96932,7,,,0,73,,96933,7,,,0,86,,96934,7,,,0,100,,96935,7,,,0,100,,96936,7,,,0,109,,96937,7,,,0
3000,'5458',549,,96938,7,,,0,91,,96939,7,,,0,72,,96940,7,,,0,32,,96941,7,,,0,71,,96942,7,,,0,32,,96943,7,,,0,69,,96944,7,,,0,30,,96945,7,,,0,71,,96946,7,,,0,30,,96947,7,,,0,70,,96948,7,,,0,30,,96949,7,,,0,70,,96950,7,,,0,30,,96951,7,,,0,71,,96952,7,,,0,30,,96953,7,,,0,67,,96954,7,,,0,32,,96955,7,,,0,71,,96956,7,,,0,32,,96957,7,,,0,75,,96958,7,,,0,32,,96959,7,,,0,73,,96960,7,,,0,70,,96961,7,,,0,26,,96962,7,,,0,28,,96963,7,,,0,68,,96964,7,,,0,33,,96965,7,,,0,73,,96966,7,,,0,86,,96967,7,,,0,100,,96968,7,,,0,100,,96969,7,,,0,109,,96970,7,,,0
3000,'5459',638,,96971,7,,,0,100,,96972,7,,,0,78,,96973,7,,,0,38,,96974,7,,,0,71,,96975,7,,,0,32,,96976,7,,,0,73,,96977,7,,,0,71,,96978,7,,,0,30,,96979,7,,,0,70,,96980,7,,,0,30,,96981,7,,,0,69,,96982,7,,,0,31,,96983,7,,,0,70,,96984,7,,,0,30,,96985,7,,,0,70,,96986,7,,,0,30,,96987,7,,,0,70,,96988,7,,,0,30,,96989,7,,,0,69,,96990,7,,,0,30,,96991,7,,,0,29,,96992,7,,,0,70,,96993,7,,,0,80,,96994,7,,,0,40,,96995,7,,,0,79,,96996,7,,,0,85,,96997,7,,,0,100,,96998,7,,,0,100,,96999,7,,,0,109,,97000,7,,,0
3000,'5460',749,,97001,7,,,0,100,,97002,7,,,0,84,,97003,7,,,0,80,,97004,7,,,0,41,,97005,7,,,0,75,,97006,7,,,0,30,,97007,7,,,0,70,,97008,7,,,0,30,,97009,7,,,0,70,,97010,7,,,0,30,,97011,7,,,0,70,,97012,7,,,0,30,,97013,7,,,0,70,,97014,7,,,0,71,,97015,7,,,0,30,,97016,7,,,0,29,,97017,7,,,0,70,,97018,7,,,0,29,,97019,7,,,0,70,,97020,7,,,0,80,,97021,7,,,0,40,,97022,7,,,0,80,,97023,7,,,0,87,,97024,7,,,0,98,,97025,7,,,0,100,,97026,7,,,0
3000,'5461',749,,97027,7,,,0,100,,97028,7,,,0,84,,97029,7,,,0,80,,97030,7,,,0,41,,97031,7,,,0,75,,97032,7,,,0,30,,97033,7,,,0,70,,97034,7,,,0,30,,97035,7,,,0,70,,97036,7,,,0,30,,97037,7,,,0,70,,97038,7,,,0,30,,97039,7,,,0,70,,97040,7,,,0,71,,97041,7,,,0,30,,97042,7,,,0,29,,97043,7,,,0,70,,97044,7,,,0,29,,97045,7,,,0,70,,97046,7,,,0,80,,97047,7,,,0,40,,97048,7,,,0,80,,97049,7,,,0,87,,97050,7,,,0,98,,97051,7,,,0,100,,97052,7,,,0
3000,'5462',749,,97053,7,,,0,100,,97054,7,,,0,84,,97055,7,,,0,80,,97056,7,,,0,41,,97057,7,,,0,75,,97058,7,,,0,30,,97059,7,,,0,70,,97060,7,,,0,30,,97061,7,,,0,70,,97062,7,,,0,30,,97063,7,,,0,70,,97064,7,,,0,30,,97065,7,,,0,70,,97066,7,,,0,71,,97067,7,,,0,30,,97068,7,,,0,29,,97069,7,,,0,70,,97070,7,,,0,29,,97071,7,,,0,70,,97072,7,,,0,80,,97073,7,,,0,40,,97074,7,,,0,80,,97075,7,,,0,87,,97076,7,,,0,98,,97077,7,,,0,100,,97078,7,,,0
3000,'5463',749,,97079,7,,,0,100,,97080,7,,,0,84,,97081,7,,,0,80,,97082,7,,,0,41,,97083,7,,,0,75,,97084,7,,,0,30,,97085,7,,,0,70,,97086,7,,,0,30,,97087,7,,,0,70,,97088,7,,,0,30,,97089,7,,,0,70,,97090,7,,,0,30,,97091,7,,,0,70,,97092,7,,,0,71,,97093,7,,,0,30,,97094,7,,,0,29,,97095,7,,,0,70,,97096,7,,,0,29,,97097,7,,,0,70,,97098,7,,,0,80,,97099,7,,,0,40,,97100,7,,,0,80,,97101,7,,,0,87,,97102,7,,,0,98,,97103,7,,,0,100,,97104,7,,,0
3100,'5456',620,,97307,7,,,0,36,,97308,7,,,0,72,,97309,7,,,0,31,,97310,7,,,0,72,,97311,7,,,0,71,,97312,7,,,0,29,,97313,7,,,0,71,,97314,7,,,0,30,,97315,7,,,0,70,,97316,7,,,0,30,,97317,7,,,0,70,,97318,7,,,0,30,,97319,7,,,0,71,,97320,7,,,0,30,,97321,7,,,0,68,,97322,7,,,0,30,,97323,7,,,0,71,,97324,7,,,0,32,,97325,7,,,0,74,,97326,7,,,0,34,,97327,7,,,0,71,,97328,7,,,0,32,,97329,7,,,0,69,,97330,7,,,0,26,,97331,7,,,0,68,,97332,7,,,0,28,,97333,7,,,0,77,,97334,7,,,0,38,,97335,7,,,0,94,,97336,7,,,0,99,,97337,7,,,0,114,,97338,7,,,0,94,,97339,7,,,0
3100,'5458',620,,97340,7,,,0,36,,97341,7,,,0,72,,97342,7,,,0,31,,97343,7,,,0,72,,97344,7,,,0,71,,97345,7,,,0,29,,97346,7,,,0,71,,97347,7,,,0,30,,97348,7,,,0,70,,97349,7,,,0,30,,97350,7,,,0,70,,97351,7,,,0,30,,97352,7,,,0,71,,97353,7,,,0,30,,97354,7,,,0,68,,97355,7,,,0,30,,97356,7,,,0,71,,97357,7,,,0,32,,97358,7,,,0,74,,97359,7,,,0,34,,97360,7,,,0,71,,97361,7,,,0,32,,97362,7,,,0,69,,97363,7,,,0,26,,97364,7,,,0,68,,97365,7,,,0,28,,97366,7,,,0,77,,97367,7,,,0,38,,97368,7,,,0,94,,97369,7,,,0,99,,97370,7,,,0,114,,97371,7,,,0,94,,97372,7,,,0
3100,'5459',708,,97373,7,,,0,48,,97374,7,,,0,81,,97375,7,,,0,73,,97376,7,,,0,31,,97377,7,,,0,72,,97378,7,,,0,33,,97379,7,,,0,70,,97380,7,,,0,30,,97381,7,,,0,70,,97382,7,,,0,30,,97383,7,,,0,70,,97384,7,,,0,30,,97385,7,,,0,70,,97386,7,,,0,30,,97387,7,,,0,70,,97388,7,,,0,30,,97389,7,,,0,70,,97390,7,,,0,29,,97391,7,,,0,70,,97392,7,,,0,29,,97393,7,,,0,70,,97394,7,,,0,35,,97395,7,,,0,80,,97396,7,,,0,79,,97397,7,,,0,40,,97398,7,,,0,95,,97399,7,,,0,100,,97400,7,,,0,158,,97401,7,,,0,51,,97402,7,,,0
3100,'5460',708,,97403,7,,,0,111,,97404,7,,,0,94,,97405,7,,,0,40,,97406,7,,,0,81,,97407,7,,,0,80,,97408,7,,,0,30,,97409,7,,,0,70,,97410,7,,,0,30,,97411,7,,,0,70,,97412,7,,,0,30,,97413,7,,,0,70,,97414,7,,,0,30,,97415,7,,,0,70,,97416,7,,,0,31,,97417,7,,,0,70,,97418,7,,,0,29,,97419,7,,,0,70,,97420,7,,,0,30,,97421,7,,,0,69,,97422,7,,,0,35,,97423,7,,,0,80,,97424,7,,,0,80,,97425,7,,,0,40,,97426,7,,,0,95,,97427,7,,,0,100,,97428,7,,,0,114,,97429,7,,,0
3100,'5461',708,,97430,7,,,0,111,,97431,7,,,0,94,,97432,7,,,0,40,,97433,7,,,0,81,,97434,7,,,0,80,,97435,7,,,0,30,,97436,7,,,0,70,,97437,7,,,0,30,,97438,7,,,0,70,,97439,7,,,0,30,,97440,7,,,0,70,,97441,7,,,0,30,,97442,7,,,0,70,,97443,7,,,0,31,,97444,7,,,0,70,,97445,7,,,0,29,,97446,7,,,0,70,,97447,7,,,0,30,,97448,7,,,0,69,,97449,7,,,0,35,,97450,7,,,0,80,,97451,7,,,0,80,,97452,7,,,0,40,,97453,7,,,0,95,,97454,7,,,0,100,,97455,7,,,0,114,,97456,7,,,0
3100,'5462',708,,97457,7,,,0,111,,97458,7,,,0,94,,97459,7,,,0,40,,97460,7,,,0,81,,97461,7,,,0,80,,97462,7,,,0,30,,97463,7,,,0,70,,97464,7,,,0,30,,97465,7,,,0,70,,97466,7,,,0,30,,97467,7,,,0,70,,97468,7,,,0,30,,97469,7,,,0,70,,97470,7,,,0,31,,97471,7,,,0,70,,97472,7,,,0,29,,97473,7,,,0,70,,97474,7,,,0,30,,97475,7,,,0,69,,97476,7,,,0,35,,97477,7,,,0,80,,97478,7,,,0,80,,97479,7,,,0,40,,97480,7,,,0,95,,97481,7,,,0,100,,97482,7,,,0,114,,97483,7,,,0
3100,'5463',708,,97484,7,,,0,111,,97485,7,,,0,94,,97486,7,,,0,40,,97487,7,,,0,81,,97488,7,,,0,80,,97489,7,,,0,30,,97490,7,,,0,70,,97491,7,,,0,30,,97492,7,,,0,70,,97493,7,,,0,30,,97494,7,,,0,70,,97495,7,,,0,30,,97496,7,,,0,70,,97497,7,,,0,31,,97498,7,,,0,70,,97499,7,,,0,29,,97500,7,,,0,70,,97501,7,,,0,30,,97502,7,,,0,69,,97503,7,,,0,35,,97504,7,,,0,80,,97505,7,,,0,80,,97506,7,,,0,40,,97507,7,,,0,95,,97508,7,,,0,100,,97509,7,,,0,114,,97510,7,,,0
3200,'5456',1654,,97728,6,,,0
3200,'5458',1654,,97745,6,,,0
4701,'5456',1620,,98604,6,,,0,30,,98605,6,,,0,71,,98606,6,,,0
4701,'5458',1620,,98607,6,,,0,30,,98608,6,,,0,71,,98609,6,,,0
4801,'5456',1620,,98618,6,,,0,28,,98617,6,,,0,73,,98616,6,,,0
4801,'5458',1620,,98621,6,,,0,28,,98620,6,,,0,73,,98619,6,,,0
5301,'5456',1624,,99234,6,,,0
5301,'5458',1624,,99244,6,,,0
6101,'5456',1512,,100612,6,,,0,30,,100598,6,,,0,73,,100587,6,,,0,24,,100585,6,,,0,17,,100594,6,,,0,64,,100580,6,,,0,82,,100589,6,,,0
6101,'5458',1512,,100649,6,,,0,30,,100635,6,,,0,73,,100624,6,,,0,24,,100622,6,,,0,17,,100630,6,,,0,64,,100617,6,,,0,82,,100626,6,,,0
6501,'5456',1602,,100808,6,,,0,28,,100810,6,,,0,75,,100807,6,,,0,30,,100809,6,,,0
6501,'5458',1602,,100812,6,,,0,28,,100814,6,,,0,75,,100811,6,,,0,30,,100813,6,,,0
7000,'5456',501,,100815,6,,,0,48,,100816,6,,,0,92,,100824,6,,,0,103,,100817,6,,,0,101,,100826,6,,,0,99,,100820,6,,,0,99,,100818,6,,,0,97,,100819,6,,,0,100,,100823,6,,,0,98,,100821,6,,,0,100,,100822,6,,,0,97,,100825,6,,,0,103,,100827,6,,,0,108,,100828,6,,,0,201,,100829,6,,,0,211,,100830,6,,,0
7000,'5458',501,,100831,6,,,0,48,,100832,6,,,0,92,,100840,6,,,0,103,,100833,6,,,0,101,,100842,6,,,0,99,,100836,6,,,0,99,,100834,6,,,0,97,,100835,6,,,0,100,,100839,6,,,0,80,,100847,6,,,0,18,,100837,6,,,0,100,,100838,6,,,0,79,,100848,6,,,0,18,,100841,6,,,0,103,,100843,6,,,0,89,,100849,6,,,0,19,,100844,6,,,0,201,,100845,6,,,0,211,,100846,6,,,0
7000,'5459',457,,100870,6,,,0,95,,100869,6,,,0,99,,100871,6,,,0,83,,100851,6,,,0,14,,100852,6,,,0,98,,100853,6,,,0,87,,100854,6,,,0,13,,100850,6,,,0,97,,100855,6,,,0,84,,100856,6,,,0,16,,100857,6,,,0,99,,100858,6,,,0,83,,100859,6,,,0,15,,100860,6,,,0,102,,100861,6,,,0,83,,100862,6,,,0,16,,100863,6,,,0,101,,100864,6,,,0,84,,100865,6,,,0,17,,100866,6,,,0,205,,100867,6,,,0,254,,100868,6,,,0
7000,'5460',554,,100878,6,,,0,196,,100872,6,,,0,182,,100873,6,,,0,14,,100874,6,,,0,100,,100875,6,,,0,83,,100876,6,,,0,15,,100877,6,,,0,99,,100879,6,,,0,83,,100880,6,,,0,16,,100881,6,,,0,100,,100882,6,,,0,85,,100883,6,,,0,16,,100884,6,,,0,101,,100885,6,,,0,85,,100886,6,,,0,18,,100887,6,,,0,101,,100888,6,,,0,103,,100889,6,,,0,251,,100890,6,,,0
7000,'5461',554,,100897,6,,,0,98,,100910,6,,,0,98,,100891,6,,,0,98,,100912,6,,,0,84,,100892,6,,,0,14,,100893,6,,,0,85,,100911,6,,,0,15,,100894,6,,,0,83,,100895,6,,,0,15,,100896,6,,,0,86,,100913,6,,,0,13,,100898,6,,,0,83,,100899,6,,,0,16,,100900,6,,,0,88,,100914,6,,,0,12,,100901,6,,,0,85,,100902,6,,,0,16,,100903,6,,,0,87,,100915,6,,,0,14,,100904,6,,,0,85,,100905,6,,,0,18,,100906,6,,,0,101,,100907,6,,,0,103,,100908,6,,,0,251,,100909,6,,,0
7000,'5462',554,,100922,6,,,0,98,,100935,6,,,0,98,,100916,6,,,0,98,,100937,6,,,0,84,,100917,6,,,0,14,,100918,6,,,0,85,,100936,6,,,0,15,,100919,6,,,0,83,,100920,6,,,0,15,,100921,6,,,0,86,,100938,6,,,0,13,,100923,6,,,0,83,,100924,6,,,0,16,,100925,6,,,0,88,,100939,6,,,0,12,,100926,6,,,0,85,,100927,6,,,0,16,,100928,6,,,0,87,,100940,6,,,0,14,,100929,6,,,0,85,,100930,6,,,0,18,,100931,6,,,0,101,,100932,6,,,0,103,,100933,6,,,0,251,,100934,6,,,0
7000,'5463',554,,100947,6,,,0,98,,100960,6,,,0,98,,100941,6,,,0,182,,100942,6,,,0,14,,100943,6,,,0,85,,100961,6,,,0,15,,100944,6,,,0,83,,100945,6,,,0,15,,100946,6,,,0,99,,100948,6,,,0,83,,100949,6,,,0,16,,100950,6,,,0,100,,100951,6,,,0,85,,100952,6,,,0,16,,100953,6,,,0,101,,100954,6,,,0,85,,100955,6,,,0,18,,100956,6,,,0,101,,100957,6,,,0,103,,100958,6,,,0,251,,100959,6,,,0
7100,'5456',1513,,101068,6,,,0,104,,101069,6,,,0,106,,101067,6,,,0
7100,'5458',1513,,101071,6,,,0,104,,101072,6,,,0,106,,101070,6,,,0
7200,'5456',557,,101083,6,,,0,75,,101089,6,,,0,68,,101079,6,,,0,27,,101080,6,,,0,31,,101087,6,,,0,72,,101081,6,,,0,70,,101082,6,,,0,30,,101091,6,,,0,71,,101084,6,,,0,29,,101085,6,,,0,70,,101086,6,,,0,27,,101095,6,,,0,30,,101099,6,,,0,68,,101088,6,,,0,30,,101101,6,,,0,68,,101106,6,,,0,30,,101090,6,,,0,69,,101093,6,,,0,28,,101096,6,,,0,70,,101109,6,,,0,28,,101092,6,,,0,71,,101102,6,,,0,32,,101104,6,,,0,79,,101094,6,,,0,29,,101097,6,,,0,71,,101107,6,,,0,70,,101110,6,,,0,31,,101098,6,,,0,73,,101105,6,,,0,31,,101100,6,,,0,100,,101108,6,,,0,101,,101103,6,,,0,120,,101111,6,0,10 11 12,0
7200,'5458',557,,101116,6,,,0,75,,101122,6,,,0,68,,101112,6,,,0,27,,101113,6,,,0,31,,101120,6,,,0,72,,101114,6,,,0,70,,101115,6,,,0,30,,101124,6,,,0,71,,101117,6,,,0,29,,101118,6,,,0,70,,101119,6,,,0,27,,101128,6,,,0,30,,101132,6,,,0,68,,101121,6,,,0,30,,101134,6,,,0,68,,101139,6,,,0,30,,101123,6,,,0,69,,101126,6,,,0,28,,101129,6,,,0,70,,101142,6,,,0,28,,101125,6,,,0,71,,101135,6,,,0,32,,101137,6,,,0,79,,101127,6,,,0,29,,101130,6,,,0,71,,101140,6,,,0,70,,101143,6,,,0,31,,101131,6,,,0,73,,101138,6,,,0,31,,101133,6,,,0,100,,101141,6,,,0,101,,101136,6,,,0,120,,101144,6,0,10 11 12,0
7200,'5459',709,,101145,6,,,0,27,,101146,6,,,0,69,,101147,6,,,0,30,,101148,6,,,0,70,,101149,6,,,0,30,,101150,6,,,0,70,,101151,6,,,0,26,,101152,6,,,0,69,,101153,6,,,0,30,,101154,6,,,0,29,,101155,6,,,0,70,,101156,6,,,0,29,,101157,6,,,0,70,,101158,6,,,0,30,,101159,6,,,0,69,,101160,6,,,0,30,,101161,6,,,0,70,,101162,6,,,0,30,,101163,6,,,0,70,,101164,6,,,0,31,,101165,6,,,0,71,,101166,6,,,0,30,,101167,6,,,0,72,,101168,6,,,0,71,,101169,6,,,0,32,,101170,6,,,0,70,,101171,6,,,0,30,,101172,6,,,0,100,,101173,6,,,0,102,,101174,6,,,0,120,,101175,6,0,10 11 12,0
7200,'5460',736,,101176,6,,,0,100,,101179,6,,,0,98,,101177,6,,,0,98,,101178,6,,,0,70,,101180,6,,,0,29,,101181,6,,,0,69,,101182,6,,,0,29,,101183,6,,,0,30,,101184,6,,,0,70,,101185,6,,,0,30,,101186,6,,,0,70,,101187,6,,,0,30,,101188,6,,,0,70,,101189,6,,,0,29,,101190,6,,,0,70,,101191,6,,,0,73,,101192,6,,,0,31,,101193,6,,,0,71,,101194,6,,,0,30,,101195,6,,,0,70,,101196,6,,,0,33,,101197,6,,,0,99,,101198,6,,,0,101,,101199,6,,,0,103,,101200,6,,,0,77,,101201,6,0,10 11 12,0
7200,'5461',736,,101202,6,,,0,100,,101205,6,,,0,98,,101203,6,,,0,98,,101204,6,,,0,70,,101206,6,,,0,29,,101207,6,,,0,69,,101208,6,,,0,29,,101209,6,,,0,30,,101210,6,,,0,70,,101211,6,,,0,30,,101212,6,,,0,70,,101213,6,,,0,30,,101214,6,,,0,70,,101215,6,,,0,29,,101216,6,,,0,70,,101217,6,,,0,73,,101218,6,,,0,31,,101219,6,,,0,71,,101220,6,,,0,30,,101221,6,,,0,70,,101222,6,,,0,33,,101223,6,,,0,99,,101224,6,,,0,101,,101225,6,,,0,103,,101226,6,,,0,77,,101227,6,0,10 11 12,0
7200,'5462',736,,101228,6,,,0,100,,101231,6,,,0,98,,101229,6,,,0,98,,101230,6,,,0,70,,101232,6,,,0,29,,101233,6,,,0,69,,101234,6,,,0,29,,101235,6,,,0,30,,101236,6,,,0,70,,101237,6,,,0,30,,101238,6,,,0,70,,101239,6,,,0,30,,101240,6,,,0,70,,101241,6,,,0,29,,101242,6,,,0,70,,101243,6,,,0,73,,101244,6,,,0,31,,101245,6,,,0,71,,101246,6,,,0,30,,101247,6,,,0,70,,101248,6,,,0,33,,101249,6,,,0,99,,101250,6,,,0,101,,101251,6,,,0,103,,101252,6,,,0,77,,101253,6,0,10 11 12,0
7200,'5463',736,,101254,6,,,0,100,,101257,6,,,0,98,,101255,6,,,0,98,,101256,6,,,0,70,,101258,6,,,0,29,,101259,6,,,0,69,,101260,6,,,0,29,,101261,6,,,0,30,,101262,6,,,0,70,,101263,6,,,0,30,,101264,6,,,0,70,,101265,6,,,0,30,,101266,6,,,0,70,,101267,6,,,0,29,,101268,6,,,0,70,,101269,6,,,0,73,,101270,6,,,0,31,,101271,6,,,0,71,,101272,6,,,0,30,,101273,6,,,0,70,,101274,6,,,0,33,,101275,6,,,0,99,,101276,6,,,0,101,,101277,6,,,0,103,,101278,6,,,0,77,,101279,6,0,10 11 12,0
7500,'5456',505,,101477,7,0,13 14,0,18,,101479,7,0,13 14,0,16,,101483,7,0,13 14,0,18,,101486,7,0,13 14,0,57,,101489,7,0,13 14,0,16,,101491,7,0,13 14,0,15,,101481,7,0,13 14,0,55,,101494,7,0,13 14,0,16,,101478,7,0,13 14,0,23,,101480,7,0,13 14,0,63,,101482,7,0,13 14,0,26,,101485,7,0,13 14,0,29,,101484,7,0,13 14,0,74,,101488,7,0,13 14,0,28,,101487,7,0,13 14,0,70,,101490,7,0,13 14,0,27,,101498,7,0,13 14,0,69,,101492,7,0,13 14,0,30,,101493,7,0,13 14,0,70,,101495,7,0,13 14,0,29,,101496,7,0,13 14,0,70,,101497,7,0,13 14,0,23,,101499,7,0,13 14,0,71,,101500,7,0,13 14,0,34,,101501,7,0,13 14,0,67,,101502,7,0,13 14,0,30,,101503,7,0,13 14,0,66,,101513,7,0,13 14,0,20,,101504,7,0,13 14,0,21,,101506,7,0,13 14,0,59,,101505,7,0,13 14,0,22,,101512,7,0,13 14,0,19,,101507,7,0,13 14,0,68,,101508,7,0,13 14,0,77,,101509,7,0,13 14,0,110,,101510,7,0,13 14,0,96,,101511,7,0,13 14,0,107,,101514,7,0,13 14,0,110,,101515,7,0,13 14,0
7500,'5458',505,,101516,7,0,13 14,0,18,,101518,7,0,13 14,0,16,,101522,7,0,13 14,0,18,,101525,7,0,13 14,0,57,,101528,7,0,13 14,0,16,,101530,7,0,13 14,0,15,,101520,7,0,13 14,0,55,,101533,7,0,13 14,0,16,,101517,7,0,13 14,0,23,,101519,7,0,13 14,0,63,,101521,7,0,13 14,0,26,,101524,7,0,13 14,0,29,,101523,7,0,13 14,0,74,,101527,7,0,13 14,0,28,,101526,7,0,13 14,0,70,,101529,7,0,13 14,0,27,,101537,7,0,13 14,0,69,,101531,7,0,13 14,0,30,,101532,7,0,13 14,0,70,,101534,7,0,13 14,0,29,,101535,7,0,13 14,0,70,,101536,7,0,13 14,0,23,,101538,7,0,13 14,0,71,,101539,7,0,13 14,0,34,,101540,7,0,13 14,0,67,,101541,7,0,13 14,0,30,,101542,7,0,13 14,0,66,,101552,7,0,13 14,0,20,,101543,7,0,13 14,0,21,,101545,7,0,13 14,0,59,,101544,7,0,13 14,0,22,,101551,7,0,13 14,0,19,,101546,7,0,13 14,0,68,,101547,7,0,13 14,0,77,,101548,7,0,13 14,0,110,,101549,7,0,13 14,0,96,,101550,7,0,13 14,0,107,,101553,7,0,13 14,0,110,,101554,7,0,13 14,0
7500,'5459',618,,101556,7,0,13 14,0,93,,101557,7,0,13 14,0,97,,101558,7,0,13 14,0,94,,101555,7,0,13 14,0,57,,101559,7,0,13 14,0,99,,101560,7,0,13 14,0,70,,101561,7,0,13 14,0,30,,101562,7,0,13 14,0,69,,101563,7,0,13 14,0,31,,101564,7,0,13 14,0,64,,101565,7,0,13 14,0,36,,101566,7,0,13 14,0,70,,101567,7,0,13 14,0,30,,101568,7,0,13 14,0,70,,101569,7,0,13 14,0,30,,101570,7,0,13 14,0,101,,101571,7,0,13 14,0,142,,101572,7,0,13 14,0,102,,101573,7,0,13 14,0,104,,101574,7,0,13 14,0,98,,101575,7,0,13 14,0,107,,101576,7,0,13 14,0,103,,101577,7,0,13 14,0
7500,'5460',613,,101578,7,0,13 14,0,97,,101579,7,0,13 14,0,101,,101580,7,0,13 14,0,93,,101581,7,0,13 14,0,97,,101582,7,0,13 14,0,99,,101583,7,0,13 14,0,29,,101584,7,0,13 14,0,30,,101585,7,0,13 14,0,69,,101586,7,0,13 14,0,29,,101587,7,0,13 14,0,70,,101588,7,0,13 14,0,30,,101589,7,0,13 14,0,70,,101590,7,0,13 14,0,30,,101591,7,0,13 14,0,100,,101592,7,0,13 14,0,101,,101593,7,0,13 14,0,146,,101594,7,0,13 14,0,103,,101595,7,0,13 14,0,104,,101596,7,0,13 14,0,97,,101597,7,0,13 14,0,135,,101598,7,0,13 14,0
7500,'5461',613,,101599,7,0,13 14,0,97,,101600,7,0,13 14,0,101,,101601,7,0,13 14,0,93,,101602,7,0,13 14,0,97,,101603,7,0,13 14,0,99,,101604,7,0,13 14,0,29,,101605,7,0,13 14,0,30,,101606,7,0,13 14,0,69,,101607,7,0,13 14,0,29,,101608,7,0,13 14,0,70,,101609,7,0,13 14,0,30,,101610,7,0,13 14,0,70,,101611,7,0,13 14,0,30,,101612,7,0,13 14,0,100,,101613,7,0,13 14,0,101,,101614,7,0,13 14,0,146,,101615,7,0,13 14,0,103,,101616,7,0,13 14,0,104,,101617,7,0,13 14,0,97,,101618,7,0,13 14,0,135,,101619,7,0,13 14,0
7500,'5462',613,,101620,7,0,13 14,0,97,,101621,7,0,13 14,0,101,,101622,7,0,13 14,0,93,,101623,7,0,13 14,0,97,,101624,7,0,13 14,0,99,,101625,7,0,13 14,0,29,,101626,7,0,13 14,0,30,,101627,7,0,13 14,0,69,,101628,7,0,13 14,0,29,,101629,7,0,13 14,0,70,,101630,7,0,13 14,0,30,,101631,7,0,13 14,0,70,,101632,7,0,13 14,0,30,,101633,7,0,13 14,0,100,,101634,7,0,13 14,0,101,,101635,7,0,13 14,0,146,,101636,7,0,13 14,0,103,,101637,7,0,13 14,0,104,,101638,7,0,13 14,0,97,,101639,7,0,13 14,0,135,,101640,7,0,13 14,0
7500,'5463',613,,101641,7,0,13 14,0,97,,101642,7,0,13 14,0,101,,101643,7,0,13 14,0,93,,101644,7,0,13 14,0,97,,101645,7,0,13 14,0,99,,101646,7,0,13 14,0,29,,101647,7,0,13 14,0,30,,101648,7,0,13 14,0,69,,101649,7,0,13 14,0,29,,101650,7,0,13 14,0,70,,101651,7,0,13 14,0,30,,101652,7,0,13 14,0,70,,101653,7,0,13 14,0,30,,101654,7,0,13 14,0,100,,101655,7,0,13 14,0,101,,101656,7,0,13 14,0,146,,101657,7,0,13 14,0,103,,101658,7,0,13 14,0,104,,101659,7,0,13 14,0,97,,101660,7,0,13 14,0,135,,101661,7,0,13 14,0
1002200,'5456',933,,103706,19,,,0,195,,103707,19,0,21 22,0,272,,103708,19,0,21 22,0,207,,103709,19,0,21 22,0,99,,103710,19,0,21 22,0,196,,103711,19,0,21 22,0
1002200,'5458',933,,103712,19,,,0,195,,103713,19,0,21 22,0,272,,103714,19,0,21 22,0,207,,103715,19,0,21 22,0,99,,103716,19,0,21 22,0,196,,103717,19,0,21 22,0
1007200,'5456',521,,103768,6,,,0
1007200,'5458',521,,103769,6,,,0
1007200,'5459',532,,103770,6,,,0,96,,103771,6,,,0
1007200,'5460',629,,103772,6,,,0
1007200,'5461',629,,103773,6,,,0
1007200,'5462',629,,103774,6,,,0
1007200,'5463',629,,103775,6,,,0
14002100,'5456',2110,,104018,4,,,0,30,,104015,4,,,0,70,,104017,4,,,0,100,,104019,4,,,0,99,,104016,4,,,0
14002100,'5458',2110,,104023,4,,,0,30,,104020,4,,,0,70,,104022,4,,,0,100,,104024,4,,,0,99,,104021,4,,,0
14002100,'5459',2110,,104025,4,,,0,30,,104026,4,,,0,70,,104027,4,,,0,102,,104028,4,,,0,99,,104029,4,,,0
14002100,'5460',2112,,104030,4,,,0,100,,104031,4,,,0,100,,104032,4,,,0
14002100,'5461',2112,,104033,4,,,0,100,,104034,4,,,0,100,,104035,4,,,0
14002100,'5462',2112,,104036,4,,,0,100,,104037,4,,,0,100,,104038,4,,,0
14002100,'5463',2112,,104039,4,,,0,100,,104040,4,,,0,100,,104041,4,,,0
