3801,'5456',710,,97994,40,,,0,30,,97993,40,,,0,73,,97995,40,,,0,28,,97996,40,,,0,73,,97999,40,,,0,43,,97997,40,,,0,88,,97998,40,,,0,100,,98001,40,,,0,103,,98000,40,,,0,72,,98014,19,,,0,30,,98002,40,,,0,80,,98015,19,,,0,27,,98003,40,,,0,77,,98016,19,,,0,76,,98004,40,,,0,45,,98005,40,,,0,71,,98010,40,,,0,22,,98006,40,,,0,64,,98013,40,,,0,23,,98007,40,,,0,70,,98008,40,,,0,35,,98011,40,,,0,97,,98009,40,,,0,104,,98012,40,,,0
3801,'5458',710,,98018,40,,,0,30,,98017,40,,,0,73,,98019,40,,,0,28,,98020,40,,,0,73,,98023,40,,,0,43,,98021,40,,,0,88,,98022,40,,,0,100,,98025,40,,,0,103,,98024,40,,,0,72,,98038,19,,,0,30,,98026,40,,,0,80,,98039,19,,,0,27,,98027,40,,,0,77,,98040,19,,,0,76,,98028,40,,,0,45,,98029,40,,,0,71,,98034,40,,,0,22,,98030,40,,,0,64,,98037,40,,,0,23,,98031,40,,,0,70,,98032,40,,,0,35,,98035,40,,,0,97,,98033,40,,,0,104,,98036,40,,,0
4601,'5456',722,,98575,33,,,0,114,,98584,33,,,0,7,,98585,13,,,0,114,,98574,33,,,0,93,,98583,33,,,0,386,,98580,33,,,0,171,,98576,33,,,0,30,,98581,33,,,0,80,,98577,33,,,0,34,,98578,33,,,0,65,,98579,33,,,0,89,,98582,33,,,0
4601,'5458',722,,98587,33,,,0,114,,98596,33,,,0,7,,98597,13,,,0,114,,98586,33,,,0,93,,98595,33,,,0,386,,98592,33,,,0,171,,98588,33,,,0,30,,98593,33,,,0,80,,98589,33,,,0,34,,98590,33,,,0,65,,98591,33,,,0,89,,98594,33,,,0
5801,'5456',614,,99866,4,,,0,30,,99865,4,,,0,78,,99860,4,,,0,78,,99858,4,,,0,21,,99867,4,,,0,19,,99878,4,0,41 14,0,17,,99857,4,,,0,84,,99859,4,,,0,87,,99861,4,,,0,85,,99862,4,,,0,45,,99863,4,,,0,85,,99864,4,,,0,86,,99868,4,,,0,86,,99869,4,,,0,19,,99879,4,,,0,25,,99870,4,,,0,56,,99880,4,,,0,25,,99871,4,,,0,93,,99872,4,,,0,88,,99873,4,,,0,85,,99874,4,,,0,46,,99881,4,,,0,186,,99875,4,,,0,110,,99876,4,,,0,109,,99877,4,,,0
5801,'5458',614,,99891,4,,,0,30,,99890,4,,,0,78,,99885,4,,,0,78,,99883,4,,,0,21,,99892,4,,,0,19,,99903,4,0,41 14,0,17,,99882,4,,,0,84,,99884,4,,,0,87,,99886,4,,,0,85,,99887,4,,,0,45,,99888,4,,,0,85,,99889,4,,,0,86,,99893,4,,,0,86,,99894,4,,,0,19,,99904,4,,,0,25,,99895,4,,,0,56,,99905,4,,,0,25,,99896,4,,,0,93,,99897,4,,,0,88,,99898,4,,,0,85,,99899,4,,,0,46,,99906,4,,,0,186,,99900,4,,,0,110,,99901,4,,,0,109,,99902,4,,,0
5801,'5459',647,,99919,4,,,0,100,,99920,4,,,0,100,,99921,4,,,0,106,,99922,4,,,0,105,,99918,4,,,0,145,,99917,4,,,0,100,,99916,4,,,0,110,,99915,4,,,0,100,,99913,4,,,0,110,,99914,4,,,0,100,,99908,4,,,0,105,,99909,4,,,0,100,,99910,4,,,0,105,,99911,4,,,0,114,,99912,4,,,0,110,,99907,4,,,0
5801,'5460',747,,99923,4,,,0,100,,99929,4,,,0,105,,99927,4,,,0,106,,99930,4,,,0,145,,99925,4,,,0,100,,99928,4,,,0,110,,99924,4,,,0,100,,99931,4,,,0,110,,99926,4,,,0,100,,99934,4,,,0,104,,99933,4,,,0,100,,99935,4,,,0,105,,99936,4,,,0,200,,99932,4,,,0
5801,'5461',747,,99937,4,,,0,100,,99943,4,,,0,105,,99941,4,,,0,106,,99944,4,,,0,145,,99939,4,,,0,100,,99942,4,,,0,110,,99938,4,,,0,100,,99945,4,,,0,110,,99940,4,,,0,100,,99948,4,,,0,104,,99947,4,,,0,100,,99949,4,,,0,105,,99950,4,,,0,200,,99946,4,,,0
5801,'5462',747,,99951,4,,,0,100,,99957,4,,,0,105,,99955,4,,,0,106,,99958,4,,,0,145,,99953,4,,,0,100,,99956,4,,,0,110,,99952,4,,,0,100,,99959,4,,,0,110,,99954,4,,,0,100,,99962,4,,,0,104,,99961,4,,,0,100,,99963,4,,,0,105,,99964,4,,,0,200,,99960,4,,,0
5801,'5463',747,,99965,4,,,0,100,,99971,4,,,0,105,,99969,4,,,0,106,,99972,4,,,0,145,,99967,4,,,0,100,,99970,4,,,0,110,,99966,4,,,0,100,,99973,4,,,0,110,,99968,4,,,0,100,,99976,4,,,0,104,,99975,4,,,0,100,,99977,4,,,0,105,,99978,4,,,0,200,,99974,4,,,0
6501,'5456',1642,,100808,24,,,0,68,,100810,24,,,0,32,,100807,24,,,0,65,,100809,24,,,0
6501,'5458',1642,,100812,24,,,0,68,,100814,24,,,0,32,,100811,24,,,0,65,,100813,24,,,0
24005101,'5456',811,,104118,26,,,0,32,,104116,26,,,0,75,,104117,26,,,0,97,,104119,26,,,0,99,,104115,26,,,0,101,,104120,26,,,0,101,,104114,26,,,0,103,,104121,26,,,0,111,,104113,26,,,0,84,,104107,26,,,0,21,,104111,26,,,0,68,,104110,26,,,0,32,,104104,26,,,0,24,,104112,26,,,0,64,,104108,26,,,0,96,,104105,26,,,0,100,,104106,26,,,0
24005101,'5458',811,,104136,26,,,0,32,,104134,26,,,0,75,,104135,26,,,0,97,,104137,26,,,0,99,,104133,26,,,0,101,,104138,26,,,0,101,,104132,26,,,0,103,,104139,26,,,0,111,,104131,26,,,0,84,,104125,26,,,0,21,,104129,26,,,0,68,,104128,26,,,0,32,,104122,26,,,0,24,,104130,26,,,0,64,,104126,26,,,0,96,,104123,26,,,0,100,,104124,26,,,0
