800,'5456',646,,90530,32,,,0,89,,90531,32,,,0,73,,90532,32,,,0,20,,90554,32,,,0,21,,90534,32,,,0,86,,90533,32,,,0,75,,90536,32,,,0,41,,90535,32,,,0,84,,90537,32,,,0,78,,90540,32,,,0,44,,90538,32,,,0,84,,90539,32,,,0,84,,90542,32,,,0,102,,90541,32,,,0,83,,90544,32,,,0,46,,90543,32,,,0,69,,90546,32,,,0,32,,90545,32,,,0,72,,90548,32,,,0,29,,90547,32,,,0,69,,90549,32,,,0,95,,90550,32,,,0,83,,90551,32,,,0,96,,90552,32,,,0,42,,90553,32,,,0
800,'5458',646,,90556,32,,,0,89,,90557,32,,,0,73,,90558,32,,,0,20,,90580,32,,,0,21,,90560,32,,,0,86,,90559,32,,,0,75,,90562,32,,,0,41,,90561,32,,,0,84,,90563,32,,,0,78,,90566,32,,,0,44,,90564,32,,,0,84,,90565,32,,,0,84,,90568,32,,,0,102,,90567,32,,,0,83,,90570,32,,,0,46,,90569,32,,,0,69,,90572,32,,,0,32,,90571,32,,,0,72,,90574,32,,,0,29,,90573,32,,,0,69,,90575,32,,,0,95,,90576,32,,,0,83,,90577,32,,,0,96,,90578,32,,,0,42,,90579,32,,,0
800,'5459',733,,90588,21,,,0,85,,90589,21,,,0,86,,90590,21,,,0,46,,90583,21,,,0,90,,90584,21,,,0,87,,90582,21,,,0,90,,90585,21,,,0,91,,90586,21,,,0,92,,90587,21,,,0,52,,90591,21,,,0,90,,90592,21,,,0,91,,90593,21,,,0,88,,90594,21,,,0,85,,90595,21,,,0,45,,90596,21,,,0
800,'5460',903,,90598,21,,,0,47,,90599,21,,,0,90,,90600,21,,,0,86,,90601,21,,,0,90,,90602,21,,,0,92,,90597,21,,,0,50,,90603,21,,,0,92,,90604,21,,,0,91,,90605,21,,,0,91,,90606,21,,,0,88,,90607,21,,,0
800,'5461',903,,90609,21,,,0,47,,90610,21,,,0,90,,90611,21,,,0,86,,90612,21,,,0,90,,90613,21,,,0,92,,90608,21,,,0,50,,90614,21,,,0,92,,90615,21,,,0,91,,90616,21,,,0,91,,90617,21,,,0,88,,90618,21,,,0
800,'5462',903,,90620,21,,,0,47,,90621,21,,,0,90,,90622,21,,,0,86,,90623,21,,,0,90,,90624,21,,,0,92,,90619,21,,,0,50,,90625,21,,,0,92,,90626,21,,,0,91,,90627,21,,,0,91,,90628,21,,,0,88,,90629,21,,,0
800,'5463',903,,90631,21,,,0,47,,90632,21,,,0,90,,90633,21,,,0,86,,90634,21,,,0,90,,90635,21,,,0,92,,90630,21,,,0,50,,90636,21,,,0,92,,90637,21,,,0,91,,90638,21,,,0,91,,90639,21,,,0,88,,90640,21,,,0
1401,'5456',546,,92216,12,,,0,65,,92217,12,,,0,20,,92218,12,,,0,15,,92219,12,,,0,13,,92220,12,,,0,52,,92221,12,,,0,13,,92222,12,,,0,12,,92223,12,,,0,14,,92224,12,,,0,54,,92225,12,,,0,14,,92226,12,,,0,13,,92227,12,,,0,14,,92228,12,,,0,14,,92229,12,,,0,53,,92230,12,,,0,13,,92231,12,,,0,13,,92232,12,,,0,13,,92233,12,,,0,53,,92234,12,,,0,13,,92235,12,,,0,13,,92236,12,,,0,13,,92237,12,,,0,14,,92238,12,,,0,54,,92239,12,,,0,14,,92240,12,,,0,13,,92241,12,,,0,13,,92242,12,,,0,53,,92243,12,,,0,13,,92244,12,,,0,13,,92245,12,,,0,13,,92246,12,,,0,13,,92247,12,,,0,52,,92248,12,,,0,12,,92249,12,,,0,12,,92250,12,,,0,11,,92251,12,,,0,10,,92252,12,,,0,50,,92290,12,,,0,3,,92253,12,,,0,10,,92254,12,,,0,4,,92255,12,,,0,7,,92201,12,0,5,0,6,,92256,12,,,0,7,,92202,12,0,5,0,5,,92257,12,,,0,9,,92258,12,,,0,5,,92259,12,,,0,46,,92203,12,0,5,0,8,,92260,12,,,0,9,,92204,12,0,5,0,8,,92261,12,,,0,7,,92205,12,0,5,0,9,,92262,12,,,0,8,,92206,12,0,5,0,48,,92263,12,,,0,7,,92207,12,0,5,0,7,,92291,12,0,5,0,2,,92208,12,0,5,0,3,,92264,12,,,0,11,,92209,12,0,5,0,6,,92265,12,,,0,8,,92210,12,0,5,0,8,,92266,12,,,0,47,,92211,12,0,5,0,8,,92267,12,,,0,9,,92212,12,0,5,0,7,,92268,12,,,0,9,,92213,12,0,5,0,9,,92269,12,,,0,8,,92214,12,0,5,0,5,,92270,12,,,0,49,,92215,12,0,5,0,4,,92271,12,,,0,15,,92272,12,,,0,15,,92273,12,,,0,14,,92274,12,,,0,55,,92275,12,,,0,15,,92276,12,,,0,15,,92277,12,,,0,15,,92278,12,,,0,57,,92279,12,,,0,20,,92280,12,,,0,20,,92281,12,,,0,60,,92282,12,,,0,20,,92283,12,,,0,20,,92284,12,,,0,63,,92285,12,,,0,32,,92286,12,,,0,72,,92287,12,,,0,29,,92288,12,,,0,70,,92289,12,,,0
1401,'5458',546,,92307,12,,,0,65,,92308,12,,,0,20,,92309,12,,,0,15,,92310,12,,,0,13,,92311,12,,,0,52,,92312,12,,,0,13,,92313,12,,,0,12,,92314,12,,,0,14,,92315,12,,,0,54,,92316,12,,,0,14,,92317,12,,,0,13,,92318,12,,,0,14,,92319,12,,,0,14,,92320,12,,,0,53,,92321,12,,,0,13,,92322,12,,,0,13,,92323,12,,,0,13,,92324,12,,,0,53,,92325,12,,,0,13,,92326,12,,,0,13,,92327,12,,,0,13,,92328,12,,,0,14,,92329,12,,,0,54,,92330,12,,,0,14,,92331,12,,,0,13,,92332,12,,,0,13,,92333,12,,,0,53,,92334,12,,,0,13,,92335,12,,,0,13,,92336,12,,,0,13,,92337,12,,,0,13,,92338,12,,,0,52,,92339,12,,,0,12,,92340,12,,,0,12,,92341,12,,,0,11,,92342,12,,,0,10,,92343,12,,,0,50,,92383,12,,,0,3,,92344,12,,,0,10,,92345,12,,,0,4,,92346,12,,,0,7,,92292,12,0,5,0,6,,92347,12,,,0,7,,92293,12,0,5,0,5,,92348,12,,,0,9,,92349,12,,,0,5,,92350,12,,,0,46,,92294,12,0,5,0,8,,92351,12,,,0,9,,92295,12,0,5,0,8,,92352,12,,,0,7,,92296,12,0,5,0,9,,92353,12,,,0,8,,92297,12,0,5,0,48,,92354,12,,,0,7,,92298,12,0,5,0,7,,92384,12,0,5,0,2,,92299,12,0,5,0,3,,92355,12,,,0,11,,92300,12,0,5,0,6,,92356,12,,,0,8,,92301,12,0,5,0,8,,92357,12,,,0,47,,92302,12,0,5,0,8,,92358,12,,,0,9,,92303,12,0,5,0,7,,92359,12,,,0,9,,92304,12,0,5,0,9,,92360,12,,,0,8,,92305,12,0,5,0,5,,92361,12,,,0,49,,92306,12,0,5,0,4,,92362,12,,,0,15,,92363,12,,,0,15,,92364,12,,,0,14,,92365,12,,,0,55,,92366,12,,,0,15,,92367,12,,,0,15,,92368,12,,,0,15,,92369,12,,,0,57,,92370,12,,,0,20,,92371,12,,,0,20,,92372,12,,,0,60,,92373,12,,,0,20,,92374,12,,,0,20,,92375,12,,,0,63,,92376,12,,,0,32,,92377,12,,,0,72,,92378,12,,,0,29,,92379,12,,,0,70,,92380,12,,,0,30,,92381,12,,,0,70,,92382,12,,,0
1401,'5459',600,,92427,12,,,0,30,,92426,12,,,0,26,,92392,12,,,0,61,,92395,12,,,0,17,,92428,12,,,0,15,,92429,12,,,0,55,,92394,12,,,0,14,,92390,12,,,0,15,,92430,12,,,0,15,,92389,12,,,0,55,,92396,12,,,0,14,,92393,12,,,0,14,,92432,12,,,0,14,,92431,12,,,0,14,,92397,12,,,0,54,,92386,12,,,0,14,,92436,12,,,0,15,,92385,12,,,0,15,,92403,12,,,0,55,,92404,12,,,0,15,,92437,12,,,0,14,,92387,12,,,0,15,,92434,12,,,0,55,,92399,12,,,0,15,,92400,12,,,0,15,,92435,12,,,0,15,,92398,12,,,0,54,,92401,12,,,0,15,,92402,12,,,0,15,,92433,12,,,0,15,,92405,12,,,0,55,,92413,12,,,0,15,,92388,12,,,0,15,,92391,12,,,0,15,,92411,12,,,0,55,,92419,12,,,0,15,,92415,12,,,0,15,,92416,12,,,0,15,,92418,12,,,0,55,,92412,12,,,0,16,,92407,12,,,0,15,,92417,12,,,0,15,,92414,12,,,0,55,,92420,12,,,0,15,,92408,12,,,0,15,,92421,12,,,0,16,,92410,12,,,0,55,,92409,12,,,0,15,,92425,12,,,0,15,,92422,12,,,0,15,,92423,12,,,0,55,,92406,12,,,0,19,,92424,12,,,0,20,,92441,12,,,0,61,,92439,12,,,0,20,,92438,12,,,0,20,,92440,12,,,0,60,,92442,12,,,0,20,,92446,12,,,0,20,,92445,12,,,0,60,,92444,12,,,0,28,,92443,12,,,0,71,,92447,12,,,0,32,,92448,12,,,0,71,,92449,12,,,0,30,,92450,12,,,0,70,,92451,12,,,0
1401,'5460',631,,92508,12,,,0,24,,92495,12,,,0,66,,92494,12,,,0,17,,92478,12,,,0,15,,92512,12,,,0,55,,92485,12,,,0,14,,92510,12,,,0,15,,92501,12,,,0,15,,92511,12,,,0,54,,92469,12,,,0,15,,92500,12,,,0,15,,92466,12,,,0,15,,92470,12,,,0,54,,92479,12,,,0,15,,92503,12,,,0,15,,92457,12,,,0,15,,92487,12,,,0,55,,92458,12,,,0,15,,92488,12,,,0,14,,92459,12,,,0,15,,92471,12,,,0,56,,92480,12,,,0,15,,92504,12,,,0,15,,92454,12,,,0,15,,92489,12,,,0,56,,92456,12,,,0,15,,92486,12,,,0,15,,92455,12,,,0,15,,92472,12,,,0,55,,92452,12,,,0,15,,92481,12,,,0,15,,92502,12,,,0,15,,92462,12,,,0,55,,92490,12,,,0,15,,92461,12,,,0,15,,92492,12,,,0,15,,92460,12,,,0,55,,92473,12,,,0,15,,92453,12,,,0,15,,92482,12,,,0,15,,92505,12,,,0,55,,92463,12,,,0,15,,92491,12,,,0,15,,92464,12,,,0,16,,92493,12,,,0,55,,92468,12,,,0,16,,92477,12,,,0,15,,92467,12,,,0,17,,92484,12,,,0,58,,92507,12,,,0,20,,92497,12,,,0,18,,92499,12,,,0,60,,92465,12,,,0,20,,92476,12,,,0,20,,92483,12,,,0,61,,92509,12,,,0,30,,92498,12,,,0,70,,92475,12,,,0,31,,92474,12,,,0,72,,92506,12,,,0,43,,92496,12,,,0
1401,'5461',631,,92569,12,,,0,24,,92556,12,,,0,66,,92555,12,,,0,17,,92539,12,,,0,15,,92573,12,,,0,55,,92546,12,,,0,14,,92571,12,,,0,15,,92562,12,,,0,15,,92572,12,,,0,54,,92530,12,,,0,15,,92561,12,,,0,15,,92527,12,,,0,15,,92531,12,,,0,54,,92540,12,,,0,15,,92564,12,,,0,15,,92518,12,,,0,15,,92548,12,,,0,55,,92519,12,,,0,15,,92549,12,,,0,14,,92520,12,,,0,15,,92532,12,,,0,56,,92541,12,,,0,15,,92565,12,,,0,15,,92515,12,,,0,15,,92550,12,,,0,56,,92517,12,,,0,15,,92547,12,,,0,15,,92516,12,,,0,15,,92533,12,,,0,55,,92513,12,,,0,15,,92542,12,,,0,15,,92563,12,,,0,15,,92523,12,,,0,55,,92551,12,,,0,15,,92522,12,,,0,15,,92553,12,,,0,15,,92521,12,,,0,55,,92534,12,,,0,15,,92514,12,,,0,15,,92543,12,,,0,15,,92566,12,,,0,55,,92524,12,,,0,15,,92552,12,,,0,15,,92525,12,,,0,16,,92554,12,,,0,55,,92529,12,,,0,16,,92538,12,,,0,15,,92528,12,,,0,17,,92545,12,,,0,58,,92568,12,,,0,20,,92558,12,,,0,18,,92560,12,,,0,60,,92526,12,,,0,20,,92537,12,,,0,20,,92544,12,,,0,61,,92570,12,,,0,30,,92559,12,,,0,70,,92536,12,,,0,31,,92535,12,,,0,72,,92567,12,,,0,43,,92557,12,,,0
1401,'5462',631,,92630,12,,,0,24,,92617,12,,,0,66,,92616,12,,,0,17,,92600,12,,,0,15,,92634,12,,,0,55,,92607,12,,,0,14,,92632,12,,,0,15,,92623,12,,,0,15,,92633,12,,,0,54,,92591,12,,,0,15,,92622,12,,,0,15,,92588,12,,,0,15,,92592,12,,,0,54,,92601,12,,,0,15,,92625,12,,,0,15,,92579,12,,,0,15,,92609,12,,,0,55,,92580,12,,,0,15,,92610,12,,,0,14,,92581,12,,,0,15,,92593,12,,,0,56,,92602,12,,,0,15,,92626,12,,,0,15,,92576,12,,,0,15,,92611,12,,,0,56,,92578,12,,,0,15,,92608,12,,,0,15,,92577,12,,,0,15,,92594,12,,,0,55,,92574,12,,,0,15,,92603,12,,,0,15,,92624,12,,,0,15,,92584,12,,,0,55,,92612,12,,,0,15,,92583,12,,,0,15,,92614,12,,,0,15,,92582,12,,,0,55,,92595,12,,,0,15,,92575,12,,,0,15,,92604,12,,,0,15,,92627,12,,,0,55,,92585,12,,,0,15,,92613,12,,,0,15,,92586,12,,,0,16,,92615,12,,,0,55,,92590,12,,,0,16,,92599,12,,,0,15,,92589,12,,,0,17,,92606,12,,,0,58,,92629,12,,,0,20,,92619,12,,,0,18,,92621,12,,,0,60,,92587,12,,,0,20,,92598,12,,,0,20,,92605,12,,,0,61,,92631,12,,,0,30,,92620,12,,,0,70,,92597,12,,,0,31,,92596,12,,,0,72,,92628,12,,,0,43,,92618,12,,,0
1401,'5463',631,,92691,12,,,0,24,,92678,12,,,0,66,,92677,12,,,0,17,,92661,12,,,0,15,,92695,12,,,0,55,,92668,12,,,0,14,,92693,12,,,0,15,,92684,12,,,0,15,,92694,12,,,0,54,,92652,12,,,0,15,,92683,12,,,0,15,,92649,12,,,0,15,,92653,12,,,0,54,,92662,12,,,0,15,,92686,12,,,0,15,,92640,12,,,0,15,,92670,12,,,0,55,,92641,12,,,0,15,,92671,12,,,0,14,,92642,12,,,0,15,,92654,12,,,0,56,,92663,12,,,0,15,,92687,12,,,0,15,,92637,12,,,0,15,,92672,12,,,0,56,,92639,12,,,0,15,,92669,12,,,0,15,,92638,12,,,0,15,,92655,12,,,0,55,,92635,12,,,0,15,,92664,12,,,0,15,,92685,12,,,0,15,,92645,12,,,0,55,,92673,12,,,0,15,,92644,12,,,0,15,,92675,12,,,0,15,,92643,12,,,0,55,,92656,12,,,0,15,,92636,12,,,0,15,,92665,12,,,0,15,,92688,12,,,0,55,,92646,12,,,0,15,,92674,12,,,0,15,,92647,12,,,0,16,,92676,12,,,0,55,,92651,12,,,0,16,,92660,12,,,0,15,,92650,12,,,0,17,,92667,12,,,0,58,,92690,12,,,0,20,,92680,12,,,0,18,,92682,12,,,0,60,,92648,12,,,0,20,,92659,12,,,0,20,,92666,12,,,0,61,,92692,12,,,0,30,,92681,12,,,0,70,,92658,12,,,0,31,,92657,12,,,0,72,,92689,12,,,0,43,,92679,12,,,0
