4700,'5456',640,,98600,38,,,0,62,,98598,38,,,0,24,,98599,38,,,0
4700,'5458',640,,98603,38,,,0,62,,98601,38,,,0,24,,98602,38,,,0
4901,'4832',846,,84979,23,,,0,211,,84978,23,,,0,202,,72946,23,,,0,248,,72947,23,,,0,210,,72948,23,,,0,193,,84980,23,,,0
4901,'5453',846,,80773,23,,,0,211,,80772,23,,,0,202,,80774,23,,,0,248,,80775,23,,,0,210,,80776,23,,,0,193,,84981,23,,,0
4901,'5456',643,,98683,23,,,0,111,,98682,23,,,0,99,,98681,23,,,0,171,,98680,23,,,0,200,,98679,23,,,0,126,,98684,23,,,0,185,,98686,23,,,0,104,,98687,23,,,0,93,,98689,23,,,0,106,,98685,23,,,0,193,,98688,23,,,0
4901,'5458',643,,98694,23,,,0,111,,98693,23,,,0,99,,98692,23,,,0,171,,98691,23,,,0,200,,98690,23,,,0,126,,98695,23,,,0,185,,98697,23,,,0,104,,98698,23,,,0,93,,98700,23,,,0,106,,98696,23,,,0,193,,98699,23,,,0
4901,'5459',641,,98705,23,,,0,205,,98706,23,,,0,212,,98707,23,,,0,242,,98702,23,,,0,210,,98703,23,,,0,208,,98704,23,,,0,194,,98701,23,,,0
4901,'5460',846,,98709,23,,,0,211,,98708,23,,,0,202,,98710,23,,,0,248,,98711,23,,,0,210,,98712,23,,,0,193,,98713,23,,,0
4901,'5461',846,,98715,23,,,0,211,,98714,23,,,0,202,,98716,23,,,0,248,,98717,23,,,0,210,,98718,23,,,0,193,,98719,23,,,0
4901,'5462',846,,98721,23,,,0,211,,98720,23,,,0,202,,98722,23,,,0,248,,98723,23,,,0,210,,98724,23,,,0,193,,98725,23,,,0
4901,'5463',846,,98727,23,,,0,211,,98726,23,,,0,202,,98728,23,,,0,248,,98729,23,,,0,210,,98730,23,,,0,193,,98731,23,,,0
5200,'4832',659,,85078,10,,,0,72,,85060,10,,,0,80,,85063,10,,,0,30,,85077,10,,,0,72,,85071,10,,,0,31,,85059,10,,,0,70,,85062,10,,,0,31,,85073,10,,,0,71,,85067,10,,,0,30,,85058,10,,,0,73,,85061,10,,,0,30,,85076,10,,,0,71,,85069,10,,,0,38,,85057,10,,,0,69,,85065,10,,,0,74,,85075,10,,,0,35,,85068,10,,,0,73,,85084,10,,,0,29,,85064,10,,,0,70,,85074,10,,,0,29,,85070,10,,,0,70,,85072,10,,,0,29,,85066,10,,,0,70,,85080,10,,,0,39,,85079,10,,,0,100,,85081,10,,,0,99,,85083,10,,,0,108,,85082,10,,,0
5200,'5453',659,,85106,10,,,0,72,,85088,10,,,0,80,,85091,10,,,0,30,,85105,10,,,0,72,,85099,10,,,0,31,,85087,10,,,0,70,,85090,10,,,0,31,,85101,10,,,0,71,,85095,10,,,0,30,,85086,10,,,0,73,,85089,10,,,0,30,,85104,10,,,0,71,,85097,10,,,0,38,,85085,10,,,0,69,,85093,10,,,0,74,,85103,10,,,0,35,,85096,10,,,0,73,,85112,10,,,0,29,,85092,10,,,0,70,,85102,10,,,0,29,,85098,10,,,0,70,,85100,10,,,0,29,,85094,10,,,0,70,,85108,10,,,0,39,,85107,10,,,0,100,,85109,10,,,0,99,,85111,10,,,0,108,,85110,10,,,0
5200,'5456',457,,98732,10,,,0,70,,98736,10,,,0,30,,98734,10,,,0,59,,98745,10,,,0,19,,98733,10,,,0,23,,98762,10,,,0,67,,98735,10,,,0,23,,98763,10,,,0,10,,98737,10,,,0,56,,98764,10,,,0,10,,98744,10,,,0,30,,98738,10,,,0,73,,98758,10,,,0,25,,98739,10,,,0,70,,98740,10,,,0,35,,98741,10,,,0,70,,98759,10,,,0,31,,98742,10,,,0,70,,98743,10,,,0,76,,98746,10,,,0,34,,98760,10,,,0,73,,98747,10,,,0,30,,98748,10,,,0,72,,98765,10,,,0,30,,98749,10,,,0,70,,98761,10,,,0,30,,98750,10,,,0,70,,98751,10,,,0,34,,98766,10,,,0,70,,98752,10,,,0,35,,98753,10,,,0,70,,98754,10,,,0,29,,98767,10,,,0,67,,98755,10,,,0,33,,98756,10,,,0,96,,98769,10,,,0,100,,98757,10,,,0,104,,98768,10,,,0
5200,'5458',457,,98771,10,,,0,70,,98775,10,,,0,30,,98773,10,,,0,59,,98784,10,,,0,19,,98772,10,,,0,23,,98801,10,,,0,67,,98774,10,,,0,23,,98802,10,,,0,10,,98776,10,,,0,56,,98803,10,,,0,10,,98783,10,,,0,30,,98777,10,,,0,73,,98797,10,,,0,25,,98778,10,,,0,70,,98779,10,,,0,35,,98780,10,,,0,70,,98798,10,,,0,31,,98781,10,,,0,70,,98782,10,,,0,76,,98785,10,,,0,34,,98799,10,,,0,73,,98786,10,,,0,30,,98787,10,,,0,72,,98804,10,,,0,30,,98788,10,,,0,70,,98800,10,,,0,30,,98789,10,,,0,70,,98790,10,,,0,34,,98805,10,,,0,70,,98791,10,,,0,35,,98792,10,,,0,70,,98793,10,,,0,29,,98806,10,,,0,67,,98794,10,,,0,33,,98795,10,,,0,96,,98808,10,,,0,100,,98796,10,,,0,104,,98807,10,,,0
5200,'5459',629,,98827,10,,,0,30,,98826,10,,,0,81,,98821,10,,,0,73,,98829,10,,,0,30,,98824,10,,,0,72,,98810,10,,,0,30,,98817,10,,,0,70,,98836,10,,,0,30,,98815,10,,,0,74,,98812,10,,,0,32,,98818,10,,,0,72,,98838,10,,,0,35,,98813,10,,,0,73,,98811,10,,,0,76,,98820,10,,,0,26,,98837,10,,,0,74,,98816,10,,,0,32,,98823,10,,,0,75,,98819,10,,,0,29,,98834,10,,,0,70,,98814,10,,,0,30,,98825,10,,,0,62,,98831,10,,,0,25,,98822,10,,,0,24,,98830,10,,,0,65,,98833,10,,,0,29,,98832,10,,,0,68,,98828,10,,,0,31,,98835,10,,,0,100,,98839,10,,,0,94,,98840,10,,,0,110,,98841,10,,,0
5200,'5460',659,,98863,10,,,0,72,,98845,10,,,0,80,,98848,10,,,0,30,,98862,10,,,0,72,,98856,10,,,0,31,,98844,10,,,0,70,,98847,10,,,0,31,,98858,10,,,0,71,,98852,10,,,0,30,,98843,10,,,0,73,,98846,10,,,0,30,,98861,10,,,0,71,,98854,10,,,0,38,,98842,10,,,0,69,,98850,10,,,0,74,,98860,10,,,0,35,,98853,10,,,0,73,,98869,10,,,0,29,,98849,10,,,0,70,,98859,10,,,0,29,,98855,10,,,0,70,,98857,10,,,0,29,,98851,10,,,0,70,,98865,10,,,0,39,,98864,10,,,0,100,,98866,10,,,0,99,,98868,10,,,0,108,,98867,10,,,0
5200,'5461',659,,98891,10,,,0,72,,98873,10,,,0,80,,98876,10,,,0,30,,98890,10,,,0,72,,98884,10,,,0,31,,98872,10,,,0,70,,98875,10,,,0,31,,98886,10,,,0,71,,98880,10,,,0,30,,98871,10,,,0,73,,98874,10,,,0,30,,98889,10,,,0,71,,98882,10,,,0,38,,98870,10,,,0,69,,98878,10,,,0,74,,98888,10,,,0,35,,98881,10,,,0,73,,98897,10,,,0,29,,98877,10,,,0,70,,98887,10,,,0,29,,98883,10,,,0,70,,98885,10,,,0,29,,98879,10,,,0,70,,98893,10,,,0,39,,98892,10,,,0,100,,98894,10,,,0,99,,98896,10,,,0,108,,98895,10,,,0
5200,'5462',659,,98919,10,,,0,72,,98901,10,,,0,80,,98904,10,,,0,30,,98918,10,,,0,72,,98912,10,,,0,31,,98900,10,,,0,70,,98903,10,,,0,31,,98914,10,,,0,71,,98908,10,,,0,30,,98899,10,,,0,73,,98902,10,,,0,30,,98917,10,,,0,71,,98910,10,,,0,38,,98898,10,,,0,69,,98906,10,,,0,74,,98916,10,,,0,35,,98909,10,,,0,73,,98925,10,,,0,29,,98905,10,,,0,70,,98915,10,,,0,29,,98911,10,,,0,70,,98913,10,,,0,29,,98907,10,,,0,70,,98921,10,,,0,39,,98920,10,,,0,100,,98922,10,,,0,99,,98924,10,,,0,108,,98923,10,,,0
5200,'5463',659,,98947,10,,,0,72,,98929,10,,,0,80,,98932,10,,,0,30,,98946,10,,,0,72,,98940,10,,,0,31,,98928,10,,,0,70,,98931,10,,,0,31,,98942,10,,,0,71,,98936,10,,,0,30,,98927,10,,,0,73,,98930,10,,,0,30,,98945,10,,,0,71,,98938,10,,,0,38,,98926,10,,,0,69,,98934,10,,,0,74,,98944,10,,,0,35,,98937,10,,,0,73,,98953,10,,,0,29,,98933,10,,,0,70,,98943,10,,,0,29,,98939,10,,,0,70,,98941,10,,,0,29,,98935,10,,,0,70,,98949,10,,,0,39,,98948,10,,,0,100,,98950,10,,,0,99,,98952,10,,,0,108,,98951,10,,,0
