100,'5456',705,,87465,2,,,0,42,,87464,2,,,0,763,,87468,4,,,0,48,,87467,2,,,0,99,,87466,2,,,0
100,'5458',705,,87470,2,,,0,42,,87469,2,,,0,763,,87473,4,,,0,48,,87472,2,,,0,99,,87471,2,,,0
701,'5456',608,,90301,3,,,0,29,,90316,3,,,0,64,,90303,3,,,0,15,,90330,3,,,0,16,,90302,3,,,0,9,,90343,3,,,0,6,,90338,3,,,0,10,,90344,3,,,0,47,,90324,3,,,0,10,,90345,3,,,0,8,,90305,3,,,0,16,,90327,3,,,0,17,,90317,3,,,0,55,,90336,3,,,0,20,,90306,3,,,0,20,,90307,3,,,0,60,,90340,3,,,0,19,,90323,3,,,0,20,,90304,3,,,0,60,,90328,3,,,0,21,,90334,3,,,0,20,,90308,3,,,0,60,,90309,3,,,0,25,,90342,3,,,0,20,,90325,3,,,0,60,,90311,3,,,0,21,,90329,3,,,0,19,,90335,3,,,0,61,,90310,3,,,0,22,,90312,3,,,0,62,,90346,3,,,0,20,,90339,3,,,0,19,,90318,3,,,0,14,,90313,3,,,0,64,,90348,3,,,0,19,,90326,3,,,0,17,,90331,3,,,0,60,,90314,3,,,0,14,,90315,3,,,0,16,,90347,3,,,0,59,,90337,3,,,0,19,,90320,3,,,0,18,,90321,3,,,0,70,,90332,3,,,0,30,,90319,3,,,0,70,,90341,3,,,0,30,,90322,3,,,0,70,,90333,3,,,0
701,'5458',608,,90349,3,,,0,29,,90364,3,,,0,64,,90351,3,,,0,15,,90378,3,,,0,16,,90350,3,,,0,9,,90391,3,,,0,6,,90386,3,,,0,10,,90392,3,,,0,47,,90372,3,,,0,10,,90393,3,,,0,8,,90353,3,,,0,16,,90375,3,,,0,17,,90365,3,,,0,55,,90384,3,,,0,20,,90354,3,,,0,20,,90355,3,,,0,60,,90388,3,,,0,19,,90371,3,,,0,20,,90352,3,,,0,60,,90376,3,,,0,21,,90382,3,,,0,20,,90356,3,,,0,60,,90357,3,,,0,25,,90390,3,,,0,20,,90373,3,,,0,60,,90359,3,,,0,21,,90377,3,,,0,19,,90383,3,,,0,61,,90358,3,,,0,22,,90360,3,,,0,62,,90394,3,,,0,20,,90387,3,,,0,19,,90366,3,,,0,14,,90361,3,,,0,64,,90396,3,,,0,19,,90374,3,,,0,17,,90379,3,,,0,60,,90362,3,,,0,14,,90363,3,,,0,16,,90395,3,,,0,59,,90385,3,,,0,19,,90368,3,,,0,18,,90369,3,,,0,70,,90380,3,,,0,30,,90367,3,,,0,70,,90389,3,,,0,30,,90370,3,,,0,70,,90381,3,,,0
701,'5459',659,,90424,3,,,0,70,,90408,3,,,0,71,,90417,3,,,0,31,,90401,3,,,0,70,,90425,3,,,0,29,,90409,3,,,0,71,,90418,3,,,0,27,,90397,3,,,0,30,,90399,3,,,0,69,,90419,3,,,0,31,,90405,3,,,0,69,,90412,3,,,0,28,,90398,3,,,0,70,,90400,3,,,0,30,,90420,3,,,0,70,,90404,3,,,0,30,,90413,3,,,0,71,,90402,3,,,0,30,,90403,3,,,0,73,,90421,3,,,0,30,,90406,3,,,0,69,,90415,3,,,0,31,,90407,3,,,0,70,,90410,3,,,0,29,,90422,3,,,0,70,,90411,3,,,0,76,,90416,3,,,0,36,,90414,3,,,0,68,,90423,3,,,0
701,'5460',707,,90438,3,,,0,40,,90427,3,,,0,80,,90439,3,,,0,76,,90440,3,,,0,25,,90426,3,,,0,28,,90428,3,,,0,71,,90441,3,,,0,29,,90429,3,,,0,70,,90444,3,,,0,29,,90430,3,,,0,71,,90431,3,,,0,30,,90443,3,,,0,68,,90442,3,,,0,30,,90445,3,,,0,70,,90446,3,,,0,29,,90433,3,,,0,71,,90434,3,,,0,32,,90436,3,,,0,72,,90435,3,,,0,29,,90432,3,,,0,71,,90437,3,,,0,29,,90447,3,,,0,72,,90448,3,,,0,75,,90449,3,,,0,34,,90451,3,,,0,70,,90450,3,,,0
701,'5461',707,,90464,3,,,0,40,,90453,3,,,0,80,,90465,3,,,0,76,,90466,3,,,0,25,,90452,3,,,0,28,,90454,3,,,0,71,,90467,3,,,0,29,,90455,3,,,0,70,,90470,3,,,0,29,,90456,3,,,0,71,,90457,3,,,0,30,,90469,3,,,0,68,,90468,3,,,0,30,,90471,3,,,0,70,,90472,3,,,0,29,,90459,3,,,0,71,,90460,3,,,0,32,,90462,3,,,0,72,,90461,3,,,0,29,,90458,3,,,0,71,,90463,3,,,0,29,,90473,3,,,0,72,,90474,3,,,0,75,,90475,3,,,0,34,,90477,3,,,0,70,,90476,3,,,0
701,'5462',707,,90490,3,,,0,40,,90479,3,,,0,80,,90491,3,,,0,76,,90492,3,,,0,25,,90478,3,,,0,28,,90480,3,,,0,71,,90493,3,,,0,29,,90481,3,,,0,70,,90496,3,,,0,29,,90482,3,,,0,71,,90483,3,,,0,30,,90495,3,,,0,68,,90494,3,,,0,30,,90497,3,,,0,70,,90498,3,,,0,29,,90485,3,,,0,71,,90486,3,,,0,32,,90488,3,,,0,72,,90487,3,,,0,29,,90484,3,,,0,71,,90489,3,,,0,29,,90499,3,,,0,72,,90500,3,,,0,75,,90501,3,,,0,34,,90503,3,,,0,70,,90502,3,,,0
701,'5463',707,,90516,3,,,0,40,,90505,3,,,0,80,,90517,3,,,0,76,,90518,3,,,0,25,,90504,3,,,0,28,,90506,3,,,0,71,,90519,3,,,0,29,,90507,3,,,0,70,,90522,3,,,0,29,,90508,3,,,0,71,,90509,3,,,0,30,,90521,3,,,0,68,,90520,3,,,0,30,,90523,3,,,0,70,,90524,3,,,0,29,,90511,3,,,0,71,,90512,3,,,0,32,,90514,3,,,0,72,,90513,3,,,0,29,,90510,3,,,0,71,,90515,3,,,0,29,,90525,3,,,0,72,,90526,3,,,0,75,,90527,3,,,0,34,,90529,3,,,0,70,,90528,3,,,0
14000701,'5456',2137,,103974,3,,,0,72,,103978,3,,,0,29,,103973,3,,,0,70,,103976,3,,,0,36,,103975,3,,,0,68,,103977,3,,,0
14000701,'5458',2137,,103980,3,,,0,72,,103984,3,,,0,29,,103979,3,,,0,70,,103982,3,,,0,36,,103981,3,,,0,68,,103983,3,,,0
14000701,'5459',2138,,103985,3,,,0,72,,103986,3,,,0,30,,103988,3,,,0,69,,103987,3,,,0,36,,103989,3,,,0,67,,103990,3,,,0
14000701,'5460',2037,,103991,3,,,0,70,,103993,3,,,0,40,,103992,3,,,0,62,,103994,3,,,0,100,,103995,3,,,0,103,,103996,3,,,0
14000701,'5461',2037,,103997,3,,,0,70,,103999,3,,,0,40,,103998,3,,,0,62,,104000,3,,,0,100,,104001,3,,,0,103,,104002,3,,,0
14000701,'5462',2037,,104003,3,,,0,70,,104005,3,,,0,40,,104004,3,,,0,62,,104006,3,,,0,100,,104007,3,,,0,103,,104008,3,,,0
14000701,'5463',2037,,104009,3,,,0,70,,104011,3,,,0,40,,104010,3,,,0,62,,104012,3,,,0,100,,104013,3,,,0,103,,104014,3,,,0
