6100,'4832',647,,74518,21,0,30 14,0,104,,74519,21,0,30 14,0,83,,74520,21,0,30 14,0,96,,74521,21,0,30 14,0,82,,74522,21,0,30 14,0,46,,74523,21,0,30 14,0,97,,74524,21,0,30 14,0,82,,74525,21,0,30 14,0,101,,74526,21,0,30 14,0,94,,74527,21,0,30 14,0,103,,74528,21,0,30 14,0,79,,74529,21,0,30 14,0,102,,74530,21,0,30 14,0,86,,74531,21,0,30 14,0,103,,74532,21,0,30 14,0,46,,74533,21,0,30 14,0,86,,74534,21,0,30 14,0,101,,74535,21,0,30 14,0,93,,74536,21,0,30 14,0,101,,74537,21,0,30 14,0,75,,74538,21,0,30,0
6100,'5453',647,,81016,21,0,30 14,0,104,,81017,21,0,30 14,0,83,,81018,21,0,30 14,0,96,,81019,21,0,30 14,0,82,,81020,21,0,30 14,0,46,,81021,21,0,30 14,0,97,,81022,21,0,30 14,0,82,,81023,21,0,30 14,0,101,,81024,21,0,30 14,0,94,,81025,21,0,30 14,0,103,,81026,21,0,30 14,0,79,,81027,21,0,30 14,0,102,,81028,21,0,30 14,0,86,,81029,21,0,30 14,0,103,,81030,21,0,30 14,0,46,,81031,21,0,30 14,0,86,,81032,21,0,30 14,0,101,,81033,21,0,30 14,0,93,,81034,21,0,30 14,0,101,,81035,21,0,30 14,0,75,,81036,21,0,30,0
6100,'5456',530,,100420,39,,,0,77,,100418,39,,,0,12,,100419,39,,,0,21,,100412,39,,,0,60,,100411,39,,,0,20,,100406,39,,,0,19,,100405,39,,,0,68,,100404,39,,,0,19,,100424,21,0,30 14,0,80,,100417,21,0,30 14,0,36,,100413,21,0,30 14,0,64,,100422,21,0,30 14,0,36,,100407,21,0,30 14,0,88,,100414,21,0,30 14,0,76,,100421,21,0,30 14,0,35,,100408,21,0,30 14,0,74,,100415,21,0,30 14,0,39,,100423,21,0,30 14,0,70,,100409,21,0,30 14,0,79,,100416,21,0,30 14,0,33,,100403,21,0,30 14,0,67,,100425,21,0,30 14,0,15,,100402,21,0,30 14,0,26,,100401,21,0,30 14,0,79,,100398,21,0,30 14,0,30,,100410,21,0,30 14,0,65,,100400,21,0,30 14,0,28,,100393,21,0,30 14,0,72,,100392,21,0,30 14,0,31,,100399,21,0,30 14,0,70,,100394,21,0,30 14,0,95,,100389,21,0,30 14,0,41,,100395,21,0,30 14,0,104,,100390,21,0,30 14,0,73,,100396,21,0,30 14,0,100,,100391,21,0,30 14,0,75,,100397,21,0,30 14,0
6100,'5458',530,,100459,39,,,0,77,,100457,39,,,0,12,,100458,39,,,0,21,,100451,39,,,0,60,,100450,39,,,0,20,,100445,39,,,0,19,,100444,39,,,0,68,,100443,39,,,0,19,,100463,21,0,30 14,0,80,,100456,21,0,30 14,0,36,,100452,21,0,30 14,0,64,,100461,21,0,30 14,0,36,,100446,21,0,30 14,0,88,,100453,21,0,30 14,0,76,,100460,21,0,30 14,0,35,,100447,21,0,30 14,0,74,,100454,21,0,30 14,0,39,,100462,21,0,30 14,0,70,,100448,21,0,30 14,0,27,,100442,21,0,30 14,0,52,,100455,21,0,30 14,0,33,,100441,21,0,30 14,0,82,,100440,21,0,30 14,0,26,,100439,21,0,30 14,0,79,,100436,21,0,30 14,0,30,,100449,21,0,30 14,0,65,,100438,21,0,30 14,0,28,,100431,21,0,30 14,0,72,,100430,21,0,30 14,0,31,,100437,21,0,30 14,0,70,,100432,21,0,30 14,0,95,,100427,21,0,30 14,0,41,,100433,21,0,30 14,0,104,,100428,21,0,30 14,0,73,,100434,21,0,30 14,0,100,,100429,21,0,30 14,0,75,,100435,21,0,30 14,0,100,,100426,21,0,30,0
6100,'5459',643,,100465,21,0,30 14,0,99,,100466,21,0,30 14,0,82,,100464,21,0,30 14,0,98,,100467,21,0,30 14,0,95,,100468,21,0,30 14,0,42,,100469,21,0,30 14,0,75,,100470,21,0,30 14,0,87,,100471,21,0,30 14,0,35,,100472,21,0,30 14,0,75,,100473,21,0,30 14,0,76,,100474,21,0,30 14,0,37,,100475,21,0,30 14,0,77,,100476,21,0,30 14,0,37,,100477,21,0,30 14,0,66,,100478,21,0,30 14,0,78,,100479,21,0,30 14,0,41,,100480,21,0,30 14,0,72,,100481,21,0,30 14,0,31,,100482,21,0,30 14,0,71,,100483,21,0,30 14,0,33,,100484,21,0,30 14,0,83,,100485,21,0,30 14,0,81,,100486,21,0,30 14,0,41,,100487,21,0,30 14,0,103,,100488,21,0,30 14,0,73,,100489,21,0,30 14,0,100,,100490,21,0,30 14,0,78,,100491,21,0,30,0,100,,100492,21,0,30,0
6100,'5460',647,,100493,21,0,30 14,0,104,,100494,21,0,30 14,0,83,,100495,21,0,30 14,0,96,,100496,21,0,30 14,0,82,,100497,21,0,30 14,0,46,,100498,21,0,30 14,0,97,,100499,21,0,30 14,0,82,,100500,21,0,30 14,0,101,,100501,21,0,30 14,0,94,,100502,21,0,30 14,0,103,,100503,21,0,30 14,0,79,,100504,21,0,30 14,0,102,,100505,21,0,30 14,0,86,,100506,21,0,30 14,0,103,,100507,21,0,30 14,0,46,,100508,21,0,30 14,0,86,,100509,21,0,30 14,0,101,,100510,21,0,30 14,0,93,,100511,21,0,30 14,0,101,,100512,21,0,30 14,0,75,,100513,21,0,30,0
6100,'5461',647,,100514,21,0,30 14,0,104,,100515,21,0,30 14,0,83,,100516,21,0,30 14,0,96,,100517,21,0,30 14,0,82,,100518,21,0,30 14,0,46,,100519,21,0,30 14,0,97,,100520,21,0,30 14,0,82,,100521,21,0,30 14,0,101,,100522,21,0,30 14,0,94,,100523,21,0,30 14,0,103,,100524,21,0,30 14,0,79,,100525,21,0,30 14,0,102,,100526,21,0,30 14,0,86,,100527,21,0,30 14,0,103,,100528,21,0,30 14,0,46,,100529,21,0,30 14,0,86,,100530,21,0,30 14,0,101,,100531,21,0,30 14,0,93,,100532,21,0,30 14,0,101,,100533,21,0,30 14,0,75,,100534,21,0,30,0
6100,'5462',647,,100535,21,0,30 14,0,104,,100536,21,0,30 14,0,83,,100537,21,0,30 14,0,96,,100538,21,0,30 14,0,82,,100539,21,0,30 14,0,46,,100540,21,0,30 14,0,97,,100541,21,0,30 14,0,82,,100542,21,0,30 14,0,101,,100543,21,0,30 14,0,94,,100544,21,0,30 14,0,103,,100545,21,0,30 14,0,79,,100546,21,0,30 14,0,102,,100547,21,0,30 14,0,86,,100548,21,0,30 14,0,103,,100549,21,0,30 14,0,46,,100550,21,0,30 14,0,86,,100551,21,0,30 14,0,101,,100552,21,0,30 14,0,93,,100553,21,0,30 14,0,101,,100554,21,0,30 14,0,75,,100555,21,0,30,0
6100,'5463',647,,100556,21,0,30 14,0,104,,100557,21,0,30 14,0,83,,100558,21,0,30 14,0,96,,100559,21,0,30 14,0,82,,100560,21,0,30 14,0,46,,100561,21,0,30 14,0,97,,100562,21,0,30 14,0,82,,100563,21,0,30 14,0,101,,100564,21,0,30 14,0,94,,100565,21,0,30 14,0,103,,100566,21,0,30 14,0,79,,100567,21,0,30 14,0,102,,100568,21,0,30 14,0,86,,100569,21,0,30 14,0,103,,100570,21,0,30 14,0,46,,100571,21,0,30 14,0,86,,100572,21,0,30 14,0,101,,100573,21,0,30 14,0,93,,100574,21,0,30 14,0,101,,100575,21,0,30 14,0,75,,100576,21,0,30,0
6500,'5456',551,,100802,30,,,0,94,,100801,30,,,0,61,,100800,30,,,0,43,,100799,30,,,0
6500,'5458',551,,100806,30,,,0,94,,100805,30,,,0,61,,100804,30,,,0,43,,100803,30,,,0
