801,'4832',956,,66095,35,0,8 9,0,86,,66096,35,0,8 9,0,91,,66097,35,0,8 9,0,89,,66098,35,0,8 9,0,90,,66094,35,0,8 9,0,93,,66099,35,0,8 9,0,50,,66100,35,0,8 9,0,92,,66101,35,0,8 9,0,89,,66102,35,0,8 9,0,90,,66103,35,0,8 9,0,85,,66104,35,0,8 9,0
801,'5453',956,,78749,35,0,8 9,0,86,,78750,35,0,8 9,0,91,,78751,35,0,8 9,0,89,,78752,35,0,8 9,0,90,,78748,35,0,8 9,0,93,,78753,35,0,8 9,0,50,,78754,35,0,8 9,0,92,,78755,35,0,8 9,0,89,,78756,35,0,8 9,0,90,,78757,35,0,8 9,0,85,,78758,35,0,8 9,0
801,'5456',706,,90641,35,,,0,18,,90665,25,,,0,18,,90642,35,,,0,65,,90645,35,,,0,27,,90643,35,,,0,75,,90646,35,,,0,44,,90644,35,,,0,84,,90647,35,,,0,73,,90649,35,,,0,42,,90648,35,,,0,86,,90651,35,,,0,79,,90650,35,,,0,85,,90654,35,,,0,51,,90652,35,,,0,69,,90666,35,0,8 9,0,17,,90653,35,,,0,73,,90656,35,,,0,33,,90655,35,,,0,74,,90658,35,,,0,38,,90657,35,,,0,69,,90660,35,,,0,30,,90659,35,,,0,74,,90661,35,,,0,85,,90662,35,,,0,97,,90663,35,,,0,44,,90664,35,,,0
801,'5458',706,,90667,35,,,0,18,,90691,25,,,0,18,,90668,35,,,0,65,,90671,35,,,0,27,,90669,35,,,0,75,,90672,35,,,0,44,,90670,35,,,0,84,,90673,35,,,0,73,,90675,35,,,0,42,,90674,35,,,0,86,,90677,35,,,0,79,,90676,35,,,0,85,,90680,35,,,0,51,,90678,35,,,0,69,,90692,35,0,8 9,0,17,,90679,35,,,0,73,,90682,35,,,0,33,,90681,35,,,0,74,,90684,35,,,0,38,,90683,35,,,0,69,,90686,35,,,0,30,,90685,35,,,0,74,,90687,35,,,0,85,,90688,35,,,0,97,,90689,35,,,0,44,,90690,35,,,0
801,'5459',738,,90694,35,0,8 9,0,85,,90695,35,0,8 9,0,86,,90696,35,0,8 9,0,48,,90697,35,0,8 9,0,85,,90698,35,0,8 9,0,93,,90699,35,0,8 9,0,89,,90700,35,0,8 9,0,91,,90701,35,0,8 9,0,92,,90693,35,0,8 9,0,50,,90702,35,0,8 9,0,92,,90703,35,0,8 9,0,90,,90704,35,0,8 9,0,88,,90705,35,0,8 9,0,86,,90706,35,0,8 9,0,42,,90707,35,0,8 9,0
801,'5460',956,,90709,35,0,8 9,0,86,,90710,35,0,8 9,0,91,,90711,35,0,8 9,0,89,,90712,35,0,8 9,0,90,,90708,35,0,8 9,0,93,,90713,35,0,8 9,0,50,,90714,35,0,8 9,0,92,,90715,35,0,8 9,0,89,,90716,35,0,8 9,0,90,,90717,35,0,8 9,0,85,,90718,35,0,8 9,0
801,'5461',956,,90720,35,0,8 9,0,86,,90721,35,0,8 9,0,91,,90722,35,0,8 9,0,89,,90723,35,0,8 9,0,90,,90719,35,0,8 9,0,93,,90724,35,0,8 9,0,50,,90725,35,0,8 9,0,92,,90726,35,0,8 9,0,89,,90727,35,0,8 9,0,90,,90728,35,0,8 9,0,85,,90729,35,0,8 9,0
801,'5462',956,,90731,35,0,8 9,0,86,,90732,35,0,8 9,0,91,,90733,35,0,8 9,0,89,,90734,35,0,8 9,0,90,,90730,35,0,8 9,0,93,,90735,35,0,8 9,0,50,,90736,35,0,8 9,0,92,,90737,35,0,8 9,0,89,,90738,35,0,8 9,0,90,,90739,35,0,8 9,0,85,,90740,35,0,8 9,0
801,'5463',956,,90742,35,0,8 9,0,86,,90743,35,0,8 9,0,91,,90744,35,0,8 9,0,89,,90745,35,0,8 9,0,90,,90741,35,0,8 9,0,93,,90746,35,0,8 9,0,50,,90747,35,0,8 9,0,92,,90748,35,0,8 9,0,89,,90749,35,0,8 9,0,90,,90750,35,0,8 9,0,85,,90751,35,0,8 9,0
901,'5456',1708,,90767,24,,,0,41,,90768,24,,,0
901,'5458',1708,,90775,24,,,0,41,,90776,24,,,0
1101,'4832',729,,82652,50,,,0,85,,82656,50,,,0,86,,66724,50,,,0,46,,82653,50,,,0,76,,82654,50,,,0,32,,82655,50,,,0,71,,82657,50,,,0,30,,82658,50,,,0,68,,82659,50,,,0,30,,82660,50,,,0,71,,82662,50,,,0,27,,82664,50,,,0,70,,82663,50,,,0,30,,82661,50,,,0,71,,82665,50,,,0,30,,82666,50,,,0,69,,82667,50,,,0,30,,82668,50,,,0,70,,82670,50,,,0,29,,82669,50,,,0,70,,82672,50,,,0,29,,82671,50,,,0,70,,82674,50,,,0,35,,82673,50,,,0,83,,82675,50,,,0,80,,82676,50,,,0,84,,82677,50,,,0,43,,82678,50,,,0,78,,82679,50,,,0,78,,82680,50,,,0
1101,'5453',729,,78847,50,,,0,85,,78852,50,,,0,86,,78849,50,,,0,46,,78848,50,,,0,76,,82681,50,,,0,32,,82682,50,,,0,71,,82683,50,,,0,30,,82684,50,,,0,68,,82685,50,,,0,30,,82686,50,,,0,71,,82688,50,,,0,27,,78860,50,,,0,70,,78859,50,,,0,30,,82687,50,,,0,71,,82689,50,,,0,30,,82690,50,,,0,69,,82691,50,,,0,30,,82692,50,,,0,70,,82694,50,,,0,29,,82693,50,,,0,70,,82696,50,,,0,29,,82695,50,,,0,70,,82698,50,,,0,35,,82697,50,,,0,83,,82699,50,,,0,80,,82700,50,,,0,84,,82701,50,,,0,43,,82702,50,,,0,78,,82703,50,,,0,78,,82704,50,,,0
1101,'5456',612,,91248,50,,,0,32,,91249,50,,,0,61,,91257,50,,,0,23,,91251,50,,,0,21,,91267,50,,,0,60,,91255,50,,,0,20,,91250,50,,,0,20,,91263,50,,,0,60,,91252,50,,,0,18,,91258,50,,,0,19,,91273,50,,,0,61,,91253,50,,,0,25,,91254,50,,,0,26,,91256,50,,,0,65,,91265,50,,,0,26,,91259,50,,,0,65,,91272,50,,,0,25,,91261,50,,,0,65,,91260,50,,,0,26,,91262,50,,,0,25,,91264,50,,,0,67,,91266,50,,,0,25,,91274,50,,,0,59,,91291,50,,,0,18,,91268,50,,,0,20,,91269,50,,,0,56,,91277,50,,,0,17,,91270,50,,,0,17,,91271,50,,,0,20,,91295,50,,,0,58,,91276,50,,,0,19,,91275,50,,,0,18,,91292,50,,,0,60,,91278,50,,,0,21,,91280,50,,,0,23,,91281,50,,,0,54,,91279,50,,,0,17,,91294,50,,,0,20,,91282,50,,,0,70,,91290,50,,,0,34,,91283,50,,,0,70,,91284,50,,,0,34,,91286,50,,,0,69,,91289,50,,,0,35,,91285,50,,,0,67,,91287,50,,,0,28,,91288,50,,,0,85,,91293,50,,,0
1101,'5458',612,,91296,50,,,0,32,,91297,50,,,0,61,,91305,50,,,0,23,,91299,50,,,0,21,,91315,50,,,0,60,,91303,50,,,0,20,,91298,50,,,0,20,,91311,50,,,0,60,,91300,50,,,0,18,,91306,50,,,0,19,,91321,50,,,0,61,,91301,50,,,0,25,,91302,50,,,0,26,,91304,50,,,0,65,,91313,50,,,0,26,,91307,50,,,0,65,,91320,50,,,0,25,,91309,50,,,0,65,,91308,50,,,0,26,,91310,50,,,0,25,,91312,50,,,0,67,,91314,50,,,0,25,,91322,50,,,0,59,,91339,50,,,0,18,,91316,50,,,0,20,,91317,50,,,0,56,,91325,50,,,0,17,,91318,50,,,0,17,,91319,50,,,0,20,,91343,50,,,0,58,,91324,50,,,0,19,,91323,50,,,0,18,,91340,50,,,0,60,,91326,50,,,0,21,,91328,50,,,0,23,,91329,50,,,0,54,,91327,50,,,0,17,,91342,50,,,0,20,,91330,50,,,0,70,,91338,50,,,0,34,,91331,50,,,0,70,,91332,50,,,0,34,,91334,50,,,0,69,,91337,50,,,0,35,,91333,50,,,0,67,,91335,50,,,0,28,,91336,50,,,0,85,,91341,50,,,0
1101,'5459',709,,91357,50,,,0,36,,91345,50,,,0,75,,91350,50,,,0,30,,91375,50,,,0,78,,91358,50,,,0,30,,91344,50,,,0,70,,91353,50,,,0,72,,91369,50,,,0,25,,91347,50,,,0,20,,91371,50,,,0,66,,91359,50,,,0,25,,91346,50,,,0,66,,91351,50,,,0,25,,91368,50,,,0,25,,91348,50,,,0,66,,91366,50,,,0,25,,91356,50,,,0,65,,91349,50,,,0,25,,91355,50,,,0,25,,91377,50,,,0,65,,91352,50,,,0,24,,91370,50,,,0,65,,91360,50,,,0,25,,91354,50,,,0,65,,91376,50,,,0,24,,91367,50,,,0,24,,91373,50,,,0,65,,91374,50,,,0,22,,91361,50,,,0,65,,91372,50,,,0,25,,91365,50,,,0,25,,91364,50,,,0,65,,91362,50,,,0,35,,91363,50,,,0,70,,91380,50,,,0,29,,91378,50,,,0,72,,91379,50,,,0,28,,91381,50,,,0,85,,91382,50,,,0
1101,'5460',729,,91383,50,,,0,85,,91388,50,,,0,86,,91385,50,,,0,46,,91384,50,,,0,76,,91386,50,,,0,32,,91387,50,,,0,71,,91389,50,,,0,30,,91390,50,,,0,68,,91391,50,,,0,30,,91392,50,,,0,71,,91394,50,,,0,27,,91396,50,,,0,70,,91395,50,,,0,30,,91393,50,,,0,71,,91397,50,,,0,30,,91398,50,,,0,69,,91399,50,,,0,30,,91400,50,,,0,70,,91402,50,,,0,29,,91401,50,,,0,70,,91404,50,,,0,29,,91403,50,,,0,70,,91406,50,,,0,35,,91405,50,,,0,83,,91407,50,,,0,80,,91408,50,,,0,84,,91409,50,,,0,43,,91410,50,,,0,78,,91411,50,,,0,86,,91412,50,,,0
1101,'5461',729,,91413,50,,,0,85,,91418,50,,,0,86,,91415,50,,,0,46,,91414,50,,,0,76,,91416,50,,,0,32,,91417,50,,,0,71,,91419,50,,,0,30,,91420,50,,,0,68,,91421,50,,,0,30,,91422,50,,,0,71,,91424,50,,,0,27,,91426,50,,,0,70,,91425,50,,,0,30,,91423,50,,,0,71,,91427,50,,,0,30,,91428,50,,,0,69,,91429,50,,,0,30,,91430,50,,,0,70,,91432,50,,,0,29,,91431,50,,,0,70,,91434,50,,,0,29,,91433,50,,,0,70,,91436,50,,,0,35,,91435,50,,,0,83,,91437,50,,,0,80,,91438,50,,,0,84,,91439,50,,,0,43,,91440,50,,,0,78,,91441,50,,,0,86,,91442,50,,,0
1101,'5462',729,,91443,50,,,0,85,,91448,50,,,0,86,,91445,50,,,0,46,,91444,50,,,0,76,,91446,50,,,0,32,,91447,50,,,0,71,,91449,50,,,0,30,,91450,50,,,0,68,,91451,50,,,0,30,,91452,50,,,0,71,,91454,50,,,0,27,,91456,50,,,0,70,,91455,50,,,0,30,,91453,50,,,0,71,,91457,50,,,0,30,,91458,50,,,0,69,,91459,50,,,0,30,,91460,50,,,0,70,,91462,50,,,0,29,,91461,50,,,0,70,,91464,50,,,0,29,,91463,50,,,0,70,,91466,50,,,0,35,,91465,50,,,0,83,,91467,50,,,0,80,,91468,50,,,0,84,,91469,50,,,0,43,,91470,50,,,0,78,,91471,50,,,0,86,,91472,50,,,0
1101,'5463',729,,91473,50,,,0,85,,91478,50,,,0,86,,91475,50,,,0,46,,91474,50,,,0,76,,91476,50,,,0,32,,91477,50,,,0,71,,91479,50,,,0,30,,91480,50,,,0,68,,91481,50,,,0,30,,91482,50,,,0,71,,91484,50,,,0,27,,91486,50,,,0,70,,91485,50,,,0,30,,91483,50,,,0,71,,91487,50,,,0,30,,91488,50,,,0,69,,91489,50,,,0,30,,91490,50,,,0,70,,91492,50,,,0,29,,91491,50,,,0,70,,91494,50,,,0,29,,91493,50,,,0,70,,91496,50,,,0,35,,91495,50,,,0,83,,91497,50,,,0,80,,91498,50,,,0,84,,91499,50,,,0,43,,91500,50,,,0,78,,91501,50,,,0,86,,91502,50,,,0
