800,'5456',624,,90530,9,,,0,87,,90531,9,,,0,29,,90532,9,,,0,18,,90554,9,,,0,61,,90534,9,,,0,91,,90533,9,,,0,35,,90536,9,,,0,82,,90535,9,,,0,83,,90537,9,,,0,35,,90540,9,,,0,83,,90538,9,,,0,86,,90539,9,,,0,42,,90542,9,,,0,86,,90555,9,0,16,0,14,,90541,9,,,0,82,,90544,9,,,0,84,,90543,9,,,0,33,,90546,9,,,0,74,,90545,9,,,0,73,,90548,9,,,0,33,,90547,9,,,0,71,,90549,9,,,0,95,,90550,9,,,0,43,,90551,9,,,0,97,,90552,9,,,0,83,,90553,9,,,0
800,'5458',624,,90556,9,,,0,87,,90557,9,,,0,29,,90558,9,,,0,18,,90580,9,,,0,61,,90560,9,,,0,91,,90559,9,,,0,35,,90562,9,,,0,82,,90561,9,,,0,83,,90563,9,,,0,35,,90566,9,,,0,83,,90564,9,,,0,86,,90565,9,,,0,42,,90568,9,,,0,86,,90581,9,0,16,0,14,,90567,9,,,0,82,,90570,9,,,0,84,,90569,9,,,0,33,,90572,9,,,0,74,,90571,9,,,0,73,,90574,9,,,0,33,,90573,9,,,0,71,,90575,9,,,0,95,,90576,9,,,0,43,,90577,9,,,0,97,,90578,9,,,0,83,,90579,9,,,0
900,'5456',723,,90755,16,,,0,81,,90753,16,,,0
900,'5458',723,,90760,16,,,0,81,,90758,16,,,0
2101,'4832',649,,68845,9,,,0,80,,68835,9,,,0,80,,68846,9,,,0,36,,68844,9,,,0,65,,68832,9,,,0,27,,68834,9,,,0,70,,68847,9,,,0,29,,68833,9,,,0,70,,68848,9,,,0,29,,68837,9,,,0,70,,68836,9,,,0,30,,83467,9,,,0,68,,83464,9,,,0,29,,68850,9,,,0,70,,83468,9,,,0,30,,68852,9,,,0,71,,83466,9,,,0,32,,68841,9,,,0,73,,68842,9,,,0,29,,68843,9,,,0,71,,83465,9,,,0,30,,68853,9,,,0,72,,68854,9,,,0,35,,68855,9,,,0,105,,68856,9,,,0,101,,68857,9,,,0,103,,68858,9,,,0,100,,68859,9,,,0,103,,68860,9,,,0
2101,'5453',649,,79237,9,,,0,80,,79227,9,,,0,80,,79238,9,,,0,36,,79236,9,,,0,65,,79224,9,,,0,27,,79226,9,,,0,70,,83472,9,,,0,29,,79225,9,,,0,70,,79240,9,,,0,29,,79229,9,,,0,70,,79228,9,,,0,30,,79241,9,,,0,68,,83469,9,,,0,29,,79242,9,,,0,70,,83473,9,,,0,30,,79244,9,,,0,71,,83471,9,,,0,32,,79233,9,,,0,73,,79234,9,,,0,29,,79235,9,,,0,71,,83470,9,,,0,30,,79245,9,,,0,72,,79246,9,,,0,35,,79247,9,,,0,105,,79248,9,,,0,101,,79249,9,,,0,103,,79250,9,,,0,100,,79251,9,,,0,103,,79252,9,,,0
2101,'5456',551,,93826,9,,,0,68,,93842,9,,,0,22,,93828,9,,,0,15,,93857,9,,,0,56,,93827,13,,,0,14,,93867,13,,,0,15,,93850,13,,,0,17,,93830,13,,,0,55,,93854,13,,,0,17,,93841,13,,,0,17,,93864,13,,,0,61,,93831,13,,,0,21,,93832,9,,,0,20,,93868,13,,,0,59,,93849,9,,,0,20,,93829,13,,,0,20,,93855,9,,,0,61,,93862,13,,,0,20,,93833,9,,,0,19,,93834,13,,,0,63,,93871,9,,,0,20,,93848,13,,,0,20,,93835,9,,,0,61,,93856,13,,,0,20,,93863,9,,,0,21,,93836,13,,,0,62,,93837,9,,,0,19,,93874,13,,,0,19,,93866,13,,,0,58,,93844,13,,,0,14,,93840,9,,,0,24,,93875,13,,,0,59,,93852,13,,,0,17,,93858,13,,,0,20,,93838,13,,,0,55,,93839,13,,,0,19,,93873,9,,,0,19,,93872,13,,,0,20,,93851,13,,,0,59,,93843,13,,,0,31,,93859,9,,,0,70,,93845,9,,,0,32,,93869,9,,,0,70,,93846,9,,,0,30,,93860,9,,,0,70,,93847,9,,,0,32,,93870,9,,,0,69,,93853,9,,,0,30,,93861,9,,,0,106,,93865,9,,,0
2101,'5458',551,,93876,9,,,0,68,,93892,9,,,0,22,,93878,9,,,0,15,,93907,9,,,0,56,,93877,13,,,0,14,,93917,13,,,0,15,,93900,13,,,0,17,,93880,13,,,0,55,,93904,13,,,0,17,,93891,13,,,0,17,,93914,13,,,0,61,,93881,13,,,0,21,,93882,9,,,0,20,,93918,13,,,0,59,,93899,9,,,0,20,,93879,13,,,0,20,,93905,9,,,0,61,,93912,13,,,0,20,,93883,9,,,0,19,,93884,13,,,0,63,,93921,9,,,0,20,,93898,13,,,0,20,,93885,9,,,0,61,,93906,13,,,0,20,,93913,9,,,0,21,,93886,13,,,0,62,,93887,9,,,0,19,,93924,13,,,0,19,,93916,13,,,0,58,,93894,13,,,0,14,,93890,9,,,0,24,,93925,13,,,0,59,,93902,13,,,0,17,,93908,13,,,0,20,,93888,13,,,0,55,,93889,13,,,0,19,,93923,9,,,0,19,,93922,13,,,0,20,,93901,13,,,0,59,,93893,13,,,0,31,,93909,9,,,0,70,,93895,9,,,0,32,,93919,9,,,0,70,,93896,9,,,0,30,,93910,9,,,0,70,,93897,9,,,0,32,,93920,9,,,0,69,,93903,9,,,0,30,,93911,9,,,0,106,,93915,9,,,0
2101,'5459',641,,93956,9,,,0,70,,93938,9,,,0,31,,93947,9,,,0,70,,93930,9,,,0,30,,93957,9,,,0,69,,93939,9,,,0,30,,93948,9,,,0,67,,93926,9,,,0,28,,93928,9,,,0,68,,93949,9,,,0,30,,93933,9,,,0,69,,93941,9,,,0,28,,93927,9,,,0,70,,93929,9,,,0,28,,93950,9,,,0,30,,93934,9,,,0,72,,93942,9,,,0,71,,93931,9,,,0,30,,93932,9,,,0,74,,93951,9,,,0,30,,93935,9,,,0,70,,93944,9,,,0,31,,93937,9,,,0,70,,93936,9,,,0,31,,93952,9,,,0,71,,93940,9,,,0,36,,93943,9,,,0,76,,93945,9,,,0,29,,93954,9,,,0,70,,93946,9,,,0,32,,93955,9,,,0,70,,93953,9,,,0,30,,93958,9,,,0,105,,93959,9,,,0
2101,'5460',649,,93973,9,,,0,80,,93963,9,,,0,80,,93974,9,,,0,36,,93972,9,,,0,65,,93960,9,,,0,27,,93962,9,,,0,70,,93975,9,,,0,29,,93961,9,,,0,70,,93976,9,,,0,29,,93965,9,,,0,70,,93964,9,,,0,30,,93977,9,,,0,68,,93966,9,,,0,29,,93978,9,,,0,70,,93979,9,,,0,30,,93980,9,,,0,71,,93968,9,,,0,32,,93969,9,,,0,73,,93970,9,,,0,29,,93971,9,,,0,71,,93967,9,,,0,30,,93981,9,,,0,72,,93982,9,,,0,35,,93983,9,,,0,105,,93984,9,,,0,101,,93985,9,,,0,103,,93986,9,,,0,100,,93987,9,,,0,103,,93988,9,,,0
2101,'5461',649,,94002,9,,,0,80,,93992,9,,,0,80,,94003,9,,,0,36,,94001,9,,,0,65,,93989,9,,,0,27,,93991,9,,,0,70,,94004,9,,,0,29,,93990,9,,,0,70,,94005,9,,,0,29,,93994,9,,,0,70,,93993,9,,,0,30,,94006,9,,,0,68,,93995,9,,,0,29,,94007,9,,,0,70,,94008,9,,,0,30,,94009,9,,,0,71,,93997,9,,,0,32,,93998,9,,,0,73,,93999,9,,,0,29,,94000,9,,,0,71,,93996,9,,,0,30,,94010,9,,,0,72,,94011,9,,,0,35,,94012,9,,,0,105,,94013,9,,,0,101,,94014,9,,,0,103,,94015,9,,,0,100,,94016,9,,,0,103,,94017,9,,,0
2101,'5462',649,,94031,9,,,0,80,,94021,9,,,0,80,,94032,9,,,0,36,,94030,9,,,0,65,,94018,9,,,0,27,,94020,9,,,0,70,,94033,9,,,0,29,,94019,9,,,0,70,,94034,9,,,0,29,,94023,9,,,0,70,,94022,9,,,0,30,,94035,9,,,0,68,,94024,9,,,0,29,,94036,9,,,0,70,,94037,9,,,0,30,,94038,9,,,0,71,,94026,9,,,0,32,,94027,9,,,0,73,,94028,9,,,0,29,,94029,9,,,0,71,,94025,9,,,0,30,,94039,9,,,0,72,,94040,9,,,0,35,,94041,9,,,0,105,,94042,9,,,0,101,,94043,9,,,0,103,,94044,9,,,0,100,,94045,9,,,0,103,,94046,9,,,0
2101,'5463',649,,94060,9,,,0,80,,94050,9,,,0,80,,94061,9,,,0,36,,94059,9,,,0,65,,94047,9,,,0,27,,94049,9,,,0,70,,94062,9,,,0,29,,94048,9,,,0,70,,94063,9,,,0,29,,94052,9,,,0,70,,94051,9,,,0,30,,94064,9,,,0,68,,94053,9,,,0,29,,94065,9,,,0,70,,94066,9,,,0,30,,94067,9,,,0,71,,94055,9,,,0,32,,94056,9,,,0,73,,94057,9,,,0,29,,94058,9,,,0,71,,94054,9,,,0,30,,94068,9,,,0,72,,94069,9,,,0,35,,94070,9,,,0,105,,94071,9,,,0,101,,94072,9,,,0,103,,94073,9,,,0,100,,94074,9,,,0,103,,94075,9,,,0
