601,'4832',645,,82337,17,,,0,95,,82322,17,,,0,84,,78502,17,,,0,19,,82321,17,,,0,80,,82336,17,,,0,17,,78507,17,,,0,15,,82342,17,,,0,70,,82313,17,,,0,16,,82338,17,,,0,15,,82330,17,,,0,70,,78492,17,,,0,15,,82315,17,,,0,12,,82314,17,,,0,64,,82332,17,,,0,12,,82316,17,,,0,12,,82317,17,,,0,12,,78501,17,,,0,64,,65453,17,,,0,12,,82340,17,,,0,12,,82331,17,,,0,12,,82320,17,,,0,64,,82326,17,,,0,12,,82319,17,,,0,12,,82318,17,,,0,12,,78522,17,,,0,64,,65464,17,,,0,13,,78497,17,,,0,12,,82325,17,,,0,12,,82324,17,,,0,64,,78523,17,,,0,12,,82328,17,,,0,12,,82323,17,,,0,12,,78496,17,,,0,64,,82343,17,,,0,12,,78506,17,,,0,13,,78520,17,,,0,16,,82327,17,,,0,70,,82329,17,,,0,19,,78505,17,,,0,58,,78514,17,,,0,36,,82333,17,,,0,58,,78510,17,,,0,34,,82334,17,,,0,17,,82335,17,,,0,75,,78518,17,,,0,20,,82339,17,,,0,96,,78515,17,,,0,71,,82341,17,,,0,42,,78525,17,,,0
601,'5453',645,,82376,17,,,0,95,,82353,17,,,0,84,,82359,17,,,0,19,,82352,17,,,0,80,,82375,17,,,0,17,,82364,17,,,0,15,,82383,17,,,0,70,,82344,17,,,0,16,,78657,17,,,0,15,,82366,17,,,0,70,,82351,17,,,0,15,,78620,17,,,0,12,,82345,17,,,0,64,,82368,17,,,0,12,,82347,17,,,0,12,,82348,17,,,0,12,,82358,17,,,0,64,,82346,17,,,0,12,,78662,17,,,0,12,,82367,17,,,0,12,,82350,17,,,0,64,,82357,17,,,0,12,,78625,17,,,0,12,,82349,17,,,0,12,,78660,17,,,0,64,,78632,17,,,0,13,,82356,17,,,0,12,,78635,17,,,0,12,,78634,17,,,0,64,,82380,17,,,0,12,,82361,17,,,0,12,,82354,17,,,0,12,,82355,17,,,0,64,,82384,17,,,0,12,,82363,17,,,0,13,,82378,17,,,0,16,,82360,17,,,0,70,,82365,17,,,0,19,,82362,17,,,0,58,,82373,17,,,0,36,,82370,17,,,0,58,,82369,17,,,0,34,,82371,17,,,0,17,,82372,17,,,0,75,,82377,17,,,0,20,,82379,17,,,0,96,,82374,17,,,0,71,,82382,17,,,0,42,,82381,17,,,0
601,'5456',543,,89704,17,,,0,15,,89705,17,,,0,69,,89706,17,,,0,24,,89707,17,,,0,55,,89718,17,,,0,15,,89708,17,,,0,7,,89725,17,,,0,15,,89709,17,,,0,16,,89712,17,,,0,52,,89719,17,,,0,19,,89710,17,,,0,17,,89711,17,,,0,57,,89713,17,,,0,17,,89732,17,,,0,20,,89714,17,,,0,62,,89723,17,,,0,23,,89715,17,,,0,23,,89716,17,,,0,63,,89717,17,,,0,24,,89720,17,,,0,64,,89721,17,,,0,24,,89722,17,,,0,25,,89724,17,,,0,65,,89726,17,,,0,23,,89727,17,,,0,21,,89728,17,,,0,60,,89729,17,,,0,20,,89730,17,,,0,20,,89731,17,,,0,58,,89733,17,,,0,11,,89755,7,,,0,5,,89734,17,,,0,11,,89735,17,,,0,60,,89736,17,,,0,19,,89737,17,,,0,19,,89738,17,,,0,62,,89739,17,,,0,22,,89740,17,,,0,25,,89741,17,,,0,63,,89742,17,,,0,12,,89743,17,,,0,25,,89744,17,,,0,70,,89745,17,,,0,33,,89746,17,,,0,77,,89748,17,,,0,18,,89747,17,,,0,76,,89750,17,,,0,21,,89749,17,,,0,90,,89751,17,,,0,100,,89752,17,,,0,72,,89754,17,,,0,31,,89753,17,,,0
601,'5458',543,,89756,17,,,0,15,,89757,17,,,0,69,,89758,17,,,0,24,,89759,17,,,0,55,,89770,17,,,0,15,,89760,17,,,0,7,,89777,17,,,0,15,,89761,17,,,0,16,,89764,17,,,0,52,,89771,17,,,0,19,,89762,17,,,0,17,,89763,17,,,0,57,,89765,17,,,0,17,,89784,17,,,0,20,,89766,17,,,0,62,,89775,17,,,0,23,,89767,17,,,0,23,,89768,17,,,0,63,,89769,17,,,0,24,,89772,17,,,0,64,,89773,17,,,0,24,,89774,17,,,0,25,,89776,17,,,0,65,,89778,17,,,0,23,,89779,17,,,0,21,,89780,17,,,0,60,,89781,17,,,0,20,,89782,17,,,0,20,,89783,17,,,0,58,,89785,17,,,0,11,,89811,7,,,0,5,,89786,17,,,0,11,,89787,17,,,0,60,,89788,17,,,0,19,,89789,17,,,0,19,,89790,17,,,0,62,,89791,17,,,0,22,,89792,17,,,0,25,,89793,17,,,0,63,,89794,17,,,0,12,,89795,17,,,0,25,,89796,17,,,0,70,,89797,17,,,0,33,,89798,17,,,0,77,,89800,17,,,0,18,,89799,17,,,0,76,,89802,17,,,0,21,,89801,17,,,0,90,,89803,17,,,0,100,,89804,17,,,0,72,,89806,17,,,0,31,,89805,17,,,0,70,,89808,17,,,0,30,,89810,17,,,0,71,,89807,17,,,0,30,,89809,17,,,0
601,'5459',603,,89814,17,,,0,23,,89815,17,,,0,20,,89812,17,,,0,78,,89816,17,,,0,16,,89817,17,,,0,19,,89818,17,,,0,73,,89819,17,,,0,14,,89820,17,,,0,55,,89821,17,,,0,28,,89822,17,,,0,13,,89823,17,,,0,13,,89813,17,,,0,63,,89824,17,,,0,12,,89825,17,,,0,12,,89826,17,,,0,64,,89828,17,,,0,11,,89829,17,,,0,12,,89827,17,,,0,24,,89830,17,,,0,51,,89831,17,,,0,12,,89832,17,,,0,23,,89839,17,,,0,12,,89833,17,,,0,52,,89834,17,,,0,24,,89835,17,,,0,10,,89836,17,,,0,11,,89837,17,,,0,60,,89840,17,,,0,10,,89841,17,,,0,11,,89842,17,,,0,21,,89838,17,,,0,51,,89843,17,,,0,10,,89848,17,,,0,21,,89844,17,,,0,10,,89845,17,,,0,10,,89846,17,,,0,61,,89847,17,,,0,10,,89849,17,,,0,10,,89850,17,,,0,11,,89851,17,,,0,64,,89852,17,,,0,13,,89853,17,,,0,12,,89854,17,,,0,13,,89855,17,,,0,64,,89856,17,,,0,12,,89857,17,,,0,13,,89858,17,,,0,15,,89859,17,,,0,70,,89860,17,,,0,15,,89861,17,,,0,15,,89862,17,,,0,77,,89863,17,,,0,18,,89864,17,,,0,76,,89865,17,,,0,18,,89866,17,,,0,82,,89867,17,,,0,25,,89868,17,,,0,95,,89869,17,,,0,66,,89870,17,,,0,31,,89871,17,,,0,70,,89872,17,,,0,30,,89873,17,,,0,70,,89874,17,,,0,29,,89875,17,,,0
601,'5460',645,,89913,17,,,0,95,,89887,17,,,0,84,,89896,17,,,0,19,,89886,17,,,0,80,,89912,17,,,0,17,,89901,17,,,0,15,,89923,17,,,0,70,,89876,17,,,0,16,,89915,17,,,0,15,,89903,17,,,0,70,,89885,17,,,0,15,,89878,17,,,0,12,,89877,17,,,0,64,,89905,17,,,0,12,,89880,17,,,0,12,,89881,17,,,0,12,,89895,17,,,0,64,,89879,17,,,0,12,,89920,17,,,0,12,,89904,17,,,0,12,,89884,17,,,0,64,,89894,17,,,0,12,,89883,17,,,0,12,,89882,17,,,0,12,,89918,17,,,0,64,,89890,17,,,0,13,,89891,17,,,0,12,,89893,17,,,0,12,,89892,17,,,0,64,,89919,17,,,0,12,,89898,17,,,0,12,,89888,17,,,0,12,,89889,17,,,0,64,,89924,17,,,0,12,,89900,17,,,0,13,,89916,17,,,0,16,,89897,17,,,0,70,,89902,17,,,0,19,,89899,17,,,0,58,,89910,17,,,0,36,,89907,17,,,0,58,,89906,17,,,0,34,,89908,17,,,0,17,,89909,17,,,0,75,,89914,17,,,0,20,,89917,17,,,0,96,,89911,17,,,0,71,,89922,17,,,0,90,,89921,17,,,0
601,'5461',645,,89962,17,,,0,95,,89936,17,,,0,84,,89945,17,,,0,19,,89935,17,,,0,80,,89961,17,,,0,17,,89950,17,,,0,15,,89972,17,,,0,70,,89925,17,,,0,16,,89964,17,,,0,15,,89952,17,,,0,70,,89934,17,,,0,15,,89927,17,,,0,12,,89926,17,,,0,64,,89954,17,,,0,12,,89929,17,,,0,12,,89930,17,,,0,12,,89944,17,,,0,64,,89928,17,,,0,12,,89969,17,,,0,12,,89953,17,,,0,12,,89933,17,,,0,64,,89943,17,,,0,12,,89932,17,,,0,12,,89931,17,,,0,12,,89967,17,,,0,64,,89939,17,,,0,13,,89940,17,,,0,12,,89942,17,,,0,12,,89941,17,,,0,64,,89968,17,,,0,12,,89947,17,,,0,12,,89937,17,,,0,12,,89938,17,,,0,64,,89973,17,,,0,12,,89949,17,,,0,13,,89965,17,,,0,16,,89946,17,,,0,70,,89951,17,,,0,19,,89948,17,,,0,58,,89959,17,,,0,36,,89956,17,,,0,58,,89955,17,,,0,34,,89957,17,,,0,17,,89958,17,,,0,75,,89963,17,,,0,20,,89966,17,,,0,96,,89960,17,,,0,71,,89971,17,,,0,90,,89970,17,,,0
601,'5462',645,,90011,17,,,0,95,,89985,17,,,0,84,,89994,17,,,0,19,,89984,17,,,0,80,,90010,17,,,0,17,,89999,17,,,0,15,,90021,17,,,0,70,,89974,17,,,0,16,,90013,17,,,0,15,,90001,17,,,0,70,,89983,17,,,0,15,,89976,17,,,0,12,,89975,17,,,0,64,,90003,17,,,0,12,,89978,17,,,0,12,,89979,17,,,0,12,,89993,17,,,0,64,,89977,17,,,0,12,,90018,17,,,0,12,,90002,17,,,0,12,,89982,17,,,0,64,,89992,17,,,0,12,,89981,17,,,0,12,,89980,17,,,0,12,,90016,17,,,0,64,,89988,17,,,0,13,,89989,17,,,0,12,,89991,17,,,0,12,,89990,17,,,0,64,,90017,17,,,0,12,,89996,17,,,0,12,,89986,17,,,0,12,,89987,17,,,0,64,,90022,17,,,0,12,,89998,17,,,0,13,,90014,17,,,0,16,,89995,17,,,0,70,,90000,17,,,0,19,,89997,17,,,0,58,,90008,17,,,0,36,,90005,17,,,0,58,,90004,17,,,0,34,,90006,17,,,0,17,,90007,17,,,0,75,,90012,17,,,0,20,,90015,17,,,0,96,,90009,17,,,0,71,,90020,17,,,0,90,,90019,17,,,0
601,'5463',645,,90060,17,,,0,95,,90034,17,,,0,84,,90043,17,,,0,19,,90033,17,,,0,80,,90059,17,,,0,17,,90048,17,,,0,15,,90070,17,,,0,70,,90023,17,,,0,16,,90062,17,,,0,15,,90050,17,,,0,70,,90032,17,,,0,15,,90025,17,,,0,12,,90024,17,,,0,64,,90052,17,,,0,12,,90027,17,,,0,12,,90028,17,,,0,12,,90042,17,,,0,64,,90026,17,,,0,12,,90067,17,,,0,12,,90051,17,,,0,12,,90031,17,,,0,64,,90041,17,,,0,12,,90030,17,,,0,12,,90029,17,,,0,12,,90065,17,,,0,64,,90037,17,,,0,13,,90038,17,,,0,12,,90040,17,,,0,12,,90039,17,,,0,64,,90066,17,,,0,12,,90045,17,,,0,12,,90035,17,,,0,12,,90036,17,,,0,64,,90071,17,,,0,12,,90047,17,,,0,13,,90063,17,,,0,16,,90044,17,,,0,70,,90049,17,,,0,19,,90046,17,,,0,58,,90057,17,,,0,36,,90054,17,,,0,58,,90053,17,,,0,34,,90055,17,,,0,17,,90056,17,,,0,75,,90061,17,,,0,20,,90064,17,,,0,96,,90058,17,,,0,71,,90069,17,,,0,90,,90068,17,,,0
1000601,'4832',715,,81796,25,,,0,90,,87346,25,,,0,98,,87339,25,,,0,107,,87342,25,,,0,101,,81789,25,,,0,94,,87348,25,,,0,100,,87340,25,,,0,100,,81792,25,,,0,100,,87344,25,,,0,101,,87343,25,,,0,100,,87341,25,,,0,108,,81797,25,,,0,110,,87345,25,,,0,93,,81800,25,,,0,91,,81799,25,,,0,107,,87347,25,,,0
1000601,'5453',715,,87356,25,,,0,90,,87361,25,,,0,98,,87350,25,,,0,107,,87354,25,,,0,101,,87349,25,,,0,94,,81852,25,,,0,100,,87351,25,,,0,100,,87352,25,,,0,100,,81846,25,,,0,101,,87355,25,,,0,100,,87353,25,,,0,108,,87357,25,,,0,110,,87358,25,,,0,93,,87360,25,,,0,91,,87359,25,,,0,107,,87362,25,,,0
1000601,'5456',613,,103577,25,,,0,87,,103581,25,,,0,35,,103587,25,,,0,69,,103578,25,,,0,35,,103584,25,,,0,74,,103579,25,,,0,39,,103580,25,,,0,86,,103582,25,,,0,86,,103585,25,,,0,88,,103583,25,,,0,90,,103586,25,,,0,46,,103589,25,,,0,80,,103591,25,,,0,80,,103588,25,,,0,45,,103590,25,,,0,76,,103592,25,,,0,84,,103593,25,,,0,88,,103594,25,,,0,104,,103595,25,,,0,107,,103596,25,,,0,94,,103597,25,,,0,99,,103598,25,,,0,100,,103599,25,,,0
1000601,'5458',613,,103600,25,,,0,87,,103604,25,,,0,35,,103610,25,,,0,69,,103601,25,,,0,35,,103607,25,,,0,74,,103602,25,,,0,39,,103603,25,,,0,86,,103605,25,,,0,86,,103608,25,,,0,88,,103606,25,,,0,90,,103609,25,,,0,46,,103612,25,,,0,80,,103614,25,,,0,80,,103611,25,,,0,45,,103613,25,,,0,76,,103615,25,,,0,84,,103616,25,,,0,88,,103617,25,,,0,104,,103618,25,,,0,107,,103619,25,,,0,94,,103620,25,,,0,99,,103621,25,,,0,100,,103622,25,,,0
1000601,'5459',706,,103623,25,,,0,111,,103624,25,,,0,99,,103625,25,,,0,90,,103626,25,,,0,48,,103627,25,,,0,87,,103628,25,,,0,87,,103629,25,,,0,88,,103630,25,,,0,42,,103632,25,,,0,82,,103631,25,,,0,82,,103633,25,,,0,82,,103634,25,,,0,53,,103635,25,,,0,100,,103636,25,,,0,148,,103637,25,,,0,103,,103638,25,,,0,94,,103639,25,,,0,99,,103640,25,,,0,110,,103641,25,,,0
1000601,'5460',715,,103649,25,,,0,90,,103655,25,,,0,98,,103643,25,,,0,107,,103647,25,,,0,101,,103642,25,,,0,94,,103657,25,,,0,100,,103644,25,,,0,100,,103645,25,,,0,100,,103651,25,,,0,101,,103648,25,,,0,100,,103646,25,,,0,108,,103650,25,,,0,110,,103652,25,,,0,93,,103654,25,,,0,91,,103653,25,,,0,107,,103656,25,,,0
1000601,'5461',715,,103665,25,,,0,90,,103671,25,,,0,98,,103659,25,,,0,107,,103663,25,,,0,101,,103658,25,,,0,94,,103673,25,,,0,100,,103660,25,,,0,100,,103661,25,,,0,100,,103667,25,,,0,101,,103664,25,,,0,100,,103662,25,,,0,108,,103666,25,,,0,110,,103668,25,,,0,93,,103670,25,,,0,91,,103669,25,,,0,107,,103672,25,,,0
1000601,'5462',715,,103681,25,,,0,90,,103687,25,,,0,98,,103675,25,,,0,107,,103679,25,,,0,101,,103674,25,,,0,94,,103689,25,,,0,100,,103676,25,,,0,100,,103677,25,,,0,100,,103683,25,,,0,101,,103680,25,,,0,100,,103678,25,,,0,108,,103682,25,,,0,110,,103684,25,,,0,93,,103686,25,,,0,91,,103685,25,,,0,107,,103688,25,,,0
1000601,'5463',715,,103697,25,,,0,90,,103703,25,,,0,98,,103691,25,,,0,107,,103695,25,,,0,101,,103690,25,,,0,94,,103705,25,,,0,100,,103692,25,,,0,100,,103693,25,,,0,100,,103699,25,,,0,101,,103696,25,,,0,100,,103694,25,,,0,108,,103698,25,,,0,110,,103700,25,,,0,93,,103702,25,,,0,91,,103701,25,,,0,107,,103704,25,,,0
2000601,'5456',639,,103898,20,,,0,74,,103897,20,,,0,38,,103909,20,,,0,69,,103900,20,,,0,36,,103907,20,,,0,73,,103899,20,,,0,86,,103901,20,,,0,86,,103902,20,,,0,47,,103903,20,,,0,89,,103904,20,,,0,89,,103905,20,,,0,82,,103906,20,,,0,40,,103908,20,,,0,77,,103911,20,,,0,87,,103910,20,,,0,40,,103912,20,,,0,85,,103913,20,,,0,101,,103914,20,,,0,97,,103915,20,,,0
2000601,'5458',639,,103917,20,,,0,74,,103916,20,,,0,38,,103928,20,,,0,69,,103919,20,,,0,36,,103926,20,,,0,73,,103918,20,,,0,86,,103920,20,,,0,86,,103921,20,,,0,47,,103922,20,,,0,89,,103923,20,,,0,89,,103924,20,,,0,82,,103925,20,,,0,40,,103927,20,,,0,77,,103930,20,,,0,87,,103929,20,,,0,40,,103931,20,,,0,85,,103932,20,,,0,101,,103933,20,,,0,97,,103934,20,,,0
