7101,'5456',559,,101073,6,,,0,70,,101074,6,,,0,85,,101075,6,,,0
7101,'5458',559,,101076,6,,,0,70,,101077,6,,,0,85,,101078,6,,,0
7201,'4832',703,,86119,6,,,0,100,,86120,6,,,0,100,,86121,6,,,0,103,,86122,6,,,0,100,,86124,6,,,0,30,,86125,6,,,0,70,,86118,6,,,0,30,,86123,6,,,0,70,,86126,6,,,0,30,,86128,6,,,0,70,,86129,6,,,0,30,,86130,6,,,0,70,,86127,6,,,0,30,,86131,6,,,0,70,,86132,6,,,0,30,,86133,6,,,0,75,,86134,6,,,0,28,,86135,6,,,0,72,,86136,6,,,0,30,,86137,6,,,0,70,,86139,6,,,0,30,,86138,6,,,0,70,,86140,6,,,0,30,,86141,6,,,0,70,,86142,6,,,0,95,,86143,6,,,0,100,,86144,6,,,0
7201,'5453',703,,81140,6,,,0,100,,86146,6,,,0,100,,86147,6,,,0,103,,86148,6,,,0,100,,86150,6,,,0,30,,86151,6,,,0,70,,86145,6,,,0,30,,86149,6,,,0,70,,86152,6,,,0,30,,86154,6,,,0,70,,86155,6,,,0,30,,86156,6,,,0,70,,86153,6,,,0,30,,86157,6,,,0,70,,86158,6,,,0,30,,86159,6,,,0,75,,86160,6,,,0,28,,86161,6,,,0,72,,86162,6,,,0,30,,86163,6,,,0,70,,86165,6,,,0,30,,86164,6,,,0,70,,86166,6,,,0,30,,86167,6,,,0,70,,86168,6,,,0,95,,86169,6,,,0,100,,86170,6,,,0
7201,'5456',535,,101280,6,,,0,80,,101283,6,,,0,30,,101281,6,,,0,70,,101285,6,,,0,31,,101295,6,,,0,61,,101290,6,,,0,27,,101282,6,,,0,70,,101284,6,,,0,30,,101288,6,,,0,70,,101286,6,,,0,30,,101287,6,,,0,73,,101294,6,,,0,30,,101289,6,,,0,70,,101291,6,,,0,30,,101292,6,,,0,70,,101299,6,,,0,30,,101302,6,,,0,70,,101293,6,,,0,30,,101304,6,,,0,70,,101308,6,,,0,13,,101309,2,0,13 14,0,18,,101296,6,,,0,68,,101297,6,,,0,32,,101303,6,,,0,71,,101311,6,,,0,30,,101298,6,,,0,69,,101305,6,,,0,30,,101307,6,,,0,70,,101300,6,,,0,30,,101301,6,,,0,70,,101310,6,,,0,30,,101312,6,,,0,70,,101306,6,,,0
7201,'5457',1415,,101313,2,,,0
7201,'5458',535,,101314,6,,,0,80,,101317,6,,,0,30,,101315,6,,,0,70,,101319,6,,,0,31,,101330,6,,,0,61,,101324,6,,,0,27,,101316,6,,,0,70,,101318,6,,,0,30,,101322,6,,,0,70,,101320,6,,,0,30,,101321,6,,,0,73,,101329,6,,,0,30,,101323,6,,,0,70,,101325,6,,,0,30,,101326,6,,,0,70,,101334,6,,,0,30,,101337,6,,,0,70,,101328,6,,,0,8,,101327,2,,,0,22,,101339,6,,,0,70,,101343,6,,,0,13,,101344,2,0,13 14,0,18,,101331,6,,,0,68,,101332,6,,,0,32,,101338,6,,,0,71,,101346,6,,,0,30,,101333,6,,,0,69,,101340,6,,,0,30,,101342,6,,,0,70,,101335,6,,,0,30,,101336,6,,,0,70,,101345,6,,,0,30,,101347,6,,,0,70,,101341,6,,,0
7201,'5459',603,,101376,6,,,0,100,,101349,6,,,0,100,,101350,6,,,0,33,,101351,6,,,0,70,,101352,6,,,0,30,,101353,6,,,0,71,,101354,6,,,0,29,,101355,6,,,0,71,,101356,6,,,0,30,,101357,6,,,0,70,,101348,6,,,0,30,,101358,6,,,0,69,,101359,6,,,0,31,,101360,6,,,0,74,,101361,6,,,0,31,,101362,6,,,0,69,,101363,6,,,0,31,,101364,6,,,0,69,,101365,6,,,0,26,,101366,6,,,0,69,,101367,6,,,0,30,,101368,6,,,0,70,,101369,6,,,0,30,,101370,6,,,0,70,,101371,6,,,0,30,,101372,6,,,0,70,,101373,6,,,0,30,,101374,6,,,0,70,,101375,6,,,0
7201,'5460',703,,101378,6,,,0,100,,101379,6,,,0,100,,101380,6,,,0,103,,101381,6,,,0,100,,101383,6,,,0,30,,101384,6,,,0,70,,101377,6,,,0,30,,101382,6,,,0,70,,101385,6,,,0,30,,101387,6,,,0,70,,101388,6,,,0,30,,101389,6,,,0,70,,101386,6,,,0,30,,101390,6,,,0,70,,101391,6,,,0,30,,101392,6,,,0,75,,101393,6,,,0,28,,101394,6,,,0,72,,101395,6,,,0,30,,101396,6,,,0,70,,101398,6,,,0,30,,101397,6,,,0,70,,101399,6,,,0,30,,101400,6,,,0,70,,101401,6,,,0
7201,'5461',703,,101403,6,,,0,100,,101404,6,,,0,100,,101405,6,,,0,103,,101406,6,,,0,100,,101408,6,,,0,30,,101409,6,,,0,70,,101402,6,,,0,30,,101407,6,,,0,70,,101410,6,,,0,30,,101412,6,,,0,70,,101413,6,,,0,30,,101414,6,,,0,70,,101411,6,,,0,30,,101415,6,,,0,70,,101416,6,,,0,30,,101417,6,,,0,75,,101418,6,,,0,28,,101419,6,,,0,72,,101420,6,,,0,30,,101421,6,,,0,70,,101423,6,,,0,30,,101422,6,,,0,70,,101424,6,,,0,30,,101425,6,,,0,70,,101426,6,,,0
7201,'5462',703,,101428,6,,,0,100,,101429,6,,,0,100,,101430,6,,,0,103,,101431,6,,,0,100,,101433,6,,,0,30,,101434,6,,,0,70,,101427,6,,,0,30,,101432,6,,,0,70,,101435,6,,,0,30,,101437,6,,,0,70,,101438,6,,,0,30,,101439,6,,,0,70,,101436,6,,,0,30,,101440,6,,,0,70,,101441,6,,,0,30,,101442,6,,,0,75,,101443,6,,,0,28,,101444,6,,,0,72,,101445,6,,,0,30,,101446,6,,,0,70,,101448,6,,,0,30,,101447,6,,,0,70,,101449,6,,,0,30,,101450,6,,,0,70,,101451,6,,,0
7201,'5463',703,,101453,6,,,0,100,,101454,6,,,0,100,,101455,6,,,0,103,,101456,6,,,0,100,,101458,6,,,0,30,,101459,6,,,0,70,,101452,6,,,0,30,,101457,6,,,0,70,,101460,6,,,0,30,,101462,6,,,0,70,,101463,6,,,0,30,,101464,6,,,0,70,,101461,6,,,0,30,,101465,6,,,0,70,,101466,6,,,0,30,,101467,6,,,0,75,,101468,6,,,0,28,,101469,6,,,0,72,,101470,6,,,0,30,,101471,6,,,0,70,,101473,6,,,0,30,,101472,6,,,0,70,,101474,6,,,0,30,,101475,6,,,0,70,,101476,6,,,0
8101,'4832',906,,81438,6,,,0,100,,75990,6,,,0,102,,75991,6,,,0,100,,75992,6,,,0,100,,81439,6,,,0,101,,86385,6,,,0,100,,86386,6,,,0,100,,86387,6,,,0,102,,86388,6,,,0,100,,75998,6,,,0,100,,75999,6,,,0,100,,81441,6,,,0,100,,86389,6,,,0
8101,'5453',906,,81455,6,,,0,100,,81456,6,,,0,102,,81457,6,,,0,100,,81458,6,,,0,100,,86390,6,,,0,101,,86391,6,,,0,100,,86392,6,,,0,100,,86393,6,,,0,102,,86394,6,,,0,100,,86395,6,,,0,100,,81465,6,,,0,100,,81466,6,,,0,100,,81467,6,,,0
8101,'5456',656,,101958,6,,,0,251,,101959,6,,,0,103,,101961,6,,,0,97,,101962,6,,,0,100,,101963,6,,,0,100,,101964,6,,,0,100,,101965,6,,,0,101,,101966,6,,,0,99,,101967,6,,,0,99,,101968,6,,,0,100,,101969,6,,,0,100,,101970,6,,,0,101,,101971,6,,,0,99,,101972,6,,,0
8101,'5458',656,,101974,6,,,0,251,,101975,6,,,0,103,,101977,6,,,0,97,,101978,6,,,0,100,,101979,6,,,0,100,,101980,6,,,0,100,,101981,6,,,0,101,,101982,6,,,0,99,,101983,6,,,0,99,,101984,6,,,0,100,,101985,6,,,0,100,,101986,6,,,0,101,,101987,6,,,0,99,,101988,6,,,0
8101,'5459',906,,101989,6,,,0,102,,101990,6,,,0,100,,101991,6,,,0,100,,101992,6,,,0,100,,101993,6,,,0,104,,101994,6,,,0,100,,101995,6,,,0,100,,101996,6,,,0,96,,101997,6,,,0,98,,101998,6,,,0,100,,101999,6,,,0,100,,102000,6,,,0,100,,102001,6,,,0
8101,'5460',906,,102002,6,,,0,100,,102003,6,,,0,102,,102004,6,,,0,100,,102005,6,,,0,100,,102006,6,,,0,101,,102007,6,,,0,100,,102008,6,,,0,100,,102009,6,,,0,102,,102010,6,,,0,100,,102011,6,,,0,100,,102012,6,,,0,100,,102013,6,,,0,100,,102014,6,,,0
8101,'5461',906,,102015,6,,,0,100,,102016,6,,,0,102,,102017,6,,,0,100,,102018,6,,,0,100,,102019,6,,,0,101,,102020,6,,,0,100,,102021,6,,,0,100,,102022,6,,,0,102,,102023,6,,,0,100,,102024,6,,,0,100,,102025,6,,,0,100,,102026,6,,,0,100,,102027,6,,,0
8101,'5462',906,,102028,6,,,0,100,,102029,6,,,0,102,,102030,6,,,0,100,,102031,6,,,0,100,,102032,6,,,0,101,,102033,6,,,0,100,,102034,6,,,0,100,,102035,6,,,0,102,,102036,6,,,0,100,,102037,6,,,0,100,,102038,6,,,0,100,,102039,6,,,0,100,,102040,6,,,0
8101,'5463',906,,102041,6,,,0,100,,102042,6,,,0,102,,102043,6,,,0,100,,102044,6,,,0,100,,102045,6,,,0,101,,102046,6,,,0,100,,102047,6,,,0,100,,102048,6,,,0,102,,102049,6,,,0,100,,102050,6,,,0,100,,102051,6,,,0,100,,102052,6,,,0,100,,102053,6,,,0
1007201,'5456',2206,,103776,6,,,0,99,,103778,6,,,0,100,,103777,6,,,0
1007201,'5458',2206,,103779,6,,,0,99,,103781,6,,,0,100,,103780,6,,,0
1007201,'5459',2206,,103782,6,,,0,99,,103783,6,,,0,100,,103784,6,,,0
1007201,'5460',2206,,103785,6,,,0,100,,103786,6,,,0
1007201,'5461',2206,,103787,6,,,0,100,,103788,6,,,0
1007201,'5462',2206,,103789,6,,,0,100,,103790,6,,,0
1007201,'5463',2206,,103791,6,,,0,100,,103792,6,,,0
