301,'4832',741,,63897,25,,,0,86,,63885,25,,,0,80,,63898,25,,,0,46,,63891,25,,,0,76,,63896,25,,,0,80,,63884,25,,,0,20,,63892,25,,,0,71,,63887,25,,,0,29,,63886,25,,,0,30,,63893,25,,,0,72,,63890,25,,,0,70,,63889,25,,,0,30,,63888,25,,,0,77,,63894,25,,,0,28,,63895,25,,,0,81,,63901,25,,,0,23,,63899,25,,,0,73,,63900,25,,,0,26,,63905,25,,,0,70,,63903,25,,,0,29,,63902,25,,,0,70,,63904,25,,,0,30,,63906,25,,,0,74,,63907,25,,,0
301,'5453',741,,77946,25,,,0,86,,77934,25,,,0,80,,77947,25,,,0,46,,77940,25,,,0,76,,77945,25,,,0,80,,77933,25,,,0,20,,77941,25,,,0,71,,77936,25,,,0,29,,77935,25,,,0,30,,77942,25,,,0,72,,77939,25,,,0,70,,77938,25,,,0,30,,77937,25,,,0,77,,77943,25,,,0,28,,77944,25,,,0,81,,77950,25,,,0,23,,77948,25,,,0,73,,77949,25,,,0,26,,77954,25,,,0,70,,77952,25,,,0,29,,77951,25,,,0,70,,77953,25,,,0,30,,77955,25,,,0,74,,77956,25,,,0
301,'5456',610,,88069,15,,,0,37,,88067,25,,,0,76,,88068,25,,,0,79,,88070,25,,,0,42,,88077,25,,,0,75,,88071,25,,,0,36,,88072,25,,,0,71,,88076,25,,,0,30,,88073,25,,,0,70,,88074,25,,,0,31,,88075,25,,,0,71,,88078,25,,,0,75,,88079,25,,,0,30,,88080,25,,,0,70,,88082,25,,,0,32,,88081,25,,,0,73,,88093,25,,,0,35,,88083,25,,,0,74,,88084,25,,,0,35,,88092,25,,,0,73,,88085,25,,,0,31,,88086,25,,,0,74,,88091,25,,,0,24,,88087,25,,,0,69,,88088,25,,,0,30,,88095,25,,,0,65,,88089,25,,,0,24,,88090,25,,,0,70,,88094,25,,,0
301,'5458',610,,88098,15,,,0,37,,88096,25,,,0,76,,88097,25,,,0,79,,88099,25,,,0,42,,88106,25,,,0,75,,88100,25,,,0,36,,88101,25,,,0,71,,88105,25,,,0,30,,88102,25,,,0,70,,88103,25,,,0,31,,88104,25,,,0,71,,88107,25,,,0,75,,88108,25,,,0,30,,88109,25,,,0,70,,88111,25,,,0,32,,88110,25,,,0,73,,88122,25,,,0,35,,88112,25,,,0,74,,88113,25,,,0,35,,88121,25,,,0,73,,88114,25,,,0,31,,88115,25,,,0,74,,88120,25,,,0,24,,88116,25,,,0,69,,88117,25,,,0,30,,88124,25,,,0,65,,88118,25,,,0,24,,88119,25,,,0,70,,88123,25,,,0
301,'5459',726,,88146,25,,,0,30,,88132,25,,,0,71,,88125,25,,,0,30,,88138,25,,,0,71,,88133,25,,,0,31,,88149,25,,,0,71,,88137,25,,,0,71,,88126,25,,,0,29,,88148,25,,,0,70,,88140,25,,,0,32,,88128,25,,,0,70,,88150,25,,,0,30,,88139,25,,,0,71,,88127,25,,,0,30,,88134,25,,,0,74,,88131,25,,,0,33,,88129,25,,,0,78,,88130,25,,,0,28,,88135,25,,,0,76,,88141,25,,,0,24,,88136,25,,,0,74,,88143,25,,,0,28,,88142,25,,,0,71,,88144,25,,,0,24,,88145,25,,,0,70,,88151,25,,,0,30,,88147,25,,,0,69,,88152,25,,,0
301,'5460',741,,88166,25,,,0,86,,88154,25,,,0,80,,88167,25,,,0,46,,88160,25,,,0,76,,88165,25,,,0,80,,88153,25,,,0,20,,88161,25,,,0,71,,88156,25,,,0,29,,88155,25,,,0,30,,88162,25,,,0,72,,88159,25,,,0,70,,88158,25,,,0,30,,88157,25,,,0,77,,88163,25,,,0,28,,88164,25,,,0,81,,88170,25,,,0,23,,88168,25,,,0,73,,88169,25,,,0,26,,88174,25,,,0,70,,88172,25,,,0,29,,88171,25,,,0,70,,88173,25,,,0,30,,88175,25,,,0,74,,88176,25,,,0
301,'5461',741,,88190,25,,,0,86,,88178,25,,,0,80,,88191,25,,,0,46,,88184,25,,,0,76,,88189,25,,,0,80,,88177,25,,,0,20,,88185,25,,,0,71,,88180,25,,,0,29,,88179,25,,,0,30,,88186,25,,,0,72,,88183,25,,,0,70,,88182,25,,,0,30,,88181,25,,,0,77,,88187,25,,,0,28,,88188,25,,,0,81,,88194,25,,,0,23,,88192,25,,,0,73,,88193,25,,,0,26,,88198,25,,,0,70,,88196,25,,,0,29,,88195,25,,,0,70,,88197,25,,,0,30,,88199,25,,,0,74,,88200,25,,,0
301,'5462',741,,88214,25,,,0,86,,88202,25,,,0,80,,88215,25,,,0,46,,88208,25,,,0,76,,88213,25,,,0,80,,88201,25,,,0,20,,88209,25,,,0,71,,88204,25,,,0,29,,88203,25,,,0,30,,88210,25,,,0,72,,88207,25,,,0,70,,88206,25,,,0,30,,88205,25,,,0,77,,88211,25,,,0,28,,88212,25,,,0,81,,88218,25,,,0,23,,88216,25,,,0,73,,88217,25,,,0,26,,88222,25,,,0,70,,88220,25,,,0,29,,88219,25,,,0,70,,88221,25,,,0,30,,88223,25,,,0,74,,88224,25,,,0
301,'5463',741,,88238,25,,,0,86,,88226,25,,,0,80,,88239,25,,,0,46,,88232,25,,,0,76,,88237,25,,,0,80,,88225,25,,,0,20,,88233,25,,,0,71,,88228,25,,,0,29,,88227,25,,,0,30,,88234,25,,,0,72,,88231,25,,,0,70,,88230,25,,,0,30,,88229,25,,,0,77,,88235,25,,,0,28,,88236,25,,,0,81,,88242,25,,,0,23,,88240,25,,,0,73,,88241,25,,,0,26,,88246,25,,,0,70,,88244,25,,,0,29,,88243,25,,,0,70,,88245,25,,,0,30,,88247,25,,,0,74,,88248,25,,,0
14000701,'4832',2043,,77705,13,,,0,70,,77707,13,,,0,40,,77706,13,,,0,62,,77708,13,,,0,100,,77709,13,,,0,103,,77710,13,,,0
14000701,'5453',2043,,81930,13,,,0,70,,81932,13,,,0,40,,81931,13,,,0,62,,81933,13,,,0,100,,81934,13,,,0,103,,81935,13,,,0
14000701,'5456',2143,,103974,13,,,0,72,,103978,13,,,0,29,,103973,13,,,0,70,,103976,13,,,0,36,,103975,13,,,0,68,,103977,13,,,0
14000701,'5458',2143,,103980,13,,,0,72,,103984,13,,,0,29,,103979,13,,,0,70,,103982,13,,,0,36,,103981,13,,,0,68,,103983,13,,,0
14000701,'5459',2144,,103985,13,,,0,72,,103986,13,,,0,30,,103988,13,,,0,69,,103987,13,,,0,36,,103989,13,,,0,67,,103990,13,,,0
14000701,'5460',2043,,103991,13,,,0,70,,103993,13,,,0,40,,103992,13,,,0,62,,103994,13,,,0,100,,103995,13,,,0,103,,103996,13,,,0
14000701,'5461',2043,,103997,13,,,0,70,,103999,13,,,0,40,,103998,13,,,0,62,,104000,13,,,0,100,,104001,13,,,0,103,,104002,13,,,0
14000701,'5462',2043,,104003,13,,,0,70,,104005,13,,,0,40,,104004,13,,,0,62,,104006,13,,,0,100,,104007,13,,,0,103,,104008,13,,,0
14000701,'5463',2043,,104009,13,,,0,70,,104011,13,,,0,40,,104010,13,,,0,62,,104012,13,,,0,100,,104013,13,,,0,103,,104014,13,,,0
