2101,'5456',559,,93826,22,,,0,69,,93842,22,,,0,22,,93828,22,,,0,55,,93857,22,,,0,16,,93827,26,,,0,15,,93867,26,,,0,16,,93850,26,,,0,58,,93830,26,,,0,16,,93854,26,,,0,17,,93841,26,,,0,15,,93864,26,,,0,61,,93831,26,,,0,20,,93832,22,,,0,20,,93868,26,,,0,59,,93849,22,,,0,20,,93829,26,,,0,20,,93855,22,,,0,61,,93862,26,,,0,20,,93833,22,,,0,20,,93834,26,,,0,64,,93871,22,,,0,20,,93848,26,,,0,60,,93835,22,,,0,21,,93856,26,,,0,19,,93863,22,,,0,61,,93836,26,,,0,22,,93837,22,,,0,21,,93874,26,,,0,60,,93866,26,,,0,18,,93844,26,,,0,14,,93840,22,,,0,64,,93875,26,,,0,19,,93852,26,,,0,17,,93858,26,,,0,20,,93838,26,,,0,54,,93839,26,,,0,17,,93873,22,,,0,19,,93872,26,,,0,60,,93851,26,,,0,18,,93843,26,,,0,30,,93859,22,,,0,70,,93845,22,,,0,31,,93869,22,,,0,70,,93846,22,,,0,30,,93860,22,,,0,70,,93847,22,,,0,72,,93870,22,,,0,29,,93853,22,,,0,30,,93861,22,,,0,145,,93865,22,,,0
2101,'5458',559,,93876,22,,,0,69,,93892,22,,,0,22,,93878,22,,,0,55,,93907,22,,,0,16,,93877,26,,,0,15,,93917,26,,,0,16,,93900,26,,,0,58,,93880,26,,,0,16,,93904,26,,,0,17,,93891,26,,,0,15,,93914,26,,,0,61,,93881,26,,,0,20,,93882,22,,,0,20,,93918,26,,,0,59,,93899,22,,,0,20,,93879,26,,,0,20,,93905,22,,,0,61,,93912,26,,,0,20,,93883,22,,,0,20,,93884,26,,,0,64,,93921,22,,,0,20,,93898,26,,,0,60,,93885,22,,,0,21,,93906,26,,,0,19,,93913,22,,,0,61,,93886,26,,,0,22,,93887,22,,,0,21,,93924,26,,,0,60,,93916,26,,,0,18,,93894,26,,,0,14,,93890,22,,,0,64,,93925,26,,,0,19,,93902,26,,,0,17,,93908,26,,,0,20,,93888,26,,,0,54,,93889,26,,,0,17,,93923,22,,,0,19,,93922,26,,,0,60,,93901,26,,,0,18,,93893,26,,,0,30,,93909,22,,,0,70,,93895,22,,,0,31,,93919,22,,,0,70,,93896,22,,,0,30,,93910,22,,,0,70,,93897,22,,,0,72,,93920,22,,,0,29,,93903,22,,,0,30,,93911,22,,,0,145,,93915,22,,,0
2101,'5459',649,,93956,22,,,0,70,,93938,22,,,0,31,,93947,22,,,0,71,,93930,22,,,0,30,,93957,22,,,0,69,,93939,22,,,0,30,,93948,22,,,0,67,,93926,22,,,0,28,,93928,22,,,0,69,,93949,22,,,0,31,,93933,22,,,0,69,,93941,22,,,0,28,,93927,22,,,0,70,,93929,22,,,0,29,,93950,22,,,0,70,,93934,22,,,0,31,,93942,22,,,0,71,,93931,22,,,0,30,,93932,22,,,0,73,,93951,22,,,0,30,,93935,22,,,0,69,,93944,22,,,0,31,,93937,22,,,0,70,,93936,22,,,0,31,,93952,22,,,0,70,,93940,22,,,0,36,,93943,22,,,0,76,,93945,22,,,0,29,,93954,22,,,0,70,,93946,22,,,0,72,,93955,22,,,0,30,,93953,22,,,0,70,,93958,22,,,0,104,,93959,22,,,0
2101,'5460',657,,93973,22,,,0,80,,93963,22,,,0,80,,93974,22,,,0,36,,93972,22,,,0,65,,93960,22,,,0,28,,93962,22,,,0,70,,93975,22,,,0,29,,93961,22,,,0,70,,93976,22,,,0,29,,93965,22,,,0,70,,93964,22,,,0,30,,93977,22,,,0,68,,93966,22,,,0,30,,93978,22,,,0,70,,93979,22,,,0,29,,93980,22,,,0,71,,93968,22,,,0,32,,93969,22,,,0,73,,93970,22,,,0,29,,93971,22,,,0,71,,93967,22,,,0,30,,93981,22,,,0,72,,93982,22,,,0,35,,93983,22,,,0,104,,93984,22,,,0,101,,93985,22,,,0,142,,93986,22,,,0,100,,93987,22,,,0,103,,93988,22,,,0
2101,'5461',657,,94002,22,,,0,80,,93992,22,,,0,80,,94003,22,,,0,36,,94001,22,,,0,65,,93989,22,,,0,28,,93991,22,,,0,70,,94004,22,,,0,29,,93990,22,,,0,70,,94005,22,,,0,29,,93994,22,,,0,70,,93993,22,,,0,30,,94006,22,,,0,68,,93995,22,,,0,30,,94007,22,,,0,70,,94008,22,,,0,29,,94009,22,,,0,71,,93997,22,,,0,32,,93998,22,,,0,73,,93999,22,,,0,29,,94000,22,,,0,71,,93996,22,,,0,30,,94010,22,,,0,72,,94011,22,,,0,35,,94012,22,,,0,104,,94013,22,,,0,101,,94014,22,,,0,142,,94015,22,,,0,100,,94016,22,,,0,103,,94017,22,,,0
2101,'5462',657,,94031,22,,,0,80,,94021,22,,,0,80,,94032,22,,,0,36,,94030,22,,,0,65,,94018,22,,,0,28,,94020,22,,,0,70,,94033,22,,,0,29,,94019,22,,,0,70,,94034,22,,,0,29,,94023,22,,,0,70,,94022,22,,,0,30,,94035,22,,,0,68,,94024,22,,,0,30,,94036,22,,,0,70,,94037,22,,,0,29,,94038,22,,,0,71,,94026,22,,,0,32,,94027,22,,,0,73,,94028,22,,,0,29,,94029,22,,,0,71,,94025,22,,,0,30,,94039,22,,,0,72,,94040,22,,,0,35,,94041,22,,,0,104,,94042,22,,,0,101,,94043,22,,,0,142,,94044,22,,,0,100,,94045,22,,,0,103,,94046,22,,,0
2101,'5463',657,,94060,22,,,0,80,,94050,22,,,0,80,,94061,22,,,0,36,,94059,22,,,0,65,,94047,22,,,0,28,,94049,22,,,0,70,,94062,22,,,0,29,,94048,22,,,0,70,,94063,22,,,0,29,,94052,22,,,0,70,,94051,22,,,0,30,,94064,22,,,0,68,,94053,22,,,0,30,,94065,22,,,0,70,,94066,22,,,0,29,,94067,22,,,0,71,,94055,22,,,0,32,,94056,22,,,0,73,,94057,22,,,0,29,,94058,22,,,0,71,,94054,22,,,0,30,,94068,22,,,0,72,,94069,22,,,0,35,,94070,22,,,0,104,,94071,22,,,0,101,,94072,22,,,0,142,,94073,22,,,0,100,,94074,22,,,0,103,,94075,22,,,0
2201,'5456',611,,94260,42,,,0,29,,94263,42,,,0,90,,94267,34,,,0,27,,94261,48,,,0,72,,94262,48,,,0,71,,94264,48,,,0,100,,94266,48,,,0,29,,94265,48,,,0,30,,94268,48,,,0,98,,94269,48,,,0,69,,94270,34,,,0,29,,94271,34,,,0,100,,94272,34,,,0,72,,94273,34,,,0,101,,94274,34,,,0,31,,94275,34,,,0,70,,94276,34,,,0,99,,94277,34,,,0,76,,94278,34,,,0,98,,94279,34,,,0,31,,94280,34,,,0,103,,94282,34,,,0,71,,94281,34,,,0,48,,94283,34,0,5 49,0
2201,'5458',611,,94284,42,,,0,29,,94287,42,,,0,90,,94291,34,,,0,27,,94285,48,,,0,72,,94286,48,,,0,71,,94288,48,,,0,100,,94290,48,,,0,29,,94289,48,,,0,30,,94292,48,,,0,98,,94293,48,,,0,69,,94294,34,,,0,29,,94295,34,,,0,100,,94296,34,,,0,72,,94297,34,,,0,101,,94298,34,,,0,31,,94299,34,,,0,70,,94300,34,,,0,99,,94301,34,,,0,76,,94302,34,,,0,98,,94303,34,,,0,31,,94304,34,,,0,103,,94306,34,,,0,71,,94305,34,,,0,48,,94307,34,0,5 49,0
2201,'5459',728,,94318,34,,,0,79,,94329,34,,,0,29,,94314,34,,,0,69,,94308,34,,,0,30,,94317,34,,,0,70,,94330,34,,,0,28,,94313,34,,,0,69,,94312,34,,,0,31,,94315,34,,,0,69,,94310,34,,,0,28,,94334,34,,,0,70,,94311,34,,,0,28,,94316,34,,,0,30,,94309,34,,,0,70,,94322,34,,,0,31,,94333,34,,,0,69,,94324,34,,,0,31,,94320,34,,,0,71,,94323,34,,,0,74,,94325,34,,,0,31,,94321,34,,,0,71,,94319,34,,,0,30,,94327,34,,,0,72,,94326,34,,,0,27,,94332,34,,,0,68,,94328,34,,,0,32,,94335,34,,,0,71,,94331,34,,,0,48,,94336,34,0,5 49,0
2201,'5460',757,,94345,34,,,0,80,,94346,34,,,0,69,,94338,34,,,0,28,,94339,34,,,0,70,,94348,34,,,0,29,,94347,34,,,0,69,,94337,34,,,0,30,,94341,34,,,0,70,,94342,34,,,0,30,,94340,34,,,0,68,,94344,34,,,0,30,,94343,34,,,0,70,,94350,34,,,0,30,,94351,34,,,0,70,,94349,34,,,0,30,,94353,34,,,0,75,,94352,34,,,0,30,,94355,34,,,0,70,,94354,34,,,0,30,,94356,34,,,0,72,,94357,34,,,0,30,,94358,34,,,0,91,,94359,34,0,5,0,101,,94360,34,0,5,0,110,,94361,34,0,5,0
2201,'5461',757,,94370,34,,,0,80,,94371,34,,,0,69,,94363,34,,,0,28,,94364,34,,,0,70,,94373,34,,,0,29,,94372,34,,,0,69,,94362,34,,,0,30,,94366,34,,,0,70,,94367,34,,,0,30,,94365,34,,,0,68,,94369,34,,,0,30,,94368,34,,,0,70,,94375,34,,,0,30,,94376,34,,,0,70,,94374,34,,,0,30,,94378,34,,,0,75,,94377,34,,,0,30,,94380,34,,,0,70,,94379,34,,,0,30,,94381,34,,,0,72,,94382,34,,,0,30,,94383,34,,,0,91,,94384,34,0,5,0,101,,94385,34,0,5,0,110,,94386,34,0,5,0
2201,'5462',757,,94395,34,,,0,80,,94396,34,,,0,69,,94388,34,,,0,28,,94389,34,,,0,70,,94398,34,,,0,29,,94397,34,,,0,69,,94387,34,,,0,30,,94391,34,,,0,70,,94392,34,,,0,30,,94390,34,,,0,68,,94394,34,,,0,30,,94393,34,,,0,70,,94400,34,,,0,30,,94401,34,,,0,70,,94399,34,,,0,30,,94403,34,,,0,75,,94402,34,,,0,30,,94405,34,,,0,70,,94404,34,,,0,30,,94406,34,,,0,72,,94407,34,,,0,30,,94408,34,,,0,91,,94409,34,0,5,0,101,,94410,34,0,5,0,110,,94411,34,0,5,0
2201,'5463',757,,94420,34,,,0,80,,94421,34,,,0,69,,94413,34,,,0,28,,94414,34,,,0,70,,94423,34,,,0,29,,94422,34,,,0,69,,94412,34,,,0,30,,94416,34,,,0,70,,94417,34,,,0,30,,94415,34,,,0,68,,94419,34,,,0,30,,94418,34,,,0,70,,94425,34,,,0,30,,94426,34,,,0,70,,94424,34,,,0,30,,94428,34,,,0,75,,94427,34,,,0,30,,94430,34,,,0,70,,94429,34,,,0,30,,94431,34,,,0,72,,94432,34,,,0,30,,94433,34,,,0,91,,94434,34,0,5,0,101,,94435,34,0,5,0,110,,94436,34,0,5,0
1002201,'5456',711,,103718,36,,,0,218,,103719,36,,,0,199,,103720,36,,,0,197,,103721,22,,,0,134,,103722,22,,,0,66,,103724,22,0,5 49,0,175,,103723,22,,,0,132,,103725,22,,,0,173,,103726,22,,,0
1002201,'5458',711,,103727,36,,,0,218,,103728,36,,,0,199,,103729,36,,,0,197,,103730,22,,,0,99,,103731,22,0,5 49,0,35,,103732,22,,,0,241,,103733,22,,,0,132,,103734,22,,,0,173,,103735,22,,,0
