3201,'5456',734,,97813,37,4,,0,84,,97816,37,4,,0
3201,'5458',734,,97831,37,4,,0,84,,97834,37,4,,0
4700,'5456',715,,98600,53,4,,0,25,,98598,53,4,,0,69,,98599,53,4,,0
4700,'5458',715,,98603,53,4,,0,25,,98601,53,4,,0,69,,98602,53,4,,0
4800,'5456',712,,98610,57,4,,0,28,,98611,57,4,,0,71,,98612,57,4,,0
4800,'5458',712,,98613,57,4,,0,28,,98614,57,4,,0,71,,98615,57,4,,0
5300,'5456',750,,99175,50,4,,0
5300,'5458',750,,99186,50,4,,0
6100,'5456',614,,100420,77,4,,0,45,,100418,77,4,,0,56,,100419,77,4,,0,24,,100412,77,4,,0,66,,100411,77,4,,0,19,,100406,77,4,,0,18,,100405,77,4,,0,68,,100404,77,4,,0
6100,'5458',614,,100459,77,4,,0,45,,100457,77,4,,0,56,,100458,77,4,,0,24,,100451,77,4,,0,66,,100450,77,4,,0,19,,100445,77,4,,0,18,,100444,77,4,,0,68,,100443,77,4,,0
6500,'5456',640,,100802,62,4,,0,106,,100801,62,4,,0,68,,100800,62,4,,0,41,,100799,62,4,,0
6500,'5458',640,,100806,62,4,,0,106,,100805,62,4,,0,68,,100804,62,4,,0,41,,100803,62,4,,0
7001,'5456',748,,100962,20,4,,0,108,,100972,20,4,,0,96,,100963,20,4,,0,99,,100969,20,4,,0,104,,100964,20,4,,0,99,,100965,20,4,,0,101,,100966,20,4,,0,102,,100967,20,4,,0,150,,100968,20,4,,0,98,,100970,20,4,,0,28,,100974,20,4,,0,69,,100971,20,4,,0,54,,100973,20,4,,0,97,,100975,20,4,,0,197,,100976,20,4,,0,198,,100977,20,4,,0
7001,'5458',748,,100978,20,4,,0,108,,100988,20,4,,0,96,,100979,20,4,,0,99,,100985,20,4,,0,104,,100980,20,4,,0,99,,100981,20,4,,0,101,,100982,20,4,,0,102,,100983,20,4,,0,150,,100984,20,4,,0,98,,100986,20,4,,0,28,,100990,20,4,,0,69,,100987,20,4,,0,54,,100989,20,4,,0,97,,100991,20,4,,0,197,,100992,20,4,,0,198,,100993,20,4,,0
7001,'5459',950,,100994,20,4,,0,102,,100995,20,4,,0,103,,100996,20,4,,0,102,,100997,20,4,,0,102,,100998,20,4,,0,146,,100999,20,4,,0,97,,101000,20,4,,0,57,,101001,20,4,,0,92,,101002,20,4,,0,99,,101003,20,4,,0,97,,101004,20,4,,0,199,,101005,20,4,,0,200,,101006,20,4,,0
7001,'5460',946,,101007,20,4,,0,203,,101008,20,4,,0,101,,101009,20,4,,0,104,,101010,20,4,,0,101,,101011,20,4,,0,100,,101012,20,4,,0,99,,101013,20,4,,0,100,,101014,20,4,,0,97,,101015,20,4,,0,100,,101016,20,4,,0,100,,101017,20,4,,0,96,,101018,20,4,,0,199,,101019,20,4,,0,97,,101020,20,4,,0
7001,'5461',946,,101021,20,4,,0,103,,101035,20,4,,0,100,,101022,20,4,,0,101,,101023,20,4,,0,104,,101024,20,4,,0,101,,101025,20,4,,0,100,,101026,20,4,,0,99,,101027,20,4,,0,100,,101028,20,4,,0,97,,101029,20,4,,0,100,,101030,20,4,,0,100,,101031,20,4,,0,96,,101032,20,4,,0,101,,101036,20,4,,0,98,,101033,20,4,,0,97,,101034,20,4,,0
7001,'5462',946,,101037,20,4,,0,103,,101051,20,4,,0,100,,101038,20,4,,0,101,,101039,20,4,,0,104,,101040,20,4,,0,101,,101041,20,4,,0,100,,101042,20,4,,0,99,,101043,20,4,,0,100,,101044,20,4,,0,97,,101045,20,4,,0,100,,101046,20,4,,0,100,,101047,20,4,,0,96,,101048,20,4,,0,101,,101052,20,4,,0,98,,101049,20,4,,0,97,,101050,20,4,,0
7001,'5463',946,,101053,20,4,,0,203,,101054,20,4,,0,101,,101055,20,4,,0,104,,101056,20,4,,0,101,,101057,20,4,,0,100,,101058,20,4,,0,99,,101059,20,4,,0,100,,101060,20,4,,0,97,,101061,20,4,,0,100,,101062,20,4,,0,100,,101063,20,4,,0,96,,101064,20,4,,0,199,,101065,20,4,,0,97,,101066,20,4,,0
7101,'5456',650,,101073,40,4,,0,73,,101074,40,4,,0,91,,101075,40,4,,0
7101,'5458',650,,101076,40,4,,0,73,,101077,40,4,,0,91,,101078,40,4,,0
7201,'5456',632,,101280,61,4,,0,82,,101283,61,4,,0,34,,101281,61,4,,0,75,,101285,61,4,,0,33,,101295,61,4,,0,60,,101290,61,4,,0,27,,101282,61,4,,0,69,,101284,61,4,,0,30,,101288,61,4,,0,71,,101286,61,4,,0,31,,101287,61,4,,0,75,,101294,61,4,,0,30,,101289,61,4,,0,70,,101291,61,4,,0,31,,101292,61,4,,0,70,,101299,61,4,,0,31,,101302,61,4,,0,73,,101293,61,4,,0,34,,101304,61,4,,0,71,,101308,61,4,,0,71,,101296,61,4,,0,25,,101297,61,4,,0,27,,101303,61,4,,0,67,,101311,61,4,,0,29,,101298,61,4,,0,67,,101305,61,4,,0,27,,101307,61,4,,0,68,,101300,61,4,,0,30,,101301,61,4,,0,70,,101310,61,4,,0,30,,101312,61,4,,0,70,,101306,61,4,,0
7201,'5457',1534,,101313,57,4,,0
7201,'5458',632,,101314,61,4,,0,82,,101317,61,4,,0,34,,101315,61,4,,0,75,,101319,61,4,,0,33,,101330,61,4,,0,60,,101324,61,4,,0,27,,101316,61,4,,0,69,,101318,61,4,,0,30,,101322,61,4,,0,71,,101320,61,4,,0,31,,101321,61,4,,0,75,,101329,61,4,,0,30,,101323,61,4,,0,70,,101325,61,4,,0,31,,101326,61,4,,0,70,,101334,61,4,,0,31,,101337,61,4,,0,73,,101328,61,4,,0,10,,101327,57,4,,0,24,,101339,61,4,,0,71,,101343,61,4,,0,71,,101331,61,4,,0,25,,101332,61,4,,0,27,,101338,61,4,,0,67,,101346,61,4,,0,29,,101333,61,4,,0,67,,101340,61,4,,0,27,,101342,61,4,,0,68,,101335,61,4,,0,30,,101336,61,4,,0,70,,101345,61,4,,0,30,,101347,61,4,,0,70,,101341,61,4,,0
7201,'5459',659,,101376,61,4,,0,145,,101349,61,4,,0,101,,101350,61,4,,0,33,,101351,61,4,,0,73,,101352,61,4,,0,30,,101353,61,4,,0,73,,101354,61,4,,0,31,,101355,61,4,,0,71,,101356,61,4,,0,30,,101357,61,4,,0,73,,101348,61,4,,0,30,,101358,61,4,,0,70,,101359,61,4,,0,32,,101360,61,4,,0,75,,101361,61,4,,0,28,,101362,61,4,,0,68,,101363,61,4,,0,32,,101364,61,4,,0,68,,101365,61,4,,0,26,,101366,61,4,,0,65,,101367,61,4,,0,30,,101368,61,4,,0,68,,101369,61,4,,0,28,,101370,61,4,,0,68,,101371,61,4,,0,30,,101372,61,4,,0,71,,101373,61,4,,0,28,,101374,61,4,,0,70,,101375,61,4,,0
7201,'5460',802,,101378,61,4,,0,102,,101379,61,4,,0,103,,101380,61,4,,0,106,,101381,61,4,,0,101,,101383,61,4,,0,31,,101384,61,4,,0,70,,101377,61,4,,0,31,,101382,61,4,,0,70,,101385,61,4,,0,31,,101387,61,4,,0,69,,101388,61,4,,0,31,,101389,61,4,,0,69,,101386,61,4,,0,29,,101390,61,4,,0,69,,101391,61,4,,0,30,,101392,61,4,,0,73,,101393,61,4,,0,28,,101394,61,4,,0,69,,101395,61,4,,0,29,,101396,61,4,,0,69,,101398,61,4,,0,29,,101397,61,4,,0,70,,101399,61,4,,0,29,,101400,61,4,,0,69,,101401,61,4,,0
7201,'5461',802,,101403,61,4,,0,102,,101404,61,4,,0,103,,101405,61,4,,0,106,,101406,61,4,,0,101,,101408,61,4,,0,31,,101409,61,4,,0,70,,101402,61,4,,0,31,,101407,61,4,,0,70,,101410,61,4,,0,31,,101412,61,4,,0,69,,101413,61,4,,0,31,,101414,61,4,,0,69,,101411,61,4,,0,29,,101415,61,4,,0,69,,101416,61,4,,0,30,,101417,61,4,,0,73,,101418,61,4,,0,28,,101419,61,4,,0,69,,101420,61,4,,0,29,,101421,61,4,,0,69,,101423,61,4,,0,29,,101422,61,4,,0,70,,101424,61,4,,0,29,,101425,61,4,,0,69,,101426,61,4,,0
7201,'5462',802,,101428,61,4,,0,102,,101429,61,4,,0,103,,101430,61,4,,0,106,,101431,61,4,,0,101,,101433,61,4,,0,31,,101434,61,4,,0,70,,101427,61,4,,0,31,,101432,61,4,,0,70,,101435,61,4,,0,31,,101437,61,4,,0,69,,101438,61,4,,0,31,,101439,61,4,,0,69,,101436,61,4,,0,29,,101440,61,4,,0,69,,101441,61,4,,0,30,,101442,61,4,,0,73,,101443,61,4,,0,28,,101444,61,4,,0,69,,101445,61,4,,0,29,,101446,61,4,,0,69,,101448,61,4,,0,29,,101447,61,4,,0,70,,101449,61,4,,0,29,,101450,61,4,,0,69,,101451,61,4,,0
7201,'5463',802,,101453,61,4,,0,102,,101454,61,4,,0,103,,101455,61,4,,0,106,,101456,61,4,,0,101,,101458,61,4,,0,31,,101459,61,4,,0,70,,101452,61,4,,0,31,,101457,61,4,,0,70,,101460,61,4,,0,31,,101462,61,4,,0,69,,101463,61,4,,0,31,,101464,61,4,,0,69,,101461,61,4,,0,29,,101465,61,4,,0,69,,101466,61,4,,0,30,,101467,61,4,,0,73,,101468,61,4,,0,28,,101469,61,4,,0,69,,101470,61,4,,0,29,,101471,61,4,,0,69,,101473,61,4,,0,29,,101472,61,4,,0,70,,101474,61,4,,0,29,,101475,61,4,,0,69,,101476,61,4,,0
9500,'5456',514,,102352,24,4,,0,25,,102353,24,4,,0,18,,102355,24,4,,0,55,,102356,24,4,,0,16,,102354,24,4,,0,12,,102357,24,4,,0,11,,102366,24,4,,0,52,,102376,24,4,,0,8,,102361,24,4,,0,9,,102360,24,4,,0,3,,102447,24,4,,0,4,,102365,24,4,,0,8,,102359,24,4,,0,8,,102362,24,4,,0,9,,102363,24,4,,0,49,,102358,24,4,,0,7,,102378,24,4,,0,8,,102372,24,4,,0,7,,102367,24,4,,0,9,,102379,24,4,,0,8,,102374,24,4,,0,9,,102371,24,4,,0,9,,102377,24,4,,0,50,,102375,24,4,,0,10,,102369,24,4,,0,9,,102364,24,4,,0,10,,102370,24,4,,0,11,,102368,24,4,,0,10,,102373,24,4,,0,50,,102381,24,4,,0,10,,102395,24,4,,0,10,,102391,24,4,,0,10,,102392,24,4,,0,11,,102393,24,4,,0,52,,102396,24,4,,0,13,,102386,24,4,,0,12,,102382,24,4,,0,12,,102387,24,4,,0,12,,102384,24,4,,0,53,,102380,24,4,,0,12,,102394,24,4,,0,12,,102388,24,4,,0,12,,102390,24,4,,0,12,,102389,24,4,,0,53,,102397,24,4,,0,13,,102385,24,4,,0,12,,102383,24,4,,0,12,,102406,24,4,,0,12,,102399,24,4,,0,52,,102436,24,4,,0,11,,102411,24,4,,0,10,,102403,24,4,,0,10,,102405,24,4,,0,10,,102408,24,4,,0,10,,102434,24,4,,0,51,,102407,24,4,,0,10,,102412,24,4,,0,11,,102404,24,4,,0,11,,102398,24,4,,0,11,,102437,24,4,,0,50,,102402,24,4,,0,10,,102413,24,4,,0,12,,102435,24,4,,0,10,,102410,24,4,,0,10,,102400,24,4,,0,11,,102401,24,4,,0,51,,102409,24,4,,0,9,,102446,24,4,,0,11,,102421,24,4,,0,8,,102423,24,4,,0,12,,102417,24,4,,0,13,,102441,24,4,,0,51,,102438,24,4,,0,13,,102445,24,4,,0,13,,102414,24,4,,0,11,,102418,24,4,,0,13,,102416,24,4,,0,52,,102422,24,4,,0,12,,102420,24,4,,0,12,,102424,24,4,,0,15,,102415,24,4,,0,55,,102439,24,4,,0,15,,102443,24,4,,0,15,,102419,24,4,,0,15,,102428,24,4,,0,55,,102430,24,4,,0,15,,102431,24,4,,0,15,,102426,24,4,,0,20,,102440,24,4,,0,60,,102444,24,4,,0,20,,102427,24,4,,0,20,,102429,24,4,,0,70,,102425,24,4,,0,30,,102442,24,4,,0,70,,102433,24,4,,0,30,,102432,24,4,,0
9500,'5458',514,,102448,24,4,,0,25,,102449,24,4,,0,18,,102451,24,4,,0,55,,102452,24,4,,0,16,,102450,24,4,,0,12,,102453,24,4,,0,11,,102462,24,4,,0,52,,102472,24,4,,0,8,,102457,24,4,,0,9,,102456,24,4,,0,3,,102546,24,4,,0,4,,102461,24,4,,0,8,,102455,24,4,,0,8,,102458,24,4,,0,9,,102459,24,4,,0,49,,102454,24,4,,0,7,,102474,24,4,,0,8,,102468,24,4,,0,7,,102463,24,4,,0,9,,102475,24,4,,0,8,,102470,24,4,,0,9,,102467,24,4,,0,9,,102473,24,4,,0,50,,102471,24,4,,0,10,,102465,24,4,,0,9,,102460,24,4,,0,10,,102466,24,4,,0,11,,102464,24,4,,0,10,,102469,24,4,,0,50,,102477,24,4,,0,10,,102491,24,4,,0,10,,102487,24,4,,0,10,,102488,24,4,,0,11,,102489,24,4,,0,52,,102492,24,4,,0,13,,102482,24,4,,0,12,,102478,24,4,,0,12,,102483,24,4,,0,12,,102480,24,4,,0,53,,102476,24,4,,0,12,,102490,24,4,,0,12,,102484,24,4,,0,12,,102486,24,4,,0,12,,102485,24,4,,0,53,,102493,24,4,,0,13,,102481,24,4,,0,12,,102479,24,4,,0,12,,102502,24,4,,0,12,,102495,24,4,,0,52,,102532,24,4,,0,11,,102507,24,4,,0,10,,102499,24,4,,0,10,,102501,24,4,,0,10,,102504,24,4,,0,10,,102530,24,4,,0,51,,102503,24,4,,0,10,,102508,24,4,,0,11,,102500,24,4,,0,11,,102494,24,4,,0,11,,102533,24,4,,0,50,,102498,24,4,,0,10,,102509,24,4,,0,12,,102531,24,4,,0,10,,102506,24,4,,0,10,,102496,24,4,,0,11,,102497,24,4,,0,51,,102505,24,4,,0,9,,102542,24,4,,0,11,,102517,24,4,,0,8,,102519,24,4,,0,12,,102513,24,4,,0,13,,102537,24,4,,0,51,,102534,24,4,,0,13,,102541,24,4,,0,13,,102510,24,4,,0,11,,102514,24,4,,0,13,,102512,24,4,,0,52,,102518,24,4,,0,12,,102516,24,4,,0,12,,102520,24,4,,0,15,,102511,24,4,,0,55,,102535,24,4,,0,15,,102539,24,4,,0,15,,102515,24,4,,0,15,,102524,24,4,,0,55,,102526,24,4,,0,15,,102527,24,4,,0,15,,102522,24,4,,0,20,,102536,24,4,,0,60,,102540,24,4,,0,20,,102523,24,4,,0,20,,102525,24,4,,0,70,,102521,24,4,,0,30,,102538,24,4,,0,70,,102529,24,4,,0,30,,102528,24,4,,0,70,,102543,24,4,,0,29,,102544,24,4,,0,70,,102545,24,4,,0
9500,'5459',629,,102547,24,4,,0,72,,102548,24,4,,0,22,,102549,24,4,,0,16,,102550,24,4,,0,15,,102551,24,4,,0,55,,102552,24,4,,0,16,,102553,24,4,,0,16,,102554,24,4,,0,15,,102555,24,4,,0,54,,102556,24,4,,0,15,,102557,24,4,,0,15,,102558,24,4,,0,15,,102559,24,4,,0,55,,102560,24,4,,0,15,,102561,24,4,,0,15,,102562,24,4,,0,15,,102563,24,4,,0,55,,102564,24,4,,0,15,,102565,24,4,,0,15,,102566,24,4,,0,14,,102567,24,4,,0,53,,102568,24,4,,0,12,,102569,24,4,,0,12,,102570,24,4,,0,12,,102571,24,4,,0,12,,102572,24,4,,0,52,,102573,24,4,,0,12,,102574,24,4,,0,12,,102575,24,4,,0,12,,102576,24,4,,0,12,,102577,24,4,,0,53,,102578,24,4,,0,12,,102579,24,4,,0,12,,102580,24,4,,0,12,,102581,24,4,,0,11,,102582,24,4,,0,52,,102583,24,4,,0,12,,102584,24,4,,0,12,,102585,24,4,,0,12,,102586,24,4,,0,12,,102587,24,4,,0,52,,102588,24,4,,0,12,,102589,24,4,,0,12,,102590,24,4,,0,13,,102591,24,4,,0,12,,102592,24,4,,0,52,,102593,24,4,,0,12,,102594,24,4,,0,12,,102595,24,4,,0,12,,102596,24,4,,0,12,,102597,24,4,,0,53,,102598,24,4,,0,12,,102599,24,4,,0,13,,102600,24,4,,0,15,,102601,24,4,,0,55,,102602,24,4,,0,15,,102603,24,4,,0,15,,102604,24,4,,0,15,,102605,24,4,,0,55,,102606,24,4,,0,15,,102607,24,4,,0,15,,102608,24,4,,0,15,,102609,24,4,,0,55,,102610,24,4,,0,15,,102611,24,4,,0,15,,102612,24,4,,0,20,,102613,24,4,,0,60,,102614,24,4,,0,20,,102615,24,4,,0,20,,102616,24,4,,0,71,,102617,24,4,,0,30,,102618,24,4,,0,69,,102619,24,4,,0,30,,102620,24,4,,0,68,,102621,24,4,,0,30,,102622,24,4,,0,70,,102623,24,4,,0
9500,'5460',632,,102624,24,4,,0,70,,102626,24,4,,0,20,,102627,24,4,,0,20,,102628,24,4,,0,60,,102629,24,4,,0,15,,102630,24,4,,0,15,,102625,24,4,,0,15,,102631,24,4,,0,55,,102632,24,4,,0,15,,102633,24,4,,0,15,,102634,24,4,,0,15,,102635,24,4,,0,55,,102636,24,4,,0,15,,102637,24,4,,0,15,,102639,24,4,,0,15,,102640,24,4,,0,55,,102638,24,4,,0,15,,102641,24,4,,0,15,,102642,24,4,,0,15,,102643,24,4,,0,55,,102644,24,4,,0,15,,102691,24,4,,0,15,,102645,24,4,,0,15,,102690,24,4,,0,54,,102646,24,4,,0,15,,102689,24,4,,0,15,,102647,24,4,,0,15,,102648,24,4,,0,55,,102649,24,4,,0,15,,102650,24,4,,0,15,,102651,24,4,,0,15,,102652,24,4,,0,55,,102653,24,4,,0,15,,102654,24,4,,0,13,,102655,24,4,,0,12,,102656,24,4,,0,12,,102657,24,4,,0,53,,102658,24,4,,0,12,,102659,24,4,,0,12,,102660,24,4,,0,13,,102661,24,4,,0,12,,102662,24,4,,0,52,,102663,24,4,,0,12,,102664,24,4,,0,14,,102665,24,4,,0,15,,102666,24,4,,0,56,,102667,24,4,,0,15,,102668,24,4,,0,15,,102669,24,4,,0,15,,102670,24,4,,0,55,,102671,24,4,,0,15,,102672,24,4,,0,15,,102673,24,4,,0,15,,102674,24,4,,0,55,,102675,24,4,,0,15,,102676,24,4,,0,15,,102677,24,4,,0,15,,102678,24,4,,0,55,,102679,24,4,,0,15,,102681,24,4,,0,15,,102682,24,4,,0,20,,102680,24,4,,0,60,,102683,24,4,,0,20,,102684,24,4,,0,20,,102685,24,4,,0,71,,102686,24,4,,0,30,,102687,24,4,,0,70,,102688,24,4,,0
9500,'5461',632,,102692,24,4,,0,70,,102694,24,4,,0,20,,102695,24,4,,0,20,,102696,24,4,,0,60,,102697,24,4,,0,15,,102698,24,4,,0,15,,102693,24,4,,0,15,,102699,24,4,,0,55,,102700,24,4,,0,15,,102701,24,4,,0,15,,102702,24,4,,0,15,,102703,24,4,,0,55,,102704,24,4,,0,15,,102705,24,4,,0,15,,102707,24,4,,0,15,,102708,24,4,,0,55,,102706,24,4,,0,15,,102709,24,4,,0,15,,102710,24,4,,0,15,,102711,24,4,,0,55,,102712,24,4,,0,15,,102759,24,4,,0,15,,102713,24,4,,0,15,,102758,24,4,,0,54,,102714,24,4,,0,15,,102757,24,4,,0,15,,102715,24,4,,0,15,,102716,24,4,,0,55,,102717,24,4,,0,15,,102718,24,4,,0,15,,102719,24,4,,0,15,,102720,24,4,,0,55,,102721,24,4,,0,15,,102722,24,4,,0,13,,102723,24,4,,0,12,,102724,24,4,,0,12,,102725,24,4,,0,53,,102726,24,4,,0,12,,102727,24,4,,0,12,,102728,24,4,,0,13,,102729,24,4,,0,12,,102730,24,4,,0,52,,102731,24,4,,0,12,,102732,24,4,,0,14,,102733,24,4,,0,15,,102734,24,4,,0,56,,102735,24,4,,0,15,,102736,24,4,,0,15,,102737,24,4,,0,15,,102738,24,4,,0,55,,102739,24,4,,0,15,,102740,24,4,,0,15,,102741,24,4,,0,15,,102742,24,4,,0,55,,102743,24,4,,0,15,,102744,24,4,,0,15,,102745,24,4,,0,15,,102746,24,4,,0,55,,102747,24,4,,0,15,,102749,24,4,,0,15,,102750,24,4,,0,20,,102748,24,4,,0,60,,102751,24,4,,0,20,,102752,24,4,,0,20,,102753,24,4,,0,71,,102754,24,4,,0,30,,102755,24,4,,0,70,,102756,24,4,,0
9500,'5462',632,,102760,24,4,,0,70,,102762,24,4,,0,20,,102763,24,4,,0,20,,102764,24,4,,0,60,,102765,24,4,,0,15,,102766,24,4,,0,15,,102761,24,4,,0,15,,102767,24,4,,0,55,,102768,24,4,,0,15,,102769,24,4,,0,15,,102770,24,4,,0,15,,102771,24,4,,0,55,,102772,24,4,,0,15,,102773,24,4,,0,15,,102775,24,4,,0,15,,102776,24,4,,0,55,,102774,24,4,,0,15,,102777,24,4,,0,15,,102778,24,4,,0,15,,102779,24,4,,0,55,,102780,24,4,,0,15,,102827,24,4,,0,15,,102781,24,4,,0,15,,102826,24,4,,0,54,,102782,24,4,,0,15,,102825,24,4,,0,15,,102783,24,4,,0,15,,102784,24,4,,0,55,,102785,24,4,,0,15,,102786,24,4,,0,15,,102787,24,4,,0,15,,102788,24,4,,0,55,,102789,24,4,,0,15,,102790,24,4,,0,13,,102791,24,4,,0,12,,102792,24,4,,0,12,,102793,24,4,,0,53,,102794,24,4,,0,12,,102795,24,4,,0,12,,102796,24,4,,0,13,,102797,24,4,,0,12,,102798,24,4,,0,52,,102799,24,4,,0,12,,102800,24,4,,0,14,,102801,24,4,,0,15,,102802,24,4,,0,56,,102803,24,4,,0,15,,102804,24,4,,0,15,,102805,24,4,,0,15,,102806,24,4,,0,55,,102807,24,4,,0,15,,102808,24,4,,0,15,,102809,24,4,,0,15,,102810,24,4,,0,55,,102811,24,4,,0,15,,102812,24,4,,0,15,,102813,24,4,,0,15,,102814,24,4,,0,55,,102815,24,4,,0,15,,102817,24,4,,0,15,,102818,24,4,,0,20,,102816,24,4,,0,60,,102819,24,4,,0,20,,102820,24,4,,0,20,,102821,24,4,,0,71,,102822,24,4,,0,30,,102823,24,4,,0,70,,102824,24,4,,0
9500,'5463',632,,102828,24,4,,0,70,,102830,24,4,,0,20,,102831,24,4,,0,20,,102832,24,4,,0,60,,102833,24,4,,0,15,,102834,24,4,,0,15,,102829,24,4,,0,15,,102835,24,4,,0,55,,102836,24,4,,0,15,,102837,24,4,,0,15,,102838,24,4,,0,15,,102839,24,4,,0,55,,102840,24,4,,0,15,,102841,24,4,,0,15,,102843,24,4,,0,15,,102844,24,4,,0,55,,102842,24,4,,0,15,,102845,24,4,,0,15,,102846,24,4,,0,15,,102847,24,4,,0,55,,102848,24,4,,0,15,,102895,24,4,,0,15,,102849,24,4,,0,15,,102894,24,4,,0,54,,102850,24,4,,0,15,,102893,24,4,,0,15,,102851,24,4,,0,15,,102852,24,4,,0,55,,102853,24,4,,0,15,,102854,24,4,,0,15,,102855,24,4,,0,15,,102856,24,4,,0,55,,102857,24,4,,0,15,,102858,24,4,,0,13,,102859,24,4,,0,12,,102860,24,4,,0,12,,102861,24,4,,0,53,,102862,24,4,,0,12,,102863,24,4,,0,12,,102864,24,4,,0,13,,102865,24,4,,0,12,,102866,24,4,,0,52,,102867,24,4,,0,12,,102868,24,4,,0,14,,102869,24,4,,0,15,,102870,24,4,,0,56,,102871,24,4,,0,15,,102872,24,4,,0,15,,102873,24,4,,0,15,,102874,24,4,,0,55,,102875,24,4,,0,15,,102876,24,4,,0,15,,102877,24,4,,0,15,,102878,24,4,,0,55,,102879,24,4,,0,15,,102880,24,4,,0,15,,102881,24,4,,0,15,,102882,24,4,,0,55,,102883,24,4,,0,15,,102885,24,4,,0,15,,102886,24,4,,0,20,,102884,24,4,,0,60,,102887,24,4,,0,20,,102888,24,4,,0,20,,102889,24,4,,0,71,,102890,24,4,,0,30,,102891,24,4,,0,70,,102892,24,4,,0
1007201,'5456',2313,,103776,64,4,,0,96,,103778,64,4,,0,98,,103777,64,4,,0
1007201,'5458',2313,,103779,64,4,,0,96,,103781,64,4,,0,98,,103780,64,4,,0
1007201,'5459',2314,,103782,64,4,,0,96,,103783,64,4,,0,96,,103784,64,4,,0
1007201,'5460',2312,,103785,64,4,,0,95,,103786,64,4,,0
1007201,'5461',2312,,103787,64,4,,0,95,,103788,64,4,,0
1007201,'5462',2312,,103789,64,4,,0,95,,103790,64,4,,0
1007201,'5463',2312,,103791,64,4,,0,95,,103792,64,4,,0
24007001,'5458',1348,,104142,19,4,,0,211,,104143,19,4,,0,198,,104144,19,4,,0,189,,104146,19,4,,0,197,,104145,19,4,,0
24007001,'5459',1150,,104147,19,4,,0,199,,104148,19,4,,0,205,,104149,19,4,,0,192,,104150,19,4,,0,197,,104151,19,4,,0,197,,104152,19,4,,0
24007001,'5460',1143,,104154,19,4,,0,206,,104155,19,4,,0,204,,104156,19,4,,0,195,,104157,19,4,,0,198,,104158,19,4,,0,196,,104159,19,4,,0
24007001,'5461',1143,,104161,19,4,,0,108,,104168,19,4,,0,98,,104162,19,4,,0,102,,104170,19,4,,0,102,,104163,19,4,,0,99,,104169,19,4,,0,96,,104164,19,4,,0,100,,104171,19,4,,0,98,,104165,19,4,,0,196,,104166,19,4,,0
24007001,'5462',1143,,104172,19,4,,0,108,,104179,19,4,,0,98,,104173,19,4,,0,102,,104181,19,4,,0,102,,104174,19,4,,0,99,,104180,19,4,,0,96,,104175,19,4,,0,100,,104182,19,4,,0,98,,104176,19,4,,0,196,,104177,19,4,,0
24007001,'5463',1143,,104183,19,4,,0,108,,104190,19,4,,0,98,,104184,19,4,,0,204,,104185,19,4,,0,99,,104191,19,4,,0,96,,104186,19,4,,0,198,,104187,19,4,,0,196,,104188,19,4,,0
