6100,'4832',646,,74518,20,0,30 14,0,104,,74519,20,0,30 14,0,83,,74520,20,0,30 14,0,96,,74521,20,0,30 14,0,82,,74522,20,0,30 14,0,46,,74523,20,0,30 14,0,97,,74524,20,0,30 14,0,83,,74525,20,0,30 14,0,101,,74526,20,0,30 14,0,93,,74527,20,0,30 14,0,103,,74528,20,0,30 14,0,79,,74529,20,0,30 14,0,102,,74530,20,0,30 14,0,86,,74531,20,0,30 14,0,103,,74532,20,0,30 14,0,46,,74533,20,0,30 14,0,86,,74534,20,0,30 14,0,101,,74535,20,0,30 14,0,93,,74536,20,0,30 14,0,101,,74537,20,0,30 14,0,75,,74538,20,0,30,0
6100,'5453',646,,81016,20,0,30 14,0,104,,81017,20,0,30 14,0,83,,81018,20,0,30 14,0,96,,81019,20,0,30 14,0,82,,81020,20,0,30 14,0,46,,81021,20,0,30 14,0,97,,81022,20,0,30 14,0,83,,81023,20,0,30 14,0,101,,81024,20,0,30 14,0,93,,81025,20,0,30 14,0,103,,81026,20,0,30 14,0,79,,81027,20,0,30 14,0,102,,81028,20,0,30 14,0,86,,81029,20,0,30 14,0,103,,81030,20,0,30 14,0,46,,81031,20,0,30 14,0,86,,81032,20,0,30 14,0,101,,81033,20,0,30 14,0,93,,81034,20,0,30 14,0,101,,81035,20,0,30 14,0,75,,81036,20,0,30,0
6100,'5456',530,,100420,38,,,0,77,,100418,38,,,0,12,,100419,38,,,0,21,,100412,38,,,0,60,,100411,38,,,0,20,,100406,38,,,0,19,,100405,38,,,0,68,,100404,38,,,0,18,,100424,20,0,30 14,0,80,,100417,20,0,30 14,0,36,,100413,20,0,30 14,0,64,,100422,20,0,30 14,0,36,,100407,20,0,30 14,0,88,,100414,20,0,30 14,0,76,,100421,20,0,30 14,0,35,,100408,20,0,30 14,0,74,,100415,20,0,30 14,0,39,,100423,20,0,30 14,0,70,,100409,20,0,30 14,0,80,,100416,20,0,30 14,0,33,,100403,20,0,30 14,0,67,,100425,20,0,30 14,0,15,,100402,20,0,30 14,0,26,,100401,20,0,30 14,0,79,,100398,20,0,30 14,0,29,,100410,20,0,30 14,0,65,,100400,20,0,30 14,0,28,,100393,20,0,30 14,0,72,,100392,20,0,30 14,0,31,,100399,20,0,30 14,0,70,,100394,20,0,30 14,0,95,,100389,20,0,30 14,0,41,,100395,20,0,30 14,0,104,,100390,20,0,30 14,0,73,,100396,20,0,30 14,0,100,,100391,20,0,30 14,0,75,,100397,20,0,30 14,0
6100,'5458',530,,100459,38,,,0,77,,100457,38,,,0,12,,100458,38,,,0,21,,100451,38,,,0,60,,100450,38,,,0,20,,100445,38,,,0,19,,100444,38,,,0,68,,100443,38,,,0,18,,100463,20,0,30 14,0,80,,100456,20,0,30 14,0,36,,100452,20,0,30 14,0,64,,100461,20,0,30 14,0,36,,100446,20,0,30 14,0,88,,100453,20,0,30 14,0,76,,100460,20,0,30 14,0,35,,100447,20,0,30 14,0,74,,100454,20,0,30 14,0,39,,100462,20,0,30 14,0,70,,100448,20,0,30 14,0,28,,100442,20,0,30 14,0,52,,100455,20,0,30 14,0,33,,100441,20,0,30 14,0,82,,100440,20,0,30 14,0,26,,100439,20,0,30 14,0,79,,100436,20,0,30 14,0,29,,100449,20,0,30 14,0,65,,100438,20,0,30 14,0,28,,100431,20,0,30 14,0,72,,100430,20,0,30 14,0,31,,100437,20,0,30 14,0,70,,100432,20,0,30 14,0,95,,100427,20,0,30 14,0,41,,100433,20,0,30 14,0,104,,100428,20,0,30 14,0,73,,100434,20,0,30 14,0,100,,100429,20,0,30 14,0,75,,100435,20,0,30 14,0,100,,100426,20,0,30,0
6100,'5459',642,,100465,20,0,30 14,0,99,,100466,20,0,30 14,0,82,,100464,20,0,30 14,0,98,,100467,20,0,30 14,0,95,,100468,20,0,30 14,0,42,,100469,20,0,30 14,0,75,,100470,20,0,30 14,0,88,,100471,20,0,30 14,0,35,,100472,20,0,30 14,0,75,,100473,20,0,30 14,0,76,,100474,20,0,30 14,0,36,,100475,20,0,30 14,0,77,,100476,20,0,30 14,0,37,,100477,20,0,30 14,0,66,,100478,20,0,30 14,0,78,,100479,20,0,30 14,0,41,,100480,20,0,30 14,0,72,,100481,20,0,30 14,0,31,,100482,20,0,30 14,0,71,,100483,20,0,30 14,0,33,,100484,20,0,30 14,0,83,,100485,20,0,30 14,0,81,,100486,20,0,30 14,0,41,,100487,20,0,30 14,0,103,,100488,20,0,30 14,0,73,,100489,20,0,30 14,0,100,,100490,20,0,30 14,0,78,,100491,20,0,30,0,100,,100492,20,0,30,0
6100,'5460',646,,100493,20,0,30 14,0,104,,100494,20,0,30 14,0,83,,100495,20,0,30 14,0,96,,100496,20,0,30 14,0,82,,100497,20,0,30 14,0,46,,100498,20,0,30 14,0,97,,100499,20,0,30 14,0,83,,100500,20,0,30 14,0,101,,100501,20,0,30 14,0,93,,100502,20,0,30 14,0,103,,100503,20,0,30 14,0,79,,100504,20,0,30 14,0,102,,100505,20,0,30 14,0,86,,100506,20,0,30 14,0,103,,100507,20,0,30 14,0,46,,100508,20,0,30 14,0,86,,100509,20,0,30 14,0,101,,100510,20,0,30 14,0,93,,100511,20,0,30 14,0,101,,100512,20,0,30 14,0,75,,100513,20,0,30,0
6100,'5461',646,,100514,20,0,30 14,0,104,,100515,20,0,30 14,0,83,,100516,20,0,30 14,0,96,,100517,20,0,30 14,0,82,,100518,20,0,30 14,0,46,,100519,20,0,30 14,0,97,,100520,20,0,30 14,0,83,,100521,20,0,30 14,0,101,,100522,20,0,30 14,0,93,,100523,20,0,30 14,0,103,,100524,20,0,30 14,0,79,,100525,20,0,30 14,0,102,,100526,20,0,30 14,0,86,,100527,20,0,30 14,0,103,,100528,20,0,30 14,0,46,,100529,20,0,30 14,0,86,,100530,20,0,30 14,0,101,,100531,20,0,30 14,0,93,,100532,20,0,30 14,0,101,,100533,20,0,30 14,0,75,,100534,20,0,30,0
6100,'5462',646,,100535,20,0,30 14,0,104,,100536,20,0,30 14,0,83,,100537,20,0,30 14,0,96,,100538,20,0,30 14,0,82,,100539,20,0,30 14,0,46,,100540,20,0,30 14,0,97,,100541,20,0,30 14,0,83,,100542,20,0,30 14,0,101,,100543,20,0,30 14,0,93,,100544,20,0,30 14,0,103,,100545,20,0,30 14,0,79,,100546,20,0,30 14,0,102,,100547,20,0,30 14,0,86,,100548,20,0,30 14,0,103,,100549,20,0,30 14,0,46,,100550,20,0,30 14,0,86,,100551,20,0,30 14,0,101,,100552,20,0,30 14,0,93,,100553,20,0,30 14,0,101,,100554,20,0,30 14,0,75,,100555,20,0,30,0
6100,'5463',646,,100556,20,0,30 14,0,104,,100557,20,0,30 14,0,83,,100558,20,0,30 14,0,96,,100559,20,0,30 14,0,82,,100560,20,0,30 14,0,46,,100561,20,0,30 14,0,97,,100562,20,0,30 14,0,83,,100563,20,0,30 14,0,101,,100564,20,0,30 14,0,93,,100565,20,0,30 14,0,103,,100566,20,0,30 14,0,79,,100567,20,0,30 14,0,102,,100568,20,0,30 14,0,86,,100569,20,0,30 14,0,103,,100570,20,0,30 14,0,46,,100571,20,0,30 14,0,86,,100572,20,0,30 14,0,101,,100573,20,0,30 14,0,93,,100574,20,0,30 14,0,101,,100575,20,0,30 14,0,75,,100576,20,0,30,0
6500,'5456',551,,100802,29,,,0,94,,100801,29,,,0,61,,100800,29,,,0,43,,100799,29,,,0
6500,'5458',551,,100806,29,,,0,94,,100805,29,,,0,61,,100804,29,,,0,43,,100803,29,,,0
