600,'5456',532,,89335,6,,,0,20,,89336,17,,,0,71,,89337,17,,,0,31,,89338,17,,,0,66,,89339,17,,,0,24,,89340,17,,,0,64,,89356,17,,,0,19,,89358,17,,,0,20,,89347,17,,,0,59,,89341,17,,,0,20,,89342,17,,,0,25,,89343,17,,,0,64,,89344,17,,,0,22,,89351,17,,,0,65,,89345,17,,,0,23,,89346,17,,,0,24,,89348,17,,,0,64,,89349,17,,,0,25,,89350,17,,,0,64,,89352,17,,,0,25,,89353,17,,,0,26,,89354,17,,,0,63,,89355,17,,,0,21,,89357,17,,,0,20,,89359,17,,,0,61,,89360,17,,,0,16,,89366,17,,,0,14,,89361,17,,,0,57,,89362,17,,,0,14,,89369,17,,,0,16,,89363,17,,,0,15,,89364,17,,,0,53,,89365,17,,,0,14,,89367,17,,,0,16,,89368,17,,,0,14,,89370,17,,,0,55,,89371,17,,,0,17,,89372,17,,,0,17,,89373,17,,,0,23,,89374,17,,,0,64,,89376,17,,,0,28,,89375,17,,,0,73,,89378,17,,,0,18,,89377,17,,,0,75,,89379,17,,,0,18,,89380,17,,,0,78,,89382,17,,,0,19,,89381,17,,,0,100,,89383,17,,,0,98,,89384,17,,,0
600,'5458',532,,89385,6,,,0,20,,89386,17,,,0,71,,89387,17,,,0,31,,89388,17,,,0,66,,89389,17,,,0,24,,89390,17,,,0,64,,89406,17,,,0,19,,89408,17,,,0,20,,89397,17,,,0,59,,89391,17,,,0,20,,89392,17,,,0,25,,89393,17,,,0,64,,89394,17,,,0,22,,89401,17,,,0,65,,89395,17,,,0,23,,89396,17,,,0,24,,89398,17,,,0,64,,89399,17,,,0,25,,89400,17,,,0,64,,89402,17,,,0,25,,89403,17,,,0,26,,89404,17,,,0,63,,89405,17,,,0,21,,89407,17,,,0,20,,89409,17,,,0,61,,89410,17,,,0,16,,89416,17,,,0,14,,89411,17,,,0,57,,89412,17,,,0,14,,89419,17,,,0,16,,89413,17,,,0,15,,89414,17,,,0,53,,89415,17,,,0,14,,89417,17,,,0,16,,89418,17,,,0,14,,89420,17,,,0,55,,89421,17,,,0,17,,89422,17,,,0,17,,89423,17,,,0,23,,89424,17,,,0,64,,89426,17,,,0,28,,89425,17,,,0,73,,89428,17,,,0,18,,89427,17,,,0,75,,89429,17,,,0,18,,89430,17,,,0,78,,89432,17,,,0,19,,89431,17,,,0,100,,89433,17,,,0,98,,89434,17,,,0,70,,89438,17,,,0,30,,89436,17,,,0,29,,89439,17,,,0,70,,89435,17,,,0,30,,89437,17,,,0
600,'5459',557,,89441,17,,,0,71,,89442,17,,,0,84,,89443,17,,,0,20,,89444,17,,,0,76,,89445,17,,,0,20,,89446,17,,,0,18,,89447,17,,,0,70,,89448,17,,,0,15,,89440,17,,,0,15,,89449,17,,,0,67,,89450,17,,,0,13,,89451,17,,,0,13,,89452,17,,,0,12,,89453,17,,,0,64,,89454,17,,,0,12,,89455,17,,,0,12,,89456,17,,,0,65,,89457,17,,,0,12,,89458,17,,,0,12,,89459,17,,,0,24,,89460,17,,,0,52,,89461,17,,,0,13,,89462,17,,,0,24,,89463,17,,,0,12,,89464,17,,,0,52,,89465,17,,,0,20,,89466,17,,,0,10,,89467,17,,,0,10,,89468,17,,,0,61,,89469,17,,,0,11,,89478,17,,,0,10,,89470,17,,,0,20,,89471,17,,,0,11,,89479,17,,,0,50,,89472,17,,,0,20,,89473,17,,,0,11,,89480,17,,,0,10,,89474,17,,,0,60,,89475,17,,,0,11,,89476,17,,,0,12,,89481,17,,,0,12,,89477,17,,,0,64,,89482,17,,,0,12,,89483,17,,,0,12,,89484,17,,,0,12,,89485,17,,,0,65,,89487,17,,,0,15,,89488,17,,,0,14,,89489,17,,,0,69,,89490,17,,,0,15,,89491,17,,,0,17,,89486,17,,,0,76,,89492,17,,,0,18,,89493,17,,,0,74,,89494,17,,,0,21,,89495,17,,,0,20,,89496,17,,,0,90,,89497,17,,,0,94,,89498,17,,,0,69,,89499,17,,,0,29,,89500,17,,,0,70,,89501,17,,,0,29,,89502,17,,,0,29,,89503,17,,,0
600,'5460',635,,89530,17,,,0,77,,89543,17,,,0,96,,89513,17,,,0,25,,89541,17,,,0,80,,89515,17,,,0,21,,89505,17,,,0,78,,89525,17,,,0,15,,89552,17,,,0,16,,89514,17,,,0,73,,89545,17,,,0,15,,89529,17,,,0,15,,89504,17,,,0,70,,89506,17,,,0,12,,89508,17,,,0,12,,89548,17,,,0,12,,89532,17,,,0,64,,89507,17,,,0,12,,89518,17,,,0,12,,89509,17,,,0,12,,89512,17,,,0,64,,89531,17,,,0,12,,89510,17,,,0,12,,89511,17,,,0,12,,89519,17,,,0,64,,89522,17,,,0,12,,89549,17,,,0,12,,89533,17,,,0,12,,89523,17,,,0,64,,89521,17,,,0,12,,89520,17,,,0,12,,89517,17,,,0,12,,89547,17,,,0,64,,89516,17,,,0,12,,89527,17,,,0,12,,89526,17,,,0,12,,89553,17,,,0,65,,89538,17,,,0,15,,89524,17,,,0,15,,89528,17,,,0,72,,89534,17,,,0,16,,89540,17,,,0,18,,89535,17,,,0,74,,89536,17,,,0,17,,89539,17,,,0,74,,89544,17,,,0,17,,89546,17,,,0,18,,89537,17,,,0,88,,89542,17,,,0,96,,89551,17,,,0,87,,89550,17,,,0
600,'5461',635,,89580,17,,,0,77,,89593,17,,,0,96,,89563,17,,,0,25,,89591,17,,,0,80,,89565,17,,,0,21,,89555,17,,,0,78,,89575,17,,,0,15,,89602,17,,,0,16,,89564,17,,,0,73,,89595,17,,,0,15,,89579,17,,,0,15,,89554,17,,,0,70,,89556,17,,,0,12,,89558,17,,,0,12,,89598,17,,,0,12,,89582,17,,,0,64,,89557,17,,,0,12,,89568,17,,,0,12,,89559,17,,,0,12,,89562,17,,,0,64,,89581,17,,,0,12,,89560,17,,,0,12,,89561,17,,,0,12,,89569,17,,,0,64,,89572,17,,,0,12,,89599,17,,,0,12,,89583,17,,,0,12,,89573,17,,,0,64,,89571,17,,,0,12,,89570,17,,,0,12,,89567,17,,,0,12,,89597,17,,,0,64,,89566,17,,,0,12,,89577,17,,,0,12,,89576,17,,,0,12,,89603,17,,,0,65,,89588,17,,,0,15,,89574,17,,,0,15,,89578,17,,,0,72,,89584,17,,,0,16,,89590,17,,,0,18,,89585,17,,,0,74,,89586,17,,,0,17,,89589,17,,,0,74,,89594,17,,,0,17,,89596,17,,,0,18,,89587,17,,,0,88,,89592,17,,,0,96,,89601,17,,,0,87,,89600,17,,,0
600,'5462',635,,89630,17,,,0,77,,89643,17,,,0,96,,89613,17,,,0,25,,89641,17,,,0,80,,89615,17,,,0,21,,89605,17,,,0,78,,89625,17,,,0,15,,89652,17,,,0,16,,89614,17,,,0,73,,89645,17,,,0,15,,89629,17,,,0,15,,89604,17,,,0,70,,89606,17,,,0,12,,89608,17,,,0,12,,89648,17,,,0,12,,89632,17,,,0,64,,89607,17,,,0,12,,89618,17,,,0,12,,89609,17,,,0,12,,89612,17,,,0,64,,89631,17,,,0,12,,89610,17,,,0,12,,89611,17,,,0,12,,89619,17,,,0,64,,89622,17,,,0,12,,89649,17,,,0,12,,89633,17,,,0,12,,89623,17,,,0,64,,89621,17,,,0,12,,89620,17,,,0,12,,89617,17,,,0,12,,89647,17,,,0,64,,89616,17,,,0,12,,89627,17,,,0,12,,89626,17,,,0,12,,89653,17,,,0,65,,89638,17,,,0,15,,89624,17,,,0,15,,89628,17,,,0,72,,89634,17,,,0,16,,89640,17,,,0,18,,89635,17,,,0,74,,89636,17,,,0,17,,89639,17,,,0,74,,89644,17,,,0,17,,89646,17,,,0,18,,89637,17,,,0,88,,89642,17,,,0,96,,89651,17,,,0,87,,89650,17,,,0
600,'5463',635,,89680,17,,,0,77,,89693,17,,,0,96,,89663,17,,,0,25,,89691,17,,,0,80,,89665,17,,,0,21,,89655,17,,,0,78,,89675,17,,,0,15,,89702,17,,,0,16,,89664,17,,,0,73,,89695,17,,,0,15,,89679,17,,,0,15,,89654,17,,,0,70,,89656,17,,,0,12,,89658,17,,,0,12,,89698,17,,,0,12,,89682,17,,,0,64,,89657,17,,,0,12,,89668,17,,,0,12,,89659,17,,,0,12,,89662,17,,,0,64,,89681,17,,,0,12,,89660,17,,,0,12,,89661,17,,,0,12,,89669,17,,,0,64,,89672,17,,,0,12,,89699,17,,,0,12,,89683,17,,,0,12,,89673,17,,,0,64,,89671,17,,,0,12,,89670,17,,,0,12,,89667,17,,,0,12,,89697,17,,,0,64,,89666,17,,,0,12,,89677,17,,,0,12,,89676,17,,,0,12,,89703,17,,,0,65,,89688,17,,,0,15,,89674,17,,,0,15,,89678,17,,,0,72,,89684,17,,,0,16,,89690,17,,,0,18,,89685,17,,,0,74,,89686,17,,,0,17,,89689,17,,,0,74,,89694,17,,,0,17,,89696,17,,,0,18,,89687,17,,,0,88,,89692,17,,,0,96,,89701,17,,,0,87,,89700,17,,,0
1700,'5456',752,,93601,3,,,0
1700,'5458',752,,93602,3,,,0
1000600,'5456',607,,103443,17,,,0,99,,103445,17,,,0,50,,103444,17,,,0,81,,103446,17,,,0,78,,103451,17,,,0,88,,103447,17,,,0,46,,103448,17,,,0,88,,103449,17,,,0,89,,103450,17,,,0,89,,103452,17,,,0,90,,103453,17,,,0,43,,103454,17,,,0,80,,103455,17,,,0,28,,103456,17,,,0,71,,103457,17,,,0,30,,103458,17,,,0,68,,103459,17,,,0,29,,103460,17,,,0,72,,103461,17,,,0,85,,103462,17,,,0,95,,103463,17,,,0,53,,103464,17,,,0,94,,103465,17,,,0,149,,103466,17,,,0,98,,103467,17,,,0
1000600,'5458',607,,103468,17,,,0,99,,103470,17,,,0,50,,103469,17,,,0,81,,103471,17,,,0,78,,103476,17,,,0,88,,103472,17,,,0,46,,103473,17,,,0,88,,103474,17,,,0,89,,103475,17,,,0,89,,103477,17,,,0,90,,103478,17,,,0,43,,103479,17,,,0,80,,103480,17,,,0,28,,103481,17,,,0,71,,103482,17,,,0,30,,103483,17,,,0,68,,103484,17,,,0,29,,103485,17,,,0,72,,103486,17,,,0,85,,103487,17,,,0,95,,103488,17,,,0,53,,103489,17,,,0,94,,103490,17,,,0,149,,103491,17,,,0,98,,103492,17,,,0
1000600,'5459',651,,103493,17,,,0,99,,103494,17,,,0,151,,103495,17,,,0,99,,103496,17,,,0,103,,103497,17,,,0,49,,103498,17,,,0,89,,103499,17,,,0,88,,103500,17,,,0,86,,103501,17,,,0,40,,103502,17,,,0,82,,103503,17,,,0,81,,103504,17,,,0,41,,103506,17,,,0,97,,103505,17,,,0,100,,103507,17,,,0,97,,103508,17,,,0,104,,103509,17,,,0,92,,103510,17,,,0,164,,103511,17,,,0,95,,103512,17,,,0
1000600,'5460',743,,103521,17,,,0,110,,103522,17,,,0,101,,103527,17,,,0,146,,103513,17,,,0,101,,103516,17,,,0,103,,103514,17,,,0,100,,103528,17,,,0,100,,103515,17,,,0,100,,103517,17,,,0,100,,103518,17,,,0,100,,103520,17,,,0,98,,103519,17,,,0,109,,103523,17,,,0,90,,103524,17,,,0,112,,103526,17,,,0,94,,103525,17,,,0
1000600,'5461',743,,103537,17,,,0,110,,103538,17,,,0,101,,103543,17,,,0,146,,103529,17,,,0,101,,103532,17,,,0,103,,103530,17,,,0,100,,103544,17,,,0,100,,103531,17,,,0,100,,103533,17,,,0,100,,103534,17,,,0,100,,103536,17,,,0,98,,103535,17,,,0,109,,103539,17,,,0,90,,103540,17,,,0,112,,103542,17,,,0,94,,103541,17,,,0
1000600,'5462',743,,103553,17,,,0,110,,103554,17,,,0,101,,103559,17,,,0,146,,103545,17,,,0,101,,103548,17,,,0,103,,103546,17,,,0,100,,103560,17,,,0,100,,103547,17,,,0,100,,103549,17,,,0,100,,103550,17,,,0,100,,103552,17,,,0,98,,103551,17,,,0,109,,103555,17,,,0,90,,103556,17,,,0,112,,103558,17,,,0,94,,103557,17,,,0
1000600,'5463',743,,103569,17,,,0,110,,103570,17,,,0,101,,103575,17,,,0,146,,103561,17,,,0,101,,103564,17,,,0,103,,103562,17,,,0,100,,103576,17,,,0,100,,103563,17,,,0,100,,103565,17,,,0,100,,103566,17,,,0,100,,103568,17,,,0,98,,103567,17,,,0,109,,103571,17,,,0,90,,103572,17,,,0,112,,103574,17,,,0,94,,103573,17,,,0
2000600,'5456',639,,103857,17,,,0,93,,103860,17,,,0,85,,103858,17,,,0,39,,103861,17,,,0,83,,103859,17,,,0,87,,103862,17,,,0,88,,103863,17,,,0,87,,103865,17,,,0,49,,103864,17,,,0,90,,103866,17,,,0,87,,103867,17,,,0,80,,103869,17,,,0,34,,103868,17,,,0,72,,103870,17,,,0,30,,103871,17,,,0,67,,103872,17,,,0,30,,103873,17,,,0,71,,103874,17,,,0,37,,103875,17,,,0,89,,103876,17,,,0
2000600,'5458',639,,103877,17,,,0,93,,103880,17,,,0,85,,103878,17,,,0,39,,103881,17,,,0,83,,103879,17,,,0,87,,103882,17,,,0,88,,103883,17,,,0,87,,103885,17,,,0,49,,103884,17,,,0,90,,103886,17,,,0,87,,103887,17,,,0,80,,103889,17,,,0,34,,103888,17,,,0,72,,103890,17,,,0,30,,103891,17,,,0,67,,103892,17,,,0,30,,103893,17,,,0,71,,103894,17,,,0,37,,103895,17,,,0,89,,103896,17,,,0
