6000,'5456',643,,100190,8,,,0,73,,100183,8,,,0,31,,100186,8,,,0,106,,100191,8,,,0,101,,100193,8,,,0,101,,100192,8,,,0,97,,100184,8,,,0,103,,100185,8,,,0,102,,100187,8,,,0,149,,100188,8,,,0,31,,100197,9,,,0,72,,100195,8,,,0,41,,100198,8,,,0,82,,100189,8,,,0,82,,100199,8,,,0,41,,100196,8,,,0,103,,100200,8,,,0,144,,100201,8,,,0,114,,100194,8,,,0
6000,'5458',643,,100209,8,,,0,73,,100202,8,,,0,31,,100205,8,,,0,106,,100210,8,,,0,101,,100212,8,,,0,101,,100211,8,,,0,97,,100203,8,,,0,103,,100204,8,,,0,102,,100206,8,,,0,82,,100214,9,,,0,67,,100207,8,,,0,103,,100215,8,,,0,41,,100217,8,,,0,82,,100208,8,,,0,82,,100218,8,,,0,41,,100216,8,,,0,103,,100219,8,,,0,144,,100220,8,,,0,114,,100213,8,,,0
6000,'5459',716,,100233,8,,,0,100,,100234,8,,,0,101,,100232,8,,,0,101,,100231,8,,,0,106,,100230,8,,,0,105,,100229,8,,,0,105,,100228,8,,,0,106,,100227,8,,,0,106,,100225,8,,,0,102,,100226,8,,,0,103,,100221,8,,,0,104,,100222,8,,,0,145,,100223,8,,,0,120,,100224,8,,,0
6000,'5460',817,,100235,8,,,0,101,,100236,8,,,0,101,,100238,8,,,0,106,,100237,8,,,0,105,,100242,8,,,0,105,,100241,8,,,0,105,,100240,8,,,0,105,,100239,8,,,0,102,,100245,8,,,0,103,,100246,8,,,0,104,,100247,8,,,0,105,,100244,8,,,0,160,,100243,8,,,0
6000,'5461',817,,100248,8,,,0,101,,100249,8,,,0,101,,100251,8,,,0,106,,100250,8,,,0,105,,100255,8,,,0,105,,100254,8,,,0,105,,100253,8,,,0,105,,100252,8,,,0,102,,100258,8,,,0,103,,100259,8,,,0,104,,100260,8,,,0,105,,100257,8,,,0,160,,100256,8,,,0
6000,'5462',817,,100261,8,,,0,101,,100262,8,,,0,101,,100264,8,,,0,106,,100263,8,,,0,105,,100268,8,,,0,105,,100267,8,,,0,105,,100266,8,,,0,105,,100265,8,,,0,102,,100271,8,,,0,103,,100272,8,,,0,104,,100273,8,,,0,105,,100270,8,,,0,160,,100269,8,,,0
6000,'5463',817,,100274,8,,,0,101,,100275,8,,,0,101,,100277,8,,,0,106,,100276,8,,,0,105,,100281,8,,,0,105,,100280,8,,,0,105,,100279,8,,,0,105,,100278,8,,,0,102,,100284,8,,,0,103,,100285,8,,,0,104,,100286,8,,,0,105,,100283,8,,,0,160,,100282,8,,,0
6001,'5456',723,,100290,21,0,28 37 14,0,78,,100287,21,0,28 37 14,0,33,,100289,21,0,28 37 14,0,79,,100288,21,0,28 37 14,0,92,,100294,21,0,28 37 14,0,101,,100295,21,0,28 37 14,0,101,,100296,21,0,28 37 14,0,103,,100297,21,0,28 37 14,0,111,,100293,21,0,28 37 14,0,97,,100291,21,0,28 37 14,0,91,,100292,21,0,28 37 14,0,44,,100304,21,0,28 37 14,0,81,,100303,21,0,28 37 14,0,85,,100298,21,0,28 37 14,0,100,,100299,21,0,28 37 14,0,99,,100300,21,0,28 37 14,0,110,,100301,21,0,28 37 14,0,107,,100302,21,0,28 37 14,0
6001,'5458',723,,100308,21,0,28 37 14,0,78,,100305,21,0,28 37 14,0,33,,100307,21,0,28 37 14,0,79,,100306,21,0,28 37 14,0,92,,100312,21,0,28 37 14,0,101,,100313,21,0,28 37 14,0,101,,100314,21,0,28 37 14,0,103,,100315,21,0,28 37 14,0,111,,100311,21,0,28 37 14,0,97,,100309,21,0,28 37 14,0,91,,100310,21,0,28 37 14,0,44,,100322,21,0,28 37 14,0,81,,100321,21,0,28 37 14,0,85,,100316,21,0,28 37 14,0,100,,100317,21,0,28 37 14,0,99,,100318,21,0,28 37 14,0,110,,100319,21,0,28 37 14,0,107,,100320,21,0,28 37 14,0
6001,'5459',733,,100334,21,0,28 37 14,0,101,,100335,21,0,28 37 14,0,100,,100336,21,0,28 37 14,0,101,,100333,21,0,28 37 14,0,105,,100332,21,0,28 37 14,0,105,,100331,21,0,28 37 14,0,106,,100330,21,0,28 37 14,0,105,,100329,21,0,28 37 14,0,144,,100328,21,0,28 37 14,0,105,,100327,21,0,28 37 14,0,105,,100326,21,0,28 37 14,0,105,,100325,21,0,28 37 14,0,104,,100324,21,0,28 37 14,0,107,,100323,21,0,28 37 14,0
6001,'5460',833,,100338,21,0,28 37 14,0,101,,100339,21,0,28 37 14,0,101,,100340,21,0,28 37 14,0,105,,100337,21,0,28 37 14,0,105,,100343,21,0,28 37 14,0,105,,100344,21,0,28 37 14,0,106,,100342,21,0,28 37 14,0,145,,100341,21,0,28 37 14,0,105,,100346,21,0,28 37 14,0,104,,100347,21,0,28 37 14,0,105,,100345,21,0,28 37 14,0,104,,100349,21,0,28 37 14,0,106,,100348,21,0,28 37 14,0
6001,'5461',833,,100351,21,0,28 37 14,0,101,,100352,21,0,28 37 14,0,101,,100353,21,0,28 37 14,0,105,,100350,21,0,28 37 14,0,105,,100356,21,0,28 37 14,0,105,,100357,21,0,28 37 14,0,106,,100355,21,0,28 37 14,0,145,,100354,21,0,28 37 14,0,105,,100359,21,0,28 37 14,0,104,,100360,21,0,28 37 14,0,105,,100358,21,0,28 37 14,0,104,,100362,21,0,28 37 14,0,106,,100361,21,0,28 37 14,0
6001,'5462',833,,100364,21,0,28 37 14,0,101,,100365,21,0,28 37 14,0,101,,100366,21,0,28 37 14,0,105,,100363,21,0,28 37 14,0,105,,100369,21,0,28 37 14,0,105,,100370,21,0,28 37 14,0,106,,100368,21,0,28 37 14,0,145,,100367,21,0,28 37 14,0,105,,100372,21,0,28 37 14,0,104,,100373,21,0,28 37 14,0,105,,100371,21,0,28 37 14,0,104,,100375,21,0,28 37 14,0,106,,100374,21,0,28 37 14,0
6001,'5463',833,,100377,21,0,28 37 14,0,101,,100378,21,0,28 37 14,0,101,,100379,21,0,28 37 14,0,105,,100376,21,0,28 37 14,0,105,,100382,21,0,28 37 14,0,105,,100383,21,0,28 37 14,0,106,,100381,21,0,28 37 14,0,145,,100380,21,0,28 37 14,0,105,,100385,21,0,28 37 14,0,104,,100386,21,0,28 37 14,0,105,,100384,21,0,28 37 14,0,104,,100388,21,0,28 37 14,0,106,,100387,21,0,28 37 14,0
