4801,'5456',1726,,98618,60,,,0,28,,98617,60,,,0,66,,98616,60,,,0
4801,'5458',1726,,98621,60,,,0,28,,98620,60,,,0,66,,98619,60,,,0
5301,'5456',820,,99236,42,,,0,114,,99233,42,,,0,200,,99232,42,,,0,122,,99237,33,,,0,173,,99238,33,,,0,193,,99239,33,,,0,101,,99234,52,,,0,129,,99235,33,,,0,167,,99240,33,,,0,129,,99241,33,,,0
5301,'5458',820,,99246,42,,,0,114,,99243,42,,,0,200,,99242,42,,,0,122,,99247,33,,,0,173,,99248,33,,,0,193,,99249,33,,,0,101,,99244,52,,,0,129,,99245,33,,,0,167,,99250,33,,,0,129,,99251,33,,,0
5301,'5459',806,,99257,42,,,0,202,,99258,42,,,0,214,,99256,42,,,0,209,,99253,33,,,0,211,,99254,33,,,0,209,,99255,33,,,0,200,,99252,33,,,0
5301,'5460',806,,99262,42,,,0,201,,99259,42,,,0,213,,99260,42,,,0,211,,99263,33,,,0,209,,99261,33,,,0,210,,99264,33,,,0,202,,99265,33,,,0
5301,'5461',806,,99269,42,,,0,201,,99266,42,,,0,213,,99267,42,,,0,211,,99270,33,,,0,209,,99268,33,,,0,210,,99271,33,,,0,202,,99272,33,,,0
5301,'5462',806,,99276,42,,,0,201,,99273,42,,,0,213,,99274,42,,,0,211,,99277,33,,,0,209,,99275,33,,,0,210,,99278,33,,,0,202,,99279,33,,,0
5301,'5463',806,,99283,42,,,0,201,,99280,42,,,0,213,,99281,42,,,0,211,,99284,33,,,0,209,,99282,33,,,0,210,,99285,33,,,0,202,,99286,33,,,0
5400,'5456',633,,99287,45,,,0,101,,99290,45,,,0,171,,99289,45,,,0,202,,99288,45,,,0,136,,99291,45,,,0,203,,99295,45,,,0,106,,99293,45,,,0,192,,99294,45,,,0,193,,99296,45,,,0,190,,99292,45,,,0
5400,'5458',633,,99297,45,,,0,101,,99300,45,,,0,171,,99299,45,,,0,202,,99298,45,,,0,136,,99301,45,,,0,203,,99305,45,,,0,106,,99303,45,,,0,192,,99304,45,,,0,193,,99306,45,,,0,190,,99302,45,,,0
5400,'5459',729,,99313,45,,,0,205,,99312,45,,,0,211,,99307,45,,,0,208,,99310,45,,,0,206,,99311,45,,,0,248,,99309,45,,,0,203,,99308,45,,,0
5400,'5460',728,,99314,45,,,0,204,,99316,45,,,0,212,,99317,45,,,0,207,,99318,45,,,0,205,,99315,45,,,0,250,,99319,45,,,0,202,,99320,45,,,0
5400,'5461',728,,99321,45,,,0,204,,99323,45,,,0,212,,99324,45,,,0,207,,99325,45,,,0,205,,99322,45,,,0,250,,99326,45,,,0,202,,99327,45,,,0
5400,'5462',728,,99328,45,,,0,204,,99330,45,,,0,212,,99331,45,,,0,207,,99332,45,,,0,205,,99329,45,,,0,250,,99333,45,,,0,202,,99334,45,,,0
5400,'5463',728,,99335,45,,,0,204,,99337,45,,,0,212,,99338,45,,,0,207,,99339,45,,,0,205,,99336,45,,,0,250,,99340,45,,,0,202,,99341,45,,,0
5500,'5456',633,,99397,41,,,0,172,,99401,41,,,0,133,,99400,41,,,0,214,,99399,41,,,0,198,,99398,41,,,0,177,,99402,41,,,0,106,,99406,41,,,0,179,,99404,41,,,0,147,,99403,41,,,0,197,,99405,41,,,0
5500,'5458',633,,99407,41,,,0,172,,99411,41,,,0,133,,99410,41,,,0,214,,99409,41,,,0,198,,99408,41,,,0,177,,99412,41,,,0,106,,99416,41,,,0,179,,99414,41,,,0,147,,99413,41,,,0,197,,99415,41,,,0
5500,'5459',827,,99423,41,,,0,202,,99419,41,,,0,214,,99420,41,,,0,204,,99421,41,,,0,210,,99422,41,,,0,248,,99418,41,,,0,224,,99417,41,,,0
5500,'5460',825,,99424,41,,,0,203,,99427,41,,,0,214,,99426,41,,,0,206,,99425,41,,,0,210,,99429,41,,,0,247,,99430,41,,,0,221,,99428,41,,,0
5500,'5461',825,,99431,41,,,0,203,,99434,41,,,0,214,,99433,41,,,0,206,,99432,41,,,0,210,,99436,41,,,0,247,,99437,41,,,0,221,,99435,41,,,0
5500,'5462',825,,99438,41,,,0,203,,99441,41,,,0,214,,99440,41,,,0,206,,99439,41,,,0,210,,99443,41,,,0,247,,99444,41,,,0,221,,99442,41,,,0
5500,'5463',825,,99445,41,,,0,203,,99448,41,,,0,214,,99447,41,,,0,206,,99446,41,,,0,210,,99450,41,,,0,247,,99451,41,,,0,221,,99449,41,,,0
5701,'5456',616,,99617,28,,,0,90,,99620,28,,,0,46,,99630,28,,,0,81,,99636,28,,,0,10,,99622,28,,,0,81,,99619,28,,,0,87,,99618,28,,,0,45,,99621,28,,,0,85,,99623,28,,,0,85,,99624,28,,,0,86,,99625,28,,,0,45,,99626,28,,,0,90,,99627,28,,,0,101,,99637,28,,,0,73,,99638,28,,,0,82,,99628,28,,,0,44,,99629,28,,,0,85,,99631,28,,,0,88,,99632,28,,,0,99,,99633,28,,,0,114,,99634,28,,,0,109,,99635,28,,,0
5701,'5458',616,,99639,28,,,0,90,,99642,28,,,0,46,,99652,28,,,0,81,,99658,28,,,0,10,,99644,28,,,0,81,,99641,28,,,0,87,,99640,28,,,0,45,,99643,28,,,0,85,,99645,28,,,0,85,,99646,28,,,0,86,,99647,28,,,0,45,,99648,28,,,0,90,,99649,28,,,0,101,,99659,28,,,0,73,,99660,28,,,0,82,,99650,28,,,0,44,,99651,28,,,0,85,,99653,28,,,0,88,,99654,28,,,0,99,,99655,28,,,0,114,,99656,28,,,0,109,,99657,28,,,0
5701,'5459',641,,99672,28,,,0,108,,99662,28,,,0,98,,99673,28,,,0,105,,99676,28,,,0,104,,99674,28,,,0,147,,99675,28,,,0,111,,99661,28,,,0,99,,99667,28,,,0,110,,99671,28,,,0,101,,99668,28,,,0,108,,99663,28,,,0,90,,99665,28,,,0,111,,99669,28,,,0,99,,99670,28,,,0,99,,99666,28,,,0,113,,99664,28,,,0
5701,'5460',749,,99680,28,,,0,100,,99677,28,,,0,105,,99679,28,,,0,101,,99678,28,,,0,147,,99681,28,,,0,110,,99684,28,,,0,100,,99682,28,,,0,110,,99685,28,,,0,100,,99683,28,,,0,109,,99689,28,,,0,90,,99691,28,,,0,111,,99690,28,,,0,100,,99688,28,,,0,99,,99687,28,,,0,85,,99686,28,,,0
5701,'5461',749,,99695,28,,,0,100,,99692,28,,,0,105,,99694,28,,,0,101,,99693,28,,,0,147,,99696,28,,,0,110,,99699,28,,,0,100,,99697,28,,,0,110,,99700,28,,,0,100,,99698,28,,,0,109,,99704,28,,,0,90,,99706,28,,,0,111,,99705,28,,,0,100,,99703,28,,,0,99,,99702,28,,,0,85,,99701,28,,,0
5701,'5462',749,,99710,28,,,0,100,,99707,28,,,0,105,,99709,28,,,0,101,,99708,28,,,0,147,,99711,28,,,0,110,,99714,28,,,0,100,,99712,28,,,0,110,,99715,28,,,0,100,,99713,28,,,0,109,,99719,28,,,0,90,,99721,28,,,0,111,,99720,28,,,0,100,,99718,28,,,0,99,,99717,28,,,0,85,,99716,28,,,0
5701,'5463',749,,99725,28,,,0,100,,99722,28,,,0,105,,99724,28,,,0,101,,99723,28,,,0,147,,99726,28,,,0,110,,99729,28,,,0,100,,99727,28,,,0,110,,99730,28,,,0,100,,99728,28,,,0,109,,99734,28,,,0,90,,99736,28,,,0,111,,99735,28,,,0,100,,99733,28,,,0,99,,99732,28,,,0,85,,99731,28,,,0
5800,'5456',633,,99746,15,,,0,71,,99745,15,,,0,41,,99740,15,,,0,80,,99739,15,,,0,27,,99747,15,,,0,68,,99737,15,,,0,83,,99738,15,,,0,46,,99741,15,,,0,85,,99742,15,,,0,85,,99743,15,,,0,85,,99744,15,,,0,47,,99748,15,,,0,90,,99749,15,,,0,63,,99758,16,,,0,18,,99750,15,,,0,20,,99759,15,,,0,63,,99751,15,,,0,50,,99752,15,,,0,88,,99753,15,,,0,85,,99754,15,,,0,85,,99760,15,,,0,144,,99755,15,,,0,150,,99756,15,,,0,108,,99757,15,,,0
5800,'5458',633,,99770,15,,,0,71,,99769,15,,,0,41,,99764,15,,,0,80,,99763,15,,,0,27,,99771,15,,,0,68,,99761,15,,,0,83,,99762,15,,,0,46,,99765,15,,,0,85,,99766,15,,,0,85,,99767,15,,,0,85,,99768,15,,,0,47,,99772,15,,,0,90,,99773,15,,,0,63,,99782,16,,,0,18,,99774,15,,,0,20,,99783,15,,,0,63,,99775,15,,,0,50,,99776,15,,,0,88,,99777,15,,,0,85,,99778,15,,,0,85,,99784,15,,,0,144,,99779,15,,,0,150,,99780,15,,,0,108,,99781,15,,,0
5800,'5459',706,,99797,15,,,0,100,,99798,15,,,0,101,,99799,15,,,0,106,,99800,15,,,0,106,,99795,15,,,0,105,,99796,15,,,0,100,,99794,15,,,0,112,,99792,15,,,0,100,,99793,15,,,0,109,,99791,15,,,0,99,,99786,15,,,0,104,,99787,15,,,0,99,,99788,15,,,0,105,,99789,15,,,0,154,,99790,15,,,0,110,,99785,15,,,0
5800,'5460',805,,99801,15,,,0,102,,99805,15,,,0,105,,99802,15,,,0,107,,99806,15,,,0,105,,99804,15,,,0,100,,99807,15,,,0,111,,99803,15,,,0,100,,99808,15,,,0,109,,99809,15,,,0,99,,99811,15,,,0,103,,99810,15,,,0,100,,99812,15,,,0,105,,99813,15,,,0,199,,99814,15,,,0
5800,'5461',805,,99815,15,,,0,102,,99819,15,,,0,105,,99816,15,,,0,107,,99820,15,,,0,105,,99818,15,,,0,100,,99821,15,,,0,111,,99817,15,,,0,100,,99822,15,,,0,109,,99823,15,,,0,99,,99825,15,,,0,103,,99824,15,,,0,100,,99826,15,,,0,105,,99827,15,,,0,199,,99828,15,,,0
5800,'5462',805,,99829,15,,,0,102,,99833,15,,,0,105,,99830,15,,,0,107,,99834,15,,,0,105,,99832,15,,,0,100,,99835,15,,,0,111,,99831,15,,,0,100,,99836,15,,,0,109,,99837,15,,,0,99,,99839,15,,,0,103,,99838,15,,,0,100,,99840,15,,,0,105,,99841,15,,,0,199,,99842,15,,,0
5800,'5463',805,,99843,15,,,0,102,,99847,15,,,0,105,,99844,15,,,0,107,,99848,15,,,0,105,,99846,15,,,0,100,,99849,15,,,0,111,,99845,15,,,0,100,,99850,15,,,0,109,,99851,15,,,0,99,,99853,15,,,0,103,,99852,15,,,0,100,,99854,15,,,0,105,,99855,15,,,0,199,,99856,15,,,0
5900,'5456',654,,99981,36,,,0,103,,99982,36,,,0,82,,99979,36,,,0,12,,99996,36,,,0,97,,99980,36,,,0,92,,99986,36,,,0,101,,99987,36,,,0,102,,99988,36,,,0,103,,99983,36,,,0,112,,99984,36,,,0,144,,99985,36,,,0,43,,99989,36,,,0,83,,99995,36,,,0,80,,99994,36,,,0,44,,99990,36,,,0,97,,99991,36,,,0,99,,99992,36,,,0,110,,99993,36,,,0
5900,'5458',654,,99999,36,,,0,103,,100000,36,,,0,82,,99997,36,,,0,12,,100014,36,,,0,97,,99998,36,,,0,92,,100004,36,,,0,101,,100005,36,,,0,102,,100006,36,,,0,103,,100001,36,,,0,112,,100002,36,,,0,144,,100003,36,,,0,43,,100007,36,,,0,83,,100013,36,,,0,80,,100012,36,,,0,44,,100008,36,,,0,97,,100009,36,,,0,99,,100010,36,,,0,110,,100011,36,,,0
5900,'5459',801,,100028,36,,,0,102,,100027,36,,,0,103,,100026,36,,,0,102,,100025,36,,,0,105,,100024,36,,,0,106,,100023,36,,,0,106,,100022,36,,,0,105,,100021,36,,,0,103,,100020,36,,,0,105,,100016,36,,,0,104,,100017,36,,,0,104,,100018,36,,,0,102,,100019,36,,,0,107,,100015,36,,,0
5900,'5460',801,,100029,36,,,0,101,,100030,36,,,0,102,,100031,36,,,0,102,,100033,36,,,0,106,,100032,36,,,0,106,,100037,36,,,0,105,,100035,36,,,0,107,,100036,36,,,0,104,,100034,36,,,0,105,,100039,36,,,0,102,,100040,36,,,0,105,,100038,36,,,0,102,,100041,36,,,0
5900,'5461',801,,100042,36,,,0,101,,100043,36,,,0,102,,100044,36,,,0,102,,100046,36,,,0,106,,100045,36,,,0,106,,100050,36,,,0,105,,100048,36,,,0,107,,100049,36,,,0,104,,100047,36,,,0,105,,100052,36,,,0,102,,100053,36,,,0,105,,100051,36,,,0,102,,100054,36,,,0
5900,'5462',801,,100055,36,,,0,101,,100056,36,,,0,102,,100057,36,,,0,102,,100059,36,,,0,106,,100058,36,,,0,106,,100063,36,,,0,105,,100061,36,,,0,107,,100062,36,,,0,104,,100060,36,,,0,105,,100065,36,,,0,102,,100066,36,,,0,105,,100064,36,,,0,102,,100067,36,,,0
5900,'5463',801,,100068,36,,,0,101,,100069,36,,,0,102,,100070,36,,,0,102,,100072,36,,,0,106,,100071,36,,,0,106,,100076,36,,,0,105,,100074,36,,,0,107,,100075,36,,,0,104,,100073,36,,,0,105,,100078,36,,,0,102,,100079,36,,,0,105,,100077,36,,,0,102,,100080,36,,,0
6000,'5456',700,,100190,30,,,0,33,,100183,30,,,0,71,,100186,30,,,0,106,,100191,30,,,0,101,,100193,30,,,0,101,,100192,30,,,0,98,,100184,30,,,0,103,,100185,30,,,0,102,,100187,30,,,0,112,,100188,30,,,0,31,,100197,31,,,0,70,,100195,30,,,0,80,,100198,30,,,0,41,,100189,30,,,0,82,,100199,30,,,0,80,,100196,30,,,0,102,,100200,30,,,0,104,,100201,30,,,0,112,,100194,30,,,0
6000,'5458',700,,100209,30,,,0,33,,100202,30,,,0,71,,100205,30,,,0,106,,100210,30,,,0,101,,100212,30,,,0,101,,100211,30,,,0,98,,100203,30,,,0,103,,100204,30,,,0,102,,100206,30,,,0,85,,100214,31,,,0,27,,100207,30,,,0,101,,100215,30,,,0,80,,100217,30,,,0,41,,100208,30,,,0,82,,100218,30,,,0,80,,100216,30,,,0,102,,100219,30,,,0,104,,100220,30,,,0,112,,100213,30,,,0
6000,'5459',730,,100233,30,,,0,101,,100234,30,,,0,102,,100232,30,,,0,102,,100231,30,,,0,107,,100230,30,,,0,105,,100229,30,,,0,105,,100228,30,,,0,106,,100227,30,,,0,146,,100225,30,,,0,102,,100226,30,,,0,101,,100221,30,,,0,103,,100222,30,,,0,104,,100223,30,,,0,119,,100224,30,,,0
6000,'5460',832,,100235,30,,,0,102,,100236,30,,,0,102,,100238,30,,,0,107,,100237,30,,,0,105,,100242,30,,,0,105,,100241,30,,,0,105,,100240,30,,,0,144,,100239,30,,,0,101,,100245,30,,,0,102,,100246,30,,,0,104,,100247,30,,,0,104,,100244,30,,,0,120,,100243,30,,,0
6000,'5461',832,,100248,30,,,0,102,,100249,30,,,0,102,,100251,30,,,0,107,,100250,30,,,0,105,,100255,30,,,0,105,,100254,30,,,0,105,,100253,30,,,0,144,,100252,30,,,0,101,,100258,30,,,0,102,,100259,30,,,0,104,,100260,30,,,0,104,,100257,30,,,0,120,,100256,30,,,0
6000,'5462',832,,100261,30,,,0,102,,100262,30,,,0,102,,100264,30,,,0,107,,100263,30,,,0,105,,100268,30,,,0,105,,100267,30,,,0,105,,100266,30,,,0,144,,100265,30,,,0,101,,100271,30,,,0,102,,100272,30,,,0,104,,100273,30,,,0,104,,100270,30,,,0,120,,100269,30,,,0
6000,'5463',832,,100274,30,,,0,102,,100275,30,,,0,102,,100277,30,,,0,107,,100276,30,,,0,105,,100281,30,,,0,105,,100280,30,,,0,105,,100279,30,,,0,144,,100278,30,,,0,101,,100284,30,,,0,102,,100285,30,,,0,104,,100286,30,,,0,104,,100283,30,,,0,120,,100282,30,,,0
6100,'5456',844,,100424,37,0,30 14,0,80,,100417,37,0,30 14,0,76,,100413,37,0,30 14,0,24,,100422,37,0,30 14,0,76,,100407,37,0,30 14,0,48,,100414,37,0,30 14,0,76,,100421,37,0,30 14,0,35,,100408,37,0,30 14,0,74,,100415,37,0,30 14,0,80,,100423,37,0,30 14,0,30,,100409,37,0,30 14,0,80,,100416,37,0,30 14,0,33,,100403,37,0,30 14,0,67,,100425,37,0,30 14,0,15,,100402,37,0,30 14,0,65,,100401,37,0,30 14,0,39,,100398,37,0,30 14,0,68,,100410,37,0,30 14,0,25,,100400,37,0,30 14,0,67,,100393,37,0,30 14,0,32,,100392,37,0,30 14,0,70,,100399,37,0,30 14,0,30,,100394,37,0,30 14,0,95,,100389,37,0,30 14,0,81,,100395,37,0,30 14,0,104,,100390,37,0,30 14,0,32,,100396,37,0,30 14,0,100,,100391,37,0,30 14,0,73,,100397,37,0,30 14,0
6100,'5458',844,,100463,37,0,30 14,0,80,,100456,37,0,30 14,0,76,,100452,37,0,30 14,0,24,,100461,37,0,30 14,0,76,,100446,37,0,30 14,0,48,,100453,37,0,30 14,0,76,,100460,37,0,30 14,0,35,,100447,37,0,30 14,0,74,,100454,37,0,30 14,0,80,,100462,37,0,30 14,0,30,,100448,37,0,30 14,0,68,,100442,37,0,30 14,0,12,,100455,37,0,30 14,0,33,,100441,37,0,30 14,0,82,,100440,37,0,30 14,0,65,,100439,37,0,30 14,0,39,,100436,37,0,30 14,0,68,,100449,37,0,30 14,0,25,,100438,37,0,30 14,0,67,,100431,37,0,30 14,0,32,,100430,37,0,30 14,0,70,,100437,37,0,30 14,0,30,,100432,37,0,30 14,0,95,,100427,37,0,30 14,0,81,,100433,37,0,30 14,0,104,,100428,37,0,30 14,0,32,,100434,37,0,30 14,0,100,,100429,37,0,30 14,0,73,,100435,37,0,30 14,0
6100,'5459',659,,100465,37,0,30 14,0,99,,100466,37,0,30 14,0,82,,100464,37,0,30 14,0,99,,100467,37,0,30 14,0,96,,100468,37,0,30 14,0,82,,100469,37,0,30 14,0,35,,100470,37,0,30 14,0,88,,100471,37,0,30 14,0,75,,100472,37,0,30 14,0,35,,100473,37,0,30 14,0,76,,100474,37,0,30 14,0,76,,100475,37,0,30 14,0,37,,100476,37,0,30 14,0,77,,100477,37,0,30 14,0,25,,100478,37,0,30 14,0,78,,100479,37,0,30 14,0,81,,100480,37,0,30 14,0,32,,100481,37,0,30 14,0,71,,100482,37,0,30 14,0,30,,100483,37,0,30 14,0,73,,100484,37,0,30 14,0,43,,100485,37,0,30 14,0,81,,100486,37,0,30 14,0,81,,100487,37,0,30 14,0,103,,100488,37,0,30 14,0,32,,100489,37,0,30 14,0,100,,100490,37,0,30 14,0
6100,'5460',702,,100493,37,0,30 14,0,104,,100494,37,0,30 14,0,43,,100495,37,0,30 14,0,97,,100496,37,0,30 14,0,83,,100497,37,0,30 14,0,86,,100498,37,0,30 14,0,97,,100499,37,0,30 14,0,44,,100500,37,0,30 14,0,101,,100501,37,0,30 14,0,93,,100502,37,0,30 14,0,103,,100503,37,0,30 14,0,77,,100504,37,0,30 14,0,102,,100505,37,0,30 14,0,86,,100506,37,0,30 14,0,102,,100507,37,0,30 14,0,86,,100508,37,0,30 14,0,46,,100509,37,0,30 14,0,101,,100510,37,0,30 14,0,92,,100511,37,0,30 14,0,101,,100512,37,0,30 14,0
6100,'5461',702,,100514,37,0,30 14,0,104,,100515,37,0,30 14,0,43,,100516,37,0,30 14,0,97,,100517,37,0,30 14,0,83,,100518,37,0,30 14,0,86,,100519,37,0,30 14,0,97,,100520,37,0,30 14,0,44,,100521,37,0,30 14,0,101,,100522,37,0,30 14,0,93,,100523,37,0,30 14,0,103,,100524,37,0,30 14,0,77,,100525,37,0,30 14,0,102,,100526,37,0,30 14,0,86,,100527,37,0,30 14,0,102,,100528,37,0,30 14,0,86,,100529,37,0,30 14,0,46,,100530,37,0,30 14,0,101,,100531,37,0,30 14,0,92,,100532,37,0,30 14,0,101,,100533,37,0,30 14,0
6100,'5462',702,,100535,37,0,30 14,0,104,,100536,37,0,30 14,0,43,,100537,37,0,30 14,0,97,,100538,37,0,30 14,0,83,,100539,37,0,30 14,0,86,,100540,37,0,30 14,0,97,,100541,37,0,30 14,0,44,,100542,37,0,30 14,0,101,,100543,37,0,30 14,0,93,,100544,37,0,30 14,0,103,,100545,37,0,30 14,0,77,,100546,37,0,30 14,0,102,,100547,37,0,30 14,0,86,,100548,37,0,30 14,0,102,,100549,37,0,30 14,0,86,,100550,37,0,30 14,0,46,,100551,37,0,30 14,0,101,,100552,37,0,30 14,0,92,,100553,37,0,30 14,0,101,,100554,37,0,30 14,0
6100,'5463',702,,100556,37,0,30 14,0,104,,100557,37,0,30 14,0,43,,100558,37,0,30 14,0,97,,100559,37,0,30 14,0,83,,100560,37,0,30 14,0,86,,100561,37,0,30 14,0,97,,100562,37,0,30 14,0,44,,100563,37,0,30 14,0,101,,100564,37,0,30 14,0,93,,100565,37,0,30 14,0,103,,100566,37,0,30 14,0,77,,100567,37,0,30 14,0,102,,100568,37,0,30 14,0,86,,100569,37,0,30 14,0,102,,100570,37,0,30 14,0,86,,100571,37,0,30 14,0,46,,100572,37,0,30 14,0,101,,100573,37,0,30 14,0,92,,100574,37,0,30 14,0,101,,100575,37,0,30 14,0
6400,'5456',745,,100772,62,,,0,507,,100775,93,,,0,580,,100774,78,,,0
6400,'5458',745,,100779,62,,,0,507,,100782,93,,,0,580,,100781,78,,,0
9501,'5456',514,,102898,10,0,15,0,26,,102896,24,0,15,0,67,,102897,24,0,15,0,21,,102899,24,0,15,0,15,,102900,24,0,15,0,12,,102904,24,0,15,0,54,,102903,24,0,15,0,12,,102906,24,0,15,0,12,,102901,24,0,15,0,13,,102913,24,0,15,0,13,,102915,24,0,15,0,54,,102914,24,0,15,0,12,,102905,24,0,15,0,13,,102912,24,0,15,0,13,,102911,24,0,15,0,51,,102902,24,0,15,0,12,,102907,24,0,15,0,11,,102910,24,0,15,0,12,,102909,24,0,15,0,12,,102908,24,0,15,0,52,,102916,24,0,15,0,12,,102930,24,0,15,0,12,,102920,24,0,15,0,12,,102929,24,0,15,0,13,,102934,24,0,15,0,52,,102918,24,0,15,0,11,,102931,24,0,15,0,13,,102926,24,0,15,0,12,,102928,24,0,15,0,13,,102923,24,0,15,0,52,,102933,24,0,15,0,13,,102924,24,0,15,0,12,,102919,24,0,15,0,12,,102925,24,0,15,0,12,,102921,24,0,15,0,52,,102917,24,0,15,0,12,,102932,24,0,15,0,11,,102922,24,0,15,0,12,,102927,24,0,15,0,10,,102977,24,0,15,0,10,,102944,24,0,15,0,51,,102948,24,0,15,0,10,,102943,24,0,15,0,11,,102936,24,0,15,0,10,,102984,24,0,15,0,10,,102942,24,0,15,0,50,,102937,24,0,15,0,12,,102978,24,0,15,0,11,,102947,24,0,15,0,11,,102940,24,0,15,0,11,,102941,24,0,15,0,11,,102946,24,0,15,0,51,,102975,24,0,15,0,10,,102945,24,0,15,0,10,,102949,24,0,15,0,10,,102938,24,0,15,0,9,,102986,24,0,15,0,8,,102935,24,0,15,0,48,,102981,24,0,15,0,7,,102939,24,0,15,0,8,,102991,24,0,15,0,8,,102951,24,0,15,0,8,,102979,24,0,15,0,7,,102963,24,0,15,0,6,,102993,24,0,15,0,1,,102956,24,0,15,0,6,,102976,24,0,15,0,47,,102955,24,0,15,0,7,,102961,24,0,15,0,8,,102992,24,0,15,0,9,,102959,24,0,15,0,7,,102958,24,0,15,0,7,,102965,24,0,15,0,10,,102953,24,0,15,0,10,,102985,24,0,15,0,49,,102983,24,0,15,0,11,,102990,24,0,15,0,12,,102950,24,0,15,0,12,,102957,24,0,15,0,11,,102954,24,0,15,0,51,,102962,24,0,15,0,12,,102960,24,0,15,0,12,,102964,24,0,15,0,14,,102952,24,0,15,0,13,,102982,24,0,15,0,55,,102989,24,0,15,0,15,,102970,24,0,15,0,15,,102969,24,0,15,0,15,,102971,24,0,15,0,55,,102973,24,0,15,0,14,,102967,24,0,15,0,19,,102980,24,0,15,0,60,,102987,24,0,15,0,19,,102968,24,0,15,0,20,,102972,24,0,15,0,66,,102966,24,0,15,0,29,,102988,24,0,15,0,70,,102974,24,0,15,0
9501,'5458',514,,102996,10,0,15,0,26,,102994,24,0,15,0,67,,102995,24,0,15,0,21,,102997,24,0,15,0,15,,102998,24,0,15,0,12,,103002,24,0,15,0,54,,103001,24,0,15,0,12,,103004,24,0,15,0,12,,102999,24,0,15,0,13,,103011,24,0,15,0,13,,103013,24,0,15,0,54,,103012,24,0,15,0,12,,103003,24,0,15,0,13,,103010,24,0,15,0,13,,103009,24,0,15,0,51,,103000,24,0,15,0,12,,103005,24,0,15,0,11,,103008,24,0,15,0,12,,103007,24,0,15,0,12,,103006,24,0,15,0,52,,103014,24,0,15,0,12,,103028,24,0,15,0,12,,103018,24,0,15,0,12,,103027,24,0,15,0,13,,103032,24,0,15,0,52,,103016,24,0,15,0,11,,103029,24,0,15,0,13,,103024,24,0,15,0,12,,103026,24,0,15,0,13,,103021,24,0,15,0,52,,103031,24,0,15,0,13,,103022,24,0,15,0,12,,103017,24,0,15,0,12,,103023,24,0,15,0,12,,103019,24,0,15,0,52,,103015,24,0,15,0,12,,103030,24,0,15,0,11,,103020,24,0,15,0,12,,103025,24,0,15,0,10,,103076,24,0,15,0,10,,103042,24,0,15,0,51,,103046,24,0,15,0,10,,103041,24,0,15,0,11,,103034,24,0,15,0,10,,103083,24,0,15,0,10,,103040,24,0,15,0,50,,103035,24,0,15,0,12,,103077,24,0,15,0,11,,103045,24,0,15,0,11,,103038,24,0,15,0,11,,103039,24,0,15,0,11,,103044,24,0,15,0,51,,103074,24,0,15,0,10,,103043,24,0,15,0,10,,103047,24,0,15,0,10,,103036,24,0,15,0,9,,103085,24,0,15,0,8,,103033,24,0,15,0,48,,103080,24,0,15,0,7,,103037,24,0,15,0,8,,103090,24,0,15,0,8,,103049,24,0,15,0,8,,103078,24,0,15,0,7,,103061,24,0,15,0,6,,103095,24,0,15,0,1,,103054,24,0,15,0,6,,103075,24,0,15,0,47,,103053,24,0,15,0,7,,103059,24,0,15,0,8,,103091,24,0,15,0,9,,103057,24,0,15,0,7,,103056,24,0,15,0,7,,103063,24,0,15,0,10,,103051,24,0,15,0,10,,103084,24,0,15,0,49,,103082,24,0,15,0,11,,103089,24,0,15,0,12,,103048,24,0,15,0,12,,103055,24,0,15,0,11,,103052,24,0,15,0,51,,103060,24,0,15,0,12,,103058,24,0,15,0,12,,103062,24,0,15,0,14,,103050,24,0,15,0,13,,103081,24,0,15,0,55,,103088,24,0,15,0,15,,103068,24,0,15,0,15,,103067,24,0,15,0,15,,103069,24,0,15,0,55,,103071,24,0,15,0,14,,103065,24,0,15,0,19,,103079,24,0,15,0,60,,103086,24,0,15,0,19,,103066,24,0,15,0,20,,103070,24,0,15,0,66,,103064,24,0,15,0,29,,103087,24,0,15,0,70,,103073,24,0,15,0,29,,103072,24,0,15,0,70,,103092,24,0,15,0,30,,103093,24,0,15,0,70,,103094,24,0,15,0
9501,'5459',638,,103097,24,0,15,0,78,,103098,24,0,15,0,20,,103099,24,0,15,0,20,,103100,24,0,15,0,60,,103101,24,0,15,0,15,,103102,24,0,15,0,15,,103096,24,0,15,0,55,,103103,24,0,15,0,16,,103104,24,0,15,0,15,,103105,24,0,15,0,17,,103106,24,0,15,0,55,,103107,24,0,15,0,16,,103108,24,0,15,0,15,,103109,24,0,15,0,16,,103110,24,0,15,0,55,,103111,24,0,15,0,16,,103112,24,0,15,0,16,,103113,24,0,15,0,15,,103114,24,0,15,0,57,,103115,24,0,15,0,15,,103116,24,0,15,0,15,,103117,24,0,15,0,14,,103118,24,0,15,0,53,,103119,24,0,15,0,12,,103120,24,0,15,0,12,,103121,24,0,15,0,12,,103122,24,0,15,0,12,,103123,24,0,15,0,52,,103124,24,0,15,0,12,,103125,24,0,15,0,12,,103126,24,0,15,0,12,,103127,24,0,15,0,13,,103128,24,0,15,0,53,,103129,24,0,15,0,12,,103130,24,0,15,0,12,,103131,24,0,15,0,12,,103132,24,0,15,0,13,,103133,24,0,15,0,52,,103134,24,0,15,0,12,,103135,24,0,15,0,11,,103136,24,0,15,0,11,,103137,24,0,15,0,12,,103138,24,0,15,0,51,,103139,24,0,15,0,11,,103140,24,0,15,0,12,,103141,24,0,15,0,12,,103142,24,0,15,0,12,,103143,24,0,15,0,52,,103144,24,0,15,0,12,,103145,24,0,15,0,12,,103146,24,0,15,0,12,,103147,24,0,15,0,12,,103148,24,0,15,0,52,,103149,24,0,15,0,12,,103150,24,0,15,0,12,,103151,24,0,15,0,14,,103152,24,0,15,0,15,,103153,24,0,15,0,54,,103154,24,0,15,0,14,,103155,24,0,15,0,15,,103156,24,0,15,0,15,,103157,24,0,15,0,55,,103158,24,0,15,0,15,,103159,24,0,15,0,14,,103160,24,0,15,0,15,,103161,24,0,15,0,55,,103162,24,0,15,0,15,,103163,24,0,15,0,20,,103164,24,0,15,0,60,,103165,24,0,15,0,19,,103166,24,0,15,0,20,,103167,24,0,15,0,66,,103168,24,0,15,0,28,,103169,24,0,15,0,70,,103170,24,0,15,0,30,,103171,24,0,15,0,68,,103172,24,0,15,0,30,,103173,24,0,15,0,70,,103174,24,0,15,0
9501,'5460',723,,103175,24,0,15,0,30,,103176,24,0,15,0,59,,103177,24,0,15,0,20,,103178,24,0,15,0,20,,103179,24,0,15,0,55,,103180,24,0,15,0,15,,103181,24,0,15,0,16,,103182,24,0,15,0,15,,103183,24,0,15,0,56,,103184,24,0,15,0,15,,103185,24,0,15,0,15,,103186,24,0,15,0,16,,103191,24,0,15,0,55,,103187,24,0,15,0,15,,103188,24,0,15,0,16,,103189,24,0,15,0,15,,103192,24,0,15,0,56,,103193,24,0,15,0,16,,103190,24,0,15,0,15,,103194,24,0,15,0,15,,103195,24,0,15,0,55,,103196,24,0,15,0,15,,103197,24,0,15,0,15,,103198,24,0,15,0,15,,103199,24,0,15,0,56,,103200,24,0,15,0,15,,103201,24,0,15,0,15,,103202,24,0,15,0,15,,103203,24,0,15,0,55,,103204,24,0,15,0,15,,103205,24,0,15,0,15,,103206,24,0,15,0,15,,103207,24,0,15,0,56,,103208,24,0,15,0,13,,103209,24,0,15,0,12,,103210,24,0,15,0,11,,103211,24,0,15,0,53,,103212,24,0,15,0,12,,103213,24,0,15,0,12,,103214,24,0,15,0,12,,103215,24,0,15,0,12,,103216,24,0,15,0,52,,103217,24,0,15,0,12,,103218,24,0,15,0,14,,103219,24,0,15,0,15,,103220,24,0,15,0,14,,103221,24,0,15,0,54,,103222,24,0,15,0,14,,103223,24,0,15,0,15,,103224,24,0,15,0,15,,103225,24,0,15,0,55,,103226,24,0,15,0,15,,103227,24,0,15,0,15,,103228,24,0,15,0,13,,103229,24,0,15,0,55,,103230,24,0,15,0,15,,103231,24,0,15,0,15,,103232,24,0,15,0,15,,103233,24,0,15,0,55,,103234,24,0,15,0,15,,103236,24,0,15,0,19,,103235,24,0,15,0,60,,103237,24,0,15,0,18,,103238,24,0,15,0,20,,103239,24,0,15,0,72,,103240,24,0,15,0,35,,103241,24,0,15,0
9501,'5461',723,,103242,24,0,15,0,30,,103243,24,0,15,0,59,,103244,24,0,15,0,20,,103245,24,0,15,0,20,,103246,24,0,15,0,55,,103247,24,0,15,0,15,,103248,24,0,15,0,16,,103249,24,0,15,0,15,,103250,24,0,15,0,56,,103251,24,0,15,0,15,,103252,24,0,15,0,15,,103253,24,0,15,0,16,,103258,24,0,15,0,55,,103254,24,0,15,0,15,,103255,24,0,15,0,16,,103256,24,0,15,0,15,,103259,24,0,15,0,56,,103260,24,0,15,0,16,,103257,24,0,15,0,15,,103261,24,0,15,0,15,,103262,24,0,15,0,55,,103263,24,0,15,0,15,,103264,24,0,15,0,15,,103265,24,0,15,0,15,,103266,24,0,15,0,56,,103267,24,0,15,0,15,,103268,24,0,15,0,15,,103269,24,0,15,0,15,,103270,24,0,15,0,55,,103271,24,0,15,0,15,,103272,24,0,15,0,15,,103273,24,0,15,0,15,,103274,24,0,15,0,56,,103275,24,0,15,0,13,,103276,24,0,15,0,12,,103277,24,0,15,0,11,,103278,24,0,15,0,53,,103279,24,0,15,0,12,,103280,24,0,15,0,12,,103281,24,0,15,0,12,,103282,24,0,15,0,12,,103283,24,0,15,0,52,,103284,24,0,15,0,12,,103285,24,0,15,0,14,,103286,24,0,15,0,15,,103287,24,0,15,0,14,,103288,24,0,15,0,54,,103289,24,0,15,0,14,,103290,24,0,15,0,15,,103291,24,0,15,0,15,,103292,24,0,15,0,55,,103293,24,0,15,0,15,,103294,24,0,15,0,15,,103295,24,0,15,0,13,,103296,24,0,15,0,55,,103297,24,0,15,0,15,,103298,24,0,15,0,15,,103299,24,0,15,0,15,,103300,24,0,15,0,55,,103301,24,0,15,0,15,,103303,24,0,15,0,19,,103302,24,0,15,0,60,,103304,24,0,15,0,18,,103305,24,0,15,0,20,,103306,24,0,15,0,72,,103307,24,0,15,0,35,,103308,24,0,15,0
9501,'5462',723,,103309,24,0,15,0,30,,103310,24,0,15,0,59,,103311,24,0,15,0,20,,103312,24,0,15,0,20,,103313,24,0,15,0,55,,103314,24,0,15,0,15,,103315,24,0,15,0,16,,103316,24,0,15,0,15,,103317,24,0,15,0,56,,103318,24,0,15,0,15,,103319,24,0,15,0,15,,103320,24,0,15,0,16,,103325,24,0,15,0,55,,103321,24,0,15,0,15,,103322,24,0,15,0,16,,103323,24,0,15,0,15,,103326,24,0,15,0,56,,103327,24,0,15,0,16,,103324,24,0,15,0,15,,103328,24,0,15,0,15,,103329,24,0,15,0,55,,103330,24,0,15,0,15,,103331,24,0,15,0,15,,103332,24,0,15,0,15,,103333,24,0,15,0,56,,103334,24,0,15,0,15,,103335,24,0,15,0,15,,103336,24,0,15,0,15,,103337,24,0,15,0,55,,103338,24,0,15,0,15,,103339,24,0,15,0,15,,103340,24,0,15,0,15,,103341,24,0,15,0,56,,103342,24,0,15,0,13,,103343,24,0,15,0,12,,103344,24,0,15,0,11,,103345,24,0,15,0,53,,103346,24,0,15,0,12,,103347,24,0,15,0,12,,103348,24,0,15,0,12,,103349,24,0,15,0,12,,103350,24,0,15,0,52,,103351,24,0,15,0,12,,103352,24,0,15,0,14,,103353,24,0,15,0,15,,103354,24,0,15,0,14,,103355,24,0,15,0,54,,103356,24,0,15,0,14,,103357,24,0,15,0,15,,103358,24,0,15,0,15,,103359,24,0,15,0,55,,103360,24,0,15,0,15,,103361,24,0,15,0,15,,103362,24,0,15,0,13,,103363,24,0,15,0,55,,103364,24,0,15,0,15,,103365,24,0,15,0,15,,103366,24,0,15,0,15,,103367,24,0,15,0,55,,103368,24,0,15,0,15,,103370,24,0,15,0,19,,103369,24,0,15,0,60,,103371,24,0,15,0,18,,103372,24,0,15,0,20,,103373,24,0,15,0,72,,103374,24,0,15,0,35,,103375,24,0,15,0
9501,'5463',723,,103376,24,0,15,0,30,,103377,24,0,15,0,59,,103378,24,0,15,0,20,,103379,24,0,15,0,20,,103380,24,0,15,0,55,,103381,24,0,15,0,15,,103382,24,0,15,0,16,,103383,24,0,15,0,15,,103384,24,0,15,0,56,,103385,24,0,15,0,15,,103386,24,0,15,0,15,,103387,24,0,15,0,16,,103392,24,0,15,0,55,,103388,24,0,15,0,15,,103389,24,0,15,0,16,,103390,24,0,15,0,15,,103393,24,0,15,0,56,,103394,24,0,15,0,16,,103391,24,0,15,0,15,,103395,24,0,15,0,15,,103396,24,0,15,0,55,,103397,24,0,15,0,15,,103398,24,0,15,0,15,,103399,24,0,15,0,15,,103400,24,0,15,0,56,,103401,24,0,15,0,15,,103402,24,0,15,0,15,,103403,24,0,15,0,15,,103404,24,0,15,0,55,,103405,24,0,15,0,15,,103406,24,0,15,0,15,,103407,24,0,15,0,15,,103408,24,0,15,0,56,,103409,24,0,15,0,13,,103410,24,0,15,0,12,,103411,24,0,15,0,11,,103412,24,0,15,0,53,,103413,24,0,15,0,12,,103414,24,0,15,0,12,,103415,24,0,15,0,12,,103416,24,0,15,0,12,,103417,24,0,15,0,52,,103418,24,0,15,0,12,,103419,24,0,15,0,14,,103420,24,0,15,0,15,,103421,24,0,15,0,14,,103422,24,0,15,0,54,,103423,24,0,15,0,14,,103424,24,0,15,0,15,,103425,24,0,15,0,15,,103426,24,0,15,0,55,,103427,24,0,15,0,15,,103428,24,0,15,0,15,,103429,24,0,15,0,13,,103430,24,0,15,0,55,,103431,24,0,15,0,15,,103432,24,0,15,0,15,,103433,24,0,15,0,15,,103434,24,0,15,0,55,,103435,24,0,15,0,15,,103437,24,0,15,0,19,,103436,24,0,15,0,60,,103438,24,0,15,0,18,,103439,24,0,15,0,20,,103440,24,0,15,0,72,,103441,24,0,15,0,35,,103442,24,0,15,0
24005101,'5456',1602,,104109,25,4,,0
24005101,'5458',1602,,104127,25,4,,0
