4600,'5456',604,,98547,13,,,0,17,,98548,13,,,0,23,,98557,13,,,0,66,,98559,13,,,0,39,,98549,13,,,0,102,,98546,13,,,0,99,,98558,13,,,0,377,,98555,13,,,0,110,,98550,13,,,0,73,,98556,13,,,0,37,,98551,13,,,0,96,,98552,13,,,0,70,,98553,13,,,0,87,,98554,13,,,0
4600,'5458',604,,98561,13,,,0,17,,98562,13,,,0,23,,98571,13,,,0,66,,98573,13,,,0,39,,98563,13,,,0,102,,98560,13,,,0,99,,98572,13,,,0,377,,98569,13,,,0,110,,98564,13,,,0,73,,98570,13,,,0,37,,98565,13,,,0,96,,98566,13,,,0,70,,98567,13,,,0,87,,98568,13,,,0
9500,'5456',448,,102352,7,0,15,0,65,,102353,7,0,15,0,17,,102355,7,0,15,0,15,,102356,7,0,15,0,55,,102354,7,0,15,0,10,,102357,7,0,15,0,11,,102366,7,0,15,0,9,,102376,7,0,15,0,7,,102361,7,0,15,0,8,,102360,7,0,15,0,3,,102447,7,0,15,0,4,,102365,7,0,15,0,7,,102359,7,0,15,0,46,,102362,7,0,15,0,8,,102363,7,0,15,0,8,,102358,7,0,15,0,7,,102378,7,0,15,0,8,,102372,7,0,15,0,7,,102367,7,0,15,0,8,,102379,7,0,15,0,8,,102374,7,0,15,0,51,,102371,7,0,15,0,10,,102377,7,0,15,0,10,,102375,7,0,15,0,11,,102369,7,0,15,0,10,,102364,7,0,15,0,51,,102370,7,0,15,0,11,,102368,7,0,15,0,11,,102373,7,0,15,0,10,,102381,7,0,15,0,10,,102395,7,0,15,0,10,,102391,7,0,15,0,50,,102392,7,0,15,0,11,,102393,7,0,15,0,12,,102396,7,0,15,0,12,,102386,7,0,15,0,12,,102382,7,0,15,0,52,,102387,7,0,15,0,12,,102384,7,0,15,0,12,,102380,7,0,15,0,12,,102394,7,0,15,0,12,,102388,7,0,15,0,52,,102390,7,0,15,0,12,,102389,7,0,15,0,13,,102397,7,0,15,0,12,,102385,7,0,15,0,12,,102383,7,0,15,0,52,,102406,7,0,15,0,12,,102399,7,0,15,0,12,,102436,7,0,15,0,11,,102411,7,0,15,0,10,,102403,7,0,15,0,10,,102405,7,0,15,0,50,,102408,7,0,15,0,10,,102434,7,0,15,0,10,,102407,7,0,15,0,10,,102412,7,0,15,0,10,,102404,7,0,15,0,10,,102398,7,0,15,0,51,,102437,7,0,15,0,10,,102402,7,0,15,0,10,,102413,7,0,15,0,10,,102435,7,0,15,0,10,,102410,7,0,15,0,50,,102400,7,0,15,0,12,,102401,7,0,15,0,11,,102409,7,0,15,0,10,,102446,7,0,15,0,11,,102421,7,0,15,0,10,,102423,7,0,15,0,52,,102417,7,0,15,0,13,,102441,7,0,15,0,12,,102438,7,0,15,0,13,,102445,7,0,15,0,13,,102414,7,0,15,0,53,,102418,7,0,15,0,14,,102416,7,0,15,0,13,,102422,7,0,15,0,12,,102420,7,0,15,0,52,,102424,7,0,15,0,15,,102415,7,0,15,0,16,,102439,7,0,15,0,16,,102443,7,0,15,0,55,,102419,7,0,15,0,15,,102428,7,0,15,0,15,,102430,7,0,15,0,15,,102431,7,0,15,0,55,,102426,7,0,15,0,20,,102440,7,0,15,0,20,,102444,7,0,15,0,61,,102427,7,0,15,0,20,,102429,7,0,15,0,30,,102425,7,0,15,0,72,,102442,7,0,15,0,31,,102433,7,0,15,0,70,,102432,7,0,15,0
9500,'5458',448,,102448,7,0,15,0,65,,102449,7,0,15,0,17,,102451,7,0,15,0,15,,102452,7,0,15,0,55,,102450,7,0,15,0,10,,102453,7,0,15,0,11,,102462,7,0,15,0,9,,102472,7,0,15,0,7,,102457,7,0,15,0,8,,102456,7,0,15,0,3,,102546,7,0,15,0,4,,102461,7,0,15,0,7,,102455,7,0,15,0,46,,102458,7,0,15,0,8,,102459,7,0,15,0,8,,102454,7,0,15,0,7,,102474,7,0,15,0,8,,102468,7,0,15,0,7,,102463,7,0,15,0,8,,102475,7,0,15,0,8,,102470,7,0,15,0,51,,102467,7,0,15,0,10,,102473,7,0,15,0,10,,102471,7,0,15,0,11,,102465,7,0,15,0,10,,102460,7,0,15,0,51,,102466,7,0,15,0,11,,102464,7,0,15,0,11,,102469,7,0,15,0,10,,102477,7,0,15,0,10,,102491,7,0,15,0,10,,102487,7,0,15,0,50,,102488,7,0,15,0,11,,102489,7,0,15,0,12,,102492,7,0,15,0,12,,102482,7,0,15,0,12,,102478,7,0,15,0,52,,102483,7,0,15,0,12,,102480,7,0,15,0,12,,102476,7,0,15,0,12,,102490,7,0,15,0,12,,102484,7,0,15,0,52,,102486,7,0,15,0,12,,102485,7,0,15,0,13,,102493,7,0,15,0,12,,102481,7,0,15,0,12,,102479,7,0,15,0,52,,102502,7,0,15,0,12,,102495,7,0,15,0,12,,102532,7,0,15,0,11,,102507,7,0,15,0,10,,102499,7,0,15,0,10,,102501,7,0,15,0,50,,102504,7,0,15,0,10,,102530,7,0,15,0,10,,102503,7,0,15,0,10,,102508,7,0,15,0,10,,102500,7,0,15,0,10,,102494,7,0,15,0,51,,102533,7,0,15,0,10,,102498,7,0,15,0,10,,102509,7,0,15,0,10,,102531,7,0,15,0,10,,102506,7,0,15,0,50,,102496,7,0,15,0,12,,102497,7,0,15,0,11,,102505,7,0,15,0,10,,102542,7,0,15,0,11,,102517,7,0,15,0,10,,102519,7,0,15,0,52,,102513,7,0,15,0,13,,102537,7,0,15,0,12,,102534,7,0,15,0,13,,102541,7,0,15,0,13,,102510,7,0,15,0,53,,102514,7,0,15,0,14,,102512,7,0,15,0,13,,102518,7,0,15,0,12,,102516,7,0,15,0,52,,102520,7,0,15,0,15,,102511,7,0,15,0,16,,102535,7,0,15,0,16,,102539,7,0,15,0,55,,102515,7,0,15,0,15,,102524,7,0,15,0,15,,102526,7,0,15,0,15,,102527,7,0,15,0,55,,102522,7,0,15,0,20,,102536,7,0,15,0,20,,102540,7,0,15,0,61,,102523,7,0,15,0,20,,102525,7,0,15,0,30,,102521,7,0,15,0,72,,102538,7,0,15,0,31,,102529,7,0,15,0,70,,102528,7,0,15,0,30,,102543,7,0,15,0,71,,102544,7,0,15,0,30,,102545,7,0,15,0
9500,'5459',602,,102547,7,0,15,0,32,,102548,7,0,15,0,23,,102549,7,0,15,0,55,,102550,7,0,15,0,15,,102551,7,0,15,0,15,,102552,7,0,15,0,15,,102553,7,0,15,0,55,,102554,7,0,15,0,15,,102555,7,0,15,0,14,,102556,7,0,15,0,13,,102557,7,0,15,0,55,,102558,7,0,15,0,15,,102559,7,0,15,0,15,,102560,7,0,15,0,14,,102561,7,0,15,0,54,,102562,7,0,15,0,14,,102563,7,0,15,0,15,,102564,7,0,15,0,14,,102565,7,0,15,0,55,,102566,7,0,15,0,14,,102567,7,0,15,0,13,,102568,7,0,15,0,12,,102569,7,0,15,0,11,,102570,7,0,15,0,52,,102571,7,0,15,0,12,,102572,7,0,15,0,12,,102573,7,0,15,0,12,,102574,7,0,15,0,11,,102575,7,0,15,0,52,,102576,7,0,15,0,12,,102577,7,0,15,0,13,,102578,7,0,15,0,12,,102579,7,0,15,0,11,,102580,7,0,15,0,52,,102581,7,0,15,0,11,,102582,7,0,15,0,11,,102583,7,0,15,0,12,,102584,7,0,15,0,13,,102585,7,0,15,0,52,,102586,7,0,15,0,12,,102587,7,0,15,0,13,,102588,7,0,15,0,12,,102589,7,0,15,0,12,,102590,7,0,15,0,53,,102591,7,0,15,0,12,,102592,7,0,15,0,12,,102593,7,0,15,0,13,,102594,7,0,15,0,12,,102595,7,0,15,0,53,,102596,7,0,15,0,12,,102597,7,0,15,0,13,,102598,7,0,15,0,12,,102599,7,0,15,0,13,,102600,7,0,15,0,56,,102601,7,0,15,0,15,,102602,7,0,15,0,16,,102603,7,0,15,0,55,,102604,7,0,15,0,16,,102605,7,0,15,0,15,,102606,7,0,15,0,15,,102607,7,0,15,0,55,,102608,7,0,15,0,17,,102609,7,0,15,0,15,,102610,7,0,15,0,15,,102611,7,0,15,0,54,,102612,7,0,15,0,20,,102613,7,0,15,0,21,,102614,7,0,15,0,60,,102615,7,0,15,0,20,,102616,7,0,15,0,31,,102617,7,0,15,0,71,,102618,7,0,15,0,31,,102619,7,0,15,0,70,,102620,7,0,15,0,30,,102621,7,0,15,0,70,,102622,7,0,15,0,30,,102623,7,0,15,0
9500,'5460',605,,102624,7,0,15,0,30,,102626,7,0,15,0,20,,102627,7,0,15,0,60,,102628,7,0,15,0,20,,102629,7,0,15,0,15,,102630,7,0,15,0,54,,102625,7,0,15,0,15,,102631,7,0,15,0,14,,102632,7,0,15,0,14,,102633,7,0,15,0,55,,102634,7,0,15,0,15,,102635,7,0,15,0,13,,102636,7,0,15,0,15,,102637,7,0,15,0,55,,102639,7,0,15,0,15,,102640,7,0,15,0,14,,102638,7,0,15,0,15,,102641,7,0,15,0,14,,102642,7,0,15,0,55,,102643,7,0,15,0,15,,102644,7,0,15,0,15,,102691,7,0,15,0,15,,102645,7,0,15,0,55,,102690,7,0,15,0,14,,102646,7,0,15,0,14,,102689,7,0,15,0,15,,102647,7,0,15,0,55,,102648,7,0,15,0,15,,102649,7,0,15,0,15,,102650,7,0,15,0,14,,102651,7,0,15,0,55,,102652,7,0,15,0,15,,102653,7,0,15,0,15,,102654,7,0,15,0,13,,102655,7,0,15,0,52,,102656,7,0,15,0,13,,102657,7,0,15,0,13,,102658,7,0,15,0,11,,102659,7,0,15,0,12,,102660,7,0,15,0,53,,102661,7,0,15,0,12,,102662,7,0,15,0,13,,102663,7,0,15,0,12,,102664,7,0,15,0,14,,102665,7,0,15,0,55,,102666,7,0,15,0,18,,102667,7,0,15,0,15,,102668,7,0,15,0,55,,102669,7,0,15,0,16,,102670,7,0,15,0,15,,102671,7,0,15,0,15,,102672,7,0,15,0,55,,102673,7,0,15,0,15,,102674,7,0,15,0,17,,102675,7,0,15,0,16,,102676,7,0,15,0,55,,102677,7,0,15,0,15,,102678,7,0,15,0,15,,102679,7,0,15,0,15,,102681,7,0,15,0,55,,102682,7,0,15,0,21,,102680,7,0,15,0,20,,102683,7,0,15,0,60,,102684,7,0,15,0,20,,102685,7,0,15,0,32,,102686,7,0,15,0,70,,102687,7,0,15,0,30,,102688,7,0,15,0
9500,'5461',605,,102692,7,0,15,0,30,,102694,7,0,15,0,20,,102695,7,0,15,0,60,,102696,7,0,15,0,20,,102697,7,0,15,0,15,,102698,7,0,15,0,54,,102693,7,0,15,0,15,,102699,7,0,15,0,14,,102700,7,0,15,0,14,,102701,7,0,15,0,55,,102702,7,0,15,0,15,,102703,7,0,15,0,13,,102704,7,0,15,0,15,,102705,7,0,15,0,55,,102707,7,0,15,0,15,,102708,7,0,15,0,14,,102706,7,0,15,0,15,,102709,7,0,15,0,14,,102710,7,0,15,0,55,,102711,7,0,15,0,15,,102712,7,0,15,0,15,,102759,7,0,15,0,15,,102713,7,0,15,0,55,,102758,7,0,15,0,14,,102714,7,0,15,0,14,,102757,7,0,15,0,15,,102715,7,0,15,0,55,,102716,7,0,15,0,15,,102717,7,0,15,0,15,,102718,7,0,15,0,14,,102719,7,0,15,0,55,,102720,7,0,15,0,15,,102721,7,0,15,0,15,,102722,7,0,15,0,13,,102723,7,0,15,0,52,,102724,7,0,15,0,13,,102725,7,0,15,0,13,,102726,7,0,15,0,11,,102727,7,0,15,0,12,,102728,7,0,15,0,53,,102729,7,0,15,0,12,,102730,7,0,15,0,13,,102731,7,0,15,0,12,,102732,7,0,15,0,14,,102733,7,0,15,0,55,,102734,7,0,15,0,18,,102735,7,0,15,0,15,,102736,7,0,15,0,55,,102737,7,0,15,0,16,,102738,7,0,15,0,15,,102739,7,0,15,0,15,,102740,7,0,15,0,55,,102741,7,0,15,0,15,,102742,7,0,15,0,17,,102743,7,0,15,0,16,,102744,7,0,15,0,55,,102745,7,0,15,0,15,,102746,7,0,15,0,15,,102747,7,0,15,0,15,,102749,7,0,15,0,55,,102750,7,0,15,0,21,,102748,7,0,15,0,20,,102751,7,0,15,0,60,,102752,7,0,15,0,20,,102753,7,0,15,0,32,,102754,7,0,15,0,70,,102755,7,0,15,0,30,,102756,7,0,15,0
9500,'5462',605,,102760,7,0,15,0,30,,102762,7,0,15,0,20,,102763,7,0,15,0,60,,102764,7,0,15,0,20,,102765,7,0,15,0,15,,102766,7,0,15,0,54,,102761,7,0,15,0,15,,102767,7,0,15,0,14,,102768,7,0,15,0,14,,102769,7,0,15,0,55,,102770,7,0,15,0,15,,102771,7,0,15,0,13,,102772,7,0,15,0,15,,102773,7,0,15,0,55,,102775,7,0,15,0,15,,102776,7,0,15,0,14,,102774,7,0,15,0,15,,102777,7,0,15,0,14,,102778,7,0,15,0,55,,102779,7,0,15,0,15,,102780,7,0,15,0,15,,102827,7,0,15,0,15,,102781,7,0,15,0,55,,102826,7,0,15,0,14,,102782,7,0,15,0,14,,102825,7,0,15,0,15,,102783,7,0,15,0,55,,102784,7,0,15,0,15,,102785,7,0,15,0,15,,102786,7,0,15,0,14,,102787,7,0,15,0,55,,102788,7,0,15,0,15,,102789,7,0,15,0,15,,102790,7,0,15,0,13,,102791,7,0,15,0,52,,102792,7,0,15,0,13,,102793,7,0,15,0,13,,102794,7,0,15,0,11,,102795,7,0,15,0,12,,102796,7,0,15,0,53,,102797,7,0,15,0,12,,102798,7,0,15,0,13,,102799,7,0,15,0,12,,102800,7,0,15,0,14,,102801,7,0,15,0,55,,102802,7,0,15,0,18,,102803,7,0,15,0,15,,102804,7,0,15,0,55,,102805,7,0,15,0,16,,102806,7,0,15,0,15,,102807,7,0,15,0,15,,102808,7,0,15,0,55,,102809,7,0,15,0,15,,102810,7,0,15,0,17,,102811,7,0,15,0,16,,102812,7,0,15,0,55,,102813,7,0,15,0,15,,102814,7,0,15,0,15,,102815,7,0,15,0,15,,102817,7,0,15,0,55,,102818,7,0,15,0,21,,102816,7,0,15,0,20,,102819,7,0,15,0,60,,102820,7,0,15,0,20,,102821,7,0,15,0,32,,102822,7,0,15,0,70,,102823,7,0,15,0,30,,102824,7,0,15,0
9500,'5463',605,,102828,7,0,15,0,30,,102830,7,0,15,0,20,,102831,7,0,15,0,60,,102832,7,0,15,0,20,,102833,7,0,15,0,15,,102834,7,0,15,0,54,,102829,7,0,15,0,15,,102835,7,0,15,0,14,,102836,7,0,15,0,14,,102837,7,0,15,0,55,,102838,7,0,15,0,15,,102839,7,0,15,0,13,,102840,7,0,15,0,15,,102841,7,0,15,0,55,,102843,7,0,15,0,15,,102844,7,0,15,0,14,,102842,7,0,15,0,15,,102845,7,0,15,0,14,,102846,7,0,15,0,55,,102847,7,0,15,0,15,,102848,7,0,15,0,15,,102895,7,0,15,0,15,,102849,7,0,15,0,55,,102894,7,0,15,0,14,,102850,7,0,15,0,14,,102893,7,0,15,0,15,,102851,7,0,15,0,55,,102852,7,0,15,0,15,,102853,7,0,15,0,15,,102854,7,0,15,0,14,,102855,7,0,15,0,55,,102856,7,0,15,0,15,,102857,7,0,15,0,15,,102858,7,0,15,0,13,,102859,7,0,15,0,52,,102860,7,0,15,0,13,,102861,7,0,15,0,13,,102862,7,0,15,0,11,,102863,7,0,15,0,12,,102864,7,0,15,0,53,,102865,7,0,15,0,12,,102866,7,0,15,0,13,,102867,7,0,15,0,12,,102868,7,0,15,0,14,,102869,7,0,15,0,55,,102870,7,0,15,0,18,,102871,7,0,15,0,15,,102872,7,0,15,0,55,,102873,7,0,15,0,16,,102874,7,0,15,0,15,,102875,7,0,15,0,15,,102876,7,0,15,0,55,,102877,7,0,15,0,15,,102878,7,0,15,0,17,,102879,7,0,15,0,16,,102880,7,0,15,0,55,,102881,7,0,15,0,15,,102882,7,0,15,0,15,,102883,7,0,15,0,15,,102885,7,0,15,0,55,,102886,7,0,15,0,21,,102884,7,0,15,0,20,,102887,7,0,15,0,60,,102888,7,0,15,0,20,,102889,7,0,15,0,32,,102890,7,0,15,0,70,,102891,7,0,15,0,30,,102892,7,0,15,0
24005100,'5456',615,,104085,6,,,0,26,,104081,11,,,0,17,,104080,11,,,0,50,,104070,11,,,0,15,,104079,11,,,0,24,,104077,11,,,0,12,,104078,11,,,0,77,,104082,11,,,0,109,,104076,11,,,0,100,,104083,11,,,0,100,,104075,11,,,0,100,,104084,11,,,0,100,,104074,11,,,0,100,,104072,11,,,0,106,,104086,11,,,0,67,,104073,11,,,0,32,,104071,11,,,0
24005100,'5458',615,,104102,6,,,0,26,,104098,11,,,0,17,,104097,11,,,0,50,,104087,11,,,0,15,,104096,11,,,0,24,,104094,11,,,0,12,,104095,11,,,0,77,,104099,11,,,0,109,,104093,11,,,0,100,,104100,11,,,0,100,,104092,11,,,0,100,,104101,11,,,0,100,,104091,11,,,0,100,,104089,11,,,0,106,,104103,11,,,0,67,,104090,11,,,0,32,,104088,11,,,0
