2401,'5456',505,,94538,19,,,0,51,,94539,19,,,0,89,,94540,19,,,0,84,,94541,19,,,0,73,,94542,19,,,0,56,,94543,19,,,0,146,,94544,19,,,0,100,,94545,19,,,0,100,,94546,19,,,0,100,,94547,19,,,0,111,,94548,19,,,0,99,,94549,19,,,0,89,,94550,19,,,0,50,,94551,19,,,0,79,,94552,19,,,0,91,,94553,19,,,0,85,,94554,19,,,0,103,,94555,19,,,0,115,,94556,19,,,0,131,,94557,19,,,0,161,,94558,19,,,0
2401,'5458',505,,94559,19,,,0,51,,94560,19,,,0,89,,94561,19,,,0,84,,94562,19,,,0,73,,94563,19,,,0,56,,94564,19,,,0,146,,94565,19,,,0,100,,94566,19,,,0,100,,94567,19,,,0,100,,94568,19,,,0,111,,94569,19,,,0,99,,94570,19,,,0,89,,94571,19,,,0,50,,94572,19,,,0,79,,94573,19,,,0,91,,94574,19,,,0,85,,94575,19,,,0,103,,94576,19,,,0,115,,94577,19,,,0,131,,94578,19,,,0,161,,94579,19,,,0
2401,'5459',654,,94586,19,,,0,147,,94585,19,,,0,104,,94587,19,,,0,100,,94583,19,,,0,101,,94580,19,,,0,98,,94581,19,,,0,55,,94582,19,,,0,100,,94589,19,,,0,98,,94584,19,,,0,143,,94588,19,,,0,104,,94590,19,,,0,128,,94591,19,,,0,124,,94592,19,,,0,170,,94593,19,,,0,131,,94594,19,,,0,161,,94595,19,,,0
2401,'5460',801,,94596,19,,,0,130,,94597,19,,,0,171,,94598,19,,,0,127,,94599,19,,,0,171,,94600,19,,,0,132,,94601,19,,,0,170,,94602,19,,,0,129,,94603,19,,,0,170,,94604,19,,,0,125,,94605,19,,,0,130,,94606,19,,,0
2401,'5461',801,,94607,19,,,0,130,,94608,19,,,0,171,,94609,19,,,0,127,,94610,19,,,0,171,,94611,19,,,0,132,,94612,19,,,0,170,,94613,19,,,0,129,,94614,19,,,0,170,,94615,19,,,0,125,,94616,19,,,0,130,,94617,19,,,0
2401,'5462',801,,94618,19,,,0,130,,94619,19,,,0,171,,94620,19,,,0,127,,94621,19,,,0,171,,94622,19,,,0,132,,94623,19,,,0,170,,94624,19,,,0,129,,94625,19,,,0,170,,94626,19,,,0,125,,94627,19,,,0,130,,94628,19,,,0
2401,'5463',801,,94629,19,,,0,130,,94630,19,,,0,171,,94631,19,,,0,127,,94632,19,,,0,171,,94633,19,,,0,132,,94634,19,,,0,170,,94635,19,,,0,129,,94636,19,,,0,170,,94637,19,,,0,125,,94638,19,,,0,130,,94639,19,,,0
2501,'5456',625,,94739,25,,,0,80,,94740,25,,,0,37,,94741,25,0,6 7,0,79,,94744,25,,,0,113,,94742,25,,,0,100,,94743,25,,,0,100,,94745,25,,,0,100,,94746,25,,,0,100,,94747,25,,,0,105,,94748,25,,,0,94,,94749,25,,,0,100,,94750,25,,,0,80,,94751,25,,,0,45,,94752,25,,,0,85,,94753,25,,,0,95,,94754,25,,,0,103,,94755,25,,,0,171,,94756,25,,,0,130,,94757,25,,,0
2501,'5458',625,,94758,25,,,0,80,,94759,25,,,0,37,,94760,25,0,6 7,0,79,,94763,25,,,0,113,,94761,25,,,0,100,,94762,25,,,0,100,,94764,25,,,0,100,,94765,25,,,0,100,,94766,25,,,0,105,,94767,25,,,0,94,,94768,25,,,0,100,,94769,25,,,0,80,,94770,25,,,0,45,,94771,25,,,0,85,,94772,25,,,0,95,,94773,25,,,0,103,,94774,25,,,0,171,,94775,25,,,0,130,,94776,25,,,0
2501,'5459',731,,94780,25,,,0,99,,94777,25,,,0,105,,94779,25,,,0,102,,94778,25,,,0,97,,94786,25,,,0,95,,94783,25,,,0,100,,94782,25,,,0,98,,94781,25,,,0,100,,94784,25,,,0,102,,94785,25,,,0,118,,94787,25,,,0,169,,94788,25,,,0,126,,94789,25,,,0,170,,94790,25,,,0,130,,94791,25,,,0
2501,'5460',846,,94793,25,,,0,171,,94792,25,,,0,127,,94794,25,,,0,170,,94795,25,,,0,132,,94796,25,,,0,171,,94797,25,,,0,129,,94798,25,,,0,170,,94799,25,,,0,130,,94800,25,,,0,166,,94801,25,,,0,129,,94802,25,,,0
2501,'5461',846,,94804,25,,,0,171,,94803,25,,,0,127,,94805,25,,,0,170,,94806,25,,,0,132,,94807,25,,,0,171,,94808,25,,,0,129,,94809,25,,,0,170,,94810,25,,,0,130,,94811,25,,,0,166,,94812,25,,,0,129,,94813,25,,,0
2501,'5462',846,,94815,25,,,0,171,,94814,25,,,0,127,,94816,25,,,0,170,,94817,25,,,0,132,,94818,25,,,0,171,,94819,25,,,0,129,,94820,25,,,0,170,,94821,25,,,0,130,,94822,25,,,0,166,,94823,25,,,0,129,,94824,25,,,0
2501,'5463',846,,94826,25,,,0,171,,94825,25,,,0,127,,94827,25,,,0,170,,94828,25,,,0,132,,94829,25,,,0,171,,94830,25,,,0,129,,94831,25,,,0,170,,94832,25,,,0,130,,94833,25,,,0,166,,94834,25,,,0,129,,94835,25,,,0
