801,'5456',718,,90641,48,,,0,18,,90665,38,,,0,19,,90642,48,,,0,66,,90645,48,,,0,26,,90643,48,,,0,75,,90646,48,,,0,82,,90644,48,,,0,44,,90647,48,,,0,74,,90649,48,,,0,82,,90648,48,,,0,46,,90651,48,,,0,80,,90650,48,,,0,85,,90654,48,,,0,92,,90652,48,,,0,46,,90653,48,,,0,74,,90656,48,,,0,73,,90655,48,,,0,33,,90658,48,,,0,76,,90657,48,,,0,28,,90660,48,,,0,70,,90659,48,,,0,33,,90661,48,,,0,85,,90662,48,,,0,97,,90663,48,,,0,83,,90664,48,,,0
801,'5458',718,,90667,48,,,0,18,,90691,38,,,0,19,,90668,48,,,0,66,,90671,48,,,0,26,,90669,48,,,0,75,,90672,48,,,0,82,,90670,48,,,0,44,,90673,48,,,0,74,,90675,48,,,0,82,,90674,48,,,0,46,,90677,48,,,0,80,,90676,48,,,0,85,,90680,48,,,0,92,,90678,48,,,0,46,,90679,48,,,0,74,,90682,48,,,0,73,,90681,48,,,0,33,,90684,48,,,0,76,,90683,48,,,0,28,,90686,48,,,0,70,,90685,48,,,0,33,,90687,48,,,0,85,,90688,48,,,0,97,,90689,48,,,0,83,,90690,48,,,0
901,'5456',1721,,90767,37,,,0,80,,90768,37,,,0
901,'5458',1721,,90775,37,,,0,80,,90776,37,,,0
2100,'4832',749,,68647,22,0,17,0,75,,68646,22,0,17,0,85,,68634,22,0,18 19,0,37,,68645,22,0,17,0,84,,68648,22,0,17,0,70,,68630,22,0,17,0,30,,68633,22,0,17,0,70,,68636,22,0,17,0,30,,68632,22,0,18 19,0,71,,68635,22,0,17,0,31,,83426,22,0,17,0,70,,68637,22,0,17,0,31,,83427,22,0,18 19,0,70,,68640,22,0,17,0,30,,68641,22,0,17,0,70,,68639,22,0,17,0,30,,83428,22,0,18 19,0,70,,68642,22,0,17,0,30,,68643,22,0,17,0,69,,68649,22,0,17,0,28,,68650,22,0,18 19,0,28,,83429,22,0,17,0,69,,68651,22,0,17,0,30,,83430,22,0,17,0,70,,68653,22,0,17,0
2100,'5453',749,,79210,22,0,17,0,75,,79209,22,0,17,0,85,,79197,22,0,18 19,0,37,,83435,22,0,17,0,84,,79211,22,0,17,0,70,,79193,22,0,17,0,30,,79196,22,0,17,0,70,,79199,22,0,17,0,30,,83431,22,0,18 19,0,71,,79198,22,0,17,0,31,,79194,22,0,17,0,70,,79200,22,0,17,0,31,,83432,22,0,18 19,0,70,,79203,22,0,17,0,30,,79204,22,0,17,0,70,,79202,22,0,17,0,30,,83434,22,0,18 19,0,70,,79205,22,0,17,0,30,,83433,22,0,17,0,69,,79212,22,0,17,0,28,,83436,22,0,18 19,0,28,,83437,22,0,17,0,69,,79214,22,0,17,0,30,,79217,22,0,17,0,70,,79216,22,0,17,0
2100,'5456',635,,93606,22,,,0,70,,93626,22,,,0,18,,93605,22,,,0,16,,93631,22,,,0,10,,93646,22,0,17,0,7,,93619,22,,,0,50,,93651,22,,,0,4,,93639,22,,,0,17,,93610,22,,,0,15,,93634,22,,,0,59,,93609,22,0,17,0,18,,93641,22,,,0,18,,93625,22,0,17,0,20,,93611,22,,,0,61,,93630,22,0,17,0,20,,93638,22,,,0,20,,93608,22,0,17,0,60,,93612,22,,,0,20,,93643,22,0,18 19,0,21,,93624,22,,,0,62,,93613,22,0,17,0,19,,93632,22,,,0,61,,93637,22,0,17,0,19,,93614,22,,,0,22,,93616,22,0,17,0,16,,93647,22,,,0,59,,93644,22,,,0,17,,93627,22,,,0,15,,93615,22,0,17,0,60,,93650,22,,,0,18,,93629,22,,,0,17,,93635,22,,,0,60,,93618,22,,,0,18,,93617,22,,,0,19,,93648,22,0,18 19,0,18,,93645,22,,,0,57,,93628,22,,,0,18,,93620,22,,,0,19,,93649,22,0,17,0,56,,93633,22,0,17,0,15,,93640,22,0,17,0,32,,93621,22,0,17,0,69,,93642,22,0,17,0,29,,93622,22,0,17,0,73,,93636,22,0,17,0,29,,93623,22,0,17,0
2100,'5458',635,,93653,22,,,0,70,,93673,22,,,0,18,,93652,22,,,0,16,,93678,22,,,0,10,,93693,22,0,17,0,7,,93666,22,,,0,50,,93698,22,,,0,4,,93686,22,,,0,17,,93657,22,,,0,15,,93681,22,,,0,59,,93656,22,0,17,0,18,,93688,22,,,0,18,,93672,22,0,17,0,20,,93658,22,,,0,61,,93677,22,0,17,0,20,,93685,22,,,0,20,,93655,22,0,17,0,60,,93659,22,,,0,20,,93690,22,0,18 19,0,21,,93671,22,,,0,62,,93660,22,0,17,0,19,,93679,22,,,0,61,,93684,22,0,17,0,19,,93661,22,,,0,22,,93663,22,0,17,0,16,,93694,22,,,0,59,,93691,22,,,0,17,,93674,22,,,0,15,,93662,22,0,17,0,60,,93697,22,,,0,18,,93676,22,,,0,17,,93682,22,,,0,60,,93665,22,,,0,18,,93664,22,,,0,19,,93695,22,0,18 19,0,18,,93692,22,,,0,57,,93675,22,,,0,18,,93667,22,,,0,19,,93696,22,0,17,0,56,,93680,22,0,17,0,15,,93687,22,0,17,0,32,,93668,22,0,17,0,69,,93689,22,0,17,0,29,,93669,22,0,17,0,73,,93683,22,0,17,0,29,,93670,22,0,17,0
2100,'5459',723,,93718,22,0,17,0,86,,93725,22,0,17,0,40,,93709,22,0,18 19,0,71,,93719,22,0,17,0,39,,93702,22,0,17,0,70,,93720,22,0,17,0,73,,93704,22,0,17,0,31,,93714,22,0,17,0,70,,93699,22,0,17,0,32,,93700,22,0,18 19,0,70,,93721,22,0,17,0,31,,93705,22,0,17,0,70,,93713,22,0,17,0,28,,93701,22,0,18 19,0,73,,93703,22,0,17,0,30,,93722,22,0,17,0,69,,93706,22,0,17,0,30,,93715,22,0,18 19,0,70,,93707,22,0,17,0,30,,93708,22,0,17,0,69,,93724,22,0,17,0,30,,93710,22,0,18 19,0,67,,93716,22,0,17,0,29,,93711,22,0,17,0,28,,93712,22,0,17,0,68,,93723,22,0,17,0,30,,93717,22,0,17,0
2100,'5460',749,,93743,22,0,17,0,75,,93742,22,0,17,0,85,,93730,22,0,18 19,0,37,,93741,22,0,17,0,84,,93744,22,0,17,0,70,,93726,22,0,17,0,30,,93729,22,0,17,0,70,,93732,22,0,17,0,30,,93728,22,0,18 19,0,71,,93731,22,0,17,0,31,,93727,22,0,17,0,70,,93733,22,0,17,0,31,,93734,22,0,18 19,0,70,,93736,22,0,17,0,30,,93737,22,0,17,0,70,,93735,22,0,17,0,30,,93740,22,0,18 19,0,70,,93738,22,0,17,0,30,,93739,22,0,17,0,69,,93745,22,0,17,0,28,,93746,22,0,18 19,0,28,,93748,22,0,17,0,69,,93747,22,0,17,0,30,,93750,22,0,17,0,70,,93749,22,0,17,0
2100,'5461',749,,93768,22,0,17,0,75,,93767,22,0,17,0,85,,93755,22,0,18 19,0,37,,93766,22,0,17,0,84,,93769,22,0,17,0,70,,93751,22,0,17,0,30,,93754,22,0,17,0,70,,93757,22,0,17,0,30,,93753,22,0,18 19,0,71,,93756,22,0,17,0,31,,93752,22,0,17,0,70,,93758,22,0,17,0,31,,93759,22,0,18 19,0,70,,93761,22,0,17,0,30,,93762,22,0,17,0,70,,93760,22,0,17,0,30,,93765,22,0,18 19,0,70,,93763,22,0,17,0,30,,93764,22,0,17,0,69,,93770,22,0,17,0,28,,93771,22,0,18 19,0,28,,93773,22,0,17,0,69,,93772,22,0,17,0,30,,93775,22,0,17,0,70,,93774,22,0,17,0
2100,'5462',749,,93793,22,0,17,0,75,,93792,22,0,17,0,85,,93780,22,0,18 19,0,37,,93791,22,0,17,0,84,,93794,22,0,17,0,70,,93776,22,0,17,0,30,,93779,22,0,17,0,70,,93782,22,0,17,0,30,,93778,22,0,18 19,0,71,,93781,22,0,17,0,31,,93777,22,0,17,0,70,,93783,22,0,17,0,31,,93784,22,0,18 19,0,70,,93786,22,0,17,0,30,,93787,22,0,17,0,70,,93785,22,0,17,0,30,,93790,22,0,18 19,0,70,,93788,22,0,17,0,30,,93789,22,0,17,0,69,,93795,22,0,17,0,28,,93796,22,0,18 19,0,28,,93798,22,0,17,0,69,,93797,22,0,17,0,30,,93800,22,0,17,0,70,,93799,22,0,17,0
2100,'5463',749,,93818,22,0,17,0,75,,93817,22,0,17,0,85,,93805,22,0,18 19,0,37,,93816,22,0,17,0,84,,93819,22,0,17,0,70,,93801,22,0,17,0,30,,93804,22,0,17,0,70,,93807,22,0,17,0,30,,93803,22,0,18 19,0,71,,93806,22,0,17,0,31,,93802,22,0,17,0,70,,93808,22,0,17,0,31,,93809,22,0,18 19,0,70,,93811,22,0,17,0,30,,93812,22,0,17,0,70,,93810,22,0,17,0,30,,93815,22,0,18 19,0,70,,93813,22,0,17,0,30,,93814,22,0,17,0,69,,93820,22,0,17,0,28,,93821,22,0,18 19,0,28,,93823,22,0,17,0,69,,93822,22,0,17,0,30,,93825,22,0,17,0,70,,93824,22,0,17,0
