4801,'5456',1706,,98618,36,,,0,28,,98617,36,,,0,66,,98616,36,,,0
4801,'5458',1706,,98621,36,,,0,28,,98620,36,,,0,66,,98619,36,,,0
6000,'4832',823,,85614,19,,,0,101,,85615,19,,,0,101,,85617,19,,,0,106,,85616,19,,,0,105,,85620,19,,,0,105,,85619,19,,,0,105,,85618,19,,,0,105,,74278,19,,,0,102,,74284,19,,,0,103,,74285,19,,,0,144,,74286,19,,,0,105,,85621,19,,,0,120,,74282,19,,,0
6000,'5453',823,,85622,19,,,0,101,,85623,19,,,0,101,,85625,19,,,0,106,,85624,19,,,0,105,,85629,19,,,0,105,,85628,19,,,0,105,,85627,19,,,0,105,,85626,19,,,0,102,,85632,19,,,0,103,,85633,19,,,0,144,,85634,19,,,0,105,,85631,19,,,0,120,,85630,19,,,0
6000,'5456',649,,100190,19,,,0,73,,100183,19,,,0,31,,100186,19,,,0,106,,100191,19,,,0,141,,100193,19,,,0,101,,100192,19,,,0,57,,100184,19,,,0,143,,100185,19,,,0,102,,100187,19,,,0,111,,100188,19,,,0,31,,100197,20,,,0,71,,100195,19,,,0,40,,100198,19,,,0,82,,100189,19,,,0,82,,100199,19,,,0,81,,100196,19,,,0,103,,100200,19,,,0,104,,100201,19,,,0,114,,100194,19,,,0
6000,'5458',649,,100209,19,,,0,73,,100202,19,,,0,31,,100205,19,,,0,106,,100210,19,,,0,141,,100212,19,,,0,101,,100211,19,,,0,57,,100203,19,,,0,143,,100204,19,,,0,102,,100206,19,,,0,44,,100214,20,,,0,67,,100207,19,,,0,102,,100215,19,,,0,40,,100217,19,,,0,82,,100208,19,,,0,82,,100218,19,,,0,81,,100216,19,,,0,103,,100219,19,,,0,104,,100220,19,,,0,114,,100213,19,,,0
6000,'5459',722,,100233,19,,,0,100,,100234,19,,,0,101,,100232,19,,,0,101,,100231,19,,,0,106,,100230,19,,,0,105,,100229,19,,,0,105,,100228,19,,,0,106,,100227,19,,,0,106,,100225,19,,,0,102,,100226,19,,,0,103,,100221,19,,,0,144,,100222,19,,,0,105,,100223,19,,,0,120,,100224,19,,,0
6000,'5460',823,,100235,19,,,0,101,,100236,19,,,0,101,,100238,19,,,0,106,,100237,19,,,0,105,,100242,19,,,0,105,,100241,19,,,0,105,,100240,19,,,0,105,,100239,19,,,0,102,,100245,19,,,0,103,,100246,19,,,0,144,,100247,19,,,0,105,,100244,19,,,0,120,,100243,19,,,0
6000,'5461',823,,100248,19,,,0,101,,100249,19,,,0,101,,100251,19,,,0,106,,100250,19,,,0,105,,100255,19,,,0,105,,100254,19,,,0,105,,100253,19,,,0,105,,100252,19,,,0,102,,100258,19,,,0,103,,100259,19,,,0,144,,100260,19,,,0,105,,100257,19,,,0,120,,100256,19,,,0
6000,'5462',823,,100261,19,,,0,101,,100262,19,,,0,101,,100264,19,,,0,106,,100263,19,,,0,105,,100268,19,,,0,105,,100267,19,,,0,105,,100266,19,,,0,105,,100265,19,,,0,102,,100271,19,,,0,103,,100272,19,,,0,144,,100273,19,,,0,105,,100270,19,,,0,120,,100269,19,,,0
6000,'5463',823,,100274,19,,,0,101,,100275,19,,,0,101,,100277,19,,,0,106,,100276,19,,,0,105,,100281,19,,,0,105,,100280,19,,,0,105,,100279,19,,,0,105,,100278,19,,,0,102,,100284,19,,,0,103,,100285,19,,,0,144,,100286,19,,,0,105,,100283,19,,,0,120,,100282,19,,,0
