201,'5456',608,,87685,27,0,46 37,0,21,,87686,27,0,46 37,0,26,,87687,27,0,46 37,0,69,,87688,27,0,46 37,0,32,,87689,27,0,46 37,0,71,,87690,27,0,46 37,0,32,,87691,27,0,46 37,0,70,,87692,27,0,46 37,0,73,,87693,27,0,46 37,0,39,,87694,27,0,46 37,0,79,,87695,27,0,46 37,0,39,,87696,27,0,46 37,0,80,,87697,27,0,46 37,0,80,,87698,27,0,46 37,0,40,,87699,27,0,46 37,0,57,,87700,1,0,46 37,0,35,,87701,27,0,46 37,0,55,,87717,8,0,46 37,0,19,,87713,27,0,46 37,0,77,,87715,27,0,46 37,0,36,,87716,27,0,46 37,0,75,,87712,27,0,46 37,0,37,,87714,27,0,46 37,0,86,,87707,27,0,46 37,0,65,,87706,27,0,46 37,0,41,,87711,27,0,46 37,0,83,,87705,27,0,46 37,0,81,,87710,27,0,46 37,0,38,,87704,27,0,46 37,0,80,,87709,27,0,46 37,0,81,,87703,27,0,46 37,0,40,,87708,27,0,46 37,0,72,,87702,27,0,46 37,0
201,'5458',608,,87718,27,0,46 37,0,21,,87719,27,0,46 37,0,26,,87720,27,0,46 37,0,69,,87721,27,0,46 37,0,32,,87722,27,0,46 37,0,71,,87723,27,0,46 37,0,32,,87724,27,0,46 37,0,70,,87725,27,0,46 37,0,73,,87726,27,0,46 37,0,39,,87727,27,0,46 37,0,79,,87728,27,0,46 37,0,39,,87729,27,0,46 37,0,80,,87730,27,0,46 37,0,80,,87731,27,0,46 37,0,40,,87732,27,0,46 37,0,57,,87733,1,0,46 37,0,35,,87734,27,0,46 37,0,55,,87751,8,0,46 37,0,19,,87747,27,0,46 37,0,77,,87749,27,0,46 37,0,36,,87750,27,0,46 37,0,75,,87746,27,0,46 37,0,37,,87748,27,0,46 37,0,86,,87741,27,0,46 37,0,65,,87740,27,0,46 37,0,41,,87745,27,0,46 37,0,83,,87739,27,0,46 37,0,81,,87744,27,0,46 37,0,38,,87738,27,0,46 37,0,80,,87743,27,0,46 37,0,81,,87737,27,0,46 37,0,40,,87742,27,0,46 37,0,72,,87736,27,0,46 37,0,31,,87735,1,0,46 37,0
201,'5459',651,,87772,27,0,46 37,0,158,,87773,27,0,46 37,0,22,,87759,1,0,46 37,0,103,,87767,27,0,46 37,0,80,,87760,27,0,46 37,0,37,,87752,1,0,46 37,0,60,,87770,27,0,46 37,0,39,,87761,27,0,46 37,0,80,,87753,27,0,46 37,0,78,,87756,27,0,46 37,0,39,,87755,27,0,46 37,0,80,,87765,27,0,46 37,0,80,,87757,27,0,46 37,0,41,,87754,27,0,46 37,0,81,,87758,27,0,46 37,0,75,,87766,27,0,46 37,0,41,,87769,27,0,46 37,0,80,,87768,27,0,46 37,0,77,,87771,27,0,46 37,0,35,,87762,27,0,46 37,0,80,,87763,27,0,46 37,0,85,,87764,27,0,46 37,0,41,,87777,27,0,46 37,0,81,,87774,27,0,46 37,0,83,,87775,27,0,46 37,0,40,,87776,27,0,46 37,0,76,,87778,27,0,46 37,0,30,,87779,1,0,46 37,0
201,'5460',637,,87794,27,0,46 37,0,120,,87801,27,0,46 37,0,158,,87795,27,0,46 37,0,99,,87782,1,0,46 37,0,37,,87802,27,0,46 37,0,60,,87780,1,0,46 37,0,40,,87781,27,0,46 37,0,79,,87792,27,0,46 37,0,79,,87788,27,0,46 37,0,40,,87787,27,0,46 37,0,80,,87783,27,0,46 37,0,80,,87784,27,0,46 37,0,40,,87793,27,0,46 37,0,81,,87789,27,0,46 37,0,76,,87785,27,0,46 37,0,40,,87786,27,0,46 37,0,81,,87790,27,0,46 37,0,77,,87799,27,0,46 37,0,40,,87791,27,0,46 37,0,80,,87798,27,0,46 37,0,81,,87797,27,0,46 37,0,40,,87800,27,0,46 37,0,81,,87796,27,0,46 37,0,81,,87803,27,0,46 37,0,41,,87804,27,0,46 37,0
201,'5461',637,,87819,27,0,46 37,0,120,,87826,27,0,46 37,0,158,,87820,27,0,46 37,0,99,,87807,1,0,46 37,0,37,,87827,27,0,46 37,0,60,,87805,1,0,46 37,0,40,,87806,27,0,46 37,0,79,,87817,27,0,46 37,0,79,,87813,27,0,46 37,0,40,,87812,27,0,46 37,0,80,,87808,27,0,46 37,0,80,,87809,27,0,46 37,0,40,,87818,27,0,46 37,0,81,,87814,27,0,46 37,0,76,,87810,27,0,46 37,0,40,,87811,27,0,46 37,0,81,,87815,27,0,46 37,0,77,,87824,27,0,46 37,0,40,,87816,27,0,46 37,0,80,,87823,27,0,46 37,0,81,,87822,27,0,46 37,0,40,,87825,27,0,46 37,0,81,,87821,27,0,46 37,0,81,,87828,27,0,46 37,0,41,,87829,27,0,46 37,0
201,'5462',637,,87844,27,0,46 37,0,120,,87851,27,0,46 37,0,158,,87845,27,0,46 37,0,99,,87832,1,0,46 37,0,37,,87852,27,0,46 37,0,60,,87830,1,0,46 37,0,40,,87831,27,0,46 37,0,79,,87842,27,0,46 37,0,79,,87838,27,0,46 37,0,40,,87837,27,0,46 37,0,80,,87833,27,0,46 37,0,80,,87834,27,0,46 37,0,40,,87843,27,0,46 37,0,81,,87839,27,0,46 37,0,76,,87835,27,0,46 37,0,40,,87836,27,0,46 37,0,81,,87840,27,0,46 37,0,77,,87849,27,0,46 37,0,40,,87841,27,0,46 37,0,80,,87848,27,0,46 37,0,81,,87847,27,0,46 37,0,40,,87850,27,0,46 37,0,81,,87846,27,0,46 37,0,81,,87853,27,0,46 37,0,41,,87854,27,0,46 37,0
201,'5463',637,,87869,27,0,46 37,0,120,,87876,27,0,46 37,0,158,,87870,27,0,46 37,0,99,,87857,1,0,46 37,0,37,,87877,27,0,46 37,0,60,,87855,1,0,46 37,0,40,,87856,27,0,46 37,0,79,,87867,27,0,46 37,0,79,,87863,27,0,46 37,0,40,,87862,27,0,46 37,0,80,,87858,27,0,46 37,0,80,,87859,27,0,46 37,0,40,,87868,27,0,46 37,0,81,,87864,27,0,46 37,0,76,,87860,27,0,46 37,0,40,,87861,27,0,46 37,0,81,,87865,27,0,46 37,0,77,,87874,27,0,46 37,0,40,,87866,27,0,46 37,0,80,,87873,27,0,46 37,0,81,,87872,27,0,46 37,0,40,,87875,27,0,46 37,0,81,,87871,27,0,46 37,0,81,,87878,27,0,46 37,0,41,,87879,27,0,46 37,0
300,'5456',625,,87880,32,,,0,34,,87882,34,,,0,76,,87881,32,,,0,81,,87890,34,,,0,37,,87883,32,,,0,75,,87884,34,,,0,30,,87888,36,,,0,69,,87885,34,,,0,30,,87886,36,,,0,70,,87887,34,,,0,30,,87889,36,,,0,75,,87891,34,,,0,70,,87892,36,,,0,30,,87896,34,,,0,71,,87893,36,,,0,33,,87906,34,,,0,75,,87895,36,,,0,35,,87894,34,,,0,74,,87905,34,,,0,33,,87897,34,,,0,73,,87898,32,,,0,74,,87904,34,,,0,27,,87899,32,,,0,30,,87900,34,,,0,70,,87907,32,,,0,25,,87901,34,,,0,65,,87902,32,,,0,30,,87908,34,,,0,85,,87903,32,4,,0
300,'5458',625,,87909,32,,,0,34,,87911,34,,,0,76,,87910,32,,,0,81,,87919,34,,,0,37,,87912,32,,,0,75,,87913,34,,,0,30,,87917,36,,,0,69,,87914,34,,,0,30,,87915,36,,,0,70,,87916,34,,,0,30,,87918,36,,,0,75,,87920,34,,,0,70,,87921,36,,,0,30,,87925,34,,,0,71,,87922,36,,,0,33,,87935,34,,,0,75,,87924,36,,,0,35,,87923,34,,,0,74,,87934,34,,,0,33,,87926,34,,,0,73,,87927,32,,,0,74,,87933,34,,,0,27,,87928,32,,,0,30,,87929,34,,,0,70,,87936,32,,,0,25,,87930,34,,,0,65,,87931,32,,,0,30,,87937,34,,,0,85,,87932,32,4,,0
300,'5459',703,,87961,32,,,0,30,,87944,34,,,0,69,,87938,32,,,0,30,,87953,34,,,0,70,,87946,32,,,0,30,,87963,34,,,0,70,,87952,32,,,0,30,,87939,34,,,0,69,,87960,36,,,0,30,,87951,34,,,0,70,,87942,36,,,0,30,,87964,34,,,0,70,,87954,36,,,0,31,,87941,34,,,0,69,,87948,36,,,0,34,,87940,34,,,0,69,,87947,36,,,0,40,,87945,34,,,0,70,,87949,32,,,0,38,,87943,34,,,0,64,,87950,32,,,0,36,,87956,34,,,0,68,,87957,32,,,0,32,,87955,34,,,0,65,,87958,32,,,0,30,,87959,34,,,0,70,,87965,32,,,0,30,,87962,34,,,0,85,,87966,32,4,,0
300,'5460',717,,87981,32,,,0,85,,87969,34,,,0,40,,87982,32,,,0,85,,87976,34,,,0,75,,87980,32,,,0,40,,87967,34,,,0,59,,87977,32,,,0,31,,87972,34,,,0,69,,87968,32,,,0,30,,87973,34,,,0,70,,87971,32,,,0,30,,87970,34,,,0,70,,87974,32,,,0,37,,87975,34,,,0,67,,87978,32,,,0,41,,87979,34,,,0,65,,87986,32,,,0,33,,87983,34,,,0,68,,87984,32,,,0,30,,87985,34,,,0,70,,87988,32,,,0,30,,87987,34,,,0,70,,87989,32,,,0,35,,87990,34,,,0,83,,87991,32,4,,0
300,'5461',717,,88006,32,,,0,85,,87994,34,,,0,40,,88007,32,,,0,85,,88001,34,,,0,75,,88005,32,,,0,40,,87992,34,,,0,59,,88002,32,,,0,31,,87997,34,,,0,69,,87993,32,,,0,30,,87998,34,,,0,70,,87996,32,,,0,30,,87995,34,,,0,70,,87999,32,,,0,37,,88000,34,,,0,67,,88003,32,,,0,41,,88004,34,,,0,65,,88011,32,,,0,33,,88008,34,,,0,68,,88009,32,,,0,30,,88010,34,,,0,70,,88013,32,,,0,30,,88012,34,,,0,70,,88014,32,,,0,35,,88015,34,,,0,83,,88016,32,4,,0
300,'5462',717,,88031,32,,,0,85,,88019,34,,,0,40,,88032,32,,,0,85,,88026,34,,,0,75,,88030,32,,,0,40,,88017,34,,,0,59,,88027,32,,,0,31,,88022,34,,,0,69,,88018,32,,,0,30,,88023,34,,,0,70,,88021,32,,,0,30,,88020,34,,,0,70,,88024,32,,,0,37,,88025,34,,,0,67,,88028,32,,,0,41,,88029,34,,,0,65,,88036,32,,,0,33,,88033,34,,,0,68,,88034,32,,,0,30,,88035,34,,,0,70,,88038,32,,,0,30,,88037,34,,,0,70,,88039,32,,,0,35,,88040,34,,,0,83,,88041,32,4,,0
300,'5463',717,,88056,32,,,0,85,,88044,34,,,0,40,,88057,32,,,0,85,,88051,34,,,0,75,,88055,32,,,0,40,,88042,34,,,0,59,,88052,32,,,0,31,,88047,34,,,0,69,,88043,32,,,0,30,,88048,34,,,0,70,,88046,32,,,0,30,,88045,34,,,0,70,,88049,32,,,0,37,,88050,34,,,0,67,,88053,32,,,0,41,,88054,34,,,0,65,,88061,32,,,0,33,,88058,34,,,0,68,,88059,32,,,0,30,,88060,34,,,0,70,,88063,32,,,0,30,,88062,34,,,0,70,,88064,32,,,0,35,,88065,34,,,0,83,,88066,32,4,,0
501,'5456',640,,89201,22,,,0,71,,89202,22,,,0,28,,89203,22,,,0,72,,89204,22,,,0,32,,89205,22,,,0,71,,89206,22,,,0,30,,89207,22,,,0,77,,89208,22,,,0,80,,89209,22,,,0,39,,89210,22,,,0,79,,89211,22,,,0,40,,89212,22,,,0,80,,89213,22,,,0,94,,89214,22,,,0,76,,89215,22,,,0,35,,89217,22,,,0,77,,89221,22,,,0,34,,89219,22,,,0,75,,89216,22,,,0,81,,89220,22,,,0,110,,89223,22,,,0,82,,89218,22,,,0,42,,89222,22,,,0
501,'5458',640,,89224,22,,,0,71,,89225,22,,,0,28,,89226,22,,,0,72,,89227,22,,,0,32,,89228,22,,,0,71,,89229,22,,,0,30,,89230,22,,,0,77,,89231,22,,,0,80,,89232,22,,,0,39,,89233,22,,,0,79,,89234,22,,,0,40,,89235,22,,,0,80,,89236,22,,,0,94,,89237,22,,,0,76,,89238,22,,,0,35,,89240,22,,,0,77,,89244,22,,,0,34,,89242,22,,,0,75,,89239,22,,,0,81,,89243,22,,,0,110,,89246,22,,,0,82,,89241,22,,,0,42,,89245,22,,,0
501,'5459',730,,89255,22,,,0,120,,89257,22,,,0,60,,89249,1,,,0,44,,89254,22,,,0,79,,89248,22,,,0,98,,89256,22,,,0,79,,89247,22,,,0,39,,89263,22,,,0,78,,89252,22,,,0,79,,89253,22,,,0,41,,89250,22,,,0,80,,89251,22,,,0,81,,89261,22,,,0,41,,89264,22,,,0,75,,89260,22,,,0,81,,89262,22,,,0,37,,89266,22,,,0,75,,89265,22,,,0,40,,89258,22,,,0,85,,89259,22,,,0
501,'5460',717,,89281,22,,,0,119,,89280,22,,,0,118,,89279,22,,,0,79,,89273,22,,,0,98,,89276,22,,,0,79,,89272,22,,,0,40,,89268,22,,,0,79,,89267,22,,,0,80,,89283,22,,,0,40,,89275,22,,,0,80,,89271,22,,,0,80,,89270,22,,,0,42,,89269,22,,,0,75,,89282,22,,,0,80,,89277,22,,,0,36,,89274,22,,,0,82,,89278,22,,,0
501,'5461',717,,89298,22,,,0,119,,89297,22,,,0,118,,89296,22,,,0,79,,89290,22,,,0,98,,89293,22,,,0,79,,89289,22,,,0,40,,89285,22,,,0,79,,89284,22,,,0,80,,89300,22,,,0,40,,89292,22,,,0,80,,89288,22,,,0,80,,89287,22,,,0,42,,89286,22,,,0,75,,89299,22,,,0,80,,89294,22,,,0,36,,89291,22,,,0,82,,89295,22,,,0
501,'5462',717,,89315,22,,,0,119,,89314,22,,,0,118,,89313,22,,,0,79,,89307,22,,,0,98,,89310,22,,,0,79,,89306,22,,,0,40,,89302,22,,,0,79,,89301,22,,,0,80,,89317,22,,,0,40,,89309,22,,,0,80,,89305,22,,,0,80,,89304,22,,,0,42,,89303,22,,,0,75,,89316,22,,,0,80,,89311,22,,,0,36,,89308,22,,,0,82,,89312,22,,,0
501,'5463',717,,89332,22,,,0,119,,89331,22,,,0,118,,89330,22,,,0,79,,89324,22,,,0,98,,89327,22,,,0,79,,89323,22,,,0,40,,89319,22,,,0,79,,89318,22,,,0,80,,89334,22,,,0,40,,89326,22,,,0,80,,89322,22,,,0,80,,89321,22,,,0,42,,89320,22,,,0,75,,89333,22,,,0,80,,89328,22,,,0,36,,89325,22,,,0,82,,89329,22,,,0
1001,'5456',621,,90884,21,0,46 37,0,82,,90889,21,0,46 37,0,36,,90885,21,0,46 37,0,76,,90886,21,0,46 37,0,44,,90887,21,0,46 37,0,80,,90888,21,0,46 37,0,95,,90892,21,0,46 37,0,115,,90890,21,0,46 37,0,90,,90893,21,0,46 37,0,75,,90891,21,0,46 37,0,86,,90896,21,0,46 37,0,41,,90894,21,0,46 37,0,95,,90897,21,0,46 37,0,81,,90895,21,0,46 37,0,88,,90898,21,0,46 37,0,41,,90899,21,0,46 37,0,61,,90903,21,0,46 37,0,31,,90900,21,0,46 37,0,96,,90902,21,0,46 37,0,101,,90901,21,0,46 37,0
1001,'5458',621,,90904,21,0,46 37,0,82,,90909,21,0,46 37,0,36,,90905,21,0,46 37,0,76,,90906,21,0,46 37,0,44,,90907,21,0,46 37,0,80,,90908,21,0,46 37,0,95,,90912,21,0,46 37,0,115,,90910,21,0,46 37,0,90,,90913,21,0,46 37,0,75,,90911,21,0,46 37,0,86,,90916,21,0,46 37,0,41,,90914,21,0,46 37,0,95,,90917,21,0,46 37,0,81,,90915,21,0,46 37,0,88,,90918,21,0,46 37,0,41,,90919,21,0,46 37,0,61,,90923,21,0,46 37,0,31,,90920,21,0,46 37,0,96,,90922,21,0,46 37,0,101,,90921,21,0,46 37,0
1001,'5459',718,,90933,21,0,46 37,0,101,,90936,21,0,46 37,0,101,,90924,21,0,46 37,0,96,,90928,21,0,46 37,0,108,,90930,21,0,46 37,0,110,,90929,21,0,46 37,0,96,,90926,21,0,46 37,0,100,,90925,21,0,46 37,0,100,,90927,21,0,46 37,0,103,,90931,21,0,46 37,0,103,,90932,21,0,46 37,0,100,,90934,21,0,46 37,0,99,,90935,21,0,46 37,0,99,,90937,21,0,46 37,0
1001,'5460',719,,90943,21,0,46 37,0,100,,90942,21,0,46 37,0,99,,90939,21,0,46 37,0,104,,90940,21,0,46 37,0,100,,90946,21,0,46 37,0,110,,90945,21,0,46 37,0,90,,90938,21,0,46 37,0,107,,90941,21,0,46 37,0,100,,90944,21,0,46 37,0,99,,90948,21,0,46 37,0,103,,90947,21,0,46 37,0,105,,90949,21,0,46 37,0,99,,90950,21,0,46 37,0
1001,'5461',719,,90957,21,0,46 37,0,100,,90956,21,0,46 37,0,99,,90953,21,0,46 37,0,104,,90954,21,0,46 37,0,100,,90960,21,0,46 37,0,110,,90959,21,0,46 37,0,90,,90952,21,0,46 37,0,107,,90955,21,0,46 37,0,100,,90958,21,0,46 37,0,99,,90962,21,0,46 37,0,103,,90961,21,0,46 37,0,105,,90963,21,0,46 37,0,99,,90964,21,0,46 37,0
1001,'5462',719,,90971,21,0,46 37,0,100,,90970,21,0,46 37,0,99,,90967,21,0,46 37,0,104,,90968,21,0,46 37,0,100,,90974,21,0,46 37,0,110,,90973,21,0,46 37,0,90,,90966,21,0,46 37,0,107,,90969,21,0,46 37,0,100,,90972,21,0,46 37,0,99,,90976,21,0,46 37,0,103,,90975,21,0,46 37,0,105,,90977,21,0,46 37,0,99,,90978,21,0,46 37,0
1001,'5463',719,,90985,21,0,46 37,0,100,,90984,21,0,46 37,0,99,,90981,21,0,46 37,0,104,,90982,21,0,46 37,0,100,,90988,21,0,46 37,0,110,,90987,21,0,46 37,0,90,,90980,21,0,46 37,0,107,,90983,21,0,46 37,0,100,,90986,21,0,46 37,0,99,,90990,21,0,46 37,0,103,,90989,21,0,46 37,0,105,,90991,21,0,46 37,0,99,,90992,21,0,46 37,0
2701,'5456',545,,95969,32,,,0,82,,95970,32,,,0,28,,95971,32,,,0,62,,95972,32,,,0,33,,95973,32,,,0,65,,95974,32,,,0,23,,95975,32,,,0,69,,95976,32,,,0,19,,95977,32,,,0,23,,95978,32,,,0,64,,95979,32,,,0,24,,95980,32,,,0,66,,95981,32,,,0,26,,95982,32,,,0,29,,95983,32,,,0,67,,95984,32,,,0,26,,95985,32,,,0,66,,95986,32,,,0,26,,95987,32,,,0,66,,95988,32,,,0,25,,95989,32,,,0,66,,95990,32,,,0,27,,95991,32,,,0,21,,96025,32,,,0,7,,95992,32,,,0,61,,95993,32,,,0,33,,95994,32,,,0,71,,95995,32,,,0,32,,95996,32,,,0,67,,95997,32,,,0,13,,95998,32,,,0,12,,95999,32,,,0,15,,96000,32,,,0,54,,96001,32,,,0,16,,96002,32,,,0,19,,96003,32,,,0,63,,96004,32,,,0,26,,96005,32,,,0,68,,96006,32,,,0,29,,96007,32,,,0,66,,96008,32,,,0,29,,96009,32,,,0,30,,96010,32,,,0,76,,96011,32,,,0,78,,96012,32,,,0,37,,96013,32,,,0
2701,'5458',545,,96026,32,,,0,82,,96027,32,,,0,28,,96028,32,,,0,62,,96029,32,,,0,33,,96030,32,,,0,65,,96031,32,,,0,23,,96032,32,,,0,69,,96033,32,,,0,19,,96034,32,,,0,23,,96035,32,,,0,64,,96036,32,,,0,24,,96037,32,,,0,66,,96038,32,,,0,26,,96039,32,,,0,29,,96040,32,,,0,67,,96041,32,,,0,26,,96042,32,,,0,66,,96043,32,,,0,26,,96044,32,,,0,66,,96045,32,,,0,24,,96047,32,,,0,1,,96046,32,,,0,66,,96048,32,,,0,27,,96049,32,,,0,21,,96086,32,,,0,68,,96050,32,,,0,33,,96051,32,,,0,71,,96052,32,,,0,32,,96053,32,,,0,67,,96054,32,,,0,13,,96055,32,,,0,12,,96056,32,,,0,15,,96057,32,,,0,54,,96058,32,,,0,16,,96059,32,,,0,19,,96060,32,,,0,63,,96061,32,,,0,26,,96062,32,,,0,68,,96063,32,,,0,29,,96064,32,,,0,66,,96065,32,,,0,29,,96066,32,,,0,30,,96067,32,,,0,76,,96068,32,,,0,78,,96069,32,,,0,37,,96070,32,,,0,80,,96071,32,,,0,80,,96072,32,,,0
2701,'5459',648,,96087,32,,,0,81,,96088,32,,,0,30,,96089,32,,,0,70,,96090,32,,,0,30,,96091,32,,,0,66,,96092,32,,,0,28,,96093,32,,,0,68,,96094,32,,,0,27,,96095,32,,,0,65,,96096,32,,,0,22,,96097,32,,,0,23,,96098,32,,,0,62,,96099,32,,,0,21,,96100,32,,,0,62,,96101,32,,,0,23,,96102,32,,,0,24,,96103,32,,,0,62,,96104,32,,,0,24,,96105,32,,,0,23,,96106,32,,,0,61,,96107,32,,,0,21,,96108,32,,,0,61,,96109,32,,,0,21,,96110,32,,,0,20,,96111,32,,,0,60,,96112,32,,,0,20,,96113,32,,,0,21,,96114,32,,,0,60,,96115,32,,,0,20,,96116,32,,,0,18,,96117,32,,,0,59,,96118,32,,,0,20,,96119,32,,,0,21,,96120,32,,,0,66,,96121,32,,,0,26,,96122,32,,,0,68,,96123,32,,,0,30,,96124,32,,,0,69,,96125,32,,,0,29,,96126,32,,,0,29,,96127,32,,,0,71,,96128,32,,,0,70,,96129,32,,,0,30,,96130,32,,,0,71,,96131,32,,,0,28,,96132,32,,,0,29,,96133,32,,,0,70,,96134,32,,,0
2701,'5460',718,,96138,32,,,0,83,,96139,32,,,0,31,,96140,32,,,0,69,,96141,32,,,0,32,,96142,32,,,0,71,,96137,32,,,0,32,,96143,32,,,0,65,,96144,32,,,0,27,,96145,32,,,0,27,,96146,32,,,0,65,,96147,32,,,0,26,,96148,32,,,0,64,,96149,32,,,0,23,,96150,32,,,0,22,,96151,32,,,0,63,,96152,32,,,0,23,,96153,32,,,0,63,,96154,32,,,0,22,,96155,32,,,0,23,,96156,32,,,0,63,,96157,32,,,0,23,,96158,32,,,0,23,,96159,32,,,0,62,,96160,32,,,0,22,,96161,32,,,0,63,,96162,32,,,0,23,,96163,32,,,0,22,,96164,32,,,0,63,,96165,32,,,0,26,,96166,32,,,0,65,,96167,32,,,0,28,,96168,32,,,0,68,,96169,32,,,0,30,,96170,32,,,0,29,,96171,32,,,0,75,,96172,32,,,0,81,,96173,32,,,0,36,,96174,32,,,0
2701,'5461',718,,96177,32,,,0,83,,96178,32,,,0,31,,96179,32,,,0,69,,96180,32,,,0,32,,96181,32,,,0,71,,96176,32,,,0,32,,96182,32,,,0,65,,96183,32,,,0,27,,96184,32,,,0,27,,96185,32,,,0,65,,96186,32,,,0,26,,96187,32,,,0,64,,96188,32,,,0,23,,96189,32,,,0,22,,96190,32,,,0,63,,96191,32,,,0,23,,96192,32,,,0,63,,96193,32,,,0,22,,96194,32,,,0,23,,96195,32,,,0,63,,96196,32,,,0,23,,96197,32,,,0,23,,96198,32,,,0,62,,96199,32,,,0,22,,96200,32,,,0,63,,96201,32,,,0,23,,96202,32,,,0,22,,96203,32,,,0,63,,96204,32,,,0,26,,96205,32,,,0,65,,96206,32,,,0,28,,96207,32,,,0,68,,96208,32,,,0,30,,96209,32,,,0,29,,96210,32,,,0,75,,96211,32,,,0,81,,96212,32,,,0,36,,96213,32,,,0
2701,'5462',718,,96216,32,,,0,83,,96217,32,,,0,31,,96218,32,,,0,69,,96219,32,,,0,32,,96220,32,,,0,71,,96215,32,,,0,32,,96221,32,,,0,65,,96222,32,,,0,27,,96223,32,,,0,27,,96224,32,,,0,65,,96225,32,,,0,26,,96226,32,,,0,64,,96227,32,,,0,23,,96228,32,,,0,22,,96229,32,,,0,63,,96230,32,,,0,23,,96231,32,,,0,63,,96232,32,,,0,22,,96233,32,,,0,23,,96234,32,,,0,63,,96235,32,,,0,23,,96236,32,,,0,23,,96237,32,,,0,62,,96238,32,,,0,22,,96239,32,,,0,63,,96240,32,,,0,23,,96241,32,,,0,22,,96242,32,,,0,63,,96243,32,,,0,26,,96244,32,,,0,65,,96245,32,,,0,28,,96246,32,,,0,68,,96247,32,,,0,30,,96248,32,,,0,29,,96249,32,,,0,75,,96250,32,,,0,81,,96251,32,,,0,36,,96252,32,,,0
2701,'5463',718,,96255,32,,,0,83,,96256,32,,,0,31,,96257,32,,,0,69,,96258,32,,,0,32,,96259,32,,,0,71,,96254,32,,,0,32,,96260,32,,,0,65,,96261,32,,,0,27,,96262,32,,,0,27,,96263,32,,,0,65,,96264,32,,,0,26,,96265,32,,,0,64,,96266,32,,,0,23,,96267,32,,,0,22,,96268,32,,,0,63,,96269,32,,,0,23,,96270,32,,,0,63,,96271,32,,,0,22,,96272,32,,,0,23,,96273,32,,,0,63,,96274,32,,,0,23,,96275,32,,,0,23,,96276,32,,,0,62,,96277,32,,,0,22,,96278,32,,,0,63,,96279,32,,,0,23,,96280,32,,,0,22,,96281,32,,,0,63,,96282,32,,,0,26,,96283,32,,,0,65,,96284,32,,,0,28,,96285,32,,,0,68,,96286,32,,,0,30,,96287,32,,,0,29,,96288,32,,,0,75,,96289,32,,,0,81,,96290,32,,,0,36,,96291,32,,,0
2801,'5456',613,,96601,37,,,0,28,,96602,37,,,0,66,,96603,37,,,0,23,,96604,37,,,0,13,,96605,37,,,0,13,,96606,37,,,0,51,,96607,37,,,0,12,,96608,37,,,0,12,,96609,37,,,0,12,,96610,37,,,0,15,,96611,37,,,0,58,,96612,37,,,0,21,,96613,37,,,0,65,,96614,37,,,0,24,,96615,37,,,0,24,,96616,37,,,0,66,,96617,37,,,0,28,,96618,37,,,0,67,,96619,37,,,0,27,,96620,37,,,0,66,,96621,37,,,0,26,,96622,37,,,0,26,,96623,37,,,0,66,,96624,37,,,0,26,,96625,37,,,0,65,,96626,37,,,0,27,,96627,37,,,0,61,,96628,37,,,0,32,,96629,37,,,0,72,,96630,37,,,0,20,,96648,37,,,0,13,,96631,37,,,0,69,,96632,37,,,0,131,,96633,37,,,0,20,,96634,37,,,0,66,,96635,37,,,0,29,,96636,37,,,0,66,,96637,37,,,0,26,,96638,37,,,0,69,,96639,37,,,0,30,,96640,37,,,0,71,,96641,37,,,0,37,,96642,37,,,0,77,,96643,37,,,0,79,,96644,37,,,0
2801,'5458',613,,96649,37,,,0,28,,96650,37,,,0,66,,96651,37,,,0,23,,96652,37,,,0,13,,96653,37,,,0,13,,96654,37,,,0,51,,96655,37,,,0,12,,96656,37,,,0,12,,96657,37,,,0,12,,96658,37,,,0,15,,96659,37,,,0,58,,96660,37,,,0,21,,96661,37,,,0,65,,96662,37,,,0,24,,96663,37,,,0,24,,96664,37,,,0,66,,96665,37,,,0,28,,96666,37,,,0,67,,96667,37,,,0,27,,96668,37,,,0,66,,96669,37,,,0,26,,96670,37,,,0,26,,96671,37,,,0,66,,96672,37,,,0,26,,96673,37,,,0,65,,96674,37,,,0,27,,96675,37,,,0,61,,96676,37,,,0,32,,96677,37,,,0,72,,96678,37,,,0,20,,96699,37,,,0,13,,96679,37,,,0,69,,96680,37,,,0,131,,96681,37,,,0,20,,96682,37,,,0,66,,96683,37,,,0,29,,96684,37,,,0,66,,96685,37,,,0,26,,96686,37,,,0,69,,96687,37,,,0,30,,96688,37,,,0,71,,96689,37,,,0,37,,96690,37,,,0,77,,96691,37,,,0,79,,96692,37,,,0,40,,96693,37,,,0
2801,'5459',709,,96701,37,,,0,35,,96702,37,,,0,70,,96703,37,,,0,30,,96700,37,,,0,68,,96704,37,,,0,27,,96705,37,,,0,68,,96706,37,,,0,27,,96707,37,,,0,66,,96708,37,,,0,23,,96709,37,,,0,24,,96710,37,,,0,62,,96711,37,,,0,22,,96712,37,,,0,21,,96713,37,,,0,62,,96714,37,,,0,24,,96715,37,,,0,62,,96716,37,,,0,25,,96717,37,,,0,21,,96718,37,,,0,64,,96719,37,,,0,20,,96720,37,,,0,20,,96721,37,,,0,63,,96722,37,,,0,19,,96723,37,,,0,21,,96724,37,,,0,60,,96725,37,,,0,20,,96726,37,,,0,21,,96727,37,,,0,60,,96728,37,,,0,20,,96729,37,,,0,18,,96730,37,,,0,60,,96731,37,,,0,20,,96732,37,,,0,23,,96733,37,,,0,66,,96734,37,,,0,27,,96735,37,,,0,69,,96736,37,,,0,30,,96737,37,,,0,69,,96738,37,,,0,28,,96739,37,,,0,69,,96740,37,,,0,32,,96741,37,,,0,70,,96742,37,,,0,30,,96743,37,,,0,71,,96744,37,,,0,27,,96745,37,,,0,70,,96746,37,,,0
2801,'5460',648,,96749,37,,,0,98,,96750,37,,,0,70,,96751,37,,,0,32,,96752,37,,,0,68,,96753,37,,,0,32,,96754,37,,,0,71,,96755,37,,,0,29,,96756,37,,,0,67,,96757,37,,,0,26,,96758,37,,,0,67,,96759,37,,,0,24,,96760,37,,,0,25,,96761,37,,,0,64,,96762,37,,,0,22,,96763,37,,,0,62,,96764,37,,,0,23,,96765,37,,,0,24,,96766,37,,,0,63,,96767,37,,,0,22,,96768,37,,,0,63,,96769,37,,,0,23,,96770,37,,,0,24,,96771,37,,,0,62,,96772,37,,,0,23,,96773,37,,,0,21,,96774,37,,,0,63,,96775,37,,,0,22,,96776,37,,,0,63,,96777,37,,,0,24,,96778,37,,,0,27,,96779,37,,,0,66,,96780,37,,,0,29,,96781,37,,,0,69,,96782,37,,,0,29,,96783,37,,,0,70,,96784,37,,,0,40,,96785,37,,,0,78,,96786,37,,,0,85,,96787,37,,,0
2801,'5461',648,,96788,37,,,0,98,,96789,37,,,0,70,,96790,37,,,0,32,,96791,37,,,0,68,,96792,37,,,0,32,,96793,37,,,0,71,,96794,37,,,0,29,,96795,37,,,0,67,,96796,37,,,0,26,,96797,37,,,0,67,,96798,37,,,0,24,,96799,37,,,0,25,,96800,37,,,0,64,,96801,37,,,0,22,,96802,37,,,0,62,,96803,37,,,0,23,,96804,37,,,0,24,,96805,37,,,0,63,,96806,37,,,0,22,,96807,37,,,0,63,,96808,37,,,0,23,,96809,37,,,0,24,,96810,37,,,0,62,,96811,37,,,0,23,,96812,37,,,0,21,,96813,37,,,0,63,,96814,37,,,0,22,,96815,37,,,0,63,,96816,37,,,0,24,,96817,37,,,0,27,,96818,37,,,0,66,,96819,37,,,0,29,,96820,37,,,0,69,,96821,37,,,0,29,,96822,37,,,0,70,,96823,37,,,0,40,,96824,37,,,0,78,,96825,37,,,0,85,,96826,37,,,0
2801,'5462',648,,96827,37,,,0,98,,96828,37,,,0,70,,96829,37,,,0,32,,96830,37,,,0,68,,96831,37,,,0,32,,96832,37,,,0,71,,96833,37,,,0,29,,96834,37,,,0,67,,96835,37,,,0,26,,96836,37,,,0,67,,96837,37,,,0,24,,96838,37,,,0,25,,96839,37,,,0,64,,96840,37,,,0,22,,96841,37,,,0,62,,96842,37,,,0,23,,96843,37,,,0,24,,96844,37,,,0,63,,96845,37,,,0,22,,96846,37,,,0,63,,96847,37,,,0,23,,96848,37,,,0,24,,96849,37,,,0,62,,96850,37,,,0,23,,96851,37,,,0,21,,96852,37,,,0,63,,96853,37,,,0,22,,96854,37,,,0,63,,96855,37,,,0,24,,96856,37,,,0,27,,96857,37,,,0,66,,96858,37,,,0,29,,96859,37,,,0,69,,96860,37,,,0,29,,96861,37,,,0,70,,96862,37,,,0,40,,96863,37,,,0,78,,96864,37,,,0,85,,96865,37,,,0
2801,'5463',648,,96866,37,,,0,98,,96867,37,,,0,70,,96868,37,,,0,32,,96869,37,,,0,68,,96870,37,,,0,32,,96871,37,,,0,71,,96872,37,,,0,29,,96873,37,,,0,67,,96874,37,,,0,26,,96875,37,,,0,67,,96876,37,,,0,24,,96877,37,,,0,25,,96878,37,,,0,64,,96879,37,,,0,22,,96880,37,,,0,62,,96881,37,,,0,23,,96882,37,,,0,24,,96883,37,,,0,63,,96884,37,,,0,22,,96885,37,,,0,63,,96886,37,,,0,23,,96887,37,,,0,24,,96888,37,,,0,62,,96889,37,,,0,23,,96890,37,,,0,21,,96891,37,,,0,63,,96892,37,,,0,22,,96893,37,,,0,63,,96894,37,,,0,24,,96895,37,,,0,27,,96896,37,,,0,66,,96897,37,,,0,29,,96898,37,,,0,69,,96899,37,,,0,29,,96900,37,,,0,70,,96901,37,,,0,40,,96902,37,,,0,78,,96903,37,,,0,85,,96904,37,,,0
3001,'5456',627,,97105,30,,,0,31,,97106,30,,,0,74,,97107,30,,,0,69,,97108,30,,,0,30,,97109,30,,,0,73,,97110,30,,,0,27,,97111,30,,,0,70,,97112,30,,,0,29,,97113,30,,,0,71,,97114,30,,,0,31,,97115,30,,,0,70,,97116,30,,,0,32,,97117,30,,,0,70,,97118,30,,,0,30,,97119,30,,,0,71,,97120,30,,,0,30,,97121,30,,,0,71,,97122,30,,,0,35,,97123,30,,,0,72,,97124,30,,,0,33,,97125,30,,,0,72,,97126,30,,,0,31,,97127,30,,,0,68,,97128,30,,,0,27,,97129,30,,,0,76,,97130,30,,,0,39,,97131,30,,,0,77,,97132,30,,,0,94,,97133,30,,,0,99,,97134,30,,,0,108,,97135,30,,,0,90,,97136,30,,,0
3001,'5458',627,,97137,30,,,0,31,,97138,30,,,0,74,,97139,30,,,0,69,,97140,30,,,0,30,,97141,30,,,0,73,,97142,30,,,0,27,,97143,30,,,0,70,,97144,30,,,0,29,,97145,30,,,0,71,,97146,30,,,0,31,,97147,30,,,0,70,,97148,30,,,0,32,,97149,30,,,0,70,,97150,30,,,0,30,,97151,30,,,0,71,,97152,30,,,0,30,,97153,30,,,0,71,,97154,30,,,0,35,,97155,30,,,0,72,,97156,30,,,0,33,,97157,30,,,0,72,,97158,30,,,0,31,,97159,30,,,0,68,,97160,30,,,0,27,,97161,30,,,0,76,,97162,30,,,0,39,,97163,30,,,0,77,,97164,30,,,0,94,,97165,30,,,0,99,,97166,30,,,0,108,,97167,30,,,0,90,,97168,30,,,0
3001,'5459',654,,97170,30,,,0,88,,97171,30,,,0,80,,97172,30,,,0,33,,97169,30,,,0,71,,97173,30,,,0,32,,97174,30,,,0,72,,97175,30,,,0,29,,97176,30,,,0,70,,97177,30,,,0,30,,97178,30,,,0,70,,97179,30,,,0,29,,97180,30,,,0,69,,97181,30,,,0,30,,97182,30,,,0,70,,97183,30,,,0,30,,97184,30,,,0,70,,97185,30,,,0,30,,97186,30,,,0,71,,97187,30,,,0,30,,97188,30,,,0,70,,97189,30,,,0,30,,97190,30,,,0,75,,97191,30,,,0,80,,97192,30,,,0,40,,97193,30,,,0,81,,97194,30,,,0,95,,97195,30,,,0,100,,97196,30,,,0,110,,97197,30,,,0,91,,97198,30,,,0
3001,'5460',755,,97199,30,,,0,102,,97200,30,,,0,82,,97201,30,,,0,80,,97202,30,,,0,38,,97203,30,,,0,70,,97204,30,,,0,30,,97205,30,,,0,70,,97206,30,,,0,30,,97207,30,,,0,70,,97208,30,,,0,30,,97209,30,,,0,70,,97210,30,,,0,30,,97211,30,,,0,70,,97212,30,,,0,30,,97213,30,,,0,70,,97214,30,,,0,30,,97215,30,,,0,70,,97216,30,,,0,32,,97217,30,,,0,75,,97218,30,,,0,80,,97219,30,,,0,40,,97220,30,,,0,80,,97221,30,,,0,95,,97222,30,,,0,100,,97223,30,,,0,106,,97224,30,,,0,104,,97225,30,,,0
3001,'5461',755,,97226,30,,,0,102,,97227,30,,,0,82,,97228,30,,,0,80,,97229,30,,,0,38,,97230,30,,,0,70,,97231,30,,,0,30,,97232,30,,,0,70,,97233,30,,,0,30,,97234,30,,,0,70,,97235,30,,,0,30,,97236,30,,,0,70,,97237,30,,,0,30,,97238,30,,,0,70,,97239,30,,,0,30,,97240,30,,,0,70,,97241,30,,,0,30,,97242,30,,,0,70,,97243,30,,,0,32,,97244,30,,,0,75,,97245,30,,,0,80,,97246,30,,,0,40,,97247,30,,,0,80,,97248,30,,,0,95,,97249,30,,,0,100,,97250,30,,,0,106,,97251,30,,,0,104,,97252,30,,,0
3001,'5462',755,,97253,30,,,0,102,,97254,30,,,0,82,,97255,30,,,0,80,,97256,30,,,0,38,,97257,30,,,0,70,,97258,30,,,0,30,,97259,30,,,0,70,,97260,30,,,0,30,,97261,30,,,0,70,,97262,30,,,0,30,,97263,30,,,0,70,,97264,30,,,0,30,,97265,30,,,0,70,,97266,30,,,0,30,,97267,30,,,0,70,,97268,30,,,0,30,,97269,30,,,0,70,,97270,30,,,0,32,,97271,30,,,0,75,,97272,30,,,0,80,,97273,30,,,0,40,,97274,30,,,0,80,,97275,30,,,0,95,,97276,30,,,0,100,,97277,30,,,0,106,,97278,30,,,0,104,,97279,30,,,0
3001,'5463',755,,97280,30,,,0,102,,97281,30,,,0,82,,97282,30,,,0,80,,97283,30,,,0,38,,97284,30,,,0,70,,97285,30,,,0,30,,97286,30,,,0,70,,97287,30,,,0,30,,97288,30,,,0,70,,97289,30,,,0,30,,97290,30,,,0,70,,97291,30,,,0,30,,97292,30,,,0,70,,97293,30,,,0,30,,97294,30,,,0,70,,97295,30,,,0,30,,97296,30,,,0,70,,97297,30,,,0,32,,97298,30,,,0,75,,97299,30,,,0,80,,97300,30,,,0,40,,97301,30,,,0,80,,97302,30,,,0,95,,97303,30,,,0,100,,97304,30,,,0,106,,97305,30,,,0,104,,97306,30,,,0
3101,'5456',607,,97511,26,,,0,36,,97512,26,,,0,74,,97513,26,,,0,29,,97514,26,,,0,70,,97515,26,,,0,30,,97516,26,,,0,70,,97517,26,,,0,30,,97518,26,,,0,69,,97519,26,,,0,30,,97520,26,,,0,69,,97521,26,,,0,33,,97522,26,,,0,71,,97523,26,,,0,31,,97524,26,,,0,70,,97525,26,,,0,30,,97526,26,,,0,71,,97527,26,,,0,29,,97528,26,,,0,74,,97530,26,,,0,33,,97529,26,,,0,71,,97531,26,,,0,76,,97532,26,,,0,31,,97533,26,,,0,68,,97534,26,,,0,29,,97535,26,,,0,28,,97536,26,,,0,82,,97537,26,,,0,73,,97538,26,,,0,86,,97539,26,,,0,100,,97540,26,,,0,59,,97541,26,,,0,141,,97542,26,,,0
3101,'5458',607,,97544,26,,,0,36,,97545,26,,,0,74,,97546,26,,,0,29,,97547,26,,,0,70,,97548,26,,,0,30,,97549,26,,,0,70,,97550,26,,,0,30,,97551,26,,,0,69,,97552,26,,,0,30,,97553,26,,,0,69,,97554,26,,,0,33,,97555,26,,,0,71,,97556,26,,,0,31,,97557,26,,,0,70,,97558,26,,,0,30,,97559,26,,,0,71,,97560,26,,,0,29,,97561,26,,,0,74,,97563,26,,,0,33,,97562,26,,,0,71,,97564,26,,,0,76,,97565,26,,,0,31,,97566,26,,,0,68,,97567,26,,,0,29,,97568,26,,,0,28,,97569,26,,,0,82,,97570,26,,,0,73,,97571,26,,,0,86,,97572,26,,,0,100,,97573,26,,,0,59,,97574,26,,,0,141,,97575,26,,,0
3101,'5459',715,,97577,26,,,0,87,,97578,26,,,0,37,,97579,26,,,0,71,,97580,26,,,0,32,,97581,26,,,0,72,,97582,26,,,0,30,,97583,26,,,0,70,,97584,26,,,0,30,,97585,26,,,0,70,,97586,26,,,0,29,,97587,26,,,0,69,,97588,26,,,0,30,,97589,26,,,0,70,,97590,26,,,0,30,,97591,26,,,0,70,,97592,26,,,0,30,,97593,26,,,0,71,,97594,26,,,0,30,,97595,26,,,0,70,,97596,26,,,0,30,,97597,26,,,0,70,,97598,26,,,0,40,,97599,26,,,0,80,,97600,26,,,0,80,,97601,26,,,0,46,,97602,26,,,0,100,,97603,26,,,0,100,,97604,26,,,0,150,,97605,26,,,0
3101,'5460',725,,97608,26,,,0,102,,97609,26,,,0,92,,97610,26,,,0,40,,97611,26,,,0,78,,97607,26,,,0,75,,97612,26,,,0,30,,97613,26,,,0,70,,97614,26,,,0,30,,97615,26,,,0,70,,97616,26,,,0,30,,97617,26,,,0,70,,97618,26,,,0,30,,97619,26,,,0,70,,97620,26,,,0,30,,97621,26,,,0,70,,97622,26,,,0,30,,97623,26,,,0,70,,97624,26,,,0,31,,97625,26,,,0,71,,97626,26,,,0,40,,97627,26,,,0,80,,97628,26,,,0,80,,97629,26,,,0,87,,97630,26,,,0,58,,97631,26,,,0,100,,97632,26,,,0,153,,97633,26,,,0
3101,'5461',725,,97635,26,,,0,102,,97636,26,,,0,92,,97637,26,,,0,40,,97638,26,,,0,78,,97634,26,,,0,75,,97639,26,,,0,30,,97640,26,,,0,70,,97641,26,,,0,30,,97642,26,,,0,70,,97643,26,,,0,30,,97644,26,,,0,70,,97645,26,,,0,30,,97646,26,,,0,70,,97647,26,,,0,30,,97648,26,,,0,70,,97649,26,,,0,30,,97650,26,,,0,70,,97651,26,,,0,31,,97652,26,,,0,71,,97653,26,,,0,40,,97654,26,,,0,80,,97655,26,,,0,80,,97656,26,,,0,87,,97657,26,,,0,58,,97658,26,,,0,100,,97659,26,,,0,153,,97660,26,,,0
3101,'5462',725,,97662,26,,,0,102,,97663,26,,,0,92,,97664,26,,,0,40,,97665,26,,,0,78,,97661,26,,,0,75,,97666,26,,,0,30,,97667,26,,,0,70,,97668,26,,,0,30,,97669,26,,,0,70,,97670,26,,,0,30,,97671,26,,,0,70,,97672,26,,,0,30,,97673,26,,,0,70,,97674,26,,,0,30,,97675,26,,,0,70,,97676,26,,,0,30,,97677,26,,,0,70,,97678,26,,,0,31,,97679,26,,,0,71,,97680,26,,,0,40,,97681,26,,,0,80,,97682,26,,,0,80,,97683,26,,,0,87,,97684,26,,,0,58,,97685,26,,,0,100,,97686,26,,,0,153,,97687,26,,,0
3101,'5463',725,,97689,26,,,0,102,,97690,26,,,0,92,,97691,26,,,0,40,,97692,26,,,0,78,,97688,26,,,0,75,,97693,26,,,0,30,,97694,26,,,0,70,,97695,26,,,0,30,,97696,26,,,0,70,,97697,26,,,0,30,,97698,26,,,0,70,,97699,26,,,0,30,,97700,26,,,0,70,,97701,26,,,0,30,,97702,26,,,0,70,,97703,26,,,0,30,,97704,26,,,0,70,,97705,26,,,0,31,,97706,26,,,0,71,,97707,26,,,0,40,,97708,26,,,0,80,,97709,26,,,0,80,,97710,26,,,0,87,,97711,26,,,0,58,,97712,26,,,0,100,,97713,26,,,0,153,,97714,26,,,0
3201,'5456',730,,97813,35,,,0,84,,97816,35,,,0
3201,'5458',730,,97831,35,,,0,84,,97834,35,,,0
4700,'5456',710,,98600,51,,,0,25,,98598,51,,,0,69,,98599,51,,,0
4700,'5458',710,,98603,51,,,0,25,,98601,51,,,0,69,,98602,51,,,0
4800,'5456',707,,98610,55,,,0,28,,98611,55,,,0,71,,98612,55,,,0
4800,'5458',707,,98613,55,,,0,28,,98614,55,,,0,71,,98615,55,,,0
5300,'5456',744,,99175,48,,,0
5300,'5458',744,,99186,48,,,0
6100,'5456',611,,100420,75,,,0,44,,100418,75,,,0,56,,100419,75,,,0,23,,100412,75,,,0,66,,100411,75,,,0,19,,100406,75,,,0,19,,100405,75,,,0,67,,100404,75,,,0
6100,'5458',611,,100459,75,,,0,44,,100457,75,,,0,56,,100458,75,,,0,23,,100451,75,,,0,66,,100450,75,,,0,19,,100445,75,,,0,19,,100444,75,,,0,67,,100443,75,,,0
6500,'5456',637,,100802,60,,,0,105,,100801,60,,,0,68,,100800,60,,,0,41,,100799,60,,,0
6500,'5458',637,,100806,60,,,0,105,,100805,60,,,0,68,,100804,60,,,0,41,,100803,60,,,0
7001,'5456',744,,100962,18,,,0,108,,100972,18,,,0,96,,100963,18,,,0,99,,100969,18,,,0,104,,100964,18,,,0,99,,100965,18,,,0,101,,100966,18,,,0,102,,100967,18,,,0,149,,100968,18,,,0,98,,100970,18,,,0,28,,100974,18,,,0,30,,100971,18,,,0,94,,100973,18,,,0,97,,100975,18,,,0,198,,100976,18,,,0,198,,100977,18,,,0
7001,'5458',744,,100978,18,,,0,108,,100988,18,,,0,96,,100979,18,,,0,99,,100985,18,,,0,104,,100980,18,,,0,99,,100981,18,,,0,101,,100982,18,,,0,102,,100983,18,,,0,149,,100984,18,,,0,98,,100986,18,,,0,28,,100990,18,,,0,30,,100987,18,,,0,94,,100989,18,,,0,97,,100991,18,,,0,198,,100992,18,,,0,198,,100993,18,,,0
7001,'5459',946,,100994,18,,,0,102,,100995,18,,,0,103,,100996,18,,,0,101,,100997,18,,,0,102,,100998,18,,,0,105,,100999,18,,,0,98,,101000,18,,,0,98,,101001,18,,,0,92,,101002,18,,,0,99,,101003,18,,,0,97,,101004,18,,,0,200,,101005,18,,,0,200,,101006,18,,,0
7001,'5460',943,,101007,18,,,0,202,,101008,18,,,0,101,,101009,18,,,0,104,,101010,18,,,0,101,,101011,18,,,0,100,,101012,18,,,0,99,,101013,18,,,0,100,,101014,18,,,0,97,,101015,18,,,0,100,,101016,18,,,0,100,,101017,18,,,0,97,,101018,18,,,0,199,,101019,18,,,0,97,,101020,18,,,0
7001,'5461',943,,101021,18,,,0,102,,101035,18,,,0,100,,101022,18,,,0,101,,101023,18,,,0,104,,101024,18,,,0,101,,101025,18,,,0,100,,101026,18,,,0,99,,101027,18,,,0,100,,101028,18,,,0,97,,101029,18,,,0,100,,101030,18,,,0,100,,101031,18,,,0,97,,101032,18,,,0,101,,101036,18,,,0,98,,101033,18,,,0,97,,101034,18,,,0
7001,'5462',943,,101037,18,,,0,102,,101051,18,,,0,100,,101038,18,,,0,101,,101039,18,,,0,104,,101040,18,,,0,101,,101041,18,,,0,100,,101042,18,,,0,99,,101043,18,,,0,100,,101044,18,,,0,97,,101045,18,,,0,100,,101046,18,,,0,100,,101047,18,,,0,97,,101048,18,,,0,101,,101052,18,,,0,98,,101049,18,,,0,97,,101050,18,,,0
7001,'5463',943,,101053,18,,,0,202,,101054,18,,,0,101,,101055,18,,,0,104,,101056,18,,,0,101,,101057,18,,,0,100,,101058,18,,,0,99,,101059,18,,,0,100,,101060,18,,,0,97,,101061,18,,,0,100,,101062,18,,,0,100,,101063,18,,,0,97,,101064,18,,,0,199,,101065,18,,,0,97,,101066,18,,,0
7101,'5456',647,,101073,38,,,0,72,,101074,38,,,0,91,,101075,38,,,0
7101,'5458',647,,101076,38,,,0,72,,101077,38,,,0,91,,101078,38,,,0
7201,'5456',629,,101280,59,,,0,82,,101283,59,,,0,33,,101281,59,,,0,75,,101285,59,,,0,33,,101295,59,,,0,60,,101290,59,,,0,27,,101282,59,,,0,69,,101284,59,,,0,30,,101288,59,,,0,71,,101286,59,,,0,31,,101287,59,,,0,74,,101294,59,,,0,30,,101289,59,,,0,70,,101291,59,,,0,31,,101292,59,,,0,70,,101299,59,,,0,31,,101302,59,,,0,73,,101293,59,,,0,34,,101304,59,,,0,71,,101308,59,,,0,31,,101296,59,,,0,65,,101297,59,,,0,28,,101303,59,,,0,67,,101311,59,,,0,29,,101298,59,,,0,67,,101305,59,,,0,28,,101307,59,,,0,68,,101300,59,,,0,30,,101301,59,,,0,70,,101310,59,,,0,30,,101312,59,,,0,70,,101306,59,,,0
7201,'5457',1529,,101313,55,,,0
7201,'5458',629,,101314,59,,,0,82,,101317,59,,,0,33,,101315,59,,,0,75,,101319,59,,,0,33,,101330,59,,,0,60,,101324,59,,,0,27,,101316,59,,,0,69,,101318,59,,,0,30,,101322,59,,,0,71,,101320,59,,,0,31,,101321,59,,,0,74,,101329,59,,,0,30,,101323,59,,,0,70,,101325,59,,,0,31,,101326,59,,,0,70,,101334,59,,,0,31,,101337,59,,,0,73,,101328,59,,,0,10,,101327,55,,,0,24,,101339,59,,,0,71,,101343,59,,,0,31,,101331,59,,,0,65,,101332,59,,,0,28,,101338,59,,,0,67,,101346,59,,,0,29,,101333,59,,,0,67,,101340,59,,,0,28,,101342,59,,,0,68,,101335,59,,,0,30,,101336,59,,,0,70,,101345,59,,,0,30,,101347,59,,,0,70,,101341,59,,,0
7201,'5459',656,,101376,59,,,0,145,,101349,59,,,0,100,,101350,59,,,0,33,,101351,59,,,0,73,,101352,59,,,0,30,,101353,59,,,0,73,,101354,59,,,0,31,,101355,59,,,0,71,,101356,59,,,0,30,,101357,59,,,0,72,,101348,59,,,0,30,,101358,59,,,0,70,,101359,59,,,0,32,,101360,59,,,0,74,,101361,59,,,0,29,,101362,59,,,0,68,,101363,59,,,0,32,,101364,59,,,0,68,,101365,59,,,0,27,,101366,59,,,0,65,,101367,59,,,0,30,,101368,59,,,0,68,,101369,59,,,0,29,,101370,59,,,0,68,,101371,59,,,0,30,,101372,59,,,0,71,,101373,59,,,0,28,,101374,59,,,0,70,,101375,59,,,0
7201,'5460',759,,101378,59,,,0,142,,101379,59,,,0,102,,101380,59,,,0,106,,101381,59,,,0,101,,101383,59,,,0,31,,101384,59,,,0,70,,101377,59,,,0,31,,101382,59,,,0,70,,101385,59,,,0,30,,101387,59,,,0,70,,101388,59,,,0,31,,101389,59,,,0,69,,101386,59,,,0,29,,101390,59,,,0,69,,101391,59,,,0,30,,101392,59,,,0,73,,101393,59,,,0,28,,101394,59,,,0,69,,101395,59,,,0,29,,101396,59,,,0,70,,101398,59,,,0,29,,101397,59,,,0,70,,101399,59,,,0,29,,101400,59,,,0,69,,101401,59,,,0
7201,'5461',759,,101403,59,,,0,142,,101404,59,,,0,102,,101405,59,,,0,106,,101406,59,,,0,101,,101408,59,,,0,31,,101409,59,,,0,70,,101402,59,,,0,31,,101407,59,,,0,70,,101410,59,,,0,30,,101412,59,,,0,70,,101413,59,,,0,31,,101414,59,,,0,69,,101411,59,,,0,29,,101415,59,,,0,69,,101416,59,,,0,30,,101417,59,,,0,73,,101418,59,,,0,28,,101419,59,,,0,69,,101420,59,,,0,29,,101421,59,,,0,70,,101423,59,,,0,29,,101422,59,,,0,70,,101424,59,,,0,29,,101425,59,,,0,69,,101426,59,,,0
7201,'5462',759,,101428,59,,,0,142,,101429,59,,,0,102,,101430,59,,,0,106,,101431,59,,,0,101,,101433,59,,,0,31,,101434,59,,,0,70,,101427,59,,,0,31,,101432,59,,,0,70,,101435,59,,,0,30,,101437,59,,,0,70,,101438,59,,,0,31,,101439,59,,,0,69,,101436,59,,,0,29,,101440,59,,,0,69,,101441,59,,,0,30,,101442,59,,,0,73,,101443,59,,,0,28,,101444,59,,,0,69,,101445,59,,,0,29,,101446,59,,,0,70,,101448,59,,,0,29,,101447,59,,,0,70,,101449,59,,,0,29,,101450,59,,,0,69,,101451,59,,,0
7201,'5463',759,,101453,59,,,0,142,,101454,59,,,0,102,,101455,59,,,0,106,,101456,59,,,0,101,,101458,59,,,0,31,,101459,59,,,0,70,,101452,59,,,0,31,,101457,59,,,0,70,,101460,59,,,0,30,,101462,59,,,0,70,,101463,59,,,0,31,,101464,59,,,0,69,,101461,59,,,0,29,,101465,59,,,0,69,,101466,59,,,0,30,,101467,59,,,0,73,,101468,59,,,0,28,,101469,59,,,0,69,,101470,59,,,0,29,,101471,59,,,0,70,,101473,59,,,0,29,,101472,59,,,0,70,,101474,59,,,0,29,,101475,59,,,0,69,,101476,59,,,0
7501,'5456',623,,101665,54,,,0,30,,101662,54,,,0,63,,101663,54,,,0,22,,101667,54,,,0,65,,101669,54,,,0,27,,101664,54,,,0,19,,101674,54,,,0,55,,101671,54,,,0,28,,101666,54,,,0,72,,101668,56,,,0,39,,101670,56,,,0,71,,101672,56,,,0,35,,101673,56,,,0,68,,101675,56,,,0,30,,101676,56,,,0,71,,101677,56,,,0,30,,101678,56,,,0,70,,101679,56,,,0,33,,101680,56,,,0,73,,101681,56,,,0,34,,101682,56,,,0,60,,101698,56,,,0,10,,101683,56,,,0,19,,101685,56,,,0,54,,101684,56,,,0,9,,101693,54,,,0,9,,101697,35,,,0,10,,101686,56,,,0,26,,101687,56,,,0,66,,101688,56,,,0,28,,101689,56,,,0,96,,101690,56,,,0,96,,101691,56,,,0,100,,101692,56,,,0,98,,101694,56,,,0
7501,'5458',623,,101702,54,,,0,30,,101699,54,,,0,63,,101700,54,,,0,22,,101704,54,,,0,65,,101706,54,,,0,27,,101701,54,,,0,19,,101711,54,,,0,55,,101708,54,,,0,28,,101703,54,,,0,72,,101705,56,,,0,39,,101707,56,,,0,71,,101709,56,,,0,35,,101710,56,,,0,68,,101712,56,,,0,30,,101713,56,,,0,71,,101714,56,,,0,30,,101715,56,,,0,70,,101716,56,,,0,33,,101717,56,,,0,73,,101718,56,,,0,34,,101719,56,,,0,60,,101735,56,,,0,10,,101720,56,,,0,19,,101722,56,,,0,54,,101721,56,,,0,9,,101730,54,,,0,9,,101734,35,,,0,10,,101723,56,,,0,26,,101724,56,,,0,66,,101725,56,,,0,28,,101726,56,,,0,96,,101727,56,,,0,96,,101728,56,,,0,100,,101729,56,,,0,98,,101731,56,,,0
7501,'5459',826,,101737,54,,,0,102,,101738,54,,,0,115,,101739,56,,,0,106,,101740,56,,,0,102,,101741,56,,,0,70,,101742,56,,,0,31,,101743,56,,,0,70,,101744,56,,,0,30,,101745,56,,,0,73,,101746,56,,,0,30,,101747,56,,,0,70,,101748,56,,,0,29,,101749,56,,,0,69,,101750,56,,,0,30,,101751,56,,,0,96,,101752,56,,,0,93,,101753,56,,,0,98,,101754,56,,,0,100,,101755,56,,,0,100,,101756,56,,,0
7501,'5460',928,,101761,54,,,0,111,,101762,56,,,0,102,,101763,56,,,0,104,,101764,56,,,0,71,,101765,56,,,0,31,,101766,56,,,0,70,,101767,56,,,0,30,,101768,56,,,0,71,,101769,56,,,0,31,,101770,56,,,0,69,,101771,56,,,0,30,,101772,56,,,0,100,,101773,56,,,0,100,,101774,56,,,0,98,,101775,56,,,0,98,,101776,56,,,0,99,,101777,56,,,0,100,,101778,56,,,0
7501,'5461',928,,101783,54,,,0,111,,101784,56,,,0,102,,101785,56,,,0,104,,101786,56,,,0,71,,101787,56,,,0,31,,101788,56,,,0,70,,101789,56,,,0,30,,101790,56,,,0,71,,101791,56,,,0,31,,101792,56,,,0,69,,101793,56,,,0,30,,101794,56,,,0,100,,101795,56,,,0,100,,101796,56,,,0,98,,101797,56,,,0,98,,101798,56,,,0,99,,101799,56,,,0,100,,101800,56,,,0
7501,'5462',928,,101805,54,,,0,111,,101806,56,,,0,102,,101807,56,,,0,104,,101808,56,,,0,71,,101809,56,,,0,31,,101810,56,,,0,70,,101811,56,,,0,30,,101812,56,,,0,71,,101813,56,,,0,31,,101814,56,,,0,69,,101815,56,,,0,30,,101816,56,,,0,100,,101817,56,,,0,100,,101818,56,,,0,98,,101819,56,,,0,98,,101820,56,,,0,99,,101821,56,,,0,100,,101822,56,,,0
7501,'5463',928,,101827,54,,,0,111,,101828,56,,,0,102,,101829,56,,,0,104,,101830,56,,,0,71,,101831,56,,,0,31,,101832,56,,,0,70,,101833,56,,,0,30,,101834,56,,,0,71,,101835,56,,,0,31,,101836,56,,,0,69,,101837,56,,,0,30,,101838,56,,,0,100,,101839,56,,,0,100,,101840,56,,,0,98,,101841,56,,,0,98,,101842,56,,,0,99,,101843,56,,,0,100,,101844,56,,,0
9500,'5456',511,,102352,22,0,15,0,25,,102353,22,0,15,0,17,,102355,22,0,15,0,55,,102356,22,0,15,0,16,,102354,22,0,15,0,11,,102357,22,0,15,0,11,,102366,22,0,15,0,12,,102376,22,0,15,0,48,,102361,22,0,15,0,9,,102360,22,0,15,0,3,,102447,22,0,15,0,4,,102365,22,0,15,0,8,,102359,22,0,15,0,8,,102362,22,0,15,0,9,,102363,22,0,15,0,9,,102358,22,0,15,0,47,,102378,22,0,15,0,8,,102372,22,0,15,0,7,,102367,22,0,15,0,9,,102379,22,0,15,0,8,,102374,22,0,15,0,9,,102371,22,0,15,0,9,,102377,22,0,15,0,50,,102375,22,0,15,0,10,,102369,22,0,15,0,9,,102364,22,0,15,0,10,,102370,22,0,15,0,11,,102368,22,0,15,0,10,,102373,22,0,15,0,50,,102381,22,0,15,0,10,,102395,22,0,15,0,10,,102391,22,0,15,0,10,,102392,22,0,15,0,11,,102393,22,0,15,0,12,,102396,22,0,15,0,53,,102386,22,0,15,0,12,,102382,22,0,15,0,12,,102387,22,0,15,0,12,,102384,22,0,15,0,13,,102380,22,0,15,0,52,,102394,22,0,15,0,12,,102388,22,0,15,0,12,,102390,22,0,15,0,12,,102389,22,0,15,0,13,,102397,22,0,15,0,52,,102385,22,0,15,0,12,,102383,22,0,15,0,12,,102406,22,0,15,0,12,,102399,22,0,15,0,12,,102436,22,0,15,0,51,,102411,22,0,15,0,10,,102403,22,0,15,0,10,,102405,22,0,15,0,10,,102408,22,0,15,0,10,,102434,22,0,15,0,51,,102407,22,0,15,0,10,,102412,22,0,15,0,11,,102404,22,0,15,0,11,,102398,22,0,15,0,11,,102437,22,0,15,0,10,,102402,22,0,15,0,50,,102413,22,0,15,0,12,,102435,22,0,15,0,10,,102410,22,0,15,0,10,,102400,22,0,15,0,11,,102401,22,0,15,0,11,,102409,22,0,15,0,49,,102446,22,0,15,0,11,,102421,22,0,15,0,8,,102423,22,0,15,0,12,,102417,22,0,15,0,13,,102441,22,0,15,0,52,,102438,22,0,15,0,13,,102445,22,0,15,0,13,,102414,22,0,15,0,11,,102418,22,0,15,0,13,,102416,22,0,15,0,52,,102422,22,0,15,0,12,,102420,22,0,15,0,12,,102424,22,0,15,0,15,,102415,22,0,15,0,15,,102439,22,0,15,0,55,,102443,22,0,15,0,15,,102419,22,0,15,0,15,,102428,22,0,15,0,15,,102430,22,0,15,0,55,,102431,22,0,15,0,15,,102426,22,0,15,0,20,,102440,22,0,15,0,60,,102444,22,0,15,0,20,,102427,22,0,15,0,20,,102429,22,0,15,0,70,,102425,22,0,15,0,31,,102442,22,0,15,0,70,,102433,22,0,15,0,30,,102432,22,0,15,0
9500,'5458',511,,102448,22,0,15,0,25,,102449,22,0,15,0,17,,102451,22,0,15,0,55,,102452,22,0,15,0,16,,102450,22,0,15,0,11,,102453,22,0,15,0,11,,102462,22,0,15,0,12,,102472,22,0,15,0,48,,102457,22,0,15,0,9,,102456,22,0,15,0,3,,102546,22,0,15,0,4,,102461,22,0,15,0,8,,102455,22,0,15,0,8,,102458,22,0,15,0,9,,102459,22,0,15,0,9,,102454,22,0,15,0,47,,102474,22,0,15,0,8,,102468,22,0,15,0,7,,102463,22,0,15,0,9,,102475,22,0,15,0,8,,102470,22,0,15,0,9,,102467,22,0,15,0,9,,102473,22,0,15,0,50,,102471,22,0,15,0,10,,102465,22,0,15,0,9,,102460,22,0,15,0,10,,102466,22,0,15,0,11,,102464,22,0,15,0,10,,102469,22,0,15,0,50,,102477,22,0,15,0,10,,102491,22,0,15,0,10,,102487,22,0,15,0,10,,102488,22,0,15,0,11,,102489,22,0,15,0,12,,102492,22,0,15,0,53,,102482,22,0,15,0,12,,102478,22,0,15,0,12,,102483,22,0,15,0,12,,102480,22,0,15,0,13,,102476,22,0,15,0,52,,102490,22,0,15,0,12,,102484,22,0,15,0,12,,102486,22,0,15,0,12,,102485,22,0,15,0,13,,102493,22,0,15,0,52,,102481,22,0,15,0,12,,102479,22,0,15,0,12,,102502,22,0,15,0,12,,102495,22,0,15,0,12,,102532,22,0,15,0,51,,102507,22,0,15,0,10,,102499,22,0,15,0,10,,102501,22,0,15,0,10,,102504,22,0,15,0,10,,102530,22,0,15,0,51,,102503,22,0,15,0,10,,102508,22,0,15,0,11,,102500,22,0,15,0,11,,102494,22,0,15,0,11,,102533,22,0,15,0,10,,102498,22,0,15,0,50,,102509,22,0,15,0,12,,102531,22,0,15,0,10,,102506,22,0,15,0,10,,102496,22,0,15,0,11,,102497,22,0,15,0,11,,102505,22,0,15,0,49,,102542,22,0,15,0,11,,102517,22,0,15,0,8,,102519,22,0,15,0,12,,102513,22,0,15,0,13,,102537,22,0,15,0,52,,102534,22,0,15,0,13,,102541,22,0,15,0,13,,102510,22,0,15,0,11,,102514,22,0,15,0,13,,102512,22,0,15,0,52,,102518,22,0,15,0,12,,102516,22,0,15,0,12,,102520,22,0,15,0,15,,102511,22,0,15,0,15,,102535,22,0,15,0,55,,102539,22,0,15,0,15,,102515,22,0,15,0,15,,102524,22,0,15,0,15,,102526,22,0,15,0,55,,102527,22,0,15,0,15,,102522,22,0,15,0,20,,102536,22,0,15,0,60,,102540,22,0,15,0,20,,102523,22,0,15,0,20,,102525,22,0,15,0,70,,102521,22,0,15,0,31,,102538,22,0,15,0,70,,102529,22,0,15,0,30,,102528,22,0,15,0,70,,102543,22,0,15,0,30,,102544,22,0,15,0,70,,102545,22,0,15,0
9500,'5459',626,,102547,22,0,15,0,32,,102548,22,0,15,0,62,,102549,22,0,15,0,15,,102550,22,0,15,0,15,,102551,22,0,15,0,55,,102552,22,0,15,0,16,,102553,22,0,15,0,16,,102554,22,0,15,0,15,,102555,22,0,15,0,54,,102556,22,0,15,0,15,,102557,22,0,15,0,15,,102558,22,0,15,0,15,,102559,22,0,15,0,55,,102560,22,0,15,0,14,,102561,22,0,15,0,15,,102562,22,0,15,0,15,,102563,22,0,15,0,55,,102564,22,0,15,0,15,,102565,22,0,15,0,15,,102566,22,0,15,0,14,,102567,22,0,15,0,53,,102568,22,0,15,0,12,,102569,22,0,15,0,12,,102570,22,0,15,0,12,,102571,22,0,15,0,12,,102572,22,0,15,0,52,,102573,22,0,15,0,12,,102574,22,0,15,0,11,,102575,22,0,15,0,12,,102576,22,0,15,0,12,,102577,22,0,15,0,53,,102578,22,0,15,0,12,,102579,22,0,15,0,12,,102580,22,0,15,0,12,,102581,22,0,15,0,11,,102582,22,0,15,0,51,,102583,22,0,15,0,12,,102584,22,0,15,0,13,,102585,22,0,15,0,12,,102586,22,0,15,0,12,,102587,22,0,15,0,52,,102588,22,0,15,0,12,,102589,22,0,15,0,12,,102590,22,0,15,0,13,,102591,22,0,15,0,12,,102592,22,0,15,0,52,,102593,22,0,15,0,13,,102594,22,0,15,0,12,,102595,22,0,15,0,12,,102596,22,0,15,0,12,,102597,22,0,15,0,53,,102598,22,0,15,0,12,,102599,22,0,15,0,13,,102600,22,0,15,0,15,,102601,22,0,15,0,15,,102602,22,0,15,0,55,,102603,22,0,15,0,15,,102604,22,0,15,0,15,,102605,22,0,15,0,15,,102606,22,0,15,0,55,,102607,22,0,15,0,15,,102608,22,0,15,0,16,,102609,22,0,15,0,55,,102610,22,0,15,0,15,,102611,22,0,15,0,15,,102612,22,0,15,0,20,,102613,22,0,15,0,60,,102614,22,0,15,0,20,,102615,22,0,15,0,20,,102616,22,0,15,0,71,,102617,22,0,15,0,30,,102618,22,0,15,0,69,,102619,22,0,15,0,30,,102620,22,0,15,0,69,,102621,22,0,15,0,30,,102622,22,0,15,0,70,,102623,22,0,15,0
9500,'5460',628,,102624,22,0,15,0,30,,102626,22,0,15,0,60,,102627,22,0,15,0,20,,102628,22,0,15,0,20,,102629,22,0,15,0,55,,102630,22,0,15,0,15,,102625,22,0,15,0,15,,102631,22,0,15,0,15,,102632,22,0,15,0,55,,102633,22,0,15,0,15,,102634,22,0,15,0,15,,102635,22,0,15,0,14,,102636,22,0,15,0,55,,102637,22,0,15,0,15,,102639,22,0,15,0,15,,102640,22,0,15,0,15,,102638,22,0,15,0,55,,102641,22,0,15,0,15,,102642,22,0,15,0,15,,102643,22,0,15,0,15,,102644,22,0,15,0,55,,102691,22,0,15,0,15,,102645,22,0,15,0,15,,102690,22,0,15,0,14,,102646,22,0,15,0,55,,102689,22,0,15,0,15,,102647,22,0,15,0,15,,102648,22,0,15,0,15,,102649,22,0,15,0,55,,102650,22,0,15,0,15,,102651,22,0,15,0,15,,102652,22,0,15,0,15,,102653,22,0,15,0,55,,102654,22,0,15,0,13,,102655,22,0,15,0,12,,102656,22,0,15,0,12,,102657,22,0,15,0,53,,102658,22,0,15,0,12,,102659,22,0,15,0,12,,102660,22,0,15,0,13,,102661,22,0,15,0,12,,102662,22,0,15,0,52,,102663,22,0,15,0,12,,102664,22,0,15,0,14,,102665,22,0,15,0,15,,102666,22,0,15,0,16,,102667,22,0,15,0,55,,102668,22,0,15,0,15,,102669,22,0,15,0,15,,102670,22,0,15,0,15,,102671,22,0,15,0,55,,102672,22,0,15,0,15,,102673,22,0,15,0,15,,102674,22,0,15,0,56,,102675,22,0,15,0,15,,102676,22,0,15,0,15,,102677,22,0,15,0,15,,102678,22,0,15,0,55,,102679,22,0,15,0,15,,102681,22,0,15,0,15,,102682,22,0,15,0,20,,102680,22,0,15,0,60,,102683,22,0,15,0,20,,102684,22,0,15,0,20,,102685,22,0,15,0,71,,102686,22,0,15,0,30,,102687,22,0,15,0,70,,102688,22,0,15,0
9500,'5461',628,,102692,22,0,15,0,30,,102694,22,0,15,0,60,,102695,22,0,15,0,20,,102696,22,0,15,0,20,,102697,22,0,15,0,55,,102698,22,0,15,0,15,,102693,22,0,15,0,15,,102699,22,0,15,0,15,,102700,22,0,15,0,55,,102701,22,0,15,0,15,,102702,22,0,15,0,15,,102703,22,0,15,0,14,,102704,22,0,15,0,55,,102705,22,0,15,0,15,,102707,22,0,15,0,15,,102708,22,0,15,0,15,,102706,22,0,15,0,55,,102709,22,0,15,0,15,,102710,22,0,15,0,15,,102711,22,0,15,0,15,,102712,22,0,15,0,55,,102759,22,0,15,0,15,,102713,22,0,15,0,15,,102758,22,0,15,0,14,,102714,22,0,15,0,55,,102757,22,0,15,0,15,,102715,22,0,15,0,15,,102716,22,0,15,0,15,,102717,22,0,15,0,55,,102718,22,0,15,0,15,,102719,22,0,15,0,15,,102720,22,0,15,0,15,,102721,22,0,15,0,55,,102722,22,0,15,0,13,,102723,22,0,15,0,12,,102724,22,0,15,0,12,,102725,22,0,15,0,53,,102726,22,0,15,0,12,,102727,22,0,15,0,12,,102728,22,0,15,0,13,,102729,22,0,15,0,12,,102730,22,0,15,0,52,,102731,22,0,15,0,12,,102732,22,0,15,0,14,,102733,22,0,15,0,15,,102734,22,0,15,0,16,,102735,22,0,15,0,55,,102736,22,0,15,0,15,,102737,22,0,15,0,15,,102738,22,0,15,0,15,,102739,22,0,15,0,55,,102740,22,0,15,0,15,,102741,22,0,15,0,15,,102742,22,0,15,0,56,,102743,22,0,15,0,15,,102744,22,0,15,0,15,,102745,22,0,15,0,15,,102746,22,0,15,0,55,,102747,22,0,15,0,15,,102749,22,0,15,0,15,,102750,22,0,15,0,20,,102748,22,0,15,0,60,,102751,22,0,15,0,20,,102752,22,0,15,0,20,,102753,22,0,15,0,71,,102754,22,0,15,0,30,,102755,22,0,15,0,70,,102756,22,0,15,0
9500,'5462',628,,102760,22,0,15,0,30,,102762,22,0,15,0,60,,102763,22,0,15,0,20,,102764,22,0,15,0,20,,102765,22,0,15,0,55,,102766,22,0,15,0,15,,102761,22,0,15,0,15,,102767,22,0,15,0,15,,102768,22,0,15,0,55,,102769,22,0,15,0,15,,102770,22,0,15,0,15,,102771,22,0,15,0,14,,102772,22,0,15,0,55,,102773,22,0,15,0,15,,102775,22,0,15,0,15,,102776,22,0,15,0,15,,102774,22,0,15,0,55,,102777,22,0,15,0,15,,102778,22,0,15,0,15,,102779,22,0,15,0,15,,102780,22,0,15,0,55,,102827,22,0,15,0,15,,102781,22,0,15,0,15,,102826,22,0,15,0,14,,102782,22,0,15,0,55,,102825,22,0,15,0,15,,102783,22,0,15,0,15,,102784,22,0,15,0,15,,102785,22,0,15,0,55,,102786,22,0,15,0,15,,102787,22,0,15,0,15,,102788,22,0,15,0,15,,102789,22,0,15,0,55,,102790,22,0,15,0,13,,102791,22,0,15,0,12,,102792,22,0,15,0,12,,102793,22,0,15,0,53,,102794,22,0,15,0,12,,102795,22,0,15,0,12,,102796,22,0,15,0,13,,102797,22,0,15,0,12,,102798,22,0,15,0,52,,102799,22,0,15,0,12,,102800,22,0,15,0,14,,102801,22,0,15,0,15,,102802,22,0,15,0,16,,102803,22,0,15,0,55,,102804,22,0,15,0,15,,102805,22,0,15,0,15,,102806,22,0,15,0,15,,102807,22,0,15,0,55,,102808,22,0,15,0,15,,102809,22,0,15,0,15,,102810,22,0,15,0,56,,102811,22,0,15,0,15,,102812,22,0,15,0,15,,102813,22,0,15,0,15,,102814,22,0,15,0,55,,102815,22,0,15,0,15,,102817,22,0,15,0,15,,102818,22,0,15,0,20,,102816,22,0,15,0,60,,102819,22,0,15,0,20,,102820,22,0,15,0,20,,102821,22,0,15,0,71,,102822,22,0,15,0,30,,102823,22,0,15,0,70,,102824,22,0,15,0
9500,'5463',628,,102828,22,0,15,0,30,,102830,22,0,15,0,60,,102831,22,0,15,0,20,,102832,22,0,15,0,20,,102833,22,0,15,0,55,,102834,22,0,15,0,15,,102829,22,0,15,0,15,,102835,22,0,15,0,15,,102836,22,0,15,0,55,,102837,22,0,15,0,15,,102838,22,0,15,0,15,,102839,22,0,15,0,14,,102840,22,0,15,0,55,,102841,22,0,15,0,15,,102843,22,0,15,0,15,,102844,22,0,15,0,15,,102842,22,0,15,0,55,,102845,22,0,15,0,15,,102846,22,0,15,0,15,,102847,22,0,15,0,15,,102848,22,0,15,0,55,,102895,22,0,15,0,15,,102849,22,0,15,0,15,,102894,22,0,15,0,14,,102850,22,0,15,0,55,,102893,22,0,15,0,15,,102851,22,0,15,0,15,,102852,22,0,15,0,15,,102853,22,0,15,0,55,,102854,22,0,15,0,15,,102855,22,0,15,0,15,,102856,22,0,15,0,15,,102857,22,0,15,0,55,,102858,22,0,15,0,13,,102859,22,0,15,0,12,,102860,22,0,15,0,12,,102861,22,0,15,0,53,,102862,22,0,15,0,12,,102863,22,0,15,0,12,,102864,22,0,15,0,13,,102865,22,0,15,0,12,,102866,22,0,15,0,52,,102867,22,0,15,0,12,,102868,22,0,15,0,14,,102869,22,0,15,0,15,,102870,22,0,15,0,16,,102871,22,0,15,0,55,,102872,22,0,15,0,15,,102873,22,0,15,0,15,,102874,22,0,15,0,15,,102875,22,0,15,0,55,,102876,22,0,15,0,15,,102877,22,0,15,0,15,,102878,22,0,15,0,56,,102879,22,0,15,0,15,,102880,22,0,15,0,15,,102881,22,0,15,0,15,,102882,22,0,15,0,55,,102883,22,0,15,0,15,,102885,22,0,15,0,15,,102886,22,0,15,0,20,,102884,22,0,15,0,60,,102887,22,0,15,0,20,,102888,22,0,15,0,20,,102889,22,0,15,0,71,,102890,22,0,15,0,30,,102891,22,0,15,0,70,,102892,22,0,15,0
1007201,'5456',2310,,103776,62,,,0,96,,103778,62,,,0,98,,103777,62,,,0
1007201,'5458',2310,,103779,62,,,0,96,,103781,62,,,0,98,,103780,62,,,0
1007201,'5459',2311,,103782,62,,,0,96,,103783,62,,,0,96,,103784,62,,,0
1007201,'5460',2309,,103785,62,,,0,95,,103786,62,,,0
1007201,'5461',2309,,103787,62,,,0,95,,103788,62,,,0
1007201,'5462',2309,,103789,62,,,0,95,,103790,62,,,0
1007201,'5463',2309,,103791,62,,,0,95,,103792,62,,,0
24002701,'5456',732,,104050,27,0,5,0,27,,104051,27,0,5,0,65,,104052,27,0,5,0,24,,104053,27,0,5,0
24002701,'5458',732,,104054,27,0,5,0,27,,104055,27,0,5,0,65,,104056,27,0,5,0,24,,104057,27,0,5,0
24007001,'5458',1344,,104142,17,,,0,210,,104143,17,,,0,198,,104144,17,,,0,190,,104146,17,,,0,198,,104145,17,,,0
24007001,'5459',1145,,104147,17,,,0,199,,104148,17,,,0,205,,104149,17,,,0,193,,104150,17,,,0,197,,104151,17,,,0,198,,104152,17,,,0
24007001,'5460',1139,,104154,17,,,0,206,,104155,17,,,0,203,,104156,17,,,0,196,,104157,17,,,0,198,,104158,17,,,0,197,,104159,17,,,0
24007001,'5461',1139,,104161,17,,,0,108,,104168,17,,,0,98,,104162,17,,,0,102,,104170,17,,,0,101,,104163,17,,,0,100,,104169,17,,,0,96,,104164,17,,,0,100,,104171,17,,,0,98,,104165,17,,,0,197,,104166,17,,,0
24007001,'5462',1139,,104172,17,,,0,108,,104179,17,,,0,98,,104173,17,,,0,102,,104181,17,,,0,101,,104174,17,,,0,100,,104180,17,,,0,96,,104175,17,,,0,100,,104182,17,,,0,98,,104176,17,,,0,197,,104177,17,,,0
24007001,'5463',1139,,104183,17,,,0,108,,104190,17,,,0,98,,104184,17,,,0,203,,104185,17,,,0,100,,104191,17,,,0,96,,104186,17,,,0,198,,104187,17,,,0,197,,104188,17,,,0
