3001,'4832',742,,80228,18,,,0,102,,84369,18,,,0,80,,71686,18,,,0,80,,84370,18,,,0,38,,84371,18,,,0,70,,84372,18,,,0,30,,84373,18,,,0,70,,84374,18,,,0,28,,84375,18,,,0,70,,84376,18,,,0,30,,71694,18,,,0,70,,80235,18,,,0,30,,80236,18,,,0,70,,84377,18,,,0,31,,84378,18,,,0,69,,80239,18,,,0,31,,84379,18,,,0,70,,84380,18,,,0,32,,84381,18,,,0,76,,84382,18,,,0,81,,84383,18,,,0,40,,84384,18,,,0,81,,84385,18,,,0,95,,84386,18,,,0,100,,80248,18,,,0,107,,71709,18,,,0,106,,84387,18,,,0
3001,'5453',742,,84388,18,,,0,102,,84389,18,,,0,80,,80294,18,,,0,80,,84390,18,,,0,38,,84391,18,,,0,70,,84392,18,,,0,30,,84393,18,,,0,70,,84394,18,,,0,28,,84395,18,,,0,70,,84396,18,,,0,30,,84397,18,,,0,70,,80303,18,,,0,30,,80304,18,,,0,70,,84398,18,,,0,31,,84399,18,,,0,69,,80307,18,,,0,31,,80308,18,,,0,70,,80309,18,,,0,32,,84400,18,,,0,76,,80311,18,,,0,81,,84401,18,,,0,40,,84402,18,,,0,81,,84403,18,,,0,95,,84404,18,,,0,100,,84405,18,,,0,107,,80317,18,,,0,106,,84406,18,,,0
3001,'5456',613,,97105,18,,,0,31,,97106,18,,,0,73,,97107,18,,,0,27,,97108,18,,,0,70,,97109,18,,,0,33,,97110,18,,,0,68,,97111,18,,,0,29,,97112,18,,,0,69,,97113,18,,,0,31,,97114,18,,,0,70,,97115,18,,,0,30,,97116,18,,,0,72,,97117,18,,,0,30,,97118,18,,,0,70,,97119,18,,,0,32,,97120,18,,,0,70,,97121,18,,,0,30,,97122,18,,,0,73,,97123,18,,,0,32,,97124,18,,,0,72,,97125,18,,,0,33,,97126,18,,,0,74,,97127,18,,,0,68,,97128,18,,,0,28,,97129,18,,,0,77,,97130,18,,,0,39,,97131,18,,,0,79,,97132,18,,,0,94,,97133,18,,,0,99,,97134,18,,,0,108,,97135,18,,,0,92,,97136,18,,,0
3001,'5458',613,,97137,18,,,0,31,,97138,18,,,0,73,,97139,18,,,0,27,,97140,18,,,0,70,,97141,18,,,0,33,,97142,18,,,0,68,,97143,18,,,0,29,,97144,18,,,0,69,,97145,18,,,0,31,,97146,18,,,0,70,,97147,18,,,0,30,,97148,18,,,0,72,,97149,18,,,0,30,,97150,18,,,0,70,,97151,18,,,0,32,,97152,18,,,0,70,,97153,18,,,0,30,,97154,18,,,0,73,,97155,18,,,0,32,,97156,18,,,0,72,,97157,18,,,0,33,,97158,18,,,0,74,,97159,18,,,0,68,,97160,18,,,0,28,,97161,18,,,0,77,,97162,18,,,0,39,,97163,18,,,0,79,,97164,18,,,0,94,,97165,18,,,0,99,,97166,18,,,0,108,,97167,18,,,0,92,,97168,18,,,0
3001,'5459',641,,97170,18,,,0,87,,97171,18,,,0,80,,97172,18,,,0,32,,97169,18,,,0,71,,97173,18,,,0,32,,97174,18,,,0,71,,97175,18,,,0,29,,97176,18,,,0,70,,97177,18,,,0,29,,97178,18,,,0,70,,97179,18,,,0,29,,97180,18,,,0,68,,97181,18,,,0,30,,97182,18,,,0,70,,97183,18,,,0,30,,97184,18,,,0,70,,97185,18,,,0,30,,97186,18,,,0,71,,97187,18,,,0,30,,97188,18,,,0,70,,97189,18,,,0,31,,97190,18,,,0,75,,97191,18,,,0,40,,97192,18,,,0,82,,97193,18,,,0,82,,97194,18,,,0,95,,97195,18,,,0,100,,97196,18,,,0,111,,97197,18,,,0,93,,97198,18,,,0
3001,'5460',742,,97199,18,,,0,102,,97200,18,,,0,80,,97201,18,,,0,80,,97202,18,,,0,38,,97203,18,,,0,70,,97204,18,,,0,30,,97205,18,,,0,70,,97206,18,,,0,28,,97207,18,,,0,70,,97208,18,,,0,30,,97209,18,,,0,70,,97210,18,,,0,30,,97211,18,,,0,70,,97212,18,,,0,31,,97213,18,,,0,69,,97214,18,,,0,31,,97215,18,,,0,70,,97216,18,,,0,32,,97217,18,,,0,76,,97218,18,,,0,81,,97219,18,,,0,40,,97220,18,,,0,81,,97221,18,,,0,95,,97222,18,,,0,100,,97223,18,,,0,107,,97224,18,,,0,106,,97225,18,,,0
3001,'5461',742,,97226,18,,,0,102,,97227,18,,,0,80,,97228,18,,,0,80,,97229,18,,,0,38,,97230,18,,,0,70,,97231,18,,,0,30,,97232,18,,,0,70,,97233,18,,,0,28,,97234,18,,,0,70,,97235,18,,,0,30,,97236,18,,,0,70,,97237,18,,,0,30,,97238,18,,,0,70,,97239,18,,,0,31,,97240,18,,,0,69,,97241,18,,,0,31,,97242,18,,,0,70,,97243,18,,,0,32,,97244,18,,,0,76,,97245,18,,,0,81,,97246,18,,,0,40,,97247,18,,,0,81,,97248,18,,,0,95,,97249,18,,,0,100,,97250,18,,,0,107,,97251,18,,,0,106,,97252,18,,,0
3001,'5462',742,,97253,18,,,0,102,,97254,18,,,0,80,,97255,18,,,0,80,,97256,18,,,0,38,,97257,18,,,0,70,,97258,18,,,0,30,,97259,18,,,0,70,,97260,18,,,0,28,,97261,18,,,0,70,,97262,18,,,0,30,,97263,18,,,0,70,,97264,18,,,0,30,,97265,18,,,0,70,,97266,18,,,0,31,,97267,18,,,0,69,,97268,18,,,0,31,,97269,18,,,0,70,,97270,18,,,0,32,,97271,18,,,0,76,,97272,18,,,0,81,,97273,18,,,0,40,,97274,18,,,0,81,,97275,18,,,0,95,,97276,18,,,0,100,,97277,18,,,0,107,,97278,18,,,0,106,,97279,18,,,0
3001,'5463',742,,97280,18,,,0,102,,97281,18,,,0,80,,97282,18,,,0,80,,97283,18,,,0,38,,97284,18,,,0,70,,97285,18,,,0,30,,97286,18,,,0,70,,97287,18,,,0,28,,97288,18,,,0,70,,97289,18,,,0,30,,97290,18,,,0,70,,97291,18,,,0,30,,97292,18,,,0,70,,97293,18,,,0,31,,97294,18,,,0,69,,97295,18,,,0,31,,97296,18,,,0,70,,97297,18,,,0,32,,97298,18,,,0,76,,97299,18,,,0,81,,97300,18,,,0,40,,97301,18,,,0,81,,97302,18,,,0,95,,97303,18,,,0,100,,97304,18,,,0,107,,97305,18,,,0,106,,97306,18,,,0
3101,'4832',713,,84592,14,,,0,101,,84593,14,,,0,91,,80522,14,,,0,39,,84594,14,,,0,78,,80519,14,,,0,35,,84595,14,,,0,70,,84596,14,,,0,30,,80526,14,,,0,68,,80527,14,,,0,30,,84597,14,,,0,70,,80529,14,,,0,30,,84598,14,,,0,70,,84599,14,,,0,30,,84600,14,,,0,70,,84601,14,,,0,30,,80534,14,,,0,70,,84602,14,,,0,31,,84603,14,,,0,71,,80537,14,,,0,73,,84604,14,,,0,40,,84605,14,,,0,81,,84606,14,,,0,81,,84607,14,,,0,47,,84608,14,,,0,98,,84609,14,,,0,100,,84610,14,,,0,106,,84611,14,,,0
3101,'5453',713,,84613,14,,,0,101,,84614,14,,,0,91,,84615,14,,,0,39,,84616,14,,,0,78,,84612,14,,,0,35,,84617,14,,,0,70,,84618,14,,,0,30,,80613,14,,,0,68,,84619,14,,,0,30,,80615,14,,,0,70,,80616,14,,,0,30,,84620,14,,,0,70,,84621,14,,,0,30,,84622,14,,,0,70,,84623,14,,,0,30,,84624,14,,,0,70,,80622,14,,,0,31,,80623,14,,,0,71,,80624,14,,,0,73,,80625,14,,,0,40,,84625,14,,,0,81,,80627,14,,,0,81,,84626,14,,,0,47,,84627,14,,,0,98,,84628,14,,,0,100,,84629,14,,,0,106,,84630,14,,,0
3101,'5456',554,,97511,14,,,0,76,,97512,14,,,0,72,,97513,14,,,0,28,,97514,14,,,0,70,,97515,14,,,0,29,,97516,14,,,0,71,,97517,14,,,0,29,,97518,14,,,0,29,,97519,14,,,0,70,,97520,14,,,0,29,,97521,14,,,0,72,,97522,14,,,0,71,,97523,14,,,0,31,,97524,14,,,0,70,,97525,14,,,0,31,,97526,14,,,0,71,,97527,14,,,0,29,,97528,14,,,0,72,,97530,14,,,0,33,,97529,14,,,0,71,,97531,14,,,0,35,,97532,14,,,0,72,,97533,14,,,0,30,,97534,14,,,0,70,,97535,14,,,0,30,,97536,14,,,0,82,,97537,14,,,0,74,,97538,14,,,0,47,,97539,14,,,0,100,,97540,14,,,0,99,,97541,14,,,0,101,,97542,14,,,0,106,,97543,14,0,27 49,0
3101,'5458',554,,97544,14,,,0,76,,97545,14,,,0,72,,97546,14,,,0,28,,97547,14,,,0,70,,97548,14,,,0,29,,97549,14,,,0,71,,97550,14,,,0,29,,97551,14,,,0,29,,97552,14,,,0,70,,97553,14,,,0,29,,97554,14,,,0,72,,97555,14,,,0,71,,97556,14,,,0,31,,97557,14,,,0,70,,97558,14,,,0,31,,97559,14,,,0,71,,97560,14,,,0,29,,97561,14,,,0,72,,97563,14,,,0,33,,97562,14,,,0,71,,97564,14,,,0,35,,97565,14,,,0,72,,97566,14,,,0,30,,97567,14,,,0,70,,97568,14,,,0,30,,97569,14,,,0,82,,97570,14,,,0,74,,97571,14,,,0,47,,97572,14,,,0,100,,97573,14,,,0,99,,97574,14,,,0,101,,97575,14,,,0,106,,97576,14,0,27 49,0
3101,'5459',703,,97577,14,,,0,46,,97578,14,,,0,76,,97579,14,,,0,31,,97580,14,,,0,71,,97581,14,,,0,32,,97582,14,,,0,69,,97583,14,,,0,30,,97584,14,,,0,69,,97585,14,,,0,30,,97586,14,,,0,69,,97587,14,,,0,28,,97588,14,,,0,70,,97589,14,,,0,30,,97590,14,,,0,70,,97591,14,,,0,30,,97592,14,,,0,70,,97593,14,,,0,31,,97594,14,,,0,70,,97595,14,,,0,30,,97596,14,,,0,71,,97597,14,,,0,30,,97598,14,,,0,80,,97599,14,,,0,83,,97600,14,,,0,40,,97601,14,,,0,87,,97602,14,,,0,100,,97603,14,,,0,101,,97604,14,,,0,110,,97605,14,,,0,97,,97606,14,0,27 49,0
3101,'5460',713,,97608,14,,,0,101,,97609,14,,,0,91,,97610,14,,,0,39,,97611,14,,,0,78,,97607,14,,,0,35,,97612,14,,,0,70,,97613,14,,,0,30,,97614,14,,,0,68,,97615,14,,,0,30,,97616,14,,,0,70,,97617,14,,,0,30,,97618,14,,,0,70,,97619,14,,,0,30,,97620,14,,,0,70,,97621,14,,,0,30,,97622,14,,,0,70,,97623,14,,,0,31,,97624,14,,,0,71,,97625,14,,,0,73,,97626,14,,,0,40,,97627,14,,,0,81,,97628,14,,,0,81,,97629,14,,,0,47,,97630,14,,,0,98,,97631,14,,,0,100,,97632,14,,,0,154,,97633,14,,,0
3101,'5461',713,,97635,14,,,0,101,,97636,14,,,0,91,,97637,14,,,0,39,,97638,14,,,0,78,,97634,14,,,0,35,,97639,14,,,0,70,,97640,14,,,0,30,,97641,14,,,0,68,,97642,14,,,0,30,,97643,14,,,0,70,,97644,14,,,0,30,,97645,14,,,0,70,,97646,14,,,0,30,,97647,14,,,0,70,,97648,14,,,0,30,,97649,14,,,0,70,,97650,14,,,0,31,,97651,14,,,0,71,,97652,14,,,0,73,,97653,14,,,0,40,,97654,14,,,0,81,,97655,14,,,0,81,,97656,14,,,0,47,,97657,14,,,0,98,,97658,14,,,0,100,,97659,14,,,0,154,,97660,14,,,0
3101,'5462',713,,97662,14,,,0,101,,97663,14,,,0,91,,97664,14,,,0,39,,97665,14,,,0,78,,97661,14,,,0,35,,97666,14,,,0,70,,97667,14,,,0,30,,97668,14,,,0,68,,97669,14,,,0,30,,97670,14,,,0,70,,97671,14,,,0,30,,97672,14,,,0,70,,97673,14,,,0,30,,97674,14,,,0,70,,97675,14,,,0,30,,97676,14,,,0,70,,97677,14,,,0,31,,97678,14,,,0,71,,97679,14,,,0,73,,97680,14,,,0,40,,97681,14,,,0,81,,97682,14,,,0,81,,97683,14,,,0,47,,97684,14,,,0,98,,97685,14,,,0,100,,97686,14,,,0,154,,97687,14,,,0
3101,'5463',713,,97689,14,,,0,101,,97690,14,,,0,91,,97691,14,,,0,39,,97692,14,,,0,78,,97688,14,,,0,35,,97693,14,,,0,70,,97694,14,,,0,30,,97695,14,,,0,68,,97696,14,,,0,30,,97697,14,,,0,70,,97698,14,,,0,30,,97699,14,,,0,70,,97700,14,,,0,30,,97701,14,,,0,70,,97702,14,,,0,30,,97703,14,,,0,70,,97704,14,,,0,31,,97705,14,,,0,71,,97706,14,,,0,73,,97707,14,,,0,40,,97708,14,,,0,81,,97709,14,,,0,81,,97710,14,,,0,47,,97711,14,,,0,98,,97712,14,,,0,100,,97713,14,,,0,154,,97714,14,,,0
