3801,'5456',655,,97994,24,,,0,68,,97993,24,,,0,29,,97995,24,,,0,67,,97996,24,,,0,35,,97999,24,,,0,85,,97997,24,,,0,88,,97998,24,,,0,100,,98001,24,,,0,102,,98000,24,,,0,72,,98014,3,,,0,30,,98002,24,,,0,78,,98015,3,,,0,25,,98003,24,,,0,75,,98016,3,,,0,35,,98004,24,,,0,86,,98005,24,,,0,72,,98010,24,,,0,26,,98006,24,,,0,25,,98013,24,,,0,65,,98007,24,,,0,30,,98008,24,,,0,76,,98011,24,,,0,99,,98009,24,,,0,104,,98012,24,,,0
3801,'5458',655,,98018,24,,,0,68,,98017,24,,,0,29,,98019,24,,,0,67,,98020,24,,,0,35,,98023,24,,,0,85,,98021,24,,,0,88,,98022,24,,,0,100,,98025,24,,,0,102,,98024,24,,,0,72,,98038,3,,,0,30,,98026,24,,,0,78,,98039,3,,,0,25,,98027,24,,,0,75,,98040,3,,,0,35,,98028,24,,,0,86,,98029,24,,,0,72,,98034,24,,,0,26,,98030,24,,,0,25,,98037,24,,,0,65,,98031,24,,,0,30,,98032,24,,,0,76,,98035,24,,,0,99,,98033,24,,,0,104,,98036,24,,,0
4801,'5456',1654,,98618,21,,,0,67,,98617,21,,,0,28,,98616,21,,,0
4801,'5458',1654,,98621,21,,,0,67,,98620,21,,,0,28,,98619,21,,,0
5201,'4832',712,,85221,3,,,0,30,,85237,3,,,0,70,,85229,3,,,0,30,,85217,3,,,0,70,,85224,3,,,0,30,,85231,3,,,0,70,,85226,3,,,0,30,,85218,3,,,0,70,,85223,3,,,0,30,,85232,3,,,0,70,,85228,3,,,0,35,,85216,3,,,0,70,,85222,3,,,0,35,,85235,3,,,0,75,,85227,3,,,0,75,,85242,3,,,0,30,,85220,3,,,0,70,,85234,3,,,0,30,,85225,3,,,0,70,,85230,3,,,0,30,,85219,3,,,0,70,,85233,3,,,0,40,,85236,3,,,0,100,,85238,3,,,0,100,,85239,3,,,0,100,,85240,3,,,0,100,,85241,3,,,0
5201,'5453',712,,85248,3,,,0,30,,85264,3,,,0,70,,85256,3,,,0,30,,85244,3,,,0,70,,85251,3,,,0,30,,85258,3,,,0,70,,85253,3,,,0,30,,85245,3,,,0,70,,85250,3,,,0,30,,85259,3,,,0,70,,85255,3,,,0,35,,85243,3,,,0,70,,85249,3,,,0,35,,85262,3,,,0,75,,85254,3,,,0,75,,85269,3,,,0,30,,85247,3,,,0,70,,85261,3,,,0,30,,85252,3,,,0,70,,85257,3,,,0,30,,85246,3,,,0,70,,85260,3,,,0,40,,85263,3,,,0,100,,85265,3,,,0,100,,85266,3,,,0,100,,85267,3,,,0,100,,85268,3,,,0
5201,'5456',501,,98955,3,,,0,35,,98954,3,,,0,76,,98957,3,,,0,37,,98956,3,,,0,65,,98965,3,,,0,24,,98958,3,,,0,71,,98982,3,,,0,20,,98985,3,0,28 37 14 49,0,8,,98959,3,,,0,74,,98960,3,,,0,38,,98961,3,,,0,69,,98983,3,,,0,30,,98963,3,,,0,68,,98962,3,,,0,35,,98964,3,,,0,74,,98981,3,,,0,30,,98967,3,,,0,70,,98966,3,,,0,30,,98987,3,,,0,65,,98968,3,,,0,23,,98991,3,0,38 3 39 49,0,6,,98980,3,,,0,66,,98969,3,,,0,35,,98970,3,,,0,78,,98988,3,,,0,25,,98971,3,,,0,65,,98979,3,,,0,25,,98972,3,,,0,70,,98973,3,,,0,29,,98989,3,,,0,70,,98974,3,,,0,33,,98975,3,,,0,69,,98977,3,,,0,28,,98990,3,,,0,67,,98976,3,0,38 3 39 49,0,35,,98978,3,,,0,98,,98986,3,,,0,100,,98984,3,,,0
5201,'5458',501,,98995,3,,,0,35,,98994,3,,,0,76,,98997,3,,,0,37,,98996,3,,,0,65,,99005,3,,,0,24,,98998,3,,,0,71,,99022,3,,,0,20,,99025,3,0,28 37 14 49,0,8,,98999,3,,,0,74,,99000,3,,,0,38,,99001,3,,,0,69,,99023,3,,,0,30,,99003,3,,,0,68,,99002,3,,,0,35,,99004,3,,,0,74,,99021,3,,,0,30,,99007,3,,,0,70,,99006,3,,,0,30,,99027,3,,,0,65,,99008,3,,,0,23,,99032,3,0,38 3 39 49,0,6,,99020,3,,,0,66,,99009,3,,,0,35,,99010,3,,,0,78,,99028,3,,,0,25,,99011,3,,,0,65,,99019,3,,,0,25,,99012,3,,,0,70,,99013,3,,,0,29,,99029,3,,,0,70,,99014,3,,,0,33,,99015,3,,,0,69,,99017,3,,,0,28,,99030,3,,,0,67,,99016,3,0,38 3 39 49,0,35,,99018,3,,,0,98,,99026,3,,,0,100,,99024,3,,,0
5201,'5459',642,,99043,3,,,0,70,,99053,3,,,0,30,,99051,3,,,0,70,,99034,3,,,0,30,,99041,3,,,0,70,,99060,3,,,0,30,,99038,3,,,0,70,,99035,3,,,0,30,,99042,3,,,0,70,,99061,3,,,0,30,,99039,3,,,0,71,,99036,3,,,0,35,,99045,3,,,0,70,,99063,3,,,0,35,,99040,3,,,0,75,,99050,3,,,0,75,,99044,3,,,0,30,,99062,3,,,0,70,,99037,3,,,0,30,,99048,3,,,0,25,,99056,3,,,0,65,,99047,3,,,0,24,,99052,3,,,0,65,,99049,3,,,0,30,,99046,3,,,0,70,,99059,3,,,0,32,,99054,3,,,0,70,,99058,3,,,0,30,,99055,3,,,0,65,,99057,3,0,38 3 39 49,0,30,,99064,3,,,0,103,,99065,3,,,0,100,,99066,3,,,0
5201,'5460',712,,99072,3,,,0,30,,99088,3,,,0,70,,99080,3,,,0,30,,99068,3,,,0,70,,99075,3,,,0,30,,99082,3,,,0,70,,99077,3,,,0,30,,99069,3,,,0,70,,99074,3,,,0,30,,99083,3,,,0,70,,99079,3,,,0,35,,99067,3,,,0,70,,99073,3,,,0,35,,99086,3,,,0,75,,99078,3,,,0,75,,99093,3,,,0,30,,99071,3,,,0,70,,99085,3,,,0,30,,99076,3,,,0,70,,99081,3,,,0,30,,99070,3,,,0,70,,99084,3,,,0,40,,99087,3,,,0,100,,99089,3,,,0,100,,99090,3,,,0,100,,99091,3,,,0,100,,99092,3,,,0
5201,'5461',712,,99099,3,,,0,30,,99115,3,,,0,70,,99107,3,,,0,30,,99095,3,,,0,70,,99102,3,,,0,30,,99109,3,,,0,70,,99104,3,,,0,30,,99096,3,,,0,70,,99101,3,,,0,30,,99110,3,,,0,70,,99106,3,,,0,35,,99094,3,,,0,70,,99100,3,,,0,35,,99113,3,,,0,75,,99105,3,,,0,75,,99120,3,,,0,30,,99098,3,,,0,70,,99112,3,,,0,30,,99103,3,,,0,70,,99108,3,,,0,30,,99097,3,,,0,70,,99111,3,,,0,40,,99114,3,,,0,100,,99116,3,,,0,100,,99117,3,,,0,100,,99118,3,,,0,100,,99119,3,,,0
5201,'5462',712,,99126,3,,,0,30,,99142,3,,,0,70,,99134,3,,,0,30,,99122,3,,,0,70,,99129,3,,,0,30,,99136,3,,,0,70,,99131,3,,,0,30,,99123,3,,,0,70,,99128,3,,,0,30,,99137,3,,,0,70,,99133,3,,,0,35,,99121,3,,,0,70,,99127,3,,,0,35,,99140,3,,,0,75,,99132,3,,,0,75,,99147,3,,,0,30,,99125,3,,,0,70,,99139,3,,,0,30,,99130,3,,,0,70,,99135,3,,,0,30,,99124,3,,,0,70,,99138,3,,,0,40,,99141,3,,,0,100,,99143,3,,,0,100,,99144,3,,,0,100,,99145,3,,,0,100,,99146,3,,,0
5201,'5463',712,,99153,3,,,0,30,,99169,3,,,0,70,,99161,3,,,0,30,,99149,3,,,0,70,,99156,3,,,0,30,,99163,3,,,0,70,,99158,3,,,0,30,,99150,3,,,0,70,,99155,3,,,0,30,,99164,3,,,0,70,,99160,3,,,0,35,,99148,3,,,0,70,,99154,3,,,0,35,,99167,3,,,0,75,,99159,3,,,0,75,,99174,3,,,0,30,,99152,3,,,0,70,,99166,3,,,0,30,,99157,3,,,0,70,,99162,3,,,0,30,,99151,3,,,0,70,,99165,3,,,0,40,,99168,3,,,0,100,,99170,3,,,0,100,,99171,3,,,0,100,,99172,3,,,0,100,,99173,3,,,0
6101,'5456',1545,,100612,21,,,0,70,,100598,21,,,0,34,,100587,21,,,0,64,,100585,21,,,0,16,,100594,21,,,0,20,,100580,21,,,0,78,,100589,21,,,0
6101,'5458',1545,,100649,21,,,0,70,,100635,21,,,0,34,,100624,21,,,0,64,,100622,21,,,0,16,,100630,21,,,0,20,,100617,21,,,0,78,,100626,21,,,0
