8700,'5456',733,,102160,28,,,0,201,,102161,28,,,0,200,,102162,28,,,0,205,,102164,21,,,0,195,,102165,28,,,0,202,,102166,28,,,0
8700,'5458',733,,102167,28,,,0,201,,102168,28,,,0,200,,102169,28,,,0,205,,102171,21,,,0,195,,102172,28,,,0,202,,102173,28,,,0
8701,'5456',640,,102174,16,,,0,199,,102175,16,,,0,201,,102176,16,,,0,200,,102177,16,,,0,199,,102178,16,,,0,203,,102179,16,,,0
8701,'5458',640,,102180,16,,,0,199,,102181,16,,,0,201,,102182,16,,,0,200,,102183,16,,,0,199,,102184,16,,,0,203,,102185,16,,,0
8800,'5456',834,,102186,2,,,0,200,,102187,2,,,0,200,,102188,2,,,0,200,,102189,2,,,0,200,,102190,2,,,0,207,,102191,2,,,0
8800,'5458',834,,102192,2,,,0,200,,102193,2,,,0,200,,102194,2,,,0,200,,102195,2,,,0,200,,102196,2,,,0,207,,102197,2,,,0
8800,'5459',809,,102206,2,,,0,98,,102207,2,,,0,100,,102208,2,,,0,100,,102209,2,,,0,100,,102210,2,,,0,99,,102211,2,,,0,100,,102202,2,,,0,100,,102203,2,,,0,100,,102204,2,,,0,100,,102205,2,,,0,98,,102199,2,,,0,100,,102200,2,,,0,102,,102201,2,,,0,100,,102198,2,,,0
8800,'5460',809,,102217,2,,,0,94,,102218,2,,,0,100,,102219,2,,,0,101,,102220,2,,,0,101,,102221,2,,,0,100,,102222,2,,,0,99,,102213,2,,,0,99,,102214,2,,,0,100,,102215,2,,,0,101,,102216,2,,,0,102,,102224,2,,,0,99,,102225,2,,,0,100,,102212,2,,,0,98,,102223,2,,,0
8800,'5461',809,,102231,2,,,0,94,,102232,2,,,0,100,,102233,2,,,0,101,,102234,2,,,0,101,,102235,2,,,0,100,,102236,2,,,0,99,,102227,2,,,0,99,,102228,2,,,0,100,,102229,2,,,0,101,,102230,2,,,0,102,,102238,2,,,0,99,,102239,2,,,0,100,,102226,2,,,0,98,,102237,2,,,0
8800,'5462',809,,102245,2,,,0,94,,102246,2,,,0,100,,102247,2,,,0,101,,102248,2,,,0,101,,102249,2,,,0,100,,102250,2,,,0,99,,102241,2,,,0,99,,102242,2,,,0,100,,102243,2,,,0,101,,102244,2,,,0,102,,102252,2,,,0,99,,102253,2,,,0,100,,102240,2,,,0,98,,102251,2,,,0
8800,'5463',809,,102259,2,,,0,94,,102260,2,,,0,100,,102261,2,,,0,101,,102262,2,,,0,101,,102263,2,,,0,100,,102264,2,,,0,99,,102255,2,,,0,99,,102256,2,,,0,100,,102257,2,,,0,101,,102258,2,,,0,102,,102266,2,,,0,99,,102267,2,,,0,100,,102254,2,,,0,98,,102265,2,,,0
1007200,'5456',610,,103768,43,,,0
1007200,'5458',610,,103769,43,,,0
1007200,'5459',620,,103770,43,,,0,99,,103771,43,,,0
1007200,'5460',719,,103772,43,,,0
1007200,'5461',719,,103773,43,,,0
1007200,'5462',719,,103774,43,,,0
1007200,'5463',719,,103775,43,,,0
1007201,'5456',2226,,103776,27,,,0,99,,103778,27,,,0,100,,103777,27,,,0
1007201,'5458',2226,,103779,27,,,0,99,,103781,27,,,0,100,,103780,27,,,0
1007201,'5459',2227,,103782,27,,,0,98,,103783,27,,,0,100,,103784,27,,,0
1007201,'5460',2226,,103785,27,,,0,100,,103786,27,,,0
1007201,'5461',2226,,103787,27,,,0,100,,103788,27,,,0
1007201,'5462',2226,,103789,27,,,0,100,,103790,27,,,0
1007201,'5463',2226,,103791,27,,,0,100,,103792,27,,,0
1008800,'5456',623,,103793,2,,,0,185,,103797,2,,,0,96,,103795,2,,,0,100,,103794,2,,,0,100,,103796,2,,,0,100,,103799,2,,,0,100,,103798,2,,,0,100,,103800,2,,,0,100,,103801,2,,,0,100,,103802,2,,,0,100,,103803,2,,,0,107,,103804,2,,,0,98,,103805,2,,,0,30,,103807,2,,,0,70,,103806,2,,,0,31,,103809,2,,,0,70,,103808,2,,,0
1008800,'5458',623,,103810,2,,,0,185,,103814,2,,,0,96,,103812,2,,,0,100,,103811,2,,,0,100,,103813,2,,,0,100,,103816,2,,,0,100,,103815,2,,,0,100,,103817,2,,,0,100,,103818,2,,,0,100,,103819,2,,,0,100,,103820,2,,,0,107,,103821,2,,,0,98,,103822,2,,,0,30,,103824,2,,,0,70,,103823,2,,,0,31,,103826,2,,,0,70,,103825,2,,,0
