200,'4832',710,,63405,31,,,0,121,,63404,31,,,0,122,,63403,31,,,0,101,,63384,31,,,0,81,,63402,31,,,0,81,,63390,31,,,0,40,,63388,31,,,0,80,,77852,31,,,0,82,,63385,31,,,0,40,,63396,31,,,0,80,,63391,31,,,0,80,,63386,31,,,0,39,,77853,31,,,0,79,,63387,31,,,0,74,,63397,31,,,0,39,,63393,31,,,0,94,,63398,31,,,0,80,,63394,31,,,0,80,,63400,31,,,0,39,,63401,31,,,0,80,,63399,31,,,0,79,,63406,31,,,0,39,,63407,31,,,0
200,'5453',710,,77877,31,,,0,121,,77876,31,,,0,122,,77875,31,,,0,101,,77856,31,,,0,81,,77874,31,,,0,81,,77862,31,,,0,40,,77860,31,,,0,80,,77855,31,,,0,82,,77857,31,,,0,40,,77868,31,,,0,80,,77863,31,,,0,80,,77858,31,,,0,39,,77861,31,,,0,79,,77859,31,,,0,74,,77869,31,,,0,39,,77865,31,,,0,94,,77870,31,,,0,80,,77866,31,,,0,80,,77872,31,,,0,39,,77873,31,,,0,80,,77871,31,,,0,79,,77878,31,,,0,39,,77879,31,,,0
200,'5456',604,,87484,31,,,0,41,,87485,31,,,0,61,,87486,31,,,0,32,,87487,31,,,0,73,,87488,31,,,0,30,,87489,31,,,0,71,,87490,31,,,0,30,,87491,31,,,0,86,,87493,31,,,0,78,,87494,31,,,0,41,,87495,31,,,0,81,,87496,31,,,0,80,,87497,31,,,0,41,,87498,31,,,0,79,,87499,31,,,0,79,,87500,31,,,0,36,,87518,31,,,0,77,,87514,31,,,0,36,,87516,31,,,0,87,,87508,31,,,0,72,,87506,31,,,0,39,,87513,31,,,0,89,,87505,31,,,0,78,,87512,31,,,0,82,,87504,31,,,0,40,,87511,31,,,0,78,,87503,31,,,0,79,,87510,31,,,0,39,,87502,31,,,0,78,,87509,31,,,0
200,'5458',604,,87519,31,,,0,41,,87520,31,,,0,61,,87521,31,,,0,32,,87522,31,,,0,73,,87523,31,,,0,30,,87524,31,,,0,71,,87525,31,,,0,30,,87526,31,,,0,86,,87528,31,,,0,78,,87529,31,,,0,41,,87530,31,,,0,81,,87531,31,,,0,80,,87532,31,,,0,41,,87533,31,,,0,79,,87534,31,,,0,79,,87535,31,,,0,36,,87554,31,,,0,77,,87550,31,,,0,36,,87552,31,,,0,87,,87544,31,,,0,72,,87542,31,,,0,39,,87549,31,,,0,89,,87541,31,,,0,78,,87548,31,,,0,82,,87540,31,,,0,40,,87547,31,,,0,78,,87539,31,,,0,79,,87546,31,,,0,39,,87538,31,,,0,78,,87545,31,,,0
200,'5459',614,,87574,31,,,0,113,,87577,31,,,0,121,,87575,31,,,0,80,,87563,31,,,0,87,,87576,31,,,0,40,,87561,31,,,0,80,,87555,31,,,0,81,,87562,31,,,0,40,,87556,31,,,0,81,,87569,31,,,0,81,,87557,31,,,0,41,,87560,31,,,0,80,,87559,31,,,0,79,,87558,31,,,0,40,,87572,31,,,0,79,,87573,31,,,0,74,,87571,31,,,0,40,,87565,31,,,0,75,,87566,31,,,0,94,,87568,31,,,0,80,,87567,31,,,0,45,,87583,31,,,0,80,,87580,31,,,0,80,,87579,31,,,0,37,,87581,31,,,0,79,,87578,31,,,0
200,'5460',710,,87607,31,,,0,121,,87606,31,,,0,122,,87605,31,,,0,101,,87586,31,,,0,81,,87604,31,,,0,81,,87592,31,,,0,40,,87590,31,,,0,80,,87585,31,,,0,82,,87587,31,,,0,40,,87598,31,,,0,80,,87593,31,,,0,80,,87588,31,,,0,39,,87591,31,,,0,79,,87589,31,,,0,74,,87599,31,,,0,39,,87595,31,,,0,94,,87600,31,,,0,80,,87596,31,,,0,80,,87602,31,,,0,39,,87603,31,,,0,80,,87601,31,,,0,79,,87608,31,,,0,39,,87609,31,,,0
200,'5461',710,,87632,31,,,0,121,,87631,31,,,0,122,,87630,31,,,0,101,,87611,31,,,0,81,,87629,31,,,0,81,,87617,31,,,0,40,,87615,31,,,0,80,,87610,31,,,0,82,,87612,31,,,0,40,,87623,31,,,0,80,,87618,31,,,0,80,,87613,31,,,0,39,,87616,31,,,0,79,,87614,31,,,0,74,,87624,31,,,0,39,,87620,31,,,0,94,,87625,31,,,0,80,,87621,31,,,0,80,,87627,31,,,0,39,,87628,31,,,0,80,,87626,31,,,0,79,,87633,31,,,0,39,,87634,31,,,0
200,'5462',710,,87657,31,,,0,121,,87656,31,,,0,122,,87655,31,,,0,101,,87636,31,,,0,81,,87654,31,,,0,81,,87642,31,,,0,40,,87640,31,,,0,80,,87635,31,,,0,82,,87637,31,,,0,40,,87648,31,,,0,80,,87643,31,,,0,80,,87638,31,,,0,39,,87641,31,,,0,79,,87639,31,,,0,74,,87649,31,,,0,39,,87645,31,,,0,94,,87650,31,,,0,80,,87646,31,,,0,80,,87652,31,,,0,39,,87653,31,,,0,80,,87651,31,,,0,79,,87658,31,,,0,39,,87659,31,,,0
200,'5463',710,,87682,31,,,0,121,,87681,31,,,0,122,,87680,31,,,0,101,,87661,31,,,0,81,,87679,31,,,0,81,,87667,31,,,0,40,,87665,31,,,0,80,,87660,31,,,0,82,,87662,31,,,0,40,,87673,31,,,0,80,,87668,31,,,0,80,,87663,31,,,0,39,,87666,31,,,0,79,,87664,31,,,0,74,,87674,31,,,0,39,,87670,31,,,0,94,,87675,31,,,0,80,,87671,31,,,0,80,,87677,31,,,0,39,,87678,31,,,0,80,,87676,31,,,0,79,,87683,31,,,0,39,,87684,31,,,0
500,'4832',751,,64753,31,,,0,161,,64752,31,,,0,122,,64751,31,,,0,81,,64746,31,,,0,40,,78079,31,,,0,81,,64741,31,,,0,80,,64754,31,,,0,41,,64747,31,,,0,81,,64744,31,,,0,80,,78080,31,,,0,40,,64743,31,,,0,80,,64755,31,,,0,78,,64748,31,,,0,35,,64745,31,,,0,78,,78081,31,,,0,80,,64750,31,,,0
500,'5453',751,,78095,31,,,0,161,,78094,31,,,0,122,,78093,31,,,0,81,,78088,31,,,0,40,,78082,31,,,0,81,,78083,31,,,0,80,,78096,31,,,0,41,,78089,31,,,0,81,,78086,31,,,0,80,,78084,31,,,0,40,,78085,31,,,0,80,,78097,31,,,0,78,,78090,31,,,0,35,,78087,31,,,0,78,,78091,31,,,0,80,,78092,31,,,0
500,'5456',624,,89074,31,,,0,97,,89075,31,,,0,34,,89076,31,,,0,71,,89077,31,,,0,31,,89078,31,,,0,68,,89079,31,,,0,87,,89080,31,,,0,33,,89081,31,,,0,80,,89082,31,,,0,81,,89083,31,,,0,41,,89084,31,,,0,83,,89085,31,,,0,78,,89086,31,,,0,39,,89087,31,,,0,78,,89092,31,,,0,76,,89090,31,,,0,37,,89088,31,,,0,74,,89091,31,,,0,47,,89093,31,,,0,76,,89095,31,,,0,83,,89089,31,,,0,85,,89094,31,,,0
500,'5458',624,,89096,31,,,0,97,,89097,31,,,0,34,,89098,31,,,0,71,,89099,31,,,0,31,,89100,31,,,0,68,,89101,31,,,0,87,,89102,31,,,0,33,,89103,31,,,0,80,,89104,31,,,0,81,,89105,31,,,0,41,,89106,31,,,0,83,,89107,31,,,0,78,,89108,31,,,0,39,,89109,31,,,0,78,,89114,31,,,0,76,,89112,31,,,0,37,,89110,31,,,0,74,,89113,31,,,0,47,,89115,31,,,0,76,,89117,31,,,0,83,,89111,31,,,0,85,,89116,31,,,0
500,'5459',650,,89129,31,,,0,157,,89125,31,,,0,101,,89128,31,,,0,42,,89119,31,,,0,85,,89126,31,,,0,80,,89120,31,,,0,41,,89135,31,,,0,80,,89127,31,,,0,81,,89118,31,,,0,41,,89124,31,,,0,80,,89121,31,,,0,81,,89131,31,,,0,40,,89122,31,,,0,79,,89123,31,,,0,79,,89132,31,,,0,35,,89133,31,,,0,79,,89134,31,,,0,80,,89130,31,,,0,89,,89136,31,,,0
500,'5460',751,,89150,31,,,0,161,,89149,31,,,0,122,,89148,31,,,0,81,,89143,31,,,0,40,,89137,31,,,0,81,,89138,31,,,0,80,,89151,31,,,0,41,,89144,31,,,0,81,,89141,31,,,0,80,,89139,31,,,0,40,,89140,31,,,0,80,,89152,31,,,0,78,,89145,31,,,0,35,,89142,31,,,0,78,,89146,31,,,0,80,,89147,31,,,0
500,'5461',751,,89166,31,,,0,161,,89163,31,,,0,122,,89165,31,,,0,81,,89159,31,,,0,40,,89153,31,,,0,81,,89154,31,,,0,80,,89167,31,,,0,41,,89160,31,,,0,81,,89157,31,,,0,80,,89155,31,,,0,40,,89156,31,,,0,80,,89168,31,,,0,78,,89161,31,,,0,35,,89158,31,,,0,78,,89162,31,,,0,80,,89164,31,,,0
500,'5462',751,,89182,31,,,0,161,,89181,31,,,0,122,,89180,31,,,0,81,,89175,31,,,0,40,,89169,31,,,0,81,,89170,31,,,0,80,,89183,31,,,0,41,,89176,31,,,0,81,,89173,31,,,0,80,,89171,31,,,0,40,,89172,31,,,0,80,,89184,31,,,0,78,,89177,31,,,0,35,,89174,31,,,0,78,,89178,31,,,0,80,,89179,31,,,0
500,'5463',751,,89198,31,,,0,161,,89197,31,,,0,122,,89196,31,,,0,81,,89191,31,,,0,40,,89185,31,,,0,81,,89186,31,,,0,80,,89199,31,,,0,41,,89192,31,,,0,81,,89189,31,,,0,80,,89187,31,,,0,40,,89188,31,,,0,80,,89200,31,,,0,78,,89193,31,,,0,35,,89190,31,,,0,78,,89194,31,,,0,80,,89195,31,,,0
