801,'4832',958,,66095,39,0,8 9,0,86,,66096,39,0,8 9,0,91,,66097,39,0,8 9,0,89,,66098,39,0,8 9,0,91,,66094,39,0,8 9,0,93,,66099,39,0,8 9,0,50,,66100,39,0,8 9,0,92,,66101,39,0,8 9,0,89,,66102,39,0,8 9,0,89,,66103,39,0,8 9,0,86,,66104,39,0,8 9,0
801,'5453',958,,78749,39,0,8 9,0,86,,78750,39,0,8 9,0,91,,78751,39,0,8 9,0,89,,78752,39,0,8 9,0,91,,78748,39,0,8 9,0,93,,78753,39,0,8 9,0,50,,78754,39,0,8 9,0,92,,78755,39,0,8 9,0,89,,78756,39,0,8 9,0,89,,78757,39,0,8 9,0,86,,78758,39,0,8 9,0
801,'5456',709,,90641,39,,,0,18,,90665,29,,,0,19,,90642,39,,,0,65,,90645,39,,,0,27,,90643,39,,,0,75,,90646,39,,,0,43,,90644,39,,,0,84,,90647,39,,,0,73,,90649,39,,,0,42,,90648,39,,,0,86,,90651,39,,,0,80,,90650,39,,,0,85,,90654,39,,,0,51,,90652,39,,,0,69,,90666,39,0,8 9,0,17,,90653,39,,,0,73,,90656,39,,,0,33,,90655,39,,,0,74,,90658,39,,,0,77,,90657,39,,,0,29,,90660,39,,,0,30,,90659,39,,,0,74,,90661,39,,,0,85,,90662,39,,,0,97,,90663,39,,,0,43,,90664,39,,,0
801,'5458',709,,90667,39,,,0,18,,90691,29,,,0,19,,90668,39,,,0,65,,90671,39,,,0,27,,90669,39,,,0,75,,90672,39,,,0,43,,90670,39,,,0,84,,90673,39,,,0,73,,90675,39,,,0,42,,90674,39,,,0,86,,90677,39,,,0,80,,90676,39,,,0,85,,90680,39,,,0,51,,90678,39,,,0,69,,90692,39,0,8 9,0,17,,90679,39,,,0,73,,90682,39,,,0,33,,90681,39,,,0,74,,90684,39,,,0,77,,90683,39,,,0,29,,90686,39,,,0,30,,90685,39,,,0,74,,90687,39,,,0,85,,90688,39,,,0,97,,90689,39,,,0,43,,90690,39,,,0
801,'5459',741,,90694,39,0,8 9,0,85,,90695,39,0,8 9,0,86,,90696,39,0,8 9,0,47,,90697,39,0,8 9,0,85,,90698,39,0,8 9,0,93,,90699,39,0,8 9,0,89,,90700,39,0,8 9,0,91,,90701,39,0,8 9,0,93,,90693,39,0,8 9,0,90,,90702,39,0,8 9,0,52,,90703,39,0,8 9,0,90,,90704,39,0,8 9,0,88,,90705,39,0,8 9,0,85,,90706,39,0,8 9,0,42,,90707,39,0,8 9,0
801,'5460',958,,90709,39,0,8 9,0,86,,90710,39,0,8 9,0,91,,90711,39,0,8 9,0,89,,90712,39,0,8 9,0,91,,90708,39,0,8 9,0,93,,90713,39,0,8 9,0,50,,90714,39,0,8 9,0,92,,90715,39,0,8 9,0,89,,90716,39,0,8 9,0,89,,90717,39,0,8 9,0,86,,90718,39,0,8 9,0
801,'5461',958,,90720,39,0,8 9,0,86,,90721,39,0,8 9,0,91,,90722,39,0,8 9,0,89,,90723,39,0,8 9,0,91,,90719,39,0,8 9,0,93,,90724,39,0,8 9,0,50,,90725,39,0,8 9,0,92,,90726,39,0,8 9,0,89,,90727,39,0,8 9,0,89,,90728,39,0,8 9,0,86,,90729,39,0,8 9,0
801,'5462',958,,90731,39,0,8 9,0,86,,90732,39,0,8 9,0,91,,90733,39,0,8 9,0,89,,90734,39,0,8 9,0,91,,90730,39,0,8 9,0,93,,90735,39,0,8 9,0,50,,90736,39,0,8 9,0,92,,90737,39,0,8 9,0,89,,90738,39,0,8 9,0,89,,90739,39,0,8 9,0,86,,90740,39,0,8 9,0
801,'5463',958,,90742,39,0,8 9,0,86,,90743,39,0,8 9,0,91,,90744,39,0,8 9,0,89,,90745,39,0,8 9,0,91,,90741,39,0,8 9,0,93,,90746,39,0,8 9,0,50,,90747,39,0,8 9,0,92,,90748,39,0,8 9,0,89,,90749,39,0,8 9,0,89,,90750,39,0,8 9,0,86,,90751,39,0,8 9,0
901,'5456',1713,,90767,28,,,0,40,,90768,28,,,0
901,'5458',1713,,90775,28,,,0,40,,90776,28,,,0
1101,'4832',732,,82652,54,,,0,85,,82656,54,,,0,86,,66724,54,,,0,46,,82653,54,,,0,76,,82654,54,,,0,32,,82655,54,,,0,71,,82657,54,,,0,30,,82658,54,,,0,68,,82659,54,,,0,30,,82660,54,,,0,71,,82662,54,,,0,28,,82664,54,,,0,70,,82663,54,,,0,30,,82661,54,,,0,71,,82665,54,,,0,30,,82666,54,,,0,68,,82667,54,,,0,30,,82668,54,,,0,70,,82670,54,,,0,29,,82669,54,,,0,70,,82672,54,,,0,29,,82671,54,,,0,70,,82674,54,,,0,35,,82673,54,,,0,83,,82675,54,,,0,80,,82676,54,,,0,84,,82677,54,,,0,43,,82678,54,,,0,78,,82679,54,,,0,78,,82680,54,,,0
1101,'5453',732,,78847,54,,,0,85,,78852,54,,,0,86,,78849,54,,,0,46,,78848,54,,,0,76,,82681,54,,,0,32,,82682,54,,,0,71,,82683,54,,,0,30,,82684,54,,,0,68,,82685,54,,,0,30,,82686,54,,,0,71,,82688,54,,,0,28,,78860,54,,,0,70,,78859,54,,,0,30,,82687,54,,,0,71,,82689,54,,,0,30,,82690,54,,,0,68,,82691,54,,,0,30,,82692,54,,,0,70,,82694,54,,,0,29,,82693,54,,,0,70,,82696,54,,,0,29,,82695,54,,,0,70,,82698,54,,,0,35,,82697,54,,,0,83,,82699,54,,,0,80,,82700,54,,,0,84,,82701,54,,,0,43,,82702,54,,,0,78,,82703,54,,,0,78,,82704,54,,,0
1101,'5456',615,,91248,54,,,0,32,,91249,54,,,0,61,,91257,54,,,0,23,,91251,54,,,0,21,,91267,54,,,0,61,,91255,54,,,0,20,,91250,54,,,0,20,,91263,54,,,0,59,,91252,54,,,0,18,,91258,54,,,0,19,,91273,54,,,0,61,,91253,54,,,0,25,,91254,54,,,0,66,,91256,54,,,0,25,,91265,54,,,0,26,,91259,54,,,0,65,,91272,54,,,0,25,,91261,54,,,0,66,,91260,54,,,0,26,,91262,54,,,0,25,,91264,54,,,0,68,,91266,54,,,0,25,,91274,54,,,0,59,,91291,54,,,0,18,,91268,54,,,0,20,,91269,54,,,0,56,,91277,54,,,0,17,,91270,54,,,0,17,,91271,54,,,0,20,,91295,54,,,0,58,,91276,54,,,0,18,,91275,54,,,0,18,,91292,54,,,0,60,,91278,54,,,0,20,,91280,54,,,0,23,,91281,54,,,0,54,,91279,54,,,0,17,,91294,54,,,0,20,,91282,54,,,0,70,,91290,54,,,0,34,,91283,54,,,0,70,,91284,54,,,0,34,,91286,54,,,0,69,,91289,54,,,0,35,,91285,54,,,0,67,,91287,54,,,0,28,,91288,54,,,0,85,,91293,54,,,0
1101,'5458',615,,91296,54,,,0,32,,91297,54,,,0,61,,91305,54,,,0,23,,91299,54,,,0,21,,91315,54,,,0,61,,91303,54,,,0,20,,91298,54,,,0,20,,91311,54,,,0,59,,91300,54,,,0,18,,91306,54,,,0,19,,91321,54,,,0,61,,91301,54,,,0,25,,91302,54,,,0,66,,91304,54,,,0,25,,91313,54,,,0,26,,91307,54,,,0,65,,91320,54,,,0,25,,91309,54,,,0,66,,91308,54,,,0,26,,91310,54,,,0,25,,91312,54,,,0,68,,91314,54,,,0,25,,91322,54,,,0,59,,91339,54,,,0,18,,91316,54,,,0,20,,91317,54,,,0,56,,91325,54,,,0,17,,91318,54,,,0,17,,91319,54,,,0,20,,91343,54,,,0,58,,91324,54,,,0,18,,91323,54,,,0,18,,91340,54,,,0,60,,91326,54,,,0,20,,91328,54,,,0,23,,91329,54,,,0,54,,91327,54,,,0,17,,91342,54,,,0,20,,91330,54,,,0,70,,91338,54,,,0,34,,91331,54,,,0,70,,91332,54,,,0,34,,91334,54,,,0,69,,91337,54,,,0,35,,91333,54,,,0,67,,91335,54,,,0,28,,91336,54,,,0,85,,91341,54,,,0
1101,'5459',712,,91357,54,,,0,36,,91345,54,,,0,75,,91350,54,,,0,30,,91375,54,,,0,78,,91358,54,,,0,70,,91344,54,,,0,30,,91353,54,,,0,72,,91369,54,,,0,25,,91347,54,,,0,20,,91371,54,,,0,66,,91359,54,,,0,25,,91346,54,,,0,67,,91351,54,,,0,25,,91368,54,,,0,25,,91348,54,,,0,66,,91366,54,,,0,25,,91356,54,,,0,65,,91349,54,,,0,25,,91355,54,,,0,65,,91377,54,,,0,25,,91352,54,,,0,24,,91370,54,,,0,65,,91360,54,,,0,24,,91354,54,,,0,65,,91376,54,,,0,24,,91367,54,,,0,24,,91373,54,,,0,65,,91374,54,,,0,22,,91361,54,,,0,65,,91372,54,,,0,25,,91365,54,,,0,25,,91364,54,,,0,65,,91362,54,,,0,35,,91363,54,,,0,70,,91380,54,,,0,29,,91378,54,,,0,72,,91379,54,,,0,28,,91381,54,,,0,85,,91382,54,,,0
1101,'5460',732,,91383,54,,,0,85,,91388,54,,,0,86,,91385,54,,,0,46,,91384,54,,,0,76,,91386,54,,,0,32,,91387,54,,,0,71,,91389,54,,,0,30,,91390,54,,,0,68,,91391,54,,,0,30,,91392,54,,,0,71,,91394,54,,,0,28,,91396,54,,,0,70,,91395,54,,,0,30,,91393,54,,,0,71,,91397,54,,,0,30,,91398,54,,,0,68,,91399,54,,,0,30,,91400,54,,,0,70,,91402,54,,,0,29,,91401,54,,,0,70,,91404,54,,,0,29,,91403,54,,,0,70,,91406,54,,,0,35,,91405,54,,,0,83,,91407,54,,,0,80,,91408,54,,,0,84,,91409,54,,,0,43,,91410,54,,,0,78,,91411,54,,,0,86,,91412,54,,,0
1101,'5461',732,,91413,54,,,0,85,,91418,54,,,0,86,,91415,54,,,0,46,,91414,54,,,0,76,,91416,54,,,0,32,,91417,54,,,0,71,,91419,54,,,0,30,,91420,54,,,0,68,,91421,54,,,0,30,,91422,54,,,0,71,,91424,54,,,0,28,,91426,54,,,0,70,,91425,54,,,0,30,,91423,54,,,0,71,,91427,54,,,0,30,,91428,54,,,0,68,,91429,54,,,0,30,,91430,54,,,0,70,,91432,54,,,0,29,,91431,54,,,0,70,,91434,54,,,0,29,,91433,54,,,0,70,,91436,54,,,0,35,,91435,54,,,0,83,,91437,54,,,0,80,,91438,54,,,0,84,,91439,54,,,0,43,,91440,54,,,0,78,,91441,54,,,0,86,,91442,54,,,0
1101,'5462',732,,91443,54,,,0,85,,91448,54,,,0,86,,91445,54,,,0,46,,91444,54,,,0,76,,91446,54,,,0,32,,91447,54,,,0,71,,91449,54,,,0,30,,91450,54,,,0,68,,91451,54,,,0,30,,91452,54,,,0,71,,91454,54,,,0,28,,91456,54,,,0,70,,91455,54,,,0,30,,91453,54,,,0,71,,91457,54,,,0,30,,91458,54,,,0,68,,91459,54,,,0,30,,91460,54,,,0,70,,91462,54,,,0,29,,91461,54,,,0,70,,91464,54,,,0,29,,91463,54,,,0,70,,91466,54,,,0,35,,91465,54,,,0,83,,91467,54,,,0,80,,91468,54,,,0,84,,91469,54,,,0,43,,91470,54,,,0,78,,91471,54,,,0,86,,91472,54,,,0
1101,'5463',732,,91473,54,,,0,85,,91478,54,,,0,86,,91475,54,,,0,46,,91474,54,,,0,76,,91476,54,,,0,32,,91477,54,,,0,71,,91479,54,,,0,30,,91480,54,,,0,68,,91481,54,,,0,30,,91482,54,,,0,71,,91484,54,,,0,28,,91486,54,,,0,70,,91485,54,,,0,30,,91483,54,,,0,71,,91487,54,,,0,30,,91488,54,,,0,68,,91489,54,,,0,30,,91490,54,,,0,70,,91492,54,,,0,29,,91491,54,,,0,70,,91494,54,,,0,29,,91493,54,,,0,70,,91496,54,,,0,35,,91495,54,,,0,83,,91497,54,,,0,80,,91498,54,,,0,84,,91499,54,,,0,43,,91500,54,,,0,78,,91501,54,,,0,86,,91502,54,,,0
