7200,'5456',628,,101083,25,,,0,76,,101089,25,,,0,28,,101079,25,,,0,70,,101080,25,,,0,31,,101087,25,,,0,71,,101081,25,,,0,29,,101082,25,,,0,70,,101091,25,,,0,31,,101084,25,,,0,69,,101085,25,,,0,31,,101086,25,,,0,68,,101095,25,,,0,30,,101099,25,,,0,69,,101088,25,,,0,30,,101101,25,,,0,70,,101106,25,,,0,30,,101090,25,,,0,69,,101093,25,,,0,30,,101096,25,,,0,70,,101109,25,,,0,29,,101092,25,,,0,71,,101102,25,,,0,31,,101104,25,,,0,73,,101094,25,,,0,28,,101097,25,,,0,71,,101107,25,,,0,30,,101110,25,,,0,70,,101098,25,,,0,33,,101105,25,,,0,70,,101100,25,,,0,99,,101108,25,,,0,101,,101103,25,,,0,117,,101111,25,0,10 11 12,0
7200,'5458',628,,101116,25,,,0,76,,101122,25,,,0,28,,101112,25,,,0,70,,101113,25,,,0,31,,101120,25,,,0,71,,101114,25,,,0,29,,101115,25,,,0,70,,101124,25,,,0,31,,101117,25,,,0,69,,101118,25,,,0,31,,101119,25,,,0,68,,101128,25,,,0,30,,101132,25,,,0,69,,101121,25,,,0,30,,101134,25,,,0,70,,101139,25,,,0,30,,101123,25,,,0,69,,101126,25,,,0,30,,101129,25,,,0,70,,101142,25,,,0,29,,101125,25,,,0,71,,101135,25,,,0,31,,101137,25,,,0,73,,101127,25,,,0,28,,101130,25,,,0,71,,101140,25,,,0,30,,101143,25,,,0,70,,101131,25,,,0,33,,101138,25,,,0,70,,101133,25,,,0,99,,101141,25,,,0,101,,101136,25,,,0,117,,101144,25,0,10 11 12,0
7200,'5459',739,,101145,25,,,0,68,,101146,25,,,0,29,,101147,25,,,0,70,,101148,25,,,0,30,,101149,25,,,0,70,,101150,25,,,0,30,,101151,25,,,0,68,,101152,25,,,0,30,,101153,25,,,0,70,,101154,25,,,0,30,,101155,25,,,0,70,,101156,25,,,0,29,,101157,25,,,0,70,,101158,25,,,0,30,,101159,25,,,0,70,,101160,25,,,0,30,,101161,25,,,0,70,,101162,25,,,0,30,,101163,25,,,0,70,,101164,25,,,0,30,,101165,25,,,0,70,,101166,25,,,0,30,,101167,25,,,0,70,,101168,25,,,0,31,,101169,25,,,0,72,,101170,25,,,0,29,,101171,25,,,0,70,,101172,25,,,0,99,,101173,25,,,0,102,,101174,25,,,0,119,,101175,25,0,10 11 12,0
7200,'5460',807,,101176,25,,,0,100,,101179,25,,,0,98,,101177,25,,,0,99,,101178,25,,,0,30,,101180,25,,,0,70,,101181,25,,,0,30,,101182,25,,,0,69,,101183,25,,,0,30,,101184,25,,,0,70,,101185,25,,,0,30,,101186,25,,,0,70,,101187,25,,,0,30,,101188,25,,,0,70,,101189,25,,,0,30,,101190,25,,,0,70,,101191,25,,,0,31,,101192,25,,,0,70,,101193,25,,,0,31,,101194,25,,,0,70,,101195,25,,,0,30,,101196,25,,,0,71,,101197,25,,,0,99,,101198,25,,,0,101,,101199,25,,,0,103,,101200,25,,,0,35,,101201,25,0,10 11 12,0
7200,'5461',807,,101202,25,,,0,100,,101205,25,,,0,98,,101203,25,,,0,99,,101204,25,,,0,30,,101206,25,,,0,70,,101207,25,,,0,30,,101208,25,,,0,69,,101209,25,,,0,30,,101210,25,,,0,70,,101211,25,,,0,30,,101212,25,,,0,70,,101213,25,,,0,30,,101214,25,,,0,70,,101215,25,,,0,30,,101216,25,,,0,70,,101217,25,,,0,31,,101218,25,,,0,70,,101219,25,,,0,31,,101220,25,,,0,70,,101221,25,,,0,30,,101222,25,,,0,71,,101223,25,,,0,99,,101224,25,,,0,101,,101225,25,,,0,103,,101226,25,,,0,35,,101227,25,0,10 11 12,0
7200,'5462',807,,101228,25,,,0,100,,101231,25,,,0,98,,101229,25,,,0,99,,101230,25,,,0,30,,101232,25,,,0,70,,101233,25,,,0,30,,101234,25,,,0,69,,101235,25,,,0,30,,101236,25,,,0,70,,101237,25,,,0,30,,101238,25,,,0,70,,101239,25,,,0,30,,101240,25,,,0,70,,101241,25,,,0,30,,101242,25,,,0,70,,101243,25,,,0,31,,101244,25,,,0,70,,101245,25,,,0,31,,101246,25,,,0,70,,101247,25,,,0,30,,101248,25,,,0,71,,101249,25,,,0,99,,101250,25,,,0,101,,101251,25,,,0,103,,101252,25,,,0,35,,101253,25,0,10 11 12,0
7200,'5463',807,,101254,25,,,0,100,,101257,25,,,0,98,,101255,25,,,0,99,,101256,25,,,0,30,,101258,25,,,0,70,,101259,25,,,0,30,,101260,25,,,0,69,,101261,25,,,0,30,,101262,25,,,0,70,,101263,25,,,0,30,,101264,25,,,0,70,,101265,25,,,0,30,,101266,25,,,0,70,,101267,25,,,0,30,,101268,25,,,0,70,,101269,25,,,0,31,,101270,25,,,0,70,,101271,25,,,0,31,,101272,25,,,0,70,,101273,25,,,0,30,,101274,25,,,0,71,,101275,25,,,0,99,,101276,25,,,0,101,,101277,25,,,0,103,,101278,25,,,0,35,,101279,25,0,10 11 12,0
1007200,'5456',551,,103768,25,,,0
1007200,'5458',551,,103769,25,,,0
1007200,'5459',601,,103770,25,,,0,58,,103771,25,,,0
1007200,'5460',659,,103772,25,,,0
1007200,'5461',659,,103773,25,,,0
1007200,'5462',659,,103774,25,,,0
1007200,'5463',659,,103775,25,,,0
