4901,'5456',645,,98683,24,,,0,111,,98682,24,,,0,99,,98681,24,,,0,171,,98680,24,,,0,200,,98679,24,,,0,126,,98684,24,,,0,185,,98686,24,,,0,104,,98687,24,,,0,93,,98689,24,,,0,105,,98685,24,,,0,194,,98688,24,,,0
4901,'5458',645,,98694,24,,,0,111,,98693,24,,,0,99,,98692,24,,,0,171,,98691,24,,,0,200,,98690,24,,,0,126,,98695,24,,,0,185,,98697,24,,,0,104,,98698,24,,,0,93,,98700,24,,,0,105,,98696,24,,,0,194,,98699,24,,,0
4901,'5459',643,,98705,24,,,0,204,,98706,24,,,0,253,,98707,24,,,0,202,,98702,24,,,0,210,,98703,24,,,0,208,,98704,24,,,0,193,,98701,24,,,0
4901,'5460',847,,98709,24,,,0,211,,98708,24,,,0,243,,98710,24,,,0,208,,98711,24,,,0,209,,98712,24,,,0,194,,98713,24,,,0
4901,'5461',847,,98715,24,,,0,211,,98714,24,,,0,243,,98716,24,,,0,208,,98717,24,,,0,209,,98718,24,,,0,194,,98719,24,,,0
4901,'5462',847,,98721,24,,,0,211,,98720,24,,,0,243,,98722,24,,,0,208,,98723,24,,,0,209,,98724,24,,,0,194,,98725,24,,,0
4901,'5463',847,,98727,24,,,0,211,,98726,24,,,0,243,,98728,24,,,0,208,,98729,24,,,0,209,,98730,24,,,0,194,,98731,24,,,0
5301,'5456',801,,99236,22,,,0,115,,99233,22,,,0,199,,99232,22,,,0,130,,99237,22,,,0,173,,99238,22,,,0,193,,99239,22,,,0,99,,99234,41,,,0,131,,99235,22,,,0,167,,99240,22,,,0,130,,99241,22,,,0
5301,'5458',801,,99246,22,,,0,115,,99243,22,,,0,199,,99242,22,,,0,130,,99247,22,,,0,173,,99248,22,,,0,193,,99249,22,,,0,99,,99244,41,,,0,131,,99245,22,,,0,167,,99250,22,,,0,130,,99251,22,,,0
5301,'5459',752,,99257,22,,,0,200,,99258,22,,,0,253,,99256,22,,,0,217,,99253,22,,,0,210,,99254,22,,,0,210,,99255,22,,,0,202,,99252,22,,,0
5301,'5460',752,,99262,22,,,0,200,,99259,22,,,0,252,,99260,22,,,0,218,,99263,22,,,0,210,,99261,22,,,0,210,,99264,22,,,0,202,,99265,22,,,0
5301,'5461',752,,99269,22,,,0,200,,99266,22,,,0,252,,99267,22,,,0,218,,99270,22,,,0,210,,99268,22,,,0,210,,99271,22,,,0,202,,99272,22,,,0
5301,'5462',752,,99276,22,,,0,200,,99273,22,,,0,252,,99274,22,,,0,218,,99277,22,,,0,210,,99275,22,,,0,210,,99278,22,,,0,202,,99279,22,,,0
5301,'5463',752,,99283,22,,,0,200,,99280,22,,,0,252,,99281,22,,,0,218,,99284,22,,,0,210,,99282,22,,,0,210,,99285,22,,,0,202,,99286,22,,,0
