2601,'4832',642,,70203,5,,,0,62,,70190,5,,,0,22,,70180,5,,,0,22,,70199,5,,,0,60,,70204,5,,,0,26,,83947,5,,,0,20,,70182,5,,,0,60,,70200,5,,,0,22,,70193,5,,,0,18,,70183,5,,,0,58,,70187,5,,,0,18,,83944,5,,,0,18,,70201,5,,,0,58,,70185,5,,,0,19,,70206,5,,,0,18,,70184,5,,,0,58,,83946,5,,,0,18,,83945,5,,,0,18,,70197,5,,,0,18,,70194,5,,,0,58,,70207,5,,,0,18,,70191,5,,,0,18,,83949,5,,,0,58,,83948,5,,,0,18,,70198,5,,,0,18,,70196,5,,,0,58,,70205,5,,,0,18,,70192,5,,,0,18,,83954,5,,,0,18,,83951,5,,,0,58,,70215,5,,,0,17,,70209,5,,,0,17,,70218,5,,,0,57,,70208,5,,,0,20,,83953,5,,,0,20,,83952,5,,,0,60,,70213,5,,,0,20,,83955,5,,,0,20,,83950,5,,,0,60,,70220,5,,,0,20,,70226,5,,,0,20,,70222,5,,,0,60,,83957,5,,,0,20,,83956,5,,,0,20,,70219,5,,,0,60,,70223,5,,,0,22,,70224,5,,,0,30,,70227,5,,,0,70,,70228,5,,,0,31,,70229,5,,,0,71,,70230,5,,,0
2601,'5453',642,,79747,5,,,0,62,,79734,5,,,0,22,,83958,5,,,0,22,,79743,5,,,0,60,,79748,5,,,0,26,,79733,5,,,0,20,,83960,5,,,0,60,,79744,5,,,0,22,,79737,5,,,0,18,,79727,5,,,0,58,,79731,5,,,0,18,,83959,5,,,0,18,,83970,5,,,0,58,,83962,5,,,0,19,,79750,5,,,0,18,,83961,5,,,0,58,,83963,5,,,0,18,,79730,5,,,0,18,,83968,5,,,0,18,,83966,5,,,0,58,,79751,5,,,0,18,,83964,5,,,0,18,,83971,5,,,0,58,,79739,5,,,0,18,,83969,5,,,0,18,,83967,5,,,0,58,,79749,5,,,0,18,,83965,5,,,0,18,,79760,5,,,0,18,,79755,5,,,0,58,,79759,5,,,0,17,,83973,5,,,0,17,,79762,5,,,0,57,,83972,5,,,0,20,,79758,5,,,0,20,,79756,5,,,0,60,,79757,5,,,0,20,,83975,5,,,0,20,,83974,5,,,0,60,,79764,5,,,0,20,,79770,5,,,0,20,,79766,5,,,0,60,,83978,5,,,0,20,,79765,5,,,0,20,,83976,5,,,0,60,,79767,5,,,0,22,,83977,5,,,0,30,,79771,5,,,0,70,,79772,5,,,0,31,,79773,5,,,0,71,,83979,5,,,0
2601,'5456',555,,95259,5,,,0,62,,95260,5,,,0,17,,95261,5,,,0,16,,95262,5,,,0,54,,95263,5,,,0,15,,95264,5,,,0,15,,95265,5,,,0,16,,95266,5,,,0,55,,95267,5,,,0,12,,95268,5,,,0,12,,95269,5,,,0,15,,95270,5,,,0,15,,95271,5,,,0,54,,95272,5,,,0,15,,95273,5,,,0,15,,95274,5,,,0,15,,95275,5,,,0,55,,95276,5,,,0,15,,95277,5,,,0,15,,95278,5,,,0,15,,95279,5,,,0,55,,95280,5,,,0,14,,95281,5,,,0,14,,95282,5,,,0,15,,95283,5,,,0,56,,95284,5,,,0,14,,95285,5,,,0,15,,95286,5,,,0,15,,95287,5,,,0,55,,95288,5,,,0,14,,95289,5,,,0,12,,95290,5,,,0,13,,95291,5,,,0,52,,95292,5,,,0,14,,95293,5,,,0,13,,95294,5,,,0,9,,95295,5,,,0,15,,95296,5,,,0,55,,95297,5,,,0,16,,95298,5,,,0,15,,95299,5,,,0,18,,95300,5,,,0,57,,95301,5,,,0,17,,95302,5,,,0,17,,95303,5,,,0,58,,95304,5,,,0,17,,95305,5,,,0,15,,95306,5,,,0,17,,95307,5,,,0,57,,95308,5,,,0,13,,95309,5,,,0,15,,95310,5,,,0,15,,95311,5,,,0,56,,95312,5,,,0,15,,95313,5,,,0,20,,95314,5,,,0,60,,95315,5,,,0,20,,95316,5,,,0,19,,95317,5,,,0,60,,95318,5,,,0,20,,95319,5,,,0,30,,95320,5,,,0,71,,95321,5,,,0,32,,95322,5,,,0,70,,95323,5,,,0,30,,95324,5,,,0,71,,95325,5,,,0
2601,'5458',555,,95326,5,,,0,62,,95327,5,,,0,17,,95328,5,,,0,16,,95329,5,,,0,54,,95330,5,,,0,15,,95331,5,,,0,15,,95332,5,,,0,16,,95333,5,,,0,55,,95334,5,,,0,12,,95335,5,,,0,12,,95336,5,,,0,15,,95337,5,,,0,15,,95338,5,,,0,54,,95339,5,,,0,15,,95340,5,,,0,15,,95341,5,,,0,15,,95342,5,,,0,55,,95343,5,,,0,15,,95344,5,,,0,15,,95345,5,,,0,15,,95346,5,,,0,55,,95347,5,,,0,14,,95348,5,,,0,14,,95349,5,,,0,15,,95350,5,,,0,56,,95351,5,,,0,14,,95352,5,,,0,15,,95353,5,,,0,15,,95354,5,,,0,55,,95355,5,,,0,14,,95356,5,,,0,12,,95357,5,,,0,13,,95358,5,,,0,52,,95359,5,,,0,14,,95360,5,,,0,13,,95361,5,,,0,9,,95362,5,,,0,15,,95363,5,,,0,55,,95364,5,,,0,16,,95365,5,,,0,15,,95366,5,,,0,18,,95367,5,,,0,57,,95368,5,,,0,17,,95369,5,,,0,17,,95370,5,,,0,58,,95371,5,,,0,17,,95372,5,,,0,15,,95373,5,,,0,17,,95374,5,,,0,57,,95375,5,,,0,13,,95376,5,,,0,15,,95377,5,,,0,15,,95378,5,,,0,56,,95379,5,,,0,15,,95380,5,,,0,20,,95381,5,,,0,60,,95382,5,,,0,20,,95383,5,,,0,19,,95384,5,,,0,60,,95385,5,,,0,20,,95386,5,,,0,30,,95387,5,,,0,71,,95388,5,,,0,32,,95389,5,,,0,70,,95390,5,,,0,30,,95391,5,,,0,71,,95392,5,,,0,30,,95393,5,,,0
2601,'5459',622,,95395,5,,,0,30,,95396,5,,,0,65,,95397,5,,,0,17,,95398,5,,,0,17,,95399,5,,,0,57,,95400,5,,,0,17,,95401,5,,,0,17,,95402,5,,,0,17,,95403,5,,,0,57,,95404,5,,,0,17,,95405,5,,,0,17,,95406,5,,,0,57,,95407,5,,,0,17,,95408,5,,,0,17,,95409,5,,,0,17,,95410,5,,,0,57,,95411,5,,,0,17,,95394,5,,,0,17,,95412,5,,,0,57,,95413,5,,,0,17,,95414,5,,,0,17,,95415,5,,,0,16,,95416,5,,,0,57,,95417,5,,,0,17,,95418,5,,,0,17,,95419,5,,,0,56,,95420,5,,,0,17,,95421,5,,,0,17,,95422,5,,,0,16,,95423,5,,,0,56,,95424,5,,,0,16,,95425,5,,,0,16,,95426,5,,,0,17,,95427,5,,,0,57,,95428,5,,,0,17,,95429,5,,,0,18,,95430,5,,,0,57,,95431,5,,,0,18,,95432,5,,,0,20,,95433,5,,,0,60,,95434,5,,,0,20,,95435,5,,,0,21,,95436,5,,,0,60,,95437,5,,,0,20,,95438,5,,,0,18,,95439,5,,,0,60,,95440,5,,,0,20,,95441,5,,,0,20,,95442,5,,,0,60,,95443,5,,,0,20,,95444,5,,,0,20,,95445,5,,,0,60,,95446,5,,,0,22,,95447,5,,,0,31,,95448,5,,,0,70,,95449,5,,,0,31,,95450,5,,,0,70,,95451,5,,,0,31,,95452,5,,,0
2601,'5460',642,,95476,5,,,0,62,,95463,5,,,0,22,,95453,5,,,0,22,,95472,5,,,0,60,,95477,5,,,0,26,,95462,5,,,0,20,,95455,5,,,0,60,,95473,5,,,0,22,,95466,5,,,0,18,,95456,5,,,0,58,,95460,5,,,0,18,,95454,5,,,0,18,,95474,5,,,0,58,,95458,5,,,0,19,,95479,5,,,0,18,,95457,5,,,0,58,,95461,5,,,0,18,,95459,5,,,0,18,,95470,5,,,0,18,,95467,5,,,0,58,,95480,5,,,0,18,,95464,5,,,0,18,,95475,5,,,0,58,,95468,5,,,0,18,,95471,5,,,0,18,,95469,5,,,0,58,,95478,5,,,0,18,,95465,5,,,0,18,,95489,5,,,0,18,,95484,5,,,0,58,,95488,5,,,0,17,,95482,5,,,0,17,,95491,5,,,0,57,,95481,5,,,0,20,,95487,5,,,0,20,,95485,5,,,0,60,,95486,5,,,0,20,,95490,5,,,0,20,,95483,5,,,0,60,,95493,5,,,0,20,,95499,5,,,0,20,,95495,5,,,0,60,,95498,5,,,0,20,,95494,5,,,0,20,,95492,5,,,0,60,,95496,5,,,0,22,,95497,5,,,0,30,,95500,5,,,0,70,,95501,5,,,0,31,,95502,5,,,0,71,,95503,5,,,0
2601,'5461',642,,95527,5,,,0,62,,95514,5,,,0,22,,95504,5,,,0,22,,95523,5,,,0,60,,95528,5,,,0,26,,95513,5,,,0,20,,95506,5,,,0,60,,95524,5,,,0,22,,95517,5,,,0,18,,95507,5,,,0,58,,95511,5,,,0,18,,95505,5,,,0,18,,95525,5,,,0,58,,95509,5,,,0,19,,95530,5,,,0,18,,95508,5,,,0,58,,95512,5,,,0,18,,95510,5,,,0,18,,95521,5,,,0,18,,95518,5,,,0,58,,95531,5,,,0,18,,95515,5,,,0,18,,95526,5,,,0,58,,95519,5,,,0,18,,95522,5,,,0,18,,95520,5,,,0,58,,95529,5,,,0,18,,95516,5,,,0,18,,95540,5,,,0,18,,95535,5,,,0,58,,95539,5,,,0,17,,95533,5,,,0,17,,95542,5,,,0,57,,95532,5,,,0,20,,95538,5,,,0,20,,95536,5,,,0,60,,95537,5,,,0,20,,95541,5,,,0,20,,95534,5,,,0,60,,95544,5,,,0,20,,95550,5,,,0,20,,95546,5,,,0,60,,95549,5,,,0,20,,95545,5,,,0,20,,95543,5,,,0,60,,95547,5,,,0,22,,95548,5,,,0,30,,95551,5,,,0,70,,95552,5,,,0,31,,95553,5,,,0,71,,95554,5,,,0
2601,'5462',642,,95578,5,,,0,62,,95565,5,,,0,22,,95555,5,,,0,22,,95574,5,,,0,60,,95579,5,,,0,26,,95564,5,,,0,20,,95557,5,,,0,60,,95575,5,,,0,22,,95568,5,,,0,18,,95558,5,,,0,58,,95562,5,,,0,18,,95556,5,,,0,18,,95576,5,,,0,58,,95560,5,,,0,19,,95581,5,,,0,18,,95559,5,,,0,58,,95563,5,,,0,18,,95561,5,,,0,18,,95572,5,,,0,18,,95569,5,,,0,58,,95582,5,,,0,18,,95566,5,,,0,18,,95577,5,,,0,58,,95570,5,,,0,18,,95573,5,,,0,18,,95571,5,,,0,58,,95580,5,,,0,18,,95567,5,,,0,18,,95591,5,,,0,18,,95586,5,,,0,58,,95590,5,,,0,17,,95584,5,,,0,17,,95593,5,,,0,57,,95583,5,,,0,20,,95589,5,,,0,20,,95587,5,,,0,60,,95588,5,,,0,20,,95592,5,,,0,20,,95585,5,,,0,60,,95595,5,,,0,20,,95601,5,,,0,20,,95597,5,,,0,60,,95600,5,,,0,20,,95596,5,,,0,20,,95594,5,,,0,60,,95598,5,,,0,22,,95599,5,,,0,30,,95602,5,,,0,70,,95603,5,,,0,31,,95604,5,,,0,71,,95605,5,,,0
2601,'5463',642,,95629,5,,,0,62,,95616,5,,,0,22,,95606,5,,,0,22,,95625,5,,,0,60,,95630,5,,,0,26,,95615,5,,,0,20,,95608,5,,,0,60,,95626,5,,,0,22,,95619,5,,,0,18,,95609,5,,,0,58,,95613,5,,,0,18,,95607,5,,,0,18,,95627,5,,,0,58,,95611,5,,,0,19,,95632,5,,,0,18,,95610,5,,,0,58,,95614,5,,,0,18,,95612,5,,,0,18,,95623,5,,,0,18,,95620,5,,,0,58,,95633,5,,,0,18,,95617,5,,,0,18,,95628,5,,,0,58,,95621,5,,,0,18,,95624,5,,,0,18,,95622,5,,,0,58,,95631,5,,,0,18,,95618,5,,,0,18,,95642,5,,,0,18,,95637,5,,,0,58,,95641,5,,,0,17,,95635,5,,,0,17,,95644,5,,,0,57,,95634,5,,,0,20,,95640,5,,,0,20,,95638,5,,,0,60,,95639,5,,,0,20,,95643,5,,,0,20,,95636,5,,,0,60,,95646,5,,,0,20,,95652,5,,,0,20,,95648,5,,,0,60,,95651,5,,,0,20,,95647,5,,,0,20,,95645,5,,,0,60,,95649,5,,,0,22,,95650,5,,,0,30,,95653,5,,,0,70,,95654,5,,,0,31,,95655,5,,,0,71,,95656,5,,,0
3901,'4832',741,,72570,5,0,28 29 14,0,99,,72569,5,0,28 29 14,0,99,,72568,5,0,28 29 14,0,100,,72571,5,0,28 29 14,0,100,,72572,5,0,28 29 14,0,100,,72573,5,0,28 29 14,0,99,,72576,5,0,28 29 14,0,100,,72577,5,0,28 29 14,0,100,,72575,5,0,28 29 14,0,100,,84785,5,0,28 29 14,0,100,,84786,5,0,28 29 14,0,102,,84787,5,0,28 29 14,0,100,,72580,5,0,28 29 14,0
3901,'5453',741,,84788,5,0,28 29 14,0,99,,80712,5,0,28 29 14,0,99,,80711,5,0,28 29 14,0,100,,80714,5,0,28 29 14,0,100,,80715,5,0,28 29 14,0,100,,80716,5,0,28 29 14,0,99,,80719,5,0,28 29 14,0,100,,80720,5,0,28 29 14,0,100,,80718,5,0,28 29 14,0,100,,84789,5,0,28 29 14,0,100,,80721,5,0,28 29 14,0,102,,84790,5,0,28 29 14,0,100,,80723,5,0,28 29 14,0
3901,'5456',611,,98227,5,,,0,32,,98218,5,,,0,74,,98228,5,,,0,13,,98219,5,,,0,12,,98211,5,,,0,13,,98201,5,,,0,56,,98210,5,,,0,15,,98221,5,,,0,24,,98220,5,,,0,67,,98198,5,,,0,30,,98212,5,,,0,70,,98222,5,,,0,30,,98203,5,,,0,70,,98197,5,,,0,30,,98204,5,,,0,70,,98223,5,,,0,30,,98205,5,,,0,70,,98199,5,,,0,31,,98206,5,,,0,70,,98224,5,,,0,18,,98196,5,,,0,16,,98190,5,,,0,57,,98207,5,,,0,8,,98189,5,0,28 29 14,0,7,,98200,5,,,0,18,,98225,5,,,0,15,,98188,5,,,0,55,,98194,5,,,0,16,,98191,5,,,0,16,,98209,5,,,0,15,,98208,5,,,0,57,,98226,5,,,0,18,,98195,5,,,0,20,,98192,5,,,0,60,,98213,5,,,0,19,,98202,5,,,0,20,,98217,5,,,0,60,,98193,5,,,0,22,,98214,5,,,0,108,,98216,5,,,0,107,,98215,5,0,28 29 14,0
3901,'5458',611,,98268,5,,,0,32,,98259,5,,,0,74,,98269,5,,,0,13,,98260,5,,,0,12,,98252,5,,,0,13,,98242,5,,,0,56,,98251,5,,,0,15,,98262,5,,,0,24,,98261,5,,,0,67,,98239,5,,,0,30,,98253,5,,,0,70,,98263,5,,,0,30,,98244,5,,,0,70,,98238,5,,,0,30,,98245,5,,,0,70,,98264,5,,,0,30,,98246,5,,,0,70,,98240,5,,,0,31,,98247,5,,,0,70,,98265,5,,,0,18,,98237,5,,,0,16,,98231,5,,,0,57,,98248,5,,,0,8,,98230,5,0,28 29 14,0,7,,98241,5,,,0,18,,98266,5,,,0,15,,98229,5,,,0,55,,98235,5,,,0,16,,98232,5,,,0,16,,98250,5,,,0,15,,98249,5,,,0,57,,98267,5,,,0,18,,98236,5,,,0,20,,98233,5,,,0,60,,98254,5,,,0,19,,98243,5,,,0,20,,98258,5,,,0,60,,98234,5,,,0,22,,98255,5,,,0,108,,98257,5,,,0,107,,98256,5,0,28 29 14,0
3901,'5459',740,,98272,5,0,28 29 14,0,100,,98275,5,0,28 29 14,0,100,,98280,5,0,28 29 14,0,99,,98270,5,0,28 29 14,0,99,,98273,5,0,28 29 14,0,100,,98276,5,0,28 29 14,0,100,,98281,5,0,28 29 14,0,100,,98271,5,0,28 29 14,0,100,,98274,5,0,28 29 14,0,100,,98277,5,0,28 29 14,0,102,,98282,5,0,28 29 14,0,100,,98278,5,0,28 29 14,0,100,,98279,5,0,28 29 14,0
3901,'5460',741,,98285,5,0,28 29 14,0,99,,98284,5,0,28 29 14,0,99,,98283,5,0,28 29 14,0,100,,98286,5,0,28 29 14,0,100,,98287,5,0,28 29 14,0,100,,98288,5,0,28 29 14,0,99,,98291,5,0,28 29 14,0,100,,98292,5,0,28 29 14,0,100,,98290,5,0,28 29 14,0,100,,98289,5,0,28 29 14,0,100,,98293,5,0,28 29 14,0,102,,98294,5,0,28 29 14,0,100,,98295,5,0,28 29 14,0
3901,'5461',741,,98298,5,0,28 29 14,0,99,,98297,5,0,28 29 14,0,99,,98296,5,0,28 29 14,0,100,,98299,5,0,28 29 14,0,100,,98300,5,0,28 29 14,0,100,,98301,5,0,28 29 14,0,99,,98304,5,0,28 29 14,0,100,,98305,5,0,28 29 14,0,100,,98303,5,0,28 29 14,0,100,,98302,5,0,28 29 14,0,100,,98306,5,0,28 29 14,0,102,,98307,5,0,28 29 14,0,100,,98308,5,0,28 29 14,0
3901,'5462',741,,98311,5,0,28 29 14,0,99,,98310,5,0,28 29 14,0,99,,98309,5,0,28 29 14,0,100,,98312,5,0,28 29 14,0,100,,98313,5,0,28 29 14,0,100,,98314,5,0,28 29 14,0,99,,98317,5,0,28 29 14,0,100,,98318,5,0,28 29 14,0,100,,98316,5,0,28 29 14,0,100,,98315,5,0,28 29 14,0,100,,98319,5,0,28 29 14,0,102,,98320,5,0,28 29 14,0,100,,98321,5,0,28 29 14,0
3901,'5463',741,,98324,5,0,28 29 14,0,99,,98323,5,0,28 29 14,0,99,,98322,5,0,28 29 14,0,100,,98325,5,0,28 29 14,0,100,,98326,5,0,28 29 14,0,100,,98327,5,0,28 29 14,0,99,,98330,5,0,28 29 14,0,100,,98331,5,0,28 29 14,0,100,,98329,5,0,28 29 14,0,100,,98328,5,0,28 29 14,0,100,,98332,5,0,28 29 14,0,102,,98333,5,0,28 29 14,0,100,,98334,5,0,28 29 14,0
4001,'4832',723,,72753,5,,,0,131,,72752,5,,,0,100,,84872,5,,,0,100,,72755,5,,,0,101,,72757,5,,,0,100,,72756,5,,,0,100,,84876,5,,,0,100,,84874,5,,,0,100,,84875,5,,,0,99,,84873,5,,,0,100,,72763,5,,,0,100,,84877,5,,,0,100,,72764,5,,,0
4001,'5453',723,,80745,5,,,0,131,,80744,5,,,0,100,,80746,5,,,0,100,,80747,5,,,0,101,,80749,5,,,0,100,,80748,5,,,0,100,,84881,5,,,0,100,,84879,5,,,0,100,,84880,5,,,0,99,,84878,5,,,0,100,,80755,5,,,0,100,,84882,5,,,0,100,,80756,5,,,0
4001,'5456',556,,98453,5,,,0,95,,98451,5,,,0,67,,98452,5,,,0,92,,98450,5,,,0,99,,98446,5,,,0,98,,98444,5,,,0,100,,98449,5,,,0,101,,98439,5,,,0,100,,98445,5,,,0,100,,98438,5,,,0,106,,98448,5,,,0,36,,98436,5,,,0,76,,98437,5,,,0,74,,98435,5,,,0,34,,98447,5,,,0,86,,98441,5,,,0,95,,98443,5,,,0,100,,98440,5,,,0,124,,98442,5,,,0
4001,'5458',556,,98472,5,,,0,95,,98470,5,,,0,67,,98471,5,,,0,92,,98469,5,,,0,99,,98465,5,,,0,98,,98463,5,,,0,100,,98468,5,,,0,101,,98458,5,,,0,100,,98464,5,,,0,100,,98457,5,,,0,106,,98467,5,,,0,36,,98455,5,,,0,76,,98456,5,,,0,74,,98454,5,,,0,34,,98466,5,,,0,86,,98460,5,,,0,95,,98462,5,,,0,100,,98459,5,,,0,124,,98461,5,,,0
4001,'5459',629,,98482,5,,,0,125,,98485,5,,,0,100,,98473,5,,,0,100,,98475,5,,,0,101,,98481,5,,,0,100,,98483,5,,,0,100,,98474,5,,,0,100,,98476,5,,,0,100,,98479,5,,,0,100,,98484,5,,,0,100,,98477,5,,,0,100,,98478,5,,,0,99,,98480,5,,,0,100,,98486,5,,,0,170,,98487,5,,,0
4001,'5460',723,,98489,5,,,0,131,,98488,5,,,0,100,,98490,5,,,0,100,,98491,5,,,0,101,,98493,5,,,0,100,,98492,5,,,0,100,,98497,5,,,0,100,,98495,5,,,0,100,,98496,5,,,0,99,,98494,5,,,0,100,,98499,5,,,0,100,,98498,5,,,0,100,,98500,5,,,0
4001,'5461',723,,98502,5,,,0,131,,98501,5,,,0,100,,98503,5,,,0,100,,98504,5,,,0,101,,98506,5,,,0,100,,98505,5,,,0,100,,98510,5,,,0,100,,98508,5,,,0,100,,98509,5,,,0,99,,98507,5,,,0,100,,98512,5,,,0,100,,98511,5,,,0,100,,98513,5,,,0
4001,'5462',723,,98515,5,,,0,131,,98514,5,,,0,100,,98516,5,,,0,100,,98517,5,,,0,101,,98519,5,,,0,100,,98518,5,,,0,100,,98523,5,,,0,100,,98521,5,,,0,100,,98522,5,,,0,99,,98520,5,,,0,100,,98525,5,,,0,100,,98524,5,,,0,100,,98526,5,,,0
4001,'5463',723,,98528,5,,,0,131,,98527,5,,,0,100,,98529,5,,,0,100,,98530,5,,,0,101,,98532,5,,,0,100,,98531,5,,,0,100,,98536,5,,,0,100,,98534,5,,,0,100,,98535,5,,,0,99,,98533,5,,,0,100,,98538,5,,,0,100,,98537,5,,,0,100,,98539,5,,,0
1002601,'5456',1424,,103737,5,,,0,11,,103738,5,,,0,14,,103739,5,,,0,52,,103740,5,,,0,14,,103741,3,,,0,4,,103742,5,,,0,12,,103743,5,,,0,15,,103744,5,,,0,58,,103745,5,,,0,18,,103746,5,,,0,17,,103736,5,,,0,17,,103747,5,,,0,59,,103748,5,,,0,15,,103749,5,,,0,17,,103750,5,,,0,54,,103751,5,,,0
1002601,'5458',1358,,103753,3,,,0,66,,103754,5,,,0,11,,103755,5,,,0,14,,103756,5,,,0,52,,103757,5,,,0,18,,103758,5,,,0,12,,103759,5,,,0,15,,103760,5,,,0,58,,103761,5,,,0,18,,103762,5,,,0,17,,103752,5,,,0,17,,103763,5,,,0,59,,103764,5,,,0,15,,103765,5,,,0,17,,103766,5,,,0,54,,103767,5,,,0
