3800,'5456',615,,97941,19,,,0,22,,97943,19,,,0,16,,97945,19,,,0,53,,97948,19,,,0,15,,97949,19,,,0,17,,97951,19,,,0,71,,97944,19,,,0,43,,97946,19,,,0,70,,97947,19,,,0,98,,97953,19,,,0,100,,97950,19,,,0,102,,97954,19,,,0,26,,97965,19,0,55 14,0,77,,97952,19,,,0,31,,97966,19,0,55 14,0,64,,97955,19,,,0,80,,97956,19,,,0,31,,97961,19,,,0,71,,97957,19,,,0,33,,97964,19,,,0,72,,97958,19,,,0,32,,97959,19,,,0,81,,97962,19,,,0,103,,97960,19,,,0,104,,97963,19,,,0
3800,'5458',615,,97967,19,,,0,22,,97969,19,,,0,16,,97971,19,,,0,53,,97974,19,,,0,15,,97975,19,,,0,17,,97977,19,,,0,71,,97970,19,,,0,43,,97972,19,,,0,70,,97973,19,,,0,98,,97979,19,,,0,100,,97976,19,,,0,102,,97980,19,,,0,26,,97991,19,0,55 14,0,77,,97978,19,,,0,31,,97992,19,0,55 14,0,64,,97981,19,,,0,80,,97982,19,,,0,31,,97987,19,,,0,71,,97983,19,,,0,33,,97990,19,,,0,72,,97984,19,,,0,32,,97985,19,,,0,81,,97988,19,,,0,103,,97986,19,,,0,104,,97989,19,,,0
4300,'5456',709,,98541,7,,,0,733,,98540,7,,,0,370,,98542,7,,,0
4300,'5458',709,,98544,7,,,0,733,,98543,7,,,0,370,,98545,7,,,0
4800,'5456',638,,98610,38,,,0,66,,98611,38,,,0,28,,98612,38,,,0
4800,'5458',638,,98613,38,,,0,66,,98614,38,,,0,28,,98615,38,,,0
5200,'4832',726,,85078,50,,,0,32,,85060,50,,,0,81,,85063,50,,,0,72,,85077,50,,,0,32,,85071,50,,,0,72,,85059,50,,,0,32,,85062,50,,,0,72,,85073,50,,,0,31,,85067,50,,,0,72,,85058,50,,,0,33,,85061,50,,,0,70,,85076,50,,,0,31,,85069,50,,,0,78,,85057,50,,,0,70,,85065,50,,,0,34,,85075,50,,,0,73,,85068,50,,,0,33,,85084,50,,,0,68,,85064,50,,,0,30,,85074,50,,,0,68,,85070,50,,,0,30,,85072,50,,,0,68,,85066,50,,,0,29,,85080,50,,,0,79,,85079,50,,,0,99,,85081,50,,,0,98,,85083,50,,,0,106,,85082,50,,,0
5200,'5453',726,,85106,50,,,0,32,,85088,50,,,0,81,,85091,50,,,0,72,,85105,50,,,0,32,,85099,50,,,0,72,,85087,50,,,0,32,,85090,50,,,0,72,,85101,50,,,0,31,,85095,50,,,0,72,,85086,50,,,0,33,,85089,50,,,0,70,,85104,50,,,0,31,,85097,50,,,0,78,,85085,50,,,0,70,,85093,50,,,0,34,,85103,50,,,0,73,,85096,50,,,0,33,,85112,50,,,0,68,,85092,50,,,0,30,,85102,50,,,0,68,,85098,50,,,0,30,,85100,50,,,0,68,,85094,50,,,0,29,,85108,50,,,0,79,,85107,50,,,0,99,,85109,50,,,0,98,,85111,50,,,0,106,,85110,50,,,0
5200,'5456',523,,98732,50,,,0,31,,98736,50,,,0,71,,98734,50,,,0,23,,98745,50,,,0,62,,98733,51,,,0,24,,98762,51,,,0,70,,98735,51,,,0,26,,98763,50,,,0,9,,98737,51,,,0,15,,98764,50,,,0,51,,98744,51,,,0,26,,98738,50,,,0,70,,98758,50,,,0,26,,98739,50,,,0,30,,98740,50,,,0,75,,98741,50,,,0,71,,98759,50,,,0,32,,98742,50,,,0,70,,98743,50,,,0,36,,98746,50,,,0,75,,98760,51,,,0,37,,98747,51,,,0,72,,98748,51,,,0,19,,98770,15,,,0,14,,98765,51,,,0,69,,98749,51,,,0,29,,98761,51,,,0,67,,98750,51,,,0,28,,98751,50,,,0,71,,98766,50,,,0,30,,98752,50,,,0,73,,98753,50,,,0,29,,98754,50,,,0,69,,98767,50,,,0,26,,98755,50,,,0,72,,98756,50,,,0,96,,98769,50,,,0,98,,98757,50,,,0,103,,98768,50,,,0
5200,'5458',523,,98771,50,,,0,31,,98775,50,,,0,71,,98773,50,,,0,23,,98784,50,,,0,62,,98772,51,,,0,24,,98801,51,,,0,70,,98774,51,,,0,26,,98802,50,,,0,9,,98776,51,,,0,15,,98803,50,,,0,51,,98783,51,,,0,26,,98777,50,,,0,70,,98797,50,,,0,26,,98778,50,,,0,30,,98779,50,,,0,75,,98780,50,,,0,71,,98798,50,,,0,32,,98781,50,,,0,70,,98782,50,,,0,36,,98785,50,,,0,75,,98799,51,,,0,31,,98809,15,,,0,6,,98786,51,,,0,72,,98787,51,,,0,33,,98804,51,,,0,69,,98788,51,,,0,29,,98800,51,,,0,67,,98789,51,,,0,28,,98790,50,,,0,71,,98805,50,,,0,30,,98791,50,,,0,73,,98792,50,,,0,29,,98793,50,,,0,69,,98806,50,,,0,26,,98794,50,,,0,72,,98795,50,,,0,96,,98808,50,,,0,98,,98796,50,,,0,103,,98807,50,,,0
5200,'5459',656,,98827,50,,,0,70,,98826,50,,,0,81,,98821,50,,,0,35,,98829,50,,,0,72,,98824,50,,,0,33,,98810,50,,,0,70,,98817,50,,,0,30,,98836,50,,,0,72,,98815,50,,,0,35,,98812,50,,,0,74,,98818,50,,,0,72,,98838,50,,,0,35,,98813,50,,,0,73,,98811,50,,,0,36,,98820,50,,,0,66,,98837,50,,,0,34,,98816,50,,,0,72,,98823,50,,,0,35,,98819,50,,,0,68,,98834,50,,,0,30,,98814,50,,,0,68,,98825,50,,,0,22,,98831,50,,,0,64,,98822,50,,,0,24,,98830,50,,,0,24,,98833,50,,,0,68,,98832,50,,,0,28,,98828,50,,,0,70,,98835,50,,,0,100,,98839,50,,,0,93,,98840,50,,,0,108,,98841,50,,,0
5200,'5460',726,,98863,50,,,0,32,,98845,50,,,0,81,,98848,50,,,0,72,,98862,50,,,0,32,,98856,50,,,0,72,,98844,50,,,0,32,,98847,50,,,0,72,,98858,50,,,0,31,,98852,50,,,0,72,,98843,50,,,0,33,,98846,50,,,0,70,,98861,50,,,0,31,,98854,50,,,0,78,,98842,50,,,0,70,,98850,50,,,0,34,,98860,50,,,0,73,,98853,50,,,0,33,,98869,50,,,0,68,,98849,50,,,0,30,,98859,50,,,0,68,,98855,50,,,0,30,,98857,50,,,0,68,,98851,50,,,0,29,,98865,50,,,0,79,,98864,50,,,0,99,,98866,50,,,0,98,,98868,50,,,0,106,,98867,50,,,0
5200,'5461',726,,98891,50,,,0,32,,98873,50,,,0,81,,98876,50,,,0,72,,98890,50,,,0,32,,98884,50,,,0,72,,98872,50,,,0,32,,98875,50,,,0,72,,98886,50,,,0,31,,98880,50,,,0,72,,98871,50,,,0,33,,98874,50,,,0,70,,98889,50,,,0,31,,98882,50,,,0,78,,98870,50,,,0,70,,98878,50,,,0,34,,98888,50,,,0,73,,98881,50,,,0,33,,98897,50,,,0,68,,98877,50,,,0,30,,98887,50,,,0,68,,98883,50,,,0,30,,98885,50,,,0,68,,98879,50,,,0,29,,98893,50,,,0,79,,98892,50,,,0,99,,98894,50,,,0,98,,98896,50,,,0,106,,98895,50,,,0
5200,'5462',726,,98919,50,,,0,32,,98901,50,,,0,81,,98904,50,,,0,72,,98918,50,,,0,32,,98912,50,,,0,72,,98900,50,,,0,32,,98903,50,,,0,72,,98914,50,,,0,31,,98908,50,,,0,72,,98899,50,,,0,33,,98902,50,,,0,70,,98917,50,,,0,31,,98910,50,,,0,78,,98898,50,,,0,70,,98906,50,,,0,34,,98916,50,,,0,73,,98909,50,,,0,33,,98925,50,,,0,68,,98905,50,,,0,30,,98915,50,,,0,68,,98911,50,,,0,30,,98913,50,,,0,68,,98907,50,,,0,29,,98921,50,,,0,79,,98920,50,,,0,99,,98922,50,,,0,98,,98924,50,,,0,106,,98923,50,,,0
5200,'5463',726,,98947,50,,,0,32,,98929,50,,,0,81,,98932,50,,,0,72,,98946,50,,,0,32,,98940,50,,,0,72,,98928,50,,,0,32,,98931,50,,,0,72,,98942,50,,,0,31,,98936,50,,,0,72,,98927,50,,,0,33,,98930,50,,,0,70,,98945,50,,,0,31,,98938,50,,,0,78,,98926,50,,,0,70,,98934,50,,,0,34,,98944,50,,,0,73,,98937,50,,,0,33,,98953,50,,,0,68,,98933,50,,,0,30,,98943,50,,,0,68,,98939,50,,,0,30,,98941,50,,,0,68,,98935,50,,,0,29,,98949,50,,,0,79,,98948,50,,,0,99,,98950,50,,,0,98,,98952,50,,,0,106,,98951,50,,,0
6100,'5456',548,,100420,58,,,0,79,,100418,58,,,0,13,,100419,58,,,0,61,,100412,58,,,0,23,,100411,58,,,0,19,,100406,58,,,0,59,,100405,58,,,0,27,,100404,58,,,0
6100,'5458',548,,100459,58,,,0,79,,100457,58,,,0,13,,100458,58,,,0,61,,100451,58,,,0,23,,100450,58,,,0,19,,100445,58,,,0,59,,100444,58,,,0,27,,100443,58,,,0
