1500,'5456',521,,92696,2,,,0,19,,92697,2,,,0,19,,92698,2,,,0,55,,92699,2,,,0,16,,92700,2,,,0,16,,92701,2,,,0,55,,92702,2,,,0,14,,92703,2,,,0,13,,92704,2,,,0,12,,92705,2,,,0,11,,92706,2,,,0,50,,92707,2,,,0,11,,92708,2,,,0,11,,92709,2,,,0,11,,92710,2,,,0,11,,92711,2,,,0,12,,92712,2,,,0,52,,92713,2,,,0,11,,92714,2,,,0,14,,92715,2,,,0,15,,92716,2,,,0,55,,92717,2,,,0,15,,92718,2,,,0,15,,92719,2,,,0,15,,92720,2,,,0,55,,92721,2,,,0,15,,92722,2,,,0,14,,92723,2,,,0,15,,92724,2,,,0,55,,92725,2,,,0,15,,92726,2,,,0,15,,92727,2,,,0,15,,92728,2,,,0,55,,92729,2,,,0,15,,92730,2,,,0,15,,92731,2,,,0,15,,92732,2,,,0,55,,92733,2,,,0,15,,92734,2,,,0,15,,92735,2,,,0,15,,92736,2,,,0,54,,92737,2,,,0,13,,92738,2,,,0,15,,92739,2,,,0,15,,92740,2,,,0,55,,92741,2,,,0,15,,92742,2,,,0,16,,92743,2,,,0,15,,92744,2,,,0,55,,92745,2,,,0,17,,92746,2,,,0,15,,92747,2,,,0,15,,92748,2,,,0,55,,92749,2,,,0,18,,92750,2,,,0,15,,92751,2,,,0,15,,92752,2,,,0,55,,92753,2,,,0,15,,92754,2,,,0,20,,92755,2,,,0,60,,92756,2,,,0,20,,92757,2,,,0,20,,92758,2,,,0,62,,92759,2,,,0,20,,92760,2,,,0,20,,92761,2,,,0,60,,92762,2,,,0,25,,92763,2,,,0,30,,92764,2,,,0,71,,92765,2,,,0,30,,92766,2,,,0,70,,92767,2,,,0
1500,'5458',521,,92769,2,,,0,19,,92770,2,,,0,19,,92771,2,,,0,55,,92772,2,,,0,16,,92773,2,,,0,16,,92774,2,,,0,55,,92775,2,,,0,14,,92776,2,,,0,13,,92777,2,,,0,12,,92778,2,,,0,11,,92779,2,,,0,50,,92780,2,,,0,11,,92781,2,,,0,11,,92782,2,,,0,11,,92783,2,,,0,11,,92784,2,,,0,12,,92785,2,,,0,52,,92786,2,,,0,11,,92787,2,,,0,14,,92788,2,,,0,15,,92789,2,,,0,55,,92790,2,,,0,15,,92791,2,,,0,15,,92792,2,,,0,15,,92793,2,,,0,55,,92794,2,,,0,15,,92795,2,,,0,14,,92796,2,,,0,15,,92797,2,,,0,55,,92798,2,,,0,15,,92799,2,,,0,15,,92800,2,,,0,15,,92801,2,,,0,55,,92802,2,,,0,15,,92803,2,,,0,15,,92804,2,,,0,15,,92805,2,,,0,55,,92806,2,,,0,15,,92807,2,,,0,15,,92808,2,,,0,15,,92809,2,,,0,54,,92810,2,,,0,13,,92811,2,,,0,15,,92812,2,,,0,15,,92813,2,,,0,55,,92814,2,,,0,15,,92815,2,,,0,16,,92816,2,,,0,15,,92817,2,,,0,55,,92818,2,,,0,17,,92819,2,,,0,15,,92820,2,,,0,15,,92821,2,,,0,55,,92822,2,,,0,18,,92823,2,,,0,15,,92824,2,,,0,15,,92825,2,,,0,55,,92826,2,,,0,15,,92827,2,,,0,20,,92828,2,,,0,60,,92829,2,,,0,20,,92830,2,,,0,20,,92831,2,,,0,62,,92832,2,,,0,20,,92833,2,,,0,20,,92834,2,,,0,60,,92835,2,,,0,25,,92836,2,,,0,30,,92837,2,,,0,71,,92838,2,,,0,30,,92839,2,,,0,70,,92840,2,,,0,30,,92841,2,,,0,70,,92842,2,,,0,30,,92843,2,,,0,70,,92844,2,,,0
1500,'5459',619,,92902,2,,,0,25,,92889,2,,,0,61,,92887,2,,,0,19,,92888,2,,,0,16,,92864,2,,,0,15,,92900,2,,,0,55,,92882,2,,,0,14,,92861,2,,,0,14,,92886,2,,,0,15,,92885,2,,,0,54,,92863,2,,,0,15,,92901,2,,,0,15,,92883,2,,,0,15,,92862,2,,,0,55,,92884,2,,,0,15,,92881,2,,,0,15,,92856,2,,,0,15,,92860,2,,,0,55,,92899,2,,,0,15,,92880,2,,,0,16,,92859,2,,,0,15,,92879,2,,,0,55,,92878,2,,,0,15,,92858,2,,,0,15,,92857,2,,,0,15,,92898,2,,,0,54,,92877,2,,,0,15,,92855,2,,,0,16,,92875,2,,,0,15,,92876,2,,,0,55,,92853,2,,,0,15,,92854,2,,,0,16,,92897,2,,,0,15,,92874,2,,,0,55,,92852,2,,,0,15,,92873,2,,,0,16,,92872,2,,,0,15,,92850,2,,,0,55,,92851,2,,,0,15,,92896,2,,,0,14,,92871,2,,,0,15,,92846,2,,,0,56,,92867,2,,,0,15,,92869,2,,,0,15,,92848,2,,,0,15,,92849,2,,,0,55,,92895,2,,,0,14,,92868,2,,,0,15,,92847,2,,,0,15,,92866,2,,,0,55,,92870,2,,,0,16,,92865,2,,,0,19,,92892,2,,,0,60,,92893,2,,,0,20,,92894,2,,,0,20,,92891,2,,,0,60,,92890,2,,,0,20,,92904,2,,,0,20,,92903,2,,,0,60,,92905,2,,,0,24,,92906,2,,,0,30,,92907,2,,,0,72,,92908,2,,,0,70,,92909,2,,,0,30,,92910,2,,,0,29,,92911,2,,,0,69,,92912,2,,,0,30,,92913,2,,,0,70,,92914,2,,,0
1500,'5460',641,,92955,2,,,0,70,,92954,2,,,0,28,,92930,2,,,0,20,,92933,2,,,0,57,,92971,2,,,0,15,,92920,2,,,0,15,,92932,2,,,0,55,,92919,2,,,0,15,,92915,2,,,0,15,,92934,2,,,0,15,,92924,2,,,0,55,,92936,2,,,0,15,,92916,2,,,0,15,,92921,2,,,0,15,,92917,2,,,0,54,,92918,2,,,0,15,,92939,2,,,0,15,,92928,2,,,0,15,,92937,2,,,0,55,,92925,2,,,0,15,,92927,2,,,0,15,,92922,2,,,0,14,,92923,2,,,0,15,,92940,2,,,0,55,,92929,2,,,0,15,,92941,2,,,0,15,,92926,2,,,0,15,,92942,2,,,0,55,,92943,2,,,0,15,,92938,2,,,0,15,,92953,2,,,0,15,,92949,2,,,0,55,,92947,2,,,0,15,,92945,2,,,0,15,,92950,2,,,0,15,,92952,2,,,0,55,,92946,2,,,0,15,,92948,2,,,0,15,,92951,2,,,0,15,,92944,2,,,0,55,,92931,2,,,0,15,,92935,2,,,0,16,,92959,2,,,0,56,,92958,2,,,0,15,,92957,2,,,0,15,,92961,2,,,0,15,,92966,2,,,0,60,,92963,2,,,0,20,,92956,2,,,0,20,,92962,2,,,0,60,,92965,2,,,0,27,,92964,2,,,0,69,,92960,2,,,0,30,,92967,2,,,0,71,,92968,2,,,0,30,,92970,2,,,0,70,,92969,2,,,0
1500,'5461',641,,93012,2,,,0,70,,93011,2,,,0,28,,92987,2,,,0,20,,92990,2,,,0,57,,93028,2,,,0,15,,92977,2,,,0,15,,92989,2,,,0,55,,92976,2,,,0,15,,92972,2,,,0,15,,92991,2,,,0,15,,92981,2,,,0,55,,92993,2,,,0,15,,92973,2,,,0,15,,92978,2,,,0,15,,92974,2,,,0,54,,92975,2,,,0,15,,92996,2,,,0,15,,92985,2,,,0,15,,92994,2,,,0,55,,92982,2,,,0,15,,92984,2,,,0,15,,92979,2,,,0,14,,92980,2,,,0,15,,92997,2,,,0,55,,92986,2,,,0,15,,92998,2,,,0,15,,92983,2,,,0,15,,92999,2,,,0,55,,93000,2,,,0,15,,92995,2,,,0,15,,93010,2,,,0,15,,93006,2,,,0,55,,93004,2,,,0,15,,93002,2,,,0,15,,93007,2,,,0,15,,93009,2,,,0,55,,93003,2,,,0,15,,93005,2,,,0,15,,93008,2,,,0,15,,93001,2,,,0,55,,92988,2,,,0,15,,92992,2,,,0,16,,93016,2,,,0,56,,93015,2,,,0,15,,93014,2,,,0,15,,93018,2,,,0,15,,93023,2,,,0,60,,93020,2,,,0,20,,93013,2,,,0,20,,93019,2,,,0,60,,93022,2,,,0,27,,93021,2,,,0,69,,93017,2,,,0,30,,93024,2,,,0,71,,93025,2,,,0,30,,93027,2,,,0,70,,93026,2,,,0
1500,'5462',641,,93069,2,,,0,70,,93068,2,,,0,28,,93044,2,,,0,20,,93047,2,,,0,57,,93085,2,,,0,15,,93034,2,,,0,15,,93046,2,,,0,55,,93033,2,,,0,15,,93029,2,,,0,15,,93048,2,,,0,15,,93038,2,,,0,55,,93050,2,,,0,15,,93030,2,,,0,15,,93035,2,,,0,15,,93031,2,,,0,54,,93032,2,,,0,15,,93053,2,,,0,15,,93042,2,,,0,15,,93051,2,,,0,55,,93039,2,,,0,15,,93041,2,,,0,15,,93036,2,,,0,14,,93037,2,,,0,15,,93054,2,,,0,55,,93043,2,,,0,15,,93055,2,,,0,15,,93040,2,,,0,15,,93056,2,,,0,55,,93057,2,,,0,15,,93052,2,,,0,15,,93067,2,,,0,15,,93063,2,,,0,55,,93061,2,,,0,15,,93059,2,,,0,15,,93064,2,,,0,15,,93066,2,,,0,55,,93060,2,,,0,15,,93062,2,,,0,15,,93065,2,,,0,15,,93058,2,,,0,55,,93045,2,,,0,15,,93049,2,,,0,16,,93073,2,,,0,56,,93072,2,,,0,15,,93071,2,,,0,15,,93075,2,,,0,15,,93080,2,,,0,60,,93077,2,,,0,20,,93070,2,,,0,20,,93076,2,,,0,60,,93079,2,,,0,27,,93078,2,,,0,69,,93074,2,,,0,30,,93081,2,,,0,71,,93082,2,,,0,30,,93084,2,,,0,70,,93083,2,,,0
1500,'5463',641,,93126,2,,,0,70,,93125,2,,,0,28,,93101,2,,,0,20,,93104,2,,,0,57,,93142,2,,,0,15,,93091,2,,,0,15,,93103,2,,,0,55,,93090,2,,,0,15,,93086,2,,,0,15,,93105,2,,,0,15,,93095,2,,,0,55,,93107,2,,,0,15,,93087,2,,,0,15,,93092,2,,,0,15,,93088,2,,,0,54,,93089,2,,,0,15,,93110,2,,,0,15,,93099,2,,,0,15,,93108,2,,,0,55,,93096,2,,,0,15,,93098,2,,,0,15,,93093,2,,,0,14,,93094,2,,,0,15,,93111,2,,,0,55,,93100,2,,,0,15,,93112,2,,,0,15,,93097,2,,,0,15,,93113,2,,,0,55,,93114,2,,,0,15,,93109,2,,,0,15,,93124,2,,,0,15,,93120,2,,,0,55,,93118,2,,,0,15,,93116,2,,,0,15,,93121,2,,,0,15,,93123,2,,,0,55,,93117,2,,,0,15,,93119,2,,,0,15,,93122,2,,,0,15,,93115,2,,,0,55,,93102,2,,,0,15,,93106,2,,,0,16,,93130,2,,,0,56,,93129,2,,,0,15,,93128,2,,,0,15,,93132,2,,,0,15,,93137,2,,,0,60,,93134,2,,,0,20,,93127,2,,,0,20,,93133,2,,,0,60,,93136,2,,,0,27,,93135,2,,,0,69,,93131,2,,,0,30,,93138,2,,,0,71,,93139,2,,,0,30,,93141,2,,,0,70,,93140,2,,,0
2600,'5456',546,,94836,2,,,0,68,,94837,2,,,0,22,,94838,2,,,0,17,,94839,2,,,0,51,,94840,2,,,0,15,,94842,2,,,0,5,,94843,2,,,0,7,,94844,2,,,0,7,,94845,2,,,0,8,,94846,2,,,0,55,,94848,2,,,0,16,,94850,2,,,0,15,,94852,2,,,0,17,,94854,2,,,0,57,,94856,2,,,0,16,,94858,2,,,0,16,,94860,2,,,0,17,,94861,2,,,0,56,,94862,2,,,0,13,,94863,2,,,0,15,,94864,2,,,0,15,,94865,2,,,0,57,,94866,2,,,0,14,,94867,2,,,0,15,,94868,2,,,0,16,,94869,2,,,0,55,,94870,2,,,0,14,,94871,2,,,0,15,,94872,2,,,0,15,,94873,2,,,0,56,,94874,2,,,0,14,,94875,2,,,0,15,,94877,2,,,0,15,,94878,2,,,0,53,,94879,2,,,0,13,,94880,2,,,0,12,,94881,2,,,0,9,,94883,2,,,0,13,,94884,2,,,0,52,,94885,2,,,0,12,,94886,2,,,0,12,,94887,2,,,0,12,,94888,2,,,0,12,,94889,2,,,0,51,,94890,2,,,0,13,,94891,2,,,0,12,,94892,2,,,0,15,,94893,2,,,0,12,,94894,2,,,0,53,,94895,2,,,0,13,,94896,2,,,0,16,,94897,2,,,0,16,,94898,2,,,0,55,,94899,2,,,0,18,,94900,2,,,0,13,,94901,2,,,0,15,,94902,2,,,0,55,,94903,2,,,0,20,,94904,2,,,0,20,,94905,2,,,0,60,,94906,2,,,0,20,,94907,2,,,0,20,,94908,2,,,0,59,,94909,2,,,0,23,,94910,2,,,0,73,,94911,2,,,0,30,,94912,2,,,0,70,,94913,2,,,0,30,,94914,2,,,0,72,,94915,2,,,0,30,,94916,2,,,0
2600,'5458',546,,94918,2,,,0,68,,94919,2,,,0,22,,94920,2,,,0,17,,94921,2,,,0,51,,94922,2,,,0,15,,94924,2,,,0,5,,94925,2,,,0,7,,94926,2,,,0,7,,94927,2,,,0,8,,94928,2,,,0,55,,94930,2,,,0,16,,94932,2,,,0,15,,94934,2,,,0,17,,94936,2,,,0,57,,94938,2,,,0,16,,94940,2,,,0,16,,94942,2,,,0,17,,94943,2,,,0,56,,94944,2,,,0,13,,94945,2,,,0,15,,94946,2,,,0,15,,94947,2,,,0,57,,94948,2,,,0,14,,94949,2,,,0,15,,94950,2,,,0,16,,94951,2,,,0,55,,94952,2,,,0,14,,94953,2,,,0,15,,94954,2,,,0,15,,94955,2,,,0,56,,94956,2,,,0,14,,94957,2,,,0,15,,94959,2,,,0,15,,94960,2,,,0,53,,94961,2,,,0,13,,94962,2,,,0,12,,94963,2,,,0,9,,94965,2,,,0,13,,94966,2,,,0,52,,94967,2,,,0,12,,94968,2,,,0,12,,94969,2,,,0,12,,94970,2,,,0,12,,94971,2,,,0,51,,94972,2,,,0,13,,94973,2,,,0,12,,94974,2,,,0,15,,94975,2,,,0,12,,94976,2,,,0,53,,94977,2,,,0,13,,94978,2,,,0,16,,94979,2,,,0,16,,94980,2,,,0,55,,94981,2,,,0,18,,94982,2,,,0,13,,94983,2,,,0,15,,94984,2,,,0,55,,94985,2,,,0,20,,94986,2,,,0,20,,94987,2,,,0,60,,94988,2,,,0,20,,94989,2,,,0,20,,94990,2,,,0,59,,94991,2,,,0,23,,94992,2,,,0,73,,94993,2,,,0,30,,94994,2,,,0,70,,94995,2,,,0,30,,94996,2,,,0,72,,94997,2,,,0,30,,94998,2,,,0,100,,94999,2,,,0
2600,'5459',630,,95002,2,,,0,71,,95003,2,,,0,30,,95004,2,,,0,18,,95005,2,,,0,57,,95006,2,,,0,17,,95007,2,,,0,17,,95008,2,,,0,17,,95009,2,,,0,57,,95010,2,,,0,17,,95011,2,,,0,17,,95012,2,,,0,56,,95013,2,,,0,17,,95014,2,,,0,17,,95015,2,,,0,18,,95016,2,,,0,57,,95001,2,,,0,18,,95017,2,,,0,18,,95018,2,,,0,57,,95019,2,,,0,17,,95020,2,,,0,17,,95021,2,,,0,17,,95022,2,,,0,57,,95023,2,,,0,17,,95024,2,,,0,18,,95025,2,,,0,56,,95026,2,,,0,17,,95027,2,,,0,17,,95028,2,,,0,17,,95029,2,,,0,57,,95030,2,,,0,17,,95031,2,,,0,17,,95032,2,,,0,56,,95033,2,,,0,15,,95034,2,,,0,15,,95035,2,,,0,16,,95036,2,,,0,56,,95037,2,,,0,17,,95038,2,,,0,16,,95039,2,,,0,17,,95040,2,,,0,57,,95041,2,,,0,20,,95042,2,,,0,20,,95043,2,,,0,60,,95044,2,,,0,20,,95045,2,,,0,20,,95046,2,,,0,60,,95047,2,,,0,20,,95048,2,,,0,20,,95049,2,,,0,60,,95050,2,,,0,25,,95051,2,,,0,70,,95052,2,,,0,30,,95053,2,,,0,71,,95054,2,,,0,30,,95055,2,,,0,70,,95056,2,,,0,32,,95057,2,,,0,100,,95058,2,,,0
2600,'5460',654,,95075,2,,,0,67,,95083,2,,,0,21,,95065,2,,,0,63,,95059,2,,,0,23,,95077,2,,,0,20,,95084,2,,,0,67,,95066,2,,,0,22,,95060,2,,,0,20,,95078,2,,,0,64,,95069,2,,,0,19,,95061,2,,,0,18,,95067,2,,,0,58,,95063,2,,,0,19,,95076,2,,,0,19,,95064,2,,,0,59,,95081,2,,,0,18,,95062,2,,,0,18,,95079,2,,,0,58,,95071,2,,,0,18,,95074,2,,,0,20,,95072,2,,,0,58,,95082,2,,,0,18,,95068,2,,,0,18,,95080,2,,,0,18,,95070,2,,,0,57,,95073,2,,,0,18,,95089,2,,,0,18,,95093,2,,,0,57,,95086,2,,,0,18,,95095,2,,,0,18,,95088,2,,,0,58,,95091,2,,,0,17,,95087,2,,,0,17,,95096,2,,,0,17,,95085,2,,,0,60,,95094,2,,,0,19,,95090,2,,,0,20,,95092,2,,,0,59,,95100,2,,,0,20,,95098,2,,,0,19,,95102,2,,,0,60,,95099,2,,,0,20,,95101,2,,,0,20,,95103,2,,,0,60,,95097,2,,,0,30,,95105,2,,,0,69,,95104,2,,,0,30,,95106,2,,,0,70,,95107,2,,,0,38,,95108,2,,,0
2600,'5461',654,,95125,2,,,0,67,,95133,2,,,0,21,,95115,2,,,0,63,,95109,2,,,0,23,,95127,2,,,0,20,,95134,2,,,0,67,,95116,2,,,0,22,,95110,2,,,0,20,,95128,2,,,0,64,,95119,2,,,0,19,,95111,2,,,0,18,,95117,2,,,0,58,,95113,2,,,0,19,,95126,2,,,0,19,,95114,2,,,0,59,,95131,2,,,0,18,,95112,2,,,0,18,,95129,2,,,0,58,,95121,2,,,0,18,,95124,2,,,0,20,,95122,2,,,0,58,,95132,2,,,0,18,,95118,2,,,0,18,,95130,2,,,0,18,,95120,2,,,0,57,,95123,2,,,0,18,,95139,2,,,0,18,,95143,2,,,0,57,,95136,2,,,0,18,,95145,2,,,0,18,,95138,2,,,0,58,,95141,2,,,0,17,,95137,2,,,0,17,,95146,2,,,0,17,,95135,2,,,0,60,,95144,2,,,0,19,,95140,2,,,0,20,,95142,2,,,0,59,,95150,2,,,0,20,,95148,2,,,0,19,,95152,2,,,0,60,,95149,2,,,0,20,,95151,2,,,0,20,,95153,2,,,0,60,,95147,2,,,0,30,,95155,2,,,0,69,,95154,2,,,0,30,,95156,2,,,0,70,,95157,2,,,0,38,,95158,2,,,0
2600,'5462',654,,95175,2,,,0,67,,95183,2,,,0,21,,95165,2,,,0,63,,95159,2,,,0,23,,95177,2,,,0,20,,95184,2,,,0,67,,95166,2,,,0,22,,95160,2,,,0,20,,95178,2,,,0,64,,95169,2,,,0,19,,95161,2,,,0,18,,95167,2,,,0,58,,95163,2,,,0,19,,95176,2,,,0,19,,95164,2,,,0,59,,95181,2,,,0,18,,95162,2,,,0,18,,95179,2,,,0,58,,95171,2,,,0,18,,95174,2,,,0,20,,95172,2,,,0,58,,95182,2,,,0,18,,95168,2,,,0,18,,95180,2,,,0,18,,95170,2,,,0,57,,95173,2,,,0,18,,95189,2,,,0,18,,95193,2,,,0,57,,95186,2,,,0,18,,95195,2,,,0,18,,95188,2,,,0,58,,95191,2,,,0,17,,95187,2,,,0,17,,95196,2,,,0,17,,95185,2,,,0,60,,95194,2,,,0,19,,95190,2,,,0,20,,95192,2,,,0,59,,95200,2,,,0,20,,95198,2,,,0,19,,95202,2,,,0,60,,95199,2,,,0,20,,95201,2,,,0,20,,95203,2,,,0,60,,95197,2,,,0,30,,95205,2,,,0,69,,95204,2,,,0,30,,95206,2,,,0,70,,95207,2,,,0,38,,95208,2,,,0
2600,'5463',654,,95225,2,,,0,67,,95233,2,,,0,21,,95215,2,,,0,63,,95209,2,,,0,23,,95227,2,,,0,20,,95234,2,,,0,67,,95216,2,,,0,22,,95210,2,,,0,20,,95228,2,,,0,64,,95219,2,,,0,19,,95211,2,,,0,18,,95217,2,,,0,58,,95213,2,,,0,19,,95226,2,,,0,19,,95214,2,,,0,59,,95231,2,,,0,18,,95212,2,,,0,18,,95229,2,,,0,58,,95221,2,,,0,18,,95224,2,,,0,20,,95222,2,,,0,58,,95232,2,,,0,18,,95218,2,,,0,18,,95230,2,,,0,18,,95220,2,,,0,57,,95223,2,,,0,18,,95239,2,,,0,18,,95243,2,,,0,57,,95236,2,,,0,18,,95245,2,,,0,18,,95238,2,,,0,58,,95241,2,,,0,17,,95237,2,,,0,17,,95246,2,,,0,17,,95235,2,,,0,60,,95244,2,,,0,19,,95240,2,,,0,20,,95242,2,,,0,59,,95250,2,,,0,20,,95248,2,,,0,19,,95252,2,,,0,60,,95249,2,,,0,20,,95251,2,,,0,20,,95253,2,,,0,60,,95247,2,,,0,30,,95255,2,,,0,69,,95254,2,,,0,30,,95256,2,,,0,70,,95257,2,,,0,38,,95258,2,,,0
4000,'5456',632,,98352,2,,,0,81,,98353,2,,,0,27,,98351,2,,,0,65,,98350,2,,,0,107,,98345,2,,,0,103,,98346,2,,,0,99,,98343,2,,,0,101,,98348,2,,,0,98,,98339,2,,,0,97,,98347,2,,,0,96,,98338,2,,,0,44,,98337,2,,,0,69,,98344,2,,,0,34,,98336,2,,,0,76,,98341,2,,,0,95,,98349,2,,,0,102,,98340,2,,,0,130,,98342,2,,,0,384,,98335,2,,,0
4000,'5458',632,,98371,2,,,0,81,,98372,2,,,0,27,,98370,2,,,0,65,,98369,2,,,0,107,,98364,2,,,0,103,,98365,2,,,0,99,,98362,2,,,0,101,,98367,2,,,0,98,,98358,2,,,0,97,,98366,2,,,0,96,,98357,2,,,0,44,,98356,2,,,0,69,,98363,2,,,0,34,,98355,2,,,0,76,,98360,2,,,0,95,,98368,2,,,0,102,,98359,2,,,0,130,,98361,2,,,0,384,,98354,2,,,0
4000,'5459',710,,98382,2,,,0,130,,98383,2,,,0,100,,98373,2,,,0,100,,98376,2,,,0,100,,98378,2,,,0,101,,98384,2,,,0,100,,98374,2,,,0,100,,98375,2,,,0,100,,98379,2,,,0,100,,98385,2,,,0,100,,98377,2,,,0,99,,98381,2,,,0,100,,98380,2,,,0,95,,98386,2,,,0
4000,'5460',805,,98388,2,,,0,135,,98387,2,,,0,100,,98389,2,,,0,100,,98390,2,,,0,101,,98391,2,,,0,100,,98392,2,,,0,100,,98395,2,,,0,100,,98394,2,,,0,100,,98393,2,,,0,100,,98396,2,,,0,99,,98397,2,,,0,100,,98398,2,,,0
4000,'5461',805,,98400,2,,,0,135,,98399,2,,,0,100,,98401,2,,,0,100,,98402,2,,,0,101,,98403,2,,,0,100,,98404,2,,,0,100,,98407,2,,,0,100,,98406,2,,,0,100,,98405,2,,,0,100,,98408,2,,,0,99,,98409,2,,,0,100,,98410,2,,,0
4000,'5462',805,,98412,2,,,0,135,,98411,2,,,0,100,,98413,2,,,0,100,,98414,2,,,0,101,,98415,2,,,0,100,,98416,2,,,0,100,,98419,2,,,0,100,,98418,2,,,0,100,,98417,2,,,0,100,,98420,2,,,0,99,,98421,2,,,0,100,,98422,2,,,0
4000,'5463',805,,98424,2,,,0,135,,98423,2,,,0,100,,98425,2,,,0,100,,98426,2,,,0,101,,98427,2,,,0,100,,98428,2,,,0,100,,98431,2,,,0,100,,98430,2,,,0,100,,98429,2,,,0,100,,98432,2,,,0,99,,98433,2,,,0,100,,98434,2,,,0
4601,'5456',654,,98575,2,,,0,148,,98584,2,,,0,126,,98574,2,,,0,93,,98583,2,,,0,380,,98580,2,,,0,115,,98576,2,,,0,33,,98581,2,,,0,77,,98577,2,,,0,92,,98578,2,,,0,27,,98579,2,,,0,89,,98582,2,,,0
4601,'5458',654,,98587,2,,,0,148,,98596,2,,,0,126,,98586,2,,,0,93,,98595,2,,,0,380,,98592,2,,,0,115,,98588,2,,,0,33,,98593,2,,,0,77,,98589,2,,,0,92,,98590,2,,,0,27,,98591,2,,,0,89,,98594,2,,,0
