200,'4832',652,,63405,4,,,0,160,,63404,4,,,0,120,,63403,4,,,0,100,,63384,4,,,0,80,,63402,4,,,0,40,,63390,4,,,0,80,,63388,4,,,0,80,,77852,4,,,0,40,,63385,4,,,0,80,,63396,4,,,0,80,,63391,4,,,0,40,,63386,4,,,0,80,,77853,4,,,0,80,,63387,4,,,0,35,,63397,4,,,0,80,,63393,4,,,0,75,,63392,4,0,5,0,20,,63398,4,,,0,20,,77854,4,0,5,0,60,,63394,4,,,0,40,,63400,4,,,0,80,,63401,4,,,0,80,,63399,4,,,0,40,,63406,4,,,0,80,,63407,4,,,0
200,'5453',652,,77877,4,,,0,160,,77876,4,,,0,120,,77875,4,,,0,100,,77856,4,,,0,80,,77874,4,,,0,40,,77862,4,,,0,80,,77860,4,,,0,80,,77855,4,,,0,40,,77857,4,,,0,80,,77868,4,,,0,80,,77863,4,,,0,40,,77858,4,,,0,80,,77861,4,,,0,80,,77859,4,,,0,35,,77869,4,,,0,80,,77865,4,,,0,75,,77864,4,0,5,0,20,,77870,4,,,0,20,,81953,4,0,5,0,60,,77866,4,,,0,40,,77872,4,,,0,80,,77873,4,,,0,80,,77871,4,,,0,40,,77878,4,,,0,80,,77879,4,,,0
200,'5456',546,,87484,4,,,0,80,,87485,4,,,0,20,,87486,4,,,0,70,,87487,4,,,0,31,,87488,4,,,0,70,,87489,4,,,0,31,,87490,4,,,0,71,,87491,4,,,0,15,,87492,4,0,5,0,70,,87493,4,,,0,38,,87494,4,,,0,80,,87495,4,,,0,80,,87496,4,,,0,40,,87497,4,,,0,80,,87498,4,,,0,80,,87499,4,,,0,37,,87500,4,,,0,76,,87518,4,,,0,37,,87514,4,,,0,76,,87516,4,,,0,73,,87517,4,0,5,0,17,,87508,4,,,0,34,,87506,4,,,0,80,,87513,4,,,0,90,,87505,4,,,0,80,,87512,4,,,0,20,,87507,4,0,5,0,22,,87504,4,,,0,60,,87515,4,0,5,0,20,,87511,4,,,0,78,,87503,4,,,0,40,,87510,4,,,0,80,,87502,4,,,0,80,,87509,4,,,0,30,,87501,4,0,5,0
200,'5458',546,,87519,4,,,0,80,,87520,4,,,0,20,,87521,4,,,0,70,,87522,4,,,0,31,,87523,4,,,0,70,,87524,4,,,0,31,,87525,4,,,0,71,,87526,4,,,0,15,,87527,4,0,5,0,70,,87528,4,,,0,38,,87529,4,,,0,80,,87530,4,,,0,80,,87531,4,,,0,40,,87532,4,,,0,80,,87533,4,,,0,80,,87534,4,,,0,37,,87535,4,,,0,76,,87554,4,,,0,37,,87550,4,,,0,76,,87552,4,,,0,73,,87553,4,0,5,0,17,,87544,4,,,0,34,,87542,4,,,0,80,,87549,4,,,0,90,,87541,4,,,0,80,,87548,4,,,0,20,,87543,4,0,5,0,22,,87540,4,,,0,60,,87551,4,0,5,0,20,,87547,4,,,0,78,,87539,4,,,0,40,,87546,4,,,0,80,,87538,4,,,0,80,,87545,4,,,0,30,,87537,4,0,5,0,68,,87536,4,0,5,0
200,'5459',557,,87574,4,,,0,152,,87577,4,,,0,118,,87575,4,,,0,80,,87563,4,,,0,45,,87576,4,,,0,80,,87561,4,,,0,80,,87555,4,,,0,40,,87562,4,,,0,80,,87556,4,,,0,80,,87569,4,,,0,41,,87557,4,,,0,80,,87560,4,,,0,80,,87559,4,,,0,40,,87558,4,,,0,80,,87572,4,,,0,79,,87573,4,,,0,35,,87571,4,,,0,80,,87565,4,,,0,75,,87566,4,,,0,20,,87564,4,0,5,0,35,,87568,4,,,0,60,,87570,4,0,5,0,20,,87567,4,,,0,65,,87582,4,0,5,0,20,,87583,4,,,0,80,,87580,4,,,0,40,,87579,4,,,0,80,,87581,4,,,0,80,,87578,4,,,0,35,,87584,4,0,5,0
200,'5460',652,,87607,4,,,0,160,,87606,4,,,0,120,,87605,4,,,0,100,,87586,4,,,0,80,,87604,4,,,0,40,,87592,4,,,0,80,,87590,4,,,0,80,,87585,4,,,0,40,,87587,4,,,0,80,,87598,4,,,0,80,,87593,4,,,0,40,,87588,4,,,0,80,,87591,4,,,0,80,,87589,4,,,0,35,,87599,4,,,0,80,,87595,4,,,0,75,,87594,4,0,5,0,20,,87600,4,,,0,20,,87597,4,0,5,0,60,,87596,4,,,0,40,,87602,4,,,0,80,,87603,4,,,0,80,,87601,4,,,0,40,,87608,4,,,0,80,,87609,4,,,0
200,'5461',652,,87632,4,,,0,160,,87631,4,,,0,120,,87630,4,,,0,100,,87611,4,,,0,80,,87629,4,,,0,40,,87617,4,,,0,80,,87615,4,,,0,80,,87610,4,,,0,40,,87612,4,,,0,80,,87623,4,,,0,80,,87618,4,,,0,40,,87613,4,,,0,80,,87616,4,,,0,80,,87614,4,,,0,35,,87624,4,,,0,80,,87620,4,,,0,75,,87619,4,0,5,0,20,,87625,4,,,0,20,,87622,4,0,5,0,60,,87621,4,,,0,40,,87627,4,,,0,80,,87628,4,,,0,80,,87626,4,,,0,40,,87633,4,,,0,80,,87634,4,,,0
200,'5462',652,,87657,4,,,0,160,,87656,4,,,0,120,,87655,4,,,0,100,,87636,4,,,0,80,,87654,4,,,0,40,,87642,4,,,0,80,,87640,4,,,0,80,,87635,4,,,0,40,,87637,4,,,0,80,,87648,4,,,0,80,,87643,4,,,0,40,,87638,4,,,0,80,,87641,4,,,0,80,,87639,4,,,0,35,,87649,4,,,0,80,,87645,4,,,0,75,,87644,4,0,5,0,20,,87650,4,,,0,20,,87647,4,0,5,0,60,,87646,4,,,0,40,,87652,4,,,0,80,,87653,4,,,0,80,,87651,4,,,0,40,,87658,4,,,0,80,,87659,4,,,0
200,'5463',652,,87682,4,,,0,160,,87681,4,,,0,120,,87680,4,,,0,100,,87661,4,,,0,80,,87679,4,,,0,40,,87667,4,,,0,80,,87665,4,,,0,80,,87660,4,,,0,40,,87662,4,,,0,80,,87673,4,,,0,80,,87668,4,,,0,40,,87663,4,,,0,80,,87666,4,,,0,80,,87664,4,,,0,35,,87674,4,,,0,80,,87670,4,,,0,75,,87669,4,0,5,0,20,,87675,4,,,0,20,,87672,4,0,5,0,60,,87671,4,,,0,40,,87677,4,,,0,80,,87678,4,,,0,80,,87676,4,,,0,40,,87683,4,,,0,80,,87684,4,,,0
201,'4832',2400,,63578,44,4,,0
201,'5453',2400,,77907,44,4,,0
201,'5456',1527,,87717,25,4,,0
201,'5458',1527,,87751,25,4,,0
201,'5459',2505,,87779,18,4,,0
201,'5460',2400,,87804,44,4,,0
201,'5461',2400,,87829,44,4,,0
201,'5462',2400,,87854,44,4,,0
201,'5463',2400,,87879,44,4,,0
500,'4832',732,,64753,4,,,0,120,,64752,4,,,0,160,,64751,4,,,0,40,,64746,4,,,0,80,,78079,4,,,0,80,,64741,4,,,0,40,,64754,4,,,0,80,,64747,4,,,0,80,,64744,4,,,0,40,,78080,4,,,0,80,,64743,4,,,0,80,,64755,4,,,0,40,,64748,4,,,0,75,,64745,4,,,0,80,,78081,4,,,0,40,,64750,4,,,0
500,'5453',732,,78095,4,,,0,120,,78094,4,,,0,160,,78093,4,,,0,40,,78088,4,,,0,80,,78082,4,,,0,80,,78083,4,,,0,40,,78096,4,,,0,80,,78089,4,,,0,80,,78086,4,,,0,40,,78084,4,,,0,80,,78085,4,,,0,80,,78097,4,,,0,40,,78090,4,,,0,75,,78087,4,,,0,80,,78091,4,,,0,40,,78092,4,,,0
500,'5456',606,,89074,4,,,0,95,,89075,4,,,0,31,,89076,4,,,0,70,,89077,4,,,0,31,,89078,4,,,0,70,,89079,4,,,0,46,,89080,4,,,0,73,,89081,4,,,0,80,,89082,4,,,0,40,,89083,4,,,0,80,,89084,4,,,0,80,,89085,4,,,0,40,,89086,4,,,0,80,,89087,4,,,0,35,,89092,4,,,0,76,,89090,4,,,0,77,,89088,4,,,0,34,,89091,4,,,0,91,,89093,4,,,0,77,,89095,4,,,0,45,,89089,4,,,0,85,,89094,4,,,0
500,'5458',606,,89096,4,,,0,95,,89097,4,,,0,31,,89098,4,,,0,70,,89099,4,,,0,31,,89100,4,,,0,70,,89101,4,,,0,46,,89102,4,,,0,73,,89103,4,,,0,80,,89104,4,,,0,40,,89105,4,,,0,80,,89106,4,,,0,80,,89107,4,,,0,40,,89108,4,,,0,80,,89109,4,,,0,35,,89114,4,,,0,76,,89112,4,,,0,77,,89110,4,,,0,34,,89113,4,,,0,91,,89115,4,,,0,77,,89117,4,,,0,45,,89111,4,,,0,85,,89116,4,,,0
500,'5459',632,,89129,4,,,0,116,,89125,4,,,0,99,,89128,4,,,0,80,,89119,4,,,0,85,,89126,4,,,0,40,,89120,4,,,0,80,,89135,4,,,0,80,,89127,4,,,0,40,,89118,4,,,0,81,,89124,4,,,0,80,,89121,4,,,0,40,,89131,4,,,0,80,,89122,4,,,0,80,,89123,4,,,0,39,,89132,4,,,0,75,,89133,4,,,0,80,,89134,4,,,0,40,,89130,4,,,0,90,,89136,4,,,0
500,'5460',732,,89150,4,,,0,120,,89149,4,,,0,160,,89148,4,,,0,40,,89143,4,,,0,80,,89137,4,,,0,80,,89138,4,,,0,40,,89151,4,,,0,80,,89144,4,,,0,80,,89141,4,,,0,40,,89139,4,,,0,80,,89140,4,,,0,80,,89152,4,,,0,40,,89145,4,,,0,75,,89142,4,,,0,80,,89146,4,,,0,40,,89147,4,,,0
500,'5461',732,,89166,4,,,0,120,,89163,4,,,0,160,,89165,4,,,0,40,,89159,4,,,0,80,,89153,4,,,0,80,,89154,4,,,0,40,,89167,4,,,0,80,,89160,4,,,0,80,,89157,4,,,0,40,,89155,4,,,0,80,,89156,4,,,0,80,,89168,4,,,0,40,,89161,4,,,0,75,,89158,4,,,0,80,,89162,4,,,0,40,,89164,4,,,0
500,'5462',732,,89182,4,,,0,120,,89181,4,,,0,160,,89180,4,,,0,40,,89175,4,,,0,80,,89169,4,,,0,80,,89170,4,,,0,40,,89183,4,,,0,80,,89176,4,,,0,80,,89173,4,,,0,40,,89171,4,,,0,80,,89172,4,,,0,80,,89184,4,,,0,40,,89177,4,,,0,75,,89174,4,,,0,80,,89178,4,,,0,40,,89179,4,,,0
500,'5463',732,,89198,4,,,0,120,,89197,4,,,0,160,,89196,4,,,0,40,,89191,4,,,0,80,,89185,4,,,0,80,,89186,4,,,0,40,,89199,4,,,0,80,,89192,4,,,0,80,,89189,4,,,0,40,,89187,4,,,0,80,,89188,4,,,0,80,,89200,4,,,0,40,,89193,4,,,0,75,,89190,4,,,0,80,,89194,4,,,0,40,,89195,4,,,0
