7500,'5456',915,,101485,43,0,13 14,0,28,,101484,43,0,42 43,0,74,,101488,43,0,13 14,0,27,,101487,43,0,42 43,0,70,,101490,43,0,13 14,0,29,,101498,43,0,42 43,0,70,,101492,43,0,13 14,0,30,,101493,43,0,42 43,0,70,,101495,43,0,13 14,0,29,,101496,43,0,42 43,0,70,,101497,43,0,13 14,0,24,,101499,43,0,42 43,0,71,,101500,43,0,42 43,0,35,,101501,43,0,42 43,0,70,,101502,43,0,13 14,0,31,,101503,43,0,42 43,0,105,,101506,43,0,13 14 49,0,76,,101512,43,0,13 14,0,87,,101508,43,0,13 14,0,36,,101509,43,0,42 43,0,108,,101510,43,0,42 43,0,95,,101511,43,0,13 14,0
7500,'5458',915,,101524,43,0,13 14,0,28,,101523,43,0,42 43,0,74,,101527,43,0,13 14,0,27,,101526,43,0,42 43,0,70,,101529,43,0,13 14,0,29,,101537,43,0,42 43,0,70,,101531,43,0,13 14,0,30,,101532,43,0,42 43,0,70,,101534,43,0,13 14,0,29,,101535,43,0,42 43,0,70,,101536,43,0,13 14,0,24,,101538,43,0,42 43,0,71,,101539,43,0,42 43,0,35,,101540,43,0,42 43,0,70,,101541,43,0,13 14,0,31,,101542,43,0,42 43,0,105,,101545,43,0,13 14 49,0,76,,101551,43,0,13 14,0,87,,101547,43,0,13 14,0,36,,101548,43,0,42 43,0,108,,101549,43,0,42 43,0,95,,101550,43,0,13 14,0
7500,'5459',947,,101555,43,0,42 43,0,98,,101559,43,0,42 43,0,101,,101560,43,0,42 43,0,70,,101561,43,0,13 14,0,30,,101562,43,0,42 43,0,69,,101563,43,0,13 14,0,31,,101564,43,0,42 43,0,64,,101565,43,0,13 14,0,36,,101566,43,0,42 43,0,70,,101567,43,0,13 14,0,30,,101568,43,0,42 43,0,71,,101569,43,0,13 14,0,30,,101570,43,0,42 43,0,100,,101571,43,0,42 43,0,102,,101572,43,0,42 43,0,101,,101573,43,0,42 43,0,102,,101574,43,0,42 43,0,98,,101575,43,0,13 14,0
7500,'5460',948,,101581,43,0,42 43,0,98,,101582,43,0,42 43,0,100,,101583,43,0,42 43,0,70,,101584,43,0,13 14,0,30,,101585,43,0,42 43,0,70,,101586,43,0,13 14,0,30,,101587,43,0,42 43,0,70,,101588,43,0,13 14,0,30,,101589,43,0,42 43,0,70,,101590,43,0,13 14,0,30,,101591,43,0,42 43,0,100,,101592,43,0,42 43,0,101,,101593,43,0,42 43,0,102,,101594,43,0,42 43,0,103,,101595,43,0,42 43,0,104,,101596,43,0,42 43,0,96,,101597,43,0,13 14,0
7500,'5461',948,,101602,43,0,42 43,0,98,,101603,43,0,42 43,0,100,,101604,43,0,42 43,0,70,,101605,43,0,13 14,0,30,,101606,43,0,42 43,0,70,,101607,43,0,13 14,0,30,,101608,43,0,42 43,0,70,,101609,43,0,13 14,0,30,,101610,43,0,42 43,0,70,,101611,43,0,13 14,0,30,,101612,43,0,42 43,0,100,,101613,43,0,42 43,0,101,,101614,43,0,42 43,0,102,,101615,43,0,42 43,0,103,,101616,43,0,42 43,0,104,,101617,43,0,42 43,0,96,,101618,43,0,13 14,0
7500,'5462',948,,101623,43,0,42 43,0,98,,101624,43,0,42 43,0,100,,101625,43,0,42 43,0,70,,101626,43,0,13 14,0,30,,101627,43,0,42 43,0,70,,101628,43,0,13 14,0,30,,101629,43,0,42 43,0,70,,101630,43,0,13 14,0,30,,101631,43,0,42 43,0,70,,101632,43,0,13 14,0,30,,101633,43,0,42 43,0,100,,101634,43,0,42 43,0,101,,101635,43,0,42 43,0,102,,101636,43,0,42 43,0,103,,101637,43,0,42 43,0,104,,101638,43,0,42 43,0,96,,101639,43,0,13 14,0
7500,'5463',948,,101644,43,0,42 43,0,98,,101645,43,0,42 43,0,100,,101646,43,0,42 43,0,70,,101647,43,0,13 14,0,30,,101648,43,0,42 43,0,70,,101649,43,0,13 14,0,30,,101650,43,0,42 43,0,70,,101651,43,0,13 14,0,30,,101652,43,0,42 43,0,70,,101653,43,0,13 14,0,30,,101654,43,0,42 43,0,100,,101655,43,0,42 43,0,101,,101656,43,0,42 43,0,102,,101657,43,0,42 43,0,103,,101658,43,0,42 43,0,104,,101659,43,0,42 43,0,96,,101660,43,0,13 14,0
7501,'5456',921,,101668,23,,,0,79,,101670,23,,,0,30,,101672,23,,,0,73,,101673,23,,,0,28,,101675,23,,,0,70,,101676,23,,,0,31,,101677,23,,,0,70,,101678,23,,,0,30,,101679,23,,,0,71,,101680,23,,,0,30,,101681,23,,,0,71,,101682,23,,,0,19,,101698,23,,,0,11,,101683,23,,,0,19,,101685,23,,,0,54,,101684,23,,,0,20,,101697,2,,,0,10,,101686,23,,,0,68,,101687,23,,,0,28,,101688,23,,,0,70,,101689,23,,,0,99,,101690,23,,,0,57,,101691,23,,,0,100,,101692,23,,,0,99,,101694,23,,,0,94,,101695,23,0,28 29 14,0
7501,'5458',921,,101705,23,,,0,79,,101707,23,,,0,30,,101709,23,,,0,73,,101710,23,,,0,28,,101712,23,,,0,70,,101713,23,,,0,31,,101714,23,,,0,70,,101715,23,,,0,30,,101716,23,,,0,71,,101717,23,,,0,30,,101718,23,,,0,71,,101719,23,,,0,19,,101735,23,,,0,11,,101720,23,,,0,19,,101722,23,,,0,54,,101721,23,,,0,20,,101734,2,,,0,10,,101723,23,,,0,68,,101724,23,,,0,28,,101725,23,,,0,70,,101726,23,,,0,99,,101727,23,,,0,57,,101728,23,,,0,100,,101729,23,,,0,99,,101731,23,,,0,94,,101732,23,0,28 29 14,0
7501,'5459',958,,101739,23,,,0,143,,101740,23,,,0,101,,101741,23,,,0,30,,101742,23,,,0,70,,101743,23,,,0,30,,101744,23,,,0,70,,101745,23,,,0,34,,101746,23,,,0,70,,101747,23,,,0,30,,101748,23,,,0,70,,101749,23,,,0,31,,101750,23,,,0,70,,101751,23,,,0,96,,101752,23,,,0,56,,101753,23,,,0,99,,101754,23,,,0,100,,101755,23,,,0,100,,101756,23,,,0,95,,101757,23,0,28 29 14,0
7501,'5460',956,,101762,23,,,0,101,,101763,23,,,0,143,,101764,23,,,0,31,,101765,23,,,0,70,,101766,23,,,0,30,,101767,23,,,0,70,,101768,23,,,0,31,,101769,23,,,0,71,,101770,23,,,0,30,,101771,23,,,0,70,,101772,23,,,0,100,,101773,23,,,0,102,,101774,23,,,0,99,,101775,23,,,0,100,,101776,23,,,0,99,,101777,23,,,0,100,,101778,23,,,0,48,,101779,23,0,28 29 14,0
7501,'5461',956,,101784,23,,,0,101,,101785,23,,,0,143,,101786,23,,,0,31,,101787,23,,,0,70,,101788,23,,,0,30,,101789,23,,,0,70,,101790,23,,,0,31,,101791,23,,,0,71,,101792,23,,,0,30,,101793,23,,,0,70,,101794,23,,,0,100,,101795,23,,,0,102,,101796,23,,,0,99,,101797,23,,,0,100,,101798,23,,,0,99,,101799,23,,,0,100,,101800,23,,,0,48,,101801,23,0,28 29 14,0
7501,'5462',956,,101806,23,,,0,101,,101807,23,,,0,143,,101808,23,,,0,31,,101809,23,,,0,70,,101810,23,,,0,30,,101811,23,,,0,70,,101812,23,,,0,31,,101813,23,,,0,71,,101814,23,,,0,30,,101815,23,,,0,70,,101816,23,,,0,100,,101817,23,,,0,102,,101818,23,,,0,99,,101819,23,,,0,100,,101820,23,,,0,99,,101821,23,,,0,100,,101822,23,,,0,48,,101823,23,0,28 29 14,0
7501,'5463',956,,101828,23,,,0,101,,101829,23,,,0,143,,101830,23,,,0,31,,101831,23,,,0,70,,101832,23,,,0,30,,101833,23,,,0,70,,101834,23,,,0,31,,101835,23,,,0,71,,101836,23,,,0,30,,101837,23,,,0,70,,101838,23,,,0,100,,101839,23,,,0,102,,101840,23,,,0,99,,101841,23,,,0,100,,101842,23,,,0,99,,101843,23,,,0,100,,101844,23,,,0,48,,101845,23,0,28 29 14,0
