7101,'5456',557,,101073,4,,,0,70,,101074,4,,,0,86,,101075,4,,,0
7101,'5458',557,,101076,4,,,0,70,,101077,4,,,0,86,,101078,4,,,0
7201,'4832',701,,86119,4,,,0,100,,86120,4,,,0,100,,86121,4,,,0,103,,86122,4,,,0,100,,86124,4,,,0,30,,86125,4,,,0,70,,86118,4,,,0,30,,86123,4,,,0,70,,86126,4,,,0,30,,86128,4,,,0,70,,86129,4,,,0,30,,86130,4,,,0,70,,86127,4,,,0,30,,86131,4,,,0,70,,86132,4,,,0,30,,86133,4,,,0,75,,86134,4,,,0,28,,86135,4,,,0,72,,86136,4,,,0,30,,86137,4,,,0,70,,86139,4,,,0,30,,86138,4,,,0,70,,86140,4,,,0,30,,86141,4,,,0,70,,86142,4,,,0,95,,86143,4,,,0,100,,86144,4,,,0
7201,'5453',701,,81140,4,,,0,100,,86146,4,,,0,100,,86147,4,,,0,103,,86148,4,,,0,100,,86150,4,,,0,30,,86151,4,,,0,70,,86145,4,,,0,30,,86149,4,,,0,70,,86152,4,,,0,30,,86154,4,,,0,70,,86155,4,,,0,30,,86156,4,,,0,70,,86153,4,,,0,30,,86157,4,,,0,70,,86158,4,,,0,30,,86159,4,,,0,75,,86160,4,,,0,28,,86161,4,,,0,72,,86162,4,,,0,30,,86163,4,,,0,70,,86165,4,,,0,30,,86164,4,,,0,70,,86166,4,,,0,30,,86167,4,,,0,70,,86168,4,,,0,95,,86169,4,,,0,100,,86170,4,,,0
7201,'5456',533,,101280,4,,,0,80,,101283,4,,,0,30,,101281,4,,,0,70,,101285,4,,,0,31,,101295,4,,,0,61,,101290,4,,,0,27,,101282,4,,,0,70,,101284,4,,,0,30,,101288,4,,,0,70,,101286,4,,,0,30,,101287,4,,,0,73,,101294,4,,,0,30,,101289,4,,,0,70,,101291,4,,,0,30,,101292,4,,,0,70,,101299,4,,,0,30,,101302,4,,,0,70,,101293,4,,,0,30,,101304,4,,,0,70,,101308,4,,,0,30,,101296,4,,,0,69,,101297,4,,,0,32,,101303,4,,,0,71,,101311,4,,,0,30,,101298,4,,,0,69,,101305,4,,,0,30,,101307,4,,,0,70,,101300,4,,,0,30,,101301,4,,,0,70,,101310,4,,,0,30,,101312,4,,,0,70,,101306,4,,,0
7201,'5458',533,,101314,4,,,0,80,,101317,4,,,0,30,,101315,4,,,0,70,,101319,4,,,0,31,,101330,4,,,0,61,,101324,4,,,0,27,,101316,4,,,0,70,,101318,4,,,0,30,,101322,4,,,0,70,,101320,4,,,0,30,,101321,4,,,0,73,,101329,4,,,0,30,,101323,4,,,0,70,,101325,4,,,0,30,,101326,4,,,0,70,,101334,4,,,0,30,,101337,4,,,0,70,,101328,4,,,0,30,,101339,4,,,0,70,,101343,4,,,0,30,,101331,4,,,0,69,,101332,4,,,0,32,,101338,4,,,0,71,,101346,4,,,0,30,,101333,4,,,0,69,,101340,4,,,0,30,,101342,4,,,0,70,,101335,4,,,0,30,,101336,4,,,0,70,,101345,4,,,0,30,,101347,4,,,0,70,,101341,4,,,0
7201,'5459',601,,101376,4,,,0,100,,101349,4,,,0,100,,101350,4,,,0,33,,101351,4,,,0,70,,101352,4,,,0,30,,101353,4,,,0,71,,101354,4,,,0,29,,101355,4,,,0,71,,101356,4,,,0,30,,101357,4,,,0,70,,101348,4,,,0,30,,101358,4,,,0,69,,101359,4,,,0,31,,101360,4,,,0,74,,101361,4,,,0,31,,101362,4,,,0,69,,101363,4,,,0,31,,101364,4,,,0,69,,101365,4,,,0,26,,101366,4,,,0,69,,101367,4,,,0,30,,101368,4,,,0,70,,101369,4,,,0,30,,101370,4,,,0,70,,101371,4,,,0,30,,101372,4,,,0,70,,101373,4,,,0,30,,101374,4,,,0,70,,101375,4,,,0
7201,'5460',701,,101378,4,,,0,100,,101379,4,,,0,100,,101380,4,,,0,103,,101381,4,,,0,100,,101383,4,,,0,30,,101384,4,,,0,70,,101377,4,,,0,30,,101382,4,,,0,70,,101385,4,,,0,30,,101387,4,,,0,70,,101388,4,,,0,30,,101389,4,,,0,70,,101386,4,,,0,30,,101390,4,,,0,70,,101391,4,,,0,30,,101392,4,,,0,75,,101393,4,,,0,28,,101394,4,,,0,72,,101395,4,,,0,30,,101396,4,,,0,70,,101398,4,,,0,30,,101397,4,,,0,70,,101399,4,,,0,30,,101400,4,,,0,70,,101401,4,,,0
7201,'5461',701,,101403,4,,,0,100,,101404,4,,,0,100,,101405,4,,,0,103,,101406,4,,,0,100,,101408,4,,,0,30,,101409,4,,,0,70,,101402,4,,,0,30,,101407,4,,,0,70,,101410,4,,,0,30,,101412,4,,,0,70,,101413,4,,,0,30,,101414,4,,,0,70,,101411,4,,,0,30,,101415,4,,,0,70,,101416,4,,,0,30,,101417,4,,,0,75,,101418,4,,,0,28,,101419,4,,,0,72,,101420,4,,,0,30,,101421,4,,,0,70,,101423,4,,,0,30,,101422,4,,,0,70,,101424,4,,,0,30,,101425,4,,,0,70,,101426,4,,,0
7201,'5462',701,,101428,4,,,0,100,,101429,4,,,0,100,,101430,4,,,0,103,,101431,4,,,0,100,,101433,4,,,0,30,,101434,4,,,0,70,,101427,4,,,0,30,,101432,4,,,0,70,,101435,4,,,0,30,,101437,4,,,0,70,,101438,4,,,0,30,,101439,4,,,0,70,,101436,4,,,0,30,,101440,4,,,0,70,,101441,4,,,0,30,,101442,4,,,0,75,,101443,4,,,0,28,,101444,4,,,0,72,,101445,4,,,0,30,,101446,4,,,0,70,,101448,4,,,0,30,,101447,4,,,0,70,,101449,4,,,0,30,,101450,4,,,0,70,,101451,4,,,0
7201,'5463',701,,101453,4,,,0,100,,101454,4,,,0,100,,101455,4,,,0,103,,101456,4,,,0,100,,101458,4,,,0,30,,101459,4,,,0,70,,101452,4,,,0,30,,101457,4,,,0,70,,101460,4,,,0,30,,101462,4,,,0,70,,101463,4,,,0,30,,101464,4,,,0,70,,101461,4,,,0,30,,101465,4,,,0,70,,101466,4,,,0,30,,101467,4,,,0,75,,101468,4,,,0,28,,101469,4,,,0,72,,101470,4,,,0,30,,101471,4,,,0,70,,101473,4,,,0,30,,101472,4,,,0,70,,101474,4,,,0,30,,101475,4,,,0,70,,101476,4,,,0
8101,'4832',904,,81438,4,,,0,100,,75990,4,,,0,102,,75991,4,,,0,100,,75992,4,,,0,100,,81439,4,,,0,101,,86385,4,,,0,100,,86386,4,,,0,100,,86387,4,,,0,102,,86388,4,,,0,100,,75998,4,,,0,100,,75999,4,,,0,100,,81441,4,,,0,100,,86389,4,,,0
8101,'5453',904,,81455,4,,,0,100,,81456,4,,,0,102,,81457,4,,,0,100,,81458,4,,,0,100,,86390,4,,,0,101,,86391,4,,,0,100,,86392,4,,,0,100,,86393,4,,,0,102,,86394,4,,,0,100,,86395,4,,,0,100,,81465,4,,,0,100,,81466,4,,,0,100,,81467,4,,,0
8101,'5456',654,,101958,4,,,0,251,,101959,4,,,0,103,,101961,4,,,0,97,,101962,4,,,0,100,,101963,4,,,0,100,,101964,4,,,0,100,,101965,4,,,0,100,,101966,4,,,0,100,,101967,4,,,0,99,,101968,4,,,0,100,,101969,4,,,0,100,,101970,4,,,0,101,,101971,4,,,0,99,,101972,4,,,0
8101,'5458',654,,101974,4,,,0,251,,101975,4,,,0,103,,101977,4,,,0,97,,101978,4,,,0,100,,101979,4,,,0,100,,101980,4,,,0,100,,101981,4,,,0,100,,101982,4,,,0,100,,101983,4,,,0,99,,101984,4,,,0,100,,101985,4,,,0,100,,101986,4,,,0,101,,101987,4,,,0,99,,101988,4,,,0
8101,'5459',904,,101989,4,,,0,102,,101990,4,,,0,100,,101991,4,,,0,100,,101992,4,,,0,100,,101993,4,,,0,104,,101994,4,,,0,100,,101995,4,,,0,100,,101996,4,,,0,96,,101997,4,,,0,98,,101998,4,,,0,100,,101999,4,,,0,100,,102000,4,,,0,100,,102001,4,,,0
8101,'5460',904,,102002,4,,,0,100,,102003,4,,,0,102,,102004,4,,,0,100,,102005,4,,,0,100,,102006,4,,,0,101,,102007,4,,,0,100,,102008,4,,,0,100,,102009,4,,,0,102,,102010,4,,,0,100,,102011,4,,,0,100,,102012,4,,,0,100,,102013,4,,,0,100,,102014,4,,,0
8101,'5461',904,,102015,4,,,0,100,,102016,4,,,0,102,,102017,4,,,0,100,,102018,4,,,0,100,,102019,4,,,0,101,,102020,4,,,0,100,,102021,4,,,0,100,,102022,4,,,0,102,,102023,4,,,0,100,,102024,4,,,0,100,,102025,4,,,0,100,,102026,4,,,0,100,,102027,4,,,0
8101,'5462',904,,102028,4,,,0,100,,102029,4,,,0,102,,102030,4,,,0,100,,102031,4,,,0,100,,102032,4,,,0,101,,102033,4,,,0,100,,102034,4,,,0,100,,102035,4,,,0,102,,102036,4,,,0,100,,102037,4,,,0,100,,102038,4,,,0,100,,102039,4,,,0,100,,102040,4,,,0
8101,'5463',904,,102041,4,,,0,100,,102042,4,,,0,102,,102043,4,,,0,100,,102044,4,,,0,100,,102045,4,,,0,101,,102046,4,,,0,100,,102047,4,,,0,100,,102048,4,,,0,102,,102049,4,,,0,100,,102050,4,,,0,100,,102051,4,,,0,100,,102052,4,,,0,100,,102053,4,,,0
1007201,'5456',2204,,103776,4,,,0,100,,103778,4,,,0,100,,103777,4,,,0
1007201,'5458',2204,,103779,4,,,0,100,,103781,4,,,0,100,,103780,4,,,0
1007201,'5459',2204,,103782,4,,,0,100,,103783,4,,,0,100,,103784,4,,,0
1007201,'5460',2204,,103785,4,,,0,100,,103786,4,,,0
1007201,'5461',2204,,103787,4,,,0,100,,103788,4,,,0
1007201,'5462',2204,,103789,4,,,0,100,,103790,4,,,0
1007201,'5463',2204,,103791,4,,,0,100,,103792,4,,,0
