2201,'4832',741,,69166,8,,,0,80,,69167,8,,,0,29,,69159,8,,,0,67,,69160,8,,,0,30,,69169,8,,,0,69,,69168,8,,,0,29,,69158,8,,,0,69,,69162,8,,,0,30,,69163,8,,,0,70,,69161,8,,,0,28,,69165,8,,,0,69,,69164,8,,,0,30,,69171,8,,,0,70,,69172,8,,,0,31,,69170,8,,,0,70,,69174,8,,,0,35,,69173,8,,,0,70,,69176,8,,,0,30,,69175,8,,,0,70,,69177,8,,,0,33,,69178,8,,,0,70,,69179,8,,,0,91,,69180,8,0,5,0,102,,69181,8,0,5,0,111,,69182,8,0,5,0
2201,'5453',741,,79285,8,,,0,80,,83580,8,,,0,29,,79278,8,,,0,67,,79279,8,,,0,30,,79288,8,,,0,69,,83581,8,,,0,29,,79277,8,,,0,69,,79281,8,,,0,30,,79282,8,,,0,70,,83579,8,,,0,28,,79284,8,,,0,69,,79283,8,,,0,30,,79290,8,,,0,70,,79291,8,,,0,31,,79289,8,,,0,70,,79293,8,,,0,35,,79292,8,,,0,70,,79295,8,,,0,30,,79294,8,,,0,70,,79296,8,,,0,33,,79297,8,,,0,70,,79298,8,,,0,91,,83582,8,0,5,0,102,,79300,8,0,5,0,111,,79301,8,0,5,0
2201,'5456',555,,94260,16,,,0,68,,94263,16,,,0,88,,94267,8,,,0,24,,94261,22,,,0,68,,94262,22,,,0,33,,94264,22,,,0,105,,94266,22,,,0,69,,94265,22,,,0,30,,94268,22,,,0,98,,94269,22,,,0,69,,94270,8,,,0,29,,94271,8,,,0,99,,94272,8,,,0,71,,94273,8,,,0,98,,94274,8,,,0,33,,94275,8,,,0,71,,94276,8,,,0,100,,94277,8,,,0,37,,94278,8,,,0,101,,94279,8,,,0,71,,94280,8,,,0,103,,94282,8,,,0,31,,94281,8,,,0,89,,94283,8,0,5 49,0
2201,'5458',555,,94284,16,,,0,68,,94287,16,,,0,88,,94291,8,,,0,24,,94285,22,,,0,68,,94286,22,,,0,33,,94288,22,,,0,105,,94290,22,,,0,69,,94289,22,,,0,30,,94292,22,,,0,98,,94293,22,,,0,69,,94294,8,,,0,29,,94295,8,,,0,99,,94296,8,,,0,71,,94297,8,,,0,98,,94298,8,,,0,33,,94299,8,,,0,71,,94300,8,,,0,100,,94301,8,,,0,37,,94302,8,,,0,101,,94303,8,,,0,71,,94304,8,,,0,103,,94306,8,,,0,31,,94305,8,,,0,89,,94307,8,0,5 49,0
2201,'5459',713,,94318,8,,,0,38,,94329,8,,,0,68,,94314,8,,,0,29,,94308,8,,,0,70,,94317,8,,,0,30,,94330,8,,,0,67,,94313,8,,,0,29,,94312,8,,,0,71,,94315,8,,,0,28,,94310,8,,,0,68,,94334,8,,,0,30,,94311,8,,,0,67,,94316,8,,,0,30,,94309,8,,,0,70,,94322,8,,,0,32,,94333,8,,,0,69,,94324,8,,,0,32,,94320,8,,,0,71,,94323,8,,,0,34,,94325,8,,,0,71,,94321,8,,,0,31,,94319,8,,,0,70,,94327,8,,,0,33,,94326,8,,,0,68,,94332,8,,,0,28,,94328,8,,,0,73,,94335,8,,,0,31,,94331,8,,,0,88,,94336,8,0,5 49,0
2201,'5460',741,,94345,8,,,0,80,,94346,8,,,0,29,,94338,8,,,0,67,,94339,8,,,0,30,,94348,8,,,0,69,,94347,8,,,0,29,,94337,8,,,0,69,,94341,8,,,0,30,,94342,8,,,0,70,,94340,8,,,0,28,,94344,8,,,0,69,,94343,8,,,0,30,,94350,8,,,0,70,,94351,8,,,0,31,,94349,8,,,0,70,,94353,8,,,0,35,,94352,8,,,0,70,,94355,8,,,0,30,,94354,8,,,0,70,,94356,8,,,0,33,,94357,8,,,0,70,,94358,8,,,0,91,,94359,8,0,5,0,102,,94360,8,0,5,0,111,,94361,8,0,5,0
2201,'5461',741,,94370,8,,,0,80,,94371,8,,,0,29,,94363,8,,,0,67,,94364,8,,,0,30,,94373,8,,,0,69,,94372,8,,,0,29,,94362,8,,,0,69,,94366,8,,,0,30,,94367,8,,,0,70,,94365,8,,,0,28,,94369,8,,,0,69,,94368,8,,,0,30,,94375,8,,,0,70,,94376,8,,,0,31,,94374,8,,,0,70,,94378,8,,,0,35,,94377,8,,,0,70,,94380,8,,,0,30,,94379,8,,,0,70,,94381,8,,,0,33,,94382,8,,,0,70,,94383,8,,,0,91,,94384,8,0,5,0,102,,94385,8,0,5,0,111,,94386,8,0,5,0
2201,'5462',741,,94395,8,,,0,80,,94396,8,,,0,29,,94388,8,,,0,67,,94389,8,,,0,30,,94398,8,,,0,69,,94397,8,,,0,29,,94387,8,,,0,69,,94391,8,,,0,30,,94392,8,,,0,70,,94390,8,,,0,28,,94394,8,,,0,69,,94393,8,,,0,30,,94400,8,,,0,70,,94401,8,,,0,31,,94399,8,,,0,70,,94403,8,,,0,35,,94402,8,,,0,70,,94405,8,,,0,30,,94404,8,,,0,70,,94406,8,,,0,33,,94407,8,,,0,70,,94408,8,,,0,91,,94409,8,0,5,0,102,,94410,8,0,5,0,111,,94411,8,0,5,0
2201,'5463',741,,94420,8,,,0,80,,94421,8,,,0,29,,94413,8,,,0,67,,94414,8,,,0,30,,94423,8,,,0,69,,94422,8,,,0,29,,94412,8,,,0,69,,94416,8,,,0,30,,94417,8,,,0,70,,94415,8,,,0,28,,94419,8,,,0,69,,94418,8,,,0,30,,94425,8,,,0,70,,94426,8,,,0,31,,94424,8,,,0,70,,94428,8,,,0,35,,94427,8,,,0,70,,94430,8,,,0,30,,94429,8,,,0,70,,94431,8,,,0,33,,94432,8,,,0,70,,94433,8,,,0,91,,94434,8,0,5,0,102,,94435,8,0,5,0,111,,94436,8,0,5,0
14002100,'4832',2131,,77737,30,,,0,100,,77738,30,,,0,99,,77739,30,,,0
14002100,'5453',2131,,81936,30,,,0,100,,81937,30,,,0,99,,81938,30,,,0
14002100,'5456',2129,,104018,30,,,0,30,,104015,30,,,0,70,,104017,30,,,0,99,,104019,30,,,0,98,,104016,30,,,0
14002100,'5458',2129,,104023,30,,,0,30,,104020,30,,,0,70,,104022,30,,,0,99,,104024,30,,,0,98,,104021,30,,,0
14002100,'5459',2130,,104025,30,,,0,70,,104026,30,,,0,30,,104027,30,,,0,102,,104028,30,,,0,97,,104029,30,,,0
14002100,'5460',2131,,104030,30,,,0,100,,104031,30,,,0,99,,104032,30,,,0
14002100,'5461',2131,,104033,30,,,0,100,,104034,30,,,0,99,,104035,30,,,0
14002100,'5462',2131,,104036,30,,,0,100,,104037,30,,,0,99,,104038,30,,,0
14002100,'5463',2131,,104039,30,,,0,100,,104040,30,,,0,99,,104041,30,,,0
