6000,'4832',819,,85614,12,,,0,102,,85615,12,,,0,101,,85617,12,,,0,106,,85616,12,,,0,105,,85620,12,,,0,105,,85619,12,,,0,105,,85618,12,,,0,105,,74278,12,,,0,102,,74284,12,,,0,102,,74285,12,,,0,104,,74286,12,,,0,145,,85621,12,,,0,120,,74282,12,,,0
6000,'5453',819,,85622,12,,,0,102,,85623,12,,,0,101,,85625,12,,,0,106,,85624,12,,,0,105,,85629,12,,,0,105,,85628,12,,,0,105,,85627,12,,,0,105,,85626,12,,,0,102,,85632,12,,,0,102,,85633,12,,,0,104,,85634,12,,,0,145,,85631,12,,,0,120,,85630,12,,,0
6000,'5456',646,,100190,12,,,0,73,,100183,12,,,0,31,,100186,12,,,0,106,,100191,12,,,0,101,,100193,12,,,0,101,,100192,12,,,0,97,,100184,12,,,0,103,,100185,12,,,0,142,,100187,12,,,0,109,,100188,12,,,0,31,,100197,13,,,0,72,,100195,12,,,0,41,,100198,12,,,0,82,,100189,12,,,0,82,,100199,12,,,0,40,,100196,12,,,0,143,,100200,12,,,0,104,,100201,12,,,0,114,,100194,12,,,0
6000,'5458',646,,100209,12,,,0,73,,100202,12,,,0,31,,100205,12,,,0,106,,100210,12,,,0,101,,100212,12,,,0,101,,100211,12,,,0,97,,100203,12,,,0,103,,100204,12,,,0,142,,100206,12,,,0,42,,100214,13,,,0,67,,100207,12,,,0,103,,100215,12,,,0,41,,100217,12,,,0,82,,100208,12,,,0,82,,100218,12,,,0,40,,100216,12,,,0,143,,100219,12,,,0,104,,100220,12,,,0,114,,100213,12,,,0
6000,'5459',718,,100233,12,,,0,100,,100234,12,,,0,102,,100232,12,,,0,101,,100231,12,,,0,106,,100230,12,,,0,105,,100229,12,,,0,105,,100228,12,,,0,106,,100227,12,,,0,106,,100225,12,,,0,102,,100226,12,,,0,103,,100221,12,,,0,103,,100222,12,,,0,145,,100223,12,,,0,120,,100224,12,,,0
6000,'5460',819,,100235,12,,,0,102,,100236,12,,,0,101,,100238,12,,,0,106,,100237,12,,,0,105,,100242,12,,,0,105,,100241,12,,,0,105,,100240,12,,,0,105,,100239,12,,,0,102,,100245,12,,,0,102,,100246,12,,,0,104,,100247,12,,,0,145,,100244,12,,,0,120,,100243,12,,,0
6000,'5461',819,,100248,12,,,0,102,,100249,12,,,0,101,,100251,12,,,0,106,,100250,12,,,0,105,,100255,12,,,0,105,,100254,12,,,0,105,,100253,12,,,0,105,,100252,12,,,0,102,,100258,12,,,0,102,,100259,12,,,0,104,,100260,12,,,0,145,,100257,12,,,0,120,,100256,12,,,0
6000,'5462',819,,100261,12,,,0,102,,100262,12,,,0,101,,100264,12,,,0,106,,100263,12,,,0,105,,100268,12,,,0,105,,100267,12,,,0,105,,100266,12,,,0,105,,100265,12,,,0,102,,100271,12,,,0,102,,100272,12,,,0,104,,100273,12,,,0,145,,100270,12,,,0,120,,100269,12,,,0
6000,'5463',819,,100274,12,,,0,102,,100275,12,,,0,101,,100277,12,,,0,106,,100276,12,,,0,105,,100281,12,,,0,105,,100280,12,,,0,105,,100279,12,,,0,105,,100278,12,,,0,102,,100284,12,,,0,102,,100285,12,,,0,104,,100286,12,,,0,145,,100283,12,,,0,120,,100282,12,,,0
6001,'4832',835,,74363,25,0,28 37 14,0,101,,74364,25,0,28 37 14,0,101,,74365,25,0,28 37 14,0,106,,85650,25,0,28 37 14,0,105,,85653,25,0,28 37 14,0,105,,85654,25,0,28 37 14,0,106,,85652,25,0,28 37 14,0,145,,85651,25,0,28 37 14,0,105,,74371,25,0,28 37 14,0,104,,74372,25,0,28 37 14,0,105,,74370,25,0,28 37 14,0,103,,74374,25,0,28 37 14,0,106,,74373,25,0,28 37 14,0
6001,'5453',835,,81002,25,0,28 37 14,0,101,,81003,25,0,28 37 14,0,101,,81004,25,0,28 37 14,0,106,,81001,25,0,28 37 14,0,105,,81007,25,0,28 37 14,0,105,,81008,25,0,28 37 14,0,106,,81006,25,0,28 37 14,0,145,,81005,25,0,28 37 14,0,105,,81010,25,0,28 37 14,0,104,,81011,25,0,28 37 14,0,105,,81009,25,0,28 37 14,0,103,,81013,25,0,28 37 14,0,106,,81012,25,0,28 37 14,0
6001,'5456',726,,100290,25,0,28 37 14,0,78,,100287,25,0,28 37 14,0,33,,100289,25,0,28 37 14,0,79,,100288,25,0,28 37 14,0,92,,100294,25,0,28 37 14,0,101,,100295,25,0,28 37 14,0,101,,100296,25,0,28 37 14,0,103,,100297,25,0,28 37 14,0,111,,100293,25,0,28 37 14,0,97,,100291,25,0,28 37 14,0,91,,100292,25,0,28 37 14,0,44,,100304,25,0,28 37 14,0,81,,100303,25,0,28 37 14,0,85,,100298,25,0,28 37 14,0,100,,100299,25,0,28 37 14,0,99,,100300,25,0,28 37 14,0,110,,100301,25,0,28 37 14,0,106,,100302,25,0,28 37 14,0
6001,'5458',726,,100308,25,0,28 37 14,0,78,,100305,25,0,28 37 14,0,33,,100307,25,0,28 37 14,0,79,,100306,25,0,28 37 14,0,92,,100312,25,0,28 37 14,0,101,,100313,25,0,28 37 14,0,101,,100314,25,0,28 37 14,0,103,,100315,25,0,28 37 14,0,111,,100311,25,0,28 37 14,0,97,,100309,25,0,28 37 14,0,91,,100310,25,0,28 37 14,0,44,,100322,25,0,28 37 14,0,81,,100321,25,0,28 37 14,0,85,,100316,25,0,28 37 14,0,100,,100317,25,0,28 37 14,0,99,,100318,25,0,28 37 14,0,110,,100319,25,0,28 37 14,0,106,,100320,25,0,28 37 14,0
6001,'5459',735,,100334,25,0,28 37 14,0,101,,100335,25,0,28 37 14,0,101,,100336,25,0,28 37 14,0,101,,100333,25,0,28 37 14,0,105,,100332,25,0,28 37 14,0,105,,100331,25,0,28 37 14,0,106,,100330,25,0,28 37 14,0,105,,100329,25,0,28 37 14,0,144,,100328,25,0,28 37 14,0,105,,100327,25,0,28 37 14,0,105,,100326,25,0,28 37 14,0,105,,100325,25,0,28 37 14,0,103,,100324,25,0,28 37 14,0,107,,100323,25,0,28 37 14,0
6001,'5460',835,,100338,25,0,28 37 14,0,101,,100339,25,0,28 37 14,0,101,,100340,25,0,28 37 14,0,106,,100337,25,0,28 37 14,0,105,,100343,25,0,28 37 14,0,105,,100344,25,0,28 37 14,0,106,,100342,25,0,28 37 14,0,145,,100341,25,0,28 37 14,0,105,,100346,25,0,28 37 14,0,104,,100347,25,0,28 37 14,0,105,,100345,25,0,28 37 14,0,103,,100349,25,0,28 37 14,0,106,,100348,25,0,28 37 14,0
6001,'5461',835,,100351,25,0,28 37 14,0,101,,100352,25,0,28 37 14,0,101,,100353,25,0,28 37 14,0,106,,100350,25,0,28 37 14,0,105,,100356,25,0,28 37 14,0,105,,100357,25,0,28 37 14,0,106,,100355,25,0,28 37 14,0,145,,100354,25,0,28 37 14,0,105,,100359,25,0,28 37 14,0,104,,100360,25,0,28 37 14,0,105,,100358,25,0,28 37 14,0,103,,100362,25,0,28 37 14,0,106,,100361,25,0,28 37 14,0
6001,'5462',835,,100364,25,0,28 37 14,0,101,,100365,25,0,28 37 14,0,101,,100366,25,0,28 37 14,0,106,,100363,25,0,28 37 14,0,105,,100369,25,0,28 37 14,0,105,,100370,25,0,28 37 14,0,106,,100368,25,0,28 37 14,0,145,,100367,25,0,28 37 14,0,105,,100372,25,0,28 37 14,0,104,,100373,25,0,28 37 14,0,105,,100371,25,0,28 37 14,0,103,,100375,25,0,28 37 14,0,106,,100374,25,0,28 37 14,0
6001,'5463',835,,100377,25,0,28 37 14,0,101,,100378,25,0,28 37 14,0,101,,100379,25,0,28 37 14,0,106,,100376,25,0,28 37 14,0,105,,100382,25,0,28 37 14,0,105,,100383,25,0,28 37 14,0,106,,100381,25,0,28 37 14,0,145,,100380,25,0,28 37 14,0,105,,100385,25,0,28 37 14,0,104,,100386,25,0,28 37 14,0,105,,100384,25,0,28 37 14,0,103,,100388,25,0,28 37 14,0,106,,100387,25,0,28 37 14,0
