4800,'5456',630,,98610,28,,,0,25,,98611,28,,,0,66,,98612,28,,,0
4800,'5458',630,,98613,28,,,0,25,,98614,28,,,0,66,,98615,28,,,0
5200,'5456',517,,98732,40,,,0,31,,98736,40,,,0,71,,98734,40,,,0,21,,98745,40,,,0,60,,98733,40,,,0,23,,98762,40,,,0,29,,98735,40,,,0,67,,98763,40,,,0,8,,98737,40,,,0,18,,98764,40,,,0,9,,98744,40,,,0,70,,98738,40,,,0,30,,98758,40,,,0,66,,98739,40,,,0,30,,98740,40,,,0,75,,98741,40,,,0,31,,98759,40,,,0,71,,98742,40,,,0,30,,98743,40,,,0,76,,98746,40,,,0,74,,98760,40,,,0,35,,98747,40,,,0,71,,98748,40,,,0,22,,98770,5,,,0,12,,98765,40,,,0,71,,98749,40,,,0,30,,98761,40,,,0,67,,98750,40,,,0,30,,98751,40,,,0,71,,98766,40,,,0,30,,98752,40,,,0,73,,98753,40,,,0,29,,98754,40,,,0,69,,98767,40,,,0,26,,98755,40,,,0,72,,98756,40,,,0,96,,98769,40,,,0,98,,98757,40,,,0,103,,98768,40,,,0
5200,'5458',517,,98771,40,,,0,31,,98775,40,,,0,71,,98773,40,,,0,21,,98784,40,,,0,60,,98772,40,,,0,23,,98801,40,,,0,29,,98774,40,,,0,67,,98802,40,,,0,8,,98776,40,,,0,18,,98803,40,,,0,9,,98783,40,,,0,70,,98777,40,,,0,30,,98797,40,,,0,66,,98778,40,,,0,30,,98779,40,,,0,75,,98780,40,,,0,31,,98798,40,,,0,71,,98781,40,,,0,30,,98782,40,,,0,76,,98785,40,,,0,74,,98799,40,,,0,31,,98809,5,,,0,4,,98786,40,,,0,71,,98787,40,,,0,34,,98804,40,,,0,71,,98788,40,,,0,30,,98800,40,,,0,67,,98789,40,,,0,30,,98790,40,,,0,71,,98805,40,,,0,30,,98791,40,,,0,73,,98792,40,,,0,29,,98793,40,,,0,69,,98806,40,,,0,26,,98794,40,,,0,72,,98795,40,,,0,96,,98808,40,,,0,98,,98796,40,,,0,103,,98807,40,,,0
5200,'5459',650,,98827,40,,,0,70,,98826,40,,,0,81,,98821,40,,,0,35,,98829,40,,,0,72,,98824,40,,,0,33,,98810,40,,,0,70,,98817,40,,,0,30,,98836,40,,,0,72,,98815,40,,,0,35,,98812,40,,,0,73,,98818,40,,,0,32,,98838,40,,,0,75,,98813,40,,,0,73,,98811,40,,,0,36,,98820,40,,,0,66,,98837,40,,,0,34,,98816,40,,,0,72,,98823,40,,,0,35,,98819,40,,,0,68,,98834,40,,,0,30,,98814,40,,,0,69,,98825,40,,,0,22,,98831,40,,,0,24,,98822,40,,,0,64,,98830,40,,,0,24,,98833,40,,,0,68,,98832,40,,,0,28,,98828,40,,,0,70,,98835,40,,,0,100,,98839,40,,,0,93,,98840,40,,,0,108,,98841,40,,,0
5200,'5460',720,,98863,40,,,0,32,,98845,40,,,0,81,,98848,40,,,0,72,,98862,40,,,0,32,,98856,40,,,0,72,,98844,40,,,0,31,,98847,40,,,0,72,,98858,40,,,0,31,,98852,40,,,0,72,,98843,40,,,0,33,,98846,40,,,0,70,,98861,40,,,0,31,,98854,40,,,0,78,,98842,40,,,0,30,,98850,40,,,0,74,,98860,40,,,0,74,,98853,40,,,0,33,,98869,40,,,0,68,,98849,40,,,0,30,,98859,40,,,0,68,,98855,40,,,0,30,,98857,40,,,0,68,,98851,40,,,0,29,,98865,40,,,0,79,,98864,40,,,0,99,,98866,40,,,0,98,,98868,40,,,0,106,,98867,40,,,0
5200,'5461',720,,98891,40,,,0,32,,98873,40,,,0,81,,98876,40,,,0,72,,98890,40,,,0,32,,98884,40,,,0,72,,98872,40,,,0,31,,98875,40,,,0,72,,98886,40,,,0,31,,98880,40,,,0,72,,98871,40,,,0,33,,98874,40,,,0,70,,98889,40,,,0,31,,98882,40,,,0,78,,98870,40,,,0,30,,98878,40,,,0,74,,98888,40,,,0,74,,98881,40,,,0,33,,98897,40,,,0,68,,98877,40,,,0,30,,98887,40,,,0,68,,98883,40,,,0,30,,98885,40,,,0,68,,98879,40,,,0,29,,98893,40,,,0,79,,98892,40,,,0,99,,98894,40,,,0,98,,98896,40,,,0,106,,98895,40,,,0
5200,'5462',720,,98919,40,,,0,32,,98901,40,,,0,81,,98904,40,,,0,72,,98918,40,,,0,32,,98912,40,,,0,72,,98900,40,,,0,31,,98903,40,,,0,72,,98914,40,,,0,31,,98908,40,,,0,72,,98899,40,,,0,33,,98902,40,,,0,70,,98917,40,,,0,31,,98910,40,,,0,78,,98898,40,,,0,30,,98906,40,,,0,74,,98916,40,,,0,74,,98909,40,,,0,33,,98925,40,,,0,68,,98905,40,,,0,30,,98915,40,,,0,68,,98911,40,,,0,30,,98913,40,,,0,68,,98907,40,,,0,29,,98921,40,,,0,79,,98920,40,,,0,99,,98922,40,,,0,98,,98924,40,,,0,106,,98923,40,,,0
5200,'5463',720,,98947,40,,,0,32,,98929,40,,,0,81,,98932,40,,,0,72,,98946,40,,,0,32,,98940,40,,,0,72,,98928,40,,,0,31,,98931,40,,,0,72,,98942,40,,,0,31,,98936,40,,,0,72,,98927,40,,,0,33,,98930,40,,,0,70,,98945,40,,,0,31,,98938,40,,,0,78,,98926,40,,,0,30,,98934,40,,,0,74,,98944,40,,,0,74,,98937,40,,,0,33,,98953,40,,,0,68,,98933,40,,,0,30,,98943,40,,,0,68,,98939,40,,,0,30,,98941,40,,,0,68,,98935,40,,,0,29,,98949,40,,,0,79,,98948,40,,,0,99,,98950,40,,,0,98,,98952,40,,,0,106,,98951,40,,,0
6000,'5456',642,,100190,4,,,0,73,,100183,4,,,0,31,,100186,4,,,0,106,,100191,4,,,0,101,,100193,4,,,0,101,,100192,4,,,0,97,,100184,4,,,0,103,,100185,4,,,0,102,,100187,4,,,0,149,,100188,4,,,0,30,,100197,5,,,0,73,,100195,4,,,0,41,,100198,4,,,0,82,,100189,4,,,0,82,,100199,4,,,0,41,,100196,4,,,0,103,,100200,4,,,0,144,,100201,4,,,0,114,,100194,4,,,0
6000,'5458',642,,100209,4,,,0,73,,100202,4,,,0,31,,100205,4,,,0,106,,100210,4,,,0,101,,100212,4,,,0,101,,100211,4,,,0,97,,100203,4,,,0,103,,100204,4,,,0,102,,100206,4,,,0,81,,100214,5,,,0,68,,100207,4,,,0,103,,100215,4,,,0,41,,100217,4,,,0,82,,100208,4,,,0,82,,100218,4,,,0,41,,100216,4,,,0,103,,100219,4,,,0,144,,100220,4,,,0,114,,100213,4,,,0
6000,'5459',715,,100233,4,,,0,100,,100234,4,,,0,101,,100232,4,,,0,101,,100231,4,,,0,106,,100230,4,,,0,105,,100229,4,,,0,105,,100228,4,,,0,106,,100227,4,,,0,106,,100225,4,,,0,102,,100226,4,,,0,103,,100221,4,,,0,104,,100222,4,,,0,105,,100223,4,,,0,160,,100224,4,,,0
6000,'5460',816,,100235,4,,,0,101,,100236,4,,,0,101,,100238,4,,,0,106,,100237,4,,,0,105,,100242,4,,,0,105,,100241,4,,,0,105,,100240,4,,,0,105,,100239,4,,,0,102,,100245,4,,,0,103,,100246,4,,,0,104,,100247,4,,,0,105,,100244,4,,,0,160,,100243,4,,,0
6000,'5461',816,,100248,4,,,0,101,,100249,4,,,0,101,,100251,4,,,0,106,,100250,4,,,0,105,,100255,4,,,0,105,,100254,4,,,0,105,,100253,4,,,0,105,,100252,4,,,0,102,,100258,4,,,0,103,,100259,4,,,0,104,,100260,4,,,0,105,,100257,4,,,0,160,,100256,4,,,0
6000,'5462',816,,100261,4,,,0,101,,100262,4,,,0,101,,100264,4,,,0,106,,100263,4,,,0,105,,100268,4,,,0,105,,100267,4,,,0,105,,100266,4,,,0,105,,100265,4,,,0,102,,100271,4,,,0,103,,100272,4,,,0,104,,100273,4,,,0,105,,100270,4,,,0,160,,100269,4,,,0
6000,'5463',816,,100274,4,,,0,101,,100275,4,,,0,101,,100277,4,,,0,106,,100276,4,,,0,105,,100281,4,,,0,105,,100280,4,,,0,105,,100279,4,,,0,105,,100278,4,,,0,102,,100284,4,,,0,103,,100285,4,,,0,104,,100286,4,,,0,105,,100283,4,,,0,160,,100282,4,,,0
6001,'5456',721,,100290,17,0,28 37 14,0,38,,100287,17,0,28 37 14,0,72,,100289,17,0,28 37 14,0,80,,100288,17,0,28 37 14,0,92,,100294,17,0,28 37 14,0,101,,100295,17,0,28 37 14,0,101,,100296,17,0,28 37 14,0,103,,100297,17,0,28 37 14,0,111,,100293,17,0,28 37 14,0,97,,100291,17,0,28 37 14,0,91,,100292,17,0,28 37 14,0,44,,100304,17,0,28 37 14,0,81,,100303,17,0,28 37 14,0,85,,100298,17,0,28 37 14,0,100,,100299,17,0,28 37 14,0,99,,100300,17,0,28 37 14,0,110,,100301,17,0,28 37 14,0,107,,100302,17,0,28 37 14,0
6001,'5458',721,,100308,17,0,28 37 14,0,38,,100305,17,0,28 37 14,0,72,,100307,17,0,28 37 14,0,80,,100306,17,0,28 37 14,0,92,,100312,17,0,28 37 14,0,101,,100313,17,0,28 37 14,0,101,,100314,17,0,28 37 14,0,103,,100315,17,0,28 37 14,0,111,,100311,17,0,28 37 14,0,97,,100309,17,0,28 37 14,0,91,,100310,17,0,28 37 14,0,44,,100322,17,0,28 37 14,0,81,,100321,17,0,28 37 14,0,85,,100316,17,0,28 37 14,0,100,,100317,17,0,28 37 14,0,99,,100318,17,0,28 37 14,0,110,,100319,17,0,28 37 14,0,107,,100320,17,0,28 37 14,0
6001,'5459',731,,100334,17,0,28 37 14,0,101,,100335,17,0,28 37 14,0,100,,100336,17,0,28 37 14,0,101,,100333,17,0,28 37 14,0,105,,100332,17,0,28 37 14,0,105,,100331,17,0,28 37 14,0,106,,100330,17,0,28 37 14,0,105,,100329,17,0,28 37 14,0,104,,100328,17,0,28 37 14,0,145,,100327,17,0,28 37 14,0,105,,100326,17,0,28 37 14,0,105,,100325,17,0,28 37 14,0,104,,100324,17,0,28 37 14,0,107,,100323,17,0,28 37 14,0
6001,'5460',831,,100338,17,0,28 37 14,0,101,,100339,17,0,28 37 14,0,101,,100340,17,0,28 37 14,0,105,,100337,17,0,28 37 14,0,105,,100343,17,0,28 37 14,0,105,,100344,17,0,28 37 14,0,106,,100342,17,0,28 37 14,0,105,,100341,17,0,28 37 14,0,145,,100346,17,0,28 37 14,0,104,,100347,17,0,28 37 14,0,105,,100345,17,0,28 37 14,0,104,,100349,17,0,28 37 14,0,106,,100348,17,0,28 37 14,0
6001,'5461',831,,100351,17,0,28 37 14,0,101,,100352,17,0,28 37 14,0,101,,100353,17,0,28 37 14,0,105,,100350,17,0,28 37 14,0,105,,100356,17,0,28 37 14,0,105,,100357,17,0,28 37 14,0,106,,100355,17,0,28 37 14,0,105,,100354,17,0,28 37 14,0,145,,100359,17,0,28 37 14,0,104,,100360,17,0,28 37 14,0,105,,100358,17,0,28 37 14,0,104,,100362,17,0,28 37 14,0,106,,100361,17,0,28 37 14,0
6001,'5462',831,,100364,17,0,28 37 14,0,101,,100365,17,0,28 37 14,0,101,,100366,17,0,28 37 14,0,105,,100363,17,0,28 37 14,0,105,,100369,17,0,28 37 14,0,105,,100370,17,0,28 37 14,0,106,,100368,17,0,28 37 14,0,105,,100367,17,0,28 37 14,0,145,,100372,17,0,28 37 14,0,104,,100373,17,0,28 37 14,0,105,,100371,17,0,28 37 14,0,104,,100375,17,0,28 37 14,0,106,,100374,17,0,28 37 14,0
6001,'5463',831,,100377,17,0,28 37 14,0,101,,100378,17,0,28 37 14,0,101,,100379,17,0,28 37 14,0,105,,100376,17,0,28 37 14,0,105,,100382,17,0,28 37 14,0,105,,100383,17,0,28 37 14,0,106,,100381,17,0,28 37 14,0,105,,100380,17,0,28 37 14,0,145,,100385,17,0,28 37 14,0,104,,100386,17,0,28 37 14,0,105,,100384,17,0,28 37 14,0,104,,100388,17,0,28 37 14,0,106,,100387,17,0,28 37 14,0
