2501,'5456',647,,94739,53,,,0,81,,94740,53,,,0,81,,94741,53,0,6 7,0,39,,94744,53,,,0,110,,94742,53,,,0,101,,94743,53,,,0,100,,94745,53,,,0,100,,94746,53,,,0,100,,94747,53,,,0,151,,94748,53,,,0,94,,94749,53,,,0,99,,94750,53,,,0,38,,94751,53,,,0,83,,94752,53,,,0,83,,94753,53,,,0,93,,94754,53,,,0,103,,94755,53,,,0,130,,94756,53,,,0,169,,94757,53,,,0
2501,'5458',647,,94758,53,,,0,81,,94759,53,,,0,81,,94760,53,0,6 7,0,39,,94763,53,,,0,110,,94761,53,,,0,101,,94762,53,,,0,100,,94764,53,,,0,100,,94765,53,,,0,100,,94766,53,,,0,151,,94767,53,,,0,94,,94768,53,,,0,99,,94769,53,,,0,38,,94770,53,,,0,83,,94771,53,,,0,83,,94772,53,,,0,93,,94773,53,,,0,103,,94774,53,,,0,130,,94775,53,,,0,169,,94776,53,,,0
2501,'5459',751,,94780,53,,,0,100,,94777,53,,,0,106,,94779,53,,,0,143,,94778,53,,,0,59,,94786,53,,,0,95,,94783,53,,,0,100,,94782,53,,,0,99,,94781,53,,,0,100,,94784,53,,,0,101,,94785,53,,,0,158,,94787,53,,,0,127,,94788,53,,,0,165,,94789,53,,,0,129,,94790,53,,,0,170,,94791,53,,,0
2501,'5460',907,,94793,53,,,0,131,,94792,53,,,0,170,,94794,53,,,0,131,,94795,53,,,0,172,,94796,53,,,0,131,,94797,53,,,0,167,,94798,53,,,0,129,,94799,53,,,0,169,,94800,53,,,0,125,,94801,53,,,0,169,,94802,53,,,0
2501,'5461',907,,94804,53,,,0,131,,94803,53,,,0,170,,94805,53,,,0,131,,94806,53,,,0,172,,94807,53,,,0,131,,94808,53,,,0,167,,94809,53,,,0,129,,94810,53,,,0,169,,94811,53,,,0,125,,94812,53,,,0,169,,94813,53,,,0
2501,'5462',907,,94815,53,,,0,131,,94814,53,,,0,170,,94816,53,,,0,131,,94817,53,,,0,172,,94818,53,,,0,131,,94819,53,,,0,167,,94820,53,,,0,129,,94821,53,,,0,169,,94822,53,,,0,125,,94823,53,,,0,169,,94824,53,,,0
2501,'5463',907,,94826,53,,,0,131,,94825,53,,,0,170,,94827,53,,,0,131,,94828,53,,,0,172,,94829,53,,,0,131,,94830,53,,,0,167,,94831,53,,,0,129,,94832,53,,,0,169,,94833,53,,,0,125,,94834,53,,,0,169,,94835,53,,,0
4000,'5456',635,,98352,5,,,0,80,,98353,5,,,0,27,,98351,5,,,0,65,,98350,5,,,0,108,,98345,5,,,0,103,,98346,5,,,0,98,,98343,5,,,0,101,,98348,5,,,0,98,,98339,5,,,0,98,,98347,5,,,0,98,,98338,5,,,0,43,,98337,5,,,0,70,,98344,5,,,0,32,,98336,5,,,0,75,,98341,5,,,0,95,,98349,5,,,0,103,,98340,5,,,0,130,,98342,5,,,0,383,,98335,5,,,0
4000,'5458',635,,98371,5,,,0,80,,98372,5,,,0,27,,98370,5,,,0,65,,98369,5,,,0,108,,98364,5,,,0,103,,98365,5,,,0,98,,98362,5,,,0,101,,98367,5,,,0,98,,98358,5,,,0,98,,98366,5,,,0,98,,98357,5,,,0,43,,98356,5,,,0,70,,98363,5,,,0,32,,98355,5,,,0,75,,98360,5,,,0,95,,98368,5,,,0,103,,98359,5,,,0,130,,98361,5,,,0,383,,98354,5,,,0
4000,'5459',713,,98382,5,,,0,130,,98383,5,,,0,100,,98373,5,,,0,100,,98376,5,,,0,100,,98378,5,,,0,100,,98384,5,,,0,100,,98374,5,,,0,100,,98375,5,,,0,100,,98379,5,,,0,100,,98385,5,,,0,100,,98377,5,,,0,100,,98381,5,,,0,100,,98380,5,,,0,95,,98386,5,,,0
4000,'5460',808,,98388,5,,,0,135,,98387,5,,,0,100,,98389,5,,,0,100,,98390,5,,,0,100,,98391,5,,,0,100,,98392,5,,,0,100,,98395,5,,,0,100,,98394,5,,,0,100,,98393,5,,,0,100,,98396,5,,,0,100,,98397,5,,,0,100,,98398,5,,,0
4000,'5461',808,,98400,5,,,0,135,,98399,5,,,0,100,,98401,5,,,0,100,,98402,5,,,0,100,,98403,5,,,0,100,,98404,5,,,0,100,,98407,5,,,0,100,,98406,5,,,0,100,,98405,5,,,0,100,,98408,5,,,0,100,,98409,5,,,0,100,,98410,5,,,0
4000,'5462',808,,98412,5,,,0,135,,98411,5,,,0,100,,98413,5,,,0,100,,98414,5,,,0,100,,98415,5,,,0,100,,98416,5,,,0,100,,98419,5,,,0,100,,98418,5,,,0,100,,98417,5,,,0,100,,98420,5,,,0,100,,98421,5,,,0,100,,98422,5,,,0
4000,'5463',808,,98424,5,,,0,135,,98423,5,,,0,100,,98425,5,,,0,100,,98426,5,,,0,100,,98427,5,,,0,100,,98428,5,,,0,100,,98431,5,,,0,100,,98430,5,,,0,100,,98429,5,,,0,100,,98432,5,,,0,100,,98433,5,,,0,100,,98434,5,,,0
4601,'5456',657,,98575,5,,,0,147,,98584,5,,,0,127,,98574,5,,,0,93,,98583,5,,,0,380,,98580,5,,,0,118,,98576,5,,,0,32,,98581,5,,,0,78,,98577,5,,,0,88,,98578,5,,,0,28,,98579,5,,,0,89,,98582,5,,,0
4601,'5458',657,,98587,5,,,0,147,,98596,5,,,0,127,,98586,5,,,0,93,,98595,5,,,0,380,,98592,5,,,0,118,,98588,5,,,0,32,,98593,5,,,0,78,,98589,5,,,0,88,,98590,5,,,0,28,,98591,5,,,0,89,,98594,5,,,0
