6000,'5456',646,,100190,13,,,0,73,,100183,13,,,0,31,,100186,13,,,0,106,,100191,13,,,0,101,,100193,13,,,0,101,,100192,13,,,0,97,,100184,13,,,0,103,,100185,13,,,0,142,,100187,13,,,0,110,,100188,13,,,0,31,,100197,14,,,0,72,,100195,13,,,0,40,,100198,13,,,0,82,,100189,13,,,0,82,,100199,13,,,0,41,,100196,13,,,0,143,,100200,13,,,0,104,,100201,13,,,0,114,,100194,13,,,0
6000,'5458',646,,100209,13,,,0,73,,100202,13,,,0,31,,100205,13,,,0,106,,100210,13,,,0,101,,100212,13,,,0,101,,100211,13,,,0,97,,100203,13,,,0,103,,100204,13,,,0,142,,100206,13,,,0,43,,100214,14,,,0,67,,100207,13,,,0,103,,100215,13,,,0,40,,100217,13,,,0,82,,100208,13,,,0,82,,100218,13,,,0,41,,100216,13,,,0,143,,100219,13,,,0,104,,100220,13,,,0,114,,100213,13,,,0
6000,'5459',719,,100233,13,,,0,100,,100234,13,,,0,101,,100232,13,,,0,101,,100231,13,,,0,106,,100230,13,,,0,105,,100229,13,,,0,105,,100228,13,,,0,106,,100227,13,,,0,106,,100225,13,,,0,102,,100226,13,,,0,103,,100221,13,,,0,104,,100222,13,,,0,145,,100223,13,,,0,120,,100224,13,,,0
6000,'5460',820,,100235,13,,,0,101,,100236,13,,,0,101,,100238,13,,,0,106,,100237,13,,,0,105,,100242,13,,,0,105,,100241,13,,,0,105,,100240,13,,,0,105,,100239,13,,,0,102,,100245,13,,,0,103,,100246,13,,,0,104,,100247,13,,,0,145,,100244,13,,,0,120,,100243,13,,,0
6000,'5461',820,,100248,13,,,0,101,,100249,13,,,0,101,,100251,13,,,0,106,,100250,13,,,0,105,,100255,13,,,0,105,,100254,13,,,0,105,,100253,13,,,0,105,,100252,13,,,0,102,,100258,13,,,0,103,,100259,13,,,0,104,,100260,13,,,0,145,,100257,13,,,0,120,,100256,13,,,0
6000,'5462',820,,100261,13,,,0,101,,100262,13,,,0,101,,100264,13,,,0,106,,100263,13,,,0,105,,100268,13,,,0,105,,100267,13,,,0,105,,100266,13,,,0,105,,100265,13,,,0,102,,100271,13,,,0,103,,100272,13,,,0,104,,100273,13,,,0,145,,100270,13,,,0,120,,100269,13,,,0
6000,'5463',820,,100274,13,,,0,101,,100275,13,,,0,101,,100277,13,,,0,106,,100276,13,,,0,105,,100281,13,,,0,105,,100280,13,,,0,105,,100279,13,,,0,105,,100278,13,,,0,102,,100284,13,,,0,103,,100285,13,,,0,104,,100286,13,,,0,145,,100283,13,,,0,120,,100282,13,,,0
6001,'5456',726,,100290,26,0,28 37 14,0,79,,100287,26,0,28 37 14,0,33,,100289,26,0,28 37 14,0,79,,100288,26,0,28 37 14,0,92,,100294,26,0,28 37 14,0,101,,100295,26,0,28 37 14,0,101,,100296,26,0,28 37 14,0,103,,100297,26,0,28 37 14,0,111,,100293,26,0,28 37 14,0,97,,100291,26,0,28 37 14,0,91,,100292,26,0,28 37 14,0,44,,100304,26,0,28 37 14,0,81,,100303,26,0,28 37 14,0,85,,100298,26,0,28 37 14,0,99,,100299,26,0,28 37 14,0,99,,100300,26,0,28 37 14,0,110,,100301,26,0,28 37 14,0,107,,100302,26,0,28 37 14,0
6001,'5458',726,,100308,26,0,28 37 14,0,79,,100305,26,0,28 37 14,0,33,,100307,26,0,28 37 14,0,79,,100306,26,0,28 37 14,0,92,,100312,26,0,28 37 14,0,101,,100313,26,0,28 37 14,0,101,,100314,26,0,28 37 14,0,103,,100315,26,0,28 37 14,0,111,,100311,26,0,28 37 14,0,97,,100309,26,0,28 37 14,0,91,,100310,26,0,28 37 14,0,44,,100322,26,0,28 37 14,0,81,,100321,26,0,28 37 14,0,85,,100316,26,0,28 37 14,0,99,,100317,26,0,28 37 14,0,99,,100318,26,0,28 37 14,0,110,,100319,26,0,28 37 14,0,107,,100320,26,0,28 37 14,0
6001,'5459',736,,100334,26,0,28 37 14,0,101,,100335,26,0,28 37 14,0,100,,100336,26,0,28 37 14,0,101,,100333,26,0,28 37 14,0,105,,100332,26,0,28 37 14,0,105,,100331,26,0,28 37 14,0,106,,100330,26,0,28 37 14,0,105,,100329,26,0,28 37 14,0,144,,100328,26,0,28 37 14,0,105,,100327,26,0,28 37 14,0,105,,100326,26,0,28 37 14,0,105,,100325,26,0,28 37 14,0,104,,100324,26,0,28 37 14,0,107,,100323,26,0,28 37 14,0
6001,'5460',836,,100338,26,0,28 37 14,0,101,,100339,26,0,28 37 14,0,101,,100340,26,0,28 37 14,0,105,,100337,26,0,28 37 14,0,105,,100343,26,0,28 37 14,0,105,,100344,26,0,28 37 14,0,106,,100342,26,0,28 37 14,0,145,,100341,26,0,28 37 14,0,105,,100346,26,0,28 37 14,0,104,,100347,26,0,28 37 14,0,105,,100345,26,0,28 37 14,0,104,,100349,26,0,28 37 14,0,106,,100348,26,0,28 37 14,0
6001,'5461',836,,100351,26,0,28 37 14,0,101,,100352,26,0,28 37 14,0,101,,100353,26,0,28 37 14,0,105,,100350,26,0,28 37 14,0,105,,100356,26,0,28 37 14,0,105,,100357,26,0,28 37 14,0,106,,100355,26,0,28 37 14,0,145,,100354,26,0,28 37 14,0,105,,100359,26,0,28 37 14,0,104,,100360,26,0,28 37 14,0,105,,100358,26,0,28 37 14,0,104,,100362,26,0,28 37 14,0,106,,100361,26,0,28 37 14,0
6001,'5462',836,,100364,26,0,28 37 14,0,101,,100365,26,0,28 37 14,0,101,,100366,26,0,28 37 14,0,105,,100363,26,0,28 37 14,0,105,,100369,26,0,28 37 14,0,105,,100370,26,0,28 37 14,0,106,,100368,26,0,28 37 14,0,145,,100367,26,0,28 37 14,0,105,,100372,26,0,28 37 14,0,104,,100373,26,0,28 37 14,0,105,,100371,26,0,28 37 14,0,104,,100375,26,0,28 37 14,0,106,,100374,26,0,28 37 14,0
6001,'5463',836,,100377,26,0,28 37 14,0,101,,100378,26,0,28 37 14,0,101,,100379,26,0,28 37 14,0,105,,100376,26,0,28 37 14,0,105,,100382,26,0,28 37 14,0,105,,100383,26,0,28 37 14,0,106,,100381,26,0,28 37 14,0,145,,100380,26,0,28 37 14,0,105,,100385,26,0,28 37 14,0,104,,100386,26,0,28 37 14,0,105,,100384,26,0,28 37 14,0,104,,100388,26,0,28 37 14,0,106,,100387,26,0,28 37 14,0
