3801,'5456',700,,97994,29,,,0,29,,97993,29,,,0,30,,97995,29,,,0,67,,97996,29,,,0,75,,97999,29,,,0,45,,97997,29,,,0,88,,97998,29,,,0,100,,98001,29,,,0,102,,98000,29,,,0,72,,98014,8,,,0,30,,98002,29,,,0,78,,98015,8,,,0,26,,98003,29,,,0,76,,98016,8,,,0,35,,98004,29,,,0,86,,98005,29,,,0,72,,98010,29,,,0,25,,98006,29,,,0,64,,98013,29,,,0,25,,98007,29,,,0,30,,98008,29,,,0,75,,98011,29,,,0,98,,98009,29,,,0,104,,98012,29,,,0
3801,'5458',700,,98018,29,,,0,29,,98017,29,,,0,30,,98019,29,,,0,67,,98020,29,,,0,75,,98023,29,,,0,45,,98021,29,,,0,88,,98022,29,,,0,100,,98025,29,,,0,102,,98024,29,,,0,72,,98038,8,,,0,30,,98026,29,,,0,78,,98039,8,,,0,26,,98027,29,,,0,76,,98040,8,,,0,35,,98028,29,,,0,86,,98029,29,,,0,72,,98034,29,,,0,25,,98030,29,,,0,64,,98037,29,,,0,25,,98031,29,,,0,30,,98032,29,,,0,75,,98035,29,,,0,98,,98033,29,,,0,104,,98036,29,,,0
5400,'4832',724,,73472,40,,,0,203,,85356,40,,,0,212,,85357,40,,,0,207,,85358,40,,,0,205,,85355,40,,,0,250,,73477,40,,,0,203,,73478,40,,,0
5400,'5453',724,,85359,40,,,0,203,,85361,40,,,0,212,,85362,40,,,0,207,,85363,40,,,0,205,,85360,40,,,0,250,,80882,40,,,0,203,,80883,40,,,0
5400,'5456',629,,99287,40,,,0,100,,99290,40,,,0,171,,99289,40,,,0,202,,99288,40,,,0,136,,99291,40,,,0,203,,99295,40,,,0,105,,99293,40,,,0,193,,99294,40,,,0,193,,99296,40,,,0,191,,99292,40,,,0
5400,'5458',629,,99297,40,,,0,100,,99300,40,,,0,171,,99299,40,,,0,202,,99298,40,,,0,136,,99301,40,,,0,203,,99305,40,,,0,105,,99303,40,,,0,193,,99304,40,,,0,193,,99306,40,,,0,191,,99302,40,,,0
5400,'5459',725,,99313,40,,,0,204,,99312,40,,,0,211,,99307,40,,,0,208,,99310,40,,,0,206,,99311,40,,,0,248,,99309,40,,,0,203,,99308,40,,,0
5400,'5460',724,,99314,40,,,0,203,,99316,40,,,0,212,,99317,40,,,0,207,,99318,40,,,0,205,,99315,40,,,0,250,,99319,40,,,0,203,,99320,40,,,0
5400,'5461',724,,99321,40,,,0,203,,99323,40,,,0,212,,99324,40,,,0,207,,99325,40,,,0,205,,99322,40,,,0,250,,99326,40,,,0,203,,99327,40,,,0
5400,'5462',724,,99328,40,,,0,203,,99330,40,,,0,212,,99331,40,,,0,207,,99332,40,,,0,205,,99329,40,,,0,250,,99333,40,,,0,203,,99334,40,,,0
5400,'5463',724,,99335,40,,,0,203,,99337,40,,,0,212,,99338,40,,,0,207,,99339,40,,,0,205,,99336,40,,,0,250,,99340,40,,,0,203,,99341,40,,,0
5500,'4832',821,,85428,36,,,0,202,,85431,36,,,0,214,,85430,36,,,0,206,,85429,36,,,0,210,,85433,36,,,0,247,,85434,36,,,0,222,,85432,36,,,0
5500,'5453',821,,85435,36,,,0,202,,85438,36,,,0,214,,85437,36,,,0,206,,85436,36,,,0,210,,85440,36,,,0,247,,85441,36,,,0,222,,85439,36,,,0
5500,'5456',628,,99397,36,,,0,172,,99401,36,,,0,133,,99400,36,,,0,214,,99399,36,,,0,198,,99398,36,,,0,175,,99402,36,,,0,106,,99406,36,,,0,181,,99404,36,,,0,148,,99403,36,,,0,197,,99405,36,,,0
5500,'5458',628,,99407,36,,,0,172,,99411,36,,,0,133,,99410,36,,,0,214,,99409,36,,,0,198,,99408,36,,,0,175,,99412,36,,,0,106,,99416,36,,,0,181,,99414,36,,,0,148,,99413,36,,,0,197,,99415,36,,,0
5500,'5459',823,,99423,36,,,0,201,,99419,36,,,0,214,,99420,36,,,0,204,,99421,36,,,0,210,,99422,36,,,0,249,,99418,36,,,0,224,,99417,36,,,0
5500,'5460',821,,99424,36,,,0,202,,99427,36,,,0,214,,99426,36,,,0,206,,99425,36,,,0,210,,99429,36,,,0,247,,99430,36,,,0,222,,99428,36,,,0
5500,'5461',821,,99431,36,,,0,202,,99434,36,,,0,214,,99433,36,,,0,206,,99432,36,,,0,210,,99436,36,,,0,247,,99437,36,,,0,222,,99435,36,,,0
5500,'5462',821,,99438,36,,,0,202,,99441,36,,,0,214,,99440,36,,,0,206,,99439,36,,,0,210,,99443,36,,,0,247,,99444,36,,,0,222,,99442,36,,,0
5500,'5463',821,,99445,36,,,0,202,,99448,36,,,0,214,,99447,36,,,0,206,,99446,36,,,0,210,,99450,36,,,0,247,,99451,36,,,0,222,,99449,36,,,0
