4801,'5456',1719,,98618,51,,,0,28,,98617,51,,,0,66,,98616,51,,,0
4801,'5458',1719,,98621,51,,,0,28,,98620,51,,,0,66,,98619,51,,,0
5201,'5456',517,,98955,29,,,0,35,,98954,29,,,0,78,,98957,29,,,0,78,,98956,29,,,0,27,,98965,29,,,0,68,,98958,30,,,0,33,,98982,30,,,0,64,,98959,29,,,0,35,,98960,30,,,0,75,,98961,29,,,0,29,,98983,29,,,0,70,,98963,29,,,0,28,,98962,29,,,0,75,,98964,29,,,0,34,,98981,29,,,0,70,,98967,29,,,0,30,,98966,29,,,0,70,,98987,29,,,0,31,,98968,30,,,0,59,,98991,29,0,38 3 39 49,0,9,,98980,30,,,0,25,,98992,14,0,30 14,0,3,,98993,14,0,30 14,0,73,,98970,30,,,0,37,,98988,30,,,0,63,,98971,30,,,0,25,,98979,30,,,0,62,,98972,29,,,0,30,,98973,29,,,0,69,,98989,29,,,0,30,,98974,29,,,0,73,,98975,29,,,0,28,,98977,29,,,0,68,,98990,29,,,0,26,,98976,29,0,38 3 39 49,0,75,,98978,29,,,0,98,,98986,29,,,0,59,,98984,29,,,0
5201,'5458',517,,98995,29,,,0,35,,98994,29,,,0,78,,98997,29,,,0,78,,98996,29,,,0,27,,99005,29,,,0,68,,98998,30,,,0,33,,99022,30,,,0,64,,98999,29,,,0,35,,99000,30,,,0,75,,99001,29,,,0,29,,99023,29,,,0,70,,99003,29,,,0,28,,99002,29,,,0,75,,99004,29,,,0,34,,99021,29,,,0,70,,99007,29,,,0,30,,99006,29,,,0,70,,99027,29,,,0,26,,99031,14,0,30 14,0,5,,99008,30,,,0,59,,99032,29,0,38 3 39 49,0,9,,99020,30,,,0,28,,99033,14,0,30 14,0,73,,99010,30,,,0,37,,99028,30,,,0,63,,99011,30,,,0,25,,99019,30,,,0,62,,99012,29,,,0,30,,99013,29,,,0,69,,99029,29,,,0,30,,99014,29,,,0,73,,99015,29,,,0,28,,99017,29,,,0,68,,99030,29,,,0,26,,99016,29,0,38 3 39 49,0,75,,99018,29,,,0,98,,99026,29,,,0,59,,99024,29,,,0
5201,'5459',658,,99043,29,,,0,71,,99053,29,,,0,30,,99051,29,,,0,72,,99034,29,,,0,70,,99041,29,,,0,30,,99060,29,,,0,70,,99038,29,,,0,31,,99035,29,,,0,70,,99042,29,,,0,30,,99061,29,,,0,70,,99039,29,,,0,31,,99036,29,,,0,75,,99045,29,,,0,30,,99063,29,,,0,75,,99040,29,,,0,35,,99050,29,,,0,75,,99044,29,,,0,30,,99062,29,,,0,70,,99037,29,,,0,30,,99048,29,,,0,65,,99056,29,,,0,25,,99047,29,,,0,64,,99052,29,,,0,25,,99049,29,,,0,70,,99046,29,,,0,28,,99059,29,,,0,72,,99054,29,,,0,30,,99058,29,,,0,70,,99055,29,,,0,25,,99057,29,0,38 3 39 49,0,30,,99064,29,,,0,143,,99065,29,,,0,100,,99066,29,,,0
5201,'5460',729,,99072,29,,,0,30,,99088,29,,,0,70,,99080,29,,,0,71,,99068,29,,,0,30,,99075,29,,,0,71,,99082,29,,,0,31,,99077,29,,,0,70,,99069,29,,,0,30,,99074,29,,,0,70,,99083,29,,,0,30,,99079,29,,,0,75,,99067,29,,,0,30,,99073,29,,,0,75,,99086,29,,,0,35,,99078,29,,,0,75,,99093,29,,,0,30,,99071,29,,,0,70,,99085,29,,,0,30,,99076,29,,,0,70,,99081,29,,,0,29,,99070,29,,,0,70,,99084,29,,,0,79,,99087,29,,,0,100,,99089,29,,,0,100,,99090,29,,,0,100,,99091,29,,,0,100,,99092,29,,,0
5201,'5461',729,,99099,29,,,0,30,,99115,29,,,0,70,,99107,29,,,0,71,,99095,29,,,0,30,,99102,29,,,0,71,,99109,29,,,0,31,,99104,29,,,0,70,,99096,29,,,0,30,,99101,29,,,0,70,,99110,29,,,0,30,,99106,29,,,0,75,,99094,29,,,0,30,,99100,29,,,0,75,,99113,29,,,0,35,,99105,29,,,0,75,,99120,29,,,0,30,,99098,29,,,0,70,,99112,29,,,0,30,,99103,29,,,0,70,,99108,29,,,0,29,,99097,29,,,0,70,,99111,29,,,0,79,,99114,29,,,0,100,,99116,29,,,0,100,,99117,29,,,0,100,,99118,29,,,0,100,,99119,29,,,0
5201,'5462',729,,99126,29,,,0,30,,99142,29,,,0,70,,99134,29,,,0,71,,99122,29,,,0,30,,99129,29,,,0,71,,99136,29,,,0,31,,99131,29,,,0,70,,99123,29,,,0,30,,99128,29,,,0,70,,99137,29,,,0,30,,99133,29,,,0,75,,99121,29,,,0,30,,99127,29,,,0,75,,99140,29,,,0,35,,99132,29,,,0,75,,99147,29,,,0,30,,99125,29,,,0,70,,99139,29,,,0,30,,99130,29,,,0,70,,99135,29,,,0,29,,99124,29,,,0,70,,99138,29,,,0,79,,99141,29,,,0,100,,99143,29,,,0,100,,99144,29,,,0,100,,99145,29,,,0,100,,99146,29,,,0
5201,'5463',729,,99153,29,,,0,30,,99169,29,,,0,70,,99161,29,,,0,71,,99149,29,,,0,30,,99156,29,,,0,71,,99163,29,,,0,31,,99158,29,,,0,70,,99150,29,,,0,30,,99155,29,,,0,70,,99164,29,,,0,30,,99160,29,,,0,75,,99148,29,,,0,30,,99154,29,,,0,75,,99167,29,,,0,35,,99159,29,,,0,75,,99174,29,,,0,30,,99152,29,,,0,70,,99166,29,,,0,30,,99157,29,,,0,70,,99162,29,,,0,29,,99151,29,,,0,70,,99165,29,,,0,79,,99168,29,,,0,100,,99170,29,,,0,100,,99171,29,,,0,100,,99172,29,,,0,100,,99173,29,,,0
5500,'5456',621,,99397,27,,,0,131,,99401,27,,,0,174,,99400,27,,,0,214,,99399,27,,,0,198,,99398,27,,,0,173,,99402,27,,,0,106,,99406,27,,,0,183,,99404,27,,,0,149,,99403,27,,,0,198,,99405,27,,,0
5500,'5458',621,,99407,27,,,0,131,,99411,27,,,0,174,,99410,27,,,0,214,,99409,27,,,0,198,,99408,27,,,0,173,,99412,27,,,0,106,,99416,27,,,0,183,,99414,27,,,0,149,,99413,27,,,0,198,,99415,27,,,0
5500,'5459',816,,99423,27,,,0,201,,99419,27,,,0,213,,99420,27,,,0,204,,99421,27,,,0,211,,99422,27,,,0,209,,99418,27,,,0,264,,99417,27,,,0
5500,'5460',815,,99424,27,,,0,201,,99427,27,,,0,214,,99426,27,,,0,205,,99425,27,,,0,210,,99429,27,,,0,208,,99430,27,,,0,264,,99428,27,,,0
5500,'5461',815,,99431,27,,,0,201,,99434,27,,,0,214,,99433,27,,,0,205,,99432,27,,,0,210,,99436,27,,,0,208,,99437,27,,,0,264,,99435,27,,,0
5500,'5462',815,,99438,27,,,0,201,,99441,27,,,0,214,,99440,27,,,0,205,,99439,27,,,0,210,,99443,27,,,0,208,,99444,27,,,0,264,,99442,27,,,0
5500,'5463',815,,99445,27,,,0,201,,99448,27,,,0,214,,99447,27,,,0,205,,99446,27,,,0,210,,99450,27,,,0,208,,99451,27,,,0,264,,99449,27,,,0
6400,'5456',738,,100772,53,,,0,507,,100775,84,,,0,580,,100774,69,,,0
6400,'5458',738,,100779,53,,,0,507,,100782,84,,,0,580,,100781,69,,,0
