200,'4832',712,,63405,33,,,0,121,,63404,33,,,0,122,,63403,33,,,0,101,,63384,33,,,0,81,,63402,33,,,0,81,,63390,33,,,0,40,,63388,33,,,0,80,,77852,33,,,0,82,,63385,33,,,0,80,,63396,33,,,0,40,,63391,33,,,0,80,,63386,33,,,0,39,,77853,33,,,0,79,,63387,33,,,0,74,,63397,33,,,0,39,,63393,33,,,0,94,,63398,33,,,0,80,,63394,33,,,0,80,,63400,33,,,0,39,,63401,33,,,0,80,,63399,33,,,0,79,,63406,33,,,0,39,,63407,33,,,0
200,'5453',712,,77877,33,,,0,121,,77876,33,,,0,122,,77875,33,,,0,101,,77856,33,,,0,81,,77874,33,,,0,81,,77862,33,,,0,40,,77860,33,,,0,80,,77855,33,,,0,82,,77857,33,,,0,80,,77868,33,,,0,40,,77863,33,,,0,80,,77858,33,,,0,39,,77861,33,,,0,79,,77859,33,,,0,74,,77869,33,,,0,39,,77865,33,,,0,94,,77870,33,,,0,80,,77866,33,,,0,80,,77872,33,,,0,39,,77873,33,,,0,80,,77871,33,,,0,79,,77878,33,,,0,39,,77879,33,,,0
200,'5456',606,,87484,33,,,0,41,,87485,33,,,0,61,,87486,33,,,0,32,,87487,33,,,0,72,,87488,33,,,0,31,,87489,33,,,0,71,,87490,33,,,0,29,,87491,33,,,0,86,,87493,33,,,0,78,,87494,33,,,0,41,,87495,33,,,0,81,,87496,33,,,0,80,,87497,33,,,0,41,,87498,33,,,0,80,,87499,33,,,0,79,,87500,33,,,0,35,,87518,33,,,0,77,,87514,33,,,0,36,,87516,33,,,0,88,,87508,33,,,0,72,,87506,33,,,0,39,,87513,33,,,0,89,,87505,33,,,0,78,,87512,33,,,0,82,,87504,33,,,0,40,,87511,33,,,0,78,,87503,33,,,0,79,,87510,33,,,0,39,,87502,33,,,0,78,,87509,33,,,0
200,'5458',606,,87519,33,,,0,41,,87520,33,,,0,61,,87521,33,,,0,32,,87522,33,,,0,72,,87523,33,,,0,31,,87524,33,,,0,71,,87525,33,,,0,29,,87526,33,,,0,86,,87528,33,,,0,78,,87529,33,,,0,41,,87530,33,,,0,81,,87531,33,,,0,80,,87532,33,,,0,41,,87533,33,,,0,80,,87534,33,,,0,79,,87535,33,,,0,35,,87554,33,,,0,77,,87550,33,,,0,36,,87552,33,,,0,88,,87544,33,,,0,72,,87542,33,,,0,39,,87549,33,,,0,89,,87541,33,,,0,78,,87548,33,,,0,82,,87540,33,,,0,40,,87547,33,,,0,78,,87539,33,,,0,79,,87546,33,,,0,39,,87538,33,,,0,78,,87545,33,,,0
200,'5459',616,,87574,33,,,0,113,,87577,33,,,0,121,,87575,33,,,0,80,,87563,33,,,0,87,,87576,33,,,0,40,,87561,33,,,0,80,,87555,33,,,0,81,,87562,33,,,0,40,,87556,33,,,0,81,,87569,33,,,0,81,,87557,33,,,0,81,,87560,33,,,0,40,,87559,33,,,0,79,,87558,33,,,0,80,,87572,33,,,0,39,,87573,33,,,0,74,,87571,33,,,0,40,,87565,33,,,0,75,,87566,33,,,0,94,,87568,33,,,0,80,,87567,33,,,0,45,,87583,33,,,0,80,,87580,33,,,0,80,,87579,33,,,0,37,,87581,33,,,0,79,,87578,33,,,0
200,'5460',712,,87607,33,,,0,121,,87606,33,,,0,122,,87605,33,,,0,101,,87586,33,,,0,81,,87604,33,,,0,81,,87592,33,,,0,40,,87590,33,,,0,80,,87585,33,,,0,82,,87587,33,,,0,80,,87598,33,,,0,40,,87593,33,,,0,80,,87588,33,,,0,39,,87591,33,,,0,79,,87589,33,,,0,74,,87599,33,,,0,39,,87595,33,,,0,94,,87600,33,,,0,80,,87596,33,,,0,80,,87602,33,,,0,39,,87603,33,,,0,80,,87601,33,,,0,79,,87608,33,,,0,39,,87609,33,,,0
200,'5461',712,,87632,33,,,0,121,,87631,33,,,0,122,,87630,33,,,0,101,,87611,33,,,0,81,,87629,33,,,0,81,,87617,33,,,0,40,,87615,33,,,0,80,,87610,33,,,0,82,,87612,33,,,0,80,,87623,33,,,0,40,,87618,33,,,0,80,,87613,33,,,0,39,,87616,33,,,0,79,,87614,33,,,0,74,,87624,33,,,0,39,,87620,33,,,0,94,,87625,33,,,0,80,,87621,33,,,0,80,,87627,33,,,0,39,,87628,33,,,0,80,,87626,33,,,0,79,,87633,33,,,0,39,,87634,33,,,0
200,'5462',712,,87657,33,,,0,121,,87656,33,,,0,122,,87655,33,,,0,101,,87636,33,,,0,81,,87654,33,,,0,81,,87642,33,,,0,40,,87640,33,,,0,80,,87635,33,,,0,82,,87637,33,,,0,80,,87648,33,,,0,40,,87643,33,,,0,80,,87638,33,,,0,39,,87641,33,,,0,79,,87639,33,,,0,74,,87649,33,,,0,39,,87645,33,,,0,94,,87650,33,,,0,80,,87646,33,,,0,80,,87652,33,,,0,39,,87653,33,,,0,80,,87651,33,,,0,79,,87658,33,,,0,39,,87659,33,,,0
200,'5463',712,,87682,33,,,0,121,,87681,33,,,0,122,,87680,33,,,0,101,,87661,33,,,0,81,,87679,33,,,0,81,,87667,33,,,0,40,,87665,33,,,0,80,,87660,33,,,0,82,,87662,33,,,0,80,,87673,33,,,0,40,,87668,33,,,0,80,,87663,33,,,0,39,,87666,33,,,0,79,,87664,33,,,0,74,,87674,33,,,0,39,,87670,33,,,0,94,,87675,33,,,0,80,,87671,33,,,0,80,,87677,33,,,0,39,,87678,33,,,0,80,,87676,33,,,0,79,,87683,33,,,0,39,,87684,33,,,0
500,'4832',752,,64753,33,,,0,162,,64752,33,,,0,122,,64751,33,,,0,81,,64746,33,,,0,40,,78079,33,,,0,81,,64741,33,,,0,80,,64754,33,,,0,41,,64747,33,,,0,81,,64744,33,,,0,80,,78080,33,,,0,80,,64743,33,,,0,40,,64755,33,,,0,78,,64748,33,,,0,35,,64745,33,,,0,78,,78081,33,,,0,80,,64750,33,,,0
500,'5453',752,,78095,33,,,0,162,,78094,33,,,0,122,,78093,33,,,0,81,,78088,33,,,0,40,,78082,33,,,0,81,,78083,33,,,0,80,,78096,33,,,0,41,,78089,33,,,0,81,,78086,33,,,0,80,,78084,33,,,0,80,,78085,33,,,0,40,,78097,33,,,0,78,,78090,33,,,0,35,,78087,33,,,0,78,,78091,33,,,0,80,,78092,33,,,0
500,'5456',625,,89074,33,,,0,98,,89075,33,,,0,34,,89076,33,,,0,71,,89077,33,,,0,31,,89078,33,,,0,68,,89079,33,,,0,87,,89080,33,,,0,33,,89081,33,,,0,80,,89082,33,,,0,81,,89083,33,,,0,41,,89084,33,,,0,82,,89085,33,,,0,78,,89086,33,,,0,40,,89087,33,,,0,77,,89092,33,,,0,76,,89090,33,,,0,37,,89088,33,,,0,74,,89091,33,,,0,88,,89093,33,,,0,36,,89095,33,,,0,83,,89089,33,,,0,85,,89094,33,,,0
500,'5458',625,,89096,33,,,0,98,,89097,33,,,0,34,,89098,33,,,0,71,,89099,33,,,0,31,,89100,33,,,0,68,,89101,33,,,0,87,,89102,33,,,0,33,,89103,33,,,0,80,,89104,33,,,0,81,,89105,33,,,0,41,,89106,33,,,0,82,,89107,33,,,0,78,,89108,33,,,0,40,,89109,33,,,0,77,,89114,33,,,0,76,,89112,33,,,0,37,,89110,33,,,0,74,,89113,33,,,0,88,,89115,33,,,0,36,,89117,33,,,0,83,,89111,33,,,0,85,,89116,33,,,0
500,'5459',651,,89129,33,,,0,157,,89125,33,,,0,102,,89128,33,,,0,42,,89119,33,,,0,85,,89126,33,,,0,80,,89120,33,,,0,41,,89135,33,,,0,80,,89127,33,,,0,81,,89118,33,,,0,81,,89124,33,,,0,40,,89121,33,,,0,81,,89131,33,,,0,80,,89122,33,,,0,39,,89123,33,,,0,79,,89132,33,,,0,35,,89133,33,,,0,78,,89134,33,,,0,80,,89130,33,,,0,89,,89136,33,,,0
500,'5460',752,,89150,33,,,0,162,,89149,33,,,0,122,,89148,33,,,0,81,,89143,33,,,0,40,,89137,33,,,0,81,,89138,33,,,0,80,,89151,33,,,0,41,,89144,33,,,0,81,,89141,33,,,0,80,,89139,33,,,0,80,,89140,33,,,0,40,,89152,33,,,0,78,,89145,33,,,0,35,,89142,33,,,0,78,,89146,33,,,0,80,,89147,33,,,0
500,'5461',752,,89166,33,,,0,162,,89163,33,,,0,122,,89165,33,,,0,81,,89159,33,,,0,40,,89153,33,,,0,81,,89154,33,,,0,80,,89167,33,,,0,41,,89160,33,,,0,81,,89157,33,,,0,80,,89155,33,,,0,80,,89156,33,,,0,40,,89168,33,,,0,78,,89161,33,,,0,35,,89158,33,,,0,78,,89162,33,,,0,80,,89164,33,,,0
500,'5462',752,,89182,33,,,0,162,,89181,33,,,0,122,,89180,33,,,0,81,,89175,33,,,0,40,,89169,33,,,0,81,,89170,33,,,0,80,,89183,33,,,0,41,,89176,33,,,0,81,,89173,33,,,0,80,,89171,33,,,0,80,,89172,33,,,0,40,,89184,33,,,0,78,,89177,33,,,0,35,,89174,33,,,0,78,,89178,33,,,0,80,,89179,33,,,0
500,'5463',752,,89198,33,,,0,162,,89197,33,,,0,122,,89196,33,,,0,81,,89191,33,,,0,40,,89185,33,,,0,81,,89186,33,,,0,80,,89199,33,,,0,41,,89192,33,,,0,81,,89189,33,,,0,80,,89187,33,,,0,80,,89188,33,,,0,40,,89200,33,,,0,78,,89193,33,,,0,35,,89190,33,,,0,78,,89194,33,,,0,80,,89195,33,,,0
800,'4832',908,,65995,30,,,0,47,,65996,30,,,0,90,,65997,30,,,0,86,,65998,30,,,0,91,,65999,30,,,0,92,,65994,30,,,0,90,,66000,30,,,0,52,,66001,30,,,0,91,,66002,30,,,0,91,,66003,30,,,0,88,,66004,30,,,0
800,'5453',908,,78736,30,,,0,47,,78737,30,,,0,90,,78738,30,,,0,86,,78739,30,,,0,91,,78740,30,,,0,92,,78735,30,,,0,90,,78741,30,,,0,52,,78742,30,,,0,91,,78743,30,,,0,91,,78744,30,,,0,88,,78745,30,,,0
800,'5456',651,,90530,41,,,0,90,,90531,41,,,0,74,,90532,41,,,0,21,,90554,41,,,0,19,,90534,41,,,0,86,,90533,41,,,0,75,,90536,41,,,0,41,,90535,41,,,0,85,,90537,41,,,0,78,,90540,41,,,0,84,,90538,41,,,0,44,,90539,41,,,0,84,,90542,41,,,0,102,,90541,41,,,0,83,,90544,41,,,0,86,,90543,41,,,0,29,,90546,41,,,0,71,,90545,41,,,0,32,,90548,41,,,0,69,,90547,41,,,0,29,,90549,41,,,0,94,,90550,41,,,0,83,,90551,41,,,0,96,,90552,41,,,0,42,,90553,41,,,0
800,'5458',651,,90556,41,,,0,90,,90557,41,,,0,74,,90558,41,,,0,21,,90580,41,,,0,19,,90560,41,,,0,86,,90559,41,,,0,75,,90562,41,,,0,41,,90561,41,,,0,85,,90563,41,,,0,78,,90566,41,,,0,84,,90564,41,,,0,44,,90565,41,,,0,84,,90568,41,,,0,102,,90567,41,,,0,83,,90570,41,,,0,86,,90569,41,,,0,29,,90572,41,,,0,71,,90571,41,,,0,32,,90574,41,,,0,69,,90573,41,,,0,29,,90575,41,,,0,94,,90576,41,,,0,83,,90577,41,,,0,96,,90578,41,,,0,42,,90579,41,,,0
800,'5459',738,,90588,30,,,0,85,,90589,30,,,0,86,,90590,30,,,0,47,,90583,30,,,0,90,,90584,30,,,0,87,,90582,30,,,0,90,,90585,30,,,0,91,,90586,30,,,0,92,,90587,30,,,0,52,,90591,30,,,0,90,,90592,30,,,0,91,,90593,30,,,0,88,,90594,30,,,0,84,,90595,30,,,0,45,,90596,30,,,0
800,'5460',908,,90598,30,,,0,47,,90599,30,,,0,90,,90600,30,,,0,86,,90601,30,,,0,91,,90602,30,,,0,92,,90597,30,,,0,90,,90603,30,,,0,52,,90604,30,,,0,91,,90605,30,,,0,91,,90606,30,,,0,88,,90607,30,,,0
800,'5461',908,,90609,30,,,0,47,,90610,30,,,0,90,,90611,30,,,0,86,,90612,30,,,0,91,,90613,30,,,0,92,,90608,30,,,0,90,,90614,30,,,0,52,,90615,30,,,0,91,,90616,30,,,0,91,,90617,30,,,0,88,,90618,30,,,0
800,'5462',908,,90620,30,,,0,47,,90621,30,,,0,90,,90622,30,,,0,86,,90623,30,,,0,91,,90624,30,,,0,92,,90619,30,,,0,90,,90625,30,,,0,52,,90626,30,,,0,91,,90627,30,,,0,91,,90628,30,,,0,88,,90629,30,,,0
800,'5463',908,,90631,30,,,0,47,,90632,30,,,0,90,,90633,30,,,0,86,,90634,30,,,0,91,,90635,30,,,0,92,,90630,30,,,0,90,,90636,30,,,0,52,,90637,30,,,0,91,,90638,30,,,0,91,,90639,30,,,0,88,,90640,30,,,0
