6100,'4832',643,,74518,16,0,30 14,0,104,,74519,16,0,30 14,0,83,,74520,16,0,30 14,0,96,,74521,16,0,30 14,0,82,,74522,16,0,30 14,0,46,,74523,16,0,30 14,0,97,,74524,16,0,30 14,0,82,,74525,16,0,30 14,0,101,,74526,16,0,30 14,0,94,,74527,16,0,30 14,0,103,,74528,16,0,30 14,0,79,,74529,16,0,30 14,0,102,,74530,16,0,30 14,0,46,,74531,16,0,30 14,0,143,,74532,16,0,30 14,0,46,,74533,16,0,30 14,0,86,,74534,16,0,30 14,0,101,,74535,16,0,30 14,0,93,,74536,16,0,30 14,0,101,,74537,16,0,30 14,0,75,,74538,16,0,30,0
6100,'5453',643,,81016,16,0,30 14,0,104,,81017,16,0,30 14,0,83,,81018,16,0,30 14,0,96,,81019,16,0,30 14,0,82,,81020,16,0,30 14,0,46,,81021,16,0,30 14,0,97,,81022,16,0,30 14,0,82,,81023,16,0,30 14,0,101,,81024,16,0,30 14,0,94,,81025,16,0,30 14,0,103,,81026,16,0,30 14,0,79,,81027,16,0,30 14,0,102,,81028,16,0,30 14,0,46,,81029,16,0,30 14,0,143,,81030,16,0,30 14,0,46,,81031,16,0,30 14,0,86,,81032,16,0,30 14,0,101,,81033,16,0,30 14,0,93,,81034,16,0,30 14,0,101,,81035,16,0,30 14,0,75,,81036,16,0,30,0
6100,'5456',526,,100420,34,,,0,77,,100418,34,,,0,12,,100419,34,,,0,21,,100412,34,,,0,20,,100411,34,,,0,60,,100406,34,,,0,19,,100405,34,,,0,68,,100404,34,,,0,19,,100424,16,0,30 14,0,80,,100417,16,0,30 14,0,36,,100413,16,0,30 14,0,64,,100422,16,0,30 14,0,36,,100407,16,0,30 14,0,88,,100414,16,0,30 14,0,76,,100421,16,0,30 14,0,35,,100408,16,0,30 14,0,74,,100415,16,0,30 14,0,39,,100423,16,0,30 14,0,70,,100409,16,0,30 14,0,39,,100416,16,0,30 14,0,73,,100403,16,0,30 14,0,27,,100425,16,0,30 14,0,55,,100402,16,0,30 14,0,26,,100401,16,0,30 14,0,79,,100398,16,0,30 14,0,30,,100410,16,0,30 14,0,65,,100400,16,0,30 14,0,28,,100393,16,0,30 14,0,72,,100392,16,0,30 14,0,31,,100399,16,0,30 14,0,70,,100394,16,0,30 14,0,95,,100389,16,0,30 14,0,41,,100395,16,0,30 14,0,104,,100390,16,0,30 14,0,73,,100396,16,0,30 14,0,100,,100391,16,0,30 14,0,75,,100397,16,0,30 14,0
6100,'5458',526,,100459,34,,,0,77,,100457,34,,,0,12,,100458,34,,,0,21,,100451,34,,,0,20,,100450,34,,,0,60,,100445,34,,,0,19,,100444,34,,,0,68,,100443,34,,,0,19,,100463,16,0,30 14,0,80,,100456,16,0,30 14,0,36,,100452,16,0,30 14,0,64,,100461,16,0,30 14,0,36,,100446,16,0,30 14,0,88,,100453,16,0,30 14,0,76,,100460,16,0,30 14,0,35,,100447,16,0,30 14,0,74,,100454,16,0,30 14,0,39,,100462,16,0,30 14,0,70,,100448,16,0,30 14,0,27,,100442,16,0,30 14,0,12,,100455,16,0,30 14,0,73,,100441,16,0,30 14,0,82,,100440,16,0,30 14,0,26,,100439,16,0,30 14,0,79,,100436,16,0,30 14,0,30,,100449,16,0,30 14,0,65,,100438,16,0,30 14,0,28,,100431,16,0,30 14,0,72,,100430,16,0,30 14,0,31,,100437,16,0,30 14,0,70,,100432,16,0,30 14,0,95,,100427,16,0,30 14,0,41,,100433,16,0,30 14,0,104,,100428,16,0,30 14,0,73,,100434,16,0,30 14,0,100,,100429,16,0,30 14,0,75,,100435,16,0,30 14,0,100,,100426,16,0,30,0
6100,'5459',639,,100465,16,0,30 14,0,99,,100466,16,0,30 14,0,82,,100464,16,0,30 14,0,98,,100467,16,0,30 14,0,95,,100468,16,0,30 14,0,42,,100469,16,0,30 14,0,75,,100470,16,0,30 14,0,87,,100471,16,0,30 14,0,35,,100472,16,0,30 14,0,75,,100473,16,0,30 14,0,76,,100474,16,0,30 14,0,37,,100475,16,0,30 14,0,77,,100476,16,0,30 14,0,37,,100477,16,0,30 14,0,66,,100478,16,0,30 14,0,38,,100479,16,0,30 14,0,81,,100480,16,0,30 14,0,72,,100481,16,0,30 14,0,31,,100482,16,0,30 14,0,71,,100483,16,0,30 14,0,33,,100484,16,0,30 14,0,83,,100485,16,0,30 14,0,81,,100486,16,0,30 14,0,41,,100487,16,0,30 14,0,103,,100488,16,0,30 14,0,73,,100489,16,0,30 14,0,100,,100490,16,0,30 14,0,78,,100491,16,0,30,0,100,,100492,16,0,30,0
6100,'5460',643,,100493,16,0,30 14,0,104,,100494,16,0,30 14,0,83,,100495,16,0,30 14,0,96,,100496,16,0,30 14,0,82,,100497,16,0,30 14,0,46,,100498,16,0,30 14,0,97,,100499,16,0,30 14,0,82,,100500,16,0,30 14,0,101,,100501,16,0,30 14,0,94,,100502,16,0,30 14,0,103,,100503,16,0,30 14,0,79,,100504,16,0,30 14,0,102,,100505,16,0,30 14,0,46,,100506,16,0,30 14,0,143,,100507,16,0,30 14,0,46,,100508,16,0,30 14,0,86,,100509,16,0,30 14,0,101,,100510,16,0,30 14,0,93,,100511,16,0,30 14,0,101,,100512,16,0,30 14,0,75,,100513,16,0,30,0
6100,'5461',643,,100514,16,0,30 14,0,104,,100515,16,0,30 14,0,83,,100516,16,0,30 14,0,96,,100517,16,0,30 14,0,82,,100518,16,0,30 14,0,46,,100519,16,0,30 14,0,97,,100520,16,0,30 14,0,82,,100521,16,0,30 14,0,101,,100522,16,0,30 14,0,94,,100523,16,0,30 14,0,103,,100524,16,0,30 14,0,79,,100525,16,0,30 14,0,102,,100526,16,0,30 14,0,46,,100527,16,0,30 14,0,143,,100528,16,0,30 14,0,46,,100529,16,0,30 14,0,86,,100530,16,0,30 14,0,101,,100531,16,0,30 14,0,93,,100532,16,0,30 14,0,101,,100533,16,0,30 14,0,75,,100534,16,0,30,0
6100,'5462',643,,100535,16,0,30 14,0,104,,100536,16,0,30 14,0,83,,100537,16,0,30 14,0,96,,100538,16,0,30 14,0,82,,100539,16,0,30 14,0,46,,100540,16,0,30 14,0,97,,100541,16,0,30 14,0,82,,100542,16,0,30 14,0,101,,100543,16,0,30 14,0,94,,100544,16,0,30 14,0,103,,100545,16,0,30 14,0,79,,100546,16,0,30 14,0,102,,100547,16,0,30 14,0,46,,100548,16,0,30 14,0,143,,100549,16,0,30 14,0,46,,100550,16,0,30 14,0,86,,100551,16,0,30 14,0,101,,100552,16,0,30 14,0,93,,100553,16,0,30 14,0,101,,100554,16,0,30 14,0,75,,100555,16,0,30,0
6100,'5463',643,,100556,16,0,30 14,0,104,,100557,16,0,30 14,0,83,,100558,16,0,30 14,0,96,,100559,16,0,30 14,0,82,,100560,16,0,30 14,0,46,,100561,16,0,30 14,0,97,,100562,16,0,30 14,0,82,,100563,16,0,30 14,0,101,,100564,16,0,30 14,0,94,,100565,16,0,30 14,0,103,,100566,16,0,30 14,0,79,,100567,16,0,30 14,0,102,,100568,16,0,30 14,0,46,,100569,16,0,30 14,0,143,,100570,16,0,30 14,0,46,,100571,16,0,30 14,0,86,,100572,16,0,30 14,0,101,,100573,16,0,30 14,0,93,,100574,16,0,30 14,0,101,,100575,16,0,30 14,0,75,,100576,16,0,30,0
6400,'5456',858,,100776,15,0,32 33,0,296,,100775,30,,,0,372,,100773,30,0,32 33,0,207,,100774,15,,,0
6400,'5458',858,,100783,15,0,32 33,0,296,,100782,30,,,0,372,,100780,30,0,32 33,0,207,,100781,15,,,0
6500,'5456',547,,100802,25,,,0,94,,100801,25,,,0,61,,100800,25,,,0,43,,100799,25,,,0
6500,'5458',547,,100806,25,,,0,94,,100805,25,,,0,61,,100804,25,,,0,43,,100803,25,,,0
