2401,'4832',819,,83680,39,,,0,130,,83681,39,,,0,174,,83682,39,,,0,127,,83683,39,,,0,172,,83684,39,,,0,132,,83685,39,,,0,169,,83686,39,,,0,128,,83687,39,,,0,169,,83688,39,,,0,125,,83689,39,,,0,168,,83690,39,,,0
2401,'5453',819,,83691,39,,,0,130,,83692,39,,,0,174,,83693,39,,,0,127,,83694,39,,,0,172,,83695,39,,,0,132,,83696,39,,,0,169,,83697,39,,,0,128,,83698,39,,,0,169,,83699,39,,,0,125,,83700,39,,,0,168,,83701,39,,,0
2401,'5456',522,,94538,39,,,0,93,,94539,39,,,0,90,,94540,39,,,0,46,,94541,39,,,0,74,,94542,39,,,0,96,,94543,39,,,0,105,,94544,39,,,0,100,,94545,39,,,0,101,,94546,39,,,0,100,,94547,39,,,0,113,,94548,39,,,0,105,,94549,39,,,0,88,,94550,39,,,0,88,,94551,39,,,0,34,,94552,39,,,0,89,,94553,39,,,0,85,,94554,39,,,0,102,,94555,39,,,0,115,,94556,39,,,0,168,,94557,39,,,0,120,,94558,39,,,0
2401,'5458',522,,94559,39,,,0,93,,94560,39,,,0,90,,94561,39,,,0,46,,94562,39,,,0,74,,94563,39,,,0,96,,94564,39,,,0,105,,94565,39,,,0,100,,94566,39,,,0,101,,94567,39,,,0,100,,94568,39,,,0,113,,94569,39,,,0,105,,94570,39,,,0,88,,94571,39,,,0,88,,94572,39,,,0,34,,94573,39,,,0,89,,94574,39,,,0,85,,94575,39,,,0,102,,94576,39,,,0,115,,94577,39,,,0,168,,94578,39,,,0,120,,94579,39,,,0
2401,'5459',712,,94586,39,,,0,108,,94585,39,,,0,105,,94587,39,,,0,100,,94583,39,,,0,103,,94580,39,,,0,98,,94581,39,,,0,95,,94582,39,,,0,101,,94589,39,,,0,98,,94584,39,,,0,102,,94588,39,,,0,104,,94590,39,,,0,127,,94591,39,,,0,164,,94592,39,,,0,130,,94593,39,,,0,170,,94594,39,,,0,118,,94595,39,,,0
2401,'5460',819,,94596,39,,,0,130,,94597,39,,,0,174,,94598,39,,,0,127,,94599,39,,,0,172,,94600,39,,,0,132,,94601,39,,,0,169,,94602,39,,,0,128,,94603,39,,,0,169,,94604,39,,,0,125,,94605,39,,,0,168,,94606,39,,,0
2401,'5461',819,,94607,39,,,0,130,,94608,39,,,0,174,,94609,39,,,0,127,,94610,39,,,0,172,,94611,39,,,0,132,,94612,39,,,0,169,,94613,39,,,0,128,,94614,39,,,0,169,,94615,39,,,0,125,,94616,39,,,0,168,,94617,39,,,0
2401,'5462',819,,94618,39,,,0,130,,94619,39,,,0,174,,94620,39,,,0,127,,94621,39,,,0,172,,94622,39,,,0,132,,94623,39,,,0,169,,94624,39,,,0,128,,94625,39,,,0,169,,94626,39,,,0,125,,94627,39,,,0,168,,94628,39,,,0
2401,'5463',819,,94629,39,,,0,130,,94630,39,,,0,174,,94631,39,,,0,127,,94632,39,,,0,172,,94633,39,,,0,132,,94634,39,,,0,169,,94635,39,,,0,128,,94636,39,,,0,169,,94637,39,,,0,125,,94638,39,,,0,168,,94639,39,,,0
2501,'4832',909,,83785,56,,,0,131,,83784,56,,,0,170,,83786,56,,,0,131,,83787,56,,,0,172,,83788,56,,,0,131,,83789,56,,,0,167,,83790,56,,,0,129,,83791,56,,,0,169,,83792,56,,,0,125,,83793,56,,,0,169,,83794,56,,,0
2501,'5453',909,,83796,56,,,0,131,,83795,56,,,0,170,,83797,56,,,0,131,,83798,56,,,0,172,,83799,56,,,0,131,,83800,56,,,0,167,,83801,56,,,0,129,,83802,56,,,0,169,,83803,56,,,0,125,,83804,56,,,0,169,,83805,56,,,0
2501,'5456',649,,94739,56,,,0,81,,94740,56,,,0,81,,94741,56,0,6 7,0,39,,94744,56,,,0,150,,94742,56,,,0,101,,94743,56,,,0,101,,94745,56,,,0,100,,94746,56,,,0,100,,94747,56,,,0,115,,94748,56,,,0,94,,94749,56,,,0,95,,94750,56,,,0,37,,94751,56,,,0,83,,94752,56,,,0,83,,94753,56,,,0,93,,94754,56,,,0,103,,94755,56,,,0,130,,94756,56,,,0,169,,94757,56,,,0
2501,'5458',649,,94758,56,,,0,81,,94759,56,,,0,81,,94760,56,0,6 7,0,39,,94763,56,,,0,150,,94761,56,,,0,101,,94762,56,,,0,101,,94764,56,,,0,100,,94765,56,,,0,100,,94766,56,,,0,115,,94767,56,,,0,94,,94768,56,,,0,95,,94769,56,,,0,37,,94770,56,,,0,83,,94771,56,,,0,83,,94772,56,,,0,93,,94773,56,,,0,103,,94774,56,,,0,130,,94775,56,,,0,169,,94776,56,,,0
2501,'5459',753,,94780,56,,,0,100,,94777,56,,,0,106,,94779,56,,,0,143,,94778,56,,,0,99,,94786,56,,,0,55,,94783,56,,,0,100,,94782,56,,,0,99,,94781,56,,,0,100,,94784,56,,,0,101,,94785,56,,,0,158,,94787,56,,,0,127,,94788,56,,,0,165,,94789,56,,,0,129,,94790,56,,,0,170,,94791,56,,,0
2501,'5460',909,,94793,56,,,0,131,,94792,56,,,0,170,,94794,56,,,0,131,,94795,56,,,0,172,,94796,56,,,0,131,,94797,56,,,0,167,,94798,56,,,0,129,,94799,56,,,0,169,,94800,56,,,0,125,,94801,56,,,0,169,,94802,56,,,0
2501,'5461',909,,94804,56,,,0,131,,94803,56,,,0,170,,94805,56,,,0,131,,94806,56,,,0,172,,94807,56,,,0,131,,94808,56,,,0,167,,94809,56,,,0,129,,94810,56,,,0,169,,94811,56,,,0,125,,94812,56,,,0,169,,94813,56,,,0
2501,'5462',909,,94815,56,,,0,131,,94814,56,,,0,170,,94816,56,,,0,131,,94817,56,,,0,172,,94818,56,,,0,131,,94819,56,,,0,167,,94820,56,,,0,129,,94821,56,,,0,169,,94822,56,,,0,125,,94823,56,,,0,169,,94824,56,,,0
2501,'5463',909,,94826,56,,,0,131,,94825,56,,,0,170,,94827,56,,,0,131,,94828,56,,,0,172,,94829,56,,,0,131,,94830,56,,,0,167,,94831,56,,,0,129,,94832,56,,,0,169,,94833,56,,,0,125,,94834,56,,,0,169,,94835,56,,,0
4000,'4832',810,,72661,8,,,0,135,,72660,8,,,0,100,,84827,8,,,0,100,,72663,8,,,0,101,,72664,8,,,0,100,,72665,8,,,0,100,,84830,8,,,0,100,,84829,8,,,0,100,,84828,8,,,0,100,,84831,8,,,0,99,,72670,8,,,0,100,,84832,8,,,0
4000,'5453',810,,80729,8,,,0,135,,80728,8,,,0,100,,80730,8,,,0,100,,80731,8,,,0,101,,80732,8,,,0,100,,80733,8,,,0,100,,84835,8,,,0,100,,84834,8,,,0,100,,84833,8,,,0,100,,84836,8,,,0,99,,80738,8,,,0,100,,84837,8,,,0
4000,'5456',637,,98352,8,,,0,81,,98353,8,,,0,27,,98351,8,,,0,65,,98350,8,,,0,107,,98345,8,,,0,103,,98346,8,,,0,99,,98343,8,,,0,101,,98348,8,,,0,98,,98339,8,,,0,98,,98347,8,,,0,99,,98338,8,,,0,43,,98337,8,,,0,70,,98344,8,,,0,31,,98336,8,,,0,75,,98341,8,,,0,95,,98349,8,,,0,102,,98340,8,,,0,170,,98342,8,,,0,343,,98335,8,,,0
4000,'5458',637,,98371,8,,,0,81,,98372,8,,,0,27,,98370,8,,,0,65,,98369,8,,,0,107,,98364,8,,,0,103,,98365,8,,,0,99,,98362,8,,,0,101,,98367,8,,,0,98,,98358,8,,,0,98,,98366,8,,,0,99,,98357,8,,,0,43,,98356,8,,,0,70,,98363,8,,,0,31,,98355,8,,,0,75,,98360,8,,,0,95,,98368,8,,,0,102,,98359,8,,,0,170,,98361,8,,,0,343,,98354,8,,,0
4000,'5459',715,,98382,8,,,0,130,,98383,8,,,0,100,,98373,8,,,0,100,,98376,8,,,0,100,,98378,8,,,0,101,,98384,8,,,0,100,,98374,8,,,0,100,,98375,8,,,0,100,,98379,8,,,0,100,,98385,8,,,0,100,,98377,8,,,0,99,,98381,8,,,0,100,,98380,8,,,0,95,,98386,8,,,0
4000,'5460',810,,98388,8,,,0,135,,98387,8,,,0,100,,98389,8,,,0,100,,98390,8,,,0,101,,98391,8,,,0,100,,98392,8,,,0,100,,98395,8,,,0,100,,98394,8,,,0,100,,98393,8,,,0,100,,98396,8,,,0,99,,98397,8,,,0,100,,98398,8,,,0
4000,'5461',810,,98400,8,,,0,135,,98399,8,,,0,100,,98401,8,,,0,100,,98402,8,,,0,101,,98403,8,,,0,100,,98404,8,,,0,100,,98407,8,,,0,100,,98406,8,,,0,100,,98405,8,,,0,100,,98408,8,,,0,99,,98409,8,,,0,100,,98410,8,,,0
4000,'5462',810,,98412,8,,,0,135,,98411,8,,,0,100,,98413,8,,,0,100,,98414,8,,,0,101,,98415,8,,,0,100,,98416,8,,,0,100,,98419,8,,,0,100,,98418,8,,,0,100,,98417,8,,,0,100,,98420,8,,,0,99,,98421,8,,,0,100,,98422,8,,,0
4000,'5463',810,,98424,8,,,0,135,,98423,8,,,0,100,,98425,8,,,0,100,,98426,8,,,0,101,,98427,8,,,0,100,,98428,8,,,0,100,,98431,8,,,0,100,,98430,8,,,0,100,,98429,8,,,0,100,,98432,8,,,0,99,,98433,8,,,0,100,,98434,8,,,0
4601,'5456',659,,98575,8,,,0,148,,98584,8,,,0,126,,98574,8,,,0,93,,98583,8,,,0,380,,98580,8,,,0,121,,98576,8,,,0,31,,98581,8,,,0,79,,98577,8,,,0,86,,98578,8,,,0,27,,98579,8,,,0,89,,98582,8,,,0
4601,'5458',659,,98587,8,,,0,148,,98596,8,,,0,126,,98586,8,,,0,93,,98595,8,,,0,380,,98592,8,,,0,121,,98588,8,,,0,31,,98593,8,,,0,79,,98589,8,,,0,86,,98590,8,,,0,27,,98591,8,,,0,89,,98594,8,,,0
