800,'5456',625,,90530,11,,,0,87,,90531,11,,,0,29,,90532,11,,,0,59,,90554,11,,,0,21,,90534,11,,,0,90,,90533,11,,,0,35,,90536,11,,,0,82,,90535,11,,,0,83,,90537,11,,,0,35,,90540,11,,,0,84,,90538,11,,,0,85,,90539,11,,,0,43,,90542,11,,,0,86,,90555,11,0,16,0,14,,90541,11,,,0,82,,90544,11,,,0,84,,90543,11,,,0,33,,90546,11,,,0,74,,90545,11,,,0,72,,90548,11,,,0,33,,90547,11,,,0,71,,90549,11,,,0,95,,90550,11,,,0,43,,90551,11,,,0,97,,90552,11,,,0,83,,90553,11,,,0
800,'5458',625,,90556,11,,,0,87,,90557,11,,,0,29,,90558,11,,,0,59,,90580,11,,,0,21,,90560,11,,,0,90,,90559,11,,,0,35,,90562,11,,,0,82,,90561,11,,,0,83,,90563,11,,,0,35,,90566,11,,,0,84,,90564,11,,,0,85,,90565,11,,,0,43,,90568,11,,,0,86,,90581,11,0,16,0,14,,90567,11,,,0,82,,90570,11,,,0,84,,90569,11,,,0,33,,90572,11,,,0,74,,90571,11,,,0,72,,90574,11,,,0,33,,90573,11,,,0,71,,90575,11,,,0,95,,90576,11,,,0,43,,90577,11,,,0,97,,90578,11,,,0,83,,90579,11,,,0
900,'5456',724,,90755,18,,,0,82,,90753,18,,,0
900,'5458',724,,90760,18,,,0,82,,90758,18,,,0
2101,'5456',552,,93826,11,,,0,68,,93842,11,,,0,22,,93828,11,,,0,15,,93857,11,,,0,56,,93827,15,,,0,14,,93867,15,,,0,16,,93850,15,,,0,57,,93830,15,,,0,15,,93854,15,,,0,17,,93841,15,,,0,17,,93864,15,,,0,61,,93831,15,,,0,20,,93832,11,,,0,20,,93868,15,,,0,59,,93849,11,,,0,20,,93829,15,,,0,20,,93855,11,,,0,61,,93862,15,,,0,20,,93833,11,,,0,20,,93834,15,,,0,63,,93871,11,,,0,20,,93848,15,,,0,20,,93835,11,,,0,61,,93856,15,,,0,20,,93863,11,,,0,21,,93836,15,,,0,62,,93837,11,,,0,19,,93874,15,,,0,19,,93866,15,,,0,58,,93844,15,,,0,14,,93840,11,,,0,24,,93875,15,,,0,59,,93852,15,,,0,17,,93858,15,,,0,20,,93838,15,,,0,55,,93839,15,,,0,19,,93873,11,,,0,19,,93872,15,,,0,60,,93851,15,,,0,18,,93843,15,,,0,31,,93859,11,,,0,70,,93845,11,,,0,32,,93869,11,,,0,70,,93846,11,,,0,30,,93860,11,,,0,70,,93847,11,,,0,32,,93870,11,,,0,69,,93853,11,,,0,30,,93861,11,,,0,106,,93865,11,,,0
2101,'5458',552,,93876,11,,,0,68,,93892,11,,,0,22,,93878,11,,,0,15,,93907,11,,,0,56,,93877,15,,,0,14,,93917,15,,,0,16,,93900,15,,,0,57,,93880,15,,,0,15,,93904,15,,,0,17,,93891,15,,,0,17,,93914,15,,,0,61,,93881,15,,,0,20,,93882,11,,,0,20,,93918,15,,,0,59,,93899,11,,,0,20,,93879,15,,,0,20,,93905,11,,,0,61,,93912,15,,,0,20,,93883,11,,,0,20,,93884,15,,,0,63,,93921,11,,,0,20,,93898,15,,,0,20,,93885,11,,,0,61,,93906,15,,,0,20,,93913,11,,,0,21,,93886,15,,,0,62,,93887,11,,,0,19,,93924,15,,,0,19,,93916,15,,,0,58,,93894,15,,,0,14,,93890,11,,,0,24,,93925,15,,,0,59,,93902,15,,,0,17,,93908,15,,,0,20,,93888,15,,,0,55,,93889,15,,,0,19,,93923,11,,,0,19,,93922,15,,,0,60,,93901,15,,,0,18,,93893,15,,,0,31,,93909,11,,,0,70,,93895,11,,,0,32,,93919,11,,,0,70,,93896,11,,,0,30,,93910,11,,,0,70,,93897,11,,,0,32,,93920,11,,,0,69,,93903,11,,,0,30,,93911,11,,,0,106,,93915,11,,,0
2101,'5459',642,,93956,11,,,0,70,,93938,11,,,0,31,,93947,11,,,0,70,,93930,11,,,0,30,,93957,11,,,0,69,,93939,11,,,0,30,,93948,11,,,0,67,,93926,11,,,0,28,,93928,11,,,0,69,,93949,11,,,0,30,,93933,11,,,0,69,,93941,11,,,0,28,,93927,11,,,0,70,,93929,11,,,0,28,,93950,11,,,0,70,,93934,11,,,0,32,,93942,11,,,0,71,,93931,11,,,0,30,,93932,11,,,0,74,,93951,11,,,0,30,,93935,11,,,0,69,,93944,11,,,0,31,,93937,11,,,0,70,,93936,11,,,0,31,,93952,11,,,0,71,,93940,11,,,0,36,,93943,11,,,0,76,,93945,11,,,0,29,,93954,11,,,0,70,,93946,11,,,0,32,,93955,11,,,0,70,,93953,11,,,0,30,,93958,11,,,0,105,,93959,11,,,0
2101,'5460',650,,93973,11,,,0,80,,93963,11,,,0,80,,93974,11,,,0,36,,93972,11,,,0,65,,93960,11,,,0,27,,93962,11,,,0,70,,93975,11,,,0,29,,93961,11,,,0,70,,93976,11,,,0,29,,93965,11,,,0,70,,93964,11,,,0,30,,93977,11,,,0,68,,93966,11,,,0,29,,93978,11,,,0,70,,93979,11,,,0,30,,93980,11,,,0,71,,93968,11,,,0,32,,93969,11,,,0,73,,93970,11,,,0,29,,93971,11,,,0,71,,93967,11,,,0,30,,93981,11,,,0,72,,93982,11,,,0,35,,93983,11,,,0,105,,93984,11,,,0,101,,93985,11,,,0,103,,93986,11,,,0,100,,93987,11,,,0,103,,93988,11,,,0
2101,'5461',650,,94002,11,,,0,80,,93992,11,,,0,80,,94003,11,,,0,36,,94001,11,,,0,65,,93989,11,,,0,27,,93991,11,,,0,70,,94004,11,,,0,29,,93990,11,,,0,70,,94005,11,,,0,29,,93994,11,,,0,70,,93993,11,,,0,30,,94006,11,,,0,68,,93995,11,,,0,29,,94007,11,,,0,70,,94008,11,,,0,30,,94009,11,,,0,71,,93997,11,,,0,32,,93998,11,,,0,73,,93999,11,,,0,29,,94000,11,,,0,71,,93996,11,,,0,30,,94010,11,,,0,72,,94011,11,,,0,35,,94012,11,,,0,105,,94013,11,,,0,101,,94014,11,,,0,103,,94015,11,,,0,100,,94016,11,,,0,103,,94017,11,,,0
2101,'5462',650,,94031,11,,,0,80,,94021,11,,,0,80,,94032,11,,,0,36,,94030,11,,,0,65,,94018,11,,,0,27,,94020,11,,,0,70,,94033,11,,,0,29,,94019,11,,,0,70,,94034,11,,,0,29,,94023,11,,,0,70,,94022,11,,,0,30,,94035,11,,,0,68,,94024,11,,,0,29,,94036,11,,,0,70,,94037,11,,,0,30,,94038,11,,,0,71,,94026,11,,,0,32,,94027,11,,,0,73,,94028,11,,,0,29,,94029,11,,,0,71,,94025,11,,,0,30,,94039,11,,,0,72,,94040,11,,,0,35,,94041,11,,,0,105,,94042,11,,,0,101,,94043,11,,,0,103,,94044,11,,,0,100,,94045,11,,,0,103,,94046,11,,,0
2101,'5463',650,,94060,11,,,0,80,,94050,11,,,0,80,,94061,11,,,0,36,,94059,11,,,0,65,,94047,11,,,0,27,,94049,11,,,0,70,,94062,11,,,0,29,,94048,11,,,0,70,,94063,11,,,0,29,,94052,11,,,0,70,,94051,11,,,0,30,,94064,11,,,0,68,,94053,11,,,0,29,,94065,11,,,0,70,,94066,11,,,0,30,,94067,11,,,0,71,,94055,11,,,0,32,,94056,11,,,0,73,,94057,11,,,0,29,,94058,11,,,0,71,,94054,11,,,0,30,,94068,11,,,0,72,,94069,11,,,0,35,,94070,11,,,0,105,,94071,11,,,0,101,,94072,11,,,0,103,,94073,11,,,0,100,,94074,11,,,0,103,,94075,11,,,0
