200,'4832',657,,63405,13,,,0,160,,63404,13,,,0,121,,63403,13,,,0,101,,63384,13,,,0,80,,63402,13,,,0,40,,63390,13,,,0,80,,63388,13,,,0,80,,77852,13,,,0,40,,63385,13,,,0,80,,63396,13,,,0,80,,63391,13,,,0,40,,63386,13,,,0,80,,77853,13,,,0,80,,63387,13,,,0,35,,63397,13,,,0,80,,63393,13,,,0,75,,63392,13,0,5,0,19,,63398,13,,,0,20,,77854,13,0,5,0,60,,63394,13,,,0,40,,63400,13,,,0,79,,63401,13,,,0,80,,63399,13,,,0,40,,63406,13,,,0,80,,63407,13,,,0
200,'5453',657,,77877,13,,,0,160,,77876,13,,,0,121,,77875,13,,,0,101,,77856,13,,,0,80,,77874,13,,,0,40,,77862,13,,,0,80,,77860,13,,,0,80,,77855,13,,,0,40,,77857,13,,,0,80,,77868,13,,,0,80,,77863,13,,,0,40,,77858,13,,,0,80,,77861,13,,,0,80,,77859,13,,,0,35,,77869,13,,,0,80,,77865,13,,,0,75,,77864,13,0,5,0,19,,77870,13,,,0,20,,81953,13,0,5,0,60,,77866,13,,,0,40,,77872,13,,,0,79,,77873,13,,,0,80,,77871,13,,,0,40,,77878,13,,,0,80,,77879,13,,,0
200,'5456',551,,87484,13,,,0,80,,87485,13,,,0,20,,87486,13,,,0,71,,87487,13,,,0,31,,87488,13,,,0,71,,87489,13,,,0,31,,87490,13,,,0,70,,87491,13,,,0,15,,87492,13,0,5,0,71,,87493,13,,,0,38,,87494,13,,,0,80,,87495,13,,,0,80,,87496,13,,,0,40,,87497,13,,,0,80,,87498,13,,,0,80,,87499,13,,,0,37,,87500,13,,,0,76,,87518,13,,,0,37,,87514,13,,,0,76,,87516,13,,,0,73,,87517,13,0,5,0,17,,87508,13,,,0,33,,87506,13,,,0,80,,87513,13,,,0,89,,87505,13,,,0,80,,87512,13,,,0,20,,87507,13,0,5,0,22,,87504,13,,,0,60,,87515,13,0,5,0,20,,87511,13,,,0,78,,87503,13,,,0,40,,87510,13,,,0,79,,87502,13,,,0,80,,87509,13,,,0,30,,87501,13,0,5,0
200,'5458',551,,87519,13,,,0,80,,87520,13,,,0,20,,87521,13,,,0,71,,87522,13,,,0,31,,87523,13,,,0,71,,87524,13,,,0,31,,87525,13,,,0,70,,87526,13,,,0,15,,87527,13,0,5,0,71,,87528,13,,,0,38,,87529,13,,,0,80,,87530,13,,,0,80,,87531,13,,,0,40,,87532,13,,,0,80,,87533,13,,,0,80,,87534,13,,,0,37,,87535,13,,,0,76,,87554,13,,,0,37,,87550,13,,,0,76,,87552,13,,,0,73,,87553,13,0,5,0,17,,87544,13,,,0,33,,87542,13,,,0,80,,87549,13,,,0,89,,87541,13,,,0,80,,87548,13,,,0,20,,87543,13,0,5,0,22,,87540,13,,,0,60,,87551,13,0,5,0,20,,87547,13,,,0,78,,87539,13,,,0,40,,87546,13,,,0,79,,87538,13,,,0,80,,87545,13,,,0,30,,87537,13,0,5,0,68,,87536,13,0,5,0
200,'5459',602,,87574,13,,,0,112,,87577,13,,,0,119,,87575,13,,,0,80,,87563,13,,,0,46,,87576,13,,,0,80,,87561,13,,,0,80,,87555,13,,,0,40,,87562,13,,,0,80,,87556,13,,,0,80,,87569,13,,,0,81,,87557,13,,,0,40,,87560,13,,,0,80,,87559,13,,,0,80,,87558,13,,,0,40,,87572,13,,,0,79,,87573,13,,,0,35,,87571,13,,,0,80,,87565,13,,,0,75,,87566,13,,,0,20,,87564,13,0,5,0,75,,87568,13,,,0,20,,87570,13,0,5,0,20,,87567,13,,,0,65,,87582,13,0,5,0,20,,87583,13,,,0,80,,87580,13,,,0,40,,87579,13,,,0,78,,87581,13,,,0,80,,87578,13,,,0,35,,87584,13,0,5,0
200,'5460',657,,87607,13,,,0,160,,87606,13,,,0,121,,87605,13,,,0,101,,87586,13,,,0,80,,87604,13,,,0,40,,87592,13,,,0,80,,87590,13,,,0,80,,87585,13,,,0,40,,87587,13,,,0,80,,87598,13,,,0,80,,87593,13,,,0,40,,87588,13,,,0,80,,87591,13,,,0,80,,87589,13,,,0,35,,87599,13,,,0,80,,87595,13,,,0,75,,87594,13,0,5,0,19,,87600,13,,,0,20,,87597,13,0,5,0,60,,87596,13,,,0,40,,87602,13,,,0,79,,87603,13,,,0,80,,87601,13,,,0,40,,87608,13,,,0,80,,87609,13,,,0
200,'5461',657,,87632,13,,,0,160,,87631,13,,,0,121,,87630,13,,,0,101,,87611,13,,,0,80,,87629,13,,,0,40,,87617,13,,,0,80,,87615,13,,,0,80,,87610,13,,,0,40,,87612,13,,,0,80,,87623,13,,,0,80,,87618,13,,,0,40,,87613,13,,,0,80,,87616,13,,,0,80,,87614,13,,,0,35,,87624,13,,,0,80,,87620,13,,,0,75,,87619,13,0,5,0,19,,87625,13,,,0,20,,87622,13,0,5,0,60,,87621,13,,,0,40,,87627,13,,,0,79,,87628,13,,,0,80,,87626,13,,,0,40,,87633,13,,,0,80,,87634,13,,,0
200,'5462',657,,87657,13,,,0,160,,87656,13,,,0,121,,87655,13,,,0,101,,87636,13,,,0,80,,87654,13,,,0,40,,87642,13,,,0,80,,87640,13,,,0,80,,87635,13,,,0,40,,87637,13,,,0,80,,87648,13,,,0,80,,87643,13,,,0,40,,87638,13,,,0,80,,87641,13,,,0,80,,87639,13,,,0,35,,87649,13,,,0,80,,87645,13,,,0,75,,87644,13,0,5,0,19,,87650,13,,,0,20,,87647,13,0,5,0,60,,87646,13,,,0,40,,87652,13,,,0,79,,87653,13,,,0,80,,87651,13,,,0,40,,87658,13,,,0,80,,87659,13,,,0
200,'5463',657,,87682,13,,,0,160,,87681,13,,,0,121,,87680,13,,,0,101,,87661,13,,,0,80,,87679,13,,,0,40,,87667,13,,,0,80,,87665,13,,,0,80,,87660,13,,,0,40,,87662,13,,,0,80,,87673,13,,,0,80,,87668,13,,,0,40,,87663,13,,,0,80,,87666,13,,,0,80,,87664,13,,,0,35,,87674,13,,,0,80,,87670,13,,,0,75,,87669,13,0,5,0,19,,87675,13,,,0,20,,87672,13,0,5,0,60,,87671,13,,,0,40,,87677,13,,,0,79,,87678,13,,,0,80,,87676,13,,,0,40,,87683,13,,,0,80,,87684,13,,,0
301,'4832',727,,63897,5,,,0,85,,63885,5,,,0,40,,63898,5,,,0,85,,63891,5,,,0,76,,63896,5,,,0,40,,63884,5,,,0,60,,63892,5,,,0,31,,63887,5,,,0,69,,63886,5,,,0,30,,63893,5,,,0,70,,63890,5,,,0,30,,63889,5,,,0,70,,63888,5,,,0,37,,63894,5,,,0,68,,63895,5,,,0,41,,63901,5,,,0,64,,63899,5,,,0,33,,63900,5,,,0,67,,63905,5,,,0,30,,63903,5,,,0,69,,63902,5,,,0,30,,63904,5,,,0,70,,63906,5,,,0,35,,63907,5,,,0
301,'5453',727,,77946,5,,,0,85,,77934,5,,,0,40,,77947,5,,,0,85,,77940,5,,,0,76,,77945,5,,,0,40,,77933,5,,,0,60,,77941,5,,,0,31,,77936,5,,,0,69,,77935,5,,,0,30,,77942,5,,,0,70,,77939,5,,,0,30,,77938,5,,,0,70,,77937,5,,,0,37,,77943,5,,,0,68,,77944,5,,,0,41,,77950,5,,,0,64,,77948,5,,,0,33,,77949,5,,,0,67,,77954,5,,,0,30,,77952,5,,,0,69,,77951,5,,,0,30,,77953,5,,,0,70,,77955,5,,,0,35,,77956,5,,,0
301,'5456',633,,88067,5,,,0,75,,88068,5,,,0,37,,88070,5,,,0,82,,88077,5,,,0,76,,88071,5,,,0,35,,88072,5,,,0,71,,88076,5,,,0,30,,88073,5,,,0,70,,88074,5,,,0,30,,88075,5,,,0,70,,88078,5,,,0,35,,88079,5,,,0,70,,88080,5,,,0,30,,88082,5,,,0,71,,88081,5,,,0,33,,88093,5,,,0,75,,88083,5,,,0,35,,88084,5,,,0,75,,88092,5,,,0,73,,88085,5,,,0,33,,88086,5,,,0,74,,88091,5,,,0,24,,88087,5,,,0,70,,88088,5,,,0,30,,88095,5,,,0,65,,88089,5,,,0,25,,88090,5,,,0,30,,88094,5,,,0
301,'5458',633,,88096,5,,,0,75,,88097,5,,,0,37,,88099,5,,,0,82,,88106,5,,,0,76,,88100,5,,,0,35,,88101,5,,,0,71,,88105,5,,,0,30,,88102,5,,,0,70,,88103,5,,,0,30,,88104,5,,,0,70,,88107,5,,,0,35,,88108,5,,,0,70,,88109,5,,,0,30,,88111,5,,,0,71,,88110,5,,,0,33,,88122,5,,,0,75,,88112,5,,,0,35,,88113,5,,,0,75,,88121,5,,,0,73,,88114,5,,,0,33,,88115,5,,,0,74,,88120,5,,,0,24,,88116,5,,,0,70,,88117,5,,,0,30,,88124,5,,,0,65,,88118,5,,,0,25,,88119,5,,,0,30,,88123,5,,,0
301,'5459',712,,88146,5,,,0,30,,88132,5,,,0,70,,88125,5,,,0,30,,88138,5,,,0,70,,88133,5,,,0,30,,88149,5,,,0,71,,88137,5,,,0,31,,88126,5,,,0,69,,88148,5,,,0,30,,88140,5,,,0,70,,88128,5,,,0,30,,88150,5,,,0,70,,88139,5,,,0,31,,88127,5,,,0,70,,88134,5,,,0,34,,88131,5,,,0,71,,88129,5,,,0,39,,88130,5,,,0,70,,88135,5,,,0,76,,88141,5,,,0,24,,88136,5,,,0,75,,88143,5,,,0,28,,88142,5,,,0,71,,88144,5,,,0,25,,88145,5,,,0,30,,88151,5,,,0,70,,88147,5,,,0,30,,88152,5,,,0
301,'5460',727,,88166,5,,,0,85,,88154,5,,,0,40,,88167,5,,,0,85,,88160,5,,,0,76,,88165,5,,,0,40,,88153,5,,,0,60,,88161,5,,,0,31,,88156,5,,,0,69,,88155,5,,,0,30,,88162,5,,,0,70,,88159,5,,,0,30,,88158,5,,,0,70,,88157,5,,,0,37,,88163,5,,,0,68,,88164,5,,,0,41,,88170,5,,,0,64,,88168,5,,,0,33,,88169,5,,,0,67,,88174,5,,,0,30,,88172,5,,,0,69,,88171,5,,,0,30,,88173,5,,,0,70,,88175,5,,,0,35,,88176,5,,,0
301,'5461',727,,88190,5,,,0,85,,88178,5,,,0,40,,88191,5,,,0,85,,88184,5,,,0,76,,88189,5,,,0,40,,88177,5,,,0,60,,88185,5,,,0,31,,88180,5,,,0,69,,88179,5,,,0,30,,88186,5,,,0,70,,88183,5,,,0,30,,88182,5,,,0,70,,88181,5,,,0,37,,88187,5,,,0,68,,88188,5,,,0,41,,88194,5,,,0,64,,88192,5,,,0,33,,88193,5,,,0,67,,88198,5,,,0,30,,88196,5,,,0,69,,88195,5,,,0,30,,88197,5,,,0,70,,88199,5,,,0,35,,88200,5,,,0
301,'5462',727,,88214,5,,,0,85,,88202,5,,,0,40,,88215,5,,,0,85,,88208,5,,,0,76,,88213,5,,,0,40,,88201,5,,,0,60,,88209,5,,,0,31,,88204,5,,,0,69,,88203,5,,,0,30,,88210,5,,,0,70,,88207,5,,,0,30,,88206,5,,,0,70,,88205,5,,,0,37,,88211,5,,,0,68,,88212,5,,,0,41,,88218,5,,,0,64,,88216,5,,,0,33,,88217,5,,,0,67,,88222,5,,,0,30,,88220,5,,,0,69,,88219,5,,,0,30,,88221,5,,,0,70,,88223,5,,,0,35,,88224,5,,,0
301,'5463',727,,88238,5,,,0,85,,88226,5,,,0,40,,88239,5,,,0,85,,88232,5,,,0,76,,88237,5,,,0,40,,88225,5,,,0,60,,88233,5,,,0,31,,88228,5,,,0,69,,88227,5,,,0,30,,88234,5,,,0,70,,88231,5,,,0,30,,88230,5,,,0,70,,88229,5,,,0,37,,88235,5,,,0,68,,88236,5,,,0,41,,88242,5,,,0,64,,88240,5,,,0,33,,88241,5,,,0,67,,88246,5,,,0,30,,88244,5,,,0,69,,88243,5,,,0,30,,88245,5,,,0,70,,88247,5,,,0,35,,88248,5,,,0
500,'4832',737,,64753,13,,,0,120,,64752,13,,,0,162,,64751,13,,,0,40,,64746,13,,,0,80,,78079,13,,,0,80,,64741,13,,,0,40,,64754,13,,,0,80,,64747,13,,,0,80,,64744,13,,,0,40,,78080,13,,,0,80,,64743,13,,,0,80,,64755,13,,,0,40,,64748,13,,,0,75,,64745,13,,,0,80,,78081,13,,,0,40,,64750,13,,,0
500,'5453',737,,78095,13,,,0,120,,78094,13,,,0,162,,78093,13,,,0,40,,78088,13,,,0,80,,78082,13,,,0,80,,78083,13,,,0,40,,78096,13,,,0,80,,78089,13,,,0,80,,78086,13,,,0,40,,78084,13,,,0,80,,78085,13,,,0,80,,78097,13,,,0,40,,78090,13,,,0,75,,78087,13,,,0,80,,78091,13,,,0,40,,78092,13,,,0
500,'5456',611,,89074,13,,,0,95,,89075,13,,,0,32,,89076,13,,,0,71,,89077,13,,,0,31,,89078,13,,,0,69,,89079,13,,,0,47,,89080,13,,,0,73,,89081,13,,,0,80,,89082,13,,,0,40,,89083,13,,,0,80,,89084,13,,,0,80,,89085,13,,,0,40,,89086,13,,,0,80,,89087,13,,,0,75,,89092,13,,,0,36,,89090,13,,,0,77,,89088,13,,,0,34,,89091,13,,,0,91,,89093,13,,,0,76,,89095,13,,,0,84,,89089,13,,,0,45,,89094,13,,,0
500,'5458',611,,89096,13,,,0,95,,89097,13,,,0,32,,89098,13,,,0,71,,89099,13,,,0,31,,89100,13,,,0,69,,89101,13,,,0,47,,89102,13,,,0,73,,89103,13,,,0,80,,89104,13,,,0,40,,89105,13,,,0,80,,89106,13,,,0,80,,89107,13,,,0,40,,89108,13,,,0,80,,89109,13,,,0,75,,89114,13,,,0,36,,89112,13,,,0,77,,89110,13,,,0,34,,89113,13,,,0,91,,89115,13,,,0,76,,89117,13,,,0,84,,89111,13,,,0,45,,89116,13,,,0
500,'5459',637,,89129,13,,,0,116,,89125,13,,,0,100,,89128,13,,,0,81,,89119,13,,,0,85,,89126,13,,,0,40,,89120,13,,,0,80,,89135,13,,,0,80,,89127,13,,,0,40,,89118,13,,,0,81,,89124,13,,,0,80,,89121,13,,,0,80,,89131,13,,,0,40,,89122,13,,,0,80,,89123,13,,,0,39,,89132,13,,,0,75,,89133,13,,,0,80,,89134,13,,,0,40,,89130,13,,,0,90,,89136,13,,,0
500,'5460',737,,89150,13,,,0,120,,89149,13,,,0,162,,89148,13,,,0,40,,89143,13,,,0,80,,89137,13,,,0,80,,89138,13,,,0,40,,89151,13,,,0,80,,89144,13,,,0,80,,89141,13,,,0,40,,89139,13,,,0,80,,89140,13,,,0,80,,89152,13,,,0,40,,89145,13,,,0,75,,89142,13,,,0,80,,89146,13,,,0,40,,89147,13,,,0
500,'5461',737,,89166,13,,,0,120,,89163,13,,,0,162,,89165,13,,,0,40,,89159,13,,,0,80,,89153,13,,,0,80,,89154,13,,,0,40,,89167,13,,,0,80,,89160,13,,,0,80,,89157,13,,,0,40,,89155,13,,,0,80,,89156,13,,,0,80,,89168,13,,,0,40,,89161,13,,,0,75,,89158,13,,,0,80,,89162,13,,,0,40,,89164,13,,,0
500,'5462',737,,89182,13,,,0,120,,89181,13,,,0,162,,89180,13,,,0,40,,89175,13,,,0,80,,89169,13,,,0,80,,89170,13,,,0,40,,89183,13,,,0,80,,89176,13,,,0,80,,89173,13,,,0,40,,89171,13,,,0,80,,89172,13,,,0,80,,89184,13,,,0,40,,89177,13,,,0,75,,89174,13,,,0,80,,89178,13,,,0,40,,89179,13,,,0
500,'5463',737,,89198,13,,,0,120,,89197,13,,,0,162,,89196,13,,,0,40,,89191,13,,,0,80,,89185,13,,,0,80,,89186,13,,,0,40,,89199,13,,,0,80,,89192,13,,,0,80,,89189,13,,,0,40,,89187,13,,,0,80,,89188,13,,,0,80,,89200,13,,,0,40,,89193,13,,,0,75,,89190,13,,,0,80,,89194,13,,,0,40,,89195,13,,,0
