2201,'4832',817,,69166,57,,,0,40,,69167,57,,,0,69,,69159,57,,,0,28,,69160,57,,,0,71,,69169,57,,,0,30,,69168,57,,,0,69,,69158,57,,,0,31,,69162,57,,,0,70,,69163,57,,,0,30,,69161,57,,,0,69,,69165,57,,,0,30,,69164,57,,,0,70,,69171,57,,,0,30,,69172,57,,,0,70,,69170,57,,,0,30,,69174,57,,,0,73,,69173,57,,,0,30,,69176,57,,,0,70,,69175,57,,,0,30,,69177,57,,,0,71,,69178,57,,,0,30,,69179,57,,,0
2201,'5453',817,,79285,57,,,0,40,,83580,57,,,0,69,,79278,57,,,0,28,,79279,57,,,0,71,,79288,57,,,0,30,,83581,57,,,0,69,,79277,57,,,0,31,,79281,57,,,0,70,,79282,57,,,0,30,,83579,57,,,0,69,,79284,57,,,0,30,,79283,57,,,0,70,,79290,57,,,0,30,,79291,57,,,0,70,,79289,57,,,0,30,,79293,57,,,0,73,,79292,57,,,0,30,,79295,57,,,0,70,,79294,57,,,0,30,,79296,57,,,0,71,,79297,57,,,0,30,,79298,57,,,0
2201,'5456',631,,94260,65,,,0,70,,94263,65,,,0,53,,94267,57,,,0,68,,94261,71,,,0,33,,94262,71,,,0,71,,94264,71,,,0,97,,94266,71,,,0,30,,94265,71,,,0,70,,94268,71,,,0,100,,94269,71,,,0,30,,94270,57,,,0,69,,94271,57,,,0,100,,94272,57,,,0,32,,94273,57,,,0,103,,94274,57,,,0,71,,94275,57,,,0,30,,94276,57,,,0,97,,94277,57,,,0,74,,94278,57,,,0,97,,94279,57,,,0,31,,94280,57,,,0,100,,94282,57,,,0,70,,94281,57,,,0
2201,'5458',631,,94284,65,,,0,70,,94287,65,,,0,53,,94291,57,,,0,68,,94285,71,,,0,33,,94286,71,,,0,71,,94288,71,,,0,97,,94290,71,,,0,30,,94289,71,,,0,70,,94292,71,,,0,100,,94293,71,,,0,30,,94294,57,,,0,69,,94295,57,,,0,100,,94296,57,,,0,32,,94297,57,,,0,103,,94298,57,,,0,71,,94299,57,,,0,30,,94300,57,,,0,97,,94301,57,,,0,74,,94302,57,,,0,97,,94303,57,,,0,31,,94304,57,,,0,100,,94306,57,,,0,70,,94305,57,,,0
2201,'5459',747,,94318,57,,,0,80,,94329,57,,,0,29,,94314,57,,,0,69,,94308,57,,,0,31,,94317,57,,,0,70,,94330,57,,,0,30,,94313,57,,,0,70,,94312,57,,,0,31,,94315,57,,,0,69,,94310,57,,,0,29,,94334,57,,,0,70,,94311,57,,,0,29,,94316,57,,,0,70,,94309,57,,,0,30,,94322,57,,,0,70,,94333,57,,,0,29,,94324,57,,,0,71,,94320,57,,,0,31,,94323,57,,,0,74,,94325,57,,,0,30,,94321,57,,,0,71,,94319,57,,,0,70,,94327,57,,,0,30,,94326,57,,,0,27,,94332,57,,,0,68,,94328,57,,,0,31,,94335,57,,,0,70,,94331,57,,,0
2201,'5460',817,,94345,57,,,0,40,,94346,57,,,0,69,,94338,57,,,0,28,,94339,57,,,0,71,,94348,57,,,0,30,,94347,57,,,0,69,,94337,57,,,0,31,,94341,57,,,0,70,,94342,57,,,0,30,,94340,57,,,0,69,,94344,57,,,0,30,,94343,57,,,0,70,,94350,57,,,0,30,,94351,57,,,0,70,,94349,57,,,0,30,,94353,57,,,0,73,,94352,57,,,0,30,,94355,57,,,0,70,,94354,57,,,0,30,,94356,57,,,0,71,,94357,57,,,0,30,,94358,57,,,0
2201,'5461',817,,94370,57,,,0,40,,94371,57,,,0,69,,94363,57,,,0,28,,94364,57,,,0,71,,94373,57,,,0,30,,94372,57,,,0,69,,94362,57,,,0,31,,94366,57,,,0,70,,94367,57,,,0,30,,94365,57,,,0,69,,94369,57,,,0,30,,94368,57,,,0,70,,94375,57,,,0,30,,94376,57,,,0,70,,94374,57,,,0,30,,94378,57,,,0,73,,94377,57,,,0,30,,94380,57,,,0,70,,94379,57,,,0,30,,94381,57,,,0,71,,94382,57,,,0,30,,94383,57,,,0
2201,'5462',817,,94395,57,,,0,40,,94396,57,,,0,69,,94388,57,,,0,28,,94389,57,,,0,71,,94398,57,,,0,30,,94397,57,,,0,69,,94387,57,,,0,31,,94391,57,,,0,70,,94392,57,,,0,30,,94390,57,,,0,69,,94394,57,,,0,30,,94393,57,,,0,70,,94400,57,,,0,30,,94401,57,,,0,70,,94399,57,,,0,30,,94403,57,,,0,73,,94402,57,,,0,30,,94405,57,,,0,70,,94404,57,,,0,30,,94406,57,,,0,71,,94407,57,,,0,30,,94408,57,,,0
2201,'5463',817,,94420,57,,,0,40,,94421,57,,,0,69,,94413,57,,,0,28,,94414,57,,,0,71,,94423,57,,,0,30,,94422,57,,,0,69,,94412,57,,,0,31,,94416,57,,,0,70,,94417,57,,,0,30,,94415,57,,,0,69,,94419,57,,,0,30,,94418,57,,,0,70,,94425,57,,,0,30,,94426,57,,,0,70,,94424,57,,,0,30,,94428,57,,,0,73,,94427,57,,,0,30,,94430,57,,,0,70,,94429,57,,,0,30,,94431,57,,,0,71,,94432,57,,,0,30,,94433,57,,,0
2700,'4832',715,,79781,18,,,0,30,,70481,18,,,0,69,,84005,18,,,0,30,,70483,18,,,0,70,,84006,18,,,0,28,,70485,18,,,0,68,,70486,18,,,0,27,,84007,18,,,0,67,,70488,18,,,0,24,,70489,18,,,0,25,,70490,18,,,0,63,,70491,18,,,0,23,,70492,18,,,0,62,,70493,18,,,0,24,,70494,18,,,0,23,,70495,18,,,0,63,,70496,18,,,0,23,,70497,18,,,0,22,,70498,18,,,0,63,,70499,18,,,0,23,,70500,18,,,0,63,,70501,18,,,0,23,,70502,18,,,0,23,,70503,18,,,0,63,,70504,18,,,0,23,,70505,18,,,0,64,,84008,18,,,0,24,,70507,18,,,0,25,,70508,18,,,0,66,,70509,18,,,0,28,,84009,18,,,0,69,,70511,18,,,0,30,,79784,18,,,0,70,,84010,18,,,0,36,,70514,18,,,0,83,,84011,18,,,0,79,,70516,18,,,0,101,,84012,18,,,0
2700,'5453',715,,84013,18,,,0,30,,79796,18,,,0,69,,79797,18,,,0,30,,79798,18,,,0,70,,84014,18,,,0,28,,84015,18,,,0,68,,79801,18,,,0,27,,84016,18,,,0,67,,79803,18,,,0,24,,79804,18,,,0,25,,79805,18,,,0,63,,79806,18,,,0,23,,84017,18,,,0,62,,79808,18,,,0,24,,79809,18,,,0,23,,79810,18,,,0,63,,84018,18,,,0,23,,79812,18,,,0,22,,79813,18,,,0,63,,79814,18,,,0,23,,84019,18,,,0,63,,79816,18,,,0,23,,79817,18,,,0,23,,79818,18,,,0,63,,84020,18,,,0,23,,79820,18,,,0,64,,84021,18,,,0,24,,79822,18,,,0,25,,84022,18,,,0,66,,79824,18,,,0,28,,79825,18,,,0,69,,84023,18,,,0,30,,79827,18,,,0,70,,84024,18,,,0,36,,84025,18,,,0,83,,84026,18,,,0,79,,84027,18,,,0,101,,84028,18,,,0
2700,'5456',723,,95657,18,,,0,108,,95658,18,,,0,25,,95659,18,,,0,64,,95660,18,,,0,24,,95661,18,,,0,66,,95662,18,,,0,26,,95663,18,,,0,66,,95664,18,,,0,26,,95665,18,,,0,26,,95666,18,,,0,66,,95667,18,,,0,26,,95668,18,,,0,66,,95669,18,,,0,25,,95670,18,,,0,64,,95671,18,,,0,23,,95672,18,,,0,24,,95673,18,,,0,64,,95674,18,,,0,14,,95675,18,,,0,18,,95676,18,,,0,14,,95677,18,,,0,58,,95678,18,,,0,16,,95679,18,,,0,17,,95680,18,,,0,54,,95681,18,,,0,18,,95682,18,,,0,16,,95683,18,,,0,12,,95684,18,,,0,57,,95685,18,,,0,16,,95686,18,,,0,16,,95687,18,,,0,20,,95688,18,,,0,64,,95689,18,,,0,26,,95690,18,,,0,68,,95691,18,,,0,29,,95692,18,,,0,68,,95693,18,,,0,29,,95694,18,,,0,70,,95695,18,,,0,37,,95696,18,,,0,80,,95697,18,,,0,77,,95698,18,,,0
2700,'5458',723,,95708,18,,,0,108,,95709,18,,,0,25,,95710,18,,,0,64,,95711,18,,,0,24,,95712,18,,,0,66,,95713,18,,,0,26,,95714,18,,,0,66,,95715,18,,,0,26,,95716,18,,,0,26,,95717,18,,,0,66,,95718,18,,,0,26,,95719,18,,,0,66,,95720,18,,,0,25,,95721,18,,,0,64,,95722,18,,,0,23,,95723,18,,,0,24,,95724,18,,,0,64,,95725,18,,,0,14,,95726,18,,,0,18,,95727,18,,,0,14,,95728,18,,,0,58,,95729,18,,,0,16,,95730,18,,,0,17,,95731,18,,,0,54,,95732,18,,,0,18,,95733,18,,,0,16,,95734,18,,,0,12,,95735,18,,,0,57,,95736,18,,,0,16,,95737,18,,,0,16,,95738,18,,,0,20,,95739,18,,,0,64,,95740,18,,,0,26,,95741,18,,,0,68,,95742,18,,,0,29,,95743,18,,,0,68,,95744,18,,,0,29,,95745,18,,,0,70,,95746,18,,,0,37,,95747,18,,,0,80,,95748,18,,,0,77,,95749,18,,,0,42,,95750,18,,,0,80,,95751,18,,,0,79,,95752,18,,,0,39,,95753,18,,,0
2700,'5459',644,,95764,18,,,0,70,,95765,18,,,0,29,,95766,18,,,0,69,,95767,18,,,0,26,,95768,18,,,0,66,,95769,18,,,0,27,,95770,18,,,0,26,,95771,18,,,0,65,,95772,18,,,0,22,,95773,18,,,0,61,,95774,18,,,0,22,,95775,18,,,0,20,,95776,18,,,0,62,,95777,18,,,0,23,,95778,18,,,0,22,,95779,18,,,0,62,,95780,18,,,0,23,,95781,18,,,0,63,,95782,18,,,0,21,,95783,18,,,0,21,,95784,18,,,0,62,,95785,18,,,0,22,,95786,18,,,0,21,,95787,18,,,0,61,,95788,18,,,0,20,,95789,18,,,0,21,,95790,18,,,0,61,,95791,18,,,0,20,,95792,18,,,0,18,,95793,18,,,0,61,,95794,18,,,0,20,,95795,18,,,0,21,,95796,18,,,0,66,,95797,18,,,0,26,,95798,18,,,0,69,,95799,18,,,0,30,,95800,18,,,0,69,,95801,18,,,0,29,,95802,18,,,0,71,,95803,18,,,0,33,,95804,18,,,0,71,,95805,18,,,0,31,,95806,18,,,0,71,,95807,18,,,0,30,,95808,18,,,0,69,,95809,18,,,0,30,,95810,18,,,0,70,,95811,18,,,0,28,,95812,18,,,0
2700,'5460',715,,95815,18,,,0,30,,95816,18,,,0,69,,95817,18,,,0,30,,95818,18,,,0,71,,95813,18,,,0,29,,95819,18,,,0,65,,95820,18,,,0,27,,95821,18,,,0,67,,95822,18,,,0,25,,95823,18,,,0,24,,95824,18,,,0,63,,95825,18,,,0,23,,95826,18,,,0,62,,95827,18,,,0,23,,95828,18,,,0,24,,95829,18,,,0,63,,95830,18,,,0,23,,95831,18,,,0,23,,95832,18,,,0,63,,95833,18,,,0,22,,95834,18,,,0,64,,95835,18,,,0,22,,95836,18,,,0,23,,95837,18,,,0,63,,95838,18,,,0,23,,95839,18,,,0,64,,95840,18,,,0,24,,95841,18,,,0,26,,95842,18,,,0,65,,95843,18,,,0,29,,95844,18,,,0,68,,95845,18,,,0,30,,95846,18,,,0,71,,95847,18,,,0,35,,95848,18,,,0,83,,95849,18,,,0,80,,95850,18,,,0,102,,95851,18,,,0
2700,'5461',715,,95854,18,,,0,30,,95855,18,,,0,69,,95856,18,,,0,30,,95857,18,,,0,71,,95852,18,,,0,29,,95858,18,,,0,65,,95859,18,,,0,27,,95860,18,,,0,67,,95861,18,,,0,25,,95862,18,,,0,24,,95863,18,,,0,63,,95864,18,,,0,23,,95865,18,,,0,62,,95866,18,,,0,23,,95867,18,,,0,24,,95868,18,,,0,63,,95869,18,,,0,23,,95870,18,,,0,23,,95871,18,,,0,63,,95872,18,,,0,22,,95873,18,,,0,64,,95874,18,,,0,22,,95875,18,,,0,23,,95876,18,,,0,63,,95877,18,,,0,23,,95878,18,,,0,64,,95879,18,,,0,24,,95880,18,,,0,26,,95881,18,,,0,65,,95882,18,,,0,29,,95883,18,,,0,68,,95884,18,,,0,30,,95885,18,,,0,71,,95886,18,,,0,35,,95887,18,,,0,83,,95888,18,,,0,80,,95889,18,,,0,102,,95890,18,,,0
2700,'5462',715,,95893,18,,,0,30,,95894,18,,,0,69,,95895,18,,,0,30,,95896,18,,,0,71,,95891,18,,,0,29,,95897,18,,,0,65,,95898,18,,,0,27,,95899,18,,,0,67,,95900,18,,,0,25,,95901,18,,,0,24,,95902,18,,,0,63,,95903,18,,,0,23,,95904,18,,,0,62,,95905,18,,,0,23,,95906,18,,,0,24,,95907,18,,,0,63,,95908,18,,,0,23,,95909,18,,,0,23,,95910,18,,,0,63,,95911,18,,,0,22,,95912,18,,,0,64,,95913,18,,,0,22,,95914,18,,,0,23,,95915,18,,,0,63,,95916,18,,,0,23,,95917,18,,,0,64,,95918,18,,,0,24,,95919,18,,,0,26,,95920,18,,,0,65,,95921,18,,,0,29,,95922,18,,,0,68,,95923,18,,,0,30,,95924,18,,,0,71,,95925,18,,,0,35,,95926,18,,,0,83,,95927,18,,,0,80,,95928,18,,,0,102,,95929,18,,,0
2700,'5463',715,,95932,18,,,0,30,,95933,18,,,0,69,,95934,18,,,0,30,,95935,18,,,0,71,,95930,18,,,0,29,,95936,18,,,0,65,,95937,18,,,0,27,,95938,18,,,0,67,,95939,18,,,0,25,,95940,18,,,0,24,,95941,18,,,0,63,,95942,18,,,0,23,,95943,18,,,0,62,,95944,18,,,0,23,,95945,18,,,0,24,,95946,18,,,0,63,,95947,18,,,0,23,,95948,18,,,0,23,,95949,18,,,0,63,,95950,18,,,0,22,,95951,18,,,0,64,,95952,18,,,0,22,,95953,18,,,0,23,,95954,18,,,0,63,,95955,18,,,0,23,,95956,18,,,0,64,,95957,18,,,0,24,,95958,18,,,0,26,,95959,18,,,0,65,,95960,18,,,0,29,,95961,18,,,0,68,,95962,18,,,0,30,,95963,18,,,0,71,,95964,18,,,0,35,,95965,18,,,0,83,,95966,18,,,0,80,,95967,18,,,0,102,,95968,18,,,0
2800,'4832',829,,79901,18,,,0,30,,71040,18,,,0,70,,84103,18,,,0,27,,71042,18,,,0,67,,71043,18,,,0,27,,84104,18,,,0,66,,71045,18,,,0,25,,71046,18,,,0,64,,84105,18,,,0,23,,84106,18,,,0,22,,71049,18,,,0,63,,71050,18,,,0,24,,71051,18,,,0,63,,84107,18,,,0,23,,79903,18,,,0,22,,71054,18,,,0,63,,71055,18,,,0,23,,84108,18,,,0,23,,79904,18,,,0,63,,71058,18,,,0,23,,84109,18,,,0,63,,84110,18,,,0,23,,79905,18,,,0,23,,71062,18,,,0,64,,84111,18,,,0,25,,84112,18,,,0,65,,71065,18,,,0,27,,84113,18,,,0,29,,84114,18,,,0,69,,71068,18,,,0,30,,84115,18,,,0,71,,84116,18,,,0,80,,79906,18,,,0,42,,84117,18,,,0,86,,79907,18,,,0
2800,'5453',829,,84120,18,,,0,30,,79922,18,,,0,70,,79923,18,,,0,27,,79924,18,,,0,67,,79925,18,,,0,27,,79926,18,,,0,66,,79927,18,,,0,25,,79928,18,,,0,64,,84121,18,,,0,23,,79930,18,,,0,22,,79931,18,,,0,63,,79932,18,,,0,24,,79933,18,,,0,63,,79934,18,,,0,23,,79935,18,,,0,22,,79936,18,,,0,63,,79937,18,,,0,23,,84122,18,,,0,23,,79939,18,,,0,63,,79940,18,,,0,23,,79941,18,,,0,63,,84123,18,,,0,23,,79943,18,,,0,23,,79944,18,,,0,64,,79945,18,,,0,25,,84124,18,,,0,65,,79947,18,,,0,27,,84125,18,,,0,29,,84126,18,,,0,69,,84127,18,,,0,30,,84128,18,,,0,71,,84129,18,,,0,80,,79953,18,,,0,42,,84130,18,,,0,86,,84131,18,,,0
2800,'5456',555,,96293,18,,,0,64,,96294,18,,,0,22,,96295,18,,,0,13,,96296,18,,,0,51,,96297,18,,,0,11,,96298,18,,,0,20,,96299,18,,,0,12,,96300,18,,,0,54,,96301,18,,,0,16,,96302,18,,,0,27,,96303,18,,,0,65,,96304,18,,,0,23,,96305,18,,,0,24,,96306,18,,,0,66,,96307,18,,,0,27,,96308,18,,,0,66,,96309,18,,,0,26,,96310,18,,,0,65,,96311,18,,,0,26,,96312,18,,,0,26,,96313,18,,,0,66,,96314,18,,,0,25,,96315,18,,,0,63,,96316,18,,,0,24,,96317,18,,,0,63,,96318,18,,,0,34,,96319,18,,,0,72,,96320,18,,,0,20,,96340,18,,,0,15,,96321,18,,,0,71,,96322,18,,,0,32,,96323,18,,,0,71,,96324,18,,,0,14,,96325,18,,,0,18,,96326,18,,,0,61,,96327,18,,,0,26,,96328,18,,,0,69,,96329,18,,,0,27,,96330,18,,,0,27,,96331,18,,,0,69,,96332,18,,,0,30,,96333,18,,,0,72,,96334,18,,,0,81,,96335,18,,,0,38,,96336,18,,,0,80,,96337,18,,,0
2800,'5458',555,,96341,18,,,0,64,,96342,18,,,0,22,,96343,18,,,0,13,,96344,18,,,0,51,,96345,18,,,0,11,,96346,18,,,0,20,,96347,18,,,0,12,,96348,18,,,0,54,,96349,18,,,0,16,,96350,18,,,0,27,,96351,18,,,0,65,,96352,18,,,0,23,,96353,18,,,0,24,,96354,18,,,0,66,,96355,18,,,0,27,,96356,18,,,0,66,,96357,18,,,0,26,,96358,18,,,0,65,,96359,18,,,0,26,,96360,18,,,0,26,,96361,18,,,0,66,,96362,18,,,0,25,,96363,18,,,0,63,,96364,18,,,0,24,,96365,18,,,0,63,,96366,18,,,0,34,,96367,18,,,0,72,,96368,18,,,0,20,,96391,18,,,0,15,,96369,18,,,0,71,,96370,18,,,0,32,,96371,18,,,0,71,,96372,18,,,0,14,,96373,18,,,0,18,,96374,18,,,0,61,,96375,18,,,0,26,,96376,18,,,0,69,,96377,18,,,0,27,,96378,18,,,0,27,,96379,18,,,0,69,,96380,18,,,0,30,,96381,18,,,0,72,,96382,18,,,0,81,,96383,18,,,0,38,,96384,18,,,0,80,,96385,18,,,0,80,,96386,18,,,0,39,,96387,18,,,0,81,,96388,18,,,0
2800,'5459',758,,96396,18,,,0,68,,96397,18,,,0,26,,96398,18,,,0,66,,96392,18,,,0,26,,96399,18,,,0,66,,96400,18,,,0,23,,96401,18,,,0,22,,96402,18,,,0,62,,96403,18,,,0,20,,96404,18,,,0,21,,96405,18,,,0,62,,96406,18,,,0,24,,96407,18,,,0,61,,96408,18,,,0,24,,96409,18,,,0,20,,96410,18,,,0,64,,96411,18,,,0,21,,96412,18,,,0,21,,96413,18,,,0,63,,96414,18,,,0,21,,96415,18,,,0,61,,96416,18,,,0,20,,96417,18,,,0,20,,96418,18,,,0,62,,96419,18,,,0,20,,96420,18,,,0,20,,96421,18,,,0,58,,96422,18,,,0,21,,96423,18,,,0,20,,96424,18,,,0,63,,96425,18,,,0,26,,96426,18,,,0,27,,96427,18,,,0,70,,96428,18,,,0,30,,96429,18,,,0,69,,96430,18,,,0,31,,96431,18,,,0,70,,96432,18,,,0,73,,96433,18,,,0,31,,96434,18,,,0,71,,96435,18,,,0,31,,96436,18,,,0,69,,96437,18,,,0,30,,96438,18,,,0,70,,96439,18,,,0,30,,96440,18,,,0
2800,'5460',829,,96445,18,,,0,71,,96446,18,,,0,30,,96447,18,,,0,27,,96448,18,,,0,66,,96449,18,,,0,26,,96450,18,,,0,67,,96451,18,,,0,25,,96452,18,,,0,64,,96453,18,,,0,23,,96454,18,,,0,22,,96455,18,,,0,62,,96456,18,,,0,24,,96457,18,,,0,64,,96458,18,,,0,23,,96459,18,,,0,22,,96460,18,,,0,63,,96461,18,,,0,23,,96462,18,,,0,23,,96463,18,,,0,62,,96464,18,,,0,23,,96465,18,,,0,62,,96466,18,,,0,24,,96467,18,,,0,23,,96468,18,,,0,64,,96469,18,,,0,24,,96470,18,,,0,67,,96471,18,,,0,26,,96472,18,,,0,29,,96473,18,,,0,69,,96474,18,,,0,31,,96475,18,,,0,70,,96476,18,,,0,80,,96477,18,,,0,43,,96478,18,,,0,87,,96479,18,,,0,86,,96480,18,0,31 49,0
2800,'5461',829,,96485,18,,,0,71,,96486,18,,,0,30,,96487,18,,,0,27,,96488,18,,,0,66,,96489,18,,,0,26,,96490,18,,,0,67,,96491,18,,,0,25,,96492,18,,,0,64,,96493,18,,,0,23,,96494,18,,,0,22,,96495,18,,,0,62,,96496,18,,,0,24,,96497,18,,,0,64,,96498,18,,,0,23,,96499,18,,,0,22,,96500,18,,,0,63,,96501,18,,,0,23,,96502,18,,,0,23,,96503,18,,,0,62,,96504,18,,,0,23,,96505,18,,,0,62,,96506,18,,,0,24,,96507,18,,,0,23,,96508,18,,,0,64,,96509,18,,,0,24,,96510,18,,,0,67,,96511,18,,,0,26,,96512,18,,,0,29,,96513,18,,,0,69,,96514,18,,,0,31,,96515,18,,,0,70,,96516,18,,,0,80,,96517,18,,,0,43,,96518,18,,,0,87,,96519,18,,,0,86,,96520,18,0,31 49,0
2800,'5462',829,,96525,18,,,0,71,,96526,18,,,0,30,,96527,18,,,0,27,,96528,18,,,0,66,,96529,18,,,0,26,,96530,18,,,0,67,,96531,18,,,0,25,,96532,18,,,0,64,,96533,18,,,0,23,,96534,18,,,0,22,,96535,18,,,0,62,,96536,18,,,0,24,,96537,18,,,0,64,,96538,18,,,0,23,,96539,18,,,0,22,,96540,18,,,0,63,,96541,18,,,0,23,,96542,18,,,0,23,,96543,18,,,0,62,,96544,18,,,0,23,,96545,18,,,0,62,,96546,18,,,0,24,,96547,18,,,0,23,,96548,18,,,0,64,,96549,18,,,0,24,,96550,18,,,0,67,,96551,18,,,0,26,,96552,18,,,0,29,,96553,18,,,0,69,,96554,18,,,0,31,,96555,18,,,0,70,,96556,18,,,0,80,,96557,18,,,0,43,,96558,18,,,0,87,,96559,18,,,0,86,,96560,18,0,31 49,0
2800,'5463',829,,96565,18,,,0,71,,96566,18,,,0,30,,96567,18,,,0,27,,96568,18,,,0,66,,96569,18,,,0,26,,96570,18,,,0,67,,96571,18,,,0,25,,96572,18,,,0,64,,96573,18,,,0,23,,96574,18,,,0,22,,96575,18,,,0,62,,96576,18,,,0,24,,96577,18,,,0,64,,96578,18,,,0,23,,96579,18,,,0,22,,96580,18,,,0,63,,96581,18,,,0,23,,96582,18,,,0,23,,96583,18,,,0,62,,96584,18,,,0,23,,96585,18,,,0,62,,96586,18,,,0,24,,96587,18,,,0,23,,96588,18,,,0,64,,96589,18,,,0,24,,96590,18,,,0,67,,96591,18,,,0,26,,96592,18,,,0,29,,96593,18,,,0,69,,96594,18,,,0,31,,96595,18,,,0,70,,96596,18,,,0,80,,96597,18,,,0,43,,96598,18,,,0,87,,96599,18,,,0,86,,96600,18,0,31 49,0
1002201,'5456',734,,103718,59,,,0,219,,103719,59,,,0,200,,103720,59,,,0,199,,103721,45,,,0,175,,103722,45,,,0,200,,103723,45,,,0,129,,103725,45,,,0,171,,103726,45,,,0
1002201,'5458',734,,103727,59,,,0,219,,103728,59,,,0,200,,103729,59,,,0,199,,103730,45,,,0,175,,103732,45,,,0,200,,103733,45,,,0,129,,103734,45,,,0,171,,103735,45,,,0
