601,'5456',539,,89704,11,,,0,15,,89705,11,,,0,68,,89706,11,,,0,24,,89707,11,,,0,55,,89718,11,,,0,15,,89708,11,,,0,6,,89725,11,,,0,15,,89709,11,,,0,16,,89712,11,,,0,52,,89719,11,,,0,18,,89710,11,,,0,18,,89711,11,,,0,17,,89713,11,,,0,57,,89732,11,,,0,20,,89714,11,,,0,22,,89723,11,,,0,63,,89715,11,,,0,23,,89716,11,,,0,63,,89717,11,,,0,24,,89720,11,,,0,24,,89721,11,,,0,64,,89722,11,,,0,25,,89724,11,,,0,65,,89726,11,,,0,23,,89727,11,,,0,21,,89728,11,,,0,60,,89729,11,,,0,19,,89730,11,,,0,20,,89731,11,,,0,58,,89733,11,,,0,11,,89755,1,,,0,5,,89734,11,,,0,11,,89735,11,,,0,20,,89736,11,,,0,59,,89737,11,,,0,19,,89738,11,,,0,22,,89739,11,,,0,62,,89740,11,,,0,26,,89741,11,,,0,64,,89742,11,,,0,12,,89743,11,,,0,25,,89744,11,,,0,70,,89745,11,,,0,33,,89746,11,,,0,77,,89748,11,,,0,18,,89747,11,,,0,76,,89750,11,,,0,22,,89749,11,,,0,90,,89751,11,,,0,100,,89752,11,,,0,73,,89754,11,,,0,31,,89753,11,,,0
601,'5458',539,,89756,11,,,0,15,,89757,11,,,0,68,,89758,11,,,0,24,,89759,11,,,0,55,,89770,11,,,0,15,,89760,11,,,0,6,,89777,11,,,0,15,,89761,11,,,0,16,,89764,11,,,0,52,,89771,11,,,0,18,,89762,11,,,0,18,,89763,11,,,0,17,,89765,11,,,0,57,,89784,11,,,0,20,,89766,11,,,0,22,,89775,11,,,0,63,,89767,11,,,0,23,,89768,11,,,0,63,,89769,11,,,0,24,,89772,11,,,0,24,,89773,11,,,0,64,,89774,11,,,0,25,,89776,11,,,0,65,,89778,11,,,0,23,,89779,11,,,0,21,,89780,11,,,0,60,,89781,11,,,0,19,,89782,11,,,0,20,,89783,11,,,0,58,,89785,11,,,0,11,,89811,1,,,0,5,,89786,11,,,0,11,,89787,11,,,0,20,,89788,11,,,0,59,,89789,11,,,0,19,,89790,11,,,0,22,,89791,11,,,0,62,,89792,11,,,0,26,,89793,11,,,0,64,,89794,11,,,0,12,,89795,11,,,0,25,,89796,11,,,0,70,,89797,11,,,0,33,,89798,11,,,0,77,,89800,11,,,0,18,,89799,11,,,0,76,,89802,11,,,0,22,,89801,11,,,0,90,,89803,11,,,0,100,,89804,11,,,0,73,,89806,11,,,0,31,,89805,11,,,0,70,,89808,11,,,0,30,,89810,11,,,0,71,,89807,11,,,0,30,,89809,11,,,0
601,'5459',559,,89814,11,,,0,63,,89815,11,,,0,20,,89812,11,,,0,77,,89816,11,,,0,16,,89817,11,,,0,19,,89818,11,,,0,73,,89819,11,,,0,14,,89820,11,,,0,15,,89821,11,,,0,68,,89822,11,,,0,13,,89823,11,,,0,13,,89813,11,,,0,62,,89824,11,,,0,12,,89825,11,,,0,12,,89826,11,,,0,64,,89828,11,,,0,11,,89829,11,,,0,12,,89827,11,,,0,24,,89830,11,,,0,11,,89831,11,,,0,52,,89832,11,,,0,23,,89839,11,,,0,12,,89833,11,,,0,12,,89834,11,,,0,64,,89835,11,,,0,10,,89836,11,,,0,11,,89837,11,,,0,60,,89840,11,,,0,10,,89841,11,,,0,11,,89842,11,,,0,21,,89838,11,,,0,11,,89843,11,,,0,50,,89848,11,,,0,21,,89844,11,,,0,10,,89845,11,,,0,10,,89846,11,,,0,61,,89847,11,,,0,10,,89849,11,,,0,10,,89850,11,,,0,11,,89851,11,,,0,64,,89852,11,,,0,13,,89853,11,,,0,12,,89854,11,,,0,13,,89855,11,,,0,65,,89856,11,,,0,12,,89857,11,,,0,13,,89858,11,,,0,15,,89859,11,,,0,70,,89860,11,,,0,15,,89861,11,,,0,15,,89862,11,,,0,77,,89863,11,,,0,18,,89864,11,,,0,76,,89865,11,,,0,18,,89866,11,,,0,82,,89867,11,,,0,25,,89868,11,,,0,96,,89869,11,,,0,66,,89870,11,,,0,31,,89871,11,,,0,70,,89872,11,,,0,30,,89873,11,,,0,71,,89874,11,,,0,29,,89875,11,,,0
601,'5460',640,,89913,11,,,0,95,,89887,11,,,0,84,,89896,11,,,0,19,,89886,11,,,0,79,,89912,11,,,0,17,,89901,11,,,0,15,,89923,11,,,0,70,,89876,11,,,0,16,,89915,11,,,0,15,,89903,11,,,0,70,,89885,11,,,0,15,,89878,11,,,0,12,,89877,11,,,0,64,,89905,11,,,0,12,,89880,11,,,0,12,,89881,11,,,0,12,,89895,11,,,0,64,,89879,11,,,0,12,,89920,11,,,0,12,,89904,11,,,0,12,,89884,11,,,0,64,,89894,11,,,0,12,,89883,11,,,0,12,,89882,11,,,0,12,,89918,11,,,0,64,,89890,11,,,0,13,,89891,11,,,0,12,,89893,11,,,0,12,,89892,11,,,0,65,,89919,11,,,0,12,,89898,11,,,0,12,,89888,11,,,0,12,,89889,11,,,0,64,,89924,11,,,0,12,,89900,11,,,0,13,,89916,11,,,0,16,,89897,11,,,0,70,,89902,11,,,0,19,,89899,11,,,0,58,,89910,11,,,0,36,,89907,11,,,0,18,,89906,11,,,0,74,,89908,11,,,0,17,,89909,11,,,0,75,,89914,11,,,0,20,,89917,11,,,0,97,,89911,11,,,0,71,,89922,11,,,0,50,,89921,11,,,0
601,'5461',640,,89962,11,,,0,95,,89936,11,,,0,84,,89945,11,,,0,19,,89935,11,,,0,79,,89961,11,,,0,17,,89950,11,,,0,15,,89972,11,,,0,70,,89925,11,,,0,16,,89964,11,,,0,15,,89952,11,,,0,70,,89934,11,,,0,15,,89927,11,,,0,12,,89926,11,,,0,64,,89954,11,,,0,12,,89929,11,,,0,12,,89930,11,,,0,12,,89944,11,,,0,64,,89928,11,,,0,12,,89969,11,,,0,12,,89953,11,,,0,12,,89933,11,,,0,64,,89943,11,,,0,12,,89932,11,,,0,12,,89931,11,,,0,12,,89967,11,,,0,64,,89939,11,,,0,13,,89940,11,,,0,12,,89942,11,,,0,12,,89941,11,,,0,65,,89968,11,,,0,12,,89947,11,,,0,12,,89937,11,,,0,12,,89938,11,,,0,64,,89973,11,,,0,12,,89949,11,,,0,13,,89965,11,,,0,16,,89946,11,,,0,70,,89951,11,,,0,19,,89948,11,,,0,58,,89959,11,,,0,36,,89956,11,,,0,18,,89955,11,,,0,74,,89957,11,,,0,17,,89958,11,,,0,75,,89963,11,,,0,20,,89966,11,,,0,97,,89960,11,,,0,71,,89971,11,,,0,50,,89970,11,,,0
601,'5462',640,,90011,11,,,0,95,,89985,11,,,0,84,,89994,11,,,0,19,,89984,11,,,0,79,,90010,11,,,0,17,,89999,11,,,0,15,,90021,11,,,0,70,,89974,11,,,0,16,,90013,11,,,0,15,,90001,11,,,0,70,,89983,11,,,0,15,,89976,11,,,0,12,,89975,11,,,0,64,,90003,11,,,0,12,,89978,11,,,0,12,,89979,11,,,0,12,,89993,11,,,0,64,,89977,11,,,0,12,,90018,11,,,0,12,,90002,11,,,0,12,,89982,11,,,0,64,,89992,11,,,0,12,,89981,11,,,0,12,,89980,11,,,0,12,,90016,11,,,0,64,,89988,11,,,0,13,,89989,11,,,0,12,,89991,11,,,0,12,,89990,11,,,0,65,,90017,11,,,0,12,,89996,11,,,0,12,,89986,11,,,0,12,,89987,11,,,0,64,,90022,11,,,0,12,,89998,11,,,0,13,,90014,11,,,0,16,,89995,11,,,0,70,,90000,11,,,0,19,,89997,11,,,0,58,,90008,11,,,0,36,,90005,11,,,0,18,,90004,11,,,0,74,,90006,11,,,0,17,,90007,11,,,0,75,,90012,11,,,0,20,,90015,11,,,0,97,,90009,11,,,0,71,,90020,11,,,0,50,,90019,11,,,0
601,'5463',640,,90060,11,,,0,95,,90034,11,,,0,84,,90043,11,,,0,19,,90033,11,,,0,79,,90059,11,,,0,17,,90048,11,,,0,15,,90070,11,,,0,70,,90023,11,,,0,16,,90062,11,,,0,15,,90050,11,,,0,70,,90032,11,,,0,15,,90025,11,,,0,12,,90024,11,,,0,64,,90052,11,,,0,12,,90027,11,,,0,12,,90028,11,,,0,12,,90042,11,,,0,64,,90026,11,,,0,12,,90067,11,,,0,12,,90051,11,,,0,12,,90031,11,,,0,64,,90041,11,,,0,12,,90030,11,,,0,12,,90029,11,,,0,12,,90065,11,,,0,64,,90037,11,,,0,13,,90038,11,,,0,12,,90040,11,,,0,12,,90039,11,,,0,65,,90066,11,,,0,12,,90045,11,,,0,12,,90035,11,,,0,12,,90036,11,,,0,64,,90071,11,,,0,12,,90047,11,,,0,13,,90063,11,,,0,16,,90044,11,,,0,70,,90049,11,,,0,19,,90046,11,,,0,58,,90057,11,,,0,36,,90054,11,,,0,18,,90053,11,,,0,74,,90055,11,,,0,17,,90056,11,,,0,75,,90061,11,,,0,20,,90064,11,,,0,97,,90058,11,,,0,71,,90069,11,,,0,50,,90068,11,,,0
1701,'5456',1520,,93603,23,4,,0
1701,'5458',1520,,93604,23,4,,0
1000601,'5456',608,,103577,19,,,0,47,,103581,19,,,0,74,,103587,19,,,0,29,,103578,19,,,0,74,,103584,19,,,0,75,,103579,19,,,0,39,,103580,19,,,0,86,,103582,19,,,0,86,,103585,19,,,0,88,,103583,19,,,0,50,,103586,19,,,0,86,,103589,19,,,0,80,,103591,19,,,0,79,,103588,19,,,0,45,,103590,19,,,0,76,,103592,19,,,0,84,,103593,19,,,0,49,,103594,19,,,0,145,,103595,19,,,0,107,,103596,19,,,0,94,,103597,19,,,0,100,,103598,19,,,0,100,,103599,19,,,0
1000601,'5458',608,,103600,19,,,0,47,,103604,19,,,0,74,,103610,19,,,0,29,,103601,19,,,0,74,,103607,19,,,0,75,,103602,19,,,0,39,,103603,19,,,0,86,,103605,19,,,0,86,,103608,19,,,0,88,,103606,19,,,0,50,,103609,19,,,0,86,,103612,19,,,0,80,,103614,19,,,0,79,,103611,19,,,0,45,,103613,19,,,0,76,,103615,19,,,0,84,,103616,19,,,0,49,,103617,19,,,0,145,,103618,19,,,0,107,,103619,19,,,0,94,,103620,19,,,0,100,,103621,19,,,0,100,,103622,19,,,0
1000601,'5459',702,,103623,19,,,0,110,,103624,19,,,0,99,,103625,19,,,0,89,,103626,19,,,0,48,,103627,19,,,0,87,,103628,19,,,0,87,,103629,19,,,0,88,,103630,19,,,0,42,,103632,19,,,0,82,,103631,19,,,0,82,,103633,19,,,0,42,,103634,19,,,0,93,,103635,19,,,0,100,,103636,19,,,0,149,,103637,19,,,0,103,,103638,19,,,0,54,,103639,19,,,0,99,,103640,19,,,0,150,,103641,19,,,0
1000601,'5460',710,,103649,19,,,0,90,,103655,19,,,0,57,,103643,19,,,0,147,,103647,19,,,0,101,,103642,19,,,0,54,,103657,19,,,0,100,,103644,19,,,0,100,,103645,19,,,0,100,,103651,19,,,0,141,,103648,19,,,0,101,,103646,19,,,0,108,,103650,19,,,0,110,,103652,19,,,0,93,,103654,19,,,0,91,,103653,19,,,0,108,,103656,19,,,0
1000601,'5461',710,,103665,19,,,0,90,,103671,19,,,0,57,,103659,19,,,0,147,,103663,19,,,0,101,,103658,19,,,0,54,,103673,19,,,0,100,,103660,19,,,0,100,,103661,19,,,0,100,,103667,19,,,0,141,,103664,19,,,0,101,,103662,19,,,0,108,,103666,19,,,0,110,,103668,19,,,0,93,,103670,19,,,0,91,,103669,19,,,0,108,,103672,19,,,0
1000601,'5462',710,,103681,19,,,0,90,,103687,19,,,0,57,,103675,19,,,0,147,,103679,19,,,0,101,,103674,19,,,0,54,,103689,19,,,0,100,,103676,19,,,0,100,,103677,19,,,0,100,,103683,19,,,0,141,,103680,19,,,0,101,,103678,19,,,0,108,,103682,19,,,0,110,,103684,19,,,0,93,,103686,19,,,0,91,,103685,19,,,0,108,,103688,19,,,0
1000601,'5463',710,,103697,19,,,0,90,,103703,19,,,0,57,,103691,19,,,0,147,,103695,19,,,0,101,,103690,19,,,0,54,,103705,19,,,0,100,,103692,19,,,0,100,,103693,19,,,0,100,,103699,19,,,0,141,,103696,19,,,0,101,,103694,19,,,0,108,,103698,19,,,0,110,,103700,19,,,0,93,,103702,19,,,0,91,,103701,19,,,0,108,,103704,19,,,0
2000601,'5456',634,,103898,14,,,0,74,,103897,14,,,0,37,,103909,14,,,0,69,,103900,14,,,0,36,,103907,14,,,0,73,,103899,14,,,0,86,,103901,14,,,0,46,,103902,14,,,0,87,,103903,14,,,0,89,,103904,14,,,0,89,,103905,14,,,0,82,,103906,14,,,0,39,,103908,14,,,0,77,,103911,14,,,0,87,,103910,14,,,0,40,,103912,14,,,0,86,,103913,14,,,0,102,,103914,14,,,0,97,,103915,14,,,0
2000601,'5458',634,,103917,14,,,0,74,,103916,14,,,0,37,,103928,14,,,0,69,,103919,14,,,0,36,,103926,14,,,0,73,,103918,14,,,0,86,,103920,14,,,0,46,,103921,14,,,0,87,,103922,14,,,0,89,,103923,14,,,0,89,,103924,14,,,0,82,,103925,14,,,0,39,,103927,14,,,0,77,,103930,14,,,0,87,,103929,14,,,0,40,,103931,14,,,0,86,,103932,14,,,0,102,,103933,14,,,0,97,,103934,14,,,0
