601,'4832',646,,82337,18,,,0,95,,82322,18,,,0,84,,78502,18,,,0,19,,82321,18,,,0,80,,82336,18,,,0,17,,78507,18,,,0,15,,82342,18,,,0,70,,82313,18,,,0,16,,82338,18,,,0,15,,82330,18,,,0,70,,78492,18,,,0,15,,82315,18,,,0,12,,82314,18,,,0,64,,82332,18,,,0,12,,82316,18,,,0,12,,82317,18,,,0,12,,78501,18,,,0,64,,65453,18,,,0,12,,82340,18,,,0,12,,82331,18,,,0,12,,82320,18,,,0,64,,82326,18,,,0,12,,82319,18,,,0,12,,82318,18,,,0,12,,78522,18,,,0,64,,65464,18,,,0,13,,78497,18,,,0,12,,82325,18,,,0,12,,82324,18,,,0,64,,78523,18,,,0,12,,82328,18,,,0,12,,82323,18,,,0,12,,78496,18,,,0,64,,82343,18,,,0,12,,78506,18,,,0,13,,78520,18,,,0,56,,82327,18,,,0,30,,82329,18,,,0,19,,78505,18,,,0,58,,78514,18,,,0,36,,82333,18,,,0,58,,78510,18,,,0,34,,82334,18,,,0,17,,82335,18,,,0,75,,78518,18,,,0,20,,82339,18,,,0,96,,78515,18,,,0,70,,82341,18,,,0,42,,78525,18,,,0
601,'5453',646,,82376,18,,,0,95,,82353,18,,,0,84,,82359,18,,,0,19,,82352,18,,,0,80,,82375,18,,,0,17,,82364,18,,,0,15,,82383,18,,,0,70,,82344,18,,,0,16,,78657,18,,,0,15,,82366,18,,,0,70,,82351,18,,,0,15,,78620,18,,,0,12,,82345,18,,,0,64,,82368,18,,,0,12,,82347,18,,,0,12,,82348,18,,,0,12,,82358,18,,,0,64,,82346,18,,,0,12,,78662,18,,,0,12,,82367,18,,,0,12,,82350,18,,,0,64,,82357,18,,,0,12,,78625,18,,,0,12,,82349,18,,,0,12,,78660,18,,,0,64,,78632,18,,,0,13,,82356,18,,,0,12,,78635,18,,,0,12,,78634,18,,,0,64,,82380,18,,,0,12,,82361,18,,,0,12,,82354,18,,,0,12,,82355,18,,,0,64,,82384,18,,,0,12,,82363,18,,,0,13,,82378,18,,,0,56,,82360,18,,,0,30,,82365,18,,,0,19,,82362,18,,,0,58,,82373,18,,,0,36,,82370,18,,,0,58,,82369,18,,,0,34,,82371,18,,,0,17,,82372,18,,,0,75,,82377,18,,,0,20,,82379,18,,,0,96,,82374,18,,,0,70,,82382,18,,,0,42,,82381,18,,,0
601,'5456',544,,89704,18,,,0,15,,89705,18,,,0,69,,89706,18,,,0,24,,89707,18,,,0,55,,89718,18,,,0,15,,89708,18,,,0,7,,89725,18,,,0,15,,89709,18,,,0,56,,89712,18,,,0,12,,89719,18,,,0,19,,89710,18,,,0,17,,89711,18,,,0,57,,89713,18,,,0,17,,89732,18,,,0,20,,89714,18,,,0,62,,89723,18,,,0,23,,89715,18,,,0,23,,89716,18,,,0,63,,89717,18,,,0,24,,89720,18,,,0,64,,89721,18,,,0,24,,89722,18,,,0,25,,89724,18,,,0,65,,89726,18,,,0,23,,89727,18,,,0,21,,89728,18,,,0,60,,89729,18,,,0,20,,89730,18,,,0,20,,89731,18,,,0,59,,89733,18,,,0,11,,89755,8,,,0,5,,89734,18,,,0,10,,89735,18,,,0,60,,89736,18,,,0,19,,89737,18,,,0,20,,89738,18,,,0,62,,89739,18,,,0,21,,89740,18,,,0,25,,89741,18,,,0,63,,89742,18,,,0,12,,89743,18,,,0,25,,89744,18,,,0,70,,89745,18,,,0,33,,89746,18,,,0,77,,89748,18,,,0,18,,89747,18,,,0,76,,89750,18,,,0,21,,89749,18,,,0,90,,89751,18,,,0,100,,89752,18,,,0,72,,89754,18,,,0,31,,89753,18,,,0
601,'5458',544,,89756,18,,,0,15,,89757,18,,,0,69,,89758,18,,,0,24,,89759,18,,,0,55,,89770,18,,,0,15,,89760,18,,,0,7,,89777,18,,,0,15,,89761,18,,,0,56,,89764,18,,,0,12,,89771,18,,,0,19,,89762,18,,,0,17,,89763,18,,,0,57,,89765,18,,,0,17,,89784,18,,,0,20,,89766,18,,,0,62,,89775,18,,,0,23,,89767,18,,,0,23,,89768,18,,,0,63,,89769,18,,,0,24,,89772,18,,,0,64,,89773,18,,,0,24,,89774,18,,,0,25,,89776,18,,,0,65,,89778,18,,,0,23,,89779,18,,,0,21,,89780,18,,,0,60,,89781,18,,,0,20,,89782,18,,,0,20,,89783,18,,,0,59,,89785,18,,,0,11,,89811,8,,,0,5,,89786,18,,,0,10,,89787,18,,,0,60,,89788,18,,,0,19,,89789,18,,,0,20,,89790,18,,,0,62,,89791,18,,,0,21,,89792,18,,,0,25,,89793,18,,,0,63,,89794,18,,,0,12,,89795,18,,,0,25,,89796,18,,,0,70,,89797,18,,,0,33,,89798,18,,,0,77,,89800,18,,,0,18,,89799,18,,,0,76,,89802,18,,,0,21,,89801,18,,,0,90,,89803,18,,,0,100,,89804,18,,,0,72,,89806,18,,,0,31,,89805,18,,,0,70,,89808,18,,,0,30,,89810,18,,,0,71,,89807,18,,,0,30,,89809,18,,,0
601,'5459',604,,89814,18,,,0,23,,89815,18,,,0,20,,89812,18,,,0,78,,89816,18,,,0,16,,89817,18,,,0,59,,89818,18,,,0,33,,89819,18,,,0,14,,89820,18,,,0,55,,89821,18,,,0,28,,89822,18,,,0,13,,89823,18,,,0,13,,89813,18,,,0,63,,89824,18,,,0,12,,89825,18,,,0,12,,89826,18,,,0,64,,89828,18,,,0,11,,89829,18,,,0,12,,89827,18,,,0,24,,89830,18,,,0,51,,89831,18,,,0,12,,89832,18,,,0,23,,89839,18,,,0,12,,89833,18,,,0,52,,89834,18,,,0,24,,89835,18,,,0,10,,89836,18,,,0,11,,89837,18,,,0,60,,89840,18,,,0,10,,89841,18,,,0,11,,89842,18,,,0,21,,89838,18,,,0,51,,89843,18,,,0,10,,89848,18,,,0,21,,89844,18,,,0,10,,89845,18,,,0,10,,89846,18,,,0,61,,89847,18,,,0,10,,89849,18,,,0,10,,89850,18,,,0,11,,89851,18,,,0,64,,89852,18,,,0,13,,89853,18,,,0,12,,89854,18,,,0,13,,89855,18,,,0,64,,89856,18,,,0,12,,89857,18,,,0,13,,89858,18,,,0,15,,89859,18,,,0,70,,89860,18,,,0,15,,89861,18,,,0,15,,89862,18,,,0,77,,89863,18,,,0,18,,89864,18,,,0,76,,89865,18,,,0,18,,89866,18,,,0,82,,89867,18,,,0,25,,89868,18,,,0,95,,89869,18,,,0,65,,89870,18,,,0,31,,89871,18,,,0,70,,89872,18,,,0,30,,89873,18,,,0,71,,89874,18,,,0,29,,89875,18,,,0
601,'5460',646,,89913,18,,,0,95,,89887,18,,,0,84,,89896,18,,,0,19,,89886,18,,,0,80,,89912,18,,,0,17,,89901,18,,,0,15,,89923,18,,,0,70,,89876,18,,,0,16,,89915,18,,,0,15,,89903,18,,,0,70,,89885,18,,,0,15,,89878,18,,,0,12,,89877,18,,,0,64,,89905,18,,,0,12,,89880,18,,,0,12,,89881,18,,,0,12,,89895,18,,,0,64,,89879,18,,,0,12,,89920,18,,,0,12,,89904,18,,,0,12,,89884,18,,,0,64,,89894,18,,,0,12,,89883,18,,,0,12,,89882,18,,,0,12,,89918,18,,,0,64,,89890,18,,,0,13,,89891,18,,,0,12,,89893,18,,,0,12,,89892,18,,,0,64,,89919,18,,,0,12,,89898,18,,,0,12,,89888,18,,,0,12,,89889,18,,,0,64,,89924,18,,,0,12,,89900,18,,,0,13,,89916,18,,,0,56,,89897,18,,,0,30,,89902,18,,,0,19,,89899,18,,,0,58,,89910,18,,,0,36,,89907,18,,,0,58,,89906,18,,,0,34,,89908,18,,,0,17,,89909,18,,,0,75,,89914,18,,,0,20,,89917,18,,,0,96,,89911,18,,,0,70,,89922,18,,,0,90,,89921,18,,,0
601,'5461',646,,89962,18,,,0,95,,89936,18,,,0,84,,89945,18,,,0,19,,89935,18,,,0,80,,89961,18,,,0,17,,89950,18,,,0,15,,89972,18,,,0,70,,89925,18,,,0,16,,89964,18,,,0,15,,89952,18,,,0,70,,89934,18,,,0,15,,89927,18,,,0,12,,89926,18,,,0,64,,89954,18,,,0,12,,89929,18,,,0,12,,89930,18,,,0,12,,89944,18,,,0,64,,89928,18,,,0,12,,89969,18,,,0,12,,89953,18,,,0,12,,89933,18,,,0,64,,89943,18,,,0,12,,89932,18,,,0,12,,89931,18,,,0,12,,89967,18,,,0,64,,89939,18,,,0,13,,89940,18,,,0,12,,89942,18,,,0,12,,89941,18,,,0,64,,89968,18,,,0,12,,89947,18,,,0,12,,89937,18,,,0,12,,89938,18,,,0,64,,89973,18,,,0,12,,89949,18,,,0,13,,89965,18,,,0,56,,89946,18,,,0,30,,89951,18,,,0,19,,89948,18,,,0,58,,89959,18,,,0,36,,89956,18,,,0,58,,89955,18,,,0,34,,89957,18,,,0,17,,89958,18,,,0,75,,89963,18,,,0,20,,89966,18,,,0,96,,89960,18,,,0,70,,89971,18,,,0,90,,89970,18,,,0
601,'5462',646,,90011,18,,,0,95,,89985,18,,,0,84,,89994,18,,,0,19,,89984,18,,,0,80,,90010,18,,,0,17,,89999,18,,,0,15,,90021,18,,,0,70,,89974,18,,,0,16,,90013,18,,,0,15,,90001,18,,,0,70,,89983,18,,,0,15,,89976,18,,,0,12,,89975,18,,,0,64,,90003,18,,,0,12,,89978,18,,,0,12,,89979,18,,,0,12,,89993,18,,,0,64,,89977,18,,,0,12,,90018,18,,,0,12,,90002,18,,,0,12,,89982,18,,,0,64,,89992,18,,,0,12,,89981,18,,,0,12,,89980,18,,,0,12,,90016,18,,,0,64,,89988,18,,,0,13,,89989,18,,,0,12,,89991,18,,,0,12,,89990,18,,,0,64,,90017,18,,,0,12,,89996,18,,,0,12,,89986,18,,,0,12,,89987,18,,,0,64,,90022,18,,,0,12,,89998,18,,,0,13,,90014,18,,,0,56,,89995,18,,,0,30,,90000,18,,,0,19,,89997,18,,,0,58,,90008,18,,,0,36,,90005,18,,,0,58,,90004,18,,,0,34,,90006,18,,,0,17,,90007,18,,,0,75,,90012,18,,,0,20,,90015,18,,,0,96,,90009,18,,,0,70,,90020,18,,,0,90,,90019,18,,,0
601,'5463',646,,90060,18,,,0,95,,90034,18,,,0,84,,90043,18,,,0,19,,90033,18,,,0,80,,90059,18,,,0,17,,90048,18,,,0,15,,90070,18,,,0,70,,90023,18,,,0,16,,90062,18,,,0,15,,90050,18,,,0,70,,90032,18,,,0,15,,90025,18,,,0,12,,90024,18,,,0,64,,90052,18,,,0,12,,90027,18,,,0,12,,90028,18,,,0,12,,90042,18,,,0,64,,90026,18,,,0,12,,90067,18,,,0,12,,90051,18,,,0,12,,90031,18,,,0,64,,90041,18,,,0,12,,90030,18,,,0,12,,90029,18,,,0,12,,90065,18,,,0,64,,90037,18,,,0,13,,90038,18,,,0,12,,90040,18,,,0,12,,90039,18,,,0,64,,90066,18,,,0,12,,90045,18,,,0,12,,90035,18,,,0,12,,90036,18,,,0,64,,90071,18,,,0,12,,90047,18,,,0,13,,90063,18,,,0,56,,90044,18,,,0,30,,90049,18,,,0,19,,90046,18,,,0,58,,90057,18,,,0,36,,90054,18,,,0,58,,90053,18,,,0,34,,90055,18,,,0,17,,90056,18,,,0,75,,90061,18,,,0,20,,90064,18,,,0,96,,90058,18,,,0,70,,90069,18,,,0,90,,90068,18,,,0
1000601,'4832',716,,81796,26,,,0,90,,87346,26,,,0,98,,87339,26,,,0,107,,87342,26,,,0,101,,81789,26,,,0,94,,87348,26,,,0,100,,87340,26,,,0,100,,81792,26,,,0,100,,87344,26,,,0,101,,87343,26,,,0,100,,87341,26,,,0,108,,81797,26,,,0,110,,87345,26,,,0,93,,81800,26,,,0,91,,81799,26,,,0,107,,87347,26,,,0
1000601,'5453',716,,87356,26,,,0,90,,87361,26,,,0,98,,87350,26,,,0,107,,87354,26,,,0,101,,87349,26,,,0,94,,81852,26,,,0,100,,87351,26,,,0,100,,87352,26,,,0,100,,81846,26,,,0,101,,87355,26,,,0,100,,87353,26,,,0,108,,87357,26,,,0,110,,87358,26,,,0,93,,87360,26,,,0,91,,87359,26,,,0,107,,87362,26,,,0
1000601,'5456',614,,103577,26,,,0,87,,103581,26,,,0,35,,103587,26,,,0,69,,103578,26,,,0,35,,103584,26,,,0,74,,103579,26,,,0,39,,103580,26,,,0,86,,103582,26,,,0,86,,103585,26,,,0,88,,103583,26,,,0,90,,103586,26,,,0,46,,103589,26,,,0,80,,103591,26,,,0,80,,103588,26,,,0,45,,103590,26,,,0,77,,103592,26,,,0,84,,103593,26,,,0,87,,103594,26,,,0,104,,103595,26,,,0,107,,103596,26,,,0,94,,103597,26,,,0,99,,103598,26,,,0,100,,103599,26,,,0
1000601,'5458',614,,103600,26,,,0,87,,103604,26,,,0,35,,103610,26,,,0,69,,103601,26,,,0,35,,103607,26,,,0,74,,103602,26,,,0,39,,103603,26,,,0,86,,103605,26,,,0,86,,103608,26,,,0,88,,103606,26,,,0,90,,103609,26,,,0,46,,103612,26,,,0,80,,103614,26,,,0,80,,103611,26,,,0,45,,103613,26,,,0,77,,103615,26,,,0,84,,103616,26,,,0,87,,103617,26,,,0,104,,103618,26,,,0,107,,103619,26,,,0,94,,103620,26,,,0,99,,103621,26,,,0,100,,103622,26,,,0
1000601,'5459',707,,103623,26,,,0,111,,103624,26,,,0,99,,103625,26,,,0,90,,103626,26,,,0,48,,103627,26,,,0,87,,103628,26,,,0,87,,103629,26,,,0,88,,103630,26,,,0,42,,103632,26,,,0,82,,103631,26,,,0,82,,103633,26,,,0,82,,103634,26,,,0,53,,103635,26,,,0,100,,103636,26,,,0,148,,103637,26,,,0,103,,103638,26,,,0,94,,103639,26,,,0,99,,103640,26,,,0,110,,103641,26,,,0
1000601,'5460',716,,103649,26,,,0,90,,103655,26,,,0,98,,103643,26,,,0,107,,103647,26,,,0,101,,103642,26,,,0,94,,103657,26,,,0,100,,103644,26,,,0,100,,103645,26,,,0,100,,103651,26,,,0,101,,103648,26,,,0,100,,103646,26,,,0,108,,103650,26,,,0,110,,103652,26,,,0,93,,103654,26,,,0,91,,103653,26,,,0,107,,103656,26,,,0
1000601,'5461',716,,103665,26,,,0,90,,103671,26,,,0,98,,103659,26,,,0,107,,103663,26,,,0,101,,103658,26,,,0,94,,103673,26,,,0,100,,103660,26,,,0,100,,103661,26,,,0,100,,103667,26,,,0,101,,103664,26,,,0,100,,103662,26,,,0,108,,103666,26,,,0,110,,103668,26,,,0,93,,103670,26,,,0,91,,103669,26,,,0,107,,103672,26,,,0
1000601,'5462',716,,103681,26,,,0,90,,103687,26,,,0,98,,103675,26,,,0,107,,103679,26,,,0,101,,103674,26,,,0,94,,103689,26,,,0,100,,103676,26,,,0,100,,103677,26,,,0,100,,103683,26,,,0,101,,103680,26,,,0,100,,103678,26,,,0,108,,103682,26,,,0,110,,103684,26,,,0,93,,103686,26,,,0,91,,103685,26,,,0,107,,103688,26,,,0
1000601,'5463',716,,103697,26,,,0,90,,103703,26,,,0,98,,103691,26,,,0,107,,103695,26,,,0,101,,103690,26,,,0,94,,103705,26,,,0,100,,103692,26,,,0,100,,103693,26,,,0,100,,103699,26,,,0,101,,103696,26,,,0,100,,103694,26,,,0,108,,103698,26,,,0,110,,103700,26,,,0,93,,103702,26,,,0,91,,103701,26,,,0,107,,103704,26,,,0
2000601,'5456',640,,103898,21,,,0,74,,103897,21,,,0,38,,103909,21,,,0,69,,103900,21,,,0,36,,103907,21,,,0,73,,103899,21,,,0,86,,103901,21,,,0,86,,103902,21,,,0,47,,103903,21,,,0,89,,103904,21,,,0,89,,103905,21,,,0,82,,103906,21,,,0,40,,103908,21,,,0,78,,103911,21,,,0,86,,103910,21,,,0,41,,103912,21,,,0,84,,103913,21,,,0,101,,103914,21,,,0,97,,103915,21,,,0
2000601,'5458',640,,103917,21,,,0,74,,103916,21,,,0,38,,103928,21,,,0,69,,103919,21,,,0,36,,103926,21,,,0,73,,103918,21,,,0,86,,103920,21,,,0,86,,103921,21,,,0,47,,103922,21,,,0,89,,103923,21,,,0,89,,103924,21,,,0,82,,103925,21,,,0,40,,103927,21,,,0,78,,103930,21,,,0,86,,103929,21,,,0,41,,103931,21,,,0,84,,103932,21,,,0,101,,103933,21,,,0,97,,103934,21,,,0
