4601,'5456',712,,98575,22,,,0,110,,98584,22,,,0,7,,98585,2,,,0,117,,98574,22,,,0,93,,98583,22,,,0,383,,98580,22,,,0,130,,98576,22,,,0,70,,98581,22,,,0,80,,98577,22,,,0,37,,98578,22,,,0,65,,98579,22,,,0,49,,98582,22,,,0
4601,'5458',712,,98587,22,,,0,110,,98596,22,,,0,7,,98597,2,,,0,117,,98586,22,,,0,93,,98595,22,,,0,383,,98592,22,,,0,130,,98588,22,,,0,70,,98593,22,,,0,80,,98589,22,,,0,37,,98590,22,,,0,65,,98591,22,,,0,49,,98594,22,,,0
9501,'5456',505,,102898,2,0,15,0,25,,102896,16,0,15,0,27,,102897,16,0,15,0,60,,102899,16,0,15,0,14,,102900,16,0,15,0,12,,102904,16,0,15,0,14,,102903,16,0,15,0,52,,102906,16,0,15,0,12,,102901,16,0,15,0,13,,102913,16,0,15,0,12,,102915,16,0,15,0,13,,102914,16,0,15,0,52,,102905,16,0,15,0,13,,102912,16,0,15,0,13,,102911,16,0,15,0,13,,102902,16,0,15,0,52,,102907,16,0,15,0,11,,102910,16,0,15,0,12,,102909,16,0,15,0,12,,102908,16,0,15,0,12,,102916,16,0,15,0,52,,102930,16,0,15,0,12,,102920,16,0,15,0,12,,102929,16,0,15,0,12,,102934,16,0,15,0,12,,102918,16,0,15,0,51,,102931,16,0,15,0,13,,102926,16,0,15,0,12,,102928,16,0,15,0,12,,102923,16,0,15,0,12,,102933,16,0,15,0,52,,102924,16,0,15,0,12,,102919,16,0,15,0,12,,102925,16,0,15,0,12,,102921,16,0,15,0,12,,102917,16,0,15,0,52,,102932,16,0,15,0,11,,102922,16,0,15,0,12,,102927,16,0,15,0,10,,102977,16,0,15,0,10,,102944,16,0,15,0,10,,102948,16,0,15,0,50,,102943,16,0,15,0,11,,102936,16,0,15,0,10,,102984,16,0,15,0,10,,102942,16,0,15,0,10,,102937,16,0,15,0,11,,102978,16,0,15,0,51,,102947,16,0,15,0,11,,102940,16,0,15,0,10,,102941,16,0,15,0,11,,102946,16,0,15,0,11,,102975,16,0,15,0,50,,102945,16,0,15,0,10,,102949,16,0,15,0,10,,102938,16,0,15,0,9,,102986,16,0,15,0,8,,102935,16,0,15,0,8,,102981,16,0,15,0,8,,102939,16,0,15,0,48,,102991,16,0,15,0,8,,102951,16,0,15,0,8,,102979,16,0,15,0,8,,102963,16,0,15,0,6,,102993,16,0,15,0,1,,102956,16,0,15,0,6,,102976,16,0,15,0,7,,102955,16,0,15,0,8,,102961,16,0,15,0,48,,102992,16,0,15,0,9,,102959,16,0,15,0,8,,102958,16,0,15,0,7,,102965,16,0,15,0,10,,102953,16,0,15,0,10,,102985,16,0,15,0,10,,102983,16,0,15,0,51,,102990,16,0,15,0,12,,102950,16,0,15,0,12,,102957,16,0,15,0,11,,102954,16,0,15,0,11,,102962,16,0,15,0,52,,102960,16,0,15,0,12,,102964,16,0,15,0,14,,102952,16,0,15,0,15,,102982,16,0,15,0,55,,102989,16,0,15,0,15,,102970,16,0,15,0,15,,102969,16,0,15,0,15,,102971,16,0,15,0,55,,102973,16,0,15,0,14,,102967,16,0,15,0,19,,102980,16,0,15,0,20,,102987,16,0,15,0,60,,102968,16,0,15,0,20,,102972,16,0,15,0,26,,102966,16,0,15,0,69,,102988,16,0,15,0,30,,102974,16,0,15,0
9501,'5458',505,,102996,2,0,15,0,25,,102994,16,0,15,0,27,,102995,16,0,15,0,60,,102997,16,0,15,0,14,,102998,16,0,15,0,12,,103002,16,0,15,0,14,,103001,16,0,15,0,52,,103004,16,0,15,0,12,,102999,16,0,15,0,13,,103011,16,0,15,0,12,,103013,16,0,15,0,13,,103012,16,0,15,0,52,,103003,16,0,15,0,13,,103010,16,0,15,0,13,,103009,16,0,15,0,13,,103000,16,0,15,0,52,,103005,16,0,15,0,11,,103008,16,0,15,0,12,,103007,16,0,15,0,12,,103006,16,0,15,0,12,,103014,16,0,15,0,52,,103028,16,0,15,0,12,,103018,16,0,15,0,12,,103027,16,0,15,0,12,,103032,16,0,15,0,12,,103016,16,0,15,0,51,,103029,16,0,15,0,13,,103024,16,0,15,0,12,,103026,16,0,15,0,12,,103021,16,0,15,0,12,,103031,16,0,15,0,52,,103022,16,0,15,0,12,,103017,16,0,15,0,12,,103023,16,0,15,0,12,,103019,16,0,15,0,12,,103015,16,0,15,0,52,,103030,16,0,15,0,11,,103020,16,0,15,0,12,,103025,16,0,15,0,10,,103076,16,0,15,0,10,,103042,16,0,15,0,10,,103046,16,0,15,0,50,,103041,16,0,15,0,11,,103034,16,0,15,0,10,,103083,16,0,15,0,10,,103040,16,0,15,0,10,,103035,16,0,15,0,11,,103077,16,0,15,0,51,,103045,16,0,15,0,11,,103038,16,0,15,0,10,,103039,16,0,15,0,11,,103044,16,0,15,0,11,,103074,16,0,15,0,50,,103043,16,0,15,0,10,,103047,16,0,15,0,10,,103036,16,0,15,0,9,,103085,16,0,15,0,8,,103033,16,0,15,0,8,,103080,16,0,15,0,8,,103037,16,0,15,0,48,,103090,16,0,15,0,8,,103049,16,0,15,0,8,,103078,16,0,15,0,8,,103061,16,0,15,0,6,,103095,16,0,15,0,1,,103054,16,0,15,0,6,,103075,16,0,15,0,7,,103053,16,0,15,0,8,,103059,16,0,15,0,48,,103091,16,0,15,0,9,,103057,16,0,15,0,8,,103056,16,0,15,0,7,,103063,16,0,15,0,10,,103051,16,0,15,0,10,,103084,16,0,15,0,10,,103082,16,0,15,0,51,,103089,16,0,15,0,12,,103048,16,0,15,0,12,,103055,16,0,15,0,11,,103052,16,0,15,0,11,,103060,16,0,15,0,52,,103058,16,0,15,0,12,,103062,16,0,15,0,14,,103050,16,0,15,0,15,,103081,16,0,15,0,55,,103088,16,0,15,0,15,,103068,16,0,15,0,15,,103067,16,0,15,0,15,,103069,16,0,15,0,55,,103071,16,0,15,0,14,,103065,16,0,15,0,19,,103079,16,0,15,0,20,,103086,16,0,15,0,60,,103066,16,0,15,0,20,,103070,16,0,15,0,26,,103064,16,0,15,0,69,,103087,16,0,15,0,30,,103073,16,0,15,0,70,,103072,16,0,15,0,30,,103092,16,0,15,0,70,,103093,16,0,15,0,30,,103094,16,0,15,0
9501,'5459',629,,103097,16,0,15,0,77,,103098,16,0,15,0,20,,103099,16,0,15,0,19,,103100,16,0,15,0,60,,103101,16,0,15,0,15,,103102,16,0,15,0,15,,103096,16,0,15,0,15,,103103,16,0,15,0,56,,103104,16,0,15,0,15,,103105,16,0,15,0,16,,103106,16,0,15,0,15,,103107,16,0,15,0,56,,103108,16,0,15,0,15,,103109,16,0,15,0,15,,103110,16,0,15,0,15,,103111,16,0,15,0,56,,103112,16,0,15,0,15,,103113,16,0,15,0,15,,103114,16,0,15,0,16,,103115,16,0,15,0,55,,103116,16,0,15,0,15,,103117,16,0,15,0,14,,103118,16,0,15,0,13,,103119,16,0,15,0,52,,103120,16,0,15,0,12,,103121,16,0,15,0,13,,103122,16,0,15,0,12,,103123,16,0,15,0,12,,103124,16,0,15,0,52,,103125,16,0,15,0,12,,103126,16,0,15,0,12,,103127,16,0,15,0,13,,103128,16,0,15,0,13,,103129,16,0,15,0,52,,103130,16,0,15,0,12,,103131,16,0,15,0,12,,103132,16,0,15,0,13,,103133,16,0,15,0,12,,103134,16,0,15,0,52,,103135,16,0,15,0,11,,103136,16,0,15,0,12,,103137,16,0,15,0,12,,103138,16,0,15,0,11,,103139,16,0,15,0,51,,103140,16,0,15,0,12,,103141,16,0,15,0,12,,103142,16,0,15,0,12,,103143,16,0,15,0,12,,103144,16,0,15,0,52,,103145,16,0,15,0,12,,103146,16,0,15,0,12,,103147,16,0,15,0,12,,103148,16,0,15,0,12,,103149,16,0,15,0,52,,103150,16,0,15,0,12,,103151,16,0,15,0,15,,103152,16,0,15,0,15,,103153,16,0,15,0,55,,103154,16,0,15,0,14,,103155,16,0,15,0,15,,103156,16,0,15,0,15,,103157,16,0,15,0,55,,103158,16,0,15,0,15,,103159,16,0,15,0,14,,103160,16,0,15,0,15,,103161,16,0,15,0,55,,103162,16,0,15,0,15,,103163,16,0,15,0,20,,103164,16,0,15,0,20,,103165,16,0,15,0,60,,103166,16,0,15,0,20,,103167,16,0,15,0,66,,103168,16,0,15,0,28,,103169,16,0,15,0,30,,103170,16,0,15,0,70,,103171,16,0,15,0,29,,103172,16,0,15,0,70,,103173,16,0,15,0,30,,103174,16,0,15,0
9501,'5460',712,,103175,16,0,15,0,30,,103176,16,0,15,0,59,,103177,16,0,15,0,20,,103178,16,0,15,0,20,,103179,16,0,15,0,15,,103180,16,0,15,0,55,,103181,16,0,15,0,16,,103182,16,0,15,0,15,,103183,16,0,15,0,16,,103184,16,0,15,0,55,,103185,16,0,15,0,15,,103186,16,0,15,0,16,,103191,16,0,15,0,15,,103187,16,0,15,0,55,,103188,16,0,15,0,15,,103189,16,0,15,0,15,,103192,16,0,15,0,56,,103193,16,0,15,0,15,,103190,16,0,15,0,15,,103194,16,0,15,0,15,,103195,16,0,15,0,55,,103196,16,0,15,0,15,,103197,16,0,15,0,15,,103198,16,0,15,0,15,,103199,16,0,15,0,56,,103200,16,0,15,0,15,,103201,16,0,15,0,15,,103202,16,0,15,0,15,,103203,16,0,15,0,55,,103204,16,0,15,0,15,,103205,16,0,15,0,15,,103206,16,0,15,0,15,,103207,16,0,15,0,56,,103208,16,0,15,0,13,,103209,16,0,15,0,12,,103210,16,0,15,0,11,,103211,16,0,15,0,13,,103212,16,0,15,0,52,,103213,16,0,15,0,12,,103214,16,0,15,0,13,,103215,16,0,15,0,12,,103216,16,0,15,0,12,,103217,16,0,15,0,52,,103218,16,0,15,0,14,,103219,16,0,15,0,15,,103220,16,0,15,0,14,,103221,16,0,15,0,55,,103222,16,0,15,0,14,,103223,16,0,15,0,15,,103224,16,0,15,0,15,,103225,16,0,15,0,55,,103226,16,0,15,0,15,,103227,16,0,15,0,15,,103228,16,0,15,0,13,,103229,16,0,15,0,15,,103230,16,0,15,0,55,,103231,16,0,15,0,15,,103232,16,0,15,0,15,,103233,16,0,15,0,15,,103234,16,0,15,0,55,,103236,16,0,15,0,20,,103235,16,0,15,0,20,,103237,16,0,15,0,58,,103238,16,0,15,0,20,,103239,16,0,15,0,72,,103240,16,0,15,0,35,,103241,16,0,15,0
9501,'5461',712,,103242,16,0,15,0,30,,103243,16,0,15,0,59,,103244,16,0,15,0,20,,103245,16,0,15,0,20,,103246,16,0,15,0,15,,103247,16,0,15,0,55,,103248,16,0,15,0,16,,103249,16,0,15,0,15,,103250,16,0,15,0,16,,103251,16,0,15,0,55,,103252,16,0,15,0,15,,103253,16,0,15,0,16,,103258,16,0,15,0,15,,103254,16,0,15,0,55,,103255,16,0,15,0,15,,103256,16,0,15,0,15,,103259,16,0,15,0,56,,103260,16,0,15,0,15,,103257,16,0,15,0,15,,103261,16,0,15,0,15,,103262,16,0,15,0,55,,103263,16,0,15,0,15,,103264,16,0,15,0,15,,103265,16,0,15,0,15,,103266,16,0,15,0,56,,103267,16,0,15,0,15,,103268,16,0,15,0,15,,103269,16,0,15,0,15,,103270,16,0,15,0,55,,103271,16,0,15,0,15,,103272,16,0,15,0,15,,103273,16,0,15,0,15,,103274,16,0,15,0,56,,103275,16,0,15,0,13,,103276,16,0,15,0,12,,103277,16,0,15,0,11,,103278,16,0,15,0,13,,103279,16,0,15,0,52,,103280,16,0,15,0,12,,103281,16,0,15,0,13,,103282,16,0,15,0,12,,103283,16,0,15,0,12,,103284,16,0,15,0,52,,103285,16,0,15,0,14,,103286,16,0,15,0,15,,103287,16,0,15,0,14,,103288,16,0,15,0,55,,103289,16,0,15,0,14,,103290,16,0,15,0,15,,103291,16,0,15,0,15,,103292,16,0,15,0,55,,103293,16,0,15,0,15,,103294,16,0,15,0,15,,103295,16,0,15,0,13,,103296,16,0,15,0,15,,103297,16,0,15,0,55,,103298,16,0,15,0,15,,103299,16,0,15,0,15,,103300,16,0,15,0,15,,103301,16,0,15,0,55,,103303,16,0,15,0,20,,103302,16,0,15,0,20,,103304,16,0,15,0,58,,103305,16,0,15,0,20,,103306,16,0,15,0,72,,103307,16,0,15,0,35,,103308,16,0,15,0
9501,'5462',712,,103309,16,0,15,0,30,,103310,16,0,15,0,59,,103311,16,0,15,0,20,,103312,16,0,15,0,20,,103313,16,0,15,0,15,,103314,16,0,15,0,55,,103315,16,0,15,0,16,,103316,16,0,15,0,15,,103317,16,0,15,0,16,,103318,16,0,15,0,55,,103319,16,0,15,0,15,,103320,16,0,15,0,16,,103325,16,0,15,0,15,,103321,16,0,15,0,55,,103322,16,0,15,0,15,,103323,16,0,15,0,15,,103326,16,0,15,0,56,,103327,16,0,15,0,15,,103324,16,0,15,0,15,,103328,16,0,15,0,15,,103329,16,0,15,0,55,,103330,16,0,15,0,15,,103331,16,0,15,0,15,,103332,16,0,15,0,15,,103333,16,0,15,0,56,,103334,16,0,15,0,15,,103335,16,0,15,0,15,,103336,16,0,15,0,15,,103337,16,0,15,0,55,,103338,16,0,15,0,15,,103339,16,0,15,0,15,,103340,16,0,15,0,15,,103341,16,0,15,0,56,,103342,16,0,15,0,13,,103343,16,0,15,0,12,,103344,16,0,15,0,11,,103345,16,0,15,0,13,,103346,16,0,15,0,52,,103347,16,0,15,0,12,,103348,16,0,15,0,13,,103349,16,0,15,0,12,,103350,16,0,15,0,12,,103351,16,0,15,0,52,,103352,16,0,15,0,14,,103353,16,0,15,0,15,,103354,16,0,15,0,14,,103355,16,0,15,0,55,,103356,16,0,15,0,14,,103357,16,0,15,0,15,,103358,16,0,15,0,15,,103359,16,0,15,0,55,,103360,16,0,15,0,15,,103361,16,0,15,0,15,,103362,16,0,15,0,13,,103363,16,0,15,0,15,,103364,16,0,15,0,55,,103365,16,0,15,0,15,,103366,16,0,15,0,15,,103367,16,0,15,0,15,,103368,16,0,15,0,55,,103370,16,0,15,0,20,,103369,16,0,15,0,20,,103371,16,0,15,0,58,,103372,16,0,15,0,20,,103373,16,0,15,0,72,,103374,16,0,15,0,35,,103375,16,0,15,0
9501,'5463',712,,103376,16,0,15,0,30,,103377,16,0,15,0,59,,103378,16,0,15,0,20,,103379,16,0,15,0,20,,103380,16,0,15,0,15,,103381,16,0,15,0,55,,103382,16,0,15,0,16,,103383,16,0,15,0,15,,103384,16,0,15,0,16,,103385,16,0,15,0,55,,103386,16,0,15,0,15,,103387,16,0,15,0,16,,103392,16,0,15,0,15,,103388,16,0,15,0,55,,103389,16,0,15,0,15,,103390,16,0,15,0,15,,103393,16,0,15,0,56,,103394,16,0,15,0,15,,103391,16,0,15,0,15,,103395,16,0,15,0,15,,103396,16,0,15,0,55,,103397,16,0,15,0,15,,103398,16,0,15,0,15,,103399,16,0,15,0,15,,103400,16,0,15,0,56,,103401,16,0,15,0,15,,103402,16,0,15,0,15,,103403,16,0,15,0,15,,103404,16,0,15,0,55,,103405,16,0,15,0,15,,103406,16,0,15,0,15,,103407,16,0,15,0,15,,103408,16,0,15,0,56,,103409,16,0,15,0,13,,103410,16,0,15,0,12,,103411,16,0,15,0,11,,103412,16,0,15,0,13,,103413,16,0,15,0,52,,103414,16,0,15,0,12,,103415,16,0,15,0,13,,103416,16,0,15,0,12,,103417,16,0,15,0,12,,103418,16,0,15,0,52,,103419,16,0,15,0,14,,103420,16,0,15,0,15,,103421,16,0,15,0,14,,103422,16,0,15,0,55,,103423,16,0,15,0,14,,103424,16,0,15,0,15,,103425,16,0,15,0,15,,103426,16,0,15,0,55,,103427,16,0,15,0,15,,103428,16,0,15,0,15,,103429,16,0,15,0,13,,103430,16,0,15,0,15,,103431,16,0,15,0,55,,103432,16,0,15,0,15,,103433,16,0,15,0,15,,103434,16,0,15,0,15,,103435,16,0,15,0,55,,103437,16,0,15,0,20,,103436,16,0,15,0,20,,103438,16,0,15,0,58,,103439,16,0,15,0,20,,103440,16,0,15,0,72,,103441,16,0,15,0,35,,103442,16,0,15,0
24005101,'5456',758,,104118,17,,,0,72,,104116,17,,,0,76,,104117,17,,,0,98,,104119,17,,,0,98,,104115,17,,,0,101,,104120,17,,,0,100,,104114,17,,,0,102,,104121,17,,,0,107,,104113,17,,,0,34,,104109,17,0,30 14,0,12,,104107,17,,,0,62,,104111,17,,,0,29,,104110,17,,,0,72,,104104,17,,,0,24,,104112,17,,,0,66,,104108,17,,,0,97,,104105,17,,,0,100,,104106,17,,,0
24005101,'5458',758,,104136,17,,,0,72,,104134,17,,,0,76,,104135,17,,,0,98,,104137,17,,,0,98,,104133,17,,,0,101,,104138,17,,,0,100,,104132,17,,,0,102,,104139,17,,,0,107,,104131,17,,,0,34,,104127,17,0,30 14,0,12,,104125,17,,,0,62,,104129,17,,,0,29,,104128,17,,,0,72,,104122,17,,,0,24,,104130,17,,,0,66,,104126,17,,,0,97,,104123,17,,,0,100,,104124,17,,,0
