200,'4832',708,,63405,25,,,0,120,,63404,25,,,0,122,,63403,25,,,0,101,,63384,25,,,0,81,,63402,25,,,0,81,,63390,25,,,0,40,,63388,25,,,0,80,,77852,25,,,0,82,,63385,25,,,0,40,,63396,25,,,0,80,,63391,25,,,0,80,,63386,25,,,0,39,,77853,25,,,0,79,,63387,25,,,0,74,,63397,25,,,0,39,,63393,25,,,0,94,,63398,25,,,0,80,,63394,25,,,0,80,,63400,25,,,0,39,,63401,25,,,0,80,,63399,25,,,0,39,,63406,25,,,0,80,,63407,25,,,0
200,'5453',708,,77877,25,,,0,120,,77876,25,,,0,122,,77875,25,,,0,101,,77856,25,,,0,81,,77874,25,,,0,81,,77862,25,,,0,40,,77860,25,,,0,80,,77855,25,,,0,82,,77857,25,,,0,40,,77868,25,,,0,80,,77863,25,,,0,80,,77858,25,,,0,39,,77861,25,,,0,79,,77859,25,,,0,74,,77869,25,,,0,39,,77865,25,,,0,94,,77870,25,,,0,80,,77866,25,,,0,80,,77872,25,,,0,39,,77873,25,,,0,80,,77871,25,,,0,39,,77878,25,,,0,80,,77879,25,,,0
200,'5456',602,,87484,25,,,0,40,,87485,25,,,0,61,,87486,25,,,0,32,,87487,25,,,0,72,,87488,25,,,0,31,,87489,25,,,0,71,,87490,25,,,0,29,,87491,25,,,0,86,,87493,25,,,0,78,,87494,25,,,0,41,,87495,25,,,0,81,,87496,25,,,0,80,,87497,25,,,0,41,,87498,25,,,0,79,,87499,25,,,0,78,,87500,25,,,0,36,,87518,25,,,0,77,,87514,25,,,0,36,,87516,25,,,0,88,,87508,25,,,0,73,,87506,25,,,0,39,,87513,25,,,0,89,,87505,25,,,0,78,,87512,25,,,0,82,,87504,25,,,0,40,,87511,25,,,0,78,,87503,25,,,0,39,,87510,25,,,0,79,,87502,25,,,0,79,,87509,25,,,0
200,'5458',602,,87519,25,,,0,40,,87520,25,,,0,61,,87521,25,,,0,32,,87522,25,,,0,72,,87523,25,,,0,31,,87524,25,,,0,71,,87525,25,,,0,29,,87526,25,,,0,86,,87528,25,,,0,78,,87529,25,,,0,41,,87530,25,,,0,81,,87531,25,,,0,80,,87532,25,,,0,41,,87533,25,,,0,79,,87534,25,,,0,78,,87535,25,,,0,36,,87554,25,,,0,77,,87550,25,,,0,36,,87552,25,,,0,88,,87544,25,,,0,73,,87542,25,,,0,39,,87549,25,,,0,89,,87541,25,,,0,78,,87548,25,,,0,82,,87540,25,,,0,40,,87547,25,,,0,78,,87539,25,,,0,39,,87546,25,,,0,79,,87538,25,,,0,79,,87545,25,,,0
200,'5459',612,,87574,25,,,0,113,,87577,25,,,0,120,,87575,25,,,0,80,,87563,25,,,0,87,,87576,25,,,0,40,,87561,25,,,0,80,,87555,25,,,0,81,,87562,25,,,0,40,,87556,25,,,0,81,,87569,25,,,0,81,,87557,25,,,0,41,,87560,25,,,0,80,,87559,25,,,0,79,,87558,25,,,0,40,,87572,25,,,0,79,,87573,25,,,0,74,,87571,25,,,0,40,,87565,25,,,0,75,,87566,25,,,0,94,,87568,25,,,0,40,,87567,25,,,0,85,,87583,25,,,0,80,,87580,25,,,0,80,,87579,25,,,0,37,,87581,25,,,0,79,,87578,25,,,0
200,'5460',708,,87607,25,,,0,120,,87606,25,,,0,122,,87605,25,,,0,101,,87586,25,,,0,81,,87604,25,,,0,81,,87592,25,,,0,40,,87590,25,,,0,80,,87585,25,,,0,82,,87587,25,,,0,40,,87598,25,,,0,80,,87593,25,,,0,80,,87588,25,,,0,39,,87591,25,,,0,79,,87589,25,,,0,74,,87599,25,,,0,39,,87595,25,,,0,94,,87600,25,,,0,80,,87596,25,,,0,80,,87602,25,,,0,39,,87603,25,,,0,80,,87601,25,,,0,39,,87608,25,,,0,80,,87609,25,,,0
200,'5461',708,,87632,25,,,0,120,,87631,25,,,0,122,,87630,25,,,0,101,,87611,25,,,0,81,,87629,25,,,0,81,,87617,25,,,0,40,,87615,25,,,0,80,,87610,25,,,0,82,,87612,25,,,0,40,,87623,25,,,0,80,,87618,25,,,0,80,,87613,25,,,0,39,,87616,25,,,0,79,,87614,25,,,0,74,,87624,25,,,0,39,,87620,25,,,0,94,,87625,25,,,0,80,,87621,25,,,0,80,,87627,25,,,0,39,,87628,25,,,0,80,,87626,25,,,0,39,,87633,25,,,0,80,,87634,25,,,0
200,'5462',708,,87657,25,,,0,120,,87656,25,,,0,122,,87655,25,,,0,101,,87636,25,,,0,81,,87654,25,,,0,81,,87642,25,,,0,40,,87640,25,,,0,80,,87635,25,,,0,82,,87637,25,,,0,40,,87648,25,,,0,80,,87643,25,,,0,80,,87638,25,,,0,39,,87641,25,,,0,79,,87639,25,,,0,74,,87649,25,,,0,39,,87645,25,,,0,94,,87650,25,,,0,80,,87646,25,,,0,80,,87652,25,,,0,39,,87653,25,,,0,80,,87651,25,,,0,39,,87658,25,,,0,80,,87659,25,,,0
200,'5463',708,,87682,25,,,0,120,,87681,25,,,0,122,,87680,25,,,0,101,,87661,25,,,0,81,,87679,25,,,0,81,,87667,25,,,0,40,,87665,25,,,0,80,,87660,25,,,0,82,,87662,25,,,0,40,,87673,25,,,0,80,,87668,25,,,0,80,,87663,25,,,0,39,,87666,25,,,0,79,,87664,25,,,0,74,,87674,25,,,0,39,,87670,25,,,0,94,,87675,25,,,0,80,,87671,25,,,0,80,,87677,25,,,0,39,,87678,25,,,0,80,,87676,25,,,0,39,,87683,25,,,0,80,,87684,25,,,0
500,'4832',748,,64753,25,,,0,161,,64752,25,,,0,122,,64751,25,,,0,81,,64746,25,,,0,40,,78079,25,,,0,81,,64741,25,,,0,80,,64754,25,,,0,41,,64747,25,,,0,81,,64744,25,,,0,80,,78080,25,,,0,40,,64743,25,,,0,80,,64755,25,,,0,78,,64748,25,,,0,35,,64745,25,,,0,78,,78081,25,,,0,80,,64750,25,,,0
500,'5453',748,,78095,25,,,0,161,,78094,25,,,0,122,,78093,25,,,0,81,,78088,25,,,0,40,,78082,25,,,0,81,,78083,25,,,0,80,,78096,25,,,0,41,,78089,25,,,0,81,,78086,25,,,0,80,,78084,25,,,0,40,,78085,25,,,0,80,,78097,25,,,0,78,,78090,25,,,0,35,,78087,25,,,0,78,,78091,25,,,0,80,,78092,25,,,0
500,'5456',622,,89074,25,,,0,96,,89075,25,,,0,34,,89076,25,,,0,71,,89077,25,,,0,31,,89078,25,,,0,68,,89079,25,,,0,87,,89080,25,,,0,33,,89081,25,,,0,80,,89082,25,,,0,81,,89083,25,,,0,41,,89084,25,,,0,82,,89085,25,,,0,78,,89086,25,,,0,40,,89087,25,,,0,76,,89092,25,,,0,36,,89090,25,,,0,77,,89088,25,,,0,74,,89091,25,,,0,49,,89093,25,,,0,76,,89095,25,,,0,83,,89089,25,,,0,85,,89094,25,,,0
500,'5458',622,,89096,25,,,0,96,,89097,25,,,0,34,,89098,25,,,0,71,,89099,25,,,0,31,,89100,25,,,0,68,,89101,25,,,0,87,,89102,25,,,0,33,,89103,25,,,0,80,,89104,25,,,0,81,,89105,25,,,0,41,,89106,25,,,0,82,,89107,25,,,0,78,,89108,25,,,0,40,,89109,25,,,0,76,,89114,25,,,0,36,,89112,25,,,0,77,,89110,25,,,0,74,,89113,25,,,0,49,,89115,25,,,0,76,,89117,25,,,0,83,,89111,25,,,0,85,,89116,25,,,0
500,'5459',648,,89129,25,,,0,156,,89125,25,,,0,101,,89128,25,,,0,42,,89119,25,,,0,85,,89126,25,,,0,80,,89120,25,,,0,41,,89135,25,,,0,80,,89127,25,,,0,81,,89118,25,,,0,41,,89124,25,,,0,80,,89121,25,,,0,81,,89131,25,,,0,40,,89122,25,,,0,79,,89123,25,,,0,79,,89132,25,,,0,35,,89133,25,,,0,79,,89134,25,,,0,80,,89130,25,,,0,49,,89136,25,,,0
500,'5460',748,,89150,25,,,0,161,,89149,25,,,0,122,,89148,25,,,0,81,,89143,25,,,0,40,,89137,25,,,0,81,,89138,25,,,0,80,,89151,25,,,0,41,,89144,25,,,0,81,,89141,25,,,0,80,,89139,25,,,0,40,,89140,25,,,0,80,,89152,25,,,0,78,,89145,25,,,0,35,,89142,25,,,0,78,,89146,25,,,0,80,,89147,25,,,0
500,'5461',748,,89166,25,,,0,161,,89163,25,,,0,122,,89165,25,,,0,81,,89159,25,,,0,40,,89153,25,,,0,81,,89154,25,,,0,80,,89167,25,,,0,41,,89160,25,,,0,81,,89157,25,,,0,80,,89155,25,,,0,40,,89156,25,,,0,80,,89168,25,,,0,78,,89161,25,,,0,35,,89158,25,,,0,78,,89162,25,,,0,80,,89164,25,,,0
500,'5462',748,,89182,25,,,0,161,,89181,25,,,0,122,,89180,25,,,0,81,,89175,25,,,0,40,,89169,25,,,0,81,,89170,25,,,0,80,,89183,25,,,0,41,,89176,25,,,0,81,,89173,25,,,0,80,,89171,25,,,0,40,,89172,25,,,0,80,,89184,25,,,0,78,,89177,25,,,0,35,,89174,25,,,0,78,,89178,25,,,0,80,,89179,25,,,0
500,'5463',748,,89198,25,,,0,161,,89197,25,,,0,122,,89196,25,,,0,81,,89191,25,,,0,40,,89185,25,,,0,81,,89186,25,,,0,80,,89199,25,,,0,41,,89192,25,,,0,81,,89189,25,,,0,80,,89187,25,,,0,40,,89188,25,,,0,80,,89200,25,,,0,78,,89193,25,,,0,35,,89190,25,,,0,78,,89194,25,,,0,80,,89195,25,,,0
2700,'4832',708,,79781,9,,,0,30,,70481,9,,,0,70,,84005,9,,,0,30,,70483,9,,,0,70,,84006,9,,,0,27,,70485,9,,,0,68,,70486,9,,,0,27,,84007,9,,,0,27,,70488,9,,,0,64,,70489,9,,,0,25,,70490,9,,,0,63,,70491,9,,,0,22,,70492,9,,,0,22,,70493,9,,,0,64,,70494,9,,,0,23,,70495,9,,,0,63,,70496,9,,,0,23,,70497,9,,,0,22,,70498,9,,,0,63,,70499,9,,,0,23,,70500,9,,,0,22,,70501,9,,,0,63,,70502,9,,,0,24,,70503,9,,,0,63,,70504,9,,,0,23,,70505,9,,,0,24,,84008,9,,,0,65,,70507,9,,,0,25,,70508,9,,,0,66,,70509,9,,,0,28,,84009,9,,,0,69,,70511,9,,,0,30,,79784,9,,,0,70,,84010,9,,,0,36,,70514,9,,,0,83,,84011,9,,,0,79,,70516,9,,,0,101,,84012,9,,,0
2700,'5453',708,,84013,9,,,0,30,,79796,9,,,0,70,,79797,9,,,0,30,,79798,9,,,0,70,,84014,9,,,0,27,,84015,9,,,0,68,,79801,9,,,0,27,,84016,9,,,0,27,,79803,9,,,0,64,,79804,9,,,0,25,,79805,9,,,0,63,,79806,9,,,0,22,,84017,9,,,0,22,,79808,9,,,0,64,,79809,9,,,0,23,,79810,9,,,0,63,,84018,9,,,0,23,,79812,9,,,0,22,,79813,9,,,0,63,,79814,9,,,0,23,,84019,9,,,0,22,,79816,9,,,0,63,,79817,9,,,0,24,,79818,9,,,0,63,,84020,9,,,0,23,,79820,9,,,0,24,,84021,9,,,0,65,,79822,9,,,0,25,,84022,9,,,0,66,,79824,9,,,0,28,,79825,9,,,0,69,,84023,9,,,0,30,,79827,9,,,0,70,,84024,9,,,0,36,,84025,9,,,0,83,,84026,9,,,0,79,,84027,9,,,0,101,,84028,9,,,0
2700,'5456',716,,95657,9,,,0,106,,95658,9,,,0,25,,95659,9,,,0,66,,95660,9,,,0,24,,95661,9,,,0,66,,95662,9,,,0,26,,95663,9,,,0,25,,95664,9,,,0,66,,95665,9,,,0,26,,95666,9,,,0,66,,95667,9,,,0,25,,95668,9,,,0,66,,95669,9,,,0,25,,95670,9,,,0,24,,95671,9,,,0,63,,95672,9,,,0,24,,95673,9,,,0,64,,95674,9,,,0,14,,95675,9,,,0,18,,95676,9,,,0,14,,95677,9,,,0,58,,95678,9,,,0,16,,95679,9,,,0,17,,95680,9,,,0,14,,95681,9,,,0,58,,95682,9,,,0,16,,95683,9,,,0,12,,95684,9,,,0,17,,95685,9,,,0,56,,95686,9,,,0,16,,95687,9,,,0,21,,95688,9,,,0,64,,95689,9,,,0,26,,95690,9,,,0,68,,95691,9,,,0,29,,95692,9,,,0,68,,95693,9,,,0,29,,95694,9,,,0,70,,95695,9,,,0,37,,95696,9,,,0,81,,95697,9,,,0,37,,95698,9,,,0
2700,'5458',716,,95708,9,,,0,106,,95709,9,,,0,25,,95710,9,,,0,66,,95711,9,,,0,24,,95712,9,,,0,66,,95713,9,,,0,26,,95714,9,,,0,25,,95715,9,,,0,66,,95716,9,,,0,26,,95717,9,,,0,66,,95718,9,,,0,25,,95719,9,,,0,66,,95720,9,,,0,25,,95721,9,,,0,24,,95722,9,,,0,63,,95723,9,,,0,24,,95724,9,,,0,64,,95725,9,,,0,14,,95726,9,,,0,18,,95727,9,,,0,14,,95728,9,,,0,58,,95729,9,,,0,16,,95730,9,,,0,17,,95731,9,,,0,14,,95732,9,,,0,58,,95733,9,,,0,16,,95734,9,,,0,12,,95735,9,,,0,17,,95736,9,,,0,56,,95737,9,,,0,16,,95738,9,,,0,21,,95739,9,,,0,64,,95740,9,,,0,26,,95741,9,,,0,68,,95742,9,,,0,29,,95743,9,,,0,68,,95744,9,,,0,29,,95745,9,,,0,70,,95746,9,,,0,37,,95747,9,,,0,81,,95748,9,,,0,37,,95749,9,,,0,82,,95750,9,,,0,80,,95751,9,,,0,80,,95752,9,,,0,39,,95753,9,,,0
2700,'5459',638,,95764,9,,,0,70,,95765,9,,,0,29,,95766,9,,,0,69,,95767,9,,,0,25,,95768,9,,,0,26,,95769,9,,,0,67,,95770,9,,,0,26,,95771,9,,,0,65,,95772,9,,,0,22,,95773,9,,,0,21,,95774,9,,,0,62,,95775,9,,,0,20,,95776,9,,,0,61,,95777,9,,,0,23,,95778,9,,,0,22,,95779,9,,,0,62,,95780,9,,,0,22,,95781,9,,,0,23,,95782,9,,,0,61,,95783,9,,,0,21,,95784,9,,,0,22,,95785,9,,,0,62,,95786,9,,,0,21,,95787,9,,,0,61,,95788,9,,,0,20,,95789,9,,,0,21,,95790,9,,,0,61,,95791,9,,,0,20,,95792,9,,,0,18,,95793,9,,,0,62,,95794,9,,,0,20,,95795,9,,,0,21,,95796,9,,,0,66,,95797,9,,,0,26,,95798,9,,,0,70,,95799,9,,,0,30,,95800,9,,,0,68,,95801,9,,,0,29,,95802,9,,,0,71,,95803,9,,,0,33,,95804,9,,,0,72,,95805,9,,,0,31,,95806,9,,,0,71,,95807,9,,,0,30,,95808,9,,,0,69,,95809,9,,,0,30,,95810,9,,,0,70,,95811,9,,,0,28,,95812,9,,,0
2700,'5460',708,,95815,9,,,0,30,,95816,9,,,0,70,,95817,9,,,0,30,,95818,9,,,0,70,,95813,9,,,0,29,,95819,9,,,0,65,,95820,9,,,0,27,,95821,9,,,0,27,,95822,9,,,0,65,,95823,9,,,0,23,,95824,9,,,0,63,,95825,9,,,0,23,,95826,9,,,0,22,,95827,9,,,0,63,,95828,9,,,0,24,,95829,9,,,0,62,,95830,9,,,0,23,,95831,9,,,0,23,,95832,9,,,0,63,,95833,9,,,0,22,,95834,9,,,0,24,,95835,9,,,0,62,,95836,9,,,0,23,,95837,9,,,0,63,,95838,9,,,0,24,,95839,9,,,0,24,,95840,9,,,0,64,,95841,9,,,0,27,,95842,9,,,0,65,,95843,9,,,0,29,,95844,9,,,0,68,,95845,9,,,0,30,,95846,9,,,0,71,,95847,9,,,0,35,,95848,9,,,0,83,,95849,9,,,0,80,,95850,9,,,0,102,,95851,9,,,0
2700,'5461',708,,95854,9,,,0,30,,95855,9,,,0,70,,95856,9,,,0,30,,95857,9,,,0,70,,95852,9,,,0,29,,95858,9,,,0,65,,95859,9,,,0,27,,95860,9,,,0,27,,95861,9,,,0,65,,95862,9,,,0,23,,95863,9,,,0,63,,95864,9,,,0,23,,95865,9,,,0,22,,95866,9,,,0,63,,95867,9,,,0,24,,95868,9,,,0,62,,95869,9,,,0,23,,95870,9,,,0,23,,95871,9,,,0,63,,95872,9,,,0,22,,95873,9,,,0,24,,95874,9,,,0,62,,95875,9,,,0,23,,95876,9,,,0,63,,95877,9,,,0,24,,95878,9,,,0,24,,95879,9,,,0,64,,95880,9,,,0,27,,95881,9,,,0,65,,95882,9,,,0,29,,95883,9,,,0,68,,95884,9,,,0,30,,95885,9,,,0,71,,95886,9,,,0,35,,95887,9,,,0,83,,95888,9,,,0,80,,95889,9,,,0,102,,95890,9,,,0
2700,'5462',708,,95893,9,,,0,30,,95894,9,,,0,70,,95895,9,,,0,30,,95896,9,,,0,70,,95891,9,,,0,29,,95897,9,,,0,65,,95898,9,,,0,27,,95899,9,,,0,27,,95900,9,,,0,65,,95901,9,,,0,23,,95902,9,,,0,63,,95903,9,,,0,23,,95904,9,,,0,22,,95905,9,,,0,63,,95906,9,,,0,24,,95907,9,,,0,62,,95908,9,,,0,23,,95909,9,,,0,23,,95910,9,,,0,63,,95911,9,,,0,22,,95912,9,,,0,24,,95913,9,,,0,62,,95914,9,,,0,23,,95915,9,,,0,63,,95916,9,,,0,24,,95917,9,,,0,24,,95918,9,,,0,64,,95919,9,,,0,27,,95920,9,,,0,65,,95921,9,,,0,29,,95922,9,,,0,68,,95923,9,,,0,30,,95924,9,,,0,71,,95925,9,,,0,35,,95926,9,,,0,83,,95927,9,,,0,80,,95928,9,,,0,102,,95929,9,,,0
2700,'5463',708,,95932,9,,,0,30,,95933,9,,,0,70,,95934,9,,,0,30,,95935,9,,,0,70,,95930,9,,,0,29,,95936,9,,,0,65,,95937,9,,,0,27,,95938,9,,,0,27,,95939,9,,,0,65,,95940,9,,,0,23,,95941,9,,,0,63,,95942,9,,,0,23,,95943,9,,,0,22,,95944,9,,,0,63,,95945,9,,,0,24,,95946,9,,,0,62,,95947,9,,,0,23,,95948,9,,,0,23,,95949,9,,,0,63,,95950,9,,,0,22,,95951,9,,,0,24,,95952,9,,,0,62,,95953,9,,,0,23,,95954,9,,,0,63,,95955,9,,,0,24,,95956,9,,,0,24,,95957,9,,,0,64,,95958,9,,,0,27,,95959,9,,,0,65,,95960,9,,,0,29,,95961,9,,,0,68,,95962,9,,,0,30,,95963,9,,,0,71,,95964,9,,,0,35,,95965,9,,,0,83,,95966,9,,,0,80,,95967,9,,,0,102,,95968,9,,,0
2800,'4832',823,,79901,9,,,0,30,,71040,9,,,0,69,,84103,9,,,0,27,,71042,9,,,0,67,,71043,9,,,0,27,,84104,9,,,0,66,,71045,9,,,0,25,,71046,9,,,0,24,,84105,9,,,0,62,,84106,9,,,0,22,,71049,9,,,0,63,,71050,9,,,0,24,,71051,9,,,0,23,,84107,9,,,0,63,,79903,9,,,0,22,,71054,9,,,0,63,,71055,9,,,0,23,,84108,9,,,0,22,,79904,9,,,0,63,,71058,9,,,0,23,,84109,9,,,0,24,,84110,9,,,0,63,,79905,9,,,0,23,,71062,9,,,0,64,,84111,9,,,0,26,,84112,9,,,0,25,,71065,9,,,0,67,,84113,9,,,0,29,,84114,9,,,0,69,,71068,9,,,0,30,,84115,9,,,0,71,,84116,9,,,0,80,,79906,9,,,0,42,,84117,9,,,0,86,,79907,9,,,0
2800,'5453',823,,84120,9,,,0,30,,79922,9,,,0,69,,79923,9,,,0,27,,79924,9,,,0,67,,79925,9,,,0,27,,79926,9,,,0,66,,79927,9,,,0,25,,79928,9,,,0,24,,84121,9,,,0,62,,79930,9,,,0,22,,79931,9,,,0,63,,79932,9,,,0,24,,79933,9,,,0,23,,79934,9,,,0,63,,79935,9,,,0,22,,79936,9,,,0,63,,79937,9,,,0,23,,84122,9,,,0,22,,79939,9,,,0,63,,79940,9,,,0,23,,79941,9,,,0,24,,84123,9,,,0,63,,79943,9,,,0,23,,79944,9,,,0,64,,79945,9,,,0,26,,84124,9,,,0,25,,79947,9,,,0,67,,84125,9,,,0,29,,84126,9,,,0,69,,84127,9,,,0,30,,84128,9,,,0,71,,84129,9,,,0,80,,79953,9,,,0,42,,84130,9,,,0,86,,84131,9,,,0
2800,'5456',549,,96293,9,,,0,63,,96294,9,,,0,22,,96295,9,,,0,13,,96296,9,,,0,11,,96297,9,,,0,51,,96298,9,,,0,20,,96299,9,,,0,11,,96300,9,,,0,14,,96301,9,,,0,55,,96302,9,,,0,27,,96303,9,,,0,66,,96304,9,,,0,24,,96305,9,,,0,24,,96306,9,,,0,66,,96307,9,,,0,26,,96308,9,,,0,66,,96309,9,,,0,26,,96310,9,,,0,25,,96311,9,,,0,66,,96312,9,,,0,25,,96313,9,,,0,66,,96314,9,,,0,25,,96315,9,,,0,63,,96316,9,,,0,24,,96317,9,,,0,23,,96318,9,,,0,74,,96319,9,,,0,32,,96320,9,,,0,60,,96340,9,,,0,15,,96321,9,,,0,71,,96322,9,,,0,32,,96323,9,,,0,71,,96324,9,,,0,14,,96325,9,,,0,19,,96326,9,,,0,61,,96327,9,,,0,26,,96328,9,,,0,29,,96329,9,,,0,67,,96330,9,,,0,27,,96331,9,,,0,69,,96332,9,,,0,30,,96333,9,,,0,72,,96334,9,,,0,82,,96335,9,,,0,38,,96336,9,,,0,80,,96337,9,,,0
2800,'5458',549,,96341,9,,,0,63,,96342,9,,,0,22,,96343,9,,,0,13,,96344,9,,,0,11,,96345,9,,,0,51,,96346,9,,,0,20,,96347,9,,,0,11,,96348,9,,,0,14,,96349,9,,,0,55,,96350,9,,,0,27,,96351,9,,,0,66,,96352,9,,,0,24,,96353,9,,,0,24,,96354,9,,,0,66,,96355,9,,,0,26,,96356,9,,,0,66,,96357,9,,,0,26,,96358,9,,,0,25,,96359,9,,,0,66,,96360,9,,,0,25,,96361,9,,,0,66,,96362,9,,,0,25,,96363,9,,,0,63,,96364,9,,,0,24,,96365,9,,,0,23,,96366,9,,,0,74,,96367,9,,,0,32,,96368,9,,,0,60,,96391,9,,,0,15,,96369,9,,,0,71,,96370,9,,,0,32,,96371,9,,,0,71,,96372,9,,,0,14,,96373,9,,,0,19,,96374,9,,,0,61,,96375,9,,,0,26,,96376,9,,,0,29,,96377,9,,,0,67,,96378,9,,,0,27,,96379,9,,,0,69,,96380,9,,,0,30,,96381,9,,,0,72,,96382,9,,,0,82,,96383,9,,,0,38,,96384,9,,,0,80,,96385,9,,,0,80,,96386,9,,,0,39,,96387,9,,,0,82,,96388,9,,,0
2800,'5459',752,,96396,9,,,0,68,,96397,9,,,0,25,,96398,9,,,0,66,,96392,9,,,0,26,,96399,9,,,0,66,,96400,9,,,0,23,,96401,9,,,0,22,,96402,9,,,0,62,,96403,9,,,0,20,,96404,9,,,0,20,,96405,9,,,0,62,,96406,9,,,0,24,,96407,9,,,0,21,,96408,9,,,0,63,,96409,9,,,0,20,,96410,9,,,0,64,,96411,9,,,0,21,,96412,9,,,0,21,,96413,9,,,0,63,,96414,9,,,0,21,,96415,9,,,0,21,,96416,9,,,0,60,,96417,9,,,0,20,,96418,9,,,0,22,,96419,9,,,0,60,,96420,9,,,0,20,,96421,9,,,0,19,,96422,9,,,0,61,,96423,9,,,0,20,,96424,9,,,0,23,,96425,9,,,0,66,,96426,9,,,0,27,,96427,9,,,0,71,,96428,9,,,0,30,,96429,9,,,0,68,,96430,9,,,0,31,,96431,9,,,0,70,,96432,9,,,0,33,,96433,9,,,0,72,,96434,9,,,0,31,,96435,9,,,0,71,,96436,9,,,0,29,,96437,9,,,0,70,,96438,9,,,0,30,,96439,9,,,0,70,,96440,9,,,0
2800,'5460',823,,96445,9,,,0,31,,96446,9,,,0,69,,96447,9,,,0,27,,96448,9,,,0,66,,96449,9,,,0,26,,96450,9,,,0,67,,96451,9,,,0,25,,96452,9,,,0,23,,96453,9,,,0,63,,96454,9,,,0,22,,96455,9,,,0,62,,96456,9,,,0,24,,96457,9,,,0,23,,96458,9,,,0,63,,96459,9,,,0,22,,96460,9,,,0,23,,96461,9,,,0,63,,96462,9,,,0,23,,96463,9,,,0,62,,96464,9,,,0,23,,96465,9,,,0,22,,96466,9,,,0,64,,96467,9,,,0,24,,96468,9,,,0,64,,96469,9,,,0,24,,96470,9,,,0,28,,96471,9,,,0,66,,96472,9,,,0,29,,96473,9,,,0,69,,96474,9,,,0,31,,96475,9,,,0,70,,96476,9,,,0,80,,96477,9,,,0,43,,96478,9,,,0,87,,96479,9,,,0,86,,96480,9,0,31 49,0
2800,'5461',823,,96485,9,,,0,31,,96486,9,,,0,69,,96487,9,,,0,27,,96488,9,,,0,66,,96489,9,,,0,26,,96490,9,,,0,67,,96491,9,,,0,25,,96492,9,,,0,23,,96493,9,,,0,63,,96494,9,,,0,22,,96495,9,,,0,62,,96496,9,,,0,24,,96497,9,,,0,23,,96498,9,,,0,63,,96499,9,,,0,22,,96500,9,,,0,23,,96501,9,,,0,63,,96502,9,,,0,23,,96503,9,,,0,62,,96504,9,,,0,23,,96505,9,,,0,22,,96506,9,,,0,64,,96507,9,,,0,24,,96508,9,,,0,64,,96509,9,,,0,24,,96510,9,,,0,28,,96511,9,,,0,66,,96512,9,,,0,29,,96513,9,,,0,69,,96514,9,,,0,31,,96515,9,,,0,70,,96516,9,,,0,80,,96517,9,,,0,43,,96518,9,,,0,87,,96519,9,,,0,86,,96520,9,0,31 49,0
2800,'5462',823,,96525,9,,,0,31,,96526,9,,,0,69,,96527,9,,,0,27,,96528,9,,,0,66,,96529,9,,,0,26,,96530,9,,,0,67,,96531,9,,,0,25,,96532,9,,,0,23,,96533,9,,,0,63,,96534,9,,,0,22,,96535,9,,,0,62,,96536,9,,,0,24,,96537,9,,,0,23,,96538,9,,,0,63,,96539,9,,,0,22,,96540,9,,,0,23,,96541,9,,,0,63,,96542,9,,,0,23,,96543,9,,,0,62,,96544,9,,,0,23,,96545,9,,,0,22,,96546,9,,,0,64,,96547,9,,,0,24,,96548,9,,,0,64,,96549,9,,,0,24,,96550,9,,,0,28,,96551,9,,,0,66,,96552,9,,,0,29,,96553,9,,,0,69,,96554,9,,,0,31,,96555,9,,,0,70,,96556,9,,,0,80,,96557,9,,,0,43,,96558,9,,,0,87,,96559,9,,,0,86,,96560,9,0,31 49,0
2800,'5463',823,,96565,9,,,0,31,,96566,9,,,0,69,,96567,9,,,0,27,,96568,9,,,0,66,,96569,9,,,0,26,,96570,9,,,0,67,,96571,9,,,0,25,,96572,9,,,0,23,,96573,9,,,0,63,,96574,9,,,0,22,,96575,9,,,0,62,,96576,9,,,0,24,,96577,9,,,0,23,,96578,9,,,0,63,,96579,9,,,0,22,,96580,9,,,0,23,,96581,9,,,0,63,,96582,9,,,0,23,,96583,9,,,0,62,,96584,9,,,0,23,,96585,9,,,0,22,,96586,9,,,0,64,,96587,9,,,0,24,,96588,9,,,0,64,,96589,9,,,0,24,,96590,9,,,0,28,,96591,9,,,0,66,,96592,9,,,0,29,,96593,9,,,0,69,,96594,9,,,0,31,,96595,9,,,0,70,,96596,9,,,0,80,,96597,9,,,0,43,,96598,9,,,0,87,,96599,9,,,0,86,,96600,9,0,31 49,0
