3800,'5456',601,,97941,4,,,0,21,,97943,4,,,0,14,,97945,4,,,0,13,,97948,4,,,0,54,,97949,4,,,0,16,,97951,4,,,0,31,,97944,4,,,0,82,,97946,4,,,0,72,,97947,4,,,0,100,,97953,4,,,0,100,,97950,4,,,0,100,,97954,4,,,0,26,,97965,4,0,55 14,0,76,,97952,4,,,0,31,,97966,4,0,55 14,0,63,,97955,4,,,0,40,,97956,4,,,0,70,,97961,4,,,0,28,,97957,4,,,0,76,,97964,4,,,0,34,,97958,4,,,0,72,,97959,4,,,0,83,,97962,4,,,0,104,,97960,4,,,0,105,,97963,4,,,0
3800,'5458',601,,97967,4,,,0,21,,97969,4,,,0,14,,97971,4,,,0,13,,97974,4,,,0,54,,97975,4,,,0,16,,97977,4,,,0,31,,97970,4,,,0,82,,97972,4,,,0,72,,97973,4,,,0,100,,97979,4,,,0,100,,97976,4,,,0,100,,97980,4,,,0,26,,97991,4,0,55 14,0,76,,97978,4,,,0,31,,97992,4,0,55 14,0,63,,97981,4,,,0,40,,97982,4,,,0,70,,97987,4,,,0,28,,97983,4,,,0,76,,97990,4,,,0,34,,97984,4,,,0,72,,97985,4,,,0,83,,97988,4,,,0,104,,97986,4,,,0,105,,97989,4,,,0
4600,'5456',556,,98547,4,,,0,57,,98548,4,,,0,23,,98557,4,,,0,65,,98559,4,,,0,39,,98549,4,,,0,101,,98546,4,,,0,101,,98558,4,,,0,377,,98555,4,,,0,107,,98550,4,,,0,33,,98556,4,,,0,74,,98551,4,,,0,100,,98552,4,,,0,70,,98553,4,,,0,47,,98554,4,,,0
4600,'5458',556,,98561,4,,,0,57,,98562,4,,,0,23,,98571,4,,,0,65,,98573,4,,,0,39,,98563,4,,,0,101,,98560,4,,,0,101,,98572,4,,,0,377,,98569,4,,,0,107,,98564,4,,,0,33,,98570,4,,,0,74,,98565,4,,,0,100,,98566,4,,,0,70,,98567,4,,,0,47,,98568,4,,,0
5800,'5456',631,,99746,12,,,0,71,,99745,12,,,0,40,,99740,12,,,0,80,,99739,12,,,0,26,,99747,12,,,0,69,,99737,12,,,0,83,,99738,12,,,0,46,,99741,12,,,0,85,,99742,12,,,0,85,,99743,12,,,0,85,,99744,12,,,0,47,,99748,12,,,0,89,,99749,12,,,0,64,,99758,13,,,0,18,,99750,12,,,0,18,,99759,12,,,0,65,,99751,12,,,0,50,,99752,12,,,0,88,,99753,12,,,0,85,,99754,12,,,0,85,,99760,12,,,0,145,,99755,12,,,0,150,,99756,12,,,0,108,,99757,12,,,0
5800,'5458',631,,99770,12,,,0,71,,99769,12,,,0,40,,99764,12,,,0,80,,99763,12,,,0,26,,99771,12,,,0,69,,99761,12,,,0,83,,99762,12,,,0,46,,99765,12,,,0,85,,99766,12,,,0,85,,99767,12,,,0,85,,99768,12,,,0,47,,99772,12,,,0,89,,99773,12,,,0,64,,99782,13,,,0,18,,99774,12,,,0,18,,99783,12,,,0,65,,99775,12,,,0,50,,99776,12,,,0,88,,99777,12,,,0,85,,99778,12,,,0,85,,99784,12,,,0,145,,99779,12,,,0,150,,99780,12,,,0,108,,99781,12,,,0
5800,'5459',704,,99797,12,,,0,100,,99798,12,,,0,101,,99799,12,,,0,106,,99800,12,,,0,105,,99795,12,,,0,105,,99796,12,,,0,100,,99794,12,,,0,112,,99792,12,,,0,100,,99793,12,,,0,109,,99791,12,,,0,99,,99786,12,,,0,104,,99787,12,,,0,100,,99788,12,,,0,105,,99789,12,,,0,154,,99790,12,,,0,110,,99785,12,,,0
5800,'5460',803,,99801,12,,,0,102,,99805,12,,,0,105,,99802,12,,,0,106,,99806,12,,,0,105,,99804,12,,,0,100,,99807,12,,,0,111,,99803,12,,,0,100,,99808,12,,,0,109,,99809,12,,,0,100,,99811,12,,,0,103,,99810,12,,,0,100,,99812,12,,,0,105,,99813,12,,,0,199,,99814,12,,,0
5800,'5461',803,,99815,12,,,0,102,,99819,12,,,0,105,,99816,12,,,0,106,,99820,12,,,0,105,,99818,12,,,0,100,,99821,12,,,0,111,,99817,12,,,0,100,,99822,12,,,0,109,,99823,12,,,0,100,,99825,12,,,0,103,,99824,12,,,0,100,,99826,12,,,0,105,,99827,12,,,0,199,,99828,12,,,0
5800,'5462',803,,99829,12,,,0,102,,99833,12,,,0,105,,99830,12,,,0,106,,99834,12,,,0,105,,99832,12,,,0,100,,99835,12,,,0,111,,99831,12,,,0,100,,99836,12,,,0,109,,99837,12,,,0,100,,99839,12,,,0,103,,99838,12,,,0,100,,99840,12,,,0,105,,99841,12,,,0,199,,99842,12,,,0
5800,'5463',803,,99843,12,,,0,102,,99847,12,,,0,105,,99844,12,,,0,106,,99848,12,,,0,105,,99846,12,,,0,100,,99849,12,,,0,111,,99845,12,,,0,100,,99850,12,,,0,109,,99851,12,,,0,100,,99853,12,,,0,103,,99852,12,,,0,100,,99854,12,,,0,105,,99855,12,,,0,199,,99856,12,,,0
6500,'5456',606,,100802,40,,,0,95,,100801,40,,,0,21,,100800,40,,,0,83,,100799,40,,,0
6500,'5458',606,,100806,40,,,0,95,,100805,40,,,0,21,,100804,40,,,0,83,,100803,40,,,0
24005100,'5456',632,,104081,4,,,0,16,,104080,4,,,0,10,,104070,4,,,0,54,,104079,4,,,0,24,,104077,4,,,0,13,,104078,4,,,0,78,,104082,4,,,0,110,,104076,4,,,0,100,,104083,4,,,0,99,,104075,4,,,0,99,,104084,4,,,0,100,,104074,4,,,0,100,,104072,4,,,0,105,,104086,4,,,0,67,,104073,4,,,0,32,,104071,4,,,0
24005100,'5458',632,,104098,4,,,0,16,,104097,4,,,0,10,,104087,4,,,0,54,,104096,4,,,0,24,,104094,4,,,0,13,,104095,4,,,0,78,,104099,4,,,0,110,,104093,4,,,0,100,,104100,4,,,0,99,,104092,4,,,0,99,,104101,4,,,0,100,,104091,4,,,0,100,,104089,4,,,0,105,,104103,4,,,0,67,,104090,4,,,0,32,,104088,4,,,0
