3801,'5456',658,,97994,26,,,0,68,,97993,26,,,0,30,,97995,26,,,0,67,,97996,26,,,0,35,,97999,26,,,0,85,,97997,26,,,0,88,,97998,26,,,0,100,,98001,26,,,0,102,,98000,26,,,0,72,,98014,5,,,0,30,,98002,26,,,0,78,,98015,5,,,0,25,,98003,26,,,0,76,,98016,5,,,0,35,,98004,26,,,0,86,,98005,26,,,0,72,,98010,26,,,0,26,,98006,26,,,0,24,,98013,26,,,0,65,,98007,26,,,0,30,,98008,26,,,0,75,,98011,26,,,0,99,,98009,26,,,0,104,,98012,26,,,0
3801,'5458',658,,98018,26,,,0,68,,98017,26,,,0,30,,98019,26,,,0,67,,98020,26,,,0,35,,98023,26,,,0,85,,98021,26,,,0,88,,98022,26,,,0,100,,98025,26,,,0,102,,98024,26,,,0,72,,98038,5,,,0,30,,98026,26,,,0,78,,98039,5,,,0,25,,98027,26,,,0,76,,98040,5,,,0,35,,98028,26,,,0,86,,98029,26,,,0,72,,98034,26,,,0,26,,98030,26,,,0,24,,98037,26,,,0,65,,98031,26,,,0,30,,98032,26,,,0,75,,98035,26,,,0,99,,98033,26,,,0,104,,98036,26,,,0
4801,'5456',1655,,98618,22,,,0,68,,98617,22,,,0,27,,98616,22,,,0
4801,'5458',1655,,98621,22,,,0,68,,98620,22,,,0,27,,98619,22,,,0
5201,'5456',502,,98955,4,,,0,35,,98954,4,,,0,76,,98957,4,,,0,38,,98956,4,,,0,65,,98965,4,,,0,26,,98958,5,,,0,71,,98982,5,,,0,20,,98985,5,0,28 37 14,0,5,,98959,4,,,0,77,,98960,5,,,0,36,,98961,4,,,0,69,,98983,4,,,0,30,,98963,4,,,0,68,,98962,4,,,0,34,,98964,4,,,0,74,,98981,4,,,0,30,,98967,4,,,0,70,,98966,4,,,0,30,,98987,4,,,0,68,,98968,5,,,0,20,,98991,4,0,38 3 39 49,0,9,,98980,5,,,0,66,,98969,5,,,0,35,,98970,5,,,0,78,,98988,5,,,0,25,,98971,5,,,0,65,,98979,5,,,0,22,,98972,4,,,0,70,,98973,4,,,0,30,,98989,4,,,0,70,,98974,4,,,0,33,,98975,4,,,0,69,,98977,4,,,0,28,,98990,4,,,0,66,,98976,4,0,38 3 39 49,0,35,,98978,4,,,0,98,,98986,4,,,0,100,,98984,4,,,0
5201,'5458',502,,98995,4,,,0,35,,98994,4,,,0,76,,98997,4,,,0,38,,98996,4,,,0,65,,99005,4,,,0,26,,98998,5,,,0,71,,99022,5,,,0,20,,99025,5,0,28 37 14,0,5,,98999,4,,,0,77,,99000,5,,,0,36,,99001,4,,,0,69,,99023,4,,,0,30,,99003,4,,,0,68,,99002,4,,,0,34,,99004,4,,,0,74,,99021,4,,,0,30,,99007,4,,,0,70,,99006,4,,,0,30,,99027,4,,,0,68,,99008,5,,,0,20,,99032,4,0,38 3 39 49,0,9,,99020,5,,,0,66,,99009,5,,,0,35,,99010,5,,,0,78,,99028,5,,,0,25,,99011,5,,,0,65,,99019,5,,,0,22,,99012,4,,,0,70,,99013,4,,,0,30,,99029,4,,,0,70,,99014,4,,,0,33,,99015,4,,,0,69,,99017,4,,,0,28,,99030,4,,,0,66,,99016,4,0,38 3 39 49,0,35,,99018,4,,,0,98,,99026,4,,,0,100,,99024,4,,,0
5201,'5459',643,,99043,4,,,0,70,,99053,4,,,0,30,,99051,4,,,0,70,,99034,4,,,0,30,,99041,4,,,0,70,,99060,4,,,0,30,,99038,4,,,0,71,,99035,4,,,0,30,,99042,4,,,0,70,,99061,4,,,0,30,,99039,4,,,0,70,,99036,4,,,0,35,,99045,4,,,0,70,,99063,4,,,0,35,,99040,4,,,0,75,,99050,4,,,0,75,,99044,4,,,0,30,,99062,4,,,0,70,,99037,4,,,0,30,,99048,4,,,0,25,,99056,4,,,0,65,,99047,4,,,0,25,,99052,4,,,0,65,,99049,4,,,0,30,,99046,4,,,0,69,,99059,4,,,0,32,,99054,4,,,0,70,,99058,4,,,0,30,,99055,4,,,0,65,,99057,4,0,38 3 39 49,0,30,,99064,4,,,0,103,,99065,4,,,0,100,,99066,4,,,0
5201,'5460',713,,99072,4,,,0,30,,99088,4,,,0,70,,99080,4,,,0,30,,99068,4,,,0,70,,99075,4,,,0,30,,99082,4,,,0,71,,99077,4,,,0,30,,99069,4,,,0,70,,99074,4,,,0,30,,99083,4,,,0,70,,99079,4,,,0,35,,99067,4,,,0,70,,99073,4,,,0,35,,99086,4,,,0,75,,99078,4,,,0,75,,99093,4,,,0,30,,99071,4,,,0,70,,99085,4,,,0,30,,99076,4,,,0,70,,99081,4,,,0,30,,99070,4,,,0,70,,99084,4,,,0,39,,99087,4,,,0,100,,99089,4,,,0,100,,99090,4,,,0,100,,99091,4,,,0,100,,99092,4,,,0
5201,'5461',713,,99099,4,,,0,30,,99115,4,,,0,70,,99107,4,,,0,30,,99095,4,,,0,70,,99102,4,,,0,30,,99109,4,,,0,71,,99104,4,,,0,30,,99096,4,,,0,70,,99101,4,,,0,30,,99110,4,,,0,70,,99106,4,,,0,35,,99094,4,,,0,70,,99100,4,,,0,35,,99113,4,,,0,75,,99105,4,,,0,75,,99120,4,,,0,30,,99098,4,,,0,70,,99112,4,,,0,30,,99103,4,,,0,70,,99108,4,,,0,30,,99097,4,,,0,70,,99111,4,,,0,39,,99114,4,,,0,100,,99116,4,,,0,100,,99117,4,,,0,100,,99118,4,,,0,100,,99119,4,,,0
5201,'5462',713,,99126,4,,,0,30,,99142,4,,,0,70,,99134,4,,,0,30,,99122,4,,,0,70,,99129,4,,,0,30,,99136,4,,,0,71,,99131,4,,,0,30,,99123,4,,,0,70,,99128,4,,,0,30,,99137,4,,,0,70,,99133,4,,,0,35,,99121,4,,,0,70,,99127,4,,,0,35,,99140,4,,,0,75,,99132,4,,,0,75,,99147,4,,,0,30,,99125,4,,,0,70,,99139,4,,,0,30,,99130,4,,,0,70,,99135,4,,,0,30,,99124,4,,,0,70,,99138,4,,,0,39,,99141,4,,,0,100,,99143,4,,,0,100,,99144,4,,,0,100,,99145,4,,,0,100,,99146,4,,,0
5201,'5463',713,,99153,4,,,0,30,,99169,4,,,0,70,,99161,4,,,0,30,,99149,4,,,0,70,,99156,4,,,0,30,,99163,4,,,0,71,,99158,4,,,0,30,,99150,4,,,0,70,,99155,4,,,0,30,,99164,4,,,0,70,,99160,4,,,0,35,,99148,4,,,0,70,,99154,4,,,0,35,,99167,4,,,0,75,,99159,4,,,0,75,,99174,4,,,0,30,,99152,4,,,0,70,,99166,4,,,0,30,,99157,4,,,0,70,,99162,4,,,0,30,,99151,4,,,0,70,,99165,4,,,0,39,,99168,4,,,0,100,,99170,4,,,0,100,,99171,4,,,0,100,,99172,4,,,0,100,,99173,4,,,0
6101,'5456',1547,,100612,22,,,0,70,,100598,22,,,0,34,,100587,22,,,0,64,,100585,22,,,0,15,,100594,22,,,0,20,,100580,22,,,0,78,,100589,22,,,0
6101,'5458',1547,,100649,22,,,0,70,,100635,22,,,0,34,,100624,22,,,0,64,,100622,22,,,0,15,,100630,22,,,0,20,,100617,22,,,0,78,,100626,22,,,0
