900,'5456',715,,90755,6,,,0,41,,90753,6,,,0
900,'5458',715,,90760,6,,,0,41,,90758,6,,,0
2101,'5456',704,,93827,3,,,0,14,,93867,3,,,0,15,,93850,3,,,0,16,,93830,3,,,0,55,,93854,3,,,0,17,,93841,3,,,0,17,,93864,3,,,0,62,,93831,3,,,0,41,,93868,3,,,0,79,,93829,3,,,0,81,,93862,3,,,0,39,,93834,3,,,0,82,,93848,3,,,0,81,,93856,3,,,0,41,,93836,3,,,0,79,,93874,3,,,0,18,,93866,3,,,0,18,,93844,3,,,0,78,,93875,3,,,0,19,,93852,3,,,0,57,,93858,3,,,0,20,,93838,3,,,0,17,,93839,3,,,0,78,,93872,3,,,0,21,,93851,3,,,0,60,,93843,3,,,0
2101,'5458',704,,93877,3,,,0,14,,93917,3,,,0,15,,93900,3,,,0,16,,93880,3,,,0,55,,93904,3,,,0,17,,93891,3,,,0,17,,93914,3,,,0,62,,93881,3,,,0,41,,93918,3,,,0,79,,93879,3,,,0,81,,93912,3,,,0,39,,93884,3,,,0,82,,93898,3,,,0,81,,93906,3,,,0,41,,93886,3,,,0,79,,93924,3,,,0,18,,93916,3,,,0,18,,93894,3,,,0,78,,93925,3,,,0,19,,93902,3,,,0,57,,93908,3,,,0,20,,93888,3,,,0,17,,93889,3,,,0,78,,93922,3,,,0,21,,93901,3,,,0,60,,93893,3,,,0
3801,'5456',638,,97994,6,,,0,67,,97993,6,,,0,26,,97995,6,,,0,25,,97996,6,,,0,75,,97999,6,,,0,89,,97997,6,,,0,88,,97998,6,,,0,100,,98001,6,,,0,100,,98000,6,,,0,101,,98002,6,,,0,103,,98003,6,,,0,100,,98004,6,,,0,46,,98005,6,,,0,72,,98010,6,,,0,70,,98006,6,,,0,30,,98013,6,,,0,29,,98007,6,,,0,70,,98008,6,,,0,77,,98011,6,,,0,100,,98009,6,,,0,105,,98012,6,,,0
3801,'5458',638,,98018,6,,,0,67,,98017,6,,,0,26,,98019,6,,,0,25,,98020,6,,,0,75,,98023,6,,,0,89,,98021,6,,,0,88,,98022,6,,,0,100,,98025,6,,,0,100,,98024,6,,,0,101,,98026,6,,,0,103,,98027,6,,,0,100,,98028,6,,,0,46,,98029,6,,,0,72,,98034,6,,,0,70,,98030,6,,,0,30,,98037,6,,,0,29,,98031,6,,,0,70,,98032,6,,,0,77,,98035,6,,,0,100,,98033,6,,,0,105,,98036,6,,,0
3901,'5456',632,,98227,30,,,0,72,,98218,30,,,0,35,,98228,30,,,0,13,,98219,30,,,0,54,,98211,30,,,0,14,,98201,30,,,0,17,,98210,30,,,0,15,,98221,30,,,0,62,,98220,30,,,0,26,,98198,30,,,0,70,,98212,30,,,0,29,,98222,30,,,0,70,,98203,30,,,0,31,,98197,30,,,0,71,,98204,30,,,0,30,,98223,30,,,0,70,,98205,30,,,0,30,,98199,30,,,0,73,,98206,30,,,0,31,,98224,30,,,0,60,,98196,30,,,0,16,,98190,30,,,0,17,,98207,30,,,0,15,,98200,30,,,0,57,,98225,30,,,0,14,,98188,30,,,0,14,,98194,30,,,0,16,,98191,30,,,0,56,,98209,30,,,0,14,,98208,30,,,0,16,,98226,30,,,0,18,,98195,30,,,0,60,,98192,30,,,0,20,,98213,30,,,0,18,,98202,30,,,0,60,,98217,30,,,0,20,,98193,30,,,0,22,,98214,30,,,0,147,,98216,30,,,0
3901,'5458',632,,98268,30,,,0,72,,98259,30,,,0,35,,98269,30,,,0,13,,98260,30,,,0,54,,98252,30,,,0,14,,98242,30,,,0,17,,98251,30,,,0,15,,98262,30,,,0,62,,98261,30,,,0,26,,98239,30,,,0,70,,98253,30,,,0,29,,98263,30,,,0,70,,98244,30,,,0,31,,98238,30,,,0,71,,98245,30,,,0,30,,98264,30,,,0,70,,98246,30,,,0,30,,98240,30,,,0,73,,98247,30,,,0,31,,98265,30,,,0,60,,98237,30,,,0,16,,98231,30,,,0,17,,98248,30,,,0,15,,98241,30,,,0,57,,98266,30,,,0,14,,98229,30,,,0,14,,98235,30,,,0,16,,98232,30,,,0,56,,98250,30,,,0,14,,98249,30,,,0,16,,98267,30,,,0,18,,98236,30,,,0,60,,98233,30,,,0,20,,98254,30,,,0,18,,98243,30,,,0,60,,98258,30,,,0,20,,98234,30,,,0,22,,98255,30,,,0,147,,98257,30,,,0
8300,'4832',1042,,86408,6,,,0,300,,86409,6,,,0,305,,86407,6,,,0,300,,86406,6,,,0
8300,'5453',1042,,86412,6,,,0,300,,86413,6,,,0,305,,86411,6,,,0,300,,86410,6,,,0
8300,'5456',656,,102055,6,,,0,244,,102054,6,,,0,140,,102056,6,,,0,207,,102057,6,,,0,198,,102058,6,,,0,212,,102059,6,,,0,248,,102060,6,,,0
8300,'5458',656,,102062,6,,,0,244,,102061,6,,,0,140,,102063,6,,,0,207,,102064,6,,,0,198,,102065,6,,,0,212,,102066,6,,,0,248,,102067,6,,,0
8300,'5459',1042,,102070,6,,,0,300,,102071,6,,,0,305,,102069,6,,,0,300,,102068,6,,,0
8300,'5460',1042,,102074,6,,,0,300,,102075,6,,,0,305,,102073,6,,,0,300,,102072,6,,,0
8300,'5461',1042,,102078,6,,,0,300,,102079,6,,,0,305,,102077,6,,,0,300,,102076,6,,,0
8300,'5462',1042,,102082,6,,,0,300,,102083,6,,,0,305,,102081,6,,,0,300,,102080,6,,,0
8300,'5463',1042,,102086,6,,,0,300,,102087,6,,,0,305,,102085,6,,,0,300,,102084,6,,,0
