2700,'5456',726,,95657,22,,,0,108,,95658,22,,,0,25,,95659,22,,,0,64,,95660,22,,,0,24,,95661,22,,,0,66,,95662,22,,,0,26,,95663,22,,,0,66,,95664,22,,,0,26,,95665,22,,,0,26,,95666,22,,,0,66,,95667,22,,,0,26,,95668,22,,,0,66,,95669,22,,,0,25,,95670,22,,,0,64,,95671,22,,,0,23,,95672,22,,,0,24,,95673,22,,,0,64,,95674,22,,,0,14,,95675,22,,,0,18,,95676,22,,,0,54,,95677,22,,,0,18,,95678,22,,,0,16,,95679,22,,,0,17,,95680,22,,,0,54,,95681,22,,,0,18,,95682,22,,,0,16,,95683,22,,,0,12,,95684,22,,,0,57,,95685,22,,,0,16,,95686,22,,,0,16,,95687,22,,,0,60,,95688,22,,,0,24,,95689,22,,,0,26,,95690,22,,,0,68,,95691,22,,,0,29,,95692,22,,,0,68,,95693,22,,,0,29,,95694,22,,,0,70,,95695,22,,,0,37,,95696,22,,,0,80,,95697,22,,,0,77,,95698,22,,,0
2700,'5458',726,,95708,22,,,0,108,,95709,22,,,0,25,,95710,22,,,0,64,,95711,22,,,0,24,,95712,22,,,0,66,,95713,22,,,0,26,,95714,22,,,0,66,,95715,22,,,0,26,,95716,22,,,0,26,,95717,22,,,0,66,,95718,22,,,0,26,,95719,22,,,0,66,,95720,22,,,0,25,,95721,22,,,0,64,,95722,22,,,0,23,,95723,22,,,0,24,,95724,22,,,0,64,,95725,22,,,0,14,,95726,22,,,0,18,,95727,22,,,0,54,,95728,22,,,0,18,,95729,22,,,0,16,,95730,22,,,0,17,,95731,22,,,0,54,,95732,22,,,0,18,,95733,22,,,0,16,,95734,22,,,0,12,,95735,22,,,0,57,,95736,22,,,0,16,,95737,22,,,0,16,,95738,22,,,0,60,,95739,22,,,0,24,,95740,22,,,0,26,,95741,22,,,0,68,,95742,22,,,0,29,,95743,22,,,0,68,,95744,22,,,0,29,,95745,22,,,0,70,,95746,22,,,0,37,,95747,22,,,0,80,,95748,22,,,0,77,,95749,22,,,0,42,,95750,22,,,0,80,,95751,22,,,0,78,,95752,22,,,0,39,,95753,22,,,0
2700,'5459',646,,95764,22,,,0,70,,95765,22,,,0,29,,95766,22,,,0,69,,95767,22,,,0,26,,95768,22,,,0,66,,95769,22,,,0,27,,95770,22,,,0,67,,95771,22,,,0,25,,95772,22,,,0,22,,95773,22,,,0,61,,95774,22,,,0,22,,95775,22,,,0,20,,95776,22,,,0,62,,95777,22,,,0,23,,95778,22,,,0,22,,95779,22,,,0,62,,95780,22,,,0,23,,95781,22,,,0,63,,95782,22,,,0,21,,95783,22,,,0,21,,95784,22,,,0,62,,95785,22,,,0,22,,95786,22,,,0,21,,95787,22,,,0,61,,95788,22,,,0,20,,95789,22,,,0,21,,95790,22,,,0,61,,95791,22,,,0,20,,95792,22,,,0,18,,95793,22,,,0,61,,95794,22,,,0,20,,95795,22,,,0,21,,95796,22,,,0,66,,95797,22,,,0,26,,95798,22,,,0,69,,95799,22,,,0,30,,95800,22,,,0,69,,95801,22,,,0,29,,95802,22,,,0,70,,95803,22,,,0,33,,95804,22,,,0,71,,95805,22,,,0,31,,95806,22,,,0,71,,95807,22,,,0,30,,95808,22,,,0,69,,95809,22,,,0,30,,95810,22,,,0,70,,95811,22,,,0,28,,95812,22,,,0
2700,'5460',718,,95815,22,,,0,30,,95816,22,,,0,69,,95817,22,,,0,30,,95818,22,,,0,71,,95813,22,,,0,29,,95819,22,,,0,65,,95820,22,,,0,27,,95821,22,,,0,67,,95822,22,,,0,25,,95823,22,,,0,24,,95824,22,,,0,63,,95825,22,,,0,23,,95826,22,,,0,62,,95827,22,,,0,23,,95828,22,,,0,24,,95829,22,,,0,63,,95830,22,,,0,23,,95831,22,,,0,23,,95832,22,,,0,63,,95833,22,,,0,22,,95834,22,,,0,64,,95835,22,,,0,22,,95836,22,,,0,23,,95837,22,,,0,63,,95838,22,,,0,23,,95839,22,,,0,64,,95840,22,,,0,24,,95841,22,,,0,26,,95842,22,,,0,65,,95843,22,,,0,29,,95844,22,,,0,68,,95845,22,,,0,30,,95846,22,,,0,71,,95847,22,,,0,35,,95848,22,,,0,83,,95849,22,,,0,79,,95850,22,,,0,102,,95851,22,,,0
2700,'5461',718,,95854,22,,,0,30,,95855,22,,,0,69,,95856,22,,,0,30,,95857,22,,,0,71,,95852,22,,,0,29,,95858,22,,,0,65,,95859,22,,,0,27,,95860,22,,,0,67,,95861,22,,,0,25,,95862,22,,,0,24,,95863,22,,,0,63,,95864,22,,,0,23,,95865,22,,,0,62,,95866,22,,,0,23,,95867,22,,,0,24,,95868,22,,,0,63,,95869,22,,,0,23,,95870,22,,,0,23,,95871,22,,,0,63,,95872,22,,,0,22,,95873,22,,,0,64,,95874,22,,,0,22,,95875,22,,,0,23,,95876,22,,,0,63,,95877,22,,,0,23,,95878,22,,,0,64,,95879,22,,,0,24,,95880,22,,,0,26,,95881,22,,,0,65,,95882,22,,,0,29,,95883,22,,,0,68,,95884,22,,,0,30,,95885,22,,,0,71,,95886,22,,,0,35,,95887,22,,,0,83,,95888,22,,,0,79,,95889,22,,,0,102,,95890,22,,,0
2700,'5462',718,,95893,22,,,0,30,,95894,22,,,0,69,,95895,22,,,0,30,,95896,22,,,0,71,,95891,22,,,0,29,,95897,22,,,0,65,,95898,22,,,0,27,,95899,22,,,0,67,,95900,22,,,0,25,,95901,22,,,0,24,,95902,22,,,0,63,,95903,22,,,0,23,,95904,22,,,0,62,,95905,22,,,0,23,,95906,22,,,0,24,,95907,22,,,0,63,,95908,22,,,0,23,,95909,22,,,0,23,,95910,22,,,0,63,,95911,22,,,0,22,,95912,22,,,0,64,,95913,22,,,0,22,,95914,22,,,0,23,,95915,22,,,0,63,,95916,22,,,0,23,,95917,22,,,0,64,,95918,22,,,0,24,,95919,22,,,0,26,,95920,22,,,0,65,,95921,22,,,0,29,,95922,22,,,0,68,,95923,22,,,0,30,,95924,22,,,0,71,,95925,22,,,0,35,,95926,22,,,0,83,,95927,22,,,0,79,,95928,22,,,0,102,,95929,22,,,0
2700,'5463',718,,95932,22,,,0,30,,95933,22,,,0,69,,95934,22,,,0,30,,95935,22,,,0,71,,95930,22,,,0,29,,95936,22,,,0,65,,95937,22,,,0,27,,95938,22,,,0,67,,95939,22,,,0,25,,95940,22,,,0,24,,95941,22,,,0,63,,95942,22,,,0,23,,95943,22,,,0,62,,95944,22,,,0,23,,95945,22,,,0,24,,95946,22,,,0,63,,95947,22,,,0,23,,95948,22,,,0,23,,95949,22,,,0,63,,95950,22,,,0,22,,95951,22,,,0,64,,95952,22,,,0,22,,95953,22,,,0,23,,95954,22,,,0,63,,95955,22,,,0,23,,95956,22,,,0,64,,95957,22,,,0,24,,95958,22,,,0,26,,95959,22,,,0,65,,95960,22,,,0,29,,95961,22,,,0,68,,95962,22,,,0,30,,95963,22,,,0,71,,95964,22,,,0,35,,95965,22,,,0,83,,95966,22,,,0,79,,95967,22,,,0,102,,95968,22,,,0
2800,'5456',558,,96293,22,,,0,64,,96294,22,,,0,22,,96295,22,,,0,13,,96296,22,,,0,51,,96297,22,,,0,11,,96298,22,,,0,20,,96299,22,,,0,12,,96300,22,,,0,54,,96301,22,,,0,16,,96302,22,,,0,27,,96303,22,,,0,65,,96304,22,,,0,23,,96305,22,,,0,64,,96306,22,,,0,26,,96307,22,,,0,27,,96308,22,,,0,66,,96309,22,,,0,26,,96310,22,,,0,65,,96311,22,,,0,26,,96312,22,,,0,66,,96313,22,,,0,26,,96314,22,,,0,25,,96315,22,,,0,63,,96316,22,,,0,24,,96317,22,,,0,63,,96318,22,,,0,34,,96319,22,,,0,72,,96320,22,,,0,20,,96340,22,,,0,15,,96321,22,,,0,71,,96322,22,,,0,32,,96323,22,,,0,71,,96324,22,,,0,14,,96325,22,,,0,18,,96326,22,,,0,61,,96327,22,,,0,26,,96328,22,,,0,69,,96329,22,,,0,27,,96330,22,,,0,67,,96331,22,,,0,29,,96332,22,,,0,30,,96333,22,,,0,72,,96334,22,,,0,81,,96335,22,,,0,38,,96336,22,,,0,80,,96337,22,,,0
2800,'5458',558,,96341,22,,,0,64,,96342,22,,,0,22,,96343,22,,,0,13,,96344,22,,,0,51,,96345,22,,,0,11,,96346,22,,,0,20,,96347,22,,,0,12,,96348,22,,,0,54,,96349,22,,,0,16,,96350,22,,,0,27,,96351,22,,,0,65,,96352,22,,,0,23,,96353,22,,,0,64,,96354,22,,,0,26,,96355,22,,,0,27,,96356,22,,,0,66,,96357,22,,,0,26,,96358,22,,,0,65,,96359,22,,,0,26,,96360,22,,,0,66,,96361,22,,,0,26,,96362,22,,,0,25,,96363,22,,,0,63,,96364,22,,,0,24,,96365,22,,,0,63,,96366,22,,,0,34,,96367,22,,,0,72,,96368,22,,,0,20,,96391,22,,,0,15,,96369,22,,,0,71,,96370,22,,,0,32,,96371,22,,,0,71,,96372,22,,,0,14,,96373,22,,,0,18,,96374,22,,,0,61,,96375,22,,,0,26,,96376,22,,,0,69,,96377,22,,,0,27,,96378,22,,,0,67,,96379,22,,,0,29,,96380,22,,,0,30,,96381,22,,,0,72,,96382,22,,,0,81,,96383,22,,,0,38,,96384,22,,,0,80,,96385,22,,,0,80,,96386,22,,,0,39,,96387,22,,,0,80,,96388,22,,,0
2800,'5459',800,,96396,22,,,0,28,,96397,22,,,0,26,,96398,22,,,0,66,,96392,22,,,0,27,,96399,22,,,0,66,,96400,22,,,0,23,,96401,22,,,0,22,,96402,22,,,0,62,,96403,22,,,0,20,,96404,22,,,0,61,,96405,22,,,0,22,,96406,22,,,0,24,,96407,22,,,0,61,,96408,22,,,0,24,,96409,22,,,0,20,,96410,22,,,0,64,,96411,22,,,0,21,,96412,22,,,0,21,,96413,22,,,0,63,,96414,22,,,0,21,,96415,22,,,0,61,,96416,22,,,0,20,,96417,22,,,0,20,,96418,22,,,0,62,,96419,22,,,0,20,,96420,22,,,0,20,,96421,22,,,0,58,,96422,22,,,0,21,,96423,22,,,0,20,,96424,22,,,0,63,,96425,22,,,0,26,,96426,22,,,0,67,,96427,22,,,0,30,,96428,22,,,0,70,,96429,22,,,0,29,,96430,22,,,0,30,,96431,22,,,0,70,,96432,22,,,0,73,,96433,22,,,0,31,,96434,22,,,0,71,,96435,22,,,0,31,,96436,22,,,0,69,,96437,22,,,0,30,,96438,22,,,0,70,,96439,22,,,0,30,,96440,22,,,0
2800,'5460',832,,96445,22,,,0,71,,96446,22,,,0,30,,96447,22,,,0,67,,96448,22,,,0,26,,96449,22,,,0,26,,96450,22,,,0,67,,96451,22,,,0,25,,96452,22,,,0,64,,96453,22,,,0,23,,96454,22,,,0,22,,96455,22,,,0,62,,96456,22,,,0,24,,96457,22,,,0,64,,96458,22,,,0,23,,96459,22,,,0,22,,96460,22,,,0,63,,96461,22,,,0,23,,96462,22,,,0,23,,96463,22,,,0,62,,96464,22,,,0,23,,96465,22,,,0,62,,96466,22,,,0,24,,96467,22,,,0,23,,96468,22,,,0,64,,96469,22,,,0,24,,96470,22,,,0,67,,96471,22,,,0,26,,96472,22,,,0,69,,96473,22,,,0,29,,96474,22,,,0,71,,96475,22,,,0,30,,96476,22,,,0,80,,96477,22,,,0,43,,96478,22,,,0,86,,96479,22,,,0,86,,96480,22,0,31 49,0
2800,'5461',832,,96485,22,,,0,71,,96486,22,,,0,30,,96487,22,,,0,67,,96488,22,,,0,26,,96489,22,,,0,26,,96490,22,,,0,67,,96491,22,,,0,25,,96492,22,,,0,64,,96493,22,,,0,23,,96494,22,,,0,22,,96495,22,,,0,62,,96496,22,,,0,24,,96497,22,,,0,64,,96498,22,,,0,23,,96499,22,,,0,22,,96500,22,,,0,63,,96501,22,,,0,23,,96502,22,,,0,23,,96503,22,,,0,62,,96504,22,,,0,23,,96505,22,,,0,62,,96506,22,,,0,24,,96507,22,,,0,23,,96508,22,,,0,64,,96509,22,,,0,24,,96510,22,,,0,67,,96511,22,,,0,26,,96512,22,,,0,69,,96513,22,,,0,29,,96514,22,,,0,71,,96515,22,,,0,30,,96516,22,,,0,80,,96517,22,,,0,43,,96518,22,,,0,86,,96519,22,,,0,86,,96520,22,0,31 49,0
2800,'5462',832,,96525,22,,,0,71,,96526,22,,,0,30,,96527,22,,,0,67,,96528,22,,,0,26,,96529,22,,,0,26,,96530,22,,,0,67,,96531,22,,,0,25,,96532,22,,,0,64,,96533,22,,,0,23,,96534,22,,,0,22,,96535,22,,,0,62,,96536,22,,,0,24,,96537,22,,,0,64,,96538,22,,,0,23,,96539,22,,,0,22,,96540,22,,,0,63,,96541,22,,,0,23,,96542,22,,,0,23,,96543,22,,,0,62,,96544,22,,,0,23,,96545,22,,,0,62,,96546,22,,,0,24,,96547,22,,,0,23,,96548,22,,,0,64,,96549,22,,,0,24,,96550,22,,,0,67,,96551,22,,,0,26,,96552,22,,,0,69,,96553,22,,,0,29,,96554,22,,,0,71,,96555,22,,,0,30,,96556,22,,,0,80,,96557,22,,,0,43,,96558,22,,,0,86,,96559,22,,,0,86,,96560,22,0,31 49,0
2800,'5463',832,,96565,22,,,0,71,,96566,22,,,0,30,,96567,22,,,0,67,,96568,22,,,0,26,,96569,22,,,0,26,,96570,22,,,0,67,,96571,22,,,0,25,,96572,22,,,0,64,,96573,22,,,0,23,,96574,22,,,0,22,,96575,22,,,0,62,,96576,22,,,0,24,,96577,22,,,0,64,,96578,22,,,0,23,,96579,22,,,0,22,,96580,22,,,0,63,,96581,22,,,0,23,,96582,22,,,0,23,,96583,22,,,0,62,,96584,22,,,0,23,,96585,22,,,0,62,,96586,22,,,0,24,,96587,22,,,0,23,,96588,22,,,0,64,,96589,22,,,0,24,,96590,22,,,0,67,,96591,22,,,0,26,,96592,22,,,0,69,,96593,22,,,0,29,,96594,22,,,0,71,,96595,22,,,0,30,,96596,22,,,0,80,,96597,22,,,0,43,,96598,22,,,0,86,,96599,22,,,0,86,,96600,22,0,31 49,0
