801,'4832',956,,66095,36,0,8 9,0,86,,66096,36,0,8 9,0,91,,66097,36,0,8 9,0,89,,66098,36,0,8 9,0,91,,66094,36,0,8 9,0,93,,66099,36,0,8 9,0,50,,66100,36,0,8 9,0,92,,66101,36,0,8 9,0,89,,66102,36,0,8 9,0,89,,66103,36,0,8 9,0,86,,66104,36,0,8 9,0
801,'5453',956,,78749,36,0,8 9,0,86,,78750,36,0,8 9,0,91,,78751,36,0,8 9,0,89,,78752,36,0,8 9,0,91,,78748,36,0,8 9,0,93,,78753,36,0,8 9,0,50,,78754,36,0,8 9,0,92,,78755,36,0,8 9,0,89,,78756,36,0,8 9,0,89,,78757,36,0,8 9,0,86,,78758,36,0,8 9,0
801,'5456',707,,90641,36,,,0,18,,90665,26,,,0,18,,90642,36,,,0,65,,90645,36,,,0,27,,90643,36,,,0,75,,90646,36,,,0,44,,90644,36,,,0,84,,90647,36,,,0,73,,90649,36,,,0,42,,90648,36,,,0,86,,90651,36,,,0,79,,90650,36,,,0,85,,90654,36,,,0,51,,90652,36,,,0,69,,90666,36,0,8 9,0,17,,90653,36,,,0,73,,90656,36,,,0,33,,90655,36,,,0,74,,90658,36,,,0,38,,90657,36,,,0,69,,90660,36,,,0,30,,90659,36,,,0,74,,90661,36,,,0,85,,90662,36,,,0,97,,90663,36,,,0,43,,90664,36,,,0
801,'5458',707,,90667,36,,,0,18,,90691,26,,,0,18,,90668,36,,,0,65,,90671,36,,,0,27,,90669,36,,,0,75,,90672,36,,,0,44,,90670,36,,,0,84,,90673,36,,,0,73,,90675,36,,,0,42,,90674,36,,,0,86,,90677,36,,,0,79,,90676,36,,,0,85,,90680,36,,,0,51,,90678,36,,,0,69,,90692,36,0,8 9,0,17,,90679,36,,,0,73,,90682,36,,,0,33,,90681,36,,,0,74,,90684,36,,,0,38,,90683,36,,,0,69,,90686,36,,,0,30,,90685,36,,,0,74,,90687,36,,,0,85,,90688,36,,,0,97,,90689,36,,,0,43,,90690,36,,,0
801,'5459',739,,90694,36,0,8 9,0,85,,90695,36,0,8 9,0,86,,90696,36,0,8 9,0,47,,90697,36,0,8 9,0,85,,90698,36,0,8 9,0,93,,90699,36,0,8 9,0,89,,90700,36,0,8 9,0,91,,90701,36,0,8 9,0,93,,90693,36,0,8 9,0,50,,90702,36,0,8 9,0,92,,90703,36,0,8 9,0,90,,90704,36,0,8 9,0,88,,90705,36,0,8 9,0,85,,90706,36,0,8 9,0,42,,90707,36,0,8 9,0
801,'5460',956,,90709,36,0,8 9,0,86,,90710,36,0,8 9,0,91,,90711,36,0,8 9,0,89,,90712,36,0,8 9,0,91,,90708,36,0,8 9,0,93,,90713,36,0,8 9,0,50,,90714,36,0,8 9,0,92,,90715,36,0,8 9,0,89,,90716,36,0,8 9,0,89,,90717,36,0,8 9,0,86,,90718,36,0,8 9,0
801,'5461',956,,90720,36,0,8 9,0,86,,90721,36,0,8 9,0,91,,90722,36,0,8 9,0,89,,90723,36,0,8 9,0,91,,90719,36,0,8 9,0,93,,90724,36,0,8 9,0,50,,90725,36,0,8 9,0,92,,90726,36,0,8 9,0,89,,90727,36,0,8 9,0,89,,90728,36,0,8 9,0,86,,90729,36,0,8 9,0
801,'5462',956,,90731,36,0,8 9,0,86,,90732,36,0,8 9,0,91,,90733,36,0,8 9,0,89,,90734,36,0,8 9,0,91,,90730,36,0,8 9,0,93,,90735,36,0,8 9,0,50,,90736,36,0,8 9,0,92,,90737,36,0,8 9,0,89,,90738,36,0,8 9,0,89,,90739,36,0,8 9,0,86,,90740,36,0,8 9,0
801,'5463',956,,90742,36,0,8 9,0,86,,90743,36,0,8 9,0,91,,90744,36,0,8 9,0,89,,90745,36,0,8 9,0,91,,90741,36,0,8 9,0,93,,90746,36,0,8 9,0,50,,90747,36,0,8 9,0,92,,90748,36,0,8 9,0,89,,90749,36,0,8 9,0,89,,90750,36,0,8 9,0,86,,90751,36,0,8 9,0
901,'5456',1710,,90767,25,,,0,40,,90768,25,,,0
901,'5458',1710,,90775,25,,,0,40,,90776,25,,,0
1101,'4832',730,,82652,51,,,0,85,,82656,51,,,0,86,,66724,51,,,0,46,,82653,51,,,0,76,,82654,51,,,0,32,,82655,51,,,0,70,,82657,51,,,0,30,,82658,51,,,0,68,,82659,51,,,0,30,,82660,51,,,0,71,,82662,51,,,0,28,,82664,51,,,0,70,,82663,51,,,0,30,,82661,51,,,0,71,,82665,51,,,0,30,,82666,51,,,0,68,,82667,51,,,0,30,,82668,51,,,0,70,,82670,51,,,0,29,,82669,51,,,0,70,,82672,51,,,0,29,,82671,51,,,0,70,,82674,51,,,0,35,,82673,51,,,0,83,,82675,51,,,0,80,,82676,51,,,0,84,,82677,51,,,0,44,,82678,51,,,0,78,,82679,51,,,0,78,,82680,51,,,0
1101,'5453',730,,78847,51,,,0,85,,78852,51,,,0,86,,78849,51,,,0,46,,78848,51,,,0,76,,82681,51,,,0,32,,82682,51,,,0,70,,82683,51,,,0,30,,82684,51,,,0,68,,82685,51,,,0,30,,82686,51,,,0,71,,82688,51,,,0,28,,78860,51,,,0,70,,78859,51,,,0,30,,82687,51,,,0,71,,82689,51,,,0,30,,82690,51,,,0,68,,82691,51,,,0,30,,82692,51,,,0,70,,82694,51,,,0,29,,82693,51,,,0,70,,82696,51,,,0,29,,82695,51,,,0,70,,82698,51,,,0,35,,82697,51,,,0,83,,82699,51,,,0,80,,82700,51,,,0,84,,82701,51,,,0,44,,82702,51,,,0,78,,82703,51,,,0,78,,82704,51,,,0
1101,'5456',613,,91248,51,,,0,31,,91249,51,,,0,61,,91257,51,,,0,23,,91251,51,,,0,21,,91267,51,,,0,61,,91255,51,,,0,20,,91250,51,,,0,20,,91263,51,,,0,59,,91252,51,,,0,18,,91258,51,,,0,19,,91273,51,,,0,61,,91253,51,,,0,25,,91254,51,,,0,26,,91256,51,,,0,65,,91265,51,,,0,26,,91259,51,,,0,65,,91272,51,,,0,25,,91261,51,,,0,66,,91260,51,,,0,26,,91262,51,,,0,25,,91264,51,,,0,68,,91266,51,,,0,25,,91274,51,,,0,59,,91291,51,,,0,18,,91268,51,,,0,20,,91269,51,,,0,56,,91277,51,,,0,17,,91270,51,,,0,17,,91271,51,,,0,20,,91295,51,,,0,58,,91276,51,,,0,18,,91275,51,,,0,18,,91292,51,,,0,60,,91278,51,,,0,20,,91280,51,,,0,23,,91281,51,,,0,54,,91279,51,,,0,17,,91294,51,,,0,20,,91282,51,,,0,70,,91290,51,,,0,34,,91283,51,,,0,70,,91284,51,,,0,35,,91286,51,,,0,69,,91289,51,,,0,35,,91285,51,,,0,67,,91287,51,,,0,28,,91288,51,,,0,85,,91293,51,,,0
1101,'5458',613,,91296,51,,,0,31,,91297,51,,,0,61,,91305,51,,,0,23,,91299,51,,,0,21,,91315,51,,,0,61,,91303,51,,,0,20,,91298,51,,,0,20,,91311,51,,,0,59,,91300,51,,,0,18,,91306,51,,,0,19,,91321,51,,,0,61,,91301,51,,,0,25,,91302,51,,,0,26,,91304,51,,,0,65,,91313,51,,,0,26,,91307,51,,,0,65,,91320,51,,,0,25,,91309,51,,,0,66,,91308,51,,,0,26,,91310,51,,,0,25,,91312,51,,,0,68,,91314,51,,,0,25,,91322,51,,,0,59,,91339,51,,,0,18,,91316,51,,,0,20,,91317,51,,,0,56,,91325,51,,,0,17,,91318,51,,,0,17,,91319,51,,,0,20,,91343,51,,,0,58,,91324,51,,,0,18,,91323,51,,,0,18,,91340,51,,,0,60,,91326,51,,,0,20,,91328,51,,,0,23,,91329,51,,,0,54,,91327,51,,,0,17,,91342,51,,,0,20,,91330,51,,,0,70,,91338,51,,,0,34,,91331,51,,,0,70,,91332,51,,,0,35,,91334,51,,,0,69,,91337,51,,,0,35,,91333,51,,,0,67,,91335,51,,,0,28,,91336,51,,,0,85,,91341,51,,,0
1101,'5459',710,,91357,51,,,0,36,,91345,51,,,0,75,,91350,51,,,0,30,,91375,51,,,0,77,,91358,51,,,0,30,,91344,51,,,0,70,,91353,51,,,0,72,,91369,51,,,0,25,,91347,51,,,0,20,,91371,51,,,0,66,,91359,51,,,0,25,,91346,51,,,0,67,,91351,51,,,0,25,,91368,51,,,0,25,,91348,51,,,0,66,,91366,51,,,0,25,,91356,51,,,0,65,,91349,51,,,0,25,,91355,51,,,0,25,,91377,51,,,0,65,,91352,51,,,0,24,,91370,51,,,0,65,,91360,51,,,0,24,,91354,51,,,0,65,,91376,51,,,0,24,,91367,51,,,0,24,,91373,51,,,0,65,,91374,51,,,0,23,,91361,51,,,0,65,,91372,51,,,0,25,,91365,51,,,0,25,,91364,51,,,0,65,,91362,51,,,0,35,,91363,51,,,0,70,,91380,51,,,0,29,,91378,51,,,0,72,,91379,51,,,0,28,,91381,51,,,0,85,,91382,51,,,0
1101,'5460',730,,91383,51,,,0,85,,91388,51,,,0,86,,91385,51,,,0,46,,91384,51,,,0,76,,91386,51,,,0,32,,91387,51,,,0,70,,91389,51,,,0,30,,91390,51,,,0,68,,91391,51,,,0,30,,91392,51,,,0,71,,91394,51,,,0,28,,91396,51,,,0,70,,91395,51,,,0,30,,91393,51,,,0,71,,91397,51,,,0,30,,91398,51,,,0,68,,91399,51,,,0,30,,91400,51,,,0,70,,91402,51,,,0,29,,91401,51,,,0,70,,91404,51,,,0,29,,91403,51,,,0,70,,91406,51,,,0,35,,91405,51,,,0,83,,91407,51,,,0,80,,91408,51,,,0,84,,91409,51,,,0,44,,91410,51,,,0,78,,91411,51,,,0,86,,91412,51,,,0
1101,'5461',730,,91413,51,,,0,85,,91418,51,,,0,86,,91415,51,,,0,46,,91414,51,,,0,76,,91416,51,,,0,32,,91417,51,,,0,70,,91419,51,,,0,30,,91420,51,,,0,68,,91421,51,,,0,30,,91422,51,,,0,71,,91424,51,,,0,28,,91426,51,,,0,70,,91425,51,,,0,30,,91423,51,,,0,71,,91427,51,,,0,30,,91428,51,,,0,68,,91429,51,,,0,30,,91430,51,,,0,70,,91432,51,,,0,29,,91431,51,,,0,70,,91434,51,,,0,29,,91433,51,,,0,70,,91436,51,,,0,35,,91435,51,,,0,83,,91437,51,,,0,80,,91438,51,,,0,84,,91439,51,,,0,44,,91440,51,,,0,78,,91441,51,,,0,86,,91442,51,,,0
1101,'5462',730,,91443,51,,,0,85,,91448,51,,,0,86,,91445,51,,,0,46,,91444,51,,,0,76,,91446,51,,,0,32,,91447,51,,,0,70,,91449,51,,,0,30,,91450,51,,,0,68,,91451,51,,,0,30,,91452,51,,,0,71,,91454,51,,,0,28,,91456,51,,,0,70,,91455,51,,,0,30,,91453,51,,,0,71,,91457,51,,,0,30,,91458,51,,,0,68,,91459,51,,,0,30,,91460,51,,,0,70,,91462,51,,,0,29,,91461,51,,,0,70,,91464,51,,,0,29,,91463,51,,,0,70,,91466,51,,,0,35,,91465,51,,,0,83,,91467,51,,,0,80,,91468,51,,,0,84,,91469,51,,,0,44,,91470,51,,,0,78,,91471,51,,,0,86,,91472,51,,,0
1101,'5463',730,,91473,51,,,0,85,,91478,51,,,0,86,,91475,51,,,0,46,,91474,51,,,0,76,,91476,51,,,0,32,,91477,51,,,0,70,,91479,51,,,0,30,,91480,51,,,0,68,,91481,51,,,0,30,,91482,51,,,0,71,,91484,51,,,0,28,,91486,51,,,0,70,,91485,51,,,0,30,,91483,51,,,0,71,,91487,51,,,0,30,,91488,51,,,0,68,,91489,51,,,0,30,,91490,51,,,0,70,,91492,51,,,0,29,,91491,51,,,0,70,,91494,51,,,0,29,,91493,51,,,0,70,,91496,51,,,0,35,,91495,51,,,0,83,,91497,51,,,0,80,,91498,51,,,0,84,,91499,51,,,0,44,,91500,51,,,0,78,,91501,51,,,0,86,,91502,51,,,0
