5300,'5456',1322,,99181,10,0,25 40,0,187,,99183,10,0,25 40,0,107,,99180,10,0,25 40,0,129,,99178,10,0,25 40,0,167,,99184,10,0,25 40,0,130,,99185,10,0,25 40,0
5300,'5458',1322,,99192,10,0,25 40,0,187,,99194,10,0,25 40,0,107,,99191,10,0,25 40,0,129,,99189,10,0,25 40,0,167,,99195,10,0,25 40,0,130,,99196,10,0,25 40,0
5300,'5459',1327,,99203,10,0,25 40,0,210,,99200,10,0,25 40,0,210,,99198,10,0,25 40,0,206,,99199,10,0,25 40,0
5300,'5460',1327,,99208,10,0,25 40,0,210,,99206,10,0,25 40,0,210,,99210,10,0,25 40,0,205,,99209,10,0,25 40,0
5300,'5461',1327,,99215,10,0,25 40,0,210,,99213,10,0,25 40,0,210,,99217,10,0,25 40,0,205,,99216,10,0,25 40,0
5300,'5462',1327,,99222,10,0,25 40,0,210,,99220,10,0,25 40,0,210,,99224,10,0,25 40,0,205,,99223,10,0,25 40,0
5300,'5463',1327,,99229,10,0,25 40,0,210,,99227,10,0,25 40,0,210,,99231,10,0,25 40,0,205,,99230,10,0,25 40,0
5301,'5456',811,,99236,33,,,0,115,,99233,33,,,0,199,,99232,33,,,0
5301,'5458',811,,99246,33,,,0,115,,99243,33,,,0,199,,99242,33,,,0
5301,'5459',800,,99257,33,,,0,200,,99258,33,,,0,214,,99256,33,,,0
5301,'5460',800,,99262,33,,,0,200,,99259,33,,,0,213,,99260,33,,,0
5301,'5461',800,,99269,33,,,0,200,,99266,33,,,0,213,,99267,33,,,0
5301,'5462',800,,99276,33,,,0,200,,99273,33,,,0,213,,99274,33,,,0
5301,'5463',800,,99283,33,,,0,200,,99280,33,,,0,213,,99281,33,,,0
