301,'4832',738,,63897,19,,,0,86,,63885,19,,,0,80,,63898,19,,,0,46,,63891,19,,,0,76,,63896,19,,,0,80,,63884,19,,,0,20,,63892,19,,,0,31,,63887,19,,,0,69,,63886,19,,,0,30,,63893,19,,,0,71,,63890,19,,,0,30,,63889,19,,,0,70,,63888,19,,,0,77,,63894,19,,,0,28,,63895,19,,,0,81,,63901,19,,,0,23,,63899,19,,,0,73,,63900,19,,,0,27,,63905,19,,,0,70,,63903,19,,,0,29,,63902,19,,,0,70,,63904,19,,,0,30,,63906,19,,,0,74,,63907,19,,,0
301,'5453',738,,77946,19,,,0,86,,77934,19,,,0,80,,77947,19,,,0,46,,77940,19,,,0,76,,77945,19,,,0,80,,77933,19,,,0,20,,77941,19,,,0,31,,77936,19,,,0,69,,77935,19,,,0,30,,77942,19,,,0,71,,77939,19,,,0,30,,77938,19,,,0,70,,77937,19,,,0,77,,77943,19,,,0,28,,77944,19,,,0,81,,77950,19,,,0,23,,77948,19,,,0,73,,77949,19,,,0,27,,77954,19,,,0,70,,77952,19,,,0,29,,77951,19,,,0,70,,77953,19,,,0,30,,77955,19,,,0,74,,77956,19,,,0
301,'5456',607,,88069,9,,,0,37,,88067,19,,,0,76,,88068,19,,,0,38,,88070,19,,,0,82,,88077,19,,,0,76,,88071,19,,,0,35,,88072,19,,,0,71,,88076,19,,,0,30,,88073,19,,,0,70,,88074,19,,,0,31,,88075,19,,,0,71,,88078,19,,,0,35,,88079,19,,,0,70,,88080,19,,,0,30,,88082,19,,,0,72,,88081,19,,,0,73,,88093,19,,,0,35,,88083,19,,,0,74,,88084,19,,,0,35,,88092,19,,,0,73,,88085,19,,,0,31,,88086,19,,,0,74,,88091,19,,,0,24,,88087,19,,,0,70,,88088,19,,,0,30,,88095,19,,,0,65,,88089,19,,,0,24,,88090,19,,,0,70,,88094,19,,,0
301,'5458',607,,88098,9,,,0,37,,88096,19,,,0,76,,88097,19,,,0,38,,88099,19,,,0,82,,88106,19,,,0,76,,88100,19,,,0,35,,88101,19,,,0,71,,88105,19,,,0,30,,88102,19,,,0,70,,88103,19,,,0,31,,88104,19,,,0,71,,88107,19,,,0,35,,88108,19,,,0,70,,88109,19,,,0,30,,88111,19,,,0,72,,88110,19,,,0,73,,88122,19,,,0,35,,88112,19,,,0,74,,88113,19,,,0,35,,88121,19,,,0,73,,88114,19,,,0,31,,88115,19,,,0,74,,88120,19,,,0,24,,88116,19,,,0,70,,88117,19,,,0,30,,88124,19,,,0,65,,88118,19,,,0,24,,88119,19,,,0,70,,88123,19,,,0
301,'5459',723,,88146,19,,,0,30,,88132,19,,,0,71,,88125,19,,,0,30,,88138,19,,,0,71,,88133,19,,,0,30,,88149,19,,,0,71,,88137,19,,,0,31,,88126,19,,,0,69,,88148,19,,,0,30,,88140,19,,,0,72,,88128,19,,,0,30,,88150,19,,,0,70,,88139,19,,,0,31,,88127,19,,,0,70,,88134,19,,,0,74,,88131,19,,,0,33,,88129,19,,,0,78,,88130,19,,,0,28,,88135,19,,,0,76,,88141,19,,,0,24,,88136,19,,,0,74,,88143,19,,,0,28,,88142,19,,,0,71,,88144,19,,,0,25,,88145,19,,,0,70,,88151,19,,,0,30,,88147,19,,,0,69,,88152,19,,,0
301,'5460',738,,88166,19,,,0,86,,88154,19,,,0,80,,88167,19,,,0,46,,88160,19,,,0,76,,88165,19,,,0,80,,88153,19,,,0,20,,88161,19,,,0,31,,88156,19,,,0,69,,88155,19,,,0,30,,88162,19,,,0,71,,88159,19,,,0,30,,88158,19,,,0,70,,88157,19,,,0,77,,88163,19,,,0,28,,88164,19,,,0,81,,88170,19,,,0,23,,88168,19,,,0,73,,88169,19,,,0,27,,88174,19,,,0,70,,88172,19,,,0,29,,88171,19,,,0,70,,88173,19,,,0,30,,88175,19,,,0,74,,88176,19,,,0
301,'5461',738,,88190,19,,,0,86,,88178,19,,,0,80,,88191,19,,,0,46,,88184,19,,,0,76,,88189,19,,,0,80,,88177,19,,,0,20,,88185,19,,,0,31,,88180,19,,,0,69,,88179,19,,,0,30,,88186,19,,,0,71,,88183,19,,,0,30,,88182,19,,,0,70,,88181,19,,,0,77,,88187,19,,,0,28,,88188,19,,,0,81,,88194,19,,,0,23,,88192,19,,,0,73,,88193,19,,,0,27,,88198,19,,,0,70,,88196,19,,,0,29,,88195,19,,,0,70,,88197,19,,,0,30,,88199,19,,,0,74,,88200,19,,,0
301,'5462',738,,88214,19,,,0,86,,88202,19,,,0,80,,88215,19,,,0,46,,88208,19,,,0,76,,88213,19,,,0,80,,88201,19,,,0,20,,88209,19,,,0,31,,88204,19,,,0,69,,88203,19,,,0,30,,88210,19,,,0,71,,88207,19,,,0,30,,88206,19,,,0,70,,88205,19,,,0,77,,88211,19,,,0,28,,88212,19,,,0,81,,88218,19,,,0,23,,88216,19,,,0,73,,88217,19,,,0,27,,88222,19,,,0,70,,88220,19,,,0,29,,88219,19,,,0,70,,88221,19,,,0,30,,88223,19,,,0,74,,88224,19,,,0
301,'5463',738,,88238,19,,,0,86,,88226,19,,,0,80,,88239,19,,,0,46,,88232,19,,,0,76,,88237,19,,,0,80,,88225,19,,,0,20,,88233,19,,,0,31,,88228,19,,,0,69,,88227,19,,,0,30,,88234,19,,,0,71,,88231,19,,,0,30,,88230,19,,,0,70,,88229,19,,,0,77,,88235,19,,,0,28,,88236,19,,,0,81,,88242,19,,,0,23,,88240,19,,,0,73,,88241,19,,,0,27,,88246,19,,,0,70,,88244,19,,,0,29,,88243,19,,,0,70,,88245,19,,,0,30,,88247,19,,,0,74,,88248,19,,,0
14000701,'4832',2040,,77705,7,,,0,70,,77707,7,,,0,40,,77706,7,,,0,62,,77708,7,,,0,100,,77709,7,,,0,103,,77710,7,,,0
14000701,'5453',2040,,81930,7,,,0,70,,81932,7,,,0,40,,81931,7,,,0,62,,81933,7,,,0,100,,81934,7,,,0,103,,81935,7,,,0
14000701,'5456',2140,,103974,7,,,0,72,,103978,7,,,0,29,,103973,7,,,0,70,,103976,7,,,0,36,,103975,7,,,0,68,,103977,7,,,0
14000701,'5458',2140,,103980,7,,,0,72,,103984,7,,,0,29,,103979,7,,,0,70,,103982,7,,,0,36,,103981,7,,,0,68,,103983,7,,,0
14000701,'5459',2141,,103985,7,,,0,72,,103986,7,,,0,30,,103988,7,,,0,69,,103987,7,,,0,36,,103989,7,,,0,67,,103990,7,,,0
14000701,'5460',2040,,103991,7,,,0,70,,103993,7,,,0,40,,103992,7,,,0,62,,103994,7,,,0,100,,103995,7,,,0,103,,103996,7,,,0
14000701,'5461',2040,,103997,7,,,0,70,,103999,7,,,0,40,,103998,7,,,0,62,,104000,7,,,0,100,,104001,7,,,0,103,,104002,7,,,0
14000701,'5462',2040,,104003,7,,,0,70,,104005,7,,,0,40,,104004,7,,,0,62,,104006,7,,,0,100,,104007,7,,,0,103,,104008,7,,,0
14000701,'5463',2040,,104009,7,,,0,70,,104011,7,,,0,40,,104010,7,,,0,62,,104012,7,,,0,100,,104013,7,,,0,103,,104014,7,,,0
