2201,'4832',742,,69166,12,,,0,80,,69167,12,,,0,29,,69159,12,,,0,67,,69160,12,,,0,30,,69169,12,,,0,69,,69168,12,,,0,29,,69158,12,,,0,69,,69162,12,,,0,30,,69163,12,,,0,70,,69161,12,,,0,28,,69165,12,,,0,69,,69164,12,,,0,30,,69171,12,,,0,70,,69172,12,,,0,31,,69170,12,,,0,70,,69174,12,,,0,35,,69173,12,,,0,70,,69176,12,,,0,30,,69175,12,,,0,70,,69177,12,,,0,33,,69178,12,,,0,70,,69179,12,,,0,91,,69180,12,0,5,0,102,,69181,12,0,5,0,111,,69182,12,0,5,0
2201,'5453',742,,79285,12,,,0,80,,83580,12,,,0,29,,79278,12,,,0,67,,79279,12,,,0,30,,79288,12,,,0,69,,83581,12,,,0,29,,79277,12,,,0,69,,79281,12,,,0,30,,79282,12,,,0,70,,83579,12,,,0,28,,79284,12,,,0,69,,79283,12,,,0,30,,79290,12,,,0,70,,79291,12,,,0,31,,79289,12,,,0,70,,79293,12,,,0,35,,79292,12,,,0,70,,79295,12,,,0,30,,79294,12,,,0,70,,79296,12,,,0,33,,79297,12,,,0,70,,79298,12,,,0,91,,83582,12,0,5,0,102,,79300,12,0,5,0,111,,79301,12,0,5,0
2201,'5456',556,,94260,20,,,0,68,,94263,20,,,0,88,,94267,12,,,0,25,,94261,26,,,0,69,,94262,26,,,0,32,,94264,26,,,0,104,,94266,26,,,0,69,,94265,26,,,0,30,,94268,26,,,0,98,,94269,26,,,0,69,,94270,12,,,0,29,,94271,12,,,0,99,,94272,12,,,0,71,,94273,12,,,0,99,,94274,12,,,0,33,,94275,12,,,0,71,,94276,12,,,0,100,,94277,12,,,0,37,,94278,12,,,0,100,,94279,12,,,0,71,,94280,12,,,0,103,,94282,12,,,0,31,,94281,12,,,0,89,,94283,12,0,5 49,0
2201,'5458',556,,94284,20,,,0,68,,94287,20,,,0,88,,94291,12,,,0,25,,94285,26,,,0,69,,94286,26,,,0,32,,94288,26,,,0,104,,94290,26,,,0,69,,94289,26,,,0,30,,94292,26,,,0,98,,94293,26,,,0,69,,94294,12,,,0,29,,94295,12,,,0,99,,94296,12,,,0,71,,94297,12,,,0,99,,94298,12,,,0,33,,94299,12,,,0,71,,94300,12,,,0,100,,94301,12,,,0,37,,94302,12,,,0,100,,94303,12,,,0,71,,94304,12,,,0,103,,94306,12,,,0,31,,94305,12,,,0,89,,94307,12,0,5 49,0
2201,'5459',714,,94318,12,,,0,38,,94329,12,,,0,68,,94314,12,,,0,29,,94308,12,,,0,70,,94317,12,,,0,30,,94330,12,,,0,67,,94313,12,,,0,29,,94312,12,,,0,71,,94315,12,,,0,28,,94310,12,,,0,68,,94334,12,,,0,30,,94311,12,,,0,67,,94316,12,,,0,30,,94309,12,,,0,70,,94322,12,,,0,32,,94333,12,,,0,69,,94324,12,,,0,32,,94320,12,,,0,71,,94323,12,,,0,34,,94325,12,,,0,71,,94321,12,,,0,31,,94319,12,,,0,70,,94327,12,,,0,33,,94326,12,,,0,68,,94332,12,,,0,28,,94328,12,,,0,73,,94335,12,,,0,31,,94331,12,,,0,88,,94336,12,0,5 49,0
2201,'5460',742,,94345,12,,,0,80,,94346,12,,,0,29,,94338,12,,,0,67,,94339,12,,,0,30,,94348,12,,,0,69,,94347,12,,,0,29,,94337,12,,,0,69,,94341,12,,,0,30,,94342,12,,,0,70,,94340,12,,,0,28,,94344,12,,,0,69,,94343,12,,,0,30,,94350,12,,,0,70,,94351,12,,,0,31,,94349,12,,,0,70,,94353,12,,,0,35,,94352,12,,,0,70,,94355,12,,,0,30,,94354,12,,,0,70,,94356,12,,,0,33,,94357,12,,,0,70,,94358,12,,,0,91,,94359,12,0,5,0,102,,94360,12,0,5,0,111,,94361,12,0,5,0
2201,'5461',742,,94370,12,,,0,80,,94371,12,,,0,29,,94363,12,,,0,67,,94364,12,,,0,30,,94373,12,,,0,69,,94372,12,,,0,29,,94362,12,,,0,69,,94366,12,,,0,30,,94367,12,,,0,70,,94365,12,,,0,28,,94369,12,,,0,69,,94368,12,,,0,30,,94375,12,,,0,70,,94376,12,,,0,31,,94374,12,,,0,70,,94378,12,,,0,35,,94377,12,,,0,70,,94380,12,,,0,30,,94379,12,,,0,70,,94381,12,,,0,33,,94382,12,,,0,70,,94383,12,,,0,91,,94384,12,0,5,0,102,,94385,12,0,5,0,111,,94386,12,0,5,0
2201,'5462',742,,94395,12,,,0,80,,94396,12,,,0,29,,94388,12,,,0,67,,94389,12,,,0,30,,94398,12,,,0,69,,94397,12,,,0,29,,94387,12,,,0,69,,94391,12,,,0,30,,94392,12,,,0,70,,94390,12,,,0,28,,94394,12,,,0,69,,94393,12,,,0,30,,94400,12,,,0,70,,94401,12,,,0,31,,94399,12,,,0,70,,94403,12,,,0,35,,94402,12,,,0,70,,94405,12,,,0,30,,94404,12,,,0,70,,94406,12,,,0,33,,94407,12,,,0,70,,94408,12,,,0,91,,94409,12,0,5,0,102,,94410,12,0,5,0,111,,94411,12,0,5,0
2201,'5463',742,,94420,12,,,0,80,,94421,12,,,0,29,,94413,12,,,0,67,,94414,12,,,0,30,,94423,12,,,0,69,,94422,12,,,0,29,,94412,12,,,0,69,,94416,12,,,0,30,,94417,12,,,0,70,,94415,12,,,0,28,,94419,12,,,0,69,,94418,12,,,0,30,,94425,12,,,0,70,,94426,12,,,0,31,,94424,12,,,0,70,,94428,12,,,0,35,,94427,12,,,0,70,,94430,12,,,0,30,,94429,12,,,0,70,,94431,12,,,0,33,,94432,12,,,0,70,,94433,12,,,0,91,,94434,12,0,5,0,102,,94435,12,0,5,0,111,,94436,12,0,5,0
14002100,'4832',2132,,77737,34,,,0,100,,77738,34,,,0,99,,77739,34,,,0
14002100,'5453',2132,,81936,34,,,0,100,,81937,34,,,0,99,,81938,34,,,0
14002100,'5456',2130,,104018,34,,,0,70,,104015,34,,,0,30,,104017,34,,,0,99,,104019,34,,,0,98,,104016,34,,,0
14002100,'5458',2130,,104023,34,,,0,70,,104020,34,,,0,30,,104022,34,,,0,99,,104024,34,,,0,98,,104021,34,,,0
14002100,'5459',2132,,104025,34,,,0,70,,104026,34,,,0,30,,104027,34,,,0,102,,104028,34,,,0,96,,104029,34,,,0
14002100,'5460',2132,,104030,34,,,0,100,,104031,34,,,0,99,,104032,34,,,0
14002100,'5461',2132,,104033,34,,,0,100,,104034,34,,,0,99,,104035,34,,,0
14002100,'5462',2132,,104036,34,,,0,100,,104037,34,,,0,99,,104038,34,,,0
14002100,'5463',2132,,104039,34,,,0,100,,104040,34,,,0,99,,104041,34,,,0
