100,'5456',718,,87465,22,,,0,83,,87464,22,,,0,724,,87468,24,,,0,87,,87467,22,,,0,99,,87466,22,,,0
100,'5458',718,,87470,22,,,0,83,,87469,22,,,0,724,,87473,24,,,0,87,,87472,22,,,0,99,,87471,22,,,0
200,'4832',717,,63405,44,,,0,121,,63404,44,,,0,163,,63403,44,,,0,101,,63384,44,,,0,41,,63402,44,,,0,81,,63390,44,,,0,80,,63388,44,,,0,40,,77852,44,,,0,82,,63385,44,,,0,80,,63396,44,,,0,40,,63391,44,,,0,80,,63386,44,,,0,79,,77853,44,,,0,39,,63387,44,,,0,73,,63397,44,,,0,39,,63393,44,,,0,94,,63398,44,,,0,80,,63394,44,,,0,80,,63400,44,,,0,39,,63401,44,,,0,80,,63399,44,,,0,79,,63406,44,,,0,39,,63407,44,,,0
200,'5453',717,,77877,44,,,0,121,,77876,44,,,0,163,,77875,44,,,0,101,,77856,44,,,0,41,,77874,44,,,0,81,,77862,44,,,0,80,,77860,44,,,0,40,,77855,44,,,0,82,,77857,44,,,0,80,,77868,44,,,0,40,,77863,44,,,0,80,,77858,44,,,0,79,,77861,44,,,0,39,,77859,44,,,0,73,,77869,44,,,0,39,,77865,44,,,0,94,,77870,44,,,0,80,,77866,44,,,0,80,,77872,44,,,0,39,,77873,44,,,0,80,,77871,44,,,0,79,,77878,44,,,0,39,,77879,44,,,0
200,'5456',611,,87484,44,,,0,41,,87485,44,,,0,61,,87486,44,,,0,33,,87487,44,,,0,73,,87488,44,,,0,31,,87489,44,,,0,71,,87490,44,,,0,29,,87491,44,,,0,86,,87493,44,,,0,78,,87494,44,,,0,42,,87495,44,,,0,81,,87496,44,,,0,80,,87497,44,,,0,41,,87498,44,,,0,80,,87499,44,,,0,79,,87500,44,,,0,35,,87518,44,,,0,76,,87514,44,,,0,77,,87516,44,,,0,47,,87508,44,,,0,72,,87506,44,,,0,78,,87513,44,,,0,49,,87505,44,,,0,78,,87512,44,,,0,82,,87504,44,,,0,40,,87511,44,,,0,78,,87503,44,,,0,78,,87510,44,,,0,39,,87502,44,,,0,78,,87509,44,,,0
200,'5458',611,,87519,44,,,0,41,,87520,44,,,0,61,,87521,44,,,0,33,,87522,44,,,0,73,,87523,44,,,0,31,,87524,44,,,0,71,,87525,44,,,0,29,,87526,44,,,0,86,,87528,44,,,0,78,,87529,44,,,0,42,,87530,44,,,0,81,,87531,44,,,0,80,,87532,44,,,0,41,,87533,44,,,0,80,,87534,44,,,0,79,,87535,44,,,0,35,,87554,44,,,0,76,,87550,44,,,0,77,,87552,44,,,0,47,,87544,44,,,0,72,,87542,44,,,0,78,,87549,44,,,0,49,,87541,44,,,0,78,,87548,44,,,0,82,,87540,44,,,0,40,,87547,44,,,0,78,,87539,44,,,0,78,,87546,44,,,0,39,,87538,44,,,0,78,,87545,44,,,0
200,'5459',621,,87574,44,,,0,113,,87577,44,,,0,121,,87575,44,,,0,81,,87563,44,,,0,88,,87576,44,,,0,80,,87561,44,,,0,40,,87555,44,,,0,81,,87562,44,,,0,80,,87556,44,,,0,41,,87569,44,,,0,81,,87557,44,,,0,81,,87560,44,,,0,40,,87559,44,,,0,79,,87558,44,,,0,79,,87572,44,,,0,39,,87573,44,,,0,74,,87571,44,,,0,40,,87565,44,,,0,74,,87566,44,,,0,94,,87568,44,,,0,80,,87567,44,,,0,45,,87583,44,,,0,80,,87580,44,,,0,80,,87579,44,,,0,37,,87581,44,,,0,79,,87578,44,,,0
200,'5460',717,,87607,44,,,0,121,,87606,44,,,0,163,,87605,44,,,0,101,,87586,44,,,0,41,,87604,44,,,0,81,,87592,44,,,0,80,,87590,44,,,0,40,,87585,44,,,0,82,,87587,44,,,0,80,,87598,44,,,0,40,,87593,44,,,0,80,,87588,44,,,0,79,,87591,44,,,0,39,,87589,44,,,0,73,,87599,44,,,0,39,,87595,44,,,0,94,,87600,44,,,0,80,,87596,44,,,0,80,,87602,44,,,0,39,,87603,44,,,0,80,,87601,44,,,0,79,,87608,44,,,0,39,,87609,44,,,0
200,'5461',717,,87632,44,,,0,121,,87631,44,,,0,163,,87630,44,,,0,101,,87611,44,,,0,41,,87629,44,,,0,81,,87617,44,,,0,80,,87615,44,,,0,40,,87610,44,,,0,82,,87612,44,,,0,80,,87623,44,,,0,40,,87618,44,,,0,80,,87613,44,,,0,79,,87616,44,,,0,39,,87614,44,,,0,73,,87624,44,,,0,39,,87620,44,,,0,94,,87625,44,,,0,80,,87621,44,,,0,80,,87627,44,,,0,39,,87628,44,,,0,80,,87626,44,,,0,79,,87633,44,,,0,39,,87634,44,,,0
200,'5462',717,,87657,44,,,0,121,,87656,44,,,0,163,,87655,44,,,0,101,,87636,44,,,0,41,,87654,44,,,0,81,,87642,44,,,0,80,,87640,44,,,0,40,,87635,44,,,0,82,,87637,44,,,0,80,,87648,44,,,0,40,,87643,44,,,0,80,,87638,44,,,0,79,,87641,44,,,0,39,,87639,44,,,0,73,,87649,44,,,0,39,,87645,44,,,0,94,,87650,44,,,0,80,,87646,44,,,0,80,,87652,44,,,0,39,,87653,44,,,0,80,,87651,44,,,0,79,,87658,44,,,0,39,,87659,44,,,0
200,'5463',717,,87682,44,,,0,121,,87681,44,,,0,163,,87680,44,,,0,101,,87661,44,,,0,41,,87679,44,,,0,81,,87667,44,,,0,80,,87665,44,,,0,40,,87660,44,,,0,82,,87662,44,,,0,80,,87673,44,,,0,40,,87668,44,,,0,80,,87663,44,,,0,79,,87666,44,,,0,39,,87664,44,,,0,73,,87674,44,,,0,39,,87670,44,,,0,94,,87675,44,,,0,80,,87671,44,,,0,80,,87677,44,,,0,39,,87678,44,,,0,80,,87676,44,,,0,79,,87683,44,,,0,39,,87684,44,,,0
