4700,'5456',633,,98600,27,,,0,21,,98598,27,,,0,63,,98599,27,,,0
4700,'5458',633,,98603,27,,,0,21,,98601,27,,,0,63,,98602,27,,,0
4701,'5456',1653,,98604,21,,,0,67,,98605,21,,,0,29,,98606,21,,,0
4701,'5458',1653,,98607,21,,,0,67,,98608,21,,,0,29,,98609,21,,,0
5700,'4832',728,,85477,16,,,0,99,,73696,16,,,0,105,,73700,16,,,0,100,,73697,16,,,0,105,,73699,16,,,0,110,,73702,16,,,0,100,,73703,16,,,0,110,,73701,16,,,0,100,,73704,16,,,0,150,,85478,16,,,0,50,,85479,16,,,0,154,,73706,16,,,0,100,,73707,16,,,0,100,,73705,16,,,0,45,,73708,16,,,0
5700,'5453',728,,80906,16,,,0,99,,80904,16,,,0,105,,80908,16,,,0,100,,80905,16,,,0,105,,80907,16,,,0,110,,85480,16,,,0,100,,80911,16,,,0,110,,80909,16,,,0,100,,80912,16,,,0,150,,85482,16,,,0,50,,85483,16,,,0,154,,80914,16,,,0,100,,85481,16,,,0,100,,80913,16,,,0,45,,80916,16,,,0
5700,'5456',553,,99500,16,,,0,88,,99502,16,,,0,85,,99514,16,,,0,88,,99505,16,,,0,44,,99501,16,,,0,87,,99503,16,,,0,84,,99504,16,,,0,85,,99506,16,,,0,45,,99507,16,,,0,86,,99509,16,,,0,85,,99508,16,,,0,89,,99510,16,,,0,100,,99519,16,,,0,32,,99520,16,,,0,83,,99511,16,,,0,87,,99512,16,,,0,87,,99513,16,,,0,48,,99515,16,,,0,99,,99516,16,,,0,156,,99517,16,,,0,110,,99518,16,,,0
5700,'5458',553,,99521,16,,,0,88,,99523,16,,,0,85,,99535,16,,,0,88,,99526,16,,,0,44,,99522,16,,,0,87,,99524,16,,,0,84,,99525,16,,,0,85,,99527,16,,,0,45,,99528,16,,,0,86,,99530,16,,,0,85,,99529,16,,,0,89,,99531,16,,,0,100,,99540,16,,,0,32,,99541,16,,,0,83,,99532,16,,,0,87,,99533,16,,,0,87,,99534,16,,,0,48,,99536,16,,,0,99,,99537,16,,,0,156,,99538,16,,,0,110,,99539,16,,,0
5700,'5459',728,,99556,16,,,0,97,,99544,16,,,0,105,,99547,16,,,0,100,,99542,16,,,0,107,,99545,16,,,0,110,,99550,16,,,0,100,,99546,16,,,0,110,,99551,16,,,0,101,,99554,16,,,0,148,,99555,16,,,0,51,,99553,16,,,0,155,,99549,16,,,0,100,,99548,16,,,0,99,,99543,16,,,0,113,,99552,16,,,0
5700,'5460',728,,99559,16,,,0,99,,99557,16,,,0,105,,99561,16,,,0,100,,99558,16,,,0,105,,99560,16,,,0,110,,99563,16,,,0,100,,99564,16,,,0,110,,99562,16,,,0,100,,99565,16,,,0,150,,99570,16,,,0,50,,99571,16,,,0,154,,99567,16,,,0,100,,99568,16,,,0,100,,99566,16,,,0,45,,99569,16,,,0
5700,'5461',728,,99574,16,,,0,99,,99572,16,,,0,105,,99576,16,,,0,100,,99573,16,,,0,105,,99575,16,,,0,110,,99578,16,,,0,100,,99579,16,,,0,110,,99577,16,,,0,100,,99580,16,,,0,150,,99585,16,,,0,50,,99586,16,,,0,154,,99582,16,,,0,100,,99583,16,,,0,100,,99581,16,,,0,45,,99584,16,,,0
5700,'5462',728,,99589,16,,,0,99,,99587,16,,,0,105,,99591,16,,,0,100,,99588,16,,,0,105,,99590,16,,,0,110,,99593,16,,,0,100,,99594,16,,,0,110,,99592,16,,,0,100,,99595,16,,,0,150,,99600,16,,,0,50,,99601,16,,,0,154,,99597,16,,,0,100,,99598,16,,,0,100,,99596,16,,,0,45,,99599,16,,,0
5700,'5463',728,,99604,16,,,0,99,,99602,16,,,0,105,,99606,16,,,0,100,,99603,16,,,0,105,,99605,16,,,0,110,,99608,16,,,0,100,,99609,16,,,0,110,,99607,16,,,0,100,,99610,16,,,0,150,,99615,16,,,0,50,,99616,16,,,0,154,,99612,16,,,0,100,,99613,16,,,0,100,,99611,16,,,0,45,,99614,16,,,0
