2700,'5456',727,,95657,25,,,0,109,,95658,25,,,0,65,,95659,25,,,0,24,,95660,25,,,0,24,,95661,25,,,0,66,,95662,25,,,0,26,,95663,25,,,0,66,,95664,25,,,0,26,,95665,25,,,0,26,,95666,25,,,0,66,,95667,25,,,0,26,,95668,25,,,0,66,,95669,25,,,0,25,,95670,25,,,0,65,,95671,25,,,0,23,,95672,25,,,0,24,,95673,25,,,0,64,,95674,25,,,0,14,,95675,25,,,0,18,,95676,25,,,0,54,,95677,25,,,0,18,,95678,25,,,0,16,,95679,25,,,0,17,,95680,25,,,0,54,,95681,25,,,0,18,,95682,25,,,0,16,,95683,25,,,0,12,,95684,25,,,0,56,,95685,25,,,0,16,,95686,25,,,0,16,,95687,25,,,0,60,,95688,25,,,0,24,,95689,25,,,0,26,,95690,25,,,0,68,,95691,25,,,0,29,,95692,25,,,0,68,,95693,25,,,0,29,,95694,25,,,0,70,,95695,25,,,0,37,,95696,25,,,0,79,,95697,25,,,0,77,,95698,25,,,0
2700,'5458',727,,95708,25,,,0,109,,95709,25,,,0,65,,95710,25,,,0,24,,95711,25,,,0,24,,95712,25,,,0,66,,95713,25,,,0,26,,95714,25,,,0,66,,95715,25,,,0,26,,95716,25,,,0,26,,95717,25,,,0,66,,95718,25,,,0,26,,95719,25,,,0,66,,95720,25,,,0,25,,95721,25,,,0,65,,95722,25,,,0,23,,95723,25,,,0,24,,95724,25,,,0,64,,95725,25,,,0,14,,95726,25,,,0,18,,95727,25,,,0,54,,95728,25,,,0,18,,95729,25,,,0,16,,95730,25,,,0,17,,95731,25,,,0,54,,95732,25,,,0,18,,95733,25,,,0,16,,95734,25,,,0,12,,95735,25,,,0,56,,95736,25,,,0,16,,95737,25,,,0,16,,95738,25,,,0,60,,95739,25,,,0,24,,95740,25,,,0,26,,95741,25,,,0,68,,95742,25,,,0,29,,95743,25,,,0,68,,95744,25,,,0,29,,95745,25,,,0,70,,95746,25,,,0,37,,95747,25,,,0,79,,95748,25,,,0,77,,95749,25,,,0,42,,95750,25,,,0,80,,95751,25,,,0,79,,95752,25,,,0,39,,95753,25,,,0
2700,'5459',648,,95764,25,,,0,70,,95765,25,,,0,29,,95766,25,,,0,69,,95767,25,,,0,26,,95768,25,,,0,66,,95769,25,,,0,27,,95770,25,,,0,66,,95771,25,,,0,25,,95772,25,,,0,22,,95773,25,,,0,61,,95774,25,,,0,22,,95775,25,,,0,21,,95776,25,,,0,62,,95777,25,,,0,23,,95778,25,,,0,22,,95779,25,,,0,62,,95780,25,,,0,23,,95781,25,,,0,63,,95782,25,,,0,21,,95783,25,,,0,21,,95784,25,,,0,62,,95785,25,,,0,22,,95786,25,,,0,21,,95787,25,,,0,61,,95788,25,,,0,20,,95789,25,,,0,21,,95790,25,,,0,61,,95791,25,,,0,20,,95792,25,,,0,18,,95793,25,,,0,61,,95794,25,,,0,20,,95795,25,,,0,21,,95796,25,,,0,66,,95797,25,,,0,26,,95798,25,,,0,68,,95799,25,,,0,30,,95800,25,,,0,69,,95801,25,,,0,29,,95802,25,,,0,71,,95803,25,,,0,33,,95804,25,,,0,71,,95805,25,,,0,31,,95806,25,,,0,71,,95807,25,,,0,30,,95808,25,,,0,69,,95809,25,,,0,30,,95810,25,,,0,70,,95811,25,,,0,28,,95812,25,,,0
2700,'5460',719,,95815,25,,,0,30,,95816,25,,,0,69,,95817,25,,,0,30,,95818,25,,,0,71,,95813,25,,,0,29,,95819,25,,,0,65,,95820,25,,,0,27,,95821,25,,,0,67,,95822,25,,,0,25,,95823,25,,,0,24,,95824,25,,,0,64,,95825,25,,,0,23,,95826,25,,,0,62,,95827,25,,,0,23,,95828,25,,,0,24,,95829,25,,,0,63,,95830,25,,,0,23,,95831,25,,,0,63,,95832,25,,,0,23,,95833,25,,,0,22,,95834,25,,,0,64,,95835,25,,,0,22,,95836,25,,,0,23,,95837,25,,,0,63,,95838,25,,,0,23,,95839,25,,,0,64,,95840,25,,,0,24,,95841,25,,,0,26,,95842,25,,,0,65,,95843,25,,,0,29,,95844,25,,,0,68,,95845,25,,,0,30,,95846,25,,,0,70,,95847,25,,,0,35,,95848,25,,,0,83,,95849,25,,,0,80,,95850,25,,,0,102,,95851,25,,,0
2700,'5461',719,,95854,25,,,0,30,,95855,25,,,0,69,,95856,25,,,0,30,,95857,25,,,0,71,,95852,25,,,0,29,,95858,25,,,0,65,,95859,25,,,0,27,,95860,25,,,0,67,,95861,25,,,0,25,,95862,25,,,0,24,,95863,25,,,0,64,,95864,25,,,0,23,,95865,25,,,0,62,,95866,25,,,0,23,,95867,25,,,0,24,,95868,25,,,0,63,,95869,25,,,0,23,,95870,25,,,0,63,,95871,25,,,0,23,,95872,25,,,0,22,,95873,25,,,0,64,,95874,25,,,0,22,,95875,25,,,0,23,,95876,25,,,0,63,,95877,25,,,0,23,,95878,25,,,0,64,,95879,25,,,0,24,,95880,25,,,0,26,,95881,25,,,0,65,,95882,25,,,0,29,,95883,25,,,0,68,,95884,25,,,0,30,,95885,25,,,0,70,,95886,25,,,0,35,,95887,25,,,0,83,,95888,25,,,0,80,,95889,25,,,0,102,,95890,25,,,0
2700,'5462',719,,95893,25,,,0,30,,95894,25,,,0,69,,95895,25,,,0,30,,95896,25,,,0,71,,95891,25,,,0,29,,95897,25,,,0,65,,95898,25,,,0,27,,95899,25,,,0,67,,95900,25,,,0,25,,95901,25,,,0,24,,95902,25,,,0,64,,95903,25,,,0,23,,95904,25,,,0,62,,95905,25,,,0,23,,95906,25,,,0,24,,95907,25,,,0,63,,95908,25,,,0,23,,95909,25,,,0,63,,95910,25,,,0,23,,95911,25,,,0,22,,95912,25,,,0,64,,95913,25,,,0,22,,95914,25,,,0,23,,95915,25,,,0,63,,95916,25,,,0,23,,95917,25,,,0,64,,95918,25,,,0,24,,95919,25,,,0,26,,95920,25,,,0,65,,95921,25,,,0,29,,95922,25,,,0,68,,95923,25,,,0,30,,95924,25,,,0,70,,95925,25,,,0,35,,95926,25,,,0,83,,95927,25,,,0,80,,95928,25,,,0,102,,95929,25,,,0
2700,'5463',719,,95932,25,,,0,30,,95933,25,,,0,69,,95934,25,,,0,30,,95935,25,,,0,71,,95930,25,,,0,29,,95936,25,,,0,65,,95937,25,,,0,27,,95938,25,,,0,67,,95939,25,,,0,25,,95940,25,,,0,24,,95941,25,,,0,64,,95942,25,,,0,23,,95943,25,,,0,62,,95944,25,,,0,23,,95945,25,,,0,24,,95946,25,,,0,63,,95947,25,,,0,23,,95948,25,,,0,63,,95949,25,,,0,23,,95950,25,,,0,22,,95951,25,,,0,64,,95952,25,,,0,22,,95953,25,,,0,23,,95954,25,,,0,63,,95955,25,,,0,23,,95956,25,,,0,64,,95957,25,,,0,24,,95958,25,,,0,26,,95959,25,,,0,65,,95960,25,,,0,29,,95961,25,,,0,68,,95962,25,,,0,30,,95963,25,,,0,70,,95964,25,,,0,35,,95965,25,,,0,83,,95966,25,,,0,80,,95967,25,,,0,102,,95968,25,,,0
2800,'5456',559,,96293,25,,,0,64,,96294,25,,,0,22,,96295,25,,,0,13,,96296,25,,,0,51,,96297,25,,,0,11,,96298,25,,,0,21,,96299,25,,,0,12,,96300,25,,,0,54,,96301,25,,,0,16,,96302,25,,,0,27,,96303,25,,,0,65,,96304,25,,,0,23,,96305,25,,,0,64,,96306,25,,,0,26,,96307,25,,,0,27,,96308,25,,,0,66,,96309,25,,,0,26,,96310,25,,,0,65,,96311,25,,,0,26,,96312,25,,,0,66,,96313,25,,,0,26,,96314,25,,,0,25,,96315,25,,,0,64,,96316,25,,,0,24,,96317,25,,,0,63,,96318,25,,,0,34,,96319,25,,,0,72,,96320,25,,,0,20,,96340,25,,,0,15,,96321,25,,,0,71,,96322,25,,,0,32,,96323,25,,,0,70,,96324,25,,,0,14,,96325,25,,,0,18,,96326,25,,,0,61,,96327,25,,,0,26,,96328,25,,,0,69,,96329,25,,,0,27,,96330,25,,,0,67,,96331,25,,,0,29,,96332,25,,,0,70,,96333,25,,,0,32,,96334,25,,,0,80,,96335,25,,,0,38,,96336,25,,,0,80,,96337,25,,,0
2800,'5458',559,,96341,25,,,0,64,,96342,25,,,0,22,,96343,25,,,0,13,,96344,25,,,0,51,,96345,25,,,0,11,,96346,25,,,0,21,,96347,25,,,0,12,,96348,25,,,0,54,,96349,25,,,0,16,,96350,25,,,0,27,,96351,25,,,0,65,,96352,25,,,0,23,,96353,25,,,0,64,,96354,25,,,0,26,,96355,25,,,0,27,,96356,25,,,0,66,,96357,25,,,0,26,,96358,25,,,0,65,,96359,25,,,0,26,,96360,25,,,0,66,,96361,25,,,0,26,,96362,25,,,0,25,,96363,25,,,0,64,,96364,25,,,0,24,,96365,25,,,0,63,,96366,25,,,0,34,,96367,25,,,0,72,,96368,25,,,0,20,,96391,25,,,0,15,,96369,25,,,0,71,,96370,25,,,0,32,,96371,25,,,0,70,,96372,25,,,0,14,,96373,25,,,0,18,,96374,25,,,0,61,,96375,25,,,0,26,,96376,25,,,0,69,,96377,25,,,0,27,,96378,25,,,0,67,,96379,25,,,0,29,,96380,25,,,0,70,,96381,25,,,0,32,,96382,25,,,0,80,,96383,25,,,0,38,,96384,25,,,0,80,,96385,25,,,0,80,,96386,25,,,0,39,,96387,25,,,0,81,,96388,25,,,0
2800,'5459',802,,96396,25,,,0,28,,96397,25,,,0,26,,96398,25,,,0,66,,96392,25,,,0,26,,96399,25,,,0,66,,96400,25,,,0,23,,96401,25,,,0,22,,96402,25,,,0,62,,96403,25,,,0,21,,96404,25,,,0,61,,96405,25,,,0,22,,96406,25,,,0,24,,96407,25,,,0,61,,96408,25,,,0,24,,96409,25,,,0,20,,96410,25,,,0,64,,96411,25,,,0,21,,96412,25,,,0,61,,96413,25,,,0,23,,96414,25,,,0,21,,96415,25,,,0,61,,96416,25,,,0,20,,96417,25,,,0,20,,96418,25,,,0,62,,96419,25,,,0,20,,96420,25,,,0,20,,96421,25,,,0,58,,96422,25,,,0,21,,96423,25,,,0,20,,96424,25,,,0,63,,96425,25,,,0,26,,96426,25,,,0,67,,96427,25,,,0,29,,96428,25,,,0,70,,96429,25,,,0,29,,96430,25,,,0,71,,96431,25,,,0,30,,96432,25,,,0,73,,96433,25,,,0,31,,96434,25,,,0,71,,96435,25,,,0,31,,96436,25,,,0,69,,96437,25,,,0,30,,96438,25,,,0,70,,96439,25,,,0,30,,96440,25,,,0
2800,'5460',833,,96445,25,,,0,71,,96446,25,,,0,30,,96447,25,,,0,67,,96448,25,,,0,26,,96449,25,,,0,26,,96450,25,,,0,67,,96451,25,,,0,25,,96452,25,,,0,64,,96453,25,,,0,24,,96454,25,,,0,22,,96455,25,,,0,62,,96456,25,,,0,24,,96457,25,,,0,64,,96458,25,,,0,23,,96459,25,,,0,22,,96460,25,,,0,63,,96461,25,,,0,23,,96462,25,,,0,23,,96463,25,,,0,62,,96464,25,,,0,23,,96465,25,,,0,62,,96466,25,,,0,24,,96467,25,,,0,23,,96468,25,,,0,64,,96469,25,,,0,24,,96470,25,,,0,67,,96471,25,,,0,26,,96472,25,,,0,69,,96473,25,,,0,29,,96474,25,,,0,70,,96475,25,,,0,30,,96476,25,,,0,80,,96477,25,,,0,43,,96478,25,,,0,87,,96479,25,,,0,86,,96480,25,0,31 49,0
2800,'5461',833,,96485,25,,,0,71,,96486,25,,,0,30,,96487,25,,,0,67,,96488,25,,,0,26,,96489,25,,,0,26,,96490,25,,,0,67,,96491,25,,,0,25,,96492,25,,,0,64,,96493,25,,,0,24,,96494,25,,,0,22,,96495,25,,,0,62,,96496,25,,,0,24,,96497,25,,,0,64,,96498,25,,,0,23,,96499,25,,,0,22,,96500,25,,,0,63,,96501,25,,,0,23,,96502,25,,,0,23,,96503,25,,,0,62,,96504,25,,,0,23,,96505,25,,,0,62,,96506,25,,,0,24,,96507,25,,,0,23,,96508,25,,,0,64,,96509,25,,,0,24,,96510,25,,,0,67,,96511,25,,,0,26,,96512,25,,,0,69,,96513,25,,,0,29,,96514,25,,,0,70,,96515,25,,,0,30,,96516,25,,,0,80,,96517,25,,,0,43,,96518,25,,,0,87,,96519,25,,,0,86,,96520,25,0,31 49,0
2800,'5462',833,,96525,25,,,0,71,,96526,25,,,0,30,,96527,25,,,0,67,,96528,25,,,0,26,,96529,25,,,0,26,,96530,25,,,0,67,,96531,25,,,0,25,,96532,25,,,0,64,,96533,25,,,0,24,,96534,25,,,0,22,,96535,25,,,0,62,,96536,25,,,0,24,,96537,25,,,0,64,,96538,25,,,0,23,,96539,25,,,0,22,,96540,25,,,0,63,,96541,25,,,0,23,,96542,25,,,0,23,,96543,25,,,0,62,,96544,25,,,0,23,,96545,25,,,0,62,,96546,25,,,0,24,,96547,25,,,0,23,,96548,25,,,0,64,,96549,25,,,0,24,,96550,25,,,0,67,,96551,25,,,0,26,,96552,25,,,0,69,,96553,25,,,0,29,,96554,25,,,0,70,,96555,25,,,0,30,,96556,25,,,0,80,,96557,25,,,0,43,,96558,25,,,0,87,,96559,25,,,0,86,,96560,25,0,31 49,0
2800,'5463',833,,96565,25,,,0,71,,96566,25,,,0,30,,96567,25,,,0,67,,96568,25,,,0,26,,96569,25,,,0,26,,96570,25,,,0,67,,96571,25,,,0,25,,96572,25,,,0,64,,96573,25,,,0,24,,96574,25,,,0,22,,96575,25,,,0,62,,96576,25,,,0,24,,96577,25,,,0,64,,96578,25,,,0,23,,96579,25,,,0,22,,96580,25,,,0,63,,96581,25,,,0,23,,96582,25,,,0,23,,96583,25,,,0,62,,96584,25,,,0,23,,96585,25,,,0,62,,96586,25,,,0,24,,96587,25,,,0,23,,96588,25,,,0,64,,96589,25,,,0,24,,96590,25,,,0,67,,96591,25,,,0,26,,96592,25,,,0,69,,96593,25,,,0,29,,96594,25,,,0,70,,96595,25,,,0,30,,96596,25,,,0,80,,96597,25,,,0,43,,96598,25,,,0,87,,96599,25,,,0,86,,96600,25,0,31 49,0
24002800,'5456',1522,,104058,10,,,0,32,,104059,10,,,0,72,,104060,10,,,0,33,,104061,10,,,0,74,,104062,10,,,0,69,,104063,10,,,0
24002800,'5458',1522,,104064,10,,,0,32,,104065,10,,,0,72,,104066,10,,,0,33,,104067,10,,,0,74,,104068,10,,,0,69,,104069,10,,,0
