7000,'5456',532,,100815,22,,,0,94,,100816,22,,,0,94,,100824,22,,,0,104,,100817,22,,,0,100,,100826,22,,,0,100,,100820,22,,,0,99,,100818,22,,,0,100,,100819,22,,,0,100,,100823,22,,,0,100,,100821,22,,,0,100,,100822,22,,,0,99,,100825,22,,,0,101,,100827,22,,,0,104,,100828,22,,,0,197,,100829,22,,,0,208,,100830,22,,,0
7000,'5458',532,,100831,22,,,0,94,,100832,22,,,0,94,,100840,22,,,0,104,,100833,22,,,0,100,,100842,22,,,0,100,,100836,22,,,0,99,,100834,22,,,0,100,,100835,22,,,0,100,,100839,22,,,0,82,,100847,22,,,0,18,,100837,22,,,0,100,,100838,22,,,0,81,,100848,22,,,0,18,,100841,22,,,0,101,,100843,22,,,0,86,,100849,22,,,0,18,,100844,22,,,0,197,,100845,22,,,0,208,,100846,22,,,0
7000,'5459',531,,100870,22,,,0,95,,100869,22,,,0,100,,100871,22,,,0,85,,100851,22,,,0,14,,100852,22,,,0,99,,100853,22,,,0,87,,100854,22,,,0,13,,100850,22,,,0,100,,100855,22,,,0,84,,100856,22,,,0,16,,100857,22,,,0,100,,100858,22,,,0,84,,100859,22,,,0,15,,100860,22,,,0,101,,100861,22,,,0,84,,100862,22,,,0,15,,100863,22,,,0,101,,100864,22,,,0,84,,100865,22,,,0,16,,100866,22,,,0,201,,100867,22,,,0,211,,100868,22,,,0
7000,'5460',627,,100878,22,,,0,199,,100872,22,,,0,184,,100873,22,,,0,14,,100874,22,,,0,100,,100875,22,,,0,84,,100876,22,,,0,16,,100877,22,,,0,100,,100879,22,,,0,84,,100880,22,,,0,16,,100881,22,,,0,100,,100882,22,,,0,84,,100883,22,,,0,16,,100884,22,,,0,100,,100885,22,,,0,85,,100886,22,,,0,15,,100887,22,,,0,101,,100888,22,,,0,101,,100889,22,,,0,210,,100890,22,,,0
7000,'5461',627,,100897,22,,,0,100,,100910,22,,,0,99,,100891,22,,,0,100,,100912,22,,,0,84,,100892,22,,,0,14,,100893,22,,,0,85,,100911,22,,,0,15,,100894,22,,,0,84,,100895,22,,,0,16,,100896,22,,,0,86,,100913,22,,,0,14,,100898,22,,,0,84,,100899,22,,,0,16,,100900,22,,,0,86,,100914,22,,,0,14,,100901,22,,,0,84,,100902,22,,,0,16,,100903,22,,,0,86,,100915,22,,,0,14,,100904,22,,,0,85,,100905,22,,,0,15,,100906,22,,,0,101,,100907,22,,,0,101,,100908,22,,,0,210,,100909,22,,,0
7000,'5462',627,,100922,22,,,0,100,,100935,22,,,0,99,,100916,22,,,0,100,,100937,22,,,0,84,,100917,22,,,0,14,,100918,22,,,0,85,,100936,22,,,0,15,,100919,22,,,0,84,,100920,22,,,0,16,,100921,22,,,0,86,,100938,22,,,0,14,,100923,22,,,0,84,,100924,22,,,0,16,,100925,22,,,0,86,,100939,22,,,0,14,,100926,22,,,0,84,,100927,22,,,0,16,,100928,22,,,0,86,,100940,22,,,0,14,,100929,22,,,0,85,,100930,22,,,0,15,,100931,22,,,0,101,,100932,22,,,0,101,,100933,22,,,0,210,,100934,22,,,0
7000,'5463',627,,100947,22,,,0,100,,100960,22,,,0,99,,100941,22,,,0,184,,100942,22,,,0,14,,100943,22,,,0,85,,100961,22,,,0,15,,100944,22,,,0,84,,100945,22,,,0,16,,100946,22,,,0,100,,100948,22,,,0,84,,100949,22,,,0,16,,100950,22,,,0,100,,100951,22,,,0,84,,100952,22,,,0,16,,100953,22,,,0,100,,100954,22,,,0,85,,100955,22,,,0,15,,100956,22,,,0,101,,100957,22,,,0,101,,100958,22,,,0,210,,100959,22,,,0
7100,'5456',1604,,101068,28,,,0,104,,101069,28,,,0,103,,101067,28,,,0
7100,'5458',1604,,101071,28,,,0,104,,101072,28,,,0,103,,101070,28,,,0
7200,'5456',647,,101083,47,,,0,79,,101089,47,,,0,29,,101079,47,,,0,70,,101080,47,,,0,30,,101087,47,,,0,71,,101081,47,,,0,29,,101082,47,,,0,70,,101091,47,,,0,31,,101084,47,,,0,69,,101085,47,,,0,32,,101086,47,,,0,68,,101095,47,,,0,30,,101099,47,,,0,69,,101088,47,,,0,30,,101101,47,,,0,70,,101106,47,,,0,30,,101090,47,,,0,70,,101093,47,,,0,30,,101096,47,,,0,70,,101109,47,,,0,29,,101092,47,,,0,71,,101102,47,,,0,30,,101104,47,,,0,73,,101094,47,,,0,28,,101097,47,,,0,71,,101107,47,,,0,29,,101110,47,,,0,70,,101098,47,,,0,32,,101105,47,,,0,70,,101100,47,,,0,100,,101108,47,,,0,99,,101103,47,,,0,116,,101111,47,0,10 11 12,0
7200,'5458',647,,101116,47,,,0,79,,101122,47,,,0,29,,101112,47,,,0,70,,101113,47,,,0,30,,101120,47,,,0,71,,101114,47,,,0,29,,101115,47,,,0,70,,101124,47,,,0,31,,101117,47,,,0,69,,101118,47,,,0,32,,101119,47,,,0,68,,101128,47,,,0,30,,101132,47,,,0,69,,101121,47,,,0,30,,101134,47,,,0,70,,101139,47,,,0,30,,101123,47,,,0,70,,101126,47,,,0,30,,101129,47,,,0,70,,101142,47,,,0,29,,101125,47,,,0,71,,101135,47,,,0,30,,101137,47,,,0,73,,101127,47,,,0,28,,101130,47,,,0,71,,101140,47,,,0,29,,101143,47,,,0,70,,101131,47,,,0,32,,101138,47,,,0,70,,101133,47,,,0,100,,101141,47,,,0,99,,101136,47,,,0,116,,101144,47,0,10 11 12,0
7200,'5459',759,,101145,47,,,0,69,,101146,47,,,0,29,,101147,47,,,0,70,,101148,47,,,0,30,,101149,47,,,0,70,,101150,47,,,0,30,,101151,47,,,0,69,,101152,47,,,0,30,,101153,47,,,0,70,,101154,47,,,0,30,,101155,47,,,0,70,,101156,47,,,0,29,,101157,47,,,0,70,,101158,47,,,0,30,,101159,47,,,0,70,,101160,47,,,0,30,,101161,47,,,0,70,,101162,47,,,0,30,,101163,47,,,0,70,,101164,47,,,0,30,,101165,47,,,0,70,,101166,47,,,0,30,,101167,47,,,0,70,,101168,47,,,0,31,,101169,47,,,0,70,,101170,47,,,0,30,,101171,47,,,0,70,,101172,47,,,0,100,,101173,47,,,0,100,,101174,47,,,0,118,,101175,47,0,10 11 12,0
7200,'5460',827,,101176,47,,,0,100,,101179,47,,,0,100,,101177,47,,,0,99,,101178,47,,,0,30,,101180,47,,,0,70,,101181,47,,,0,30,,101182,47,,,0,69,,101183,47,,,0,30,,101184,47,,,0,70,,101185,47,,,0,30,,101186,47,,,0,70,,101187,47,,,0,30,,101188,47,,,0,70,,101189,47,,,0,30,,101190,47,,,0,70,,101191,47,,,0,30,,101192,47,,,0,70,,101193,47,,,0,31,,101194,47,,,0,70,,101195,47,,,0,30,,101196,47,,,0,71,,101197,47,,,0,99,,101198,47,,,0,100,,101199,47,,,0,102,,101200,47,,,0,75,,101201,47,0,10 11 12,0
7200,'5461',827,,101202,47,,,0,100,,101205,47,,,0,100,,101203,47,,,0,99,,101204,47,,,0,30,,101206,47,,,0,70,,101207,47,,,0,30,,101208,47,,,0,69,,101209,47,,,0,30,,101210,47,,,0,70,,101211,47,,,0,30,,101212,47,,,0,70,,101213,47,,,0,30,,101214,47,,,0,70,,101215,47,,,0,30,,101216,47,,,0,70,,101217,47,,,0,30,,101218,47,,,0,70,,101219,47,,,0,31,,101220,47,,,0,70,,101221,47,,,0,30,,101222,47,,,0,71,,101223,47,,,0,99,,101224,47,,,0,100,,101225,47,,,0,102,,101226,47,,,0,75,,101227,47,0,10 11 12,0
7200,'5462',827,,101228,47,,,0,100,,101231,47,,,0,100,,101229,47,,,0,99,,101230,47,,,0,30,,101232,47,,,0,70,,101233,47,,,0,30,,101234,47,,,0,69,,101235,47,,,0,30,,101236,47,,,0,70,,101237,47,,,0,30,,101238,47,,,0,70,,101239,47,,,0,30,,101240,47,,,0,70,,101241,47,,,0,30,,101242,47,,,0,70,,101243,47,,,0,30,,101244,47,,,0,70,,101245,47,,,0,31,,101246,47,,,0,70,,101247,47,,,0,30,,101248,47,,,0,71,,101249,47,,,0,99,,101250,47,,,0,100,,101251,47,,,0,102,,101252,47,,,0,75,,101253,47,0,10 11 12,0
7200,'5463',827,,101254,47,,,0,100,,101257,47,,,0,100,,101255,47,,,0,99,,101256,47,,,0,30,,101258,47,,,0,70,,101259,47,,,0,30,,101260,47,,,0,69,,101261,47,,,0,30,,101262,47,,,0,70,,101263,47,,,0,30,,101264,47,,,0,70,,101265,47,,,0,30,,101266,47,,,0,70,,101267,47,,,0,30,,101268,47,,,0,70,,101269,47,,,0,30,,101270,47,,,0,70,,101271,47,,,0,31,,101272,47,,,0,70,,101273,47,,,0,30,,101274,47,,,0,71,,101275,47,,,0,99,,101276,47,,,0,100,,101277,47,,,0,102,,101278,47,,,0,75,,101279,47,0,10 11 12,0
8100,'5456',617,,101855,23,,,0,189,,101856,23,,,0,123,,101857,23,,,0,97,,101858,23,,,0,100,,101859,23,,,0,100,,101861,23,,,0,100,,101860,23,,,0,100,,101862,23,,,0,100,,101863,23,,,0,100,,101865,23,,,0,100,,101866,23,,,0,87,,101867,23,,,0,115,,101868,23,,,0,99,,101869,23,,,0,107,,101870,23,0,44 49,0
8100,'5458',617,,101871,23,,,0,189,,101872,23,,,0,123,,101873,23,,,0,97,,101874,23,,,0,100,,101875,23,,,0,100,,101877,23,,,0,100,,101876,23,,,0,100,,101878,23,,,0,100,,101879,23,,,0,100,,101881,23,,,0,100,,101882,23,,,0,87,,101883,23,,,0,115,,101884,23,,,0,99,,101885,23,,,0,107,,101886,23,0,44 49,0
8100,'5459',828,,101887,23,,,0,100,,101888,23,,,0,100,,101889,23,,,0,99,,101890,23,,,0,100,,101891,23,,,0,100,,101892,23,,,0,101,,101893,23,,,0,100,,101894,23,,,0,100,,101895,23,,,0,100,,101896,23,,,0,100,,101897,23,,,0,101,,101898,23,,,0,100,,101899,23,,,0,101,,101900,23,0,44 49,0
8100,'5460',827,,101902,23,,,0,101,,101901,23,,,0,99,,101903,23,,,0,100,,101904,23,,,0,100,,101905,23,,,0,100,,101906,23,,,0,100,,101907,23,,,0,100,,101908,23,,,0,100,,101909,23,,,0,100,,101910,23,,,0,100,,101911,23,,,0,101,,101912,23,,,0,102,,101913,23,,,0,104,,101914,23,0,44 49,0
8100,'5461',827,,101916,23,,,0,101,,101915,23,,,0,99,,101917,23,,,0,100,,101918,23,,,0,100,,101919,23,,,0,100,,101920,23,,,0,100,,101921,23,,,0,100,,101922,23,,,0,100,,101923,23,,,0,100,,101924,23,,,0,100,,101925,23,,,0,101,,101926,23,,,0,102,,101927,23,,,0,104,,101928,23,0,44 49,0
8100,'5462',827,,101930,23,,,0,101,,101929,23,,,0,99,,101931,23,,,0,100,,101932,23,,,0,100,,101933,23,,,0,100,,101934,23,,,0,100,,101935,23,,,0,100,,101936,23,,,0,100,,101937,23,,,0,100,,101938,23,,,0,100,,101939,23,,,0,101,,101940,23,,,0,102,,101941,23,,,0,104,,101942,23,0,44 49,0
8100,'5463',827,,101944,23,,,0,101,,101943,23,,,0,99,,101945,23,,,0,100,,101946,23,,,0,100,,101947,23,,,0,100,,101948,23,,,0,100,,101949,23,,,0,100,,101950,23,,,0,100,,101951,23,,,0,100,,101952,23,,,0,100,,101953,23,,,0,101,,101954,23,,,0,102,,101955,23,,,0,104,,101956,23,0,44 49,0
8500,'5456',712,,102124,44,,,0,98,,102125,44,,,0,200,,102126,44,,,0,200,,102127,44,,,0,200,,102128,44,,,0,200,,102129,44,,,0,199,,102130,44,,,0,199,,102131,44,,,0
8500,'5458',712,,102132,44,,,0,98,,102133,44,,,0,200,,102134,44,,,0,200,,102135,44,,,0,200,,102136,44,,,0,200,,102137,44,,,0,199,,102138,44,,,0,199,,102139,44,,,0
8500,'5459',917,,102141,44,,,0,300,,102142,44,,,0,306,,102143,44,,,0,299,,102140,44,,,0
8500,'5460',917,,102146,44,,,0,300,,102147,44,,,0,306,,102144,44,,,0,299,,102145,44,,,0
8500,'5461',917,,102150,44,,,0,300,,102151,44,,,0,306,,102148,44,,,0,299,,102149,44,,,0
8500,'5462',917,,102154,44,,,0,300,,102155,44,,,0,306,,102152,44,,,0,299,,102153,44,,,0
8500,'5463',917,,102158,44,,,0,300,,102159,44,,,0,306,,102156,44,,,0,299,,102157,44,,,0
8700,'5456',749,,102160,40,,,0,201,,102161,40,,,0,201,,102162,40,,,0,205,,102164,33,,,0,195,,102165,40,,,0,201,,102166,40,,,0
8700,'5458',749,,102167,40,,,0,201,,102168,40,,,0,201,,102169,40,,,0,205,,102171,33,,,0,195,,102172,40,,,0,201,,102173,40,,,0
8800,'5456',850,,102186,14,,,0,200,,102187,14,,,0,201,,102188,14,,,0,200,,102189,14,,,0,200,,102190,14,,,0,206,,102191,14,,,0
8800,'5458',850,,102192,14,,,0,200,,102193,14,,,0,201,,102194,14,,,0,200,,102195,14,,,0,200,,102196,14,,,0,206,,102197,14,,,0
8800,'5459',825,,102206,14,,,0,98,,102207,14,,,0,100,,102208,14,,,0,100,,102209,14,,,0,100,,102210,14,,,0,99,,102211,14,,,0,100,,102202,14,,,0,100,,102203,14,,,0,100,,102204,14,,,0,100,,102205,14,,,0,98,,102199,14,,,0,100,,102200,14,,,0,101,,102201,14,,,0,100,,102198,14,,,0
8800,'5460',825,,102217,14,,,0,94,,102218,14,,,0,100,,102219,14,,,0,101,,102220,14,,,0,101,,102221,14,,,0,100,,102222,14,,,0,99,,102213,14,,,0,99,,102214,14,,,0,100,,102215,14,,,0,101,,102216,14,,,0,102,,102224,14,,,0,99,,102225,14,,,0,99,,102212,14,,,0,98,,102223,14,,,0
8800,'5461',825,,102231,14,,,0,94,,102232,14,,,0,100,,102233,14,,,0,101,,102234,14,,,0,101,,102235,14,,,0,100,,102236,14,,,0,99,,102227,14,,,0,99,,102228,14,,,0,100,,102229,14,,,0,101,,102230,14,,,0,102,,102238,14,,,0,99,,102239,14,,,0,99,,102226,14,,,0,98,,102237,14,,,0
8800,'5462',825,,102245,14,,,0,94,,102246,14,,,0,100,,102247,14,,,0,101,,102248,14,,,0,101,,102249,14,,,0,100,,102250,14,,,0,99,,102241,14,,,0,99,,102242,14,,,0,100,,102243,14,,,0,101,,102244,14,,,0,102,,102252,14,,,0,99,,102253,14,,,0,99,,102240,14,,,0,98,,102251,14,,,0
8800,'5463',825,,102259,14,,,0,94,,102260,14,,,0,100,,102261,14,,,0,101,,102262,14,,,0,101,,102263,14,,,0,100,,102264,14,,,0,99,,102255,14,,,0,99,,102256,14,,,0,100,,102257,14,,,0,101,,102258,14,,,0,102,,102266,14,,,0,99,,102267,14,,,0,99,,102254,14,,,0,98,,102265,14,,,0
1007200,'5456',618,,103768,50,,,0
1007200,'5458',618,,103769,50,,,0
1007200,'5459',628,,103770,50,,,0,99,,103771,50,,,0
1007200,'5460',727,,103772,50,,,0
1007200,'5461',727,,103773,50,,,0
1007200,'5462',727,,103774,50,,,0
1007200,'5463',727,,103775,50,,,0
