600,'4832',651,,78233,29,,,0,69,,82206,29,,,0,96,,82188,29,,,0,25,,82204,29,,,0,81,,82190,29,,,0,21,,82182,29,,,0,78,,78229,29,,,0,15,,82211,29,,,0,16,,82189,29,,,0,73,,82208,29,,,0,15,,82199,29,,,0,15,,78211,29,,,0,71,,82183,29,,,0,12,,82185,29,,,0,12,,82209,29,,,0,52,,82201,29,,,0,24,,82184,29,,,0,12,,78223,29,,,0,12,,82186,29,,,0,52,,65128,29,,,0,24,,82200,29,,,0,12,,82187,29,,,0,12,,78217,29,,,0,52,,82193,29,,,0,24,,82196,29,,,0,12,,78250,29,,,0,12,,82202,29,,,0,52,,65139,29,,,0,25,,82195,29,,,0,12,,82194,29,,,0,11,,82192,29,,,0,52,,78248,29,,,0,25,,82191,29,,,0,12,,78231,29,,,0,11,,82198,29,,,0,52,,82212,29,,,0,24,,78239,29,,,0,15,,82197,29,,,0,15,,78232,29,,,0,72,,78235,29,,,0,16,,78241,29,,,0,58,,82203,29,,,0,34,,78237,29,,,0,17,,78240,29,,,0,74,,82207,29,,,0,17,,78247,29,,,0,58,,78238,29,,,0,48,,82205,29,,,0,95,,82210,29,,,0,79,,78251,29,,,0
600,'5453',651,,82235,29,,,0,69,,82247,29,,,0,96,,82221,29,,,0,25,,82245,29,,,0,81,,82223,29,,,0,21,,82214,29,,,0,78,,82230,29,,,0,15,,82253,29,,,0,16,,82222,29,,,0,73,,78381,29,,,0,15,,82234,29,,,0,15,,82213,29,,,0,71,,78342,29,,,0,12,,82216,29,,,0,12,,78384,29,,,0,52,,82237,29,,,0,24,,82215,29,,,0,12,,82226,29,,,0,12,,82217,29,,,0,52,,82220,29,,,0,24,,82236,29,,,0,12,,82218,29,,,0,12,,82219,29,,,0,52,,82227,29,,,0,24,,82228,29,,,0,12,,78385,29,,,0,12,,78369,29,,,0,52,,78359,29,,,0,25,,78357,29,,,0,12,,78356,29,,,0,11,,82225,29,,,0,52,,82250,29,,,0,25,,82224,29,,,0,12,,82232,29,,,0,11,,82231,29,,,0,52,,82254,29,,,0,24,,82242,29,,,0,15,,82229,29,,,0,15,,82233,29,,,0,72,,82238,29,,,0,16,,82244,29,,,0,58,,82239,29,,,0,34,,82240,29,,,0,17,,82243,29,,,0,74,,82248,29,,,0,17,,82249,29,,,0,58,,82241,29,,,0,48,,82246,29,,,0,95,,82252,29,,,0,79,,82251,29,,,0
600,'5456',540,,89335,18,,,0,60,,89336,29,,,0,32,,89337,29,,,0,71,,89338,29,,,0,26,,89339,29,,,0,25,,89340,29,,,0,65,,89356,29,,,0,20,,89358,29,,,0,18,,89347,29,,,0,59,,89341,29,,,0,19,,89342,29,,,0,65,,89343,29,,,0,24,,89344,29,,,0,23,,89351,29,,,0,65,,89345,29,,,0,23,,89346,29,,,0,24,,89348,29,,,0,64,,89349,29,,,0,26,,89350,29,,,0,64,,89352,29,,,0,25,,89353,29,,,0,67,,89354,29,,,0,23,,89355,29,,,0,21,,89357,29,,,0,60,,89359,29,,,0,21,,89360,29,,,0,16,,89366,29,,,0,54,,89361,29,,,0,17,,89362,29,,,0,14,,89369,29,,,0,16,,89363,29,,,0,55,,89364,29,,,0,13,,89365,29,,,0,13,,89367,29,,,0,15,,89368,29,,,0,14,,89370,29,,,0,54,,89371,29,,,0,17,,89372,29,,,0,17,,89373,29,,,0,63,,89374,29,,,0,24,,89376,29,,,0,68,,89375,29,,,0,33,,89378,29,,,0,18,,89377,29,,,0,75,,89379,29,,,0,18,,89380,29,,,0,78,,89382,29,,,0,19,,89381,29,,,0,99,,89383,29,,,0,98,,89384,29,,,0
600,'5458',540,,89385,18,,,0,60,,89386,29,,,0,32,,89387,29,,,0,71,,89388,29,,,0,26,,89389,29,,,0,25,,89390,29,,,0,65,,89406,29,,,0,20,,89408,29,,,0,18,,89397,29,,,0,59,,89391,29,,,0,19,,89392,29,,,0,65,,89393,29,,,0,24,,89394,29,,,0,23,,89401,29,,,0,65,,89395,29,,,0,23,,89396,29,,,0,24,,89398,29,,,0,64,,89399,29,,,0,26,,89400,29,,,0,64,,89402,29,,,0,25,,89403,29,,,0,67,,89404,29,,,0,23,,89405,29,,,0,21,,89407,29,,,0,60,,89409,29,,,0,21,,89410,29,,,0,16,,89416,29,,,0,54,,89411,29,,,0,17,,89412,29,,,0,14,,89419,29,,,0,16,,89413,29,,,0,55,,89414,29,,,0,13,,89415,29,,,0,13,,89417,29,,,0,15,,89418,29,,,0,14,,89420,29,,,0,54,,89421,29,,,0,17,,89422,29,,,0,17,,89423,29,,,0,63,,89424,29,,,0,24,,89426,29,,,0,68,,89425,29,,,0,33,,89428,29,,,0,18,,89427,29,,,0,75,,89429,29,,,0,18,,89430,29,,,0,78,,89432,29,,,0,19,,89431,29,,,0,99,,89433,29,,,0,98,,89434,29,,,0,70,,89438,29,,,0,30,,89436,29,,,0,69,,89439,29,,,0,30,,89435,29,,,0,69,,89437,29,,,0
600,'5459',605,,89441,29,,,0,31,,89442,29,,,0,84,,89443,29,,,0,20,,89444,29,,,0,76,,89445,29,,,0,20,,89446,29,,,0,18,,89447,29,,,0,71,,89448,29,,,0,15,,89440,29,,,0,15,,89449,29,,,0,67,,89450,29,,,0,13,,89451,29,,,0,14,,89452,29,,,0,52,,89453,29,,,0,24,,89454,29,,,0,12,,89455,29,,,0,12,,89456,29,,,0,65,,89457,29,,,0,12,,89458,29,,,0,12,,89459,29,,,0,64,,89460,29,,,0,12,,89461,29,,,0,13,,89462,29,,,0,24,,89463,29,,,0,52,,89464,29,,,0,12,,89465,29,,,0,20,,89466,29,,,0,10,,89467,29,,,0,10,,89468,29,,,0,62,,89469,29,,,0,11,,89478,29,,,0,10,,89470,29,,,0,20,,89471,29,,,0,51,,89479,29,,,0,10,,89472,29,,,0,20,,89473,29,,,0,11,,89480,29,,,0,50,,89474,29,,,0,20,,89475,29,,,0,11,,89476,29,,,0,12,,89481,29,,,0,12,,89477,29,,,0,63,,89482,29,,,0,12,,89483,29,,,0,12,,89484,29,,,0,11,,89485,29,,,0,65,,89487,29,,,0,15,,89488,29,,,0,14,,89489,29,,,0,69,,89490,29,,,0,15,,89491,29,,,0,17,,89486,29,,,0,76,,89492,29,,,0,18,,89493,29,,,0,74,,89494,29,,,0,21,,89495,29,,,0,20,,89496,29,,,0,90,,89497,29,,,0,93,,89498,29,,,0,69,,89499,29,,,0,29,,89500,29,,,0,70,,89501,29,,,0,29,,89502,29,,,0,69,,89503,29,,,0
600,'5460',643,,89530,29,,,0,77,,89543,29,,,0,96,,89513,29,,,0,25,,89541,29,,,0,81,,89515,29,,,0,21,,89505,29,,,0,78,,89525,29,,,0,15,,89552,29,,,0,16,,89514,29,,,0,73,,89545,29,,,0,15,,89529,29,,,0,15,,89504,29,,,0,71,,89506,29,,,0,12,,89508,29,,,0,12,,89548,29,,,0,52,,89532,29,,,0,24,,89507,29,,,0,12,,89518,29,,,0,12,,89509,29,,,0,52,,89512,29,,,0,24,,89531,29,,,0,12,,89510,29,,,0,12,,89511,29,,,0,52,,89519,29,,,0,24,,89522,29,,,0,12,,89549,29,,,0,12,,89533,29,,,0,52,,89523,29,,,0,25,,89521,29,,,0,12,,89520,29,,,0,11,,89517,29,,,0,52,,89547,29,,,0,25,,89516,29,,,0,12,,89527,29,,,0,11,,89526,29,,,0,52,,89553,29,,,0,24,,89538,29,,,0,15,,89524,29,,,0,15,,89528,29,,,0,72,,89534,29,,,0,16,,89540,29,,,0,58,,89535,29,,,0,34,,89536,29,,,0,17,,89539,29,,,0,74,,89544,29,,,0,17,,89546,29,,,0,58,,89537,29,,,0,48,,89542,29,,,0,95,,89551,29,,,0,87,,89550,29,,,0
600,'5461',643,,89580,29,,,0,77,,89593,29,,,0,96,,89563,29,,,0,25,,89591,29,,,0,81,,89565,29,,,0,21,,89555,29,,,0,78,,89575,29,,,0,15,,89602,29,,,0,16,,89564,29,,,0,73,,89595,29,,,0,15,,89579,29,,,0,15,,89554,29,,,0,71,,89556,29,,,0,12,,89558,29,,,0,12,,89598,29,,,0,52,,89582,29,,,0,24,,89557,29,,,0,12,,89568,29,,,0,12,,89559,29,,,0,52,,89562,29,,,0,24,,89581,29,,,0,12,,89560,29,,,0,12,,89561,29,,,0,52,,89569,29,,,0,24,,89572,29,,,0,12,,89599,29,,,0,12,,89583,29,,,0,52,,89573,29,,,0,25,,89571,29,,,0,12,,89570,29,,,0,11,,89567,29,,,0,52,,89597,29,,,0,25,,89566,29,,,0,12,,89577,29,,,0,11,,89576,29,,,0,52,,89603,29,,,0,24,,89588,29,,,0,15,,89574,29,,,0,15,,89578,29,,,0,72,,89584,29,,,0,16,,89590,29,,,0,58,,89585,29,,,0,34,,89586,29,,,0,17,,89589,29,,,0,74,,89594,29,,,0,17,,89596,29,,,0,58,,89587,29,,,0,48,,89592,29,,,0,95,,89601,29,,,0,87,,89600,29,,,0
600,'5462',643,,89630,29,,,0,77,,89643,29,,,0,96,,89613,29,,,0,25,,89641,29,,,0,81,,89615,29,,,0,21,,89605,29,,,0,78,,89625,29,,,0,15,,89652,29,,,0,16,,89614,29,,,0,73,,89645,29,,,0,15,,89629,29,,,0,15,,89604,29,,,0,71,,89606,29,,,0,12,,89608,29,,,0,12,,89648,29,,,0,52,,89632,29,,,0,24,,89607,29,,,0,12,,89618,29,,,0,12,,89609,29,,,0,52,,89612,29,,,0,24,,89631,29,,,0,12,,89610,29,,,0,12,,89611,29,,,0,52,,89619,29,,,0,24,,89622,29,,,0,12,,89649,29,,,0,12,,89633,29,,,0,52,,89623,29,,,0,25,,89621,29,,,0,12,,89620,29,,,0,11,,89617,29,,,0,52,,89647,29,,,0,25,,89616,29,,,0,12,,89627,29,,,0,11,,89626,29,,,0,52,,89653,29,,,0,24,,89638,29,,,0,15,,89624,29,,,0,15,,89628,29,,,0,72,,89634,29,,,0,16,,89640,29,,,0,58,,89635,29,,,0,34,,89636,29,,,0,17,,89639,29,,,0,74,,89644,29,,,0,17,,89646,29,,,0,58,,89637,29,,,0,48,,89642,29,,,0,95,,89651,29,,,0,87,,89650,29,,,0
600,'5463',643,,89680,29,,,0,77,,89693,29,,,0,96,,89663,29,,,0,25,,89691,29,,,0,81,,89665,29,,,0,21,,89655,29,,,0,78,,89675,29,,,0,15,,89702,29,,,0,16,,89664,29,,,0,73,,89695,29,,,0,15,,89679,29,,,0,15,,89654,29,,,0,71,,89656,29,,,0,12,,89658,29,,,0,12,,89698,29,,,0,52,,89682,29,,,0,24,,89657,29,,,0,12,,89668,29,,,0,12,,89659,29,,,0,52,,89662,29,,,0,24,,89681,29,,,0,12,,89660,29,,,0,12,,89661,29,,,0,52,,89669,29,,,0,24,,89672,29,,,0,12,,89699,29,,,0,12,,89683,29,,,0,52,,89673,29,,,0,25,,89671,29,,,0,12,,89670,29,,,0,11,,89667,29,,,0,52,,89697,29,,,0,25,,89666,29,,,0,12,,89677,29,,,0,11,,89676,29,,,0,52,,89703,29,,,0,24,,89688,29,,,0,15,,89674,29,,,0,15,,89678,29,,,0,72,,89684,29,,,0,16,,89690,29,,,0,58,,89685,29,,,0,34,,89686,29,,,0,17,,89689,29,,,0,74,,89694,29,,,0,17,,89696,29,,,0,58,,89687,29,,,0,48,,89692,29,,,0,95,,89701,29,,,0,87,,89700,29,,,0
1000600,'4832',751,,81691,29,,,0,150,,81692,29,,,0,102,,87301,29,,,0,106,,87293,29,,,0,101,,81686,29,,,0,103,,87294,29,,,0,100,,87302,29,,,0,100,,87295,29,,,0,101,,81687,29,,,0,99,,87296,29,,,0,100,,81690,29,,,0,98,,87297,29,,,0,109,,87298,29,,,0,90,,87299,29,,,0,112,,87300,29,,,0,93,,81695,29,,,0
1000600,'5453',751,,87310,29,,,0,150,,87311,29,,,0,102,,87316,29,,,0,106,,87303,29,,,0,101,,87305,29,,,0,103,,87304,29,,,0,100,,81752,29,,,0,100,,81739,29,,,0,101,,87306,29,,,0,99,,87307,29,,,0,100,,87309,29,,,0,98,,87308,29,,,0,109,,87312,29,,,0,90,,87313,29,,,0,112,,87315,29,,,0,93,,87314,29,,,0
1000600,'5456',615,,103443,29,,,0,100,,103445,29,,,0,91,,103444,29,,,0,42,,103446,29,,,0,76,,103451,29,,,0,88,,103447,29,,,0,47,,103448,29,,,0,88,,103449,29,,,0,90,,103450,29,,,0,88,,103452,29,,,0,91,,103453,29,,,0,84,,103454,29,,,0,40,,103455,29,,,0,68,,103456,29,,,0,31,,103457,29,,,0,70,,103458,29,,,0,26,,103459,29,,,0,69,,103460,29,,,0,31,,103461,29,,,0,85,,103462,29,,,0,95,,103463,29,,,0,93,,103464,29,,,0,94,,103465,29,,,0,108,,103466,29,,,0,98,,103467,29,,,0
1000600,'5458',615,,103468,29,,,0,100,,103470,29,,,0,91,,103469,29,,,0,42,,103471,29,,,0,76,,103476,29,,,0,88,,103472,29,,,0,47,,103473,29,,,0,88,,103474,29,,,0,90,,103475,29,,,0,88,,103477,29,,,0,91,,103478,29,,,0,84,,103479,29,,,0,40,,103480,29,,,0,68,,103481,29,,,0,31,,103482,29,,,0,70,,103483,29,,,0,26,,103484,29,,,0,69,,103485,29,,,0,31,,103486,29,,,0,85,,103487,29,,,0,95,,103488,29,,,0,93,,103489,29,,,0,94,,103490,29,,,0,108,,103491,29,,,0,98,,103492,29,,,0
1000600,'5459',659,,103493,29,,,0,99,,103494,29,,,0,151,,103495,29,,,0,100,,103496,29,,,0,103,,103497,29,,,0,89,,103498,29,,,0,49,,103499,29,,,0,88,,103500,29,,,0,86,,103501,29,,,0,81,,103502,29,,,0,42,,103503,29,,,0,81,,103504,29,,,0,80,,103506,29,,,0,97,,103505,29,,,0,100,,103507,29,,,0,97,,103508,29,,,0,104,,103509,29,,,0,52,,103510,29,,,0,164,,103511,29,,,0,95,,103512,29,,,0
1000600,'5460',751,,103521,29,,,0,150,,103522,29,,,0,102,,103527,29,,,0,106,,103513,29,,,0,101,,103516,29,,,0,103,,103514,29,,,0,100,,103528,29,,,0,100,,103515,29,,,0,101,,103517,29,,,0,99,,103518,29,,,0,100,,103520,29,,,0,98,,103519,29,,,0,109,,103523,29,,,0,90,,103524,29,,,0,112,,103526,29,,,0,93,,103525,29,,,0
1000600,'5461',751,,103537,29,,,0,150,,103538,29,,,0,102,,103543,29,,,0,106,,103529,29,,,0,101,,103532,29,,,0,103,,103530,29,,,0,100,,103544,29,,,0,100,,103531,29,,,0,101,,103533,29,,,0,99,,103534,29,,,0,100,,103536,29,,,0,98,,103535,29,,,0,109,,103539,29,,,0,90,,103540,29,,,0,112,,103542,29,,,0,93,,103541,29,,,0
1000600,'5462',751,,103553,29,,,0,150,,103554,29,,,0,102,,103559,29,,,0,106,,103545,29,,,0,101,,103548,29,,,0,103,,103546,29,,,0,100,,103560,29,,,0,100,,103547,29,,,0,101,,103549,29,,,0,99,,103550,29,,,0,100,,103552,29,,,0,98,,103551,29,,,0,109,,103555,29,,,0,90,,103556,29,,,0,112,,103558,29,,,0,93,,103557,29,,,0
1000600,'5463',751,,103569,29,,,0,150,,103570,29,,,0,102,,103575,29,,,0,106,,103561,29,,,0,101,,103564,29,,,0,103,,103562,29,,,0,100,,103576,29,,,0,100,,103563,29,,,0,101,,103565,29,,,0,99,,103566,29,,,0,100,,103568,29,,,0,98,,103567,29,,,0,109,,103571,29,,,0,90,,103572,29,,,0,112,,103574,29,,,0,93,,103573,29,,,0
2000600,'5456',648,,103857,29,,,0,94,,103860,29,,,0,87,,103858,29,,,0,77,,103861,29,,,0,42,,103859,29,,,0,88,,103862,29,,,0,88,,103863,29,,,0,87,,103865,29,,,0,89,,103864,29,,,0,52,,103866,29,,,0,87,,103867,29,,,0,80,,103869,29,,,0,33,,103868,29,,,0,72,,103870,29,,,0,31,,103871,29,,,0,65,,103872,29,,,0,30,,103873,29,,,0,71,,103874,29,,,0,36,,103875,29,,,0,89,,103876,29,,,0
2000600,'5458',648,,103877,29,,,0,94,,103880,29,,,0,87,,103878,29,,,0,77,,103881,29,,,0,42,,103879,29,,,0,88,,103882,29,,,0,88,,103883,29,,,0,87,,103885,29,,,0,89,,103884,29,,,0,52,,103886,29,,,0,87,,103887,29,,,0,80,,103889,29,,,0,33,,103888,29,,,0,72,,103890,29,,,0,31,,103891,29,,,0,65,,103892,29,,,0,30,,103893,29,,,0,71,,103894,29,,,0,36,,103895,29,,,0,89,,103896,29,,,0
