4800,'5456',635,,98610,35,,,0,65,,98611,35,,,0,27,,98612,35,,,0
4800,'5458',635,,98613,35,,,0,65,,98614,35,,,0,27,,98615,35,,,0
5200,'5456',521,,98732,47,,,0,31,,98736,47,,,0,71,,98734,47,,,0,22,,98745,47,,,0,59,,98733,47,,,0,23,,98762,47,,,0,30,,98735,47,,,0,69,,98763,47,,,0,6,,98737,47,,,0,18,,98764,47,,,0,9,,98744,47,,,0,69,,98738,47,,,0,30,,98758,47,,,0,66,,98739,47,,,0,30,,98740,47,,,0,75,,98741,47,,,0,71,,98759,47,,,0,32,,98742,47,,,0,70,,98743,47,,,0,36,,98746,47,,,0,73,,98760,47,,,0,36,,98747,47,,,0,72,,98748,47,,,0,22,,98770,12,,,0,11,,98765,47,,,0,70,,98749,47,,,0,30,,98761,47,,,0,67,,98750,47,,,0,30,,98751,47,,,0,71,,98766,47,,,0,30,,98752,47,,,0,73,,98753,47,,,0,29,,98754,47,,,0,69,,98767,47,,,0,26,,98755,47,,,0,72,,98756,47,,,0,96,,98769,47,,,0,98,,98757,47,,,0,103,,98768,47,,,0
5200,'5458',521,,98771,47,,,0,31,,98775,47,,,0,71,,98773,47,,,0,22,,98784,47,,,0,59,,98772,47,,,0,23,,98801,47,,,0,30,,98774,47,,,0,69,,98802,47,,,0,6,,98776,47,,,0,18,,98803,47,,,0,9,,98783,47,,,0,69,,98777,47,,,0,30,,98797,47,,,0,66,,98778,47,,,0,30,,98779,47,,,0,75,,98780,47,,,0,71,,98798,47,,,0,32,,98781,47,,,0,70,,98782,47,,,0,36,,98785,47,,,0,73,,98799,47,,,0,33,,98809,12,,,0,3,,98786,47,,,0,72,,98787,47,,,0,33,,98804,47,,,0,70,,98788,47,,,0,30,,98800,47,,,0,67,,98789,47,,,0,30,,98790,47,,,0,71,,98805,47,,,0,30,,98791,47,,,0,73,,98792,47,,,0,29,,98793,47,,,0,69,,98806,47,,,0,26,,98794,47,,,0,72,,98795,47,,,0,96,,98808,47,,,0,98,,98796,47,,,0,103,,98807,47,,,0
5200,'5459',654,,98827,47,,,0,70,,98826,47,,,0,81,,98821,47,,,0,35,,98829,47,,,0,72,,98824,47,,,0,33,,98810,47,,,0,70,,98817,47,,,0,30,,98836,47,,,0,72,,98815,47,,,0,35,,98812,47,,,0,73,,98818,47,,,0,32,,98838,47,,,0,75,,98813,47,,,0,73,,98811,47,,,0,36,,98820,47,,,0,66,,98837,47,,,0,34,,98816,47,,,0,72,,98823,47,,,0,35,,98819,47,,,0,68,,98834,47,,,0,30,,98814,47,,,0,69,,98825,47,,,0,22,,98831,47,,,0,64,,98822,47,,,0,24,,98830,47,,,0,24,,98833,47,,,0,68,,98832,47,,,0,28,,98828,47,,,0,70,,98835,47,,,0,100,,98839,47,,,0,93,,98840,47,,,0,108,,98841,47,,,0
5200,'5460',724,,98863,47,,,0,32,,98845,47,,,0,81,,98848,47,,,0,72,,98862,47,,,0,32,,98856,47,,,0,72,,98844,47,,,0,31,,98847,47,,,0,72,,98858,47,,,0,31,,98852,47,,,0,72,,98843,47,,,0,33,,98846,47,,,0,70,,98861,47,,,0,31,,98854,47,,,0,78,,98842,47,,,0,70,,98850,47,,,0,34,,98860,47,,,0,74,,98853,47,,,0,33,,98869,47,,,0,68,,98849,47,,,0,30,,98859,47,,,0,68,,98855,47,,,0,30,,98857,47,,,0,68,,98851,47,,,0,29,,98865,47,,,0,79,,98864,47,,,0,99,,98866,47,,,0,98,,98868,47,,,0,106,,98867,47,,,0
5200,'5461',724,,98891,47,,,0,32,,98873,47,,,0,81,,98876,47,,,0,72,,98890,47,,,0,32,,98884,47,,,0,72,,98872,47,,,0,31,,98875,47,,,0,72,,98886,47,,,0,31,,98880,47,,,0,72,,98871,47,,,0,33,,98874,47,,,0,70,,98889,47,,,0,31,,98882,47,,,0,78,,98870,47,,,0,70,,98878,47,,,0,34,,98888,47,,,0,74,,98881,47,,,0,33,,98897,47,,,0,68,,98877,47,,,0,30,,98887,47,,,0,68,,98883,47,,,0,30,,98885,47,,,0,68,,98879,47,,,0,29,,98893,47,,,0,79,,98892,47,,,0,99,,98894,47,,,0,98,,98896,47,,,0,106,,98895,47,,,0
5200,'5462',724,,98919,47,,,0,32,,98901,47,,,0,81,,98904,47,,,0,72,,98918,47,,,0,32,,98912,47,,,0,72,,98900,47,,,0,31,,98903,47,,,0,72,,98914,47,,,0,31,,98908,47,,,0,72,,98899,47,,,0,33,,98902,47,,,0,70,,98917,47,,,0,31,,98910,47,,,0,78,,98898,47,,,0,70,,98906,47,,,0,34,,98916,47,,,0,74,,98909,47,,,0,33,,98925,47,,,0,68,,98905,47,,,0,30,,98915,47,,,0,68,,98911,47,,,0,30,,98913,47,,,0,68,,98907,47,,,0,29,,98921,47,,,0,79,,98920,47,,,0,99,,98922,47,,,0,98,,98924,47,,,0,106,,98923,47,,,0
5200,'5463',724,,98947,47,,,0,32,,98929,47,,,0,81,,98932,47,,,0,72,,98946,47,,,0,32,,98940,47,,,0,72,,98928,47,,,0,31,,98931,47,,,0,72,,98942,47,,,0,31,,98936,47,,,0,72,,98927,47,,,0,33,,98930,47,,,0,70,,98945,47,,,0,31,,98938,47,,,0,78,,98926,47,,,0,70,,98934,47,,,0,34,,98944,47,,,0,74,,98937,47,,,0,33,,98953,47,,,0,68,,98933,47,,,0,30,,98943,47,,,0,68,,98939,47,,,0,30,,98941,47,,,0,68,,98935,47,,,0,29,,98949,47,,,0,79,,98948,47,,,0,99,,98950,47,,,0,98,,98952,47,,,0,106,,98951,47,,,0
6100,'5456',546,,100420,55,,,0,78,,100418,55,,,0,13,,100419,55,,,0,21,,100412,55,,,0,61,,100411,55,,,0,20,,100406,55,,,0,19,,100405,55,,,0,68,,100404,55,,,0
6100,'5458',546,,100459,55,,,0,78,,100457,55,,,0,13,,100458,55,,,0,21,,100451,55,,,0,61,,100450,55,,,0,20,,100445,55,,,0,19,,100444,55,,,0,68,,100443,55,,,0
