8301,'5456',658,,102090,10,,,0,95,,102088,10,,,0,250,,102089,10,,,0,141,,102092,10,,,0,195,,102091,10,,,0,210,,102093,10,,,0,254,,102094,10,,,0,199,,102095,10,,,0
8301,'5458',658,,102098,10,,,0,95,,102096,10,,,0,250,,102097,10,,,0,141,,102100,10,,,0,195,,102099,10,,,0,210,,102101,10,,,0,254,,102102,10,,,0,199,,102103,10,,,0
8301,'5459',939,,102107,10,,,0,300,,102105,10,,,0,305,,102106,10,,,0,300,,102104,10,,,0
8301,'5460',938,,102110,10,,,0,300,,102111,10,,,0,305,,102109,10,,,0,300,,102108,10,,,0
8301,'5461',938,,102114,10,,,0,300,,102115,10,,,0,305,,102113,10,,,0,300,,102112,10,,,0
8301,'5462',938,,102118,10,,,0,300,,102119,10,,,0,305,,102117,10,,,0,300,,102116,10,,,0
8301,'5463',938,,102122,10,,,0,300,,102123,10,,,0,305,,102121,10,,,0,300,,102120,10,,,0
8500,'5456',639,,102124,10,,,0,97,,102125,10,,,0,200,,102126,10,,,0,200,,102127,10,,,0,200,,102128,10,,,0,200,,102129,10,,,0,200,,102130,10,,,0,200,,102131,10,,,0
8500,'5458',639,,102132,10,,,0,97,,102133,10,,,0,200,,102134,10,,,0,200,,102135,10,,,0,200,,102136,10,,,0,200,,102137,10,,,0,200,,102138,10,,,0,200,,102139,10,,,0
8500,'5459',844,,102141,10,,,0,300,,102142,10,,,0,306,,102143,10,,,0,299,,102140,10,,,0
8500,'5460',844,,102146,10,,,0,300,,102147,10,,,0,306,,102144,10,,,0,299,,102145,10,,,0
8500,'5461',844,,102150,10,,,0,300,,102151,10,,,0,306,,102148,10,,,0,299,,102149,10,,,0
8500,'5462',844,,102154,10,,,0,300,,102155,10,,,0,306,,102152,10,,,0,299,,102153,10,,,0
8500,'5463',844,,102158,10,,,0,300,,102159,10,,,0,306,,102156,10,,,0,299,,102157,10,,,0
