601,'5456',534,,89704,3,,,0,15,,89705,3,,,0,68,,89706,3,,,0,24,,89707,3,,,0,15,,89718,3,,,0,54,,89708,3,,,0,6,,89725,3,,,0,15,,89709,3,,,0,15,,89712,3,,,0,12,,89719,3,,,0,58,,89710,3,,,0,19,,89711,3,,,0,17,,89713,3,,,0,57,,89732,3,,,0,20,,89714,3,,,0,22,,89723,3,,,0,63,,89715,3,,,0,23,,89716,3,,,0,63,,89717,3,,,0,24,,89720,3,,,0,24,,89721,3,,,0,64,,89722,3,,,0,25,,89724,3,,,0,65,,89726,3,,,0,23,,89727,3,,,0,21,,89728,3,,,0,59,,89729,3,,,0,19,,89730,3,,,0,20,,89731,3,,,0,58,,89733,3,,,0,14,,89734,3,,,0,11,,89735,3,,,0,21,,89736,3,,,0,59,,89737,3,,,0,19,,89738,3,,,0,22,,89739,3,,,0,62,,89740,3,,,0,27,,89741,3,,,0,65,,89742,3,,,0,12,,89743,3,,,0,25,,89744,3,,,0,71,,89745,3,,,0,33,,89746,3,,,0,77,,89748,3,,,0,18,,89747,3,,,0,76,,89750,3,,,0,22,,89749,3,,,0,90,,89751,3,,,0,100,,89752,3,,,0,33,,89754,3,,,0,71,,89753,3,,,0
601,'5458',534,,89756,3,,,0,15,,89757,3,,,0,68,,89758,3,,,0,24,,89759,3,,,0,15,,89770,3,,,0,54,,89760,3,,,0,6,,89777,3,,,0,15,,89761,3,,,0,15,,89764,3,,,0,12,,89771,3,,,0,58,,89762,3,,,0,19,,89763,3,,,0,17,,89765,3,,,0,57,,89784,3,,,0,20,,89766,3,,,0,22,,89775,3,,,0,63,,89767,3,,,0,23,,89768,3,,,0,63,,89769,3,,,0,24,,89772,3,,,0,24,,89773,3,,,0,64,,89774,3,,,0,25,,89776,3,,,0,65,,89778,3,,,0,23,,89779,3,,,0,21,,89780,3,,,0,59,,89781,3,,,0,19,,89782,3,,,0,20,,89783,3,,,0,58,,89785,3,,,0,14,,89786,3,,,0,11,,89787,3,,,0,21,,89788,3,,,0,59,,89789,3,,,0,19,,89790,3,,,0,22,,89791,3,,,0,62,,89792,3,,,0,27,,89793,3,,,0,65,,89794,3,,,0,12,,89795,3,,,0,25,,89796,3,,,0,71,,89797,3,,,0,33,,89798,3,,,0,77,,89800,3,,,0,18,,89799,3,,,0,76,,89802,3,,,0,22,,89801,3,,,0,90,,89803,3,,,0,100,,89804,3,,,0,33,,89806,3,,,0,71,,89805,3,,,0,70,,89808,3,,,0,31,,89810,3,,,0,71,,89807,3,,,0,30,,89809,3,,,0
601,'5459',554,,89814,3,,,0,63,,89815,3,,,0,20,,89812,3,,,0,77,,89816,3,,,0,16,,89817,3,,,0,19,,89818,3,,,0,73,,89819,3,,,0,14,,89820,3,,,0,15,,89821,3,,,0,67,,89822,3,,,0,13,,89823,3,,,0,13,,89813,3,,,0,62,,89824,3,,,0,12,,89825,3,,,0,12,,89826,3,,,0,24,,89828,3,,,0,51,,89829,3,,,0,12,,89827,3,,,0,24,,89830,3,,,0,11,,89831,3,,,0,52,,89832,3,,,0,23,,89839,3,,,0,12,,89833,3,,,0,12,,89834,3,,,0,64,,89835,3,,,0,10,,89836,3,,,0,11,,89837,3,,,0,20,,89840,3,,,0,50,,89841,3,,,0,11,,89842,3,,,0,21,,89838,3,,,0,11,,89843,3,,,0,10,,89848,3,,,0,61,,89844,3,,,0,10,,89845,3,,,0,10,,89846,3,,,0,61,,89847,3,,,0,10,,89849,3,,,0,10,,89850,3,,,0,11,,89851,3,,,0,24,,89852,3,,,0,53,,89853,3,,,0,12,,89854,3,,,0,13,,89855,3,,,0,25,,89856,3,,,0,52,,89857,3,,,0,13,,89858,3,,,0,15,,89859,3,,,0,70,,89860,3,,,0,16,,89861,3,,,0,15,,89862,3,,,0,77,,89863,3,,,0,18,,89864,3,,,0,76,,89865,3,,,0,18,,89866,3,,,0,82,,89867,3,,,0,25,,89868,3,,,0,96,,89869,3,,,0,26,,89870,3,,,0,71,,89871,3,,,0,71,,89872,3,,,0,30,,89873,3,,,0,71,,89874,3,,,0,29,,89875,3,,,0
601,'5460',635,,89913,3,,,0,95,,89887,3,,,0,84,,89896,3,,,0,19,,89886,3,,,0,79,,89912,3,,,0,16,,89901,3,,,0,15,,89923,3,,,0,70,,89876,3,,,0,16,,89915,3,,,0,15,,89903,3,,,0,70,,89885,3,,,0,15,,89878,3,,,0,12,,89877,3,,,0,64,,89905,3,,,0,12,,89880,3,,,0,12,,89881,3,,,0,12,,89895,3,,,0,64,,89879,3,,,0,12,,89920,3,,,0,12,,89904,3,,,0,12,,89884,3,,,0,64,,89894,3,,,0,12,,89883,3,,,0,12,,89882,3,,,0,12,,89918,3,,,0,64,,89890,3,,,0,13,,89891,3,,,0,12,,89893,3,,,0,12,,89892,3,,,0,65,,89919,3,,,0,12,,89898,3,,,0,12,,89888,3,,,0,12,,89889,3,,,0,64,,89924,3,,,0,12,,89900,3,,,0,13,,89916,3,,,0,16,,89897,3,,,0,70,,89902,3,,,0,19,,89899,3,,,0,18,,89910,3,,,0,77,,89907,3,,,0,18,,89906,3,,,0,74,,89908,3,,,0,17,,89909,3,,,0,75,,89914,3,,,0,20,,89917,3,,,0,97,,89911,3,,,0,71,,89922,3,,,0,50,,89921,3,,,0
601,'5461',635,,89962,3,,,0,95,,89936,3,,,0,84,,89945,3,,,0,19,,89935,3,,,0,79,,89961,3,,,0,16,,89950,3,,,0,15,,89972,3,,,0,70,,89925,3,,,0,16,,89964,3,,,0,15,,89952,3,,,0,70,,89934,3,,,0,15,,89927,3,,,0,12,,89926,3,,,0,64,,89954,3,,,0,12,,89929,3,,,0,12,,89930,3,,,0,12,,89944,3,,,0,64,,89928,3,,,0,12,,89969,3,,,0,12,,89953,3,,,0,12,,89933,3,,,0,64,,89943,3,,,0,12,,89932,3,,,0,12,,89931,3,,,0,12,,89967,3,,,0,64,,89939,3,,,0,13,,89940,3,,,0,12,,89942,3,,,0,12,,89941,3,,,0,65,,89968,3,,,0,12,,89947,3,,,0,12,,89937,3,,,0,12,,89938,3,,,0,64,,89973,3,,,0,12,,89949,3,,,0,13,,89965,3,,,0,16,,89946,3,,,0,70,,89951,3,,,0,19,,89948,3,,,0,18,,89959,3,,,0,77,,89956,3,,,0,18,,89955,3,,,0,74,,89957,3,,,0,17,,89958,3,,,0,75,,89963,3,,,0,20,,89966,3,,,0,97,,89960,3,,,0,71,,89971,3,,,0,50,,89970,3,,,0
601,'5462',635,,90011,3,,,0,95,,89985,3,,,0,84,,89994,3,,,0,19,,89984,3,,,0,79,,90010,3,,,0,16,,89999,3,,,0,15,,90021,3,,,0,70,,89974,3,,,0,16,,90013,3,,,0,15,,90001,3,,,0,70,,89983,3,,,0,15,,89976,3,,,0,12,,89975,3,,,0,64,,90003,3,,,0,12,,89978,3,,,0,12,,89979,3,,,0,12,,89993,3,,,0,64,,89977,3,,,0,12,,90018,3,,,0,12,,90002,3,,,0,12,,89982,3,,,0,64,,89992,3,,,0,12,,89981,3,,,0,12,,89980,3,,,0,12,,90016,3,,,0,64,,89988,3,,,0,13,,89989,3,,,0,12,,89991,3,,,0,12,,89990,3,,,0,65,,90017,3,,,0,12,,89996,3,,,0,12,,89986,3,,,0,12,,89987,3,,,0,64,,90022,3,,,0,12,,89998,3,,,0,13,,90014,3,,,0,16,,89995,3,,,0,70,,90000,3,,,0,19,,89997,3,,,0,18,,90008,3,,,0,77,,90005,3,,,0,18,,90004,3,,,0,74,,90006,3,,,0,17,,90007,3,,,0,75,,90012,3,,,0,20,,90015,3,,,0,97,,90009,3,,,0,71,,90020,3,,,0,50,,90019,3,,,0
601,'5463',635,,90060,3,,,0,95,,90034,3,,,0,84,,90043,3,,,0,19,,90033,3,,,0,79,,90059,3,,,0,16,,90048,3,,,0,15,,90070,3,,,0,70,,90023,3,,,0,16,,90062,3,,,0,15,,90050,3,,,0,70,,90032,3,,,0,15,,90025,3,,,0,12,,90024,3,,,0,64,,90052,3,,,0,12,,90027,3,,,0,12,,90028,3,,,0,12,,90042,3,,,0,64,,90026,3,,,0,12,,90067,3,,,0,12,,90051,3,,,0,12,,90031,3,,,0,64,,90041,3,,,0,12,,90030,3,,,0,12,,90029,3,,,0,12,,90065,3,,,0,64,,90037,3,,,0,13,,90038,3,,,0,12,,90040,3,,,0,12,,90039,3,,,0,65,,90066,3,,,0,12,,90045,3,,,0,12,,90035,3,,,0,12,,90036,3,,,0,64,,90071,3,,,0,12,,90047,3,,,0,13,,90063,3,,,0,16,,90044,3,,,0,70,,90049,3,,,0,19,,90046,3,,,0,18,,90057,3,,,0,77,,90054,3,,,0,18,,90053,3,,,0,74,,90055,3,,,0,17,,90056,3,,,0,75,,90061,3,,,0,20,,90064,3,,,0,97,,90058,3,,,0,71,,90069,3,,,0,50,,90068,3,,,0
3101,'5456',546,,97511,3,,,0,76,,97512,3,,,0,32,,97513,3,,,0,67,,97514,3,,,0,29,,97515,3,,,0,69,,97516,3,,,0,31,,97517,3,,,0,70,,97518,3,,,0,30,,97519,3,,,0,70,,97520,3,,,0,29,,97521,3,,,0,72,,97522,3,,,0,31,,97523,3,,,0,71,,97524,3,,,0,30,,97525,3,,,0,71,,97526,3,,,0,31,,97527,3,,,0,68,,97528,3,,,0,30,,97530,3,,,0,73,,97529,3,,,0,31,,97531,3,,,0,75,,97532,3,,,0,74,,97533,3,,,0,31,,97534,3,,,0,70,,97535,3,,,0,30,,97536,3,,,0,82,,97537,3,,,0,34,,97538,3,,,0,87,,97539,3,,,0,100,,97540,3,,,0,100,,97541,3,,,0,102,,97542,3,,,0,107,,97543,3,0,27 49,0
3101,'5458',546,,97544,3,,,0,76,,97545,3,,,0,32,,97546,3,,,0,67,,97547,3,,,0,29,,97548,3,,,0,69,,97549,3,,,0,31,,97550,3,,,0,70,,97551,3,,,0,30,,97552,3,,,0,70,,97553,3,,,0,29,,97554,3,,,0,72,,97555,3,,,0,31,,97556,3,,,0,71,,97557,3,,,0,30,,97558,3,,,0,71,,97559,3,,,0,31,,97560,3,,,0,68,,97561,3,,,0,30,,97563,3,,,0,73,,97562,3,,,0,31,,97564,3,,,0,75,,97565,3,,,0,74,,97566,3,,,0,31,,97567,3,,,0,70,,97568,3,,,0,30,,97569,3,,,0,82,,97570,3,,,0,34,,97571,3,,,0,87,,97572,3,,,0,100,,97573,3,,,0,100,,97574,3,,,0,102,,97575,3,,,0,107,,97576,3,0,27 49,0
3101,'5459',655,,97577,3,,,0,86,,97578,3,,,0,76,,97579,3,,,0,31,,97580,3,,,0,71,,97581,3,,,0,31,,97582,3,,,0,69,,97583,3,,,0,30,,97584,3,,,0,69,,97585,3,,,0,30,,97586,3,,,0,69,,97587,3,,,0,28,,97588,3,,,0,70,,97589,3,,,0,30,,97590,3,,,0,70,,97591,3,,,0,30,,97592,3,,,0,70,,97593,3,,,0,32,,97594,3,,,0,70,,97595,3,,,0,30,,97596,3,,,0,71,,97597,3,,,0,30,,97598,3,,,0,80,,97599,3,,,0,83,,97600,3,,,0,40,,97601,3,,,0,87,,97602,3,,,0,100,,97603,3,,,0,101,,97604,3,,,0,111,,97605,3,,,0,98,,97606,3,0,27 49,0
3101,'5460',705,,97608,3,,,0,101,,97609,3,,,0,51,,97610,3,,,0,79,,97611,3,,,0,78,,97607,3,,,0,35,,97612,3,,,0,70,,97613,3,,,0,30,,97614,3,,,0,68,,97615,3,,,0,30,,97616,3,,,0,70,,97617,3,,,0,29,,97618,3,,,0,70,,97619,3,,,0,30,,97620,3,,,0,70,,97621,3,,,0,31,,97622,3,,,0,70,,97623,3,,,0,31,,97624,3,,,0,71,,97625,3,,,0,33,,97626,3,,,0,80,,97627,3,,,0,81,,97628,3,,,0,41,,97629,3,,,0,88,,97630,3,,,0,98,,97631,3,,,0,101,,97632,3,,,0,114,,97633,3,,,0
3101,'5461',705,,97635,3,,,0,101,,97636,3,,,0,51,,97637,3,,,0,79,,97638,3,,,0,78,,97634,3,,,0,35,,97639,3,,,0,70,,97640,3,,,0,30,,97641,3,,,0,68,,97642,3,,,0,30,,97643,3,,,0,70,,97644,3,,,0,29,,97645,3,,,0,70,,97646,3,,,0,30,,97647,3,,,0,70,,97648,3,,,0,31,,97649,3,,,0,70,,97650,3,,,0,31,,97651,3,,,0,71,,97652,3,,,0,33,,97653,3,,,0,80,,97654,3,,,0,81,,97655,3,,,0,41,,97656,3,,,0,88,,97657,3,,,0,98,,97658,3,,,0,101,,97659,3,,,0,114,,97660,3,,,0
3101,'5462',705,,97662,3,,,0,101,,97663,3,,,0,51,,97664,3,,,0,79,,97665,3,,,0,78,,97661,3,,,0,35,,97666,3,,,0,70,,97667,3,,,0,30,,97668,3,,,0,68,,97669,3,,,0,30,,97670,3,,,0,70,,97671,3,,,0,29,,97672,3,,,0,70,,97673,3,,,0,30,,97674,3,,,0,70,,97675,3,,,0,31,,97676,3,,,0,70,,97677,3,,,0,31,,97678,3,,,0,71,,97679,3,,,0,33,,97680,3,,,0,80,,97681,3,,,0,81,,97682,3,,,0,41,,97683,3,,,0,88,,97684,3,,,0,98,,97685,3,,,0,101,,97686,3,,,0,114,,97687,3,,,0
3101,'5463',705,,97689,3,,,0,101,,97690,3,,,0,51,,97691,3,,,0,79,,97692,3,,,0,78,,97688,3,,,0,35,,97693,3,,,0,70,,97694,3,,,0,30,,97695,3,,,0,68,,97696,3,,,0,30,,97697,3,,,0,70,,97698,3,,,0,29,,97699,3,,,0,70,,97700,3,,,0,30,,97701,3,,,0,70,,97702,3,,,0,31,,97703,3,,,0,70,,97704,3,,,0,31,,97705,3,,,0,71,,97706,3,,,0,33,,97707,3,,,0,80,,97708,3,,,0,81,,97709,3,,,0,41,,97710,3,,,0,88,,97711,3,,,0,98,,97712,3,,,0,101,,97713,3,,,0,114,,97714,3,,,0
3201,'5456',710,,97813,22,,,0,43,,97816,22,,,0
3201,'5458',710,,97831,22,,,0,43,,97834,22,,,0
