1201,'4832',908,,66922,10,,,0,100,,66923,10,,,0,101,,66926,10,,,0,100,,66924,10,,,0,100,,66925,10,,,0,100,,82778,10,,,0,100,,82780,10,,,0,100,,82779,10,,,0,103,,66930,10,,,0,100,,82781,10,,,0,100,,66932,10,,,0
1201,'5453',908,,78888,10,,,0,100,,78889,10,,,0,101,,82782,10,,,0,100,,78890,10,,,0,100,,78891,10,,,0,100,,82783,10,,,0,100,,82785,10,,,0,100,,82784,10,,,0,103,,78896,10,,,0,100,,82786,10,,,0,100,,78898,10,,,0
1201,'5456',653,,91639,10,,,0,81,,91640,10,,,0,68,,91636,10,,,0,32,,91646,10,,,0,71,,91633,10,,,0,31,,91641,10,,,0,69,,91634,10,,,0,30,,91621,10,,,0,70,,91626,10,,,0,30,,91637,10,,,0,70,,91629,10,,,0,30,,91622,10,,,0,70,,91627,10,,,0,29,,91638,10,,,0,71,,91628,10,,,0,31,,91623,10,,,0,22,,91630,10,,,0,49,,91620,10,,,0,25,,91631,10,,,0,75,,91632,10,,,0,20,,91644,10,,,0,24,,91625,10,,,0,56,,91645,10,,,0,30,,91624,10,,,0,70,,91635,10,,,0,37,,91642,10,,,0,71,,91643,10,,,0
1201,'5458',653,,91666,10,,,0,81,,91667,10,,,0,68,,91663,10,,,0,32,,91673,10,,,0,71,,91660,10,,,0,31,,91668,10,,,0,69,,91661,10,,,0,30,,91648,10,,,0,70,,91653,10,,,0,30,,91664,10,,,0,70,,91656,10,,,0,30,,91649,10,,,0,70,,91654,10,,,0,29,,91665,10,,,0,71,,91655,10,,,0,31,,91650,10,,,0,22,,91657,10,,,0,49,,91647,10,,,0,25,,91658,10,,,0,75,,91659,10,,,0,20,,91671,10,,,0,24,,91652,10,,,0,56,,91672,10,,,0,30,,91651,10,,,0,70,,91662,10,,,0,37,,91669,10,,,0,71,,91670,10,,,0
1201,'5459',908,,91676,10,,,0,100,,91679,10,,,0,101,,91682,10,,,0,100,,91674,10,,,0,100,,91675,10,,,0,100,,91680,10,,,0,100,,91683,10,,,0,100,,91677,10,,,0,103,,91678,10,,,0,100,,91681,10,,,0,100,,91684,10,,,0
1201,'5460',908,,91685,10,,,0,100,,91686,10,,,0,101,,91689,10,,,0,100,,91687,10,,,0,100,,91688,10,,,0,100,,91690,10,,,0,100,,91692,10,,,0,100,,91691,10,,,0,103,,91693,10,,,0,100,,91694,10,,,0,100,,91695,10,,,0
1201,'5461',908,,91696,10,,,0,100,,91697,10,,,0,101,,91700,10,,,0,100,,91698,10,,,0,100,,91699,10,,,0,100,,91701,10,,,0,100,,91703,10,,,0,100,,91702,10,,,0,103,,91704,10,,,0,100,,91705,10,,,0,100,,91706,10,,,0
1201,'5462',908,,91707,10,,,0,100,,91708,10,,,0,101,,91711,10,,,0,100,,91709,10,,,0,100,,91710,10,,,0,100,,91712,10,,,0,100,,91714,10,,,0,100,,91713,10,,,0,103,,91715,10,,,0,100,,91716,10,,,0,100,,91717,10,,,0
1201,'5463',908,,91718,10,,,0,100,,91719,10,,,0,101,,91722,10,,,0,100,,91720,10,,,0,100,,91721,10,,,0,100,,91723,10,,,0,100,,91725,10,,,0,100,,91724,10,,,0,103,,91726,10,,,0,100,,91727,10,,,0,100,,91728,10,,,0
2701,'4832',654,,70766,4,,,0,82,,79840,4,,,0,70,,70768,4,,,0,29,,84049,4,,,0,70,,70770,4,,,0,30,,84050,4,,,0,69,,70772,4,,,0,28,,70773,4,,,0,27,,84051,4,,,0,67,,70775,4,,,0,25,,70776,4,,,0,65,,70777,4,,,0,23,,70778,4,,,0,64,,70779,4,,,0,22,,70780,4,,,0,24,,70781,4,,,0,63,,70782,4,,,0,23,,70783,4,,,0,23,,70784,4,,,0,63,,70785,4,,,0,23,,70786,4,,,0,63,,70787,4,,,0,23,,70788,4,,,0,23,,70789,4,,,0,63,,70790,4,,,0,23,,70791,4,,,0,63,,70792,4,,,0,23,,84052,4,,,0,24,,70794,4,,,0,65,,70795,4,,,0,25,,70796,4,,,0,68,,84053,4,,,0,29,,70798,4,,,0,70,,79843,4,,,0,30,,84054,4,,,0,76,,70801,4,,,0,42,,84055,4,,,0,79,,70803,4,,,0,99,,84056,4,0,16 49,0
2701,'5453',654,,79854,4,,,0,82,,84057,4,,,0,70,,79856,4,,,0,29,,79857,4,,,0,70,,79858,4,,,0,30,,84058,4,,,0,69,,84059,4,,,0,28,,79861,4,,,0,27,,84060,4,,,0,67,,79863,4,,,0,25,,79864,4,,,0,65,,79865,4,,,0,23,,79866,4,,,0,64,,84061,4,,,0,22,,79868,4,,,0,24,,79869,4,,,0,63,,79870,4,,,0,23,,84062,4,,,0,23,,79872,4,,,0,63,,79873,4,,,0,23,,79874,4,,,0,63,,84063,4,,,0,23,,79876,4,,,0,23,,79877,4,,,0,63,,79878,4,,,0,23,,84064,4,,,0,63,,79880,4,,,0,23,,84065,4,,,0,24,,79882,4,,,0,65,,84066,4,,,0,25,,79884,4,,,0,68,,79885,4,,,0,29,,84067,4,,,0,70,,79887,4,,,0,30,,84068,4,,,0,76,,84069,4,,,0,42,,84070,4,,,0,79,,84071,4,,,0,99,,84072,4,0,16 49,0
2701,'5456',522,,95969,4,,,0,81,,95970,4,,,0,26,,95971,4,,,0,22,,95972,4,,,0,70,,95973,4,,,0,24,,95974,4,,,0,63,,95975,4,,,0,29,,95976,4,,,0,20,,95977,4,,,0,63,,95978,4,,,0,24,,95979,4,,,0,64,,95980,4,,,0,26,,95981,4,,,0,66,,95982,4,,,0,28,,95983,4,,,0,26,,95984,4,,,0,66,,95985,4,,,0,26,,95986,4,,,0,66,,95987,4,,,0,26,,95988,4,,,0,65,,95989,4,,,0,25,,95990,4,,,0,24,,95991,4,,,0,62,,96025,4,,,0,3,,96014,4,0,31 49,0,5,,95992,4,,,0,18,,95993,4,,,0,1,,96015,4,0,31 49,0,14,,96016,4,0,31 49,0,56,,96017,4,0,31 49,0,1,,95994,4,,,0,13,,96018,4,0,31 49,0,18,,96019,4,0,31 49,0,16,,96020,4,0,31 49,0,57,,96021,4,0,31 49,0,14,,96022,4,0,31 49,0,18,,96023,4,0,31 49,0,2,,95997,4,,,0,54,,95998,4,,,0,12,,95999,4,,,0,2,,96024,4,0,31 49,0,14,,96000,4,,,0,15,,96001,4,,,0,56,,96002,4,,,0,20,,96003,4,,,0,23,,96004,4,,,0,66,,96005,4,,,0,28,,96006,4,,,0,69,,96007,4,,,0,28,,96008,4,,,0,69,,96009,4,,,0,30,,96010,4,,,0,76,,96011,4,,,0,39,,96012,4,,,0,77,,96013,4,,,0
2701,'5458',522,,96026,4,,,0,81,,96027,4,,,0,26,,96028,4,,,0,22,,96029,4,,,0,70,,96030,4,,,0,24,,96031,4,,,0,63,,96032,4,,,0,29,,96033,4,,,0,20,,96034,4,,,0,63,,96035,4,,,0,24,,96036,4,,,0,64,,96037,4,,,0,26,,96038,4,,,0,66,,96039,4,,,0,28,,96040,4,,,0,26,,96041,4,,,0,66,,96042,4,,,0,26,,96043,4,,,0,66,,96044,4,,,0,26,,96045,4,,,0,64,,96047,4,,,0,1,,96046,4,,,0,25,,96048,4,,,0,24,,96049,4,,,0,62,,96086,4,,,0,3,,96075,4,0,31 49,0,23,,96050,4,,,0,1,,96076,4,0,31 49,0,14,,96077,4,0,31 49,0,56,,96078,4,0,31 49,0,1,,96051,4,,,0,13,,96079,4,0,31 49,0,18,,96080,4,0,31 49,0,16,,96081,4,0,31 49,0,57,,96082,4,0,31 49,0,14,,96083,4,0,31 49,0,18,,96084,4,0,31 49,0,2,,96054,4,,,0,54,,96055,4,,,0,12,,96056,4,,,0,2,,96085,4,0,31 49,0,14,,96057,4,,,0,15,,96058,4,,,0,56,,96059,4,,,0,20,,96060,4,,,0,23,,96061,4,,,0,66,,96062,4,,,0,28,,96063,4,,,0,69,,96064,4,,,0,28,,96065,4,,,0,69,,96066,4,,,0,30,,96067,4,,,0,76,,96068,4,,,0,39,,96069,4,,,0,77,,96070,4,,,0,82,,96071,4,,,0,40,,96072,4,,,0,78,,96073,4,0,16 49,0,78,,96074,4,0,16 49,0
2701,'5459',625,,96087,4,,,0,80,,96088,4,,,0,30,,96089,4,,,0,69,,96090,4,,,0,29,,96091,4,,,0,26,,96092,4,,,0,66,,96093,4,,,0,27,,96094,4,,,0,67,,96095,4,,,0,25,,96096,4,,,0,62,,96097,4,,,0,22,,96098,4,,,0,22,,96099,4,,,0,61,,96100,4,,,0,22,,96101,4,,,0,23,,96102,4,,,0,64,,96103,4,,,0,22,,96104,4,,,0,63,,96105,4,,,0,23,,96106,4,,,0,21,,96107,4,,,0,61,,96108,4,,,0,22,,96109,4,,,0,22,,96110,4,,,0,60,,96111,4,,,0,21,,96112,4,,,0,20,,96113,4,,,0,61,,96114,4,,,0,21,,96115,4,,,0,20,,96116,4,,,0,58,,96117,4,,,0,20,,96118,4,,,0,20,,96119,4,,,0,61,,96120,4,,,0,26,,96121,4,,,0,66,,96122,4,,,0,28,,96123,4,,,0,70,,96124,4,,,0,29,,96125,4,,,0,69,,96126,4,,,0,30,,96127,4,,,0,73,,96128,4,,,0,31,,96129,4,,,0,71,,96130,4,,,0,31,,96131,4,,,0,69,,96132,4,,,0,29,,96133,4,,,0,70,,96134,4,,,0,30,,96135,4,0,16 49,0,68,,96136,4,0,16 49,0
2701,'5460',654,,96138,4,,,0,83,,96139,4,,,0,70,,96140,4,,,0,29,,96141,4,,,0,70,,96142,4,,,0,31,,96137,4,,,0,70,,96143,4,,,0,25,,96144,4,,,0,27,,96145,4,,,0,67,,96146,4,,,0,25,,96147,4,,,0,65,,96148,4,,,0,24,,96149,4,,,0,63,,96150,4,,,0,22,,96151,4,,,0,23,,96152,4,,,0,64,,96153,4,,,0,23,,96154,4,,,0,23,,96155,4,,,0,63,,96156,4,,,0,23,,96157,4,,,0,63,,96158,4,,,0,24,,96159,4,,,0,22,,96160,4,,,0,63,,96161,4,,,0,23,,96162,4,,,0,63,,96163,4,,,0,23,,96164,4,,,0,24,,96165,4,,,0,66,,96166,4,,,0,25,,96167,4,,,0,68,,96168,4,,,0,28,,96169,4,,,0,70,,96170,4,,,0,30,,96171,4,,,0,75,,96172,4,,,0,42,,96173,4,,,0,79,,96174,4,,,0,102,,96175,4,0,16 49,0
2701,'5461',654,,96177,4,,,0,83,,96178,4,,,0,70,,96179,4,,,0,29,,96180,4,,,0,70,,96181,4,,,0,31,,96176,4,,,0,70,,96182,4,,,0,25,,96183,4,,,0,27,,96184,4,,,0,67,,96185,4,,,0,25,,96186,4,,,0,65,,96187,4,,,0,24,,96188,4,,,0,63,,96189,4,,,0,22,,96190,4,,,0,23,,96191,4,,,0,64,,96192,4,,,0,23,,96193,4,,,0,23,,96194,4,,,0,63,,96195,4,,,0,23,,96196,4,,,0,63,,96197,4,,,0,24,,96198,4,,,0,22,,96199,4,,,0,63,,96200,4,,,0,23,,96201,4,,,0,63,,96202,4,,,0,23,,96203,4,,,0,24,,96204,4,,,0,66,,96205,4,,,0,25,,96206,4,,,0,68,,96207,4,,,0,28,,96208,4,,,0,70,,96209,4,,,0,30,,96210,4,,,0,75,,96211,4,,,0,42,,96212,4,,,0,79,,96213,4,,,0,102,,96214,4,0,16 49,0
2701,'5462',654,,96216,4,,,0,83,,96217,4,,,0,70,,96218,4,,,0,29,,96219,4,,,0,70,,96220,4,,,0,31,,96215,4,,,0,70,,96221,4,,,0,25,,96222,4,,,0,27,,96223,4,,,0,67,,96224,4,,,0,25,,96225,4,,,0,65,,96226,4,,,0,24,,96227,4,,,0,63,,96228,4,,,0,22,,96229,4,,,0,23,,96230,4,,,0,64,,96231,4,,,0,23,,96232,4,,,0,23,,96233,4,,,0,63,,96234,4,,,0,23,,96235,4,,,0,63,,96236,4,,,0,24,,96237,4,,,0,22,,96238,4,,,0,63,,96239,4,,,0,23,,96240,4,,,0,63,,96241,4,,,0,23,,96242,4,,,0,24,,96243,4,,,0,66,,96244,4,,,0,25,,96245,4,,,0,68,,96246,4,,,0,28,,96247,4,,,0,70,,96248,4,,,0,30,,96249,4,,,0,75,,96250,4,,,0,42,,96251,4,,,0,79,,96252,4,,,0,102,,96253,4,0,16 49,0
2701,'5463',654,,96255,4,,,0,83,,96256,4,,,0,70,,96257,4,,,0,29,,96258,4,,,0,70,,96259,4,,,0,31,,96254,4,,,0,70,,96260,4,,,0,25,,96261,4,,,0,27,,96262,4,,,0,67,,96263,4,,,0,25,,96264,4,,,0,65,,96265,4,,,0,24,,96266,4,,,0,63,,96267,4,,,0,22,,96268,4,,,0,23,,96269,4,,,0,64,,96270,4,,,0,23,,96271,4,,,0,23,,96272,4,,,0,63,,96273,4,,,0,23,,96274,4,,,0,63,,96275,4,,,0,24,,96276,4,,,0,22,,96277,4,,,0,63,,96278,4,,,0,23,,96279,4,,,0,63,,96280,4,,,0,23,,96281,4,,,0,24,,96282,4,,,0,66,,96283,4,,,0,25,,96284,4,,,0,68,,96285,4,,,0,28,,96286,4,,,0,70,,96287,4,,,0,30,,96288,4,,,0,75,,96289,4,,,0,42,,96290,4,,,0,79,,96291,4,,,0,102,,96292,4,0,16 49,0
