1001,'5456',619,,90884,20,0,46 37,0,82,,90889,20,0,46 37,0,36,,90885,20,0,46 37,0,76,,90886,20,0,46 37,0,44,,90887,20,0,46 37,0,80,,90888,20,0,46 37,0,95,,90892,20,0,46 37,0,115,,90890,20,0,46 37,0,90,,90893,20,0,46 37,0,75,,90891,20,0,46 37,0,46,,90896,20,0,46 37,0,81,,90894,20,0,46 37,0,94,,90897,20,0,46 37,0,81,,90895,20,0,46 37,0,88,,90898,20,0,46 37,0,42,,90899,20,0,46 37,0,61,,90903,20,0,46 37,0,31,,90900,20,0,46 37,0,96,,90902,20,0,46 37,0,101,,90901,20,0,46 37,0
1001,'5458',619,,90904,20,0,46 37,0,82,,90909,20,0,46 37,0,36,,90905,20,0,46 37,0,76,,90906,20,0,46 37,0,44,,90907,20,0,46 37,0,80,,90908,20,0,46 37,0,95,,90912,20,0,46 37,0,115,,90910,20,0,46 37,0,90,,90913,20,0,46 37,0,75,,90911,20,0,46 37,0,46,,90916,20,0,46 37,0,81,,90914,20,0,46 37,0,94,,90917,20,0,46 37,0,81,,90915,20,0,46 37,0,88,,90918,20,0,46 37,0,42,,90919,20,0,46 37,0,61,,90923,20,0,46 37,0,31,,90920,20,0,46 37,0,96,,90922,20,0,46 37,0,101,,90921,20,0,46 37,0
1001,'5459',716,,90933,20,0,46 37,0,101,,90936,20,0,46 37,0,101,,90924,20,0,46 37,0,96,,90928,20,0,46 37,0,108,,90930,20,0,46 37,0,110,,90929,20,0,46 37,0,96,,90926,20,0,46 37,0,100,,90925,20,0,46 37,0,100,,90927,20,0,46 37,0,103,,90931,20,0,46 37,0,103,,90932,20,0,46 37,0,100,,90934,20,0,46 37,0,99,,90935,20,0,46 37,0,99,,90937,20,0,46 37,0
1001,'5460',717,,90943,20,0,46 37,0,100,,90942,20,0,46 37,0,99,,90939,20,0,46 37,0,104,,90940,20,0,46 37,0,100,,90946,20,0,46 37,0,110,,90945,20,0,46 37,0,90,,90938,20,0,46 37,0,107,,90941,20,0,46 37,0,100,,90944,20,0,46 37,0,99,,90948,20,0,46 37,0,103,,90947,20,0,46 37,0,105,,90949,20,0,46 37,0,99,,90950,20,0,46 37,0
1001,'5461',717,,90957,20,0,46 37,0,100,,90956,20,0,46 37,0,99,,90953,20,0,46 37,0,104,,90954,20,0,46 37,0,100,,90960,20,0,46 37,0,110,,90959,20,0,46 37,0,90,,90952,20,0,46 37,0,107,,90955,20,0,46 37,0,100,,90958,20,0,46 37,0,99,,90962,20,0,46 37,0,103,,90961,20,0,46 37,0,105,,90963,20,0,46 37,0,99,,90964,20,0,46 37,0
1001,'5462',717,,90971,20,0,46 37,0,100,,90970,20,0,46 37,0,99,,90967,20,0,46 37,0,104,,90968,20,0,46 37,0,100,,90974,20,0,46 37,0,110,,90973,20,0,46 37,0,90,,90966,20,0,46 37,0,107,,90969,20,0,46 37,0,100,,90972,20,0,46 37,0,99,,90976,20,0,46 37,0,103,,90975,20,0,46 37,0,105,,90977,20,0,46 37,0,99,,90978,20,0,46 37,0
1001,'5463',717,,90985,20,0,46 37,0,100,,90984,20,0,46 37,0,99,,90981,20,0,46 37,0,104,,90982,20,0,46 37,0,100,,90988,20,0,46 37,0,110,,90987,20,0,46 37,0,90,,90980,20,0,46 37,0,107,,90983,20,0,46 37,0,100,,90986,20,0,46 37,0,99,,90990,20,0,46 37,0,103,,90989,20,0,46 37,0,105,,90991,20,0,46 37,0,99,,90992,20,0,46 37,0
2400,'5456',636,,94437,35,,,0,75,,94438,35,,,0,39,,94439,35,,,0,102,,94440,35,,,0,149,,94442,35,,,0,100,,94441,35,,,0,101,,94443,35,,,0,100,,94444,35,,,0,100,,94445,35,,,0,100,,94446,35,,,0,49,,94447,35,,,0,80,,94448,35,,,0,92,,94449,35,,,0,97,,94450,35,,,0,100,,94451,35,,,0,110,,94452,35,,,0,122,,94453,35,,,0,170,,94454,35,,,0,130,,94455,35,,,0
2400,'5458',636,,94456,35,,,0,75,,94457,35,,,0,39,,94458,35,,,0,102,,94459,35,,,0,149,,94461,35,,,0,100,,94460,35,,,0,101,,94462,35,,,0,100,,94463,35,,,0,100,,94464,35,,,0,100,,94465,35,,,0,49,,94466,35,,,0,80,,94467,35,,,0,92,,94468,35,,,0,97,,94469,35,,,0,100,,94470,35,,,0,110,,94471,35,,,0,122,,94472,35,,,0,170,,94473,35,,,0,130,,94474,35,,,0
2400,'5459',717,,94479,35,,,0,123,,94477,35,,,0,105,,94475,35,,,0,112,,94476,35,,,0,100,,94478,35,,,0,100,,94484,35,,,0,98,,94481,35,,,0,100,,94480,35,,,0,100,,94483,35,,,0,97,,94482,35,,,0,103,,94485,35,,,0,152,,94486,35,,,0,123,,94487,35,,,0,125,,94488,35,,,0,167,,94489,35,,,0
2400,'5460',729,,94491,1,,,0,107,,94490,35,,,0,170,,94493,35,,,0,130,,94492,35,,,0,173,,94494,35,,,0,130,,94495,35,,,0,170,,94496,35,,,0,130,,94497,35,,,0,167,,94498,35,,,0,125,,94499,35,,,0,124,,94500,35,,,0,167,,94501,35,,,0
2400,'5461',729,,94503,1,,,0,107,,94502,35,,,0,170,,94505,35,,,0,130,,94504,35,,,0,173,,94506,35,,,0,130,,94507,35,,,0,170,,94508,35,,,0,130,,94509,35,,,0,167,,94510,35,,,0,125,,94511,35,,,0,124,,94512,35,,,0,167,,94513,35,,,0
2400,'5462',729,,94515,1,,,0,107,,94514,35,,,0,170,,94517,35,,,0,130,,94516,35,,,0,173,,94518,35,,,0,130,,94519,35,,,0,170,,94520,35,,,0,130,,94521,35,,,0,167,,94522,35,,,0,125,,94523,35,,,0,124,,94524,35,,,0,167,,94525,35,,,0
2400,'5463',729,,94527,1,,,0,107,,94526,35,,,0,170,,94529,35,,,0,130,,94528,35,,,0,173,,94530,35,,,0,130,,94531,35,,,0,170,,94532,35,,,0,130,,94533,35,,,0,167,,94534,35,,,0,125,,94535,35,,,0,124,,94536,35,,,0,167,,94537,35,,,0
2500,'5456',616,,94640,42,,,0,37,,94642,42,,,0,73,,94646,42,,,0,79,,94641,42,,,0,28,,94643,42,,,0,94,,94644,42,,,0,104,,94645,42,,,0,100,,94647,42,,,0,101,,94648,42,,,0,100,,94649,42,,,0,100,,94650,42,,,0,99,,94651,34,,,0,80,,94652,42,,,0,47,,94653,42,,,0,92,,94654,42,,,0,100,,94655,42,,,0,100,,94656,42,,,0,160,,94657,42,,,0,127,,94658,42,,,0,170,,94659,42,4,,0
2500,'5458',616,,94660,42,,,0,37,,94662,42,,,0,73,,94666,42,,,0,79,,94661,42,,,0,28,,94663,42,,,0,94,,94664,42,,,0,104,,94665,42,,,0,100,,94667,42,,,0,101,,94668,42,,,0,100,,94669,42,,,0,100,,94670,42,,,0,99,,94671,34,,,0,80,,94672,42,,,0,47,,94673,42,,,0,92,,94674,42,,,0,100,,94675,42,,,0,100,,94676,42,,,0,160,,94677,42,,,0,127,,94678,42,,,0,170,,94679,42,4,,0
2500,'5459',800,,94686,42,,,0,110,,94684,42,,,0,115,,94688,42,,,0,102,,94682,42,,,0,100,,94680,42,,,0,98,,94681,42,,,0,100,,94683,42,,,0,100,,94687,42,,,0,100,,94685,42,,,0,100,,94689,42,,,0,102,,94690,42,,,0,123,,94691,42,,,0,161,,94692,42,,,0,127,,94693,42,,,0,169,,94694,42,4,,0
2500,'5460',751,,94697,42,,,0,170,,94695,42,,,0,130,,94696,42,,,0,170,,94698,42,,,0,133,,94699,42,,,0,170,,94700,42,,,0,130,,94701,42,,,0,167,,94702,42,,,0,130,,94703,42,,,0,160,,94704,42,,,0,127,,94705,42,,,0
2500,'5461',751,,94708,42,,,0,170,,94706,42,,,0,130,,94707,42,,,0,170,,94709,42,,,0,133,,94710,42,,,0,170,,94711,42,,,0,130,,94712,42,,,0,167,,94713,42,,,0,130,,94714,42,,,0,160,,94715,42,,,0,127,,94716,42,,,0
2500,'5462',751,,94719,42,,,0,170,,94717,42,,,0,130,,94718,42,,,0,170,,94720,42,,,0,133,,94721,42,,,0,170,,94722,42,,,0,130,,94723,42,,,0,167,,94724,42,,,0,130,,94725,42,,,0,160,,94726,42,,,0,127,,94727,42,,,0
2500,'5463',751,,94730,42,,,0,170,,94728,42,,,0,130,,94729,42,,,0,170,,94731,42,,,0,133,,94732,42,,,0,170,,94733,42,,,0,130,,94734,42,,,0,167,,94735,42,,,0,130,,94736,42,,,0,160,,94737,42,,,0,127,,94738,42,,,0
