801,'5456',649,,90641,19,,,0,58,,90665,9,,,0,18,,90642,19,,,0,24,,90645,19,,,0,65,,90643,19,,,0,35,,90646,19,,,0,86,,90644,19,,,0,84,,90647,19,,,0,32,,90649,19,,,0,82,,90648,19,,,0,84,,90651,19,,,0,39,,90650,19,,,0,85,,90654,19,,,0,88,,90652,19,,,0,28,,90666,19,0,8 9,0,56,,90653,19,,,0,32,,90656,19,,,0,74,,90655,19,,,0,36,,90658,19,,,0,83,,90657,19,,,0,71,,90660,19,,,0,31,,90659,19,,,0,74,,90661,19,,,0,87,,90662,19,,,0,57,,90663,19,,,0,85,,90664,19,,,0
801,'5458',649,,90667,19,,,0,58,,90691,9,,,0,18,,90668,19,,,0,24,,90671,19,,,0,65,,90669,19,,,0,35,,90672,19,,,0,86,,90670,19,,,0,84,,90673,19,,,0,32,,90675,19,,,0,82,,90674,19,,,0,84,,90677,19,,,0,39,,90676,19,,,0,85,,90680,19,,,0,88,,90678,19,,,0,28,,90692,19,0,8 9,0,56,,90679,19,,,0,32,,90682,19,,,0,74,,90681,19,,,0,36,,90684,19,,,0,83,,90683,19,,,0,71,,90686,19,,,0,31,,90685,19,,,0,74,,90687,19,,,0,87,,90688,19,,,0,57,,90689,19,,,0,85,,90690,19,,,0
801,'5459',725,,90694,19,0,8 9,0,85,,90695,19,0,8 9,0,45,,90696,19,0,8 9,0,86,,90697,19,0,8 9,0,85,,90698,19,0,8 9,0,92,,90699,19,0,8 9,0,88,,90700,19,0,8 9,0,51,,90701,19,0,8 9,0,92,,90693,19,0,8 9,0,90,,90702,19,0,8 9,0,92,,90703,19,0,8 9,0,90,,90704,19,0,8 9,0,90,,90705,19,0,8 9,0,46,,90706,19,0,8 9,0,84,,90707,19,0,8 9,0
801,'5460',941,,90709,19,0,8 9,0,85,,90710,19,0,8 9,0,91,,90711,19,0,8 9,0,88,,90712,19,0,8 9,0,50,,90708,19,0,8 9,0,92,,90713,19,0,8 9,0,91,,90714,19,0,8 9,0,92,,90715,19,0,8 9,0,90,,90716,19,0,8 9,0,90,,90717,19,0,8 9,0,47,,90718,19,0,8 9,0
801,'5461',941,,90720,19,0,8 9,0,85,,90721,19,0,8 9,0,91,,90722,19,0,8 9,0,88,,90723,19,0,8 9,0,50,,90719,19,0,8 9,0,92,,90724,19,0,8 9,0,91,,90725,19,0,8 9,0,92,,90726,19,0,8 9,0,90,,90727,19,0,8 9,0,90,,90728,19,0,8 9,0,47,,90729,19,0,8 9,0
801,'5462',941,,90731,19,0,8 9,0,85,,90732,19,0,8 9,0,91,,90733,19,0,8 9,0,88,,90734,19,0,8 9,0,50,,90730,19,0,8 9,0,92,,90735,19,0,8 9,0,91,,90736,19,0,8 9,0,92,,90737,19,0,8 9,0,90,,90738,19,0,8 9,0,90,,90739,19,0,8 9,0,47,,90740,19,0,8 9,0
801,'5463',941,,90742,19,0,8 9,0,85,,90743,19,0,8 9,0,91,,90744,19,0,8 9,0,88,,90745,19,0,8 9,0,50,,90741,19,0,8 9,0,92,,90746,19,0,8 9,0,91,,90747,19,0,8 9,0,92,,90748,19,0,8 9,0,90,,90749,19,0,8 9,0,90,,90750,19,0,8 9,0,47,,90751,19,0,8 9,0
1400,'5456',618,,91738,45,,,0,20,,91739,45,,,0,18,,91740,45,,,0,56,,91741,45,,,0,16,,91742,45,,,0,6,,91729,16,,,0,6,,91743,45,,,0,10,,91744,45,,,0,7,,91730,16,,,0,46,,91745,45,,,0,6,,91731,16,,,0,6,,91746,45,,,0,8,,91732,16,,,0,5,,91747,45,,,0,8,,91733,16,,,0,5,,91748,45,,,0,7,,91734,16,,,0,3,,91749,45,,,0,4,,91750,45,,,0,45,,91751,45,,,0,5,,91752,45,,,0,8,,91735,16,,,0,6,,91753,45,,,0,6,,91736,16,,,0,6,,91754,45,,,0,7,,91737,16,,,0,6,,91755,45,,,0,11,,91756,45,,,0,53,,91757,45,,,0,12,,91758,45,,,0,13,,91759,45,,,0,13,,91760,45,,,0,13,,91761,45,,,0,53,,91762,45,,,0,13,,91763,45,,,0,13,,91764,45,,,0,14,,91765,45,,,0,53,,91766,45,,,0,13,,91767,45,,,0,13,,91768,45,,,0,12,,91769,45,,,0,13,,91770,45,,,0,53,,91771,45,,,0,13,,91772,45,,,0,13,,91773,45,,,0,14,,91774,45,,,0,53,,91775,45,,,0,14,,91776,45,,,0,12,,91777,45,,,0,15,,91778,45,,,0,11,,91779,45,,,0,53,,91780,45,,,0,21,,91781,45,,,0,7,,91812,45,,,0,7,,91782,45,,,0,17,,91783,45,,,0,56,,91784,45,,,0,15,,91785,45,,,0,15,,91786,45,,,0,13,,91787,45,,,0,56,,91788,45,,,0,15,,91789,45,,,0,15,,91790,45,,,0,56,,91791,45,,,0,16,,91792,45,,,0,13,,91793,45,,,0,14,,91794,45,,,0,15,,91795,45,,,0,53,,91796,45,,,0,14,,91797,45,,,0,15,,91798,45,,,0,17,,91799,45,,,0,59,,91800,45,,,0,19,,91801,45,,,0,20,,91802,45,,,0,60,,91803,45,,,0,20,,91804,45,,,0,20,,91805,45,,,0,60,,91806,45,,,0,20,,91807,45,,,0,70,,91808,45,,,0,30,,91809,45,,,0,70,,91810,45,,,0,29,,91811,45,,,0
1400,'5458',618,,91822,45,,,0,20,,91823,45,,,0,18,,91824,45,,,0,56,,91825,45,,,0,16,,91826,45,,,0,6,,91813,16,,,0,6,,91827,45,,,0,10,,91828,45,,,0,7,,91814,16,,,0,46,,91829,45,,,0,6,,91815,16,,,0,6,,91830,45,,,0,8,,91816,16,,,0,5,,91831,45,,,0,8,,91817,16,,,0,5,,91832,45,,,0,7,,91818,16,,,0,3,,91833,45,,,0,4,,91834,45,,,0,45,,91835,45,,,0,5,,91836,45,,,0,8,,91819,16,,,0,6,,91837,45,,,0,6,,91820,16,,,0,6,,91838,45,,,0,7,,91821,16,,,0,6,,91839,45,,,0,11,,91840,45,,,0,53,,91841,45,,,0,12,,91842,45,,,0,13,,91843,45,,,0,13,,91844,45,,,0,13,,91845,45,,,0,53,,91846,45,,,0,13,,91847,45,,,0,13,,91848,45,,,0,14,,91849,45,,,0,53,,91850,45,,,0,13,,91851,45,,,0,13,,91852,45,,,0,12,,91853,45,,,0,13,,91854,45,,,0,53,,91855,45,,,0,13,,91856,45,,,0,13,,91857,45,,,0,14,,91858,45,,,0,53,,91859,45,,,0,14,,91860,45,,,0,12,,91861,45,,,0,15,,91862,45,,,0,11,,91863,45,,,0,53,,91864,45,,,0,21,,91865,45,,,0,7,,91900,45,,,0,7,,91866,45,,,0,17,,91867,45,,,0,56,,91868,45,,,0,15,,91869,45,,,0,15,,91870,45,,,0,13,,91871,45,,,0,56,,91872,45,,,0,15,,91873,45,,,0,15,,91874,45,,,0,56,,91875,45,,,0,16,,91876,45,,,0,13,,91877,45,,,0,14,,91878,45,,,0,15,,91879,45,,,0,53,,91880,45,,,0,14,,91881,45,,,0,15,,91882,45,,,0,17,,91883,45,,,0,59,,91884,45,,,0,19,,91885,45,,,0,20,,91886,45,,,0,60,,91887,45,,,0,20,,91888,45,,,0,20,,91889,45,,,0,60,,91890,45,,,0,20,,91891,45,,,0,70,,91892,45,,,0,30,,91893,45,,,0,70,,91894,45,,,0,29,,91895,45,,,0,70,,91896,45,,,0,30,,91897,45,,,0,70,,91898,45,,,0,30,,91899,45,,,0
1400,'5459',656,,91925,45,,,0,61,,91926,45,,,0,20,,91909,45,,,0,18,,91924,45,,,0,56,,91903,45,,,0,15,,91908,45,,,0,15,,91907,45,,,0,15,,91923,45,,,0,55,,91921,45,,,0,15,,91906,45,,,0,15,,91902,45,,,0,15,,91922,45,,,0,55,,91901,45,,,0,16,,91911,45,,,0,15,,91913,45,,,0,15,,91927,45,,,0,56,,91929,45,,,0,15,,91914,45,,,0,16,,91905,45,,,0,56,,91928,45,,,0,16,,91904,45,,,0,16,,91910,45,,,0,15,,91917,45,,,0,55,,91930,45,,,0,16,,91915,45,,,0,15,,91931,45,,,0,15,,91916,45,,,0,55,,91918,45,,,0,15,,91932,45,,,0,16,,91920,45,,,0,15,,91912,45,,,0,56,,91919,45,,,0,15,,91943,45,,,0,15,,91941,45,,,0,15,,91944,45,,,0,54,,91938,45,,,0,15,,91937,45,,,0,14,,91934,45,,,0,15,,91945,45,,,0,54,,91939,45,,,0,15,,91940,45,,,0,15,,91947,45,,,0,15,,91942,45,,,0,55,,91935,45,,,0,15,,91936,45,,,0,14,,91946,45,,,0,14,,91933,45,,,0,14,,91951,45,,,0,55,,91948,45,,,0,15,,91949,45,,,0,15,,91950,45,,,0,56,,91952,45,,,0,20,,91954,45,,,0,20,,91955,45,,,0,60,,91956,45,,,0,20,,91957,45,,,0,19,,91953,45,,,0,20,,91961,45,,,0,60,,91960,45,,,0,21,,91959,45,,,0,67,,91958,45,,,0,30,,91962,45,,,0,70,,91963,45,,,0,30,,91964,45,,,0,70,,91965,45,,,0,29,,91966,45,,,0,68,,91967,45,,,0,30,,91968,45,,,0
1400,'5460',649,,92013,45,,,0,70,,92001,45,,,0,30,,92023,45,,,0,64,,92008,45,,,0,20,,91979,45,,,0,15,,92026,45,,,0,55,,92007,45,,,0,15,,91992,45,,,0,15,,91999,45,,,0,16,,92020,45,,,0,55,,91983,45,,,0,15,,92011,45,,,0,15,,91980,45,,,0,15,,92010,45,,,0,55,,91984,45,,,0,15,,91993,45,,,0,15,,92000,45,,,0,15,,92022,45,,,0,55,,91982,45,,,0,16,,92012,45,,,0,15,,91985,45,,,0,16,,92009,45,,,0,55,,91981,45,,,0,15,,91990,45,,,0,14,,91970,45,,,0,15,,91997,45,,,0,55,,92019,45,,,0,15,,91972,45,,,0,15,,92006,45,,,0,15,,91976,45,,,0,55,,92003,45,,,0,15,,91977,45,,,0,15,,91988,45,,,0,15,,91969,45,,,0,55,,91996,45,,,0,15,,92018,45,,,0,15,,91975,45,,,0,15,,92004,45,,,0,55,,91973,45,,,0,15,,92005,45,,,0,15,,91974,45,,,0,15,,91991,45,,,0,55,,91971,45,,,0,14,,91998,45,,,0,15,,92021,45,,,0,15,,91978,45,,,0,54,,92015,45,,,0,18,,92017,45,,,0,20,,91987,45,,,0,60,,91989,45,,,0,20,,92002,45,,,0,21,,92025,45,,,0,69,,92014,45,,,0,29,,91986,45,,,0,70,,91994,45,,,0,30,,92024,45,,,0,69,,92016,45,,,0,29,,91995,45,,,0
1400,'5461',649,,92071,45,,,0,70,,92059,45,,,0,30,,92081,45,,,0,64,,92066,45,,,0,20,,92037,45,,,0,15,,92084,45,,,0,55,,92065,45,,,0,15,,92050,45,,,0,15,,92057,45,,,0,16,,92078,45,,,0,55,,92041,45,,,0,15,,92069,45,,,0,15,,92038,45,,,0,15,,92068,45,,,0,55,,92042,45,,,0,15,,92051,45,,,0,15,,92058,45,,,0,15,,92080,45,,,0,55,,92040,45,,,0,16,,92070,45,,,0,15,,92043,45,,,0,16,,92067,45,,,0,55,,92039,45,,,0,15,,92048,45,,,0,14,,92028,45,,,0,15,,92055,45,,,0,55,,92077,45,,,0,15,,92030,45,,,0,15,,92064,45,,,0,15,,92034,45,,,0,55,,92061,45,,,0,15,,92035,45,,,0,15,,92046,45,,,0,15,,92027,45,,,0,55,,92054,45,,,0,15,,92076,45,,,0,15,,92033,45,,,0,15,,92062,45,,,0,55,,92031,45,,,0,15,,92063,45,,,0,15,,92032,45,,,0,15,,92049,45,,,0,55,,92029,45,,,0,14,,92056,45,,,0,15,,92079,45,,,0,15,,92036,45,,,0,54,,92073,45,,,0,18,,92075,45,,,0,20,,92045,45,,,0,60,,92047,45,,,0,20,,92060,45,,,0,21,,92083,45,,,0,69,,92072,45,,,0,29,,92044,45,,,0,70,,92052,45,,,0,30,,92082,45,,,0,69,,92074,45,,,0,29,,92053,45,,,0
1400,'5462',649,,92129,45,,,0,70,,92117,45,,,0,30,,92139,45,,,0,64,,92124,45,,,0,20,,92095,45,,,0,15,,92142,45,,,0,55,,92123,45,,,0,15,,92108,45,,,0,15,,92115,45,,,0,16,,92136,45,,,0,55,,92099,45,,,0,15,,92127,45,,,0,15,,92096,45,,,0,15,,92126,45,,,0,55,,92100,45,,,0,15,,92109,45,,,0,15,,92116,45,,,0,15,,92138,45,,,0,55,,92098,45,,,0,16,,92128,45,,,0,15,,92101,45,,,0,16,,92125,45,,,0,55,,92097,45,,,0,15,,92106,45,,,0,14,,92086,45,,,0,15,,92113,45,,,0,55,,92135,45,,,0,15,,92088,45,,,0,15,,92122,45,,,0,15,,92092,45,,,0,55,,92119,45,,,0,15,,92093,45,,,0,15,,92104,45,,,0,15,,92085,45,,,0,55,,92112,45,,,0,15,,92134,45,,,0,15,,92091,45,,,0,15,,92120,45,,,0,55,,92089,45,,,0,15,,92121,45,,,0,15,,92090,45,,,0,15,,92107,45,,,0,55,,92087,45,,,0,14,,92114,45,,,0,15,,92137,45,,,0,15,,92094,45,,,0,54,,92131,45,,,0,18,,92133,45,,,0,20,,92103,45,,,0,60,,92105,45,,,0,20,,92118,45,,,0,21,,92141,45,,,0,69,,92130,45,,,0,29,,92102,45,,,0,70,,92110,45,,,0,30,,92140,45,,,0,69,,92132,45,,,0,29,,92111,45,,,0
1400,'5463',649,,92187,45,,,0,70,,92175,45,,,0,30,,92197,45,,,0,64,,92182,45,,,0,20,,92153,45,,,0,15,,92200,45,,,0,55,,92181,45,,,0,15,,92166,45,,,0,15,,92173,45,,,0,16,,92194,45,,,0,55,,92157,45,,,0,15,,92185,45,,,0,15,,92154,45,,,0,15,,92184,45,,,0,55,,92158,45,,,0,15,,92167,45,,,0,15,,92174,45,,,0,15,,92196,45,,,0,55,,92156,45,,,0,16,,92186,45,,,0,15,,92159,45,,,0,16,,92183,45,,,0,55,,92155,45,,,0,15,,92164,45,,,0,14,,92144,45,,,0,15,,92171,45,,,0,55,,92193,45,,,0,15,,92146,45,,,0,15,,92180,45,,,0,15,,92150,45,,,0,55,,92177,45,,,0,15,,92151,45,,,0,15,,92162,45,,,0,15,,92143,45,,,0,55,,92170,45,,,0,15,,92192,45,,,0,15,,92149,45,,,0,15,,92178,45,,,0,55,,92147,45,,,0,15,,92179,45,,,0,15,,92148,45,,,0,15,,92165,45,,,0,55,,92145,45,,,0,14,,92172,45,,,0,15,,92195,45,,,0,15,,92152,45,,,0,54,,92189,45,,,0,18,,92191,45,,,0,20,,92161,45,,,0,60,,92163,45,,,0,20,,92176,45,,,0,21,,92199,45,,,0,69,,92188,45,,,0,29,,92160,45,,,0,70,,92168,45,,,0,30,,92198,45,,,0,69,,92190,45,,,0,29,,92169,45,,,0
