1700,'5456',817,,93601,28,,,0
1700,'5458',817,,93602,28,,,0
2600,'5456',613,,94836,36,,,0,30,,94837,36,,,0,62,,94838,36,,,0,20,,94839,36,,,0,12,,94840,36,,,0,10,,94841,18,,,0,6,,94842,36,,,0,47,,94843,36,,,0,7,,94917,18,,,0,9,,94845,36,,,0,8,,94846,36,,,0,8,,94847,16,,,0,8,,94848,36,,,0,6,,94849,16,,,0,8,,94850,36,,,0,49,,94851,16,,,0,6,,94852,36,,,0,7,,94853,16,,,0,9,,94854,36,,,0,7,,94855,16,,,0,8,,94856,36,,,0,7,,94857,16,,,0,8,,94858,36,,,0,49,,94859,16,,,0,7,,94860,36,,,0,16,,94861,36,,,0,16,,94862,36,,,0,14,,94863,36,,,0,55,,94864,36,,,0,15,,94865,36,,,0,17,,94866,36,,,0,15,,94867,36,,,0,56,,94868,36,,,0,16,,94869,36,,,0,15,,94870,36,,,0,54,,94871,36,,,0,14,,94872,36,,,0,15,,94873,36,,,0,16,,94874,36,,,0,55,,94875,36,,,0,5,,94876,16,,,0,10,,94877,36,,,0,16,,94878,36,,,0,14,,94879,36,,,0,13,,94880,36,,,0,53,,94881,36,,,0,7,,94882,16,,,0,5,,94883,36,,,0,14,,94884,36,,,0,15,,94885,36,,,0,52,,94886,36,,,0,10,,94887,36,,,0,11,,94888,36,,,0,14,,94889,36,,,0,13,,94890,36,,,0,51,,94891,36,,,0,9,,94892,36,,,0,12,,94893,36,,,0,11,,94894,36,,,0,12,,94895,36,,,0,12,,94896,36,,,0,56,,94897,36,,,0,13,,94898,36,,,0,15,,94899,36,,,0,57,,94900,36,,,0,13,,94901,36,,,0,14,,94902,36,,,0,15,,94903,36,,,0,59,,94904,36,,,0,20,,94905,36,,,0,20,,94906,36,,,0,60,,94907,36,,,0,20,,94908,36,,,0,18,,94909,36,,,0,63,,94910,36,,,0,31,,94911,36,,,0,68,,94912,36,,,0,30,,94913,36,,,0,28,,94914,36,,,0,70,,94915,36,,,0,30,,94916,36,,,0
2600,'5458',613,,94918,36,,,0,30,,94919,36,,,0,62,,94920,36,,,0,20,,94921,36,,,0,12,,94922,36,,,0,10,,94923,18,,,0,6,,94924,36,,,0,47,,94925,36,,,0,7,,95000,18,,,0,9,,94927,36,,,0,8,,94928,36,,,0,8,,94929,16,,,0,8,,94930,36,,,0,6,,94931,16,,,0,8,,94932,36,,,0,49,,94933,16,,,0,6,,94934,36,,,0,7,,94935,16,,,0,9,,94936,36,,,0,7,,94937,16,,,0,8,,94938,36,,,0,7,,94939,16,,,0,8,,94940,36,,,0,49,,94941,16,,,0,7,,94942,36,,,0,16,,94943,36,,,0,16,,94944,36,,,0,14,,94945,36,,,0,55,,94946,36,,,0,15,,94947,36,,,0,17,,94948,36,,,0,15,,94949,36,,,0,56,,94950,36,,,0,16,,94951,36,,,0,15,,94952,36,,,0,54,,94953,36,,,0,14,,94954,36,,,0,15,,94955,36,,,0,16,,94956,36,,,0,55,,94957,36,,,0,5,,94958,16,,,0,10,,94959,36,,,0,16,,94960,36,,,0,14,,94961,36,,,0,13,,94962,36,,,0,53,,94963,36,,,0,7,,94964,16,,,0,5,,94965,36,,,0,14,,94966,36,,,0,15,,94967,36,,,0,52,,94968,36,,,0,10,,94969,36,,,0,11,,94970,36,,,0,14,,94971,36,,,0,13,,94972,36,,,0,51,,94973,36,,,0,9,,94974,36,,,0,12,,94975,36,,,0,11,,94976,36,,,0,12,,94977,36,,,0,12,,94978,36,,,0,56,,94979,36,,,0,13,,94980,36,,,0,15,,94981,36,,,0,57,,94982,36,,,0,13,,94983,36,,,0,14,,94984,36,,,0,15,,94985,36,,,0,59,,94986,36,,,0,20,,94987,36,,,0,20,,94988,36,,,0,60,,94989,36,,,0,20,,94990,36,,,0,18,,94991,36,,,0,63,,94992,36,,,0,31,,94993,36,,,0,68,,94994,36,,,0,30,,94995,36,,,0,28,,94996,36,,,0,70,,94997,36,,,0,30,,94998,36,,,0,100,,94999,36,,,0
2600,'5459',656,,95002,36,,,0,71,,95003,36,,,0,30,,95004,36,,,0,58,,95005,36,,,0,17,,95006,36,,,0,19,,95007,36,,,0,58,,95008,36,,,0,18,,95009,36,,,0,17,,95010,36,,,0,58,,95011,36,,,0,17,,95012,36,,,0,17,,95013,36,,,0,17,,95014,36,,,0,58,,95015,36,,,0,18,,95016,36,,,0,17,,95001,36,,,0,59,,95017,36,,,0,19,,95018,36,,,0,17,,95019,36,,,0,17,,95020,36,,,0,57,,95021,36,,,0,17,,95022,36,,,0,17,,95023,36,,,0,57,,95024,36,,,0,18,,95025,36,,,0,16,,95026,36,,,0,16,,95027,36,,,0,58,,95028,36,,,0,17,,95029,36,,,0,18,,95030,36,,,0,57,,95031,36,,,0,16,,95032,36,,,0,15,,95033,36,,,0,14,,95034,36,,,0,55,,95035,36,,,0,16,,95036,36,,,0,16,,95037,36,,,0,16,,95038,36,,,0,56,,95039,36,,,0,17,,95040,36,,,0,17,,95041,36,,,0,60,,95042,36,,,0,19,,95043,36,,,0,20,,95044,36,,,0,59,,95045,36,,,0,20,,95046,36,,,0,19,,95047,36,,,0,59,,95048,36,,,0,19,,95049,36,,,0,20,,95050,36,,,0,65,,95051,36,,,0,29,,95052,36,,,0,70,,95053,36,,,0,30,,95054,36,,,0,69,,95055,36,,,0,30,,95056,36,,,0,69,,95057,36,,,0,101,,95058,36,,,0
2600,'5460',719,,95075,36,,,0,27,,95083,36,,,0,61,,95065,36,,,0,23,,95059,36,,,0,24,,95077,36,,,0,61,,95084,36,,,0,27,,95066,36,,,0,65,,95060,36,,,0,20,,95078,36,,,0,24,,95069,36,,,0,60,,95061,36,,,0,18,,95067,36,,,0,18,,95063,36,,,0,60,,95076,36,,,0,19,,95064,36,,,0,20,,95081,36,,,0,58,,95062,36,,,0,18,,95079,36,,,0,19,,95071,36,,,0,18,,95074,36,,,0,60,,95072,36,,,0,18,,95082,36,,,0,17,,95068,36,,,0,58,,95080,36,,,0,18,,95070,36,,,0,17,,95073,36,,,0,58,,95089,36,,,0,18,,95093,36,,,0,16,,95086,36,,,0,18,,95095,36,,,0,58,,95088,36,,,0,18,,95091,36,,,0,17,,95087,36,,,0,56,,95096,36,,,0,16,,95085,36,,,0,20,,95094,36,,,0,59,,95090,36,,,0,18,,95092,36,,,0,18,,95100,36,,,0,20,,95098,36,,,0,59,,95102,36,,,0,20,,95099,36,,,0,19,,95101,36,,,0,60,,95103,36,,,0,20,,95097,36,,,0,70,,95105,36,,,0,28,,95104,36,,,0,70,,95106,36,,,0,30,,95107,36,,,0,78,,95108,36,,,0
2600,'5461',719,,95125,36,,,0,27,,95133,36,,,0,61,,95115,36,,,0,23,,95109,36,,,0,24,,95127,36,,,0,61,,95134,36,,,0,27,,95116,36,,,0,65,,95110,36,,,0,20,,95128,36,,,0,24,,95119,36,,,0,60,,95111,36,,,0,18,,95117,36,,,0,18,,95113,36,,,0,60,,95126,36,,,0,19,,95114,36,,,0,20,,95131,36,,,0,58,,95112,36,,,0,18,,95129,36,,,0,19,,95121,36,,,0,18,,95124,36,,,0,60,,95122,36,,,0,18,,95132,36,,,0,17,,95118,36,,,0,58,,95130,36,,,0,18,,95120,36,,,0,17,,95123,36,,,0,58,,95139,36,,,0,18,,95143,36,,,0,16,,95136,36,,,0,18,,95145,36,,,0,58,,95138,36,,,0,18,,95141,36,,,0,17,,95137,36,,,0,56,,95146,36,,,0,16,,95135,36,,,0,20,,95144,36,,,0,59,,95140,36,,,0,18,,95142,36,,,0,18,,95150,36,,,0,20,,95148,36,,,0,59,,95152,36,,,0,20,,95149,36,,,0,19,,95151,36,,,0,60,,95153,36,,,0,20,,95147,36,,,0,70,,95155,36,,,0,28,,95154,36,,,0,70,,95156,36,,,0,30,,95157,36,,,0,78,,95158,36,,,0
2600,'5462',719,,95175,36,,,0,27,,95183,36,,,0,61,,95165,36,,,0,23,,95159,36,,,0,24,,95177,36,,,0,61,,95184,36,,,0,27,,95166,36,,,0,65,,95160,36,,,0,20,,95178,36,,,0,24,,95169,36,,,0,60,,95161,36,,,0,18,,95167,36,,,0,18,,95163,36,,,0,60,,95176,36,,,0,19,,95164,36,,,0,20,,95181,36,,,0,58,,95162,36,,,0,18,,95179,36,,,0,19,,95171,36,,,0,18,,95174,36,,,0,60,,95172,36,,,0,18,,95182,36,,,0,17,,95168,36,,,0,58,,95180,36,,,0,18,,95170,36,,,0,17,,95173,36,,,0,58,,95189,36,,,0,18,,95193,36,,,0,16,,95186,36,,,0,18,,95195,36,,,0,58,,95188,36,,,0,18,,95191,36,,,0,17,,95187,36,,,0,56,,95196,36,,,0,16,,95185,36,,,0,20,,95194,36,,,0,59,,95190,36,,,0,18,,95192,36,,,0,18,,95200,36,,,0,20,,95198,36,,,0,59,,95202,36,,,0,20,,95199,36,,,0,19,,95201,36,,,0,60,,95203,36,,,0,20,,95197,36,,,0,70,,95205,36,,,0,28,,95204,36,,,0,70,,95206,36,,,0,30,,95207,36,,,0,78,,95208,36,,,0
2600,'5463',719,,95225,36,,,0,27,,95233,36,,,0,61,,95215,36,,,0,23,,95209,36,,,0,24,,95227,36,,,0,61,,95234,36,,,0,27,,95216,36,,,0,65,,95210,36,,,0,20,,95228,36,,,0,24,,95219,36,,,0,60,,95211,36,,,0,18,,95217,36,,,0,18,,95213,36,,,0,60,,95226,36,,,0,19,,95214,36,,,0,20,,95231,36,,,0,58,,95212,36,,,0,18,,95229,36,,,0,19,,95221,36,,,0,18,,95224,36,,,0,60,,95222,36,,,0,18,,95232,36,,,0,17,,95218,36,,,0,58,,95230,36,,,0,18,,95220,36,,,0,17,,95223,36,,,0,58,,95239,36,,,0,18,,95243,36,,,0,16,,95236,36,,,0,18,,95245,36,,,0,58,,95238,36,,,0,18,,95241,36,,,0,17,,95237,36,,,0,56,,95246,36,,,0,16,,95235,36,,,0,20,,95244,36,,,0,59,,95240,36,,,0,18,,95242,36,,,0,18,,95250,36,,,0,20,,95248,36,,,0,59,,95252,36,,,0,20,,95249,36,,,0,19,,95251,36,,,0,60,,95253,36,,,0,20,,95247,36,,,0,70,,95255,36,,,0,28,,95254,36,,,0,70,,95256,36,,,0,30,,95257,36,,,0,78,,95258,36,,,0
4000,'5456',653,,98352,31,,,0,84,,98353,31,,,0,71,,98351,31,,,0,26,,98350,31,,,0,106,,98345,31,,,0,99,,98346,31,,,0,101,,98343,31,,,0,101,,98348,31,,,0,99,,98339,31,,,0,100,,98347,31,,,0,105,,98338,31,,,0,82,,98337,31,,,0,32,,98344,31,,,0,64,,98336,31,,,0,31,,98341,31,,,0,94,,98349,31,,,0,100,,98340,31,,,0,169,,98342,31,,,0,342,,98335,31,,,0
4000,'5458',653,,98371,31,,,0,84,,98372,31,,,0,71,,98370,31,,,0,26,,98369,31,,,0,106,,98364,31,,,0,99,,98365,31,,,0,101,,98362,31,,,0,101,,98367,31,,,0,99,,98358,31,,,0,100,,98366,31,,,0,105,,98357,31,,,0,82,,98356,31,,,0,32,,98363,31,,,0,64,,98355,31,,,0,31,,98360,31,,,0,94,,98368,31,,,0,100,,98359,31,,,0,169,,98361,31,,,0,342,,98354,31,,,0
4000,'5459',732,,98382,31,,,0,173,,98383,31,,,0,100,,98373,31,,,0,102,,98376,31,,,0,100,,98378,31,,,0,101,,98384,31,,,0,101,,98374,31,,,0,101,,98375,31,,,0,100,,98379,31,,,0,100,,98385,31,,,0,97,,98377,31,,,0,98,,98381,31,,,0,100,,98380,31,,,0,53,,98386,31,,,0
4000,'5460',829,,98388,31,,,0,176,,98387,31,,,0,101,,98389,31,,,0,100,,98390,31,,,0,101,,98391,31,,,0,101,,98392,31,,,0,101,,98395,31,,,0,100,,98394,31,,,0,100,,98393,31,,,0,98,,98396,31,,,0,98,,98397,31,,,0,99,,98398,31,,,0
4000,'5461',829,,98400,31,,,0,176,,98399,31,,,0,101,,98401,31,,,0,100,,98402,31,,,0,101,,98403,31,,,0,101,,98404,31,,,0,101,,98407,31,,,0,100,,98406,31,,,0,100,,98405,31,,,0,98,,98408,31,,,0,98,,98409,31,,,0,99,,98410,31,,,0
4000,'5462',829,,98412,31,,,0,176,,98411,31,,,0,101,,98413,31,,,0,100,,98414,31,,,0,101,,98415,31,,,0,101,,98416,31,,,0,101,,98419,31,,,0,100,,98418,31,,,0,100,,98417,31,,,0,98,,98420,31,,,0,98,,98421,31,,,0,99,,98422,31,,,0
4000,'5463',829,,98424,31,,,0,176,,98423,31,,,0,101,,98425,31,,,0,100,,98426,31,,,0,101,,98427,31,,,0,101,,98428,31,,,0,101,,98431,31,,,0,100,,98430,31,,,0,100,,98429,31,,,0,98,,98432,31,,,0,98,,98433,31,,,0,99,,98434,31,,,0
