4701,'5456',1652,,98604,19,,,0,67,,98605,19,,,0,29,,98606,19,,,0
4701,'5458',1652,,98607,19,,,0,67,,98608,19,,,0,29,,98609,19,,,0
5201,'5456',528,,98955,45,,,0,78,,98954,45,,,0,39,,98957,45,,,0,78,,98956,45,,,0,27,,98965,45,,,0,71,,98958,46,,,0,34,,98982,46,,,0,63,,98959,45,,,0,34,,98960,46,,,0,75,,98961,45,,,0,29,,98983,45,,,0,70,,98963,45,,,0,29,,98962,45,,,0,76,,98964,45,,,0,74,,98981,45,,,0,31,,98967,45,,,0,70,,98966,45,,,0,30,,98987,45,,,0,70,,98968,46,,,0,31,,98980,46,,,0,70,,98969,46,,,0,31,,98970,46,,,0,75,,98988,46,,,0,22,,98971,46,,,0,24,,98979,46,,,0,61,,98972,45,,,0,30,,98973,45,,,0,69,,98989,45,,,0,28,,98974,45,,,0,73,,98975,45,,,0,28,,98977,45,,,0,68,,98990,45,,,0,99,,98978,45,,,0,97,,98986,45,,,0,98,,98984,45,,,0
5201,'5458',528,,98995,45,,,0,78,,98994,45,,,0,39,,98997,45,,,0,78,,98996,45,,,0,27,,99005,45,,,0,71,,98998,46,,,0,34,,99022,46,,,0,63,,98999,45,,,0,34,,99000,46,,,0,75,,99001,45,,,0,29,,99023,45,,,0,70,,99003,45,,,0,29,,99002,45,,,0,76,,99004,45,,,0,74,,99021,45,,,0,31,,99007,45,,,0,70,,99006,45,,,0,30,,99027,45,,,0,70,,99008,46,,,0,31,,99020,46,,,0,70,,99009,46,,,0,31,,99010,46,,,0,75,,99028,46,,,0,22,,99011,46,,,0,24,,99019,46,,,0,61,,99012,45,,,0,30,,99013,45,,,0,69,,99029,45,,,0,28,,99014,45,,,0,73,,99015,45,,,0,28,,99017,45,,,0,68,,99030,45,,,0,99,,99018,45,,,0,97,,99026,45,,,0,98,,99024,45,,,0
5201,'5459',711,,99043,45,,,0,33,,99053,45,,,0,70,,99051,45,,,0,32,,99034,45,,,0,70,,99041,45,,,0,30,,99060,45,,,0,70,,99038,45,,,0,33,,99035,45,,,0,71,,99042,45,,,0,30,,99061,45,,,0,74,,99039,45,,,0,32,,99036,45,,,0,75,,99045,45,,,0,28,,99063,45,,,0,75,,99040,45,,,0,74,,99050,45,,,0,35,,99044,45,,,0,69,,99062,45,,,0,30,,99037,45,,,0,70,,99048,45,,,0,22,,99056,45,,,0,25,,99047,45,,,0,64,,99052,45,,,0,25,,99049,45,,,0,69,,99046,45,,,0,28,,99059,45,,,0,72,,99054,45,,,0,30,,99058,45,,,0,70,,99055,45,,,0,94,,99064,45,,,0,102,,99065,45,,,0,99,,99066,45,,,0
5201,'5460',742,,99072,45,,,0,70,,99088,45,,,0,32,,99080,45,,,0,71,,99068,45,,,0,30,,99075,45,,,0,71,,99082,45,,,0,31,,99077,45,,,0,70,,99069,45,,,0,33,,99074,45,,,0,70,,99083,45,,,0,30,,99079,45,,,0,76,,99067,45,,,0,29,,99073,45,,,0,75,,99086,45,,,0,75,,99078,45,,,0,34,,99093,45,,,0,69,,99071,45,,,0,30,,99085,45,,,0,69,,99076,45,,,0,30,,99081,45,,,0,69,,99070,45,,,0,30,,99084,45,,,0,79,,99087,45,,,0,100,,99089,45,,,0,99,,99090,45,,,0,99,,99091,45,,,0,98,,99092,45,,,0
5201,'5461',742,,99099,45,,,0,70,,99115,45,,,0,32,,99107,45,,,0,71,,99095,45,,,0,30,,99102,45,,,0,71,,99109,45,,,0,31,,99104,45,,,0,70,,99096,45,,,0,33,,99101,45,,,0,70,,99110,45,,,0,30,,99106,45,,,0,76,,99094,45,,,0,29,,99100,45,,,0,75,,99113,45,,,0,75,,99105,45,,,0,34,,99120,45,,,0,69,,99098,45,,,0,30,,99112,45,,,0,69,,99103,45,,,0,30,,99108,45,,,0,69,,99097,45,,,0,30,,99111,45,,,0,79,,99114,45,,,0,100,,99116,45,,,0,99,,99117,45,,,0,99,,99118,45,,,0,98,,99119,45,,,0
5201,'5462',742,,99126,45,,,0,70,,99142,45,,,0,32,,99134,45,,,0,71,,99122,45,,,0,30,,99129,45,,,0,71,,99136,45,,,0,31,,99131,45,,,0,70,,99123,45,,,0,33,,99128,45,,,0,70,,99137,45,,,0,30,,99133,45,,,0,76,,99121,45,,,0,29,,99127,45,,,0,75,,99140,45,,,0,75,,99132,45,,,0,34,,99147,45,,,0,69,,99125,45,,,0,30,,99139,45,,,0,69,,99130,45,,,0,30,,99135,45,,,0,69,,99124,45,,,0,30,,99138,45,,,0,79,,99141,45,,,0,100,,99143,45,,,0,99,,99144,45,,,0,99,,99145,45,,,0,98,,99146,45,,,0
5201,'5463',742,,99153,45,,,0,70,,99169,45,,,0,32,,99161,45,,,0,71,,99149,45,,,0,30,,99156,45,,,0,71,,99163,45,,,0,31,,99158,45,,,0,70,,99150,45,,,0,33,,99155,45,,,0,70,,99164,45,,,0,30,,99160,45,,,0,76,,99148,45,,,0,29,,99154,45,,,0,75,,99167,45,,,0,75,,99159,45,,,0,34,,99174,45,,,0,69,,99152,45,,,0,30,,99166,45,,,0,69,,99157,45,,,0,30,,99162,45,,,0,69,,99151,45,,,0,30,,99165,45,,,0,79,,99168,45,,,0,100,,99170,45,,,0,99,,99171,45,,,0,99,,99172,45,,,0,98,,99173,45,,,0
5700,'5456',552,,99500,14,,,0,88,,99502,14,,,0,85,,99514,14,,,0,88,,99505,14,,,0,44,,99501,14,,,0,87,,99503,14,,,0,84,,99504,14,,,0,85,,99506,14,,,0,45,,99507,14,,,0,86,,99509,14,,,0,85,,99508,14,,,0,88,,99510,14,,,0,100,,99519,14,,,0,32,,99520,14,,,0,84,,99511,14,,,0,87,,99512,14,,,0,87,,99513,14,,,0,48,,99515,14,,,0,99,,99516,14,,,0,156,,99517,14,,,0,110,,99518,14,,,0
5700,'5458',552,,99521,14,,,0,88,,99523,14,,,0,85,,99535,14,,,0,88,,99526,14,,,0,44,,99522,14,,,0,87,,99524,14,,,0,84,,99525,14,,,0,85,,99527,14,,,0,45,,99528,14,,,0,86,,99530,14,,,0,85,,99529,14,,,0,88,,99531,14,,,0,100,,99540,14,,,0,32,,99541,14,,,0,84,,99532,14,,,0,87,,99533,14,,,0,87,,99534,14,,,0,48,,99536,14,,,0,99,,99537,14,,,0,156,,99538,14,,,0,110,,99539,14,,,0
5700,'5459',727,,99556,14,,,0,97,,99544,14,,,0,105,,99547,14,,,0,100,,99542,14,,,0,107,,99545,14,,,0,110,,99550,14,,,0,100,,99546,14,,,0,110,,99551,14,,,0,101,,99554,14,,,0,148,,99555,14,,,0,51,,99553,14,,,0,155,,99549,14,,,0,100,,99548,14,,,0,99,,99543,14,,,0,113,,99552,14,,,0
5700,'5460',727,,99559,14,,,0,99,,99557,14,,,0,105,,99561,14,,,0,100,,99558,14,,,0,105,,99560,14,,,0,110,,99563,14,,,0,100,,99564,14,,,0,110,,99562,14,,,0,100,,99565,14,,,0,150,,99570,14,,,0,50,,99571,14,,,0,154,,99567,14,,,0,100,,99568,14,,,0,100,,99566,14,,,0,45,,99569,14,,,0
5700,'5461',727,,99574,14,,,0,99,,99572,14,,,0,105,,99576,14,,,0,100,,99573,14,,,0,105,,99575,14,,,0,110,,99578,14,,,0,100,,99579,14,,,0,110,,99577,14,,,0,100,,99580,14,,,0,150,,99585,14,,,0,50,,99586,14,,,0,154,,99582,14,,,0,100,,99583,14,,,0,100,,99581,14,,,0,45,,99584,14,,,0
5700,'5462',727,,99589,14,,,0,99,,99587,14,,,0,105,,99591,14,,,0,100,,99588,14,,,0,105,,99590,14,,,0,110,,99593,14,,,0,100,,99594,14,,,0,110,,99592,14,,,0,100,,99595,14,,,0,150,,99600,14,,,0,50,,99601,14,,,0,154,,99597,14,,,0,100,,99598,14,,,0,100,,99596,14,,,0,45,,99599,14,,,0
5700,'5463',727,,99604,14,,,0,99,,99602,14,,,0,105,,99606,14,,,0,100,,99603,14,,,0,105,,99605,14,,,0,110,,99608,14,,,0,100,,99609,14,,,0,110,,99607,14,,,0,100,,99610,14,,,0,150,,99615,14,,,0,50,,99616,14,,,0,154,,99612,14,,,0,100,,99613,14,,,0,100,,99611,14,,,0,45,,99614,14,,,0
