4701,'5456',1636,,98604,15,,,0,68,,98605,15,,,0,30,,98606,15,,,0
4701,'5458',1636,,98607,15,,,0,68,,98608,15,,,0,30,,98609,15,,,0
4801,'5456',1634,,98618,15,,,0,68,,98617,15,,,0,31,,98616,15,,,0
4801,'5458',1634,,98621,15,,,0,68,,98620,15,,,0,31,,98619,15,,,0
5301,'5456',1638,,99234,15,,,0
5301,'5458',1638,,99244,15,,,0
6101,'5456',1526,,100612,15,,,0,30,,100598,15,,,0,74,,100587,15,,,0,24,,100585,15,,,0,57,,100594,15,,,0,22,,100580,15,,,0,81,,100589,15,,,0
6101,'5458',1526,,100649,15,,,0,30,,100635,15,,,0,74,,100624,15,,,0,24,,100622,15,,,0,57,,100630,15,,,0,22,,100617,15,,,0,81,,100626,15,,,0
6501,'5456',1616,,100808,15,,,0,28,,100810,15,,,0,75,,100807,15,,,0,28,,100809,15,,,0
6501,'5458',1616,,100812,15,,,0,28,,100814,15,,,0,75,,100811,15,,,0,28,,100813,15,,,0
9501,'5456',520,,102896,10,0,15,0,26,,102897,10,0,15,0,59,,102899,10,0,15,0,13,,102900,10,0,15,0,12,,102904,10,0,15,0,14,,102903,10,0,15,0,12,,102906,10,0,15,0,52,,102901,10,0,15,0,13,,102913,10,0,15,0,12,,102915,10,0,15,0,13,,102914,10,0,15,0,12,,102905,10,0,15,0,53,,102912,10,0,15,0,13,,102911,10,0,15,0,13,,102902,10,0,15,0,12,,102907,10,0,15,0,51,,102910,10,0,15,0,12,,102909,10,0,15,0,12,,102908,10,0,15,0,12,,102916,10,0,15,0,12,,102930,10,0,15,0,52,,102920,10,0,15,0,12,,102929,10,0,15,0,12,,102934,10,0,15,0,12,,102918,10,0,15,0,11,,102931,10,0,15,0,53,,102926,10,0,15,0,12,,102928,10,0,15,0,12,,102923,10,0,15,0,12,,102933,10,0,15,0,12,,102924,10,0,15,0,52,,102919,10,0,15,0,12,,102925,10,0,15,0,12,,102921,10,0,15,0,12,,102917,10,0,15,0,12,,102932,10,0,15,0,11,,102922,10,0,15,0,52,,102927,10,0,15,0,10,,102977,10,0,15,0,10,,102944,10,0,15,0,10,,102948,10,0,15,0,10,,102943,10,0,15,0,50,,102936,10,0,15,0,10,,102984,10,0,15,0,10,,102942,10,0,15,0,10,,102937,10,0,15,0,10,,102978,10,0,15,0,11,,102947,10,0,15,0,50,,102940,10,0,15,0,10,,102941,10,0,15,0,10,,102946,10,0,15,0,11,,102975,10,0,15,0,10,,102945,10,0,15,0,10,,102949,10,0,15,0,50,,102938,10,0,15,0,9,,102986,10,0,15,0,8,,102935,10,0,15,0,8,,102981,10,0,15,0,8,,102939,10,0,15,0,8,,102991,10,0,15,0,8,,102951,10,0,15,0,48,,102979,10,0,15,0,8,,102963,10,0,15,0,7,,102993,10,0,15,0,1,,102956,10,0,15,0,7,,102976,10,0,15,0,8,,102955,10,0,15,0,8,,102961,10,0,15,0,8,,102992,10,0,15,0,10,,102959,10,0,15,0,48,,102958,10,0,15,0,7,,102965,10,0,15,0,10,,102953,10,0,15,0,10,,102985,10,0,15,0,10,,102983,10,0,15,0,11,,102990,10,0,15,0,52,,102950,10,0,15,0,12,,102957,10,0,15,0,11,,102954,10,0,15,0,12,,102962,10,0,15,0,12,,102960,10,0,15,0,52,,102964,10,0,15,0,14,,102952,10,0,15,0,15,,102982,10,0,15,0,15,,102989,10,0,15,0,55,,102970,10,0,15,0,15,,102969,10,0,15,0,15,,102971,10,0,15,0,15,,102973,10,0,15,0,54,,102967,10,0,15,0,20,,102980,10,0,15,0,20,,102987,10,0,15,0,60,,102968,10,0,15,0,20,,102972,10,0,15,0,27,,102966,10,0,15,0,69,,102988,10,0,15,0,30,,102974,10,0,15,0
9501,'5458',520,,102994,10,0,15,0,26,,102995,10,0,15,0,59,,102997,10,0,15,0,13,,102998,10,0,15,0,12,,103002,10,0,15,0,14,,103001,10,0,15,0,12,,103004,10,0,15,0,52,,102999,10,0,15,0,13,,103011,10,0,15,0,12,,103013,10,0,15,0,13,,103012,10,0,15,0,12,,103003,10,0,15,0,53,,103010,10,0,15,0,13,,103009,10,0,15,0,13,,103000,10,0,15,0,12,,103005,10,0,15,0,51,,103008,10,0,15,0,12,,103007,10,0,15,0,12,,103006,10,0,15,0,12,,103014,10,0,15,0,12,,103028,10,0,15,0,52,,103018,10,0,15,0,12,,103027,10,0,15,0,12,,103032,10,0,15,0,12,,103016,10,0,15,0,11,,103029,10,0,15,0,53,,103024,10,0,15,0,12,,103026,10,0,15,0,12,,103021,10,0,15,0,12,,103031,10,0,15,0,12,,103022,10,0,15,0,52,,103017,10,0,15,0,12,,103023,10,0,15,0,12,,103019,10,0,15,0,12,,103015,10,0,15,0,12,,103030,10,0,15,0,11,,103020,10,0,15,0,52,,103025,10,0,15,0,10,,103076,10,0,15,0,10,,103042,10,0,15,0,10,,103046,10,0,15,0,10,,103041,10,0,15,0,50,,103034,10,0,15,0,10,,103083,10,0,15,0,10,,103040,10,0,15,0,10,,103035,10,0,15,0,10,,103077,10,0,15,0,11,,103045,10,0,15,0,50,,103038,10,0,15,0,10,,103039,10,0,15,0,10,,103044,10,0,15,0,11,,103074,10,0,15,0,10,,103043,10,0,15,0,10,,103047,10,0,15,0,50,,103036,10,0,15,0,9,,103085,10,0,15,0,8,,103033,10,0,15,0,8,,103080,10,0,15,0,8,,103037,10,0,15,0,8,,103090,10,0,15,0,8,,103049,10,0,15,0,48,,103078,10,0,15,0,8,,103061,10,0,15,0,7,,103095,10,0,15,0,1,,103054,10,0,15,0,7,,103075,10,0,15,0,8,,103053,10,0,15,0,8,,103059,10,0,15,0,8,,103091,10,0,15,0,10,,103057,10,0,15,0,48,,103056,10,0,15,0,7,,103063,10,0,15,0,10,,103051,10,0,15,0,10,,103084,10,0,15,0,10,,103082,10,0,15,0,11,,103089,10,0,15,0,52,,103048,10,0,15,0,12,,103055,10,0,15,0,11,,103052,10,0,15,0,12,,103060,10,0,15,0,12,,103058,10,0,15,0,52,,103062,10,0,15,0,14,,103050,10,0,15,0,15,,103081,10,0,15,0,15,,103088,10,0,15,0,55,,103068,10,0,15,0,15,,103067,10,0,15,0,15,,103069,10,0,15,0,15,,103071,10,0,15,0,54,,103065,10,0,15,0,20,,103079,10,0,15,0,20,,103086,10,0,15,0,60,,103066,10,0,15,0,20,,103070,10,0,15,0,27,,103064,10,0,15,0,69,,103087,10,0,15,0,30,,103073,10,0,15,0,70,,103072,10,0,15,0,30,,103092,10,0,15,0,70,,103093,10,0,15,0,30,,103094,10,0,15,0
9501,'5459',618,,103097,10,0,15,0,36,,103098,10,0,15,0,60,,103099,10,0,15,0,19,,103100,10,0,15,0,20,,103101,10,0,15,0,55,,103102,10,0,15,0,15,,103096,10,0,15,0,15,,103103,10,0,15,0,16,,103104,10,0,15,0,55,,103105,10,0,15,0,15,,103106,10,0,15,0,15,,103107,10,0,15,0,16,,103108,10,0,15,0,55,,103109,10,0,15,0,15,,103110,10,0,15,0,15,,103111,10,0,15,0,16,,103112,10,0,15,0,55,,103113,10,0,15,0,15,,103114,10,0,15,0,16,,103115,10,0,15,0,15,,103116,10,0,15,0,55,,103117,10,0,15,0,14,,103118,10,0,15,0,13,,103119,10,0,15,0,12,,103120,10,0,15,0,52,,103121,10,0,15,0,13,,103122,10,0,15,0,12,,103123,10,0,15,0,12,,103124,10,0,15,0,12,,103125,10,0,15,0,52,,103126,10,0,15,0,12,,103127,10,0,15,0,13,,103128,10,0,15,0,13,,103129,10,0,15,0,12,,103130,10,0,15,0,52,,103131,10,0,15,0,12,,103132,10,0,15,0,13,,103133,10,0,15,0,12,,103134,10,0,15,0,12,,103135,10,0,15,0,51,,103136,10,0,15,0,12,,103137,10,0,15,0,12,,103138,10,0,15,0,11,,103139,10,0,15,0,11,,103140,10,0,15,0,52,,103141,10,0,15,0,12,,103142,10,0,15,0,12,,103143,10,0,15,0,12,,103144,10,0,15,0,12,,103145,10,0,15,0,52,,103146,10,0,15,0,12,,103147,10,0,15,0,12,,103148,10,0,15,0,12,,103149,10,0,15,0,12,,103150,10,0,15,0,52,,103151,10,0,15,0,15,,103152,10,0,15,0,15,,103153,10,0,15,0,15,,103154,10,0,15,0,54,,103155,10,0,15,0,15,,103156,10,0,15,0,15,,103157,10,0,15,0,15,,103158,10,0,15,0,55,,103159,10,0,15,0,15,,103160,10,0,15,0,15,,103161,10,0,15,0,15,,103162,10,0,15,0,55,,103163,10,0,15,0,20,,103164,10,0,15,0,20,,103165,10,0,15,0,60,,103166,10,0,15,0,20,,103167,10,0,15,0,26,,103168,10,0,15,0,69,,103169,10,0,15,0,30,,103170,10,0,15,0,70,,103171,10,0,15,0,29,,103172,10,0,15,0,70,,103173,10,0,15,0,30,,103174,10,0,15,0
9501,'5460',700,,103175,10,0,15,0,30,,103176,10,0,15,0,20,,103177,10,0,15,0,60,,103178,10,0,15,0,20,,103179,10,0,15,0,15,,103180,10,0,15,0,55,,103181,10,0,15,0,15,,103182,10,0,15,0,15,,103183,10,0,15,0,16,,103184,10,0,15,0,55,,103185,10,0,15,0,15,,103186,10,0,15,0,15,,103191,10,0,15,0,15,,103187,10,0,15,0,55,,103188,10,0,15,0,15,,103189,10,0,15,0,15,,103192,10,0,15,0,16,,103193,10,0,15,0,55,,103190,10,0,15,0,15,,103194,10,0,15,0,15,,103195,10,0,15,0,15,,103196,10,0,15,0,55,,103197,10,0,15,0,15,,103198,10,0,15,0,15,,103199,10,0,15,0,16,,103200,10,0,15,0,55,,103201,10,0,15,0,15,,103202,10,0,15,0,15,,103203,10,0,15,0,15,,103204,10,0,15,0,55,,103205,10,0,15,0,15,,103206,10,0,15,0,15,,103207,10,0,15,0,16,,103208,10,0,15,0,53,,103209,10,0,15,0,12,,103210,10,0,15,0,11,,103211,10,0,15,0,13,,103212,10,0,15,0,12,,103213,10,0,15,0,52,,103214,10,0,15,0,13,,103215,10,0,15,0,12,,103216,10,0,15,0,12,,103217,10,0,15,0,12,,103218,10,0,15,0,54,,103219,10,0,15,0,15,,103220,10,0,15,0,14,,103221,10,0,15,0,15,,103222,10,0,15,0,54,,103223,10,0,15,0,15,,103224,10,0,15,0,15,,103225,10,0,15,0,15,,103226,10,0,15,0,55,,103227,10,0,15,0,15,,103228,10,0,15,0,14,,103229,10,0,15,0,15,,103230,10,0,15,0,55,,103231,10,0,15,0,15,,103232,10,0,15,0,15,,103233,10,0,15,0,15,,103234,10,0,15,0,55,,103236,10,0,15,0,20,,103235,10,0,15,0,20,,103237,10,0,15,0,59,,103238,10,0,15,0,20,,103239,10,0,15,0,32,,103240,10,0,15,0,75,,103241,10,0,15,0
9501,'5461',700,,103242,10,0,15,0,30,,103243,10,0,15,0,20,,103244,10,0,15,0,60,,103245,10,0,15,0,20,,103246,10,0,15,0,15,,103247,10,0,15,0,55,,103248,10,0,15,0,15,,103249,10,0,15,0,15,,103250,10,0,15,0,16,,103251,10,0,15,0,55,,103252,10,0,15,0,15,,103253,10,0,15,0,15,,103258,10,0,15,0,15,,103254,10,0,15,0,55,,103255,10,0,15,0,15,,103256,10,0,15,0,15,,103259,10,0,15,0,16,,103260,10,0,15,0,55,,103257,10,0,15,0,15,,103261,10,0,15,0,15,,103262,10,0,15,0,15,,103263,10,0,15,0,55,,103264,10,0,15,0,15,,103265,10,0,15,0,15,,103266,10,0,15,0,16,,103267,10,0,15,0,55,,103268,10,0,15,0,15,,103269,10,0,15,0,15,,103270,10,0,15,0,15,,103271,10,0,15,0,55,,103272,10,0,15,0,15,,103273,10,0,15,0,15,,103274,10,0,15,0,16,,103275,10,0,15,0,53,,103276,10,0,15,0,12,,103277,10,0,15,0,11,,103278,10,0,15,0,13,,103279,10,0,15,0,12,,103280,10,0,15,0,52,,103281,10,0,15,0,13,,103282,10,0,15,0,12,,103283,10,0,15,0,12,,103284,10,0,15,0,12,,103285,10,0,15,0,54,,103286,10,0,15,0,15,,103287,10,0,15,0,14,,103288,10,0,15,0,15,,103289,10,0,15,0,54,,103290,10,0,15,0,15,,103291,10,0,15,0,15,,103292,10,0,15,0,15,,103293,10,0,15,0,55,,103294,10,0,15,0,15,,103295,10,0,15,0,14,,103296,10,0,15,0,15,,103297,10,0,15,0,55,,103298,10,0,15,0,15,,103299,10,0,15,0,15,,103300,10,0,15,0,15,,103301,10,0,15,0,55,,103303,10,0,15,0,20,,103302,10,0,15,0,20,,103304,10,0,15,0,59,,103305,10,0,15,0,20,,103306,10,0,15,0,32,,103307,10,0,15,0,75,,103308,10,0,15,0
9501,'5462',700,,103309,10,0,15,0,30,,103310,10,0,15,0,20,,103311,10,0,15,0,60,,103312,10,0,15,0,20,,103313,10,0,15,0,15,,103314,10,0,15,0,55,,103315,10,0,15,0,15,,103316,10,0,15,0,15,,103317,10,0,15,0,16,,103318,10,0,15,0,55,,103319,10,0,15,0,15,,103320,10,0,15,0,15,,103325,10,0,15,0,15,,103321,10,0,15,0,55,,103322,10,0,15,0,15,,103323,10,0,15,0,15,,103326,10,0,15,0,16,,103327,10,0,15,0,55,,103324,10,0,15,0,15,,103328,10,0,15,0,15,,103329,10,0,15,0,15,,103330,10,0,15,0,55,,103331,10,0,15,0,15,,103332,10,0,15,0,15,,103333,10,0,15,0,16,,103334,10,0,15,0,55,,103335,10,0,15,0,15,,103336,10,0,15,0,15,,103337,10,0,15,0,15,,103338,10,0,15,0,55,,103339,10,0,15,0,15,,103340,10,0,15,0,15,,103341,10,0,15,0,16,,103342,10,0,15,0,53,,103343,10,0,15,0,12,,103344,10,0,15,0,11,,103345,10,0,15,0,13,,103346,10,0,15,0,12,,103347,10,0,15,0,52,,103348,10,0,15,0,13,,103349,10,0,15,0,12,,103350,10,0,15,0,12,,103351,10,0,15,0,12,,103352,10,0,15,0,54,,103353,10,0,15,0,15,,103354,10,0,15,0,14,,103355,10,0,15,0,15,,103356,10,0,15,0,54,,103357,10,0,15,0,15,,103358,10,0,15,0,15,,103359,10,0,15,0,15,,103360,10,0,15,0,55,,103361,10,0,15,0,15,,103362,10,0,15,0,14,,103363,10,0,15,0,15,,103364,10,0,15,0,55,,103365,10,0,15,0,15,,103366,10,0,15,0,15,,103367,10,0,15,0,15,,103368,10,0,15,0,55,,103370,10,0,15,0,20,,103369,10,0,15,0,20,,103371,10,0,15,0,59,,103372,10,0,15,0,20,,103373,10,0,15,0,32,,103374,10,0,15,0,75,,103375,10,0,15,0
9501,'5463',700,,103376,10,0,15,0,30,,103377,10,0,15,0,20,,103378,10,0,15,0,60,,103379,10,0,15,0,20,,103380,10,0,15,0,15,,103381,10,0,15,0,55,,103382,10,0,15,0,15,,103383,10,0,15,0,15,,103384,10,0,15,0,16,,103385,10,0,15,0,55,,103386,10,0,15,0,15,,103387,10,0,15,0,15,,103392,10,0,15,0,15,,103388,10,0,15,0,55,,103389,10,0,15,0,15,,103390,10,0,15,0,15,,103393,10,0,15,0,16,,103394,10,0,15,0,55,,103391,10,0,15,0,15,,103395,10,0,15,0,15,,103396,10,0,15,0,15,,103397,10,0,15,0,55,,103398,10,0,15,0,15,,103399,10,0,15,0,15,,103400,10,0,15,0,16,,103401,10,0,15,0,55,,103402,10,0,15,0,15,,103403,10,0,15,0,15,,103404,10,0,15,0,15,,103405,10,0,15,0,55,,103406,10,0,15,0,15,,103407,10,0,15,0,15,,103408,10,0,15,0,16,,103409,10,0,15,0,53,,103410,10,0,15,0,12,,103411,10,0,15,0,11,,103412,10,0,15,0,13,,103413,10,0,15,0,12,,103414,10,0,15,0,52,,103415,10,0,15,0,13,,103416,10,0,15,0,12,,103417,10,0,15,0,12,,103418,10,0,15,0,12,,103419,10,0,15,0,54,,103420,10,0,15,0,15,,103421,10,0,15,0,14,,103422,10,0,15,0,15,,103423,10,0,15,0,54,,103424,10,0,15,0,15,,103425,10,0,15,0,15,,103426,10,0,15,0,15,,103427,10,0,15,0,55,,103428,10,0,15,0,15,,103429,10,0,15,0,14,,103430,10,0,15,0,15,,103431,10,0,15,0,55,,103432,10,0,15,0,15,,103433,10,0,15,0,15,,103434,10,0,15,0,15,,103435,10,0,15,0,55,,103437,10,0,15,0,20,,103436,10,0,15,0,20,,103438,10,0,15,0,59,,103439,10,0,15,0,20,,103440,10,0,15,0,32,,103441,10,0,15,0,75,,103442,10,0,15,0
