2200,'5456',629,,94076,52,,,0,71,,94078,52,,,0,30,,94077,52,,,0,74,,94080,52,,,0,35,,94079,52,,,0,61,,94083,52,,,0,28,,94081,52,,,0,101,,94082,52,,,0,26,,94084,52,,,0,70,,94085,52,,,0,103,,94088,52,0,21 22,0,30,,94086,52,0,21 22,0,70,,94089,52,0,21 22,0,30,,94090,52,0,21 22,0,142,,94091,52,0,21 22,0,24,,94104,22,,,0,8,,94092,52,0,21 22,0,77,,94093,52,0,21 22,0,101,,94094,52,0,21 22,0,95,,94095,52,0,21 22,0,27,,94096,52,,,0,24,,94097,52,,,0,97,,94098,52,,,0,70,,94099,52,,,0,29,,94100,52,,,0,68,,94101,52,,,0
2200,'5458',629,,94105,52,,,0,71,,94107,52,,,0,30,,94106,52,,,0,74,,94109,52,,,0,35,,94108,52,,,0,61,,94112,52,,,0,28,,94110,52,,,0,101,,94111,52,,,0,26,,94113,52,,,0,70,,94114,52,,,0,103,,94117,52,0,21 22,0,30,,94115,52,0,21 22,0,70,,94118,52,0,21 22,0,30,,94119,52,0,21 22,0,64,,94122,22,,,0,78,,94120,52,0,21 22,0,32,,94121,52,0,21 22,0,77,,94123,52,0,21 22,0,101,,94124,52,0,21 22,0,95,,94125,52,0,21 22,0,27,,94126,52,,,0,24,,94127,52,,,0,97,,94128,52,,,0,70,,94129,52,,,0,29,,94130,52,,,0,68,,94131,52,,,0
2200,'5459',716,,94153,52,,,0,41,,94139,52,,,0,80,,94143,52,,,0,80,,94156,52,,,0,32,,94140,52,,,0,70,,94134,52,,,0,33,,94141,52,,,0,72,,94155,52,,,0,32,,94138,52,,,0,71,,94137,52,,,0,31,,94142,52,,,0,70,,94135,52,,,0,31,,94160,52,,,0,70,,94136,52,,,0,29,,94149,52,,,0,70,,94145,52,,,0,30,,94148,52,,,0,69,,94159,52,,,0,29,,94150,52,,,0,71,,94144,52,,,0,30,,94152,52,,,0,72,,94151,52,,,0,30,,94147,52,,,0,67,,94146,52,,,0,29,,94161,52,,,0,69,,94162,52,,,0,27,,94158,52,,,0,68,,94154,52,,,0
2200,'5460',805,,94167,52,,,0,102,,94168,52,,,0,41,,94169,52,,,0,71,,94164,52,,,0,32,,94165,52,,,0,70,,94166,52,,,0,31,,94171,52,,,0,69,,94172,52,,,0,32,,94170,52,,,0,70,,94173,52,,,0,30,,94174,52,,,0,70,,94182,52,,,0,31,,94181,52,,,0,70,,94175,52,,,0,30,,94176,52,,,0,70,,94177,52,,,0,30,,94178,52,,,0,72,,94179,52,,,0,30,,94180,52,,,0,69,,94183,52,,,0,29,,94184,52,,,0,67,,94185,52,,,0,30,,94186,52,,,0,154,,94187,35,,,0
2200,'5461',805,,94191,52,,,0,102,,94192,52,,,0,41,,94193,52,,,0,71,,94188,52,,,0,32,,94189,52,,,0,70,,94190,52,,,0,31,,94195,52,,,0,69,,94196,52,,,0,32,,94194,52,,,0,70,,94197,52,,,0,30,,94198,52,,,0,70,,94206,52,,,0,31,,94205,52,,,0,70,,94199,52,,,0,30,,94200,52,,,0,70,,94201,52,,,0,30,,94202,52,,,0,72,,94203,52,,,0,30,,94204,52,,,0,69,,94207,52,,,0,29,,94208,52,,,0,67,,94209,52,,,0,30,,94210,52,,,0,154,,94211,35,,,0
2200,'5462',805,,94215,52,,,0,102,,94216,52,,,0,41,,94217,52,,,0,71,,94212,52,,,0,32,,94213,52,,,0,70,,94214,52,,,0,31,,94219,52,,,0,69,,94220,52,,,0,32,,94218,52,,,0,70,,94221,52,,,0,30,,94222,52,,,0,70,,94230,52,,,0,31,,94229,52,,,0,70,,94223,52,,,0,30,,94224,52,,,0,70,,94225,52,,,0,30,,94226,52,,,0,72,,94227,52,,,0,30,,94228,52,,,0,69,,94231,52,,,0,29,,94232,52,,,0,67,,94233,52,,,0,30,,94234,52,,,0,154,,94235,35,,,0
2200,'5463',805,,94239,52,,,0,102,,94240,52,,,0,41,,94241,52,,,0,71,,94236,52,,,0,32,,94237,52,,,0,70,,94238,52,,,0,31,,94243,52,,,0,69,,94244,52,,,0,32,,94242,52,,,0,70,,94245,52,,,0,30,,94246,52,,,0,70,,94254,52,,,0,31,,94253,52,,,0,70,,94247,52,,,0,30,,94248,52,,,0,70,,94249,52,,,0,30,,94250,52,,,0,72,,94251,52,,,0,30,,94252,52,,,0,69,,94255,52,,,0,29,,94256,52,,,0,67,,94257,52,,,0,30,,94258,52,,,0,154,,94259,35,,,0
3801,'5456',646,,97994,16,,,0,67,,97993,16,,,0,28,,97995,16,,,0,66,,97996,16,,,0,35,,97999,16,,,0,87,,97997,16,,,0,88,,97998,16,,,0,100,,98001,16,,,0,102,,98000,16,,,0,101,,98002,16,,,0,103,,98003,16,,,0,106,,98004,16,,,0,86,,98005,16,,,0,32,,98010,16,,,0,68,,98006,16,,,0,27,,98013,16,,,0,66,,98007,16,,,0,30,,98008,16,,,0,76,,98011,16,,,0,99,,98009,16,,,0,105,,98012,16,,,0
3801,'5458',646,,98018,16,,,0,67,,98017,16,,,0,28,,98019,16,,,0,66,,98020,16,,,0,35,,98023,16,,,0,87,,98021,16,,,0,88,,98022,16,,,0,100,,98025,16,,,0,102,,98024,16,,,0,101,,98026,16,,,0,103,,98027,16,,,0,106,,98028,16,,,0,86,,98029,16,,,0,32,,98034,16,,,0,68,,98030,16,,,0,27,,98037,16,,,0,66,,98031,16,,,0,30,,98032,16,,,0,76,,98035,16,,,0,99,,98033,16,,,0,105,,98036,16,,,0
1002200,'5456',952,,103706,42,,,0,196,,103707,42,0,21 22,0,273,,103708,42,0,21 22,0,210,,103709,42,0,21 22,0,98,,103710,42,0,21 22,0,192,,103711,42,0,21 22,0
1002200,'5458',952,,103712,42,,,0,196,,103713,42,0,21 22,0,273,,103714,42,0,21 22,0,210,,103715,42,0,21 22,0,98,,103716,42,0,21 22,0,192,,103717,42,0,21 22,0
