401,'5456',551,,88676,7,,,0,57,,88682,7,,,0,20,,88726,7,,,0,15,,88669,7,,,0,14,,88668,7,,,0,53,,88739,7,,,0,15,,88667,7,,,0,15,,88685,7,,,0,13,,88697,7,,,0,54,,88693,7,,,0,12,,88681,7,,,0,14,,88724,7,,,0,13,,88673,7,,,0,54,,88730,7,,,0,15,,88723,7,,,0,14,,88734,7,,,0,13,,88729,7,,,0,13,,88736,7,,,0,53,,88731,7,,,0,13,,88735,7,,,0,13,,88732,7,,,0,14,,88737,7,,,0,52,,88733,7,,,0,12,,88688,7,,,0,13,,88670,7,,,0,13,,88718,7,,,0,14,,88674,7,,,0,53,,88696,7,,,0,15,,88719,7,,,0,14,,88689,7,,,0,14,,88715,7,,,0,54,,88738,7,,,0,14,,88725,7,,,0,11,,88680,7,,,0,13,,88720,7,,,0,13,,88675,7,,,0,53,,88687,7,,,0,14,,88683,7,,,0,14,,88706,7,,,0,10,,88666,7,,,0,8,,88727,7,,,0,56,,88710,7,,,0,16,,88677,7,,,0,8,,88678,7,,,0,10,,88707,7,,,0,16,,88690,7,,,0,48,,88716,7,,,0,11,,88695,7,,,0,19,,88714,7,,,0,15,,88712,7,,,0,57,,88694,7,,,0,14,,88671,7,,,0,15,,88702,7,,,0,17,,88701,7,,,0,55,,88700,7,,,0,16,,88703,7,,,0,16,,88699,7,,,0,15,,88709,7,,,0,55,,88705,7,,,0,16,,88713,7,,,0,15,,88711,7,,,0,16,,88704,7,,,0,58,,88679,7,,,0,17,,88708,7,,,0,16,,88717,7,,,0,56,,88684,7,,,0,19,,88691,7,,,0,20,,88672,7,,,0,60,,88686,7,,,0,24,,88698,7,,,0,24,,88692,7,,,0,69,,88728,7,,,0,31,,88722,7,,,0,72,,88721,7,,,0
401,'5458',551,,88751,7,,,0,57,,88758,7,,,0,20,,88804,7,,,0,15,,88743,7,,,0,14,,88742,7,,,0,53,,88817,7,,,0,15,,88741,7,,,0,15,,88762,7,,,0,13,,88775,7,,,0,54,,88771,7,,,0,12,,88757,7,,,0,14,,88802,7,,,0,13,,88747,7,,,0,54,,88808,7,,,0,15,,88801,7,,,0,14,,88812,7,,,0,13,,88807,7,,,0,13,,88814,7,,,0,53,,88809,7,,,0,13,,88813,7,,,0,13,,88810,7,,,0,14,,88815,7,,,0,52,,88811,7,,,0,12,,88766,7,,,0,13,,88744,7,,,0,13,,88796,7,,,0,14,,88749,7,,,0,53,,88774,7,,,0,15,,88797,7,,,0,14,,88767,7,,,0,14,,88793,7,,,0,54,,88816,7,,,0,14,,88803,7,,,0,11,,88755,7,,,0,13,,88798,7,,,0,13,,88750,7,,,0,53,,88765,7,,,0,14,,88760,7,,,0,14,,88784,7,,,0,10,,88740,7,,,0,8,,88805,7,,,0,56,,88788,7,,,0,16,,88752,7,,,0,8,,88753,7,,,0,10,,88785,7,,,0,16,,88768,7,,,0,48,,88794,7,,,0,11,,88773,7,,,0,19,,88792,7,,,0,15,,88790,7,,,0,57,,88772,7,,,0,14,,88745,7,,,0,15,,88780,7,,,0,17,,88779,7,,,0,55,,88778,7,,,0,16,,88781,7,,,0,16,,88777,7,,,0,15,,88787,7,,,0,55,,88783,7,,,0,16,,88791,7,,,0,15,,88789,7,,,0,16,,88782,7,,,0,58,,88754,7,,,0,17,,88786,7,,,0,16,,88795,7,,,0,56,,88761,7,,,0,19,,88769,7,,,0,20,,88746,7,,,0,60,,88764,7,,,0,24,,88776,7,,,0,24,,88770,7,,,0,69,,88806,7,,,0,31,,88800,7,,,0,72,,88799,7,,,0,30,,88759,7,,,0,71,,88756,7,,,0,30,,88748,7,,,0,70,,88763,7,,,0
401,'5459',659,,88852,7,,,0,60,,88861,7,,,0,20,,88834,7,,,0,18,,88844,7,,,0,57,,88854,7,,,0,16,,88824,7,,,0,16,,88842,7,,,0,56,,88843,7,,,0,15,,88857,7,,,0,15,,88818,7,,,0,15,,88830,7,,,0,55,,88832,7,,,0,15,,88881,7,,,0,15,,88846,7,,,0,15,,88859,7,,,0,55,,88819,7,,,0,14,,88828,7,,,0,15,,88840,7,,,0,15,,88851,7,,,0,55,,88856,7,,,0,15,,88820,7,,,0,16,,88829,7,,,0,15,,88835,7,,,0,55,,88853,7,,,0,16,,88860,7,,,0,16,,88833,7,,,0,15,,88825,7,,,0,56,,88836,7,,,0,16,,88849,7,,,0,16,,88855,7,,,0,16,,88821,7,,,0,56,,88827,7,,,0,15,,88822,7,,,0,16,,88845,7,,,0,16,,88858,7,,,0,57,,88838,7,,,0,17,,88826,7,,,0,16,,88823,7,,,0,56,,88848,7,,,0,15,,88850,7,,,0,17,,88831,7,,,0,18,,88837,7,,,0,59,,88839,7,,,0,18,,88847,7,,,0,19,,88841,7,,,0,58,,88863,7,,,0,18,,88862,7,,,0,18,,88864,7,,,0,58,,88868,7,,,0,18,,88869,7,,,0,18,,88871,7,,,0,18,,88872,7,,,0,58,,88870,7,,,0,18,,88874,7,,,0,25,,88878,7,,,0,63,,88873,7,,,0,30,,88876,7,,,0,72,,88875,7,,,0,31,,88879,7,,,0,72,,88877,7,,,0,30,,88880,7,,,0,70,,88867,7,,,0,31,,88866,7,,,0,70,,88865,7,,,0
401,'5460',722,,88882,7,,,0,30,,88883,7,,,0,71,,88884,7,,,0,29,,88885,7,,,0,68,,88886,7,,,0,30,,88887,7,,,0,59,,88888,7,,,0,19,,88889,7,,,0,20,,88890,7,,,0,59,,88891,7,,,0,20,,88892,7,,,0,20,,88893,7,,,0,59,,88894,7,,,0,20,,88895,7,,,0,19,,88896,7,,,0,60,,88897,7,,,0,20,,88898,7,,,0,17,,88926,7,,,0,58,,88899,7,,,0,16,,88900,7,,,0,16,,88901,7,,,0,16,,88902,7,,,0,57,,88928,7,,,0,17,,88903,7,,,0,16,,88904,7,,,0,16,,88905,7,,,0,57,,88906,7,,,0,16,,88927,7,,,0,16,,88907,7,,,0,57,,88908,7,,,0,17,,88909,7,,,0,19,,88910,7,,,0,19,,88911,7,,,0,58,,88912,7,,,0,18,,88913,7,,,0,19,,88914,7,,,0,58,,88915,7,,,0,19,,88929,7,,,0,18,,88916,7,,,0,60,,88917,7,,,0,20,,88918,7,,,0,24,,88919,7,,,0,71,,88920,7,,,0,32,,88921,7,,,0,69,,88922,7,,,0,32,,88923,7,,,0,71,,88924,7,,,0,29,,88925,7,0,23 49,0
401,'5461',722,,88930,7,,,0,30,,88931,7,,,0,71,,88932,7,,,0,29,,88933,7,,,0,68,,88934,7,,,0,30,,88935,7,,,0,59,,88936,7,,,0,19,,88937,7,,,0,20,,88938,7,,,0,59,,88939,7,,,0,20,,88940,7,,,0,20,,88941,7,,,0,59,,88942,7,,,0,20,,88943,7,,,0,19,,88944,7,,,0,60,,88945,7,,,0,20,,88946,7,,,0,17,,88974,7,,,0,58,,88947,7,,,0,16,,88948,7,,,0,16,,88949,7,,,0,16,,88950,7,,,0,57,,88976,7,,,0,17,,88951,7,,,0,16,,88952,7,,,0,16,,88953,7,,,0,57,,88954,7,,,0,16,,88975,7,,,0,16,,88955,7,,,0,57,,88956,7,,,0,17,,88957,7,,,0,19,,88958,7,,,0,19,,88959,7,,,0,58,,88960,7,,,0,18,,88961,7,,,0,19,,88962,7,,,0,58,,88963,7,,,0,19,,88977,7,,,0,18,,88964,7,,,0,60,,88965,7,,,0,20,,88966,7,,,0,24,,88967,7,,,0,71,,88968,7,,,0,32,,88969,7,,,0,69,,88970,7,,,0,32,,88971,7,,,0,71,,88972,7,,,0,29,,88973,7,0,23 49,0
401,'5462',722,,88978,7,,,0,30,,88979,7,,,0,71,,88980,7,,,0,29,,88981,7,,,0,68,,88982,7,,,0,30,,88983,7,,,0,59,,88984,7,,,0,19,,88985,7,,,0,20,,88986,7,,,0,59,,88987,7,,,0,20,,88988,7,,,0,20,,88989,7,,,0,59,,88990,7,,,0,20,,88991,7,,,0,19,,88992,7,,,0,60,,88993,7,,,0,20,,88994,7,,,0,17,,89022,7,,,0,58,,88995,7,,,0,16,,88996,7,,,0,16,,88997,7,,,0,16,,88998,7,,,0,57,,89024,7,,,0,17,,88999,7,,,0,16,,89000,7,,,0,16,,89001,7,,,0,57,,89002,7,,,0,16,,89023,7,,,0,16,,89003,7,,,0,57,,89004,7,,,0,17,,89005,7,,,0,19,,89006,7,,,0,19,,89007,7,,,0,58,,89008,7,,,0,18,,89009,7,,,0,19,,89010,7,,,0,58,,89011,7,,,0,19,,89025,7,,,0,18,,89012,7,,,0,60,,89013,7,,,0,20,,89014,7,,,0,24,,89015,7,,,0,71,,89016,7,,,0,32,,89017,7,,,0,69,,89018,7,,,0,32,,89019,7,,,0,71,,89020,7,,,0,29,,89021,7,0,23 49,0
401,'5463',722,,89026,7,,,0,30,,89027,7,,,0,71,,89028,7,,,0,29,,89029,7,,,0,68,,89030,7,,,0,30,,89031,7,,,0,59,,89032,7,,,0,19,,89033,7,,,0,20,,89034,7,,,0,59,,89035,7,,,0,20,,89036,7,,,0,20,,89037,7,,,0,59,,89038,7,,,0,20,,89039,7,,,0,19,,89040,7,,,0,60,,89041,7,,,0,20,,89042,7,,,0,17,,89070,7,,,0,58,,89043,7,,,0,16,,89044,7,,,0,16,,89045,7,,,0,16,,89046,7,,,0,57,,89072,7,,,0,17,,89047,7,,,0,16,,89048,7,,,0,16,,89049,7,,,0,57,,89050,7,,,0,16,,89071,7,,,0,16,,89051,7,,,0,57,,89052,7,,,0,17,,89053,7,,,0,19,,89054,7,,,0,19,,89055,7,,,0,58,,89056,7,,,0,18,,89057,7,,,0,19,,89058,7,,,0,58,,89059,7,,,0,19,,89073,7,,,0,18,,89060,7,,,0,60,,89061,7,,,0,20,,89062,7,,,0,24,,89063,7,,,0,71,,89064,7,,,0,32,,89065,7,,,0,69,,89066,7,,,0,32,,89067,7,,,0,71,,89068,7,,,0,29,,89069,7,0,23 49,0
700,'5456',601,,90072,7,0,5,0,26,,90093,7,0,5,0,17,,90073,7,0,5,0,14,,90098,7,0,5,0,55,,90083,7,0,5,0,13,,90105,7,0,5,0,16,,90077,7,0,5,0,15,,90102,7,0,5,0,60,,90076,7,0,5,0,18,,90113,7,0,5,0,18,,90091,7,0,5,0,61,,90074,7,0,5,0,21,,90097,7,0,5,0,20,,90107,7,0,5,0,60,,90075,7,0,5,0,20,,90078,7,0,5,0,20,,90111,7,0,5,0,60,,90092,7,0,5,0,20,,90079,7,0,5,0,20,,90099,7,0,5,0,60,,90104,7,0,5,0,20,,90081,7,0,5,0,20,,90082,7,0,5,0,57,,90116,7,0,5,0,19,,90112,7,0,5,0,16,,90094,7,0,5,0,55,,90080,7,0,5,0,17,,90118,7,0,5,0,17,,90100,7,0,5,0,17,,90106,7,0,5,0,53,,90119,7,0,5,0,7,,90086,7,0,5,0,18,,90087,7,0,5,0,19,,90115,7,0,5,0,58,,90114,7,0,5,0,18,,90095,7,0,5,0,19,,90084,7,0,5,0,59,,90117,7,0,5,0,19,,90101,7,0,5,0,16,,90108,7,0,5,0,18,,90085,7,0,5,0,57,,90096,7,0,5,0,31,,90109,7,0,5,0,70,,90088,7,0,5,0,33,,90103,7,0,5,0,69,,90089,7,0,5,0,30,,90110,7,0,5,0,71,,90090,7,0,5,0
700,'5458',601,,90120,7,0,5,0,26,,90141,7,0,5,0,17,,90121,7,0,5,0,14,,90146,7,0,5,0,55,,90131,7,0,5,0,13,,90153,7,0,5,0,16,,90125,7,0,5,0,15,,90150,7,0,5,0,60,,90124,7,0,5,0,18,,90161,7,0,5,0,18,,90139,7,0,5,0,61,,90122,7,0,5,0,21,,90145,7,0,5,0,20,,90155,7,0,5,0,60,,90123,7,0,5,0,20,,90126,7,0,5,0,20,,90159,7,0,5,0,60,,90140,7,0,5,0,20,,90127,7,0,5,0,20,,90147,7,0,5,0,60,,90152,7,0,5,0,20,,90129,7,0,5,0,20,,90130,7,0,5,0,57,,90164,7,0,5,0,19,,90160,7,0,5,0,16,,90142,7,0,5,0,55,,90128,7,0,5,0,17,,90166,7,0,5,0,17,,90148,7,0,5,0,17,,90154,7,0,5,0,53,,90167,7,0,5,0,7,,90134,7,0,5,0,18,,90135,7,0,5,0,19,,90163,7,0,5,0,58,,90162,7,0,5,0,18,,90143,7,0,5,0,19,,90132,7,0,5,0,59,,90165,7,0,5,0,19,,90149,7,0,5,0,16,,90156,7,0,5,0,18,,90133,7,0,5,0,57,,90144,7,0,5,0,31,,90157,7,0,5,0,70,,90136,7,0,5,0,33,,90151,7,0,5,0,69,,90137,7,0,5,0,30,,90158,7,0,5,0,71,,90138,7,0,5,0
700,'5459',648,,90189,7,0,5,0,84,,90196,7,0,5,0,80,,90179,7,0,5,0,29,,90190,7,0,5,0,79,,90171,7,0,5,0,29,,90191,7,0,5,0,70,,90174,7,0,5,0,31,,90182,7,0,5,0,70,,90168,7,0,5,0,31,,90169,7,0,5,0,70,,90192,7,0,5,0,30,,90175,7,0,5,0,70,,90183,7,0,5,0,28,,90170,7,0,5,0,72,,90172,7,0,5,0,30,,90193,7,0,5,0,70,,90176,7,0,5,0,31,,90184,7,0,5,0,70,,90173,7,0,5,0,30,,90178,7,0,5,0,71,,90194,7,0,5,0,30,,90177,7,0,5,0,68,,90186,7,0,5,0,29,,90181,7,0,5,0,68,,90180,7,0,5,0,31,,90195,7,0,5,0,70,,90185,7,0,5,0,28,,90187,7,0,5,0,70,,90188,7,0,5,0
700,'5460',713,,90213,7,0,5,0,35,,90215,7,0,5,0,84,,90201,7,0,5,0,77,,90214,7,0,5,0,41,,90216,7,0,5,0,70,,90197,7,0,5,0,30,,90202,7,0,5,0,70,,90204,7,0,5,0,29,,90199,7,0,5,0,71,,90203,7,0,5,0,30,,90200,7,0,5,0,70,,90198,7,0,5,0,30,,90205,7,0,5,0,70,,90206,7,0,5,0,30,,90207,7,0,5,0,70,,90208,7,0,5,0,30,,90210,7,0,5,0,70,,90209,7,0,5,0,30,,90212,7,0,5,0,70,,90211,7,0,5,0,30,,90217,7,0,5,0,69,,90220,7,0,5,0,30,,90219,7,0,5,0,70,,90218,7,0,5,0,30,,90222,7,0,5,0,71,,90221,7,0,5,0
700,'5461',713,,90239,7,0,5,0,35,,90241,7,0,5,0,84,,90227,7,0,5,0,77,,90240,7,0,5,0,41,,90242,7,0,5,0,70,,90223,7,0,5,0,30,,90228,7,0,5,0,70,,90230,7,0,5,0,29,,90225,7,0,5,0,71,,90229,7,0,5,0,30,,90226,7,0,5,0,70,,90224,7,0,5,0,30,,90231,7,0,5,0,70,,90232,7,0,5,0,30,,90233,7,0,5,0,70,,90234,7,0,5,0,30,,90236,7,0,5,0,70,,90235,7,0,5,0,30,,90238,7,0,5,0,70,,90237,7,0,5,0,30,,90243,7,0,5,0,69,,90246,7,0,5,0,30,,90245,7,0,5,0,70,,90244,7,0,5,0,30,,90248,7,0,5,0,71,,90247,7,0,5,0
700,'5462',713,,90265,7,0,5,0,35,,90267,7,0,5,0,84,,90253,7,0,5,0,77,,90266,7,0,5,0,41,,90268,7,0,5,0,70,,90249,7,0,5,0,30,,90254,7,0,5,0,70,,90256,7,0,5,0,29,,90251,7,0,5,0,71,,90255,7,0,5,0,30,,90252,7,0,5,0,70,,90250,7,0,5,0,30,,90257,7,0,5,0,70,,90258,7,0,5,0,30,,90259,7,0,5,0,70,,90260,7,0,5,0,30,,90262,7,0,5,0,70,,90261,7,0,5,0,30,,90264,7,0,5,0,70,,90263,7,0,5,0,30,,90269,7,0,5,0,69,,90272,7,0,5,0,30,,90271,7,0,5,0,70,,90270,7,0,5,0,30,,90274,7,0,5,0,71,,90273,7,0,5,0
700,'5463',713,,90291,7,0,5,0,35,,90293,7,0,5,0,84,,90279,7,0,5,0,77,,90292,7,0,5,0,41,,90294,7,0,5,0,70,,90275,7,0,5,0,30,,90280,7,0,5,0,70,,90282,7,0,5,0,29,,90277,7,0,5,0,71,,90281,7,0,5,0,30,,90278,7,0,5,0,70,,90276,7,0,5,0,30,,90283,7,0,5,0,70,,90284,7,0,5,0,30,,90285,7,0,5,0,70,,90286,7,0,5,0,30,,90288,7,0,5,0,70,,90287,7,0,5,0,30,,90290,7,0,5,0,70,,90289,7,0,5,0,30,,90295,7,0,5,0,69,,90298,7,0,5,0,30,,90297,7,0,5,0,70,,90296,7,0,5,0,30,,90300,7,0,5,0,71,,90299,7,0,5,0
901,'5456',1459,,90762,7,0,24 49,0,56,,90764,7,0,24 49,0,35,,90765,7,0,24 49,0,75,,90766,7,0,24 49,0,20,,90767,7,,,0,55,,90763,7,0,24 49,0,14,,90769,7,0,24 49,0,15,,90768,7,,,0
901,'5458',1459,,90770,7,0,24 49,0,56,,90772,7,0,24 49,0,35,,90773,7,0,24 49,0,75,,90774,7,0,24 49,0,20,,90775,7,,,0,55,,90771,7,0,24 49,0,14,,90777,7,0,24 49,0,15,,90776,7,,,0
14000700,'5456',2146,,103939,7,0,5,0,70,,103935,7,0,5,0,32,,103940,7,0,5,0,70,,103936,7,0,5,0,31,,103938,7,0,5,0,70,,103937,7,0,5,0
14000700,'5458',2146,,103945,7,0,5,0,70,,103941,7,0,5,0,32,,103946,7,0,5,0,70,,103942,7,0,5,0,31,,103944,7,0,5,0,70,,103943,7,0,5,0
14000700,'5459',2145,,103947,7,0,5,0,74,,103948,7,0,5,0,30,,103949,7,0,5,0,70,,103950,7,0,5,0,30,,103951,7,0,5,0,72,,103952,7,0,5,0
14000700,'5460',2048,,103953,7,0,5,0,71,,103954,7,0,5,0,30,,103955,7,0,5,0,100,,103956,7,0,5,0,100,,103957,7,0,5,0
14000700,'5461',2048,,103958,7,0,5,0,71,,103959,7,0,5,0,30,,103960,7,0,5,0,100,,103961,7,0,5,0,100,,103962,7,0,5,0
14000700,'5462',2048,,103963,7,0,5,0,71,,103964,7,0,5,0,30,,103965,7,0,5,0,100,,103966,7,0,5,0,100,,103967,7,0,5,0
14000700,'5463',2048,,103968,7,0,5,0,71,,103969,7,0,5,0,30,,103970,7,0,5,0,100,,103971,7,0,5,0,100,,103972,7,0,5,0
