3800,'5456',559,,97942,2,,,0,60,,97941,22,,,0,24,,97943,22,,,0,57,,97945,22,,,0,13,,97948,22,,,0,15,,97949,22,,,0,18,,97951,22,,,0,71,,97944,22,,,0,41,,97946,22,,,0,69,,97947,22,,,0,98,,97953,22,,,0,100,,97950,22,,,0,102,,97954,22,,,0,103,,97952,22,,,0,95,,97955,22,,,0,80,,97956,22,,,0,32,,97961,22,,,0,71,,97957,22,,,0,32,,97964,22,,,0,72,,97958,22,,,0,31,,97959,22,,,0,81,,97962,22,,,0,102,,97960,22,,,0,104,,97963,22,,,0
3800,'5458',559,,97968,2,,,0,60,,97967,22,,,0,24,,97969,22,,,0,57,,97971,22,,,0,13,,97974,22,,,0,15,,97975,22,,,0,18,,97977,22,,,0,71,,97970,22,,,0,41,,97972,22,,,0,69,,97973,22,,,0,98,,97979,22,,,0,100,,97976,22,,,0,102,,97980,22,,,0,103,,97978,22,,,0,95,,97981,22,,,0,80,,97982,22,,,0,32,,97987,22,,,0,71,,97983,22,,,0,32,,97990,22,,,0,72,,97984,22,,,0,31,,97985,22,,,0,81,,97988,22,,,0,102,,97986,22,,,0,104,,97989,22,,,0
4600,'5456',608,,98547,17,,,0,17,,98548,17,,,0,25,,98557,17,,,0,67,,98559,17,,,0,39,,98549,17,,,0,101,,98546,17,,,0,97,,98558,17,,,0,378,,98555,17,,,0,110,,98550,17,,,0,74,,98556,17,,,0,37,,98551,17,,,0,95,,98552,17,,,0,70,,98553,17,,,0,87,,98554,17,,,0
4600,'5458',608,,98561,17,,,0,17,,98562,17,,,0,25,,98571,17,,,0,67,,98573,17,,,0,39,,98563,17,,,0,101,,98560,17,,,0,97,,98572,17,,,0,378,,98569,17,,,0,110,,98564,17,,,0,74,,98570,17,,,0,37,,98565,17,,,0,95,,98566,17,,,0,70,,98567,17,,,0,87,,98568,17,,,0
4800,'5456',642,,98610,41,,,0,67,,98611,41,,,0,29,,98612,41,,,0
4800,'5458',642,,98613,41,,,0,67,,98614,41,,,0,29,,98615,41,,,0
6100,'5456',551,,100420,61,,,0,79,,100418,61,,,0,15,,100419,61,,,0,61,,100412,61,,,0,23,,100411,61,,,0,19,,100406,61,,,0,59,,100405,61,,,0,27,,100404,61,,,0
6100,'5458',551,,100459,61,,,0,79,,100457,61,,,0,15,,100458,61,,,0,61,,100451,61,,,0,23,,100450,61,,,0,19,,100445,61,,,0,59,,100444,61,,,0,27,,100443,61,,,0
9500,'4832',609,,86672,11,0,15,0,30,,86674,11,0,15,0,20,,86675,11,0,15,0,60,,86676,11,0,15,0,20,,86677,11,0,15,0,15,,86678,11,0,15,0,54,,86673,11,0,15,0,15,,86679,11,0,15,0,14,,86680,11,0,15,0,14,,86681,11,0,15,0,55,,86682,11,0,15,0,15,,86683,11,0,15,0,14,,86684,11,0,15,0,15,,86685,11,0,15,0,55,,86687,11,0,15,0,15,,86688,11,0,15,0,14,,86686,11,0,15,0,15,,86689,11,0,15,0,54,,86690,11,0,15,0,15,,86691,11,0,15,0,15,,86692,11,0,15,0,15,,86739,11,0,15,0,55,,86693,11,0,15,0,15,,86738,11,0,15,0,14,,86694,11,0,15,0,14,,86737,11,0,15,0,55,,86695,11,0,15,0,15,,86696,11,0,15,0,15,,86697,11,0,15,0,15,,86698,11,0,15,0,54,,86699,11,0,15,0,15,,86700,11,0,15,0,15,,86701,11,0,15,0,15,,86702,11,0,15,0,13,,86703,11,0,15,0,52,,86704,11,0,15,0,13,,86705,11,0,15,0,13,,86706,11,0,15,0,11,,86707,11,0,15,0,12,,86708,11,0,15,0,53,,86709,11,0,15,0,12,,86710,11,0,15,0,13,,86711,11,0,15,0,12,,86712,11,0,15,0,54,,86713,11,0,15,0,15,,86714,11,0,15,0,18,,86715,11,0,15,0,15,,86716,11,0,15,0,55,,86717,11,0,15,0,16,,86718,11,0,15,0,15,,86719,11,0,15,0,15,,86720,11,0,15,0,55,,86721,11,0,15,0,15,,86722,11,0,15,0,17,,86723,11,0,15,0,15,,86724,11,0,15,0,55,,86725,11,0,15,0,15,,86726,11,0,15,0,15,,86727,11,0,15,0,15,,86729,11,0,15,0,55,,86730,11,0,15,0,21,,86728,11,0,15,0,20,,86731,11,0,15,0,60,,86732,11,0,15,0,20,,86733,11,0,15,0,72,,86734,11,0,15,0,30,,86735,11,0,15,0,70,,86736,11,0,15,0
9500,'5453',609,,86740,11,0,15,0,30,,86742,11,0,15,0,20,,86743,11,0,15,0,60,,86744,11,0,15,0,20,,86745,11,0,15,0,15,,86746,11,0,15,0,54,,86741,11,0,15,0,15,,86747,11,0,15,0,14,,86748,11,0,15,0,14,,86749,11,0,15,0,55,,86750,11,0,15,0,15,,86751,11,0,15,0,14,,86752,11,0,15,0,15,,86753,11,0,15,0,55,,86755,11,0,15,0,15,,86756,11,0,15,0,14,,86754,11,0,15,0,15,,86757,11,0,15,0,54,,86758,11,0,15,0,15,,86759,11,0,15,0,15,,86760,11,0,15,0,15,,86807,11,0,15,0,55,,86761,11,0,15,0,15,,86806,11,0,15,0,14,,86762,11,0,15,0,14,,86805,11,0,15,0,55,,86763,11,0,15,0,15,,86764,11,0,15,0,15,,86765,11,0,15,0,15,,86766,11,0,15,0,54,,86767,11,0,15,0,15,,86768,11,0,15,0,15,,86769,11,0,15,0,15,,86770,11,0,15,0,13,,86771,11,0,15,0,52,,86772,11,0,15,0,13,,86773,11,0,15,0,13,,86774,11,0,15,0,11,,86775,11,0,15,0,12,,86776,11,0,15,0,53,,86777,11,0,15,0,12,,86778,11,0,15,0,13,,86779,11,0,15,0,12,,86780,11,0,15,0,54,,86781,11,0,15,0,15,,86782,11,0,15,0,18,,86783,11,0,15,0,15,,86784,11,0,15,0,55,,86785,11,0,15,0,16,,86786,11,0,15,0,15,,86787,11,0,15,0,15,,86788,11,0,15,0,55,,86789,11,0,15,0,15,,86790,11,0,15,0,17,,86791,11,0,15,0,15,,86792,11,0,15,0,55,,86793,11,0,15,0,15,,86794,11,0,15,0,15,,86795,11,0,15,0,15,,86797,11,0,15,0,55,,86798,11,0,15,0,21,,86796,11,0,15,0,20,,86799,11,0,15,0,60,,86800,11,0,15,0,20,,86801,11,0,15,0,72,,86802,11,0,15,0,30,,86803,11,0,15,0,70,,86804,11,0,15,0
9500,'5456',452,,102352,11,0,15,0,65,,102353,11,0,15,0,17,,102355,11,0,15,0,15,,102356,11,0,15,0,55,,102354,11,0,15,0,10,,102357,11,0,15,0,11,,102366,11,0,15,0,10,,102376,11,0,15,0,7,,102361,11,0,15,0,8,,102360,11,0,15,0,3,,102447,11,0,15,0,4,,102365,11,0,15,0,47,,102359,11,0,15,0,7,,102362,11,0,15,0,8,,102363,11,0,15,0,8,,102358,11,0,15,0,7,,102378,11,0,15,0,8,,102372,11,0,15,0,7,,102367,11,0,15,0,9,,102379,11,0,15,0,48,,102374,11,0,15,0,10,,102371,11,0,15,0,10,,102377,11,0,15,0,10,,102375,11,0,15,0,10,,102369,11,0,15,0,10,,102364,11,0,15,0,51,,102370,11,0,15,0,11,,102368,11,0,15,0,11,,102373,11,0,15,0,10,,102381,11,0,15,0,10,,102395,11,0,15,0,10,,102391,11,0,15,0,50,,102392,11,0,15,0,11,,102393,11,0,15,0,12,,102396,11,0,15,0,12,,102386,11,0,15,0,12,,102382,11,0,15,0,52,,102387,11,0,15,0,12,,102384,11,0,15,0,12,,102380,11,0,15,0,12,,102394,11,0,15,0,12,,102388,11,0,15,0,52,,102390,11,0,15,0,12,,102389,11,0,15,0,13,,102397,11,0,15,0,12,,102385,11,0,15,0,12,,102383,11,0,15,0,52,,102406,11,0,15,0,12,,102399,11,0,15,0,12,,102436,11,0,15,0,11,,102411,11,0,15,0,10,,102403,11,0,15,0,50,,102405,11,0,15,0,10,,102408,11,0,15,0,10,,102434,11,0,15,0,10,,102407,11,0,15,0,10,,102412,11,0,15,0,11,,102404,11,0,15,0,50,,102398,11,0,15,0,11,,102437,11,0,15,0,10,,102402,11,0,15,0,10,,102413,11,0,15,0,10,,102435,11,0,15,0,10,,102410,11,0,15,0,50,,102400,11,0,15,0,12,,102401,11,0,15,0,11,,102409,11,0,15,0,10,,102446,11,0,15,0,11,,102421,11,0,15,0,9,,102423,11,0,15,0,52,,102417,11,0,15,0,13,,102441,11,0,15,0,12,,102438,11,0,15,0,13,,102445,11,0,15,0,53,,102414,11,0,15,0,13,,102418,11,0,15,0,14,,102416,11,0,15,0,13,,102422,11,0,15,0,12,,102420,11,0,15,0,52,,102424,11,0,15,0,15,,102415,11,0,15,0,15,,102439,11,0,15,0,16,,102443,11,0,15,0,55,,102419,11,0,15,0,15,,102428,11,0,15,0,15,,102430,11,0,15,0,15,,102431,11,0,15,0,55,,102426,11,0,15,0,20,,102440,11,0,15,0,20,,102444,11,0,15,0,61,,102427,11,0,15,0,20,,102429,11,0,15,0,30,,102425,11,0,15,0,72,,102442,11,0,15,0,71,,102433,11,0,15,0,30,,102432,11,0,15,0
9500,'5458',452,,102448,11,0,15,0,65,,102449,11,0,15,0,17,,102451,11,0,15,0,15,,102452,11,0,15,0,55,,102450,11,0,15,0,10,,102453,11,0,15,0,11,,102462,11,0,15,0,10,,102472,11,0,15,0,7,,102457,11,0,15,0,8,,102456,11,0,15,0,3,,102546,11,0,15,0,4,,102461,11,0,15,0,47,,102455,11,0,15,0,7,,102458,11,0,15,0,8,,102459,11,0,15,0,8,,102454,11,0,15,0,7,,102474,11,0,15,0,8,,102468,11,0,15,0,7,,102463,11,0,15,0,9,,102475,11,0,15,0,48,,102470,11,0,15,0,10,,102467,11,0,15,0,10,,102473,11,0,15,0,10,,102471,11,0,15,0,10,,102465,11,0,15,0,10,,102460,11,0,15,0,51,,102466,11,0,15,0,11,,102464,11,0,15,0,11,,102469,11,0,15,0,10,,102477,11,0,15,0,10,,102491,11,0,15,0,10,,102487,11,0,15,0,50,,102488,11,0,15,0,11,,102489,11,0,15,0,12,,102492,11,0,15,0,12,,102482,11,0,15,0,12,,102478,11,0,15,0,52,,102483,11,0,15,0,12,,102480,11,0,15,0,12,,102476,11,0,15,0,12,,102490,11,0,15,0,12,,102484,11,0,15,0,52,,102486,11,0,15,0,12,,102485,11,0,15,0,13,,102493,11,0,15,0,12,,102481,11,0,15,0,12,,102479,11,0,15,0,52,,102502,11,0,15,0,12,,102495,11,0,15,0,12,,102532,11,0,15,0,11,,102507,11,0,15,0,10,,102499,11,0,15,0,50,,102501,11,0,15,0,10,,102504,11,0,15,0,10,,102530,11,0,15,0,10,,102503,11,0,15,0,10,,102508,11,0,15,0,11,,102500,11,0,15,0,50,,102494,11,0,15,0,11,,102533,11,0,15,0,10,,102498,11,0,15,0,10,,102509,11,0,15,0,10,,102531,11,0,15,0,10,,102506,11,0,15,0,50,,102496,11,0,15,0,12,,102497,11,0,15,0,11,,102505,11,0,15,0,10,,102542,11,0,15,0,11,,102517,11,0,15,0,9,,102519,11,0,15,0,52,,102513,11,0,15,0,13,,102537,11,0,15,0,12,,102534,11,0,15,0,13,,102541,11,0,15,0,53,,102510,11,0,15,0,13,,102514,11,0,15,0,14,,102512,11,0,15,0,13,,102518,11,0,15,0,12,,102516,11,0,15,0,52,,102520,11,0,15,0,15,,102511,11,0,15,0,15,,102535,11,0,15,0,16,,102539,11,0,15,0,55,,102515,11,0,15,0,15,,102524,11,0,15,0,15,,102526,11,0,15,0,15,,102527,11,0,15,0,55,,102522,11,0,15,0,20,,102536,11,0,15,0,20,,102540,11,0,15,0,61,,102523,11,0,15,0,20,,102525,11,0,15,0,30,,102521,11,0,15,0,72,,102538,11,0,15,0,71,,102529,11,0,15,0,30,,102528,11,0,15,0,70,,102543,11,0,15,0,31,,102544,11,0,15,0,70,,102545,11,0,15,0
9500,'5459',607,,102547,11,0,15,0,32,,102548,11,0,15,0,62,,102549,11,0,15,0,15,,102550,11,0,15,0,15,,102551,11,0,15,0,15,,102552,11,0,15,0,55,,102553,11,0,15,0,15,,102554,11,0,15,0,15,,102555,11,0,15,0,14,,102556,11,0,15,0,14,,102557,11,0,15,0,55,,102558,11,0,15,0,15,,102559,11,0,15,0,15,,102560,11,0,15,0,14,,102561,11,0,15,0,54,,102562,11,0,15,0,14,,102563,11,0,15,0,15,,102564,11,0,15,0,14,,102565,11,0,15,0,55,,102566,11,0,15,0,14,,102567,11,0,15,0,13,,102568,11,0,15,0,12,,102569,11,0,15,0,51,,102570,11,0,15,0,12,,102571,11,0,15,0,12,,102572,11,0,15,0,12,,102573,11,0,15,0,12,,102574,11,0,15,0,11,,102575,11,0,15,0,52,,102576,11,0,15,0,12,,102577,11,0,15,0,13,,102578,11,0,15,0,12,,102579,11,0,15,0,11,,102580,11,0,15,0,52,,102581,11,0,15,0,11,,102582,11,0,15,0,11,,102583,11,0,15,0,12,,102584,11,0,15,0,13,,102585,11,0,15,0,52,,102586,11,0,15,0,12,,102587,11,0,15,0,13,,102588,11,0,15,0,12,,102589,11,0,15,0,12,,102590,11,0,15,0,53,,102591,11,0,15,0,12,,102592,11,0,15,0,12,,102593,11,0,15,0,13,,102594,11,0,15,0,52,,102595,11,0,15,0,13,,102596,11,0,15,0,12,,102597,11,0,15,0,13,,102598,11,0,15,0,12,,102599,11,0,15,0,53,,102600,11,0,15,0,16,,102601,11,0,15,0,15,,102602,11,0,15,0,16,,102603,11,0,15,0,55,,102604,11,0,15,0,16,,102605,11,0,15,0,15,,102606,11,0,15,0,15,,102607,11,0,15,0,55,,102608,11,0,15,0,16,,102609,11,0,15,0,15,,102610,11,0,15,0,15,,102611,11,0,15,0,55,,102612,11,0,15,0,20,,102613,11,0,15,0,20,,102614,11,0,15,0,60,,102615,11,0,15,0,20,,102616,11,0,15,0,31,,102617,11,0,15,0,71,,102618,11,0,15,0,71,,102619,11,0,15,0,30,,102620,11,0,15,0,70,,102621,11,0,15,0,30,,102622,11,0,15,0,70,,102623,11,0,15,0
9500,'5460',609,,102624,11,0,15,0,30,,102626,11,0,15,0,20,,102627,11,0,15,0,60,,102628,11,0,15,0,20,,102629,11,0,15,0,15,,102630,11,0,15,0,54,,102625,11,0,15,0,15,,102631,11,0,15,0,14,,102632,11,0,15,0,14,,102633,11,0,15,0,55,,102634,11,0,15,0,15,,102635,11,0,15,0,14,,102636,11,0,15,0,15,,102637,11,0,15,0,55,,102639,11,0,15,0,15,,102640,11,0,15,0,14,,102638,11,0,15,0,15,,102641,11,0,15,0,54,,102642,11,0,15,0,15,,102643,11,0,15,0,15,,102644,11,0,15,0,15,,102691,11,0,15,0,55,,102645,11,0,15,0,15,,102690,11,0,15,0,14,,102646,11,0,15,0,14,,102689,11,0,15,0,55,,102647,11,0,15,0,15,,102648,11,0,15,0,15,,102649,11,0,15,0,15,,102650,11,0,15,0,54,,102651,11,0,15,0,15,,102652,11,0,15,0,15,,102653,11,0,15,0,15,,102654,11,0,15,0,13,,102655,11,0,15,0,52,,102656,11,0,15,0,13,,102657,11,0,15,0,13,,102658,11,0,15,0,11,,102659,11,0,15,0,12,,102660,11,0,15,0,53,,102661,11,0,15,0,12,,102662,11,0,15,0,13,,102663,11,0,15,0,12,,102664,11,0,15,0,54,,102665,11,0,15,0,15,,102666,11,0,15,0,18,,102667,11,0,15,0,15,,102668,11,0,15,0,55,,102669,11,0,15,0,16,,102670,11,0,15,0,15,,102671,11,0,15,0,15,,102672,11,0,15,0,55,,102673,11,0,15,0,15,,102674,11,0,15,0,17,,102675,11,0,15,0,15,,102676,11,0,15,0,55,,102677,11,0,15,0,15,,102678,11,0,15,0,15,,102679,11,0,15,0,15,,102681,11,0,15,0,55,,102682,11,0,15,0,21,,102680,11,0,15,0,20,,102683,11,0,15,0,60,,102684,11,0,15,0,20,,102685,11,0,15,0,72,,102686,11,0,15,0,30,,102687,11,0,15,0,70,,102688,11,0,15,0
9500,'5461',609,,102692,11,0,15,0,30,,102694,11,0,15,0,20,,102695,11,0,15,0,60,,102696,11,0,15,0,20,,102697,11,0,15,0,15,,102698,11,0,15,0,54,,102693,11,0,15,0,15,,102699,11,0,15,0,14,,102700,11,0,15,0,14,,102701,11,0,15,0,55,,102702,11,0,15,0,15,,102703,11,0,15,0,14,,102704,11,0,15,0,15,,102705,11,0,15,0,55,,102707,11,0,15,0,15,,102708,11,0,15,0,14,,102706,11,0,15,0,15,,102709,11,0,15,0,54,,102710,11,0,15,0,15,,102711,11,0,15,0,15,,102712,11,0,15,0,15,,102759,11,0,15,0,55,,102713,11,0,15,0,15,,102758,11,0,15,0,14,,102714,11,0,15,0,14,,102757,11,0,15,0,55,,102715,11,0,15,0,15,,102716,11,0,15,0,15,,102717,11,0,15,0,15,,102718,11,0,15,0,54,,102719,11,0,15,0,15,,102720,11,0,15,0,15,,102721,11,0,15,0,15,,102722,11,0,15,0,13,,102723,11,0,15,0,52,,102724,11,0,15,0,13,,102725,11,0,15,0,13,,102726,11,0,15,0,11,,102727,11,0,15,0,12,,102728,11,0,15,0,53,,102729,11,0,15,0,12,,102730,11,0,15,0,13,,102731,11,0,15,0,12,,102732,11,0,15,0,54,,102733,11,0,15,0,15,,102734,11,0,15,0,18,,102735,11,0,15,0,15,,102736,11,0,15,0,55,,102737,11,0,15,0,16,,102738,11,0,15,0,15,,102739,11,0,15,0,15,,102740,11,0,15,0,55,,102741,11,0,15,0,15,,102742,11,0,15,0,17,,102743,11,0,15,0,15,,102744,11,0,15,0,55,,102745,11,0,15,0,15,,102746,11,0,15,0,15,,102747,11,0,15,0,15,,102749,11,0,15,0,55,,102750,11,0,15,0,21,,102748,11,0,15,0,20,,102751,11,0,15,0,60,,102752,11,0,15,0,20,,102753,11,0,15,0,72,,102754,11,0,15,0,30,,102755,11,0,15,0,70,,102756,11,0,15,0
9500,'5462',609,,102760,11,0,15,0,30,,102762,11,0,15,0,20,,102763,11,0,15,0,60,,102764,11,0,15,0,20,,102765,11,0,15,0,15,,102766,11,0,15,0,54,,102761,11,0,15,0,15,,102767,11,0,15,0,14,,102768,11,0,15,0,14,,102769,11,0,15,0,55,,102770,11,0,15,0,15,,102771,11,0,15,0,14,,102772,11,0,15,0,15,,102773,11,0,15,0,55,,102775,11,0,15,0,15,,102776,11,0,15,0,14,,102774,11,0,15,0,15,,102777,11,0,15,0,54,,102778,11,0,15,0,15,,102779,11,0,15,0,15,,102780,11,0,15,0,15,,102827,11,0,15,0,55,,102781,11,0,15,0,15,,102826,11,0,15,0,14,,102782,11,0,15,0,14,,102825,11,0,15,0,55,,102783,11,0,15,0,15,,102784,11,0,15,0,15,,102785,11,0,15,0,15,,102786,11,0,15,0,54,,102787,11,0,15,0,15,,102788,11,0,15,0,15,,102789,11,0,15,0,15,,102790,11,0,15,0,13,,102791,11,0,15,0,52,,102792,11,0,15,0,13,,102793,11,0,15,0,13,,102794,11,0,15,0,11,,102795,11,0,15,0,12,,102796,11,0,15,0,53,,102797,11,0,15,0,12,,102798,11,0,15,0,13,,102799,11,0,15,0,12,,102800,11,0,15,0,54,,102801,11,0,15,0,15,,102802,11,0,15,0,18,,102803,11,0,15,0,15,,102804,11,0,15,0,55,,102805,11,0,15,0,16,,102806,11,0,15,0,15,,102807,11,0,15,0,15,,102808,11,0,15,0,55,,102809,11,0,15,0,15,,102810,11,0,15,0,17,,102811,11,0,15,0,15,,102812,11,0,15,0,55,,102813,11,0,15,0,15,,102814,11,0,15,0,15,,102815,11,0,15,0,15,,102817,11,0,15,0,55,,102818,11,0,15,0,21,,102816,11,0,15,0,20,,102819,11,0,15,0,60,,102820,11,0,15,0,20,,102821,11,0,15,0,72,,102822,11,0,15,0,30,,102823,11,0,15,0,70,,102824,11,0,15,0
9500,'5463',609,,102828,11,0,15,0,30,,102830,11,0,15,0,20,,102831,11,0,15,0,60,,102832,11,0,15,0,20,,102833,11,0,15,0,15,,102834,11,0,15,0,54,,102829,11,0,15,0,15,,102835,11,0,15,0,14,,102836,11,0,15,0,14,,102837,11,0,15,0,55,,102838,11,0,15,0,15,,102839,11,0,15,0,14,,102840,11,0,15,0,15,,102841,11,0,15,0,55,,102843,11,0,15,0,15,,102844,11,0,15,0,14,,102842,11,0,15,0,15,,102845,11,0,15,0,54,,102846,11,0,15,0,15,,102847,11,0,15,0,15,,102848,11,0,15,0,15,,102895,11,0,15,0,55,,102849,11,0,15,0,15,,102894,11,0,15,0,14,,102850,11,0,15,0,14,,102893,11,0,15,0,55,,102851,11,0,15,0,15,,102852,11,0,15,0,15,,102853,11,0,15,0,15,,102854,11,0,15,0,54,,102855,11,0,15,0,15,,102856,11,0,15,0,15,,102857,11,0,15,0,15,,102858,11,0,15,0,13,,102859,11,0,15,0,52,,102860,11,0,15,0,13,,102861,11,0,15,0,13,,102862,11,0,15,0,11,,102863,11,0,15,0,12,,102864,11,0,15,0,53,,102865,11,0,15,0,12,,102866,11,0,15,0,13,,102867,11,0,15,0,12,,102868,11,0,15,0,54,,102869,11,0,15,0,15,,102870,11,0,15,0,18,,102871,11,0,15,0,15,,102872,11,0,15,0,55,,102873,11,0,15,0,16,,102874,11,0,15,0,15,,102875,11,0,15,0,15,,102876,11,0,15,0,55,,102877,11,0,15,0,15,,102878,11,0,15,0,17,,102879,11,0,15,0,15,,102880,11,0,15,0,55,,102881,11,0,15,0,15,,102882,11,0,15,0,15,,102883,11,0,15,0,15,,102885,11,0,15,0,55,,102886,11,0,15,0,21,,102884,11,0,15,0,20,,102887,11,0,15,0,60,,102888,11,0,15,0,20,,102889,11,0,15,0,72,,102890,11,0,15,0,30,,102891,11,0,15,0,70,,102892,11,0,15,0
24005100,'5456',620,,104085,10,,,0,27,,104081,15,,,0,57,,104080,15,,,0,11,,104070,15,,,0,15,,104079,15,,,0,24,,104077,15,,,0,52,,104078,15,,,0,36,,104082,15,,,0,108,,104076,15,,,0,100,,104083,15,,,0,100,,104075,15,,,0,100,,104084,15,,,0,100,,104074,15,,,0,100,,104072,15,,,0,107,,104086,15,,,0,67,,104073,15,,,0,31,,104071,15,,,0
24005100,'5458',620,,104102,10,,,0,27,,104098,15,,,0,57,,104097,15,,,0,11,,104087,15,,,0,15,,104096,15,,,0,24,,104094,15,,,0,52,,104095,15,,,0,36,,104099,15,,,0,108,,104093,15,,,0,100,,104100,15,,,0,100,,104092,15,,,0,100,,104101,15,,,0,100,,104091,15,,,0,100,,104089,15,,,0,107,,104103,15,,,0,67,,104090,15,,,0,31,,104088,15,,,0
