3201,'5456',623,,97812,16,0,28 29 14,0,81,,97813,16,,,0,42,,97816,16,,,0,83,,97819,16,0,28 29 14,0,108,,97814,16,0,28 29 14,0,100,,97815,16,0,28 29 14,0,105,,97817,16,0,28 29 14,0,105,,97818,16,0,28 29 14,0,105,,97820,16,0,28 29 14,0,148,,97821,16,0,28 29 14,0,112,,97822,16,0,28 29 14,0,101,,97824,16,0,28 29 14,0,33,,97825,16,0,28 29 14,0,70,,97823,16,0,28 29 14,0,109,,97826,16,0,28 29 14,0,99,,97827,16,0,28 29 14,0,100,,97828,16,0,28 29 14,0,98,,97829,16,0,28 29 14,0
3201,'5458',623,,97830,16,0,28 29 14,0,81,,97831,16,,,0,42,,97834,16,,,0,83,,97837,16,0,28 29 14,0,108,,97832,16,0,28 29 14,0,100,,97833,16,0,28 29 14,0,105,,97835,16,0,28 29 14,0,105,,97836,16,0,28 29 14,0,105,,97838,16,0,28 29 14,0,148,,97839,16,0,28 29 14,0,112,,97840,16,0,28 29 14,0,101,,97842,16,0,28 29 14,0,33,,97843,16,0,28 29 14,0,70,,97841,16,0,28 29 14,0,109,,97844,16,0,28 29 14,0,99,,97845,16,0,28 29 14,0,100,,97846,16,0,28 29 14,0,98,,97847,16,0,28 29 14,0
3201,'5459',823,,97852,16,0,28 29 14,0,101,,97855,16,0,28 29 14,0,101,,97859,16,0,28 29 14,0,100,,97850,16,0,28 29 14,0,100,,97853,16,0,28 29 14,0,101,,97856,16,0,28 29 14,0,100,,97860,16,0,28 29 14,0,100,,97851,16,0,28 29 14,0,100,,97854,16,0,28 29 14,0,99,,97858,16,0,28 29 14,0,99,,97861,16,0,28 29 14,0,99,,97857,16,0,28 29 14,0,100,,97862,16,0,28 29 14,0,100,,97849,16,0,28 29 14,0,99,,97848,16,0,28 29 14,0
3201,'5460',823,,97863,16,0,28 29 14,0,101,,97864,16,0,28 29 14,0,100,,97865,16,0,28 29 14,0,101,,97868,16,0,28 29 14,0,100,,97866,16,0,28 29 14,0,101,,97867,16,0,28 29 14,0,100,,97872,16,0,28 29 14,0,100,,97869,16,0,28 29 14,0,100,,97870,16,0,28 29 14,0,99,,97871,16,0,28 29 14,0,99,,97874,16,0,28 29 14,0,100,,97873,16,0,28 29 14,0
3201,'5461',823,,97875,16,0,28 29 14,0,101,,97876,16,0,28 29 14,0,100,,97877,16,0,28 29 14,0,101,,97880,16,0,28 29 14,0,100,,97878,16,0,28 29 14,0,101,,97879,16,0,28 29 14,0,100,,97884,16,0,28 29 14,0,100,,97881,16,0,28 29 14,0,100,,97882,16,0,28 29 14,0,99,,97883,16,0,28 29 14,0,99,,97886,16,0,28 29 14,0,100,,97885,16,0,28 29 14,0
3201,'5462',823,,97887,16,0,28 29 14,0,101,,97888,16,0,28 29 14,0,100,,97889,16,0,28 29 14,0,101,,97892,16,0,28 29 14,0,100,,97890,16,0,28 29 14,0,101,,97891,16,0,28 29 14,0,100,,97896,16,0,28 29 14,0,100,,97893,16,0,28 29 14,0,100,,97894,16,0,28 29 14,0,99,,97895,16,0,28 29 14,0,99,,97898,16,0,28 29 14,0,100,,97897,16,0,28 29 14,0
3201,'5463',823,,97899,16,0,28 29 14,0,101,,97900,16,0,28 29 14,0,100,,97901,16,0,28 29 14,0,101,,97904,16,0,28 29 14,0,100,,97902,16,0,28 29 14,0,101,,97903,16,0,28 29 14,0,100,,97908,16,0,28 29 14,0,100,,97905,16,0,28 29 14,0,100,,97906,16,0,28 29 14,0,99,,97907,16,0,28 29 14,0,99,,97910,16,0,28 29 14,0,100,,97909,16,0,28 29 14,0
3901,'5456',621,,98227,21,,,0,32,,98218,21,,,0,74,,98228,21,,,0,13,,98219,21,,,0,14,,98211,21,,,0,53,,98201,21,,,0,16,,98210,21,,,0,15,,98221,21,,,0,64,,98220,21,,,0,26,,98198,21,,,0,30,,98212,21,,,0,70,,98222,21,,,0,30,,98203,21,,,0,71,,98197,21,,,0,30,,98204,21,,,0,70,,98223,21,,,0,30,,98205,21,,,0,70,,98199,21,,,0,71,,98206,21,,,0,31,,98224,21,,,0,19,,98196,21,,,0,56,,98190,21,,,0,17,,98207,21,,,0,8,,98189,21,0,28 29 14,0,7,,98200,21,,,0,18,,98225,21,,,0,55,,98188,21,,,0,14,,98194,21,,,0,16,,98191,21,,,0,16,,98209,21,,,0,55,,98208,21,,,0,16,,98226,21,,,0,18,,98195,21,,,0,60,,98192,21,,,0,20,,98213,21,,,0,18,,98202,21,,,0,60,,98217,21,,,0,20,,98193,21,,,0,22,,98214,21,,,0,108,,98216,21,,,0,146,,98215,21,0,28 29 14,0
3901,'5458',621,,98268,21,,,0,32,,98259,21,,,0,74,,98269,21,,,0,13,,98260,21,,,0,14,,98252,21,,,0,53,,98242,21,,,0,16,,98251,21,,,0,15,,98262,21,,,0,64,,98261,21,,,0,26,,98239,21,,,0,30,,98253,21,,,0,70,,98263,21,,,0,30,,98244,21,,,0,71,,98238,21,,,0,30,,98245,21,,,0,70,,98264,21,,,0,30,,98246,21,,,0,70,,98240,21,,,0,71,,98247,21,,,0,31,,98265,21,,,0,19,,98237,21,,,0,56,,98231,21,,,0,17,,98248,21,,,0,8,,98230,21,0,28 29 14,0,7,,98241,21,,,0,18,,98266,21,,,0,55,,98229,21,,,0,14,,98235,21,,,0,16,,98232,21,,,0,16,,98250,21,,,0,55,,98249,21,,,0,16,,98267,21,,,0,18,,98236,21,,,0,60,,98233,21,,,0,20,,98254,21,,,0,18,,98243,21,,,0,60,,98258,21,,,0,20,,98234,21,,,0,22,,98255,21,,,0,108,,98257,21,,,0,146,,98256,21,0,28 29 14,0
3901,'5459',750,,98272,21,0,28 29 14,0,100,,98275,21,0,28 29 14,0,100,,98280,21,0,28 29 14,0,100,,98270,21,0,28 29 14,0,100,,98273,21,0,28 29 14,0,100,,98276,21,0,28 29 14,0,100,,98281,21,0,28 29 14,0,100,,98271,21,0,28 29 14,0,100,,98274,21,0,28 29 14,0,100,,98277,21,0,28 29 14,0,100,,98282,21,0,28 29 14,0,100,,98278,21,0,28 29 14,0,100,,98279,21,0,28 29 14,0
3901,'5460',750,,98285,21,0,28 29 14,0,100,,98284,21,0,28 29 14,0,100,,98283,21,0,28 29 14,0,100,,98286,21,0,28 29 14,0,100,,98287,21,0,28 29 14,0,100,,98288,21,0,28 29 14,0,100,,98291,21,0,28 29 14,0,100,,98292,21,0,28 29 14,0,100,,98290,21,0,28 29 14,0,100,,98289,21,0,28 29 14,0,100,,98293,21,0,28 29 14,0,100,,98294,21,0,28 29 14,0,100,,98295,21,0,28 29 14,0
3901,'5461',750,,98298,21,0,28 29 14,0,100,,98297,21,0,28 29 14,0,100,,98296,21,0,28 29 14,0,100,,98299,21,0,28 29 14,0,100,,98300,21,0,28 29 14,0,100,,98301,21,0,28 29 14,0,100,,98304,21,0,28 29 14,0,100,,98305,21,0,28 29 14,0,100,,98303,21,0,28 29 14,0,100,,98302,21,0,28 29 14,0,100,,98306,21,0,28 29 14,0,100,,98307,21,0,28 29 14,0,100,,98308,21,0,28 29 14,0
3901,'5462',750,,98311,21,0,28 29 14,0,100,,98310,21,0,28 29 14,0,100,,98309,21,0,28 29 14,0,100,,98312,21,0,28 29 14,0,100,,98313,21,0,28 29 14,0,100,,98314,21,0,28 29 14,0,100,,98317,21,0,28 29 14,0,100,,98318,21,0,28 29 14,0,100,,98316,21,0,28 29 14,0,100,,98315,21,0,28 29 14,0,100,,98319,21,0,28 29 14,0,100,,98320,21,0,28 29 14,0,100,,98321,21,0,28 29 14,0
3901,'5463',750,,98324,21,0,28 29 14,0,100,,98323,21,0,28 29 14,0,100,,98322,21,0,28 29 14,0,100,,98325,21,0,28 29 14,0,100,,98326,21,0,28 29 14,0,100,,98327,21,0,28 29 14,0,100,,98330,21,0,28 29 14,0,100,,98331,21,0,28 29 14,0,100,,98329,21,0,28 29 14,0,100,,98328,21,0,28 29 14,0,100,,98332,21,0,28 29 14,0,100,,98333,21,0,28 29 14,0,100,,98334,21,0,28 29 14,0
