7500,'4832',654,,86224,49,0,13 14,0,99,,81195,49,0,42 43,0,101,,75561,49,0,42 43,0,99,,75562,51,0,42 43,0,98,,75563,51,0,42 43,0,100,,81196,51,0,42 43,0,70,,75565,51,0,13 14,0,30,,86225,51,0,42 43,0,71,,86226,51,0,13 14,0,30,,86227,51,0,42 43,0,70,,86228,51,0,13 14,0,30,,86229,51,0,42 43,0,70,,75571,51,0,13 14,0,30,,86230,51,0,42 43,0,100,,75573,51,0,42 43,0,101,,75574,51,0,42 43,0,102,,81200,51,0,42 43,0,102,,86231,51,0,42 43,0,144,,86232,51,0,42 43,0,56,,75578,51,0,13 14,0,169,,86233,49,0,13 14,0
7500,'5453',654,,86238,49,0,13 14,0,99,,81241,49,0,42 43,0,101,,81242,49,0,42 43,0,99,,81243,51,0,42 43,0,98,,81244,51,0,42 43,0,100,,86239,51,0,42 43,0,70,,86240,51,0,13 14,0,30,,86241,51,0,42 43,0,71,,81248,51,0,13 14,0,30,,86242,51,0,42 43,0,70,,86243,51,0,13 14,0,30,,86244,51,0,42 43,0,70,,86245,51,0,13 14,0,30,,86246,51,0,42 43,0,100,,86247,51,0,42 43,0,101,,81255,51,0,42 43,0,102,,81256,51,0,42 43,0,102,,81257,51,0,42 43,0,144,,86248,51,0,42 43,0,56,,81259,51,0,13 14,0,169,,86249,49,0,13 14,0
7500,'5456',543,,101477,49,0,42 43,0,58,,101479,49,0,13 14,0,19,,101483,49,0,13 14,0,20,,101486,49,0,13 14,0,17,,101489,49,0,13 14,0,58,,101491,49,0,13 14,0,15,,101481,49,0,42 43,0,18,,101494,49,0,13 14 49,0,9,,101494,60,0,13 14,0,52,,101478,49,0,13 14,0,21,,101480,49,0,13 14,0,21,,101482,49,0,42 43,0,69,,101485,51,0,13 14,0,28,,101484,51,0,42 43,0,74,,101488,51,0,13 14,0,27,,101487,51,0,42 43,0,70,,101490,51,0,13 14,0,30,,101498,51,0,42 43,0,70,,101492,51,0,13 14,0,30,,101493,51,0,42 43,0,70,,101495,51,0,13 14,0,29,,101496,51,0,42 43,0,70,,101497,51,0,13 14,0,26,,101499,51,0,42 43,0,70,,101500,51,0,42 43,0,34,,101501,51,0,42 43,0,70,,101502,51,0,13 14,0,31,,101503,51,0,42 43,0,60,,101513,49,0,13 14 49,0,9,,101513,60,0,13 14,0,10,,101504,49,0,42 43,0,9,,101504,60,0,42 43,0,17,,101506,51,0,13 14 49,0,49,,101506,62,0,13 14,0,2,,101505,49,0,13 14 49,0,9,,101505,60,0,13 14,0,16,,101512,51,0,13 14,0,14,,101507,49,0,42 43,0,9,,101507,60,0,42 43,0,64,,101508,51,0,13 14,0,36,,101509,51,0,42 43,0,147,,101510,51,0,42 43,0,55,,101511,51,0,13 14,0,99,,101514,49,0,13 14,0,148,,101515,49,0,13 14,0
7500,'5458',543,,101516,49,0,42 43,0,58,,101518,49,0,13 14,0,19,,101522,49,0,13 14,0,20,,101525,49,0,13 14,0,17,,101528,49,0,13 14,0,58,,101530,49,0,13 14,0,15,,101520,49,0,42 43,0,18,,101533,49,0,13 14 49,0,9,,101533,60,0,13 14,0,52,,101517,49,0,13 14,0,21,,101519,49,0,13 14,0,21,,101521,49,0,42 43,0,69,,101524,51,0,13 14,0,28,,101523,51,0,42 43,0,74,,101527,51,0,13 14,0,27,,101526,51,0,42 43,0,70,,101529,51,0,13 14,0,30,,101537,51,0,42 43,0,70,,101531,51,0,13 14,0,30,,101532,51,0,42 43,0,70,,101534,51,0,13 14,0,29,,101535,51,0,42 43,0,70,,101536,51,0,13 14,0,26,,101538,51,0,42 43,0,70,,101539,51,0,42 43,0,34,,101540,51,0,42 43,0,70,,101541,51,0,13 14,0,31,,101542,51,0,42 43,0,60,,101552,49,0,13 14 49,0,9,,101552,60,0,13 14,0,10,,101543,49,0,42 43,0,9,,101543,60,0,42 43,0,17,,101545,51,0,13 14 49,0,49,,101545,62,0,13 14,0,2,,101544,49,0,13 14 49,0,9,,101544,60,0,13 14,0,16,,101551,51,0,13 14,0,14,,101546,49,0,42 43,0,9,,101546,60,0,42 43,0,64,,101547,51,0,13 14,0,36,,101548,51,0,42 43,0,147,,101549,51,0,42 43,0,55,,101550,51,0,13 14,0,99,,101553,49,0,13 14,0,148,,101554,49,0,13 14,0
7500,'5459',700,,101556,49,0,13 14,0,54,,101557,49,0,42 43,0,99,,101558,49,0,42 43,0,99,,101555,51,0,42 43,0,98,,101559,51,0,42 43,0,101,,101560,51,0,42 43,0,70,,101561,51,0,13 14,0,30,,101562,51,0,42 43,0,70,,101563,51,0,13 14,0,31,,101564,51,0,42 43,0,64,,101565,51,0,13 14,0,36,,101566,51,0,42 43,0,70,,101567,51,0,13 14,0,30,,101568,51,0,42 43,0,71,,101569,51,0,13 14,0,30,,101570,51,0,42 43,0,100,,101571,51,0,42 43,0,102,,101572,51,0,42 43,0,101,,101573,51,0,42 43,0,101,,101574,51,0,42 43,0,98,,101575,51,0,13 14,0,101,,101576,49,0,13 14,0,101,,101577,49,0,13 14,0
7500,'5460',654,,101578,49,0,13 14,0,99,,101579,49,0,42 43,0,101,,101580,49,0,42 43,0,99,,101581,51,0,42 43,0,98,,101582,51,0,42 43,0,100,,101583,51,0,42 43,0,70,,101584,51,0,13 14,0,30,,101585,51,0,42 43,0,71,,101586,51,0,13 14,0,30,,101587,51,0,42 43,0,70,,101588,51,0,13 14,0,30,,101589,51,0,42 43,0,70,,101590,51,0,13 14,0,30,,101591,51,0,42 43,0,100,,101592,51,0,42 43,0,101,,101593,51,0,42 43,0,102,,101594,51,0,42 43,0,102,,101595,51,0,42 43,0,144,,101596,51,0,42 43,0,56,,101597,51,0,13 14,0,169,,101598,49,0,13 14,0
7500,'5461',654,,101599,49,0,13 14,0,99,,101600,49,0,42 43,0,101,,101601,49,0,42 43,0,99,,101602,51,0,42 43,0,98,,101603,51,0,42 43,0,100,,101604,51,0,42 43,0,70,,101605,51,0,13 14,0,30,,101606,51,0,42 43,0,71,,101607,51,0,13 14,0,30,,101608,51,0,42 43,0,70,,101609,51,0,13 14,0,30,,101610,51,0,42 43,0,70,,101611,51,0,13 14,0,30,,101612,51,0,42 43,0,100,,101613,51,0,42 43,0,101,,101614,51,0,42 43,0,102,,101615,51,0,42 43,0,102,,101616,51,0,42 43,0,144,,101617,51,0,42 43,0,56,,101618,51,0,13 14,0,169,,101619,49,0,13 14,0
7500,'5462',654,,101620,49,0,13 14,0,99,,101621,49,0,42 43,0,101,,101622,49,0,42 43,0,99,,101623,51,0,42 43,0,98,,101624,51,0,42 43,0,100,,101625,51,0,42 43,0,70,,101626,51,0,13 14,0,30,,101627,51,0,42 43,0,71,,101628,51,0,13 14,0,30,,101629,51,0,42 43,0,70,,101630,51,0,13 14,0,30,,101631,51,0,42 43,0,70,,101632,51,0,13 14,0,30,,101633,51,0,42 43,0,100,,101634,51,0,42 43,0,101,,101635,51,0,42 43,0,102,,101636,51,0,42 43,0,102,,101637,51,0,42 43,0,144,,101638,51,0,42 43,0,56,,101639,51,0,13 14,0,169,,101640,49,0,13 14,0
7500,'5463',654,,101641,49,0,13 14,0,99,,101642,49,0,42 43,0,101,,101643,49,0,42 43,0,99,,101644,51,0,42 43,0,98,,101645,51,0,42 43,0,100,,101646,51,0,42 43,0,70,,101647,51,0,13 14,0,30,,101648,51,0,42 43,0,71,,101649,51,0,13 14,0,30,,101650,51,0,42 43,0,70,,101651,51,0,13 14,0,30,,101652,51,0,42 43,0,70,,101653,51,0,13 14,0,30,,101654,51,0,42 43,0,100,,101655,51,0,42 43,0,101,,101656,51,0,42 43,0,102,,101657,51,0,42 43,0,102,,101658,51,0,42 43,0,144,,101659,51,0,42 43,0,56,,101660,51,0,13 14,0,169,,101661,49,0,13 14,0
8301,'4832',957,,86423,33,,,0,300,,86424,33,,,0,345,,86422,33,,,0,299,,86421,33,,,0
8301,'5453',957,,86427,33,,,0,300,,86428,33,,,0,345,,86426,33,,,0,299,,86425,33,,,0
8301,'5456',716,,102090,33,,,0,98,,102088,33,,,0,208,,102089,33,,,0,181,,102092,33,,,0,155,,102091,33,,,0,252,,102093,33,,,0,211,,102094,33,,,0,199,,102095,33,,,0
8301,'5458',716,,102098,33,,,0,98,,102096,33,,,0,208,,102097,33,,,0,181,,102100,33,,,0,155,,102099,33,,,0,252,,102101,33,,,0,211,,102102,33,,,0,199,,102103,33,,,0
8301,'5459',958,,102107,33,,,0,300,,102105,33,,,0,345,,102106,33,,,0,299,,102104,33,,,0
8301,'5460',957,,102110,33,,,0,300,,102111,33,,,0,345,,102109,33,,,0,299,,102108,33,,,0
8301,'5461',957,,102114,33,,,0,300,,102115,33,,,0,345,,102113,33,,,0,299,,102112,33,,,0
8301,'5462',957,,102118,33,,,0,300,,102119,33,,,0,345,,102117,33,,,0,299,,102116,33,,,0
8301,'5463',957,,102122,33,,,0,300,,102123,33,,,0,345,,102121,33,,,0,299,,102120,33,,,0
