2100,'4832',913,,68634,30,0,18 19,0,322,,68632,30,0,18 19,0,203,,83427,30,0,18 19,0,200,,83428,30,0,18 19,0,197,,68650,30,0,18 19,0
2100,'5453',913,,79197,30,0,18 19,0,322,,83431,30,0,18 19,0,203,,83432,30,0,18 19,0,200,,83434,30,0,18 19,0,197,,83436,30,0,18 19,0
2100,'5456',633,,93607,2,0,18 19,0,511,,93643,30,0,18 19,0,503,,93648,30,0,18 19,0
2100,'5458',633,,93654,2,0,18 19,0,511,,93690,30,0,18 19,0,503,,93695,30,0,18 19,0
2100,'5459',853,,93709,30,0,18 19,0,387,,93700,30,0,18 19,0,199,,93701,30,0,18 19,0,202,,93715,30,0,18 19,0,199,,93710,30,0,18 19,0
2100,'5460',913,,93730,30,0,18 19,0,322,,93728,30,0,18 19,0,203,,93734,30,0,18 19,0,200,,93740,30,0,18 19,0,197,,93746,30,0,18 19,0
2100,'5461',913,,93755,30,0,18 19,0,322,,93753,30,0,18 19,0,203,,93759,30,0,18 19,0,200,,93765,30,0,18 19,0,197,,93771,30,0,18 19,0
2100,'5462',913,,93780,30,0,18 19,0,322,,93778,30,0,18 19,0,203,,93784,30,0,18 19,0,200,,93790,30,0,18 19,0,197,,93796,30,0,18 19,0
2100,'5463',913,,93805,30,0,18 19,0,322,,93803,30,0,18 19,0,203,,93809,30,0,18 19,0,200,,93815,30,0,18 19,0,197,,93821,30,0,18 19,0
8300,'4832',1045,,86408,9,,,0,300,,86409,9,,,0,305,,86407,9,,,0,300,,86406,9,,,0
8300,'5453',1045,,86412,9,,,0,300,,86413,9,,,0,305,,86411,9,,,0,300,,86410,9,,,0
8300,'5456',659,,102055,9,,,0,244,,102054,9,,,0,140,,102056,9,,,0,207,,102057,9,,,0,198,,102058,9,,,0,252,,102059,9,,,0,208,,102060,9,,,0
8300,'5458',659,,102062,9,,,0,244,,102061,9,,,0,140,,102063,9,,,0,207,,102064,9,,,0,198,,102065,9,,,0,252,,102066,9,,,0,208,,102067,9,,,0
8300,'5459',1045,,102070,9,,,0,300,,102071,9,,,0,305,,102069,9,,,0,300,,102068,9,,,0
8300,'5460',1045,,102074,9,,,0,300,,102075,9,,,0,305,,102073,9,,,0,300,,102072,9,,,0
8300,'5461',1045,,102078,9,,,0,300,,102079,9,,,0,305,,102077,9,,,0,300,,102076,9,,,0
8300,'5462',1045,,102082,9,,,0,300,,102083,9,,,0,305,,102081,9,,,0,300,,102080,9,,,0
8300,'5463',1045,,102086,9,,,0,300,,102087,9,,,0,305,,102085,9,,,0,300,,102084,9,,,0
