1101,'5456',621,,91248,64,,,0,32,,91249,64,,,0,61,,91257,64,,,0,23,,91251,64,,,0,21,,91267,64,,,0,61,,91255,64,,,0,20,,91250,64,,,0,20,,91263,64,,,0,59,,91252,64,,,0,18,,91258,64,,,0,19,,91273,64,,,0,61,,91253,64,,,0,25,,91254,64,,,0,66,,91256,64,,,0,25,,91265,64,,,0,26,,91259,64,,,0,65,,91272,64,,,0,25,,91261,64,,,0,66,,91260,64,,,0,27,,91262,64,,,0,65,,91264,64,,,0,28,,91266,64,,,0,66,,91274,64,,,0,19,,91291,64,,,0,18,,91268,64,,,0,20,,91269,64,,,0,56,,91277,64,,,0,18,,91270,64,,,0,17,,91271,64,,,0,59,,91295,64,,,0,17,,91276,64,,,0,18,,91275,64,,,0,58,,91292,64,,,0,20,,91278,64,,,0,20,,91280,64,,,0,63,,91281,64,,,0,13,,91279,64,,,0,17,,91294,64,,,0,20,,91282,64,,,0,70,,91290,64,,,0,34,,91283,64,,,0,70,,91284,64,,,0,74,,91286,64,,,0,29,,91289,64,,,0,75,,91285,64,,,0,26,,91287,64,,,0,28,,91288,64,,,0,85,,91293,64,,,0
1101,'5458',621,,91296,64,,,0,32,,91297,64,,,0,61,,91305,64,,,0,23,,91299,64,,,0,21,,91315,64,,,0,61,,91303,64,,,0,20,,91298,64,,,0,20,,91311,64,,,0,59,,91300,64,,,0,18,,91306,64,,,0,19,,91321,64,,,0,61,,91301,64,,,0,25,,91302,64,,,0,66,,91304,64,,,0,25,,91313,64,,,0,26,,91307,64,,,0,65,,91320,64,,,0,25,,91309,64,,,0,66,,91308,64,,,0,27,,91310,64,,,0,65,,91312,64,,,0,28,,91314,64,,,0,66,,91322,64,,,0,19,,91339,64,,,0,18,,91316,64,,,0,20,,91317,64,,,0,56,,91325,64,,,0,18,,91318,64,,,0,17,,91319,64,,,0,59,,91343,64,,,0,17,,91324,64,,,0,18,,91323,64,,,0,58,,91340,64,,,0,20,,91326,64,,,0,20,,91328,64,,,0,63,,91329,64,,,0,13,,91327,64,,,0,17,,91342,64,,,0,20,,91330,64,,,0,70,,91338,64,,,0,34,,91331,64,,,0,70,,91332,64,,,0,74,,91334,64,,,0,29,,91337,64,,,0,75,,91333,64,,,0,26,,91335,64,,,0,28,,91336,64,,,0,85,,91341,64,,,0
1101,'5459',717,,91357,64,,,0,37,,91345,64,,,0,75,,91350,64,,,0,30,,91375,64,,,0,78,,91358,64,,,0,70,,91344,64,,,0,30,,91353,64,,,0,72,,91369,64,,,0,25,,91347,64,,,0,20,,91371,64,,,0,66,,91359,64,,,0,25,,91346,64,,,0,67,,91351,64,,,0,25,,91368,64,,,0,65,,91348,64,,,0,26,,91366,64,,,0,26,,91356,64,,,0,65,,91349,64,,,0,25,,91355,64,,,0,65,,91377,64,,,0,25,,91352,64,,,0,23,,91370,64,,,0,65,,91360,64,,,0,24,,91354,64,,,0,65,,91376,64,,,0,24,,91367,64,,,0,24,,91373,64,,,0,65,,91374,64,,,0,22,,91361,64,,,0,65,,91372,64,,,0,25,,91365,64,,,0,65,,91364,64,,,0,25,,91362,64,,,0,75,,91363,64,,,0,30,,91380,64,,,0,69,,91378,64,,,0,32,,91379,64,,,0,68,,91381,64,,,0,44,,91382,64,,,0
1101,'5460',737,,91383,64,,,0,85,,91388,64,,,0,87,,91385,64,,,0,46,,91384,64,,,0,76,,91386,64,,,0,72,,91387,64,,,0,31,,91389,64,,,0,70,,91390,64,,,0,28,,91391,64,,,0,70,,91392,64,,,0,31,,91394,64,,,0,68,,91396,64,,,0,30,,91395,64,,,0,70,,91393,64,,,0,31,,91397,64,,,0,70,,91398,64,,,0,28,,91399,64,,,0,70,,91400,64,,,0,30,,91402,64,,,0,29,,91401,64,,,0,70,,91404,64,,,0,29,,91403,64,,,0,70,,91406,64,,,0,75,,91405,64,,,0,43,,91407,64,,,0,80,,91408,64,,,0,84,,91409,64,,,0,43,,91410,64,,,0,77,,91411,64,,,0,86,,91412,64,,,0
1101,'5461',737,,91413,64,,,0,85,,91418,64,,,0,87,,91415,64,,,0,46,,91414,64,,,0,76,,91416,64,,,0,72,,91417,64,,,0,31,,91419,64,,,0,70,,91420,64,,,0,28,,91421,64,,,0,70,,91422,64,,,0,31,,91424,64,,,0,68,,91426,64,,,0,30,,91425,64,,,0,70,,91423,64,,,0,31,,91427,64,,,0,70,,91428,64,,,0,28,,91429,64,,,0,70,,91430,64,,,0,30,,91432,64,,,0,29,,91431,64,,,0,70,,91434,64,,,0,29,,91433,64,,,0,70,,91436,64,,,0,75,,91435,64,,,0,43,,91437,64,,,0,80,,91438,64,,,0,84,,91439,64,,,0,43,,91440,64,,,0,77,,91441,64,,,0,86,,91442,64,,,0
1101,'5462',737,,91443,64,,,0,85,,91448,64,,,0,87,,91445,64,,,0,46,,91444,64,,,0,76,,91446,64,,,0,72,,91447,64,,,0,31,,91449,64,,,0,70,,91450,64,,,0,28,,91451,64,,,0,70,,91452,64,,,0,31,,91454,64,,,0,68,,91456,64,,,0,30,,91455,64,,,0,70,,91453,64,,,0,31,,91457,64,,,0,70,,91458,64,,,0,28,,91459,64,,,0,70,,91460,64,,,0,30,,91462,64,,,0,29,,91461,64,,,0,70,,91464,64,,,0,29,,91463,64,,,0,70,,91466,64,,,0,75,,91465,64,,,0,43,,91467,64,,,0,80,,91468,64,,,0,84,,91469,64,,,0,43,,91470,64,,,0,77,,91471,64,,,0,86,,91472,64,,,0
1101,'5463',737,,91473,64,,,0,85,,91478,64,,,0,87,,91475,64,,,0,46,,91474,64,,,0,76,,91476,64,,,0,72,,91477,64,,,0,31,,91479,64,,,0,70,,91480,64,,,0,28,,91481,64,,,0,70,,91482,64,,,0,31,,91484,64,,,0,68,,91486,64,,,0,30,,91485,64,,,0,70,,91483,64,,,0,31,,91487,64,,,0,70,,91488,64,,,0,28,,91489,64,,,0,70,,91490,64,,,0,30,,91492,64,,,0,29,,91491,64,,,0,70,,91494,64,,,0,29,,91493,64,,,0,70,,91496,64,,,0,75,,91495,64,,,0,43,,91497,64,,,0,80,,91498,64,,,0,84,,91499,64,,,0,43,,91500,64,,,0,77,,91501,64,,,0,86,,91502,64,,,0
2401,'5456',528,,94538,49,,,0,93,,94539,49,,,0,91,,94540,49,,,0,46,,94541,49,,,0,74,,94542,49,,,0,96,,94543,49,,,0,105,,94544,49,,,0,100,,94545,49,,,0,101,,94546,49,,,0,100,,94547,49,,,0,115,,94548,49,,,0,107,,94549,49,,,0,87,,94550,49,,,0,86,,94551,49,,,0,73,,94552,49,,,0,49,,94553,49,,,0,85,,94554,49,,,0,101,,94555,49,,,0,115,,94556,49,,,0,168,,94557,49,,,0,120,,94558,49,,,0
2401,'5458',528,,94559,49,,,0,93,,94560,49,,,0,91,,94561,49,,,0,46,,94562,49,,,0,74,,94563,49,,,0,96,,94564,49,,,0,105,,94565,49,,,0,100,,94566,49,,,0,101,,94567,49,,,0,100,,94568,49,,,0,115,,94569,49,,,0,107,,94570,49,,,0,87,,94571,49,,,0,86,,94572,49,,,0,73,,94573,49,,,0,49,,94574,49,,,0,85,,94575,49,,,0,101,,94576,49,,,0,115,,94577,49,,,0,168,,94578,49,,,0,120,,94579,49,,,0
2401,'5459',718,,94586,49,,,0,108,,94585,49,,,0,106,,94587,49,,,0,100,,94583,49,,,0,103,,94580,49,,,0,98,,94581,49,,,0,95,,94582,49,,,0,101,,94589,49,,,0,98,,94584,49,,,0,102,,94588,49,,,0,104,,94590,49,,,0,167,,94591,49,,,0,124,,94592,49,,,0,129,,94593,49,,,0,170,,94594,49,,,0,118,,94595,49,,,0
2401,'5460',825,,94596,49,,,0,131,,94597,49,,,0,174,,94598,49,,,0,127,,94599,49,,,0,172,,94600,49,,,0,172,,94601,49,,,0,128,,94602,49,,,0,128,,94603,49,,,0,169,,94604,49,,,0,125,,94605,49,,,0,168,,94606,49,,,0
2401,'5461',825,,94607,49,,,0,131,,94608,49,,,0,174,,94609,49,,,0,127,,94610,49,,,0,172,,94611,49,,,0,172,,94612,49,,,0,128,,94613,49,,,0,128,,94614,49,,,0,169,,94615,49,,,0,125,,94616,49,,,0,168,,94617,49,,,0
2401,'5462',825,,94618,49,,,0,131,,94619,49,,,0,174,,94620,49,,,0,127,,94621,49,,,0,172,,94622,49,,,0,172,,94623,49,,,0,128,,94624,49,,,0,128,,94625,49,,,0,169,,94626,49,,,0,125,,94627,49,,,0,168,,94628,49,,,0
2401,'5463',825,,94629,49,,,0,131,,94630,49,,,0,174,,94631,49,,,0,127,,94632,49,,,0,172,,94633,49,,,0,172,,94634,49,,,0,128,,94635,49,,,0,128,,94636,49,,,0,169,,94637,49,,,0,125,,94638,49,,,0,168,,94639,49,,,0
