1500,'5456',522,,92696,5,,,0,19,,92697,5,,,0,59,,92698,5,,,0,16,,92699,5,,,0,16,,92700,5,,,0,16,,92701,5,,,0,55,,92702,5,,,0,14,,92703,5,,,0,13,,92704,5,,,0,12,,92705,5,,,0,11,,92706,5,,,0,50,,92707,5,,,0,11,,92708,5,,,0,11,,92709,5,,,0,11,,92710,5,,,0,11,,92711,5,,,0,12,,92712,5,,,0,52,,92713,5,,,0,11,,92714,5,,,0,14,,92715,5,,,0,15,,92716,5,,,0,55,,92717,5,,,0,15,,92718,5,,,0,15,,92719,5,,,0,15,,92720,5,,,0,55,,92721,5,,,0,15,,92722,5,,,0,14,,92723,5,,,0,15,,92724,5,,,0,55,,92725,5,,,0,15,,92726,5,,,0,15,,92727,5,,,0,15,,92728,5,,,0,55,,92729,5,,,0,15,,92730,5,,,0,15,,92731,5,,,0,15,,92732,5,,,0,56,,92733,5,,,0,15,,92734,5,,,0,15,,92735,5,,,0,15,,92736,5,,,0,54,,92737,5,,,0,13,,92738,5,,,0,15,,92739,5,,,0,15,,92740,5,,,0,55,,92741,5,,,0,15,,92742,5,,,0,16,,92743,5,,,0,15,,92744,5,,,0,55,,92745,5,,,0,16,,92746,5,,,0,15,,92747,5,,,0,15,,92748,5,,,0,55,,92749,5,,,0,18,,92750,5,,,0,15,,92751,5,,,0,15,,92752,5,,,0,55,,92753,5,,,0,15,,92754,5,,,0,20,,92755,5,,,0,60,,92756,5,,,0,20,,92757,5,,,0,20,,92758,5,,,0,61,,92759,5,,,0,20,,92760,5,,,0,20,,92761,5,,,0,60,,92762,5,,,0,25,,92763,5,,,0,30,,92764,5,,,0,71,,92765,5,,,0,71,,92766,5,,,0,30,,92767,5,,,0
1500,'5458',522,,92769,5,,,0,19,,92770,5,,,0,59,,92771,5,,,0,16,,92772,5,,,0,16,,92773,5,,,0,16,,92774,5,,,0,55,,92775,5,,,0,14,,92776,5,,,0,13,,92777,5,,,0,12,,92778,5,,,0,11,,92779,5,,,0,50,,92780,5,,,0,11,,92781,5,,,0,11,,92782,5,,,0,11,,92783,5,,,0,11,,92784,5,,,0,12,,92785,5,,,0,52,,92786,5,,,0,11,,92787,5,,,0,14,,92788,5,,,0,15,,92789,5,,,0,55,,92790,5,,,0,15,,92791,5,,,0,15,,92792,5,,,0,15,,92793,5,,,0,55,,92794,5,,,0,15,,92795,5,,,0,14,,92796,5,,,0,15,,92797,5,,,0,55,,92798,5,,,0,15,,92799,5,,,0,15,,92800,5,,,0,15,,92801,5,,,0,55,,92802,5,,,0,15,,92803,5,,,0,15,,92804,5,,,0,15,,92805,5,,,0,56,,92806,5,,,0,15,,92807,5,,,0,15,,92808,5,,,0,15,,92809,5,,,0,54,,92810,5,,,0,13,,92811,5,,,0,15,,92812,5,,,0,15,,92813,5,,,0,55,,92814,5,,,0,15,,92815,5,,,0,16,,92816,5,,,0,15,,92817,5,,,0,55,,92818,5,,,0,16,,92819,5,,,0,15,,92820,5,,,0,15,,92821,5,,,0,55,,92822,5,,,0,18,,92823,5,,,0,15,,92824,5,,,0,15,,92825,5,,,0,55,,92826,5,,,0,15,,92827,5,,,0,20,,92828,5,,,0,60,,92829,5,,,0,20,,92830,5,,,0,20,,92831,5,,,0,61,,92832,5,,,0,20,,92833,5,,,0,20,,92834,5,,,0,60,,92835,5,,,0,25,,92836,5,,,0,30,,92837,5,,,0,71,,92838,5,,,0,71,,92839,5,,,0,30,,92840,5,,,0,70,,92841,5,,,0,30,,92842,5,,,0,70,,92843,5,,,0,30,,92844,5,,,0
1500,'5459',621,,92902,5,,,0,25,,92889,5,,,0,61,,92887,5,,,0,19,,92888,5,,,0,16,,92864,5,,,0,15,,92900,5,,,0,55,,92882,5,,,0,14,,92861,5,,,0,14,,92886,5,,,0,15,,92885,5,,,0,54,,92863,5,,,0,15,,92901,5,,,0,15,,92883,5,,,0,15,,92862,5,,,0,55,,92884,5,,,0,15,,92881,5,,,0,15,,92856,5,,,0,15,,92860,5,,,0,55,,92899,5,,,0,16,,92880,5,,,0,16,,92859,5,,,0,15,,92879,5,,,0,55,,92878,5,,,0,15,,92858,5,,,0,15,,92857,5,,,0,15,,92898,5,,,0,54,,92877,5,,,0,15,,92855,5,,,0,16,,92875,5,,,0,15,,92876,5,,,0,55,,92853,5,,,0,15,,92854,5,,,0,16,,92897,5,,,0,15,,92874,5,,,0,55,,92852,5,,,0,15,,92873,5,,,0,15,,92872,5,,,0,15,,92850,5,,,0,55,,92851,5,,,0,15,,92896,5,,,0,14,,92871,5,,,0,15,,92846,5,,,0,56,,92867,5,,,0,15,,92869,5,,,0,15,,92848,5,,,0,15,,92849,5,,,0,55,,92895,5,,,0,14,,92868,5,,,0,15,,92847,5,,,0,15,,92866,5,,,0,55,,92870,5,,,0,16,,92865,5,,,0,19,,92892,5,,,0,60,,92893,5,,,0,20,,92894,5,,,0,20,,92891,5,,,0,60,,92890,5,,,0,20,,92904,5,,,0,20,,92903,5,,,0,60,,92905,5,,,0,24,,92906,5,,,0,70,,92907,5,,,0,31,,92908,5,,,0,70,,92909,5,,,0,31,,92910,5,,,0,69,,92911,5,,,0,29,,92912,5,,,0,70,,92913,5,,,0,30,,92914,5,,,0
1500,'5460',643,,92955,5,,,0,70,,92954,5,,,0,28,,92930,5,,,0,60,,92933,5,,,0,17,,92971,5,,,0,15,,92920,5,,,0,15,,92932,5,,,0,55,,92919,5,,,0,15,,92915,5,,,0,15,,92934,5,,,0,15,,92924,5,,,0,55,,92936,5,,,0,15,,92916,5,,,0,15,,92921,5,,,0,15,,92917,5,,,0,54,,92918,5,,,0,15,,92939,5,,,0,15,,92928,5,,,0,15,,92937,5,,,0,55,,92925,5,,,0,15,,92927,5,,,0,15,,92922,5,,,0,14,,92923,5,,,0,55,,92940,5,,,0,15,,92929,5,,,0,15,,92941,5,,,0,15,,92926,5,,,0,55,,92942,5,,,0,15,,92943,5,,,0,15,,92938,5,,,0,15,,92953,5,,,0,55,,92949,5,,,0,15,,92947,5,,,0,15,,92945,5,,,0,15,,92950,5,,,0,55,,92952,5,,,0,15,,92946,5,,,0,15,,92948,5,,,0,15,,92951,5,,,0,55,,92944,5,,,0,15,,92931,5,,,0,15,,92935,5,,,0,16,,92959,5,,,0,56,,92958,5,,,0,15,,92957,5,,,0,15,,92961,5,,,0,15,,92966,5,,,0,60,,92963,5,,,0,20,,92956,5,,,0,20,,92962,5,,,0,60,,92965,5,,,0,27,,92964,5,,,0,69,,92960,5,,,0,30,,92967,5,,,0,70,,92968,5,,,0,30,,92970,5,,,0,70,,92969,5,,,0
1500,'5461',643,,93012,5,,,0,70,,93011,5,,,0,28,,92987,5,,,0,60,,92990,5,,,0,17,,93028,5,,,0,15,,92977,5,,,0,15,,92989,5,,,0,55,,92976,5,,,0,15,,92972,5,,,0,15,,92991,5,,,0,15,,92981,5,,,0,55,,92993,5,,,0,15,,92973,5,,,0,15,,92978,5,,,0,15,,92974,5,,,0,54,,92975,5,,,0,15,,92996,5,,,0,15,,92985,5,,,0,15,,92994,5,,,0,55,,92982,5,,,0,15,,92984,5,,,0,15,,92979,5,,,0,14,,92980,5,,,0,55,,92997,5,,,0,15,,92986,5,,,0,15,,92998,5,,,0,15,,92983,5,,,0,55,,92999,5,,,0,15,,93000,5,,,0,15,,92995,5,,,0,15,,93010,5,,,0,55,,93006,5,,,0,15,,93004,5,,,0,15,,93002,5,,,0,15,,93007,5,,,0,55,,93009,5,,,0,15,,93003,5,,,0,15,,93005,5,,,0,15,,93008,5,,,0,55,,93001,5,,,0,15,,92988,5,,,0,15,,92992,5,,,0,16,,93016,5,,,0,56,,93015,5,,,0,15,,93014,5,,,0,15,,93018,5,,,0,15,,93023,5,,,0,60,,93020,5,,,0,20,,93013,5,,,0,20,,93019,5,,,0,60,,93022,5,,,0,27,,93021,5,,,0,69,,93017,5,,,0,30,,93024,5,,,0,70,,93025,5,,,0,30,,93027,5,,,0,70,,93026,5,,,0
1500,'5462',643,,93069,5,,,0,70,,93068,5,,,0,28,,93044,5,,,0,60,,93047,5,,,0,17,,93085,5,,,0,15,,93034,5,,,0,15,,93046,5,,,0,55,,93033,5,,,0,15,,93029,5,,,0,15,,93048,5,,,0,15,,93038,5,,,0,55,,93050,5,,,0,15,,93030,5,,,0,15,,93035,5,,,0,15,,93031,5,,,0,54,,93032,5,,,0,15,,93053,5,,,0,15,,93042,5,,,0,15,,93051,5,,,0,55,,93039,5,,,0,15,,93041,5,,,0,15,,93036,5,,,0,14,,93037,5,,,0,55,,93054,5,,,0,15,,93043,5,,,0,15,,93055,5,,,0,15,,93040,5,,,0,55,,93056,5,,,0,15,,93057,5,,,0,15,,93052,5,,,0,15,,93067,5,,,0,55,,93063,5,,,0,15,,93061,5,,,0,15,,93059,5,,,0,15,,93064,5,,,0,55,,93066,5,,,0,15,,93060,5,,,0,15,,93062,5,,,0,15,,93065,5,,,0,55,,93058,5,,,0,15,,93045,5,,,0,15,,93049,5,,,0,16,,93073,5,,,0,56,,93072,5,,,0,15,,93071,5,,,0,15,,93075,5,,,0,15,,93080,5,,,0,60,,93077,5,,,0,20,,93070,5,,,0,20,,93076,5,,,0,60,,93079,5,,,0,27,,93078,5,,,0,69,,93074,5,,,0,30,,93081,5,,,0,70,,93082,5,,,0,30,,93084,5,,,0,70,,93083,5,,,0
1500,'5463',643,,93126,5,,,0,70,,93125,5,,,0,28,,93101,5,,,0,60,,93104,5,,,0,17,,93142,5,,,0,15,,93091,5,,,0,15,,93103,5,,,0,55,,93090,5,,,0,15,,93086,5,,,0,15,,93105,5,,,0,15,,93095,5,,,0,55,,93107,5,,,0,15,,93087,5,,,0,15,,93092,5,,,0,15,,93088,5,,,0,54,,93089,5,,,0,15,,93110,5,,,0,15,,93099,5,,,0,15,,93108,5,,,0,55,,93096,5,,,0,15,,93098,5,,,0,15,,93093,5,,,0,14,,93094,5,,,0,55,,93111,5,,,0,15,,93100,5,,,0,15,,93112,5,,,0,15,,93097,5,,,0,55,,93113,5,,,0,15,,93114,5,,,0,15,,93109,5,,,0,15,,93124,5,,,0,55,,93120,5,,,0,15,,93118,5,,,0,15,,93116,5,,,0,15,,93121,5,,,0,55,,93123,5,,,0,15,,93117,5,,,0,15,,93119,5,,,0,15,,93122,5,,,0,55,,93115,5,,,0,15,,93102,5,,,0,15,,93106,5,,,0,16,,93130,5,,,0,56,,93129,5,,,0,15,,93128,5,,,0,15,,93132,5,,,0,15,,93137,5,,,0,60,,93134,5,,,0,20,,93127,5,,,0,20,,93133,5,,,0,60,,93136,5,,,0,27,,93135,5,,,0,69,,93131,5,,,0,30,,93138,5,,,0,70,,93139,5,,,0,30,,93141,5,,,0,70,,93140,5,,,0
2600,'5456',547,,94836,5,,,0,68,,94837,5,,,0,22,,94838,5,,,0,18,,94839,5,,,0,51,,94840,5,,,0,15,,94842,5,,,0,5,,94843,5,,,0,7,,94844,5,,,0,7,,94845,5,,,0,8,,94846,5,,,0,55,,94848,5,,,0,16,,94850,5,,,0,15,,94852,5,,,0,17,,94854,5,,,0,57,,94856,5,,,0,16,,94858,5,,,0,16,,94860,5,,,0,17,,94861,5,,,0,56,,94862,5,,,0,13,,94863,5,,,0,15,,94864,5,,,0,15,,94865,5,,,0,57,,94866,5,,,0,14,,94867,5,,,0,15,,94868,5,,,0,16,,94869,5,,,0,55,,94870,5,,,0,14,,94871,5,,,0,15,,94872,5,,,0,15,,94873,5,,,0,56,,94874,5,,,0,14,,94875,5,,,0,15,,94877,5,,,0,15,,94878,5,,,0,53,,94879,5,,,0,13,,94880,5,,,0,12,,94881,5,,,0,9,,94883,5,,,0,13,,94884,5,,,0,53,,94885,5,,,0,12,,94886,5,,,0,12,,94887,5,,,0,12,,94888,5,,,0,12,,94889,5,,,0,51,,94890,5,,,0,13,,94891,5,,,0,12,,94892,5,,,0,14,,94893,5,,,0,52,,94894,5,,,0,13,,94895,5,,,0,13,,94896,5,,,0,16,,94897,5,,,0,16,,94898,5,,,0,55,,94899,5,,,0,17,,94900,5,,,0,13,,94901,5,,,0,15,,94902,5,,,0,55,,94903,5,,,0,20,,94904,5,,,0,21,,94905,5,,,0,60,,94906,5,,,0,20,,94907,5,,,0,20,,94908,5,,,0,59,,94909,5,,,0,23,,94910,5,,,0,73,,94911,5,,,0,30,,94912,5,,,0,70,,94913,5,,,0,30,,94914,5,,,0,72,,94915,5,,,0,30,,94916,5,,,0
2600,'5458',547,,94918,5,,,0,68,,94919,5,,,0,22,,94920,5,,,0,18,,94921,5,,,0,51,,94922,5,,,0,15,,94924,5,,,0,5,,94925,5,,,0,7,,94926,5,,,0,7,,94927,5,,,0,8,,94928,5,,,0,55,,94930,5,,,0,16,,94932,5,,,0,15,,94934,5,,,0,17,,94936,5,,,0,57,,94938,5,,,0,16,,94940,5,,,0,16,,94942,5,,,0,17,,94943,5,,,0,56,,94944,5,,,0,13,,94945,5,,,0,15,,94946,5,,,0,15,,94947,5,,,0,57,,94948,5,,,0,14,,94949,5,,,0,15,,94950,5,,,0,16,,94951,5,,,0,55,,94952,5,,,0,14,,94953,5,,,0,15,,94954,5,,,0,15,,94955,5,,,0,56,,94956,5,,,0,14,,94957,5,,,0,15,,94959,5,,,0,15,,94960,5,,,0,53,,94961,5,,,0,13,,94962,5,,,0,12,,94963,5,,,0,9,,94965,5,,,0,13,,94966,5,,,0,53,,94967,5,,,0,12,,94968,5,,,0,12,,94969,5,,,0,12,,94970,5,,,0,12,,94971,5,,,0,51,,94972,5,,,0,13,,94973,5,,,0,12,,94974,5,,,0,14,,94975,5,,,0,52,,94976,5,,,0,13,,94977,5,,,0,13,,94978,5,,,0,16,,94979,5,,,0,16,,94980,5,,,0,55,,94981,5,,,0,17,,94982,5,,,0,13,,94983,5,,,0,15,,94984,5,,,0,55,,94985,5,,,0,20,,94986,5,,,0,21,,94987,5,,,0,60,,94988,5,,,0,20,,94989,5,,,0,20,,94990,5,,,0,59,,94991,5,,,0,23,,94992,5,,,0,73,,94993,5,,,0,30,,94994,5,,,0,70,,94995,5,,,0,30,,94996,5,,,0,72,,94997,5,,,0,30,,94998,5,,,0,100,,94999,5,,,0
2600,'5459',632,,95002,5,,,0,70,,95003,5,,,0,30,,95004,5,,,0,18,,95005,5,,,0,57,,95006,5,,,0,17,,95007,5,,,0,17,,95008,5,,,0,17,,95009,5,,,0,57,,95010,5,,,0,17,,95011,5,,,0,17,,95012,5,,,0,57,,95013,5,,,0,17,,95014,5,,,0,17,,95015,5,,,0,18,,95016,5,,,0,57,,95001,5,,,0,18,,95017,5,,,0,18,,95018,5,,,0,57,,95019,5,,,0,17,,95020,5,,,0,17,,95021,5,,,0,17,,95022,5,,,0,57,,95023,5,,,0,17,,95024,5,,,0,18,,95025,5,,,0,56,,95026,5,,,0,17,,95027,5,,,0,17,,95028,5,,,0,17,,95029,5,,,0,57,,95030,5,,,0,17,,95031,5,,,0,17,,95032,5,,,0,56,,95033,5,,,0,15,,95034,5,,,0,15,,95035,5,,,0,16,,95036,5,,,0,56,,95037,5,,,0,17,,95038,5,,,0,16,,95039,5,,,0,17,,95040,5,,,0,57,,95041,5,,,0,20,,95042,5,,,0,19,,95043,5,,,0,60,,95044,5,,,0,20,,95045,5,,,0,20,,95046,5,,,0,60,,95047,5,,,0,20,,95048,5,,,0,20,,95049,5,,,0,60,,95050,5,,,0,25,,95051,5,,,0,70,,95052,5,,,0,30,,95053,5,,,0,72,,95054,5,,,0,30,,95055,5,,,0,70,,95056,5,,,0,32,,95057,5,,,0,100,,95058,5,,,0
2600,'5460',655,,95075,5,,,0,67,,95083,5,,,0,22,,95065,5,,,0,63,,95059,5,,,0,22,,95077,5,,,0,20,,95084,5,,,0,67,,95066,5,,,0,22,,95060,5,,,0,20,,95078,5,,,0,64,,95069,5,,,0,20,,95061,5,,,0,58,,95067,5,,,0,18,,95063,5,,,0,19,,95076,5,,,0,19,,95064,5,,,0,59,,95081,5,,,0,18,,95062,5,,,0,18,,95079,5,,,0,58,,95071,5,,,0,18,,95074,5,,,0,20,,95072,5,,,0,58,,95082,5,,,0,18,,95068,5,,,0,18,,95080,5,,,0,18,,95070,5,,,0,57,,95073,5,,,0,18,,95089,5,,,0,18,,95093,5,,,0,57,,95086,5,,,0,18,,95095,5,,,0,18,,95088,5,,,0,58,,95091,5,,,0,17,,95087,5,,,0,17,,95096,5,,,0,16,,95085,5,,,0,60,,95094,5,,,0,19,,95090,5,,,0,20,,95092,5,,,0,59,,95100,5,,,0,20,,95098,5,,,0,19,,95102,5,,,0,60,,95099,5,,,0,20,,95101,5,,,0,20,,95103,5,,,0,60,,95097,5,,,0,30,,95105,5,,,0,70,,95104,5,,,0,30,,95106,5,,,0,70,,95107,5,,,0,38,,95108,5,,,0
2600,'5461',655,,95125,5,,,0,67,,95133,5,,,0,22,,95115,5,,,0,63,,95109,5,,,0,22,,95127,5,,,0,20,,95134,5,,,0,67,,95116,5,,,0,22,,95110,5,,,0,20,,95128,5,,,0,64,,95119,5,,,0,20,,95111,5,,,0,58,,95117,5,,,0,18,,95113,5,,,0,19,,95126,5,,,0,19,,95114,5,,,0,59,,95131,5,,,0,18,,95112,5,,,0,18,,95129,5,,,0,58,,95121,5,,,0,18,,95124,5,,,0,20,,95122,5,,,0,58,,95132,5,,,0,18,,95118,5,,,0,18,,95130,5,,,0,18,,95120,5,,,0,57,,95123,5,,,0,18,,95139,5,,,0,18,,95143,5,,,0,57,,95136,5,,,0,18,,95145,5,,,0,18,,95138,5,,,0,58,,95141,5,,,0,17,,95137,5,,,0,17,,95146,5,,,0,16,,95135,5,,,0,60,,95144,5,,,0,19,,95140,5,,,0,20,,95142,5,,,0,59,,95150,5,,,0,20,,95148,5,,,0,19,,95152,5,,,0,60,,95149,5,,,0,20,,95151,5,,,0,20,,95153,5,,,0,60,,95147,5,,,0,30,,95155,5,,,0,70,,95154,5,,,0,30,,95156,5,,,0,70,,95157,5,,,0,38,,95158,5,,,0
2600,'5462',655,,95175,5,,,0,67,,95183,5,,,0,22,,95165,5,,,0,63,,95159,5,,,0,22,,95177,5,,,0,20,,95184,5,,,0,67,,95166,5,,,0,22,,95160,5,,,0,20,,95178,5,,,0,64,,95169,5,,,0,20,,95161,5,,,0,58,,95167,5,,,0,18,,95163,5,,,0,19,,95176,5,,,0,19,,95164,5,,,0,59,,95181,5,,,0,18,,95162,5,,,0,18,,95179,5,,,0,58,,95171,5,,,0,18,,95174,5,,,0,20,,95172,5,,,0,58,,95182,5,,,0,18,,95168,5,,,0,18,,95180,5,,,0,18,,95170,5,,,0,57,,95173,5,,,0,18,,95189,5,,,0,18,,95193,5,,,0,57,,95186,5,,,0,18,,95195,5,,,0,18,,95188,5,,,0,58,,95191,5,,,0,17,,95187,5,,,0,17,,95196,5,,,0,16,,95185,5,,,0,60,,95194,5,,,0,19,,95190,5,,,0,20,,95192,5,,,0,59,,95200,5,,,0,20,,95198,5,,,0,19,,95202,5,,,0,60,,95199,5,,,0,20,,95201,5,,,0,20,,95203,5,,,0,60,,95197,5,,,0,30,,95205,5,,,0,70,,95204,5,,,0,30,,95206,5,,,0,70,,95207,5,,,0,38,,95208,5,,,0
2600,'5463',655,,95225,5,,,0,67,,95233,5,,,0,22,,95215,5,,,0,63,,95209,5,,,0,22,,95227,5,,,0,20,,95234,5,,,0,67,,95216,5,,,0,22,,95210,5,,,0,20,,95228,5,,,0,64,,95219,5,,,0,20,,95211,5,,,0,58,,95217,5,,,0,18,,95213,5,,,0,19,,95226,5,,,0,19,,95214,5,,,0,59,,95231,5,,,0,18,,95212,5,,,0,18,,95229,5,,,0,58,,95221,5,,,0,18,,95224,5,,,0,20,,95222,5,,,0,58,,95232,5,,,0,18,,95218,5,,,0,18,,95230,5,,,0,18,,95220,5,,,0,57,,95223,5,,,0,18,,95239,5,,,0,18,,95243,5,,,0,57,,95236,5,,,0,18,,95245,5,,,0,18,,95238,5,,,0,58,,95241,5,,,0,17,,95237,5,,,0,17,,95246,5,,,0,16,,95235,5,,,0,60,,95244,5,,,0,19,,95240,5,,,0,20,,95242,5,,,0,59,,95250,5,,,0,20,,95248,5,,,0,19,,95252,5,,,0,60,,95249,5,,,0,20,,95251,5,,,0,20,,95253,5,,,0,60,,95247,5,,,0,30,,95255,5,,,0,70,,95254,5,,,0,30,,95256,5,,,0,70,,95257,5,,,0,38,,95258,5,,,0
