8100,'5456',2138,,101870,25,4,,0
8100,'5458',2138,,101886,25,4,,0
8100,'5459',2134,,101900,25,4,,0
8100,'5460',2138,,101914,25,4,,0
8100,'5461',2138,,101928,25,4,,0
8100,'5462',2138,,101942,25,4,,0
8100,'5463',2138,,101956,25,4,,0
8101,'5456',534,,101957,1,,,0,169,,101958,16,,,0,32,,101960,1,,,0,180,,101959,16,,,0,103,,101961,16,,,0,97,,101962,16,,,0,100,,101963,16,,,0,100,,101964,16,,,0,100,,101965,16,,,0,101,,101966,16,,,0,99,,101967,16,,,0,99,,101968,16,,,0,100,,101969,16,,,0,99,,101970,16,,,0,101,,101971,16,,,0,99,,101972,16,,,0
8101,'5458',534,,101973,1,,,0,169,,101974,16,,,0,32,,101976,1,,,0,180,,101975,16,,,0,103,,101977,16,,,0,97,,101978,16,,,0,100,,101979,16,,,0,100,,101980,16,,,0,100,,101981,16,,,0,101,,101982,16,,,0,99,,101983,16,,,0,99,,101984,16,,,0,100,,101985,16,,,0,99,,101986,16,,,0,101,,101987,16,,,0,99,,101988,16,,,0
8101,'5459',913,,101989,16,,,0,103,,101990,16,,,0,100,,101991,16,,,0,100,,101992,16,,,0,100,,101993,16,,,0,104,,101994,16,,,0,100,,101995,16,,,0,100,,101996,16,,,0,96,,101997,16,,,0,97,,101998,16,,,0,100,,101999,16,,,0,100,,102000,16,,,0,100,,102001,16,,,0
8101,'5460',913,,102002,16,,,0,101,,102003,16,,,0,102,,102004,16,,,0,100,,102005,16,,,0,100,,102006,16,,,0,101,,102007,16,,,0,100,,102008,16,,,0,100,,102009,16,,,0,102,,102010,16,,,0,100,,102011,16,,,0,100,,102012,16,,,0,100,,102013,16,,,0,100,,102014,16,,,0
8101,'5461',913,,102015,16,,,0,101,,102016,16,,,0,102,,102017,16,,,0,100,,102018,16,,,0,100,,102019,16,,,0,101,,102020,16,,,0,100,,102021,16,,,0,100,,102022,16,,,0,102,,102023,16,,,0,100,,102024,16,,,0,100,,102025,16,,,0,100,,102026,16,,,0,100,,102027,16,,,0
8101,'5462',913,,102028,16,,,0,101,,102029,16,,,0,102,,102030,16,,,0,100,,102031,16,,,0,100,,102032,16,,,0,101,,102033,16,,,0,100,,102034,16,,,0,100,,102035,16,,,0,102,,102036,16,,,0,100,,102037,16,,,0,100,,102038,16,,,0,100,,102039,16,,,0,100,,102040,16,,,0
8101,'5463',913,,102041,16,,,0,101,,102042,16,,,0,102,,102043,16,,,0,100,,102044,16,,,0,100,,102045,16,,,0,101,,102046,16,,,0,100,,102047,16,,,0,100,,102048,16,,,0,102,,102049,16,,,0,100,,102050,16,,,0,100,,102051,16,,,0,100,,102052,16,,,0,100,,102053,16,,,0
8300,'5456',738,,102055,49,4,,0,204,,102054,49,4,,0,179,,102056,49,4,,0,208,,102057,49,4,,0,200,,102058,49,4,,0,212,,102059,49,4,,0,204,,102060,49,4,,0
8300,'5458',738,,102062,49,4,,0,204,,102061,49,4,,0,179,,102063,49,4,,0,208,,102064,49,4,,0,200,,102065,49,4,,0,212,,102066,49,4,,0,204,,102067,49,4,,0
8300,'5459',1124,,102070,49,4,,0,301,,102071,49,4,,0,302,,102069,49,4,,0,299,,102068,49,4,,0
8300,'5460',1123,,102074,49,4,,0,300,,102075,49,4,,0,302,,102073,49,4,,0,300,,102072,49,4,,0
8300,'5461',1123,,102078,49,4,,0,300,,102079,49,4,,0,302,,102077,49,4,,0,300,,102076,49,4,,0
8300,'5462',1123,,102082,49,4,,0,300,,102083,49,4,,0,302,,102081,49,4,,0,300,,102080,49,4,,0
8300,'5463',1123,,102086,49,4,,0,300,,102087,49,4,,0,302,,102085,49,4,,0,300,,102084,49,4,,0
8301,'5456',650,,102090,1,,,0,95,,102088,1,,,0,210,,102089,1,,,0,180,,102092,1,,,0,195,,102091,1,,,0,210,,102093,1,,,0,215,,102094,1,,,0,200,,102095,1,,,0
8301,'5458',650,,102098,1,,,0,95,,102096,1,,,0,210,,102097,1,,,0,180,,102100,1,,,0,195,,102099,1,,,0,210,,102101,1,,,0,215,,102102,1,,,0,200,,102103,1,,,0
8301,'5459',930,,102107,1,,,0,300,,102105,1,,,0,305,,102106,1,,,0,300,,102104,1,,,0
8301,'5460',930,,102110,1,,,0,300,,102111,1,,,0,305,,102109,1,,,0,300,,102108,1,,,0
8301,'5461',930,,102114,1,,,0,300,,102115,1,,,0,305,,102113,1,,,0,300,,102112,1,,,0
8301,'5462',930,,102118,1,,,0,300,,102119,1,,,0,305,,102117,1,,,0,300,,102116,1,,,0
8301,'5463',930,,102122,1,,,0,300,,102123,1,,,0,305,,102121,1,,,0,300,,102120,1,,,0
8500,'5456',630,,102124,1,,,0,87,,102124,49,4,,0,10,,102125,1,,,0,88,,102125,49,4,,0,112,,102126,1,,,0,89,,102126,49,4,,0,111,,102127,1,,,0,90,,102127,49,4,,0,110,,102128,1,,,0,90,,102128,49,4,,0,110,,102129,1,,,0,90,,102129,49,4,,0,110,,102130,1,,,0,87,,102130,49,4,,0,113,,102131,1,,,0,86,,102131,49,4,,0
8500,'5458',630,,102132,1,,,0,87,,102132,49,4,,0,10,,102133,1,,,0,88,,102133,49,4,,0,112,,102134,1,,,0,89,,102134,49,4,,0,111,,102135,1,,,0,90,,102135,49,4,,0,110,,102136,1,,,0,90,,102136,49,4,,0,110,,102137,1,,,0,90,,102137,49,4,,0,110,,102138,1,,,0,87,,102138,49,4,,0,113,,102139,1,,,0,86,,102139,49,4,,0
8500,'5459',835,,102141,1,,,0,87,,102141,49,4,,0,213,,102142,1,,,0,88,,102142,49,4,,0,217,,102143,1,,,0,89,,102143,49,4,,0,211,,102140,1,,,0,87,,102140,49,4,,0
8500,'5460',835,,102146,1,,,0,87,,102146,49,4,,0,213,,102147,1,,,0,88,,102147,49,4,,0,217,,102144,1,,,0,89,,102144,49,4,,0,211,,102145,1,,,0,87,,102145,49,4,,0
8500,'5461',835,,102150,1,,,0,87,,102150,49,4,,0,213,,102151,1,,,0,88,,102151,49,4,,0,217,,102148,1,,,0,89,,102148,49,4,,0,211,,102149,1,,,0,87,,102149,49,4,,0
8500,'5462',835,,102154,1,,,0,87,,102154,49,4,,0,213,,102155,1,,,0,88,,102155,49,4,,0,217,,102152,1,,,0,89,,102152,49,4,,0,211,,102153,1,,,0,87,,102153,49,4,,0
8500,'5463',835,,102158,1,,,0,87,,102158,49,4,,0,213,,102159,1,,,0,88,,102159,49,4,,0,217,,102156,1,,,0,89,,102156,49,4,,0,211,,102157,1,,,0,87,,102157,49,4,,0
8700,'5456',754,,102160,45,4,,0,202,,102161,45,4,,0,201,,102162,45,4,,0,246,,102164,38,4,,0,155,,102165,45,4,,0,199,,102166,45,4,,0
8700,'5458',754,,102167,45,4,,0,202,,102168,45,4,,0,201,,102169,45,4,,0,246,,102171,38,4,,0,155,,102172,45,4,,0,199,,102173,45,4,,0
8701,'5456',620,,102174,1,,,0,197,,102175,1,,,0,201,,102176,1,,,0,198,,102177,1,,,0,199,,102178,1,,,0,203,,102179,1,,,0
8701,'5458',620,,102180,1,,,0,197,,102181,1,,,0,201,,102182,1,,,0,198,,102183,1,,,0,199,,102184,1,,,0,203,,102185,1,,,0
8800,'5456',855,,102186,19,4,,0,201,,102187,19,4,,0,201,,102188,19,4,,0,201,,102189,19,4,,0,199,,102190,19,4,,0,245,,102191,19,4,,0
8800,'5458',855,,102192,19,4,,0,201,,102193,19,4,,0,201,,102194,19,4,,0,201,,102195,19,4,,0,199,,102196,19,4,,0,245,,102197,19,4,,0
8800,'5459',830,,102206,19,4,,0,99,,102207,19,4,,0,101,,102208,19,4,,0,100,,102209,19,4,,0,100,,102210,19,4,,0,99,,102211,19,4,,0,100,,102202,19,4,,0,100,,102203,19,4,,0,99,,102204,19,4,,0,100,,102205,19,4,,0,98,,102199,19,4,,0,99,,102200,19,4,,0,101,,102201,19,4,,0,100,,102198,19,4,,0
8800,'5460',830,,102217,19,4,,0,94,,102218,19,4,,0,101,,102219,19,4,,0,101,,102220,19,4,,0,101,,102221,19,4,,0,100,,102222,19,4,,0,99,,102213,19,4,,0,99,,102214,19,4,,0,100,,102215,19,4,,0,101,,102216,19,4,,0,101,,102224,19,4,,0,99,,102225,19,4,,0,99,,102212,19,4,,0,98,,102223,19,4,,0
8800,'5461',830,,102231,19,4,,0,94,,102232,19,4,,0,101,,102233,19,4,,0,101,,102234,19,4,,0,101,,102235,19,4,,0,100,,102236,19,4,,0,99,,102227,19,4,,0,99,,102228,19,4,,0,100,,102229,19,4,,0,101,,102230,19,4,,0,101,,102238,19,4,,0,99,,102239,19,4,,0,99,,102226,19,4,,0,98,,102237,19,4,,0
8800,'5462',830,,102245,19,4,,0,94,,102246,19,4,,0,101,,102247,19,4,,0,101,,102248,19,4,,0,101,,102249,19,4,,0,100,,102250,19,4,,0,99,,102241,19,4,,0,99,,102242,19,4,,0,100,,102243,19,4,,0,101,,102244,19,4,,0,101,,102252,19,4,,0,99,,102253,19,4,,0,99,,102240,19,4,,0,98,,102251,19,4,,0
8800,'5463',830,,102259,19,4,,0,94,,102260,19,4,,0,101,,102261,19,4,,0,101,,102262,19,4,,0,101,,102263,19,4,,0,100,,102264,19,4,,0,99,,102255,19,4,,0,99,,102256,19,4,,0,100,,102257,19,4,,0,101,,102258,19,4,,0,101,,102266,19,4,,0,99,,102267,19,4,,0,99,,102254,19,4,,0,98,,102265,19,4,,0
8801,'5456',710,,102268,1,,,0,200,,102269,1,,,0,199,,102270,1,,,0,199,,102271,1,,,0,200,,102272,1,,,0,207,,102273,1,,,0,103,,102274,1,,,0
8801,'5458',710,,102275,1,,,0,200,,102276,1,,,0,199,,102277,1,,,0,199,,102278,1,,,0,200,,102279,1,,,0,207,,102280,1,,,0,103,,102281,1,,,0
8801,'5459',744,,102292,1,,,0,99,,102293,1,,,0,99,,102294,1,,,0,100,,102295,1,,,0,98,,102286,1,,,0,100,,102287,1,,,0,100,,102289,1,,,0,100,,102290,1,,,0,102,,102288,1,,,0,100,,102291,1,,,0,98,,102283,1,,,0,100,,102284,1,,,0,102,,102285,1,,,0,100,,102282,1,,,0
8801,'5460',746,,102304,1,,,0,94,,102305,1,,,0,100,,102306,1,,,0,100,,102307,1,,,0,100,,102308,1,,,0,100,,102309,1,,,0,99,,102299,1,,,0,100,,102300,1,,,0,101,,102301,1,,,0,101,,102302,1,,,0,102,,102303,1,,,0,99,,102297,1,,,0,100,,102298,1,,,0,98,,102296,1,,,0
8801,'5461',746,,102318,1,,,0,94,,102319,1,,,0,100,,102320,1,,,0,100,,102321,1,,,0,100,,102322,1,,,0,100,,102323,1,,,0,99,,102313,1,,,0,100,,102314,1,,,0,101,,102315,1,,,0,101,,102316,1,,,0,102,,102317,1,,,0,99,,102311,1,,,0,100,,102312,1,,,0,98,,102310,1,,,0
8801,'5462',746,,102332,1,,,0,94,,102333,1,,,0,100,,102334,1,,,0,100,,102335,1,,,0,100,,102336,1,,,0,100,,102337,1,,,0,99,,102327,1,,,0,100,,102328,1,,,0,101,,102329,1,,,0,101,,102330,1,,,0,102,,102331,1,,,0,99,,102325,1,,,0,100,,102326,1,,,0,98,,102324,1,,,0
8801,'5463',746,,102346,1,,,0,94,,102347,1,,,0,100,,102348,1,,,0,100,,102349,1,,,0,100,,102350,1,,,0,100,,102351,1,,,0,99,,102341,1,,,0,100,,102342,1,,,0,101,,102343,1,,,0,101,,102344,1,,,0,102,,102345,1,,,0,99,,102339,1,,,0,100,,102340,1,,,0,98,,102338,1,,,0
1008800,'5456',635,,103793,10,4,,0,186,,103797,10,4,,0,96,,103795,10,4,,0,100,,103794,10,4,,0,100,,103796,10,4,,0,100,,103799,10,4,,0,100,,103798,10,4,,0,100,,103800,10,4,,0,100,,103801,10,4,,0,100,,103802,10,4,,0,99,,103803,10,4,,0,107,,103804,10,4,,0,98,,103805,10,4,,0,29,,103807,10,4,,0,70,,103806,10,4,,0,31,,103809,10,4,,0,70,,103808,10,4,,0
1008800,'5458',635,,103810,10,4,,0,186,,103814,10,4,,0,96,,103812,10,4,,0,100,,103811,10,4,,0,100,,103813,10,4,,0,100,,103816,10,4,,0,100,,103815,10,4,,0,100,,103817,10,4,,0,100,,103818,10,4,,0,100,,103819,10,4,,0,99,,103820,10,4,,0,107,,103821,10,4,,0,98,,103822,10,4,,0,29,,103824,10,4,,0,70,,103823,10,4,,0,31,,103826,10,4,,0,70,,103825,10,4,,0
1008801,'5456',642,,103827,1,,,0,106,,103831,1,,,0,96,,103830,1,,,0,100,,103828,1,,,0,99,,103829,1,,,0,99,,103832,1,,,0,100,,103833,1,,,0,100,,103834,1,,,0,100,,103835,1,,,0,100,,103836,1,,,0,100,,103837,1,,,0,109,,103838,1,,,0,99,,103839,1,,,0,71,,103840,1,,,0,101,,103841,1,,,0
1008801,'5458',642,,103842,1,,,0,106,,103846,1,,,0,96,,103845,1,,,0,100,,103843,1,,,0,99,,103844,1,,,0,99,,103847,1,,,0,100,,103848,1,,,0,100,,103849,1,,,0,100,,103850,1,,,0,100,,103851,1,,,0,100,,103852,1,,,0,109,,103853,1,,,0,99,,103854,1,,,0,71,,103855,1,,,0,101,,103856,1,,,0
