7001,'4832',856,,85875,2,,,0,100,,75009,2,,,0,100,,85876,2,,,0,100,,85877,2,,,0,102,,74998,2,,,0,100,,85878,2,,,0,100,,85879,2,,,0,100,,85880,2,,,0,143,,85881,2,,,0,100,,85882,2,,,0,100,,85883,2,,,0,100,,85884,2,,,0,100,,85885,2,,,0,100,,85888,2,,,0,100,,85886,2,,,0,100,,85887,2,,,0
7001,'5453',856,,85889,2,,,0,100,,85903,2,,,0,100,,85890,2,,,0,100,,85891,2,,,0,102,,85892,2,,,0,100,,85893,2,,,0,100,,85894,2,,,0,100,,85895,2,,,0,143,,85896,2,,,0,100,,85897,2,,,0,100,,85898,2,,,0,100,,85899,2,,,0,100,,85900,2,,,0,100,,85904,2,,,0,100,,85901,2,,,0,100,,85902,2,,,0
7001,'5456',658,,100962,2,,,0,143,,100972,2,,,0,55,,100963,2,,,0,100,,100969,2,,,0,102,,100964,2,,,0,100,,100965,2,,,0,100,,100966,2,,,0,100,,100967,2,,,0,100,,100968,2,,,0,99,,100970,2,,,0,71,,100974,2,,,0,73,,100971,2,,,0,100,,100973,2,,,0,100,,100975,2,,,0,200,,100976,2,,,0,200,,100977,2,,,0
7001,'5458',658,,100978,2,,,0,143,,100988,2,,,0,55,,100979,2,,,0,100,,100985,2,,,0,102,,100980,2,,,0,100,,100981,2,,,0,100,,100982,2,,,0,100,,100983,2,,,0,100,,100984,2,,,0,99,,100986,2,,,0,71,,100990,2,,,0,73,,100987,2,,,0,100,,100989,2,,,0,100,,100991,2,,,0,200,,100992,2,,,0,200,,100993,2,,,0
7001,'5459',856,,100994,2,,,0,102,,100995,2,,,0,100,,100996,2,,,0,100,,100997,2,,,0,100,,100998,2,,,0,143,,100999,2,,,0,101,,101000,2,,,0,99,,101001,2,,,0,57,,101002,2,,,0,100,,101003,2,,,0,100,,101004,2,,,0,200,,101005,2,,,0,200,,101006,2,,,0
7001,'5460',856,,101007,2,,,0,200,,101008,2,,,0,100,,101009,2,,,0,102,,101010,2,,,0,100,,101011,2,,,0,100,,101012,2,,,0,100,,101013,2,,,0,143,,101014,2,,,0,100,,101015,2,,,0,100,,101016,2,,,0,100,,101017,2,,,0,100,,101018,2,,,0,200,,101019,2,,,0,100,,101020,2,,,0
7001,'5461',856,,101021,2,,,0,100,,101035,2,,,0,100,,101022,2,,,0,100,,101023,2,,,0,102,,101024,2,,,0,100,,101025,2,,,0,100,,101026,2,,,0,100,,101027,2,,,0,143,,101028,2,,,0,100,,101029,2,,,0,100,,101030,2,,,0,100,,101031,2,,,0,100,,101032,2,,,0,57,,101036,2,,,0,143,,101033,2,,,0,100,,101034,2,,,0
7001,'5462',856,,101037,2,,,0,100,,101051,2,,,0,100,,101038,2,,,0,100,,101039,2,,,0,102,,101040,2,,,0,100,,101041,2,,,0,100,,101042,2,,,0,100,,101043,2,,,0,143,,101044,2,,,0,100,,101045,2,,,0,100,,101046,2,,,0,100,,101047,2,,,0,100,,101048,2,,,0,57,,101052,2,,,0,143,,101049,2,,,0,100,,101050,2,,,0
7001,'5463',856,,101053,2,,,0,200,,101054,2,,,0,100,,101055,2,,,0,102,,101056,2,,,0,100,,101057,2,,,0,100,,101058,2,,,0,100,,101059,2,,,0,143,,101060,2,,,0,100,,101061,2,,,0,100,,101062,2,,,0,100,,101063,2,,,0,100,,101064,2,,,0,200,,101065,2,,,0,100,,101066,2,,,0
7101,'5456',555,,101073,2,,,0,70,,101074,2,,,0,85,,101075,2,,,0
7101,'5458',555,,101076,2,,,0,70,,101077,2,,,0,85,,101078,2,,,0
7201,'4832',659,,86119,2,,,0,100,,86120,2,,,0,100,,86121,2,,,0,143,,86122,2,,,0,100,,86124,2,,,0,30,,86125,2,,,0,70,,86118,2,,,0,30,,86123,2,,,0,70,,86126,2,,,0,30,,86128,2,,,0,70,,86129,2,,,0,30,,86130,2,,,0,70,,86127,2,,,0,30,,86131,2,,,0,70,,86132,2,,,0,30,,86133,2,,,0,75,,86134,2,,,0,28,,86135,2,,,0,72,,86136,2,,,0,30,,86137,2,,,0,70,,86139,2,,,0,30,,86138,2,,,0,70,,86140,2,,,0,30,,86141,2,,,0,70,,86142,2,,,0,95,,86143,2,,,0,100,,86144,2,,,0
7201,'5453',659,,81140,2,,,0,100,,86146,2,,,0,100,,86147,2,,,0,143,,86148,2,,,0,100,,86150,2,,,0,30,,86151,2,,,0,70,,86145,2,,,0,30,,86149,2,,,0,70,,86152,2,,,0,30,,86154,2,,,0,70,,86155,2,,,0,30,,86156,2,,,0,70,,86153,2,,,0,30,,86157,2,,,0,70,,86158,2,,,0,30,,86159,2,,,0,75,,86160,2,,,0,28,,86161,2,,,0,72,,86162,2,,,0,30,,86163,2,,,0,70,,86165,2,,,0,30,,86164,2,,,0,70,,86166,2,,,0,30,,86167,2,,,0,70,,86168,2,,,0,95,,86169,2,,,0,100,,86170,2,,,0
7201,'5456',531,,101280,2,,,0,80,,101283,2,,,0,30,,101281,2,,,0,70,,101285,2,,,0,30,,101295,2,,,0,61,,101290,2,,,0,27,,101282,2,,,0,30,,101284,2,,,0,70,,101288,2,,,0,30,,101286,2,,,0,70,,101287,2,,,0,73,,101294,2,,,0,30,,101289,2,,,0,70,,101291,2,,,0,30,,101292,2,,,0,70,,101299,2,,,0,30,,101302,2,,,0,70,,101293,2,,,0,30,,101304,2,,,0,70,,101308,2,,,0,30,,101296,2,,,0,69,,101297,2,,,0,32,,101303,2,,,0,71,,101311,2,,,0,30,,101298,2,,,0,70,,101305,2,,,0,30,,101307,2,,,0,70,,101300,2,,,0,30,,101301,2,,,0,70,,101310,2,,,0,30,,101312,2,,,0,70,,101306,2,,,0
7201,'5458',531,,101314,2,,,0,80,,101317,2,,,0,30,,101315,2,,,0,70,,101319,2,,,0,30,,101330,2,,,0,61,,101324,2,,,0,27,,101316,2,,,0,30,,101318,2,,,0,70,,101322,2,,,0,30,,101320,2,,,0,70,,101321,2,,,0,73,,101329,2,,,0,30,,101323,2,,,0,70,,101325,2,,,0,30,,101326,2,,,0,70,,101334,2,,,0,30,,101337,2,,,0,70,,101328,2,,,0,30,,101339,2,,,0,70,,101343,2,,,0,30,,101331,2,,,0,69,,101332,2,,,0,32,,101338,2,,,0,71,,101346,2,,,0,30,,101333,2,,,0,70,,101340,2,,,0,30,,101342,2,,,0,70,,101335,2,,,0,30,,101336,2,,,0,70,,101345,2,,,0,30,,101347,2,,,0,70,,101341,2,,,0
7201,'5459',559,,101376,2,,,0,100,,101349,2,,,0,100,,101350,2,,,0,73,,101351,2,,,0,70,,101352,2,,,0,30,,101353,2,,,0,70,,101354,2,,,0,30,,101355,2,,,0,70,,101356,2,,,0,30,,101357,2,,,0,70,,101348,2,,,0,30,,101358,2,,,0,70,,101359,2,,,0,30,,101360,2,,,0,75,,101361,2,,,0,30,,101362,2,,,0,70,,101363,2,,,0,30,,101364,2,,,0,70,,101365,2,,,0,25,,101366,2,,,0,70,,101367,2,,,0,30,,101368,2,,,0,70,,101369,2,,,0,30,,101370,2,,,0,70,,101371,2,,,0,30,,101372,2,,,0,70,,101373,2,,,0,30,,101374,2,,,0,70,,101375,2,,,0
7201,'5460',659,,101378,2,,,0,100,,101379,2,,,0,100,,101380,2,,,0,143,,101381,2,,,0,100,,101383,2,,,0,30,,101384,2,,,0,70,,101377,2,,,0,30,,101382,2,,,0,70,,101385,2,,,0,30,,101387,2,,,0,70,,101388,2,,,0,30,,101389,2,,,0,70,,101386,2,,,0,30,,101390,2,,,0,70,,101391,2,,,0,30,,101392,2,,,0,75,,101393,2,,,0,28,,101394,2,,,0,72,,101395,2,,,0,30,,101396,2,,,0,70,,101398,2,,,0,30,,101397,2,,,0,70,,101399,2,,,0,30,,101400,2,,,0,70,,101401,2,,,0
7201,'5461',659,,101403,2,,,0,100,,101404,2,,,0,100,,101405,2,,,0,143,,101406,2,,,0,100,,101408,2,,,0,30,,101409,2,,,0,70,,101402,2,,,0,30,,101407,2,,,0,70,,101410,2,,,0,30,,101412,2,,,0,70,,101413,2,,,0,30,,101414,2,,,0,70,,101411,2,,,0,30,,101415,2,,,0,70,,101416,2,,,0,30,,101417,2,,,0,75,,101418,2,,,0,28,,101419,2,,,0,72,,101420,2,,,0,30,,101421,2,,,0,70,,101423,2,,,0,30,,101422,2,,,0,70,,101424,2,,,0,30,,101425,2,,,0,70,,101426,2,,,0
7201,'5462',659,,101428,2,,,0,100,,101429,2,,,0,100,,101430,2,,,0,143,,101431,2,,,0,100,,101433,2,,,0,30,,101434,2,,,0,70,,101427,2,,,0,30,,101432,2,,,0,70,,101435,2,,,0,30,,101437,2,,,0,70,,101438,2,,,0,30,,101439,2,,,0,70,,101436,2,,,0,30,,101440,2,,,0,70,,101441,2,,,0,30,,101442,2,,,0,75,,101443,2,,,0,28,,101444,2,,,0,72,,101445,2,,,0,30,,101446,2,,,0,70,,101448,2,,,0,30,,101447,2,,,0,70,,101449,2,,,0,30,,101450,2,,,0,70,,101451,2,,,0
7201,'5463',659,,101453,2,,,0,100,,101454,2,,,0,100,,101455,2,,,0,143,,101456,2,,,0,100,,101458,2,,,0,30,,101459,2,,,0,70,,101452,2,,,0,30,,101457,2,,,0,70,,101460,2,,,0,30,,101462,2,,,0,70,,101463,2,,,0,30,,101464,2,,,0,70,,101461,2,,,0,30,,101465,2,,,0,70,,101466,2,,,0,30,,101467,2,,,0,75,,101468,2,,,0,28,,101469,2,,,0,72,,101470,2,,,0,30,,101471,2,,,0,70,,101473,2,,,0,30,,101472,2,,,0,70,,101474,2,,,0,30,,101475,2,,,0,70,,101476,2,,,0
8101,'4832',901,,81438,2,,,0,101,,75990,2,,,0,102,,75991,2,,,0,100,,75992,2,,,0,100,,81439,2,,,0,100,,86385,2,,,0,100,,86386,2,,,0,100,,86387,2,,,0,103,,86388,2,,,0,100,,75998,2,,,0,100,,75999,2,,,0,100,,81441,2,,,0,100,,86389,2,,,0
8101,'5453',901,,81455,2,,,0,101,,81456,2,,,0,102,,81457,2,,,0,100,,81458,2,,,0,100,,86390,2,,,0,100,,86391,2,,,0,100,,86392,2,,,0,100,,86393,2,,,0,103,,86394,2,,,0,100,,86395,2,,,0,100,,81465,2,,,0,100,,81466,2,,,0,100,,81467,2,,,0
8101,'5456',651,,101958,2,,,0,251,,101959,2,,,0,103,,101961,2,,,0,97,,101962,2,,,0,100,,101963,2,,,0,100,,101964,2,,,0,100,,101965,2,,,0,100,,101966,2,,,0,100,,101967,2,,,0,100,,101968,2,,,0,100,,101969,2,,,0,99,,101970,2,,,0,101,,101971,2,,,0,99,,101972,2,,,0
8101,'5458',651,,101974,2,,,0,251,,101975,2,,,0,103,,101977,2,,,0,97,,101978,2,,,0,100,,101979,2,,,0,100,,101980,2,,,0,100,,101981,2,,,0,100,,101982,2,,,0,100,,101983,2,,,0,100,,101984,2,,,0,100,,101985,2,,,0,99,,101986,2,,,0,101,,101987,2,,,0,99,,101988,2,,,0
8101,'5459',901,,101989,2,,,0,103,,101990,2,,,0,100,,101991,2,,,0,100,,101992,2,,,0,100,,101993,2,,,0,103,,101994,2,,,0,100,,101995,2,,,0,100,,101996,2,,,0,97,,101997,2,,,0,97,,101998,2,,,0,100,,101999,2,,,0,100,,102000,2,,,0,100,,102001,2,,,0
8101,'5460',901,,102002,2,,,0,101,,102003,2,,,0,102,,102004,2,,,0,100,,102005,2,,,0,100,,102006,2,,,0,100,,102007,2,,,0,100,,102008,2,,,0,100,,102009,2,,,0,103,,102010,2,,,0,100,,102011,2,,,0,100,,102012,2,,,0,100,,102013,2,,,0,100,,102014,2,,,0
8101,'5461',901,,102015,2,,,0,101,,102016,2,,,0,102,,102017,2,,,0,100,,102018,2,,,0,100,,102019,2,,,0,100,,102020,2,,,0,100,,102021,2,,,0,100,,102022,2,,,0,103,,102023,2,,,0,100,,102024,2,,,0,100,,102025,2,,,0,100,,102026,2,,,0,100,,102027,2,,,0
8101,'5462',901,,102028,2,,,0,101,,102029,2,,,0,102,,102030,2,,,0,100,,102031,2,,,0,100,,102032,2,,,0,100,,102033,2,,,0,100,,102034,2,,,0,100,,102035,2,,,0,103,,102036,2,,,0,100,,102037,2,,,0,100,,102038,2,,,0,100,,102039,2,,,0,100,,102040,2,,,0
8101,'5463',901,,102041,2,,,0,101,,102042,2,,,0,102,,102043,2,,,0,100,,102044,2,,,0,100,,102045,2,,,0,100,,102046,2,,,0,100,,102047,2,,,0,100,,102048,2,,,0,103,,102049,2,,,0,100,,102050,2,,,0,100,,102051,2,,,0,100,,102052,2,,,0,100,,102053,2,,,0
1007201,'5456',2202,,103776,2,,,0,99,,103778,2,,,0,100,,103777,2,,,0
1007201,'5458',2202,,103779,2,,,0,99,,103781,2,,,0,100,,103780,2,,,0
1007201,'5459',2202,,103782,2,,,0,99,,103783,2,,,0,100,,103784,2,,,0
1007201,'5460',2202,,103785,2,,,0,100,,103786,2,,,0
1007201,'5461',2202,,103787,2,,,0,100,,103788,2,,,0
1007201,'5462',2202,,103789,2,,,0,100,,103790,2,,,0
1007201,'5463',2202,,103791,2,,,0,100,,103792,2,,,0
24007001,'4832',1054,,87448,2,,,0,202,,77833,2,,,0,100,,87454,2,,,0,101,,87449,2,,,0,201,,87450,2,,,0,200,,87451,2,,,0,200,,87452,2,,,0
24007001,'5453',954,,81949,2,,,0,100,,87455,2,,,0,100,,87461,2,,,0,102,,81942,2,,,0,100,,87460,2,,,0,101,,87456,2,,,0,99,,81951,2,,,0,102,,87457,2,,,0,100,,87462,2,,,0,100,,81945,2,,,0,200,,87458,2,,,0
24007001,'5458',1256,,104142,2,,,0,200,,104143,2,,,0,202,,104144,2,,,0,200,,104146,2,,,0,200,,104145,2,,,0
24007001,'5459',1056,,104147,2,,,0,200,,104148,2,,,0,202,,104149,2,,,0,198,,104150,2,,,0,200,,104151,2,,,0,200,,104152,2,,,0
24007001,'5460',1054,,104154,2,,,0,202,,104155,2,,,0,200,,104156,2,,,0,202,,104157,2,,,0,200,,104158,2,,,0,200,,104159,2,,,0
24007001,'5461',1054,,104161,2,,,0,104,,104168,2,,,0,98,,104162,2,,,0,100,,104170,2,,,0,100,,104163,2,,,0,100,,104169,2,,,0,102,,104164,2,,,0,100,,104171,2,,,0,100,,104165,2,,,0,200,,104166,2,,,0
24007001,'5462',1054,,104172,2,,,0,104,,104179,2,,,0,98,,104173,2,,,0,100,,104181,2,,,0,100,,104174,2,,,0,100,,104180,2,,,0,102,,104175,2,,,0,100,,104182,2,,,0,100,,104176,2,,,0,200,,104177,2,,,0
24007001,'5463',1054,,104183,2,,,0,104,,104190,2,,,0,98,,104184,2,,,0,200,,104185,2,,,0,100,,104191,2,,,0,102,,104186,2,,,0,200,,104187,2,,,0,200,,104188,2,,,0
