301,'4832',748,,63897,36,,,0,83,,63885,34,,,0,83,,63898,36,,,0,44,,63891,34,,,0,78,,63896,36,,,0,78,,63884,34,,,0,22,,63892,36,,,0,69,,63887,34,,,0,32,,63886,36,,,0,67,,63893,34,,,0,35,,63890,36,,,0,67,,63889,34,,,0,33,,63888,36,,,0,74,,63894,34,,,0,31,,63895,36,,,0,78,,63901,34,,,0,25,,63899,36,,,0,71,,63900,34,,,0,28,,63905,36,,,0,68,,63903,34,,,0,31,,63902,36,,,0,67,,63904,34,,,0,33,,63906,36,,,0,71,,63907,34,,,0
301,'5453',748,,77946,36,,,0,83,,77934,34,,,0,83,,77947,36,,,0,44,,77940,34,,,0,78,,77945,36,,,0,78,,77933,34,,,0,22,,77941,36,,,0,69,,77936,34,,,0,32,,77935,36,,,0,67,,77942,34,,,0,35,,77939,36,,,0,67,,77938,34,,,0,33,,77937,36,,,0,74,,77943,34,,,0,31,,77944,36,,,0,78,,77950,34,,,0,25,,77948,36,,,0,71,,77949,34,,,0,28,,77954,36,,,0,68,,77952,34,,,0,31,,77951,36,,,0,67,,77953,34,,,0,33,,77955,36,,,0,71,,77956,34,,,0
301,'5456',615,,88069,24,,,0,39,,88067,36,,,0,74,,88068,34,,,0,82,,88070,36,,,0,40,,88077,34,,,0,76,,88071,36,,,0,74,,88072,34,,,0,31,,88076,34,,,0,72,,88073,36,,,0,28,,88074,34,,,0,73,,88075,36,,,0,30,,88078,34,,,0,77,,88079,36,,,0,28,,88080,34,,,0,70,,88082,34,,,0,35,,88081,36,,,0,71,,88093,34,,,0,37,,88083,36,,,0,74,,88084,36,,,0,75,,88092,36,,,0,32,,88085,36,,,0,70,,88086,36,,,0,33,,88091,34,,,0,65,,88087,36,,,0,27,,88088,34,,,0,72,,88095,36,,,0,23,,88089,34,,,0,26,,88090,36,,,0,68,,88094,34,,,0
301,'5458',615,,88098,24,,,0,39,,88096,36,,,0,74,,88097,34,,,0,82,,88099,36,,,0,40,,88106,34,,,0,76,,88100,36,,,0,74,,88101,34,,,0,31,,88105,34,,,0,72,,88102,36,,,0,28,,88103,34,,,0,73,,88104,36,,,0,30,,88107,34,,,0,77,,88108,36,,,0,28,,88109,34,,,0,70,,88111,34,,,0,35,,88110,36,,,0,71,,88122,34,,,0,37,,88112,36,,,0,74,,88113,36,,,0,75,,88121,36,,,0,32,,88114,36,,,0,70,,88115,36,,,0,33,,88120,34,,,0,65,,88116,36,,,0,27,,88117,34,,,0,72,,88124,36,,,0,23,,88118,34,,,0,26,,88119,36,,,0,68,,88123,34,,,0
301,'5459',733,,88146,36,,,0,67,,88132,34,,,0,34,,88125,36,,,0,68,,88138,34,,,0,33,,88133,36,,,0,69,,88149,34,,,0,33,,88137,36,,,0,69,,88126,34,,,0,31,,88148,36,,,0,68,,88140,34,,,0,34,,88128,36,,,0,68,,88150,34,,,0,32,,88139,36,,,0,69,,88127,34,,,0,32,,88134,36,,,0,72,,88131,34,,,0,35,,88129,36,,,0,76,,88130,34,,,0,30,,88135,36,,,0,74,,88141,34,,,0,26,,88136,36,,,0,72,,88143,34,,,0,30,,88142,36,,,0,68,,88144,34,,,0,27,,88145,36,,,0,67,,88151,34,,,0,33,,88147,36,,,0,66,,88152,34,,,0
301,'5460',748,,88166,36,,,0,83,,88154,34,,,0,83,,88167,36,,,0,44,,88160,34,,,0,78,,88165,36,,,0,78,,88153,34,,,0,22,,88161,36,,,0,69,,88156,34,,,0,32,,88155,36,,,0,67,,88162,34,,,0,35,,88159,36,,,0,67,,88158,34,,,0,33,,88157,36,,,0,74,,88163,34,,,0,31,,88164,36,,,0,78,,88170,34,,,0,25,,88168,36,,,0,71,,88169,34,,,0,28,,88174,36,,,0,68,,88172,34,,,0,31,,88171,36,,,0,67,,88173,34,,,0,33,,88175,36,,,0,71,,88176,34,,,0
301,'5461',748,,88190,36,,,0,83,,88178,34,,,0,83,,88191,36,,,0,44,,88184,34,,,0,78,,88189,36,,,0,78,,88177,34,,,0,22,,88185,36,,,0,69,,88180,34,,,0,32,,88179,36,,,0,67,,88186,34,,,0,35,,88183,36,,,0,67,,88182,34,,,0,33,,88181,36,,,0,74,,88187,34,,,0,31,,88188,36,,,0,78,,88194,34,,,0,25,,88192,36,,,0,71,,88193,34,,,0,28,,88198,36,,,0,68,,88196,34,,,0,31,,88195,36,,,0,67,,88197,34,,,0,33,,88199,36,,,0,71,,88200,34,,,0
301,'5462',748,,88214,36,,,0,83,,88202,34,,,0,83,,88215,36,,,0,44,,88208,34,,,0,78,,88213,36,,,0,78,,88201,34,,,0,22,,88209,36,,,0,69,,88204,34,,,0,32,,88203,36,,,0,67,,88210,34,,,0,35,,88207,36,,,0,67,,88206,34,,,0,33,,88205,36,,,0,74,,88211,34,,,0,31,,88212,36,,,0,78,,88218,34,,,0,25,,88216,36,,,0,71,,88217,34,,,0,28,,88222,36,,,0,68,,88220,34,,,0,31,,88219,36,,,0,67,,88221,34,,,0,33,,88223,36,,,0,71,,88224,34,,,0
301,'5463',748,,88238,36,,,0,83,,88226,34,,,0,83,,88239,36,,,0,44,,88232,34,,,0,78,,88237,36,,,0,78,,88225,34,,,0,22,,88233,36,,,0,69,,88228,34,,,0,32,,88227,36,,,0,67,,88234,34,,,0,35,,88231,36,,,0,67,,88230,34,,,0,33,,88229,36,,,0,74,,88235,34,,,0,31,,88236,36,,,0,78,,88242,34,,,0,25,,88240,36,,,0,71,,88241,34,,,0,28,,88246,36,,,0,68,,88244,34,,,0,31,,88243,36,,,0,67,,88245,34,,,0,33,,88247,36,,,0,71,,88248,34,,,0
701,'4832',713,,65876,14,,,0,40,,65865,14,,,0,80,,65877,14,,,0,76,,65878,14,,,0,25,,65864,14,,,0,69,,65866,14,,,0,31,,65879,14,,,0,69,,65867,14,,,0,31,,65882,14,,,0,69,,65868,14,,,0,31,,65869,14,,,0,70,,82452,14,,,0,28,,82451,14,,,0,70,,65883,14,,,0,30,,82453,14,,,0,69,,65871,14,,,0,31,,82449,14,,,0,72,,65874,14,,,0,32,,65873,14,,,0,69,,65870,14,,,0,31,,82450,14,,,0,69,,65885,14,,,0,32,,65886,14,,,0,74,,65887,14,,,0,34,,65889,14,,,0,69,,65888,14,,,0
701,'5453',713,,78719,14,,,0,40,,78708,14,,,0,80,,78720,14,,,0,76,,78721,14,,,0,25,,78707,14,,,0,69,,78709,14,,,0,31,,82456,14,,,0,69,,78710,14,,,0,31,,78725,14,,,0,69,,78711,14,,,0,31,,78712,14,,,0,70,,78724,14,,,0,28,,82457,14,,,0,70,,78726,14,,,0,30,,82458,14,,,0,69,,78714,14,,,0,31,,82454,14,,,0,72,,78717,14,,,0,32,,78716,14,,,0,69,,78713,14,,,0,31,,82455,14,,,0,69,,78728,14,,,0,32,,78729,14,,,0,74,,78730,14,,,0,34,,82459,14,,,0,69,,78731,14,,,0
701,'5456',615,,90301,14,,,0,29,,90316,14,,,0,65,,90303,14,,,0,15,,90330,14,,,0,16,,90302,14,,,0,11,,90343,14,,,0,6,,90338,14,,,0,50,,90344,14,,,0,7,,90324,14,,,0,10,,90345,14,,,0,8,,90305,14,,,0,16,,90327,14,,,0,57,,90317,14,,,0,14,,90336,14,,,0,19,,90306,14,,,0,20,,90307,14,,,0,60,,90340,14,,,0,19,,90323,14,,,0,21,,90304,14,,,0,60,,90328,14,,,0,21,,90334,14,,,0,20,,90308,14,,,0,60,,90309,14,,,0,25,,90342,14,,,0,60,,90325,14,,,0,20,,90311,14,,,0,21,,90329,14,,,0,59,,90335,14,,,0,22,,90310,14,,,0,22,,90312,14,,,0,62,,90346,14,,,0,20,,90339,14,,,0,19,,90318,14,,,0,54,,90313,14,,,0,24,,90348,14,,,0,19,,90326,14,,,0,57,,90331,14,,,0,19,,90314,14,,,0,14,,90315,14,,,0,16,,90347,14,,,0,59,,90337,14,,,0,19,,90320,14,,,0,17,,90321,14,,,0,70,,90332,14,,,0,29,,90319,14,,,0,70,,90341,14,,,0,30,,90322,14,,,0,70,,90333,14,,,0
701,'5458',615,,90349,14,,,0,29,,90364,14,,,0,65,,90351,14,,,0,15,,90378,14,,,0,16,,90350,14,,,0,11,,90391,14,,,0,6,,90386,14,,,0,50,,90392,14,,,0,7,,90372,14,,,0,10,,90393,14,,,0,8,,90353,14,,,0,16,,90375,14,,,0,57,,90365,14,,,0,14,,90384,14,,,0,19,,90354,14,,,0,20,,90355,14,,,0,60,,90388,14,,,0,19,,90371,14,,,0,21,,90352,14,,,0,60,,90376,14,,,0,21,,90382,14,,,0,20,,90356,14,,,0,60,,90357,14,,,0,25,,90390,14,,,0,60,,90373,14,,,0,20,,90359,14,,,0,21,,90377,14,,,0,59,,90383,14,,,0,22,,90358,14,,,0,22,,90360,14,,,0,62,,90394,14,,,0,20,,90387,14,,,0,19,,90366,14,,,0,54,,90361,14,,,0,24,,90396,14,,,0,19,,90374,14,,,0,57,,90379,14,,,0,19,,90362,14,,,0,14,,90363,14,,,0,16,,90395,14,,,0,59,,90385,14,,,0,19,,90368,14,,,0,17,,90369,14,,,0,70,,90380,14,,,0,29,,90367,14,,,0,70,,90389,14,,,0,30,,90370,14,,,0,70,,90381,14,,,0
701,'5459',705,,90424,14,,,0,30,,90408,14,,,0,72,,90417,14,,,0,31,,90401,14,,,0,70,,90425,14,,,0,29,,90409,14,,,0,72,,90418,14,,,0,27,,90397,14,,,0,70,,90399,14,,,0,29,,90419,14,,,0,71,,90405,14,,,0,29,,90412,14,,,0,68,,90398,14,,,0,31,,90400,14,,,0,70,,90420,14,,,0,30,,90404,14,,,0,69,,90413,14,,,0,31,,90402,14,,,0,70,,90403,14,,,0,33,,90421,14,,,0,70,,90406,14,,,0,29,,90415,14,,,0,71,,90407,14,,,0,30,,90410,14,,,0,69,,90422,14,,,0,30,,90411,14,,,0,75,,90416,14,,,0,36,,90414,14,,,0,68,,90423,14,,,0
701,'5460',713,,90438,14,,,0,40,,90427,14,,,0,80,,90439,14,,,0,76,,90440,14,,,0,25,,90426,14,,,0,69,,90428,14,,,0,31,,90441,14,,,0,69,,90429,14,,,0,31,,90444,14,,,0,69,,90430,14,,,0,31,,90431,14,,,0,70,,90443,14,,,0,28,,90442,14,,,0,70,,90445,14,,,0,30,,90446,14,,,0,69,,90433,14,,,0,31,,90434,14,,,0,72,,90436,14,,,0,32,,90435,14,,,0,69,,90432,14,,,0,31,,90437,14,,,0,69,,90447,14,,,0,32,,90448,14,,,0,74,,90449,14,,,0,34,,90451,14,,,0,69,,90450,14,,,0
701,'5461',713,,90464,14,,,0,40,,90453,14,,,0,80,,90465,14,,,0,76,,90466,14,,,0,25,,90452,14,,,0,69,,90454,14,,,0,31,,90467,14,,,0,69,,90455,14,,,0,31,,90470,14,,,0,69,,90456,14,,,0,31,,90457,14,,,0,70,,90469,14,,,0,28,,90468,14,,,0,70,,90471,14,,,0,30,,90472,14,,,0,69,,90459,14,,,0,31,,90460,14,,,0,72,,90462,14,,,0,32,,90461,14,,,0,69,,90458,14,,,0,31,,90463,14,,,0,69,,90473,14,,,0,32,,90474,14,,,0,74,,90475,14,,,0,34,,90477,14,,,0,69,,90476,14,,,0
701,'5462',713,,90490,14,,,0,40,,90479,14,,,0,80,,90491,14,,,0,76,,90492,14,,,0,25,,90478,14,,,0,69,,90480,14,,,0,31,,90493,14,,,0,69,,90481,14,,,0,31,,90496,14,,,0,69,,90482,14,,,0,31,,90483,14,,,0,70,,90495,14,,,0,28,,90494,14,,,0,70,,90497,14,,,0,30,,90498,14,,,0,69,,90485,14,,,0,31,,90486,14,,,0,72,,90488,14,,,0,32,,90487,14,,,0,69,,90484,14,,,0,31,,90489,14,,,0,69,,90499,14,,,0,32,,90500,14,,,0,74,,90501,14,,,0,34,,90503,14,,,0,69,,90502,14,,,0
701,'5463',713,,90516,14,,,0,40,,90505,14,,,0,80,,90517,14,,,0,76,,90518,14,,,0,25,,90504,14,,,0,69,,90506,14,,,0,31,,90519,14,,,0,69,,90507,14,,,0,31,,90522,14,,,0,69,,90508,14,,,0,31,,90509,14,,,0,70,,90521,14,,,0,28,,90520,14,,,0,70,,90523,14,,,0,30,,90524,14,,,0,69,,90511,14,,,0,31,,90512,14,,,0,72,,90514,14,,,0,32,,90513,14,,,0,69,,90510,14,,,0,31,,90515,14,,,0,69,,90525,14,,,0,32,,90526,14,,,0,74,,90527,14,,,0,34,,90529,14,,,0,69,,90528,14,,,0
14000701,'4832',2046,,77705,19,,,0,70,,77707,19,,,0,40,,77706,19,,,0,62,,77708,19,,,0,100,,77709,19,,,0,103,,77710,19,,,0
14000701,'5453',2046,,81930,19,,,0,70,,81932,19,,,0,40,,81931,19,,,0,62,,81933,19,,,0,100,,81934,19,,,0,103,,81935,19,,,0
14000701,'5456',2146,,103974,19,,,0,72,,103978,19,,,0,29,,103973,19,,,0,70,,103976,19,,,0,36,,103975,19,,,0,68,,103977,19,,,0
14000701,'5458',2146,,103980,19,,,0,72,,103984,19,,,0,29,,103979,19,,,0,70,,103982,19,,,0,36,,103981,19,,,0,68,,103983,19,,,0
14000701,'5459',2147,,103985,19,,,0,72,,103986,19,,,0,30,,103988,19,,,0,69,,103987,19,,,0,36,,103989,19,,,0,67,,103990,19,,,0
14000701,'5460',2046,,103991,19,,,0,70,,103993,19,,,0,40,,103992,19,,,0,62,,103994,19,,,0,100,,103995,19,,,0,103,,103996,19,,,0
14000701,'5461',2046,,103997,19,,,0,70,,103999,19,,,0,40,,103998,19,,,0,62,,104000,19,,,0,100,,104001,19,,,0,103,,104002,19,,,0
14000701,'5462',2046,,104003,19,,,0,70,,104005,19,,,0,40,,104004,19,,,0,62,,104006,19,,,0,100,,104007,19,,,0,103,,104008,19,,,0
14000701,'5463',2046,,104009,19,,,0,70,,104011,19,,,0,40,,104010,19,,,0,62,,104012,19,,,0,100,,104013,19,,,0,103,,104014,19,,,0
