1100,'4832',749,,66491,35,,,0,80,,82531,35,,,0,81,,82533,35,,,0,32,,82532,35,,,0,71,,82535,35,,,0,36,,82534,35,,,0,75,,82539,35,,,0,31,,82537,35,,,0,70,,82536,35,,,0,31,,82538,35,,,0,70,,82542,35,,,0,30,,82543,35,,,0,70,,82541,35,,,0,31,,82540,35,,,0,70,,82546,35,,,0,30,,82545,35,,,0,69,,82544,35,,,0,30,,82548,35,,,0,69,,82549,35,,,0,29,,82547,35,,,0,68,,82550,35,,,0,29,,82551,35,,,0,70,,82553,35,,,0,85,,82552,35,,,0,45,,82554,35,,,0,84,,82555,35,,,0,78,,82556,35,,,0,45,,82557,35,,,0,85,,82558,35,,,0
1100,'5453',749,,82559,35,,,0,80,,78801,35,,,0,81,,82561,35,,,0,32,,82560,35,,,0,71,,82562,35,,,0,36,,78805,35,,,0,75,,82566,35,,,0,31,,82564,35,,,0,70,,82563,35,,,0,31,,82565,35,,,0,70,,82568,35,,,0,30,,82569,35,,,0,70,,82567,35,,,0,31,,78811,35,,,0,70,,78817,35,,,0,30,,82571,35,,,0,69,,82570,35,,,0,30,,82573,35,,,0,69,,82574,35,,,0,29,,82572,35,,,0,68,,82575,35,,,0,29,,82576,35,,,0,70,,82578,35,,,0,85,,82577,35,,,0,45,,82579,35,,,0,84,,82580,35,,,0,78,,82581,35,,,0,45,,82582,35,,,0,85,,82583,35,,,0
1100,'5456',546,,90995,7,,,0,72,,90998,35,,,0,31,,91001,35,,,0,61,,90994,35,,,0,20,,91008,35,,,0,18,,90996,35,,,0,59,,91005,35,,,0,16,,91021,35,,,0,16,,90997,35,,,0,17,,91014,35,,,0,58,,91000,35,,,0,21,,90999,35,,,0,24,,91010,35,,,0,66,,91002,35,,,0,25,,91018,35,,,0,65,,91003,35,,,0,25,,91004,35,,,0,66,,91006,35,,,0,25,,91009,35,,,0,26,,91007,35,,,0,65,,91019,35,,,0,26,,91011,35,,,0,64,,91012,35,,,0,18,,91025,35,,,0,18,,91013,35,,,0,58,,91015,35,,,0,19,,91043,35,,,0,18,,91016,35,,,0,60,,91020,35,,,0,19,,91038,35,,,0,20,,91017,35,,,0,60,,91022,35,,,0,16,,91026,35,,,0,15,,91024,35,,,0,16,,91023,35,,,0,55,,91042,35,,,0,18,,91028,35,,,0,14,,91027,35,,,0,18,,91041,35,,,0,58,,91029,35,,,0,24,,91030,35,,,0,70,,91031,35,,,0,35,,91032,35,,,0,70,,91040,35,,,0,34,,91034,35,,,0,69,,91033,35,,,0,34,,91035,35,,,0,70,,91039,35,,,0,30,,91036,35,,,0,82,,91037,35,,,0
1100,'5458',546,,91045,7,,,0,72,,91048,35,,,0,31,,91051,35,,,0,61,,91044,35,,,0,20,,91058,35,,,0,18,,91046,35,,,0,59,,91055,35,,,0,16,,91071,35,,,0,16,,91047,35,,,0,17,,91064,35,,,0,58,,91050,35,,,0,21,,91049,35,,,0,24,,91060,35,,,0,66,,91052,35,,,0,25,,91068,35,,,0,65,,91053,35,,,0,25,,91054,35,,,0,66,,91056,35,,,0,25,,91059,35,,,0,26,,91057,35,,,0,65,,91069,35,,,0,26,,91061,35,,,0,64,,91062,35,,,0,18,,91075,35,,,0,18,,91063,35,,,0,58,,91065,35,,,0,19,,91093,35,,,0,18,,91066,35,,,0,60,,91070,35,,,0,19,,91088,35,,,0,20,,91067,35,,,0,60,,91072,35,,,0,16,,91076,35,,,0,15,,91074,35,,,0,16,,91073,35,,,0,55,,91092,35,,,0,18,,91078,35,,,0,14,,91077,35,,,0,18,,91091,35,,,0,58,,91079,35,,,0,24,,91080,35,,,0,70,,91081,35,,,0,35,,91082,35,,,0,70,,91090,35,,,0,34,,91084,35,,,0,69,,91083,35,,,0,34,,91085,35,,,0,70,,91089,35,,,0,30,,91086,35,,,0,82,,91087,35,,,0
1100,'5459',734,,91124,35,,,0,76,,91108,35,,,0,36,,91094,35,,,0,71,,91098,35,,,0,30,,91125,35,,,0,71,,91116,35,,,0,26,,91103,35,,,0,65,,91095,35,,,0,26,,91101,35,,,0,69,,91113,35,,,0,25,,91097,35,,,0,25,,91111,35,,,0,65,,91105,35,,,0,24,,91096,35,,,0,65,,91099,35,,,0,26,,91112,35,,,0,25,,91104,35,,,0,65,,91115,35,,,0,27,,91107,35,,,0,65,,91102,35,,,0,23,,91106,35,,,0,64,,91123,35,,,0,23,,91100,35,,,0,24,,91114,35,,,0,64,,91126,35,,,0,25,,91117,35,,,0,65,,91109,35,,,0,24,,91110,35,,,0,24,,91119,35,,,0,65,,91121,35,,,0,24,,91118,35,,,0,70,,91120,35,,,0,30,,91122,35,,,0,73,,91127,35,,,0,35,,91128,35,,,0,69,,91129,35,,,0,30,,91130,35,,,0,79,,91131,35,,,0
1100,'5460',749,,91133,35,,,0,80,,91132,35,,,0,81,,91135,35,,,0,32,,91134,35,,,0,71,,91137,35,,,0,36,,91136,35,,,0,75,,91141,35,,,0,31,,91139,35,,,0,70,,91138,35,,,0,31,,91140,35,,,0,70,,91144,35,,,0,30,,91145,35,,,0,70,,91143,35,,,0,31,,91142,35,,,0,70,,91148,35,,,0,30,,91147,35,,,0,69,,91146,35,,,0,30,,91150,35,,,0,69,,91151,35,,,0,29,,91149,35,,,0,68,,91152,35,,,0,29,,91153,35,,,0,70,,91155,35,,,0,85,,91154,35,,,0,45,,91156,35,,,0,84,,91157,35,,,0,78,,91158,35,,,0,45,,91159,35,,,0,85,,91160,35,,,0
1100,'5461',749,,91162,35,,,0,80,,91161,35,,,0,81,,91164,35,,,0,32,,91163,35,,,0,71,,91166,35,,,0,36,,91165,35,,,0,75,,91170,35,,,0,31,,91168,35,,,0,70,,91167,35,,,0,31,,91169,35,,,0,70,,91173,35,,,0,30,,91174,35,,,0,70,,91172,35,,,0,31,,91171,35,,,0,70,,91177,35,,,0,30,,91176,35,,,0,69,,91175,35,,,0,30,,91179,35,,,0,69,,91180,35,,,0,29,,91178,35,,,0,68,,91181,35,,,0,29,,91182,35,,,0,70,,91184,35,,,0,85,,91183,35,,,0,45,,91185,35,,,0,84,,91186,35,,,0,78,,91187,35,,,0,45,,91188,35,,,0,85,,91189,35,,,0
1100,'5462',749,,91191,35,,,0,80,,91190,35,,,0,81,,91193,35,,,0,32,,91192,35,,,0,71,,91195,35,,,0,36,,91194,35,,,0,75,,91199,35,,,0,31,,91197,35,,,0,70,,91196,35,,,0,31,,91198,35,,,0,70,,91202,35,,,0,30,,91203,35,,,0,70,,91201,35,,,0,31,,91200,35,,,0,70,,91206,35,,,0,30,,91205,35,,,0,69,,91204,35,,,0,30,,91208,35,,,0,69,,91209,35,,,0,29,,91207,35,,,0,68,,91210,35,,,0,29,,91211,35,,,0,70,,91213,35,,,0,85,,91212,35,,,0,45,,91214,35,,,0,84,,91215,35,,,0,78,,91216,35,,,0,45,,91217,35,,,0,85,,91218,35,,,0
1100,'5463',749,,91220,35,,,0,80,,91219,35,,,0,81,,91222,35,,,0,32,,91221,35,,,0,71,,91224,35,,,0,36,,91223,35,,,0,75,,91228,35,,,0,31,,91226,35,,,0,70,,91225,35,,,0,31,,91227,35,,,0,70,,91231,35,,,0,30,,91232,35,,,0,70,,91230,35,,,0,31,,91229,35,,,0,70,,91235,35,,,0,30,,91234,35,,,0,69,,91233,35,,,0,30,,91237,35,,,0,69,,91238,35,,,0,29,,91236,35,,,0,68,,91239,35,,,0,29,,91240,35,,,0,70,,91242,35,,,0,85,,91241,35,,,0,45,,91243,35,,,0,84,,91244,35,,,0,78,,91245,35,,,0,45,,91246,35,,,0,85,,91247,35,,,0
1400,'4832',644,,67258,36,,,0,70,,67246,36,,,0,30,,82888,36,,,0,64,,67253,36,,,0,20,,67224,36,,,0,15,,67271,36,,,0,15,,67252,36,,,0,55,,67237,36,,,0,15,,67244,36,,,0,16,,82887,36,,,0,15,,67228,36,,,0,55,,67256,36,,,0,15,,67225,36,,,0,15,,67255,36,,,0,15,,67229,36,,,0,55,,67238,36,,,0,15,,67245,36,,,0,15,,67267,36,,,0,15,,67227,36,,,0,56,,67257,36,,,0,15,,67230,36,,,0,15,,67254,36,,,0,55,,67226,36,,,0,15,,67235,36,,,0,14,,67215,36,,,0,15,,67242,36,,,0,15,,67264,36,,,0,55,,67217,36,,,0,15,,67251,36,,,0,15,,67221,36,,,0,15,,67248,36,,,0,55,,67222,36,,,0,15,,67233,36,,,0,15,,67214,36,,,0,15,,67241,36,,,0,55,,67263,36,,,0,15,,67220,36,,,0,15,,67249,36,,,0,15,,67218,36,,,0,55,,67250,36,,,0,15,,67219,36,,,0,15,,67236,36,,,0,15,,67216,36,,,0,54,,82883,36,,,0,15,,67266,36,,,0,15,,67223,36,,,0,15,,67260,36,,,0,58,,67262,36,,,0,20,,67232,36,,,0,20,,67234,36,,,0,60,,82884,36,,,0,21,,67270,36,,,0,69,,82885,36,,,0,29,,67231,36,,,0,70,,67239,36,,,0,30,,67269,36,,,0,69,,82886,36,,,0,29,,67240,36,,,0
1400,'5453',644,,78949,36,,,0,70,,78937,36,,,0,30,,82893,36,,,0,64,,78944,36,,,0,20,,78915,36,,,0,15,,78962,36,,,0,15,,78943,36,,,0,55,,78928,36,,,0,15,,78935,36,,,0,16,,82891,36,,,0,15,,78919,36,,,0,55,,78947,36,,,0,15,,78916,36,,,0,15,,78946,36,,,0,15,,78920,36,,,0,55,,78929,36,,,0,15,,78936,36,,,0,15,,78958,36,,,0,15,,78918,36,,,0,56,,78948,36,,,0,15,,78921,36,,,0,15,,78945,36,,,0,55,,78917,36,,,0,15,,82889,36,,,0,14,,78906,36,,,0,15,,78933,36,,,0,15,,78955,36,,,0,55,,78908,36,,,0,15,,78942,36,,,0,15,,78912,36,,,0,15,,78939,36,,,0,55,,78913,36,,,0,15,,78924,36,,,0,15,,78905,36,,,0,15,,78932,36,,,0,55,,78954,36,,,0,15,,78911,36,,,0,15,,78940,36,,,0,15,,78909,36,,,0,55,,78941,36,,,0,15,,78910,36,,,0,15,,78927,36,,,0,15,,78907,36,,,0,54,,78934,36,,,0,15,,82892,36,,,0,15,,78914,36,,,0,15,,78951,36,,,0,58,,78953,36,,,0,20,,78923,36,,,0,20,,78925,36,,,0,60,,78938,36,,,0,21,,78961,36,,,0,69,,78950,36,,,0,29,,78922,36,,,0,70,,82890,36,,,0,30,,78960,36,,,0,69,,78952,36,,,0,29,,78931,36,,,0
1400,'5456',613,,91738,36,,,0,20,,91739,36,,,0,18,,91740,36,,,0,56,,91741,36,,,0,15,,91742,36,,,0,6,,91729,7,,,0,6,,91743,36,,,0,9,,91744,36,,,0,6,,91730,7,,,0,6,,91745,36,,,0,46,,91731,7,,,0,6,,91746,36,,,0,8,,91732,7,,,0,5,,91747,36,,,0,8,,91733,7,,,0,5,,91748,36,,,0,8,,91734,7,,,0,3,,91749,36,,,0,4,,91750,36,,,0,5,,91751,36,,,0,5,,91752,36,,,0,48,,91735,7,,,0,6,,91753,36,,,0,6,,91736,7,,,0,6,,91754,36,,,0,7,,91737,7,,,0,6,,91755,36,,,0,11,,91756,36,,,0,53,,91757,36,,,0,12,,91758,36,,,0,13,,91759,36,,,0,13,,91760,36,,,0,13,,91761,36,,,0,53,,91762,36,,,0,13,,91763,36,,,0,13,,91764,36,,,0,14,,91765,36,,,0,13,,91766,36,,,0,53,,91767,36,,,0,13,,91768,36,,,0,12,,91769,36,,,0,13,,91770,36,,,0,53,,91771,36,,,0,13,,91772,36,,,0,13,,91773,36,,,0,14,,91774,36,,,0,13,,91775,36,,,0,54,,91776,36,,,0,12,,91777,36,,,0,14,,91778,36,,,0,11,,91779,36,,,0,13,,91780,36,,,0,61,,91781,36,,,0,7,,91812,36,,,0,7,,91782,36,,,0,17,,91783,36,,,0,56,,91784,36,,,0,15,,91785,36,,,0,15,,91786,36,,,0,14,,91787,36,,,0,56,,91788,36,,,0,15,,91789,36,,,0,15,,91790,36,,,0,16,,91791,36,,,0,56,,91792,36,,,0,13,,91793,36,,,0,14,,91794,36,,,0,15,,91795,36,,,0,54,,91796,36,,,0,15,,91797,36,,,0,15,,91798,36,,,0,17,,91799,36,,,0,59,,91800,36,,,0,19,,91801,36,,,0,20,,91802,36,,,0,60,,91803,36,,,0,20,,91804,36,,,0,20,,91805,36,,,0,60,,91806,36,,,0,20,,91807,36,,,0,70,,91808,36,,,0,30,,91809,36,,,0,70,,91810,36,,,0,30,,91811,36,,,0
1400,'5458',613,,91822,36,,,0,20,,91823,36,,,0,18,,91824,36,,,0,56,,91825,36,,,0,15,,91826,36,,,0,6,,91813,7,,,0,6,,91827,36,,,0,9,,91828,36,,,0,6,,91814,7,,,0,6,,91829,36,,,0,46,,91815,7,,,0,6,,91830,36,,,0,8,,91816,7,,,0,5,,91831,36,,,0,8,,91817,7,,,0,5,,91832,36,,,0,8,,91818,7,,,0,3,,91833,36,,,0,4,,91834,36,,,0,5,,91835,36,,,0,5,,91836,36,,,0,48,,91819,7,,,0,6,,91837,36,,,0,6,,91820,7,,,0,6,,91838,36,,,0,7,,91821,7,,,0,6,,91839,36,,,0,11,,91840,36,,,0,53,,91841,36,,,0,12,,91842,36,,,0,13,,91843,36,,,0,13,,91844,36,,,0,13,,91845,36,,,0,53,,91846,36,,,0,13,,91847,36,,,0,13,,91848,36,,,0,14,,91849,36,,,0,13,,91850,36,,,0,53,,91851,36,,,0,13,,91852,36,,,0,12,,91853,36,,,0,13,,91854,36,,,0,53,,91855,36,,,0,13,,91856,36,,,0,13,,91857,36,,,0,14,,91858,36,,,0,13,,91859,36,,,0,54,,91860,36,,,0,12,,91861,36,,,0,14,,91862,36,,,0,11,,91863,36,,,0,13,,91864,36,,,0,61,,91865,36,,,0,7,,91900,36,,,0,7,,91866,36,,,0,17,,91867,36,,,0,56,,91868,36,,,0,15,,91869,36,,,0,15,,91870,36,,,0,14,,91871,36,,,0,56,,91872,36,,,0,15,,91873,36,,,0,15,,91874,36,,,0,16,,91875,36,,,0,56,,91876,36,,,0,13,,91877,36,,,0,14,,91878,36,,,0,15,,91879,36,,,0,54,,91880,36,,,0,15,,91881,36,,,0,15,,91882,36,,,0,17,,91883,36,,,0,59,,91884,36,,,0,19,,91885,36,,,0,20,,91886,36,,,0,60,,91887,36,,,0,20,,91888,36,,,0,20,,91889,36,,,0,60,,91890,36,,,0,20,,91891,36,,,0,70,,91892,36,,,0,30,,91893,36,,,0,70,,91894,36,,,0,30,,91895,36,,,0,70,,91896,36,,,0,30,,91897,36,,,0,70,,91898,36,,,0,30,,91899,36,,,0
1400,'5459',652,,91925,36,,,0,61,,91926,36,,,0,19,,91909,36,,,0,18,,91924,36,,,0,56,,91903,36,,,0,15,,91908,36,,,0,15,,91907,36,,,0,15,,91923,36,,,0,55,,91921,36,,,0,15,,91906,36,,,0,15,,91902,36,,,0,15,,91922,36,,,0,55,,91901,36,,,0,16,,91911,36,,,0,15,,91913,36,,,0,15,,91927,36,,,0,56,,91929,36,,,0,15,,91914,36,,,0,16,,91905,36,,,0,15,,91928,36,,,0,56,,91904,36,,,0,16,,91910,36,,,0,15,,91917,36,,,0,15,,91930,36,,,0,55,,91915,36,,,0,15,,91931,36,,,0,15,,91916,36,,,0,15,,91918,36,,,0,55,,91932,36,,,0,16,,91920,36,,,0,15,,91912,36,,,0,16,,91919,36,,,0,55,,91943,36,,,0,15,,91941,36,,,0,15,,91944,36,,,0,15,,91938,36,,,0,55,,91937,36,,,0,14,,91934,36,,,0,15,,91945,36,,,0,14,,91939,36,,,0,55,,91940,36,,,0,15,,91947,36,,,0,15,,91942,36,,,0,15,,91935,36,,,0,55,,91936,36,,,0,14,,91946,36,,,0,15,,91933,36,,,0,14,,91951,36,,,0,55,,91948,36,,,0,15,,91949,36,,,0,15,,91950,36,,,0,16,,91952,36,,,0,60,,91954,36,,,0,20,,91955,36,,,0,20,,91956,36,,,0,60,,91957,36,,,0,19,,91953,36,,,0,20,,91961,36,,,0,60,,91960,36,,,0,21,,91959,36,,,0,67,,91958,36,,,0,30,,91962,36,,,0,70,,91963,36,,,0,30,,91964,36,,,0,70,,91965,36,,,0,29,,91966,36,,,0,28,,91967,36,,,0,70,,91968,36,,,0
1400,'5460',644,,92013,36,,,0,70,,92001,36,,,0,30,,92023,36,,,0,64,,92008,36,,,0,20,,91979,36,,,0,15,,92026,36,,,0,15,,92007,36,,,0,55,,91992,36,,,0,15,,91999,36,,,0,16,,92020,36,,,0,15,,91983,36,,,0,55,,92011,36,,,0,15,,91980,36,,,0,15,,92010,36,,,0,15,,91984,36,,,0,55,,91993,36,,,0,15,,92000,36,,,0,15,,92022,36,,,0,15,,91982,36,,,0,56,,92012,36,,,0,15,,91985,36,,,0,15,,92009,36,,,0,55,,91981,36,,,0,15,,91990,36,,,0,14,,91970,36,,,0,15,,91997,36,,,0,15,,92019,36,,,0,55,,91972,36,,,0,15,,92006,36,,,0,15,,91976,36,,,0,15,,92003,36,,,0,55,,91977,36,,,0,15,,91988,36,,,0,15,,91969,36,,,0,15,,91996,36,,,0,55,,92018,36,,,0,15,,91975,36,,,0,15,,92004,36,,,0,15,,91973,36,,,0,55,,92005,36,,,0,15,,91974,36,,,0,15,,91991,36,,,0,15,,91971,36,,,0,54,,91998,36,,,0,15,,92021,36,,,0,15,,91978,36,,,0,15,,92015,36,,,0,58,,92017,36,,,0,20,,91987,36,,,0,20,,91989,36,,,0,60,,92002,36,,,0,21,,92025,36,,,0,69,,92014,36,,,0,29,,91986,36,,,0,70,,91994,36,,,0,30,,92024,36,,,0,69,,92016,36,,,0,29,,91995,36,,,0
1400,'5461',644,,92071,36,,,0,70,,92059,36,,,0,30,,92081,36,,,0,64,,92066,36,,,0,20,,92037,36,,,0,15,,92084,36,,,0,15,,92065,36,,,0,55,,92050,36,,,0,15,,92057,36,,,0,16,,92078,36,,,0,15,,92041,36,,,0,55,,92069,36,,,0,15,,92038,36,,,0,15,,92068,36,,,0,15,,92042,36,,,0,55,,92051,36,,,0,15,,92058,36,,,0,15,,92080,36,,,0,15,,92040,36,,,0,56,,92070,36,,,0,15,,92043,36,,,0,15,,92067,36,,,0,55,,92039,36,,,0,15,,92048,36,,,0,14,,92028,36,,,0,15,,92055,36,,,0,15,,92077,36,,,0,55,,92030,36,,,0,15,,92064,36,,,0,15,,92034,36,,,0,15,,92061,36,,,0,55,,92035,36,,,0,15,,92046,36,,,0,15,,92027,36,,,0,15,,92054,36,,,0,55,,92076,36,,,0,15,,92033,36,,,0,15,,92062,36,,,0,15,,92031,36,,,0,55,,92063,36,,,0,15,,92032,36,,,0,15,,92049,36,,,0,15,,92029,36,,,0,54,,92056,36,,,0,15,,92079,36,,,0,15,,92036,36,,,0,15,,92073,36,,,0,58,,92075,36,,,0,20,,92045,36,,,0,20,,92047,36,,,0,60,,92060,36,,,0,21,,92083,36,,,0,69,,92072,36,,,0,29,,92044,36,,,0,70,,92052,36,,,0,30,,92082,36,,,0,69,,92074,36,,,0,29,,92053,36,,,0
1400,'5462',644,,92129,36,,,0,70,,92117,36,,,0,30,,92139,36,,,0,64,,92124,36,,,0,20,,92095,36,,,0,15,,92142,36,,,0,15,,92123,36,,,0,55,,92108,36,,,0,15,,92115,36,,,0,16,,92136,36,,,0,15,,92099,36,,,0,55,,92127,36,,,0,15,,92096,36,,,0,15,,92126,36,,,0,15,,92100,36,,,0,55,,92109,36,,,0,15,,92116,36,,,0,15,,92138,36,,,0,15,,92098,36,,,0,56,,92128,36,,,0,15,,92101,36,,,0,15,,92125,36,,,0,55,,92097,36,,,0,15,,92106,36,,,0,14,,92086,36,,,0,15,,92113,36,,,0,15,,92135,36,,,0,55,,92088,36,,,0,15,,92122,36,,,0,15,,92092,36,,,0,15,,92119,36,,,0,55,,92093,36,,,0,15,,92104,36,,,0,15,,92085,36,,,0,15,,92112,36,,,0,55,,92134,36,,,0,15,,92091,36,,,0,15,,92120,36,,,0,15,,92089,36,,,0,55,,92121,36,,,0,15,,92090,36,,,0,15,,92107,36,,,0,15,,92087,36,,,0,54,,92114,36,,,0,15,,92137,36,,,0,15,,92094,36,,,0,15,,92131,36,,,0,58,,92133,36,,,0,20,,92103,36,,,0,20,,92105,36,,,0,60,,92118,36,,,0,21,,92141,36,,,0,69,,92130,36,,,0,29,,92102,36,,,0,70,,92110,36,,,0,30,,92140,36,,,0,69,,92132,36,,,0,29,,92111,36,,,0
1400,'5463',644,,92187,36,,,0,70,,92175,36,,,0,30,,92197,36,,,0,64,,92182,36,,,0,20,,92153,36,,,0,15,,92200,36,,,0,15,,92181,36,,,0,55,,92166,36,,,0,15,,92173,36,,,0,16,,92194,36,,,0,15,,92157,36,,,0,55,,92185,36,,,0,15,,92154,36,,,0,15,,92184,36,,,0,15,,92158,36,,,0,55,,92167,36,,,0,15,,92174,36,,,0,15,,92196,36,,,0,15,,92156,36,,,0,56,,92186,36,,,0,15,,92159,36,,,0,15,,92183,36,,,0,55,,92155,36,,,0,15,,92164,36,,,0,14,,92144,36,,,0,15,,92171,36,,,0,15,,92193,36,,,0,55,,92146,36,,,0,15,,92180,36,,,0,15,,92150,36,,,0,15,,92177,36,,,0,55,,92151,36,,,0,15,,92162,36,,,0,15,,92143,36,,,0,15,,92170,36,,,0,55,,92192,36,,,0,15,,92149,36,,,0,15,,92178,36,,,0,15,,92147,36,,,0,55,,92179,36,,,0,15,,92148,36,,,0,15,,92165,36,,,0,15,,92145,36,,,0,54,,92172,36,,,0,15,,92195,36,,,0,15,,92152,36,,,0,15,,92189,36,,,0,58,,92191,36,,,0,20,,92161,36,,,0,20,,92163,36,,,0,60,,92176,36,,,0,21,,92199,36,,,0,69,,92188,36,,,0,29,,92160,36,,,0,70,,92168,36,,,0,30,,92198,36,,,0,69,,92190,36,,,0,29,,92169,36,,,0
