5501,'4832',837,,85459,9,,,0,212,,85461,9,,,0,205,,85462,9,,,0,205,,85460,9,,,0,250,,73617,9,,,0,204,,73616,9,,,0
5501,'5453',837,,85463,9,,,0,212,,85465,9,,,0,205,,85466,9,,,0,205,,85464,9,,,0,250,,80903,9,,,0,204,,80902,9,,,0
5501,'5456',634,,99454,9,,,0,170,,99453,9,,,0,204,,99452,9,,,0,136,,99455,9,,,0,200,,99458,9,,,0,105,,99457,9,,,0,196,,99459,9,,,0,194,,99460,9,,,0,193,,99456,9,,,0
5501,'5458',634,,99463,9,,,0,170,,99462,9,,,0,204,,99461,9,,,0,136,,99464,9,,,0,200,,99467,9,,,0,105,,99466,9,,,0,196,,99468,9,,,0,194,,99469,9,,,0,193,,99465,9,,,0
5501,'5459',838,,99475,9,,,0,211,,99472,9,,,0,205,,99473,9,,,0,246,,99474,9,,,0,210,,99470,9,,,0,204,,99471,9,,,0
5501,'5460',837,,99476,9,,,0,212,,99478,9,,,0,205,,99479,9,,,0,205,,99477,9,,,0,250,,99481,9,,,0,204,,99480,9,,,0
5501,'5461',837,,99482,9,,,0,212,,99484,9,,,0,205,,99485,9,,,0,205,,99483,9,,,0,250,,99487,9,,,0,204,,99486,9,,,0
5501,'5462',837,,99488,9,,,0,212,,99490,9,,,0,205,,99491,9,,,0,205,,99489,9,,,0,250,,99493,9,,,0,204,,99492,9,,,0
5501,'5463',837,,99494,9,,,0,212,,99496,9,,,0,205,,99497,9,,,0,205,,99495,9,,,0,250,,99499,9,,,0,204,,99498,9,,,0
6101,'5456',1552,,100612,26,,,0,71,,100598,26,,,0,32,,100587,26,,,0,64,,100585,26,,,0,16,,100594,26,,,0,20,,100580,26,,,0,77,,100589,26,,,0
6101,'5458',1552,,100649,26,,,0,71,,100635,26,,,0,32,,100624,26,,,0,64,,100622,26,,,0,16,,100630,26,,,0,20,,100617,26,,,0,77,,100626,26,,,0
