6100,'5456',505,,100420,1,,,0,36,,100418,1,,,0,12,,100419,1,,,0,61,,100412,1,,,0,20,,100411,1,,,0,19,,100406,1,,,0,59,,100405,1,,,0,26,,100404,1,,,0
6100,'5458',505,,100459,1,,,0,36,,100457,1,,,0,12,,100458,1,,,0,61,,100451,1,,,0,20,,100450,1,,,0,19,,100445,1,,,0,59,,100444,1,,,0,26,,100443,1,,,0
6101,'4832',619,,74690,40,,,0,103,,74688,40,,,0,34,,74691,41,,,0,89,,74689,41,,,0,94,,74692,41,,,0,87,,74693,41,,,0,88,,74694,41,,,0,87,,74695,41,,,0,103,,74696,41,,,0,46,,74697,41,,,0,101,,74698,41,,,0,85,,74699,41,,,0,101,,74700,41,,,0,80,,74701,41,,,0,100,,74702,41,,,0,89,,74703,41,,,0,97,,74704,41,,,0,100,,74705,41,,,0,41,,74706,41,,,0,99,,74707,41,,,0,96,,74708,41,,,0
6101,'5453',619,,81041,40,,,0,103,,81039,40,,,0,34,,81042,41,,,0,89,,81040,41,,,0,94,,81043,41,,,0,87,,81044,41,,,0,88,,81045,41,,,0,87,,81046,41,,,0,103,,81047,41,,,0,46,,81048,41,,,0,101,,81049,41,,,0,85,,81050,41,,,0,101,,81051,41,,,0,80,,81052,41,,,0,100,,81053,41,,,0,89,,81054,41,,,0,97,,81055,41,,,0,100,,81056,41,,,0,41,,81057,41,,,0,99,,81058,41,,,0,96,,81059,41,,,0
6101,'5456',543,,100607,41,4,,0,68,,100605,41,4,,0,29,,100600,41,4,,0,67,,100599,41,4,,0,38,,100610,41,,,0,80,,100606,41,,,0,77,,100601,41,,,0,24,,100611,41,,,0,74,,100596,41,,,0,48,,100603,41,,,0,77,,100609,41,,,0,77,,100597,41,,,0,38,,100602,41,,,0,77,,100608,41,,,0,26,,100595,41,,,0,78,,100604,41,,,0,36,,100593,41,,,0,71,,100592,6,,,0,1,,100591,41,,,0,71,,100590,41,,,0,28,,100612,64,,,0,18,,100586,41,,,0,54,,100598,64,,,0,30,,100587,64,,,0,22,,100585,64,,,0,54,,100594,64,,,0,19,,100580,64,,,0,76,,100589,64,,,0,14,,100588,41,,,0,30,,100581,41,,,0,86,,100579,41,,,0,89,,100582,41,,,0,97,,100577,41,,,0,83,,100584,41,,,0,57,,100578,41,,,0,84,,100583,41,,,0
6101,'5458',543,,100644,41,4,,0,68,,100642,41,4,,0,29,,100637,41,4,,0,67,,100636,41,4,,0,38,,100647,41,,,0,80,,100643,41,,,0,77,,100638,41,,,0,24,,100648,41,,,0,74,,100633,41,,,0,48,,100640,41,,,0,77,,100646,41,,,0,77,,100634,41,,,0,38,,100639,41,,,0,77,,100645,41,,,0,26,,100632,41,,,0,74,,100631,6,,,0,4,,100641,41,,,0,36,,100629,41,,,0,72,,100628,41,,,0,71,,100627,41,,,0,28,,100649,64,,,0,18,,100623,41,,,0,54,,100635,64,,,0,30,,100624,64,,,0,22,,100622,64,,,0,54,,100630,64,,,0,19,,100617,64,,,0,76,,100626,64,,,0,14,,100625,41,,,0,30,,100618,41,,,0,86,,100616,41,,,0,89,,100619,41,,,0,97,,100614,41,,,0,83,,100621,41,,,0,57,,100615,41,,,0,84,,100620,41,,,0,99,,100613,41,,,0
6101,'5459',614,,100650,40,,,0,97,,100651,41,,,0,38,,100652,41,,,0,101,,100653,41,,,0,84,,100654,41,,,0,90,,100655,41,,,0,31,,100656,41,,,0,89,,100657,41,,,0,72,,100658,41,,,0,32,,100659,41,,,0,84,,100660,41,,,0,77,,100661,41,,,0,36,,100662,41,,,0,75,,100663,41,,,0,26,,100664,41,,,0,76,,100665,41,,,0,78,,100666,41,,,0,33,,100667,41,,,0,74,,100668,41,,,0,36,,100669,41,,,0,76,,100670,41,,,0,36,,100671,41,,,0,81,,100672,41,,,0,83,,100673,41,,,0,97,,100674,41,,,0,86,,100675,41,,,0,99,,100676,41,,,0,42,,100677,41,,,0,100,,100678,41,,,0
6101,'5460',619,,100681,40,,,0,103,,100679,40,,,0,34,,100682,41,,,0,89,,100680,41,,,0,94,,100683,41,,,0,87,,100684,41,,,0,88,,100685,41,,,0,87,,100686,41,,,0,103,,100687,41,,,0,46,,100688,41,,,0,101,,100689,41,,,0,85,,100690,41,,,0,101,,100691,41,,,0,80,,100692,41,,,0,100,,100693,41,,,0,89,,100694,41,,,0,97,,100695,41,,,0,100,,100696,41,,,0,41,,100697,41,,,0,99,,100698,41,,,0,96,,100699,41,,,0
6101,'5461',619,,100702,40,,,0,103,,100700,40,,,0,34,,100703,41,,,0,89,,100701,41,,,0,94,,100704,41,,,0,87,,100705,41,,,0,88,,100706,41,,,0,87,,100707,41,,,0,103,,100708,41,,,0,46,,100709,41,,,0,101,,100710,41,,,0,85,,100711,41,,,0,101,,100712,41,,,0,80,,100713,41,,,0,100,,100714,41,,,0,89,,100715,41,,,0,97,,100716,41,,,0,100,,100717,41,,,0,41,,100718,41,,,0,99,,100719,41,,,0,96,,100720,41,,,0
6101,'5462',619,,100723,40,,,0,103,,100721,40,,,0,34,,100724,41,,,0,89,,100722,41,,,0,94,,100725,41,,,0,87,,100726,41,,,0,88,,100727,41,,,0,87,,100728,41,,,0,103,,100729,41,,,0,46,,100730,41,,,0,101,,100731,41,,,0,85,,100732,41,,,0,101,,100733,41,,,0,80,,100734,41,,,0,100,,100735,41,,,0,89,,100736,41,,,0,97,,100737,41,,,0,100,,100738,41,,,0,41,,100739,41,,,0,99,,100740,41,,,0,96,,100741,41,,,0
6101,'5463',619,,100744,40,,,0,103,,100742,40,,,0,34,,100745,41,,,0,89,,100743,41,,,0,94,,100746,41,,,0,87,,100747,41,,,0,88,,100748,41,,,0,87,,100749,41,,,0,103,,100750,41,,,0,46,,100751,41,,,0,101,,100752,41,,,0,85,,100753,41,,,0,101,,100754,41,,,0,80,,100755,41,,,0,100,,100756,41,,,0,89,,100757,41,,,0,97,,100758,41,,,0,100,,100759,41,,,0,41,,100760,41,,,0,99,,100761,41,,,0,96,,100762,41,,,0
6401,'5456',756,,100789,93,4,,0,203,,100788,48,4,,0,380,,100786,93,4,,0,279,,100787,34,4,,0
6401,'5458',756,,100796,93,4,,0,203,,100795,48,4,,0,380,,100793,93,4,,0,279,,100794,34,4,,0
6500,'5456',528,,100802,1,,,0,93,,100801,1,,,0,21,,100800,1,,,0,82,,100799,1,,,0
6500,'5458',528,,100806,1,,,0,93,,100805,1,,,0,21,,100804,1,,,0,82,,100803,1,,,0
6501,'5456',1719,,100808,59,,,0,24,,100810,59,,,0,70,,100807,59,,,0,24,,100809,59,,,0
6501,'5458',1719,,100812,59,,,0,24,,100814,59,,,0,70,,100811,59,,,0,24,,100813,59,,,0
