4601,'5456',716,,98575,26,,,0,112,,98584,26,,,0,7,,98585,6,,,0,115,,98574,26,,,0,93,,98583,26,,,0,385,,98580,26,,,0,131,,98576,26,,,0,70,,98581,26,,,0,80,,98577,26,,,0,35,,98578,26,,,0,65,,98579,26,,,0,49,,98582,26,,,0
4601,'5458',716,,98587,26,,,0,112,,98596,26,,,0,7,,98597,6,,,0,115,,98586,26,,,0,93,,98595,26,,,0,385,,98592,26,,,0,131,,98588,26,,,0,70,,98593,26,,,0,80,,98589,26,,,0,35,,98590,26,,,0,65,,98591,26,,,0,49,,98594,26,,,0
9501,'4832',716,,87058,20,0,15,0,30,,87059,20,0,15,0,59,,87060,20,0,15,0,20,,87061,20,0,15,0,20,,87062,20,0,15,0,55,,87063,20,0,15,0,15,,87064,20,0,15,0,16,,87065,20,0,15,0,15,,87066,20,0,15,0,56,,87067,20,0,15,0,15,,87068,20,0,15,0,15,,87069,20,0,15,0,16,,87074,20,0,15,0,55,,87070,20,0,15,0,15,,87071,20,0,15,0,16,,87072,20,0,15,0,15,,87075,20,0,15,0,56,,87076,20,0,15,0,15,,87073,20,0,15,0,15,,87077,20,0,15,0,15,,87078,20,0,15,0,55,,87079,20,0,15,0,15,,87080,20,0,15,0,15,,87081,20,0,15,0,15,,87082,20,0,15,0,56,,87083,20,0,15,0,15,,87084,20,0,15,0,15,,87085,20,0,15,0,15,,87086,20,0,15,0,55,,87087,20,0,15,0,15,,87088,20,0,15,0,15,,87089,20,0,15,0,15,,87090,20,0,15,0,56,,87091,20,0,15,0,13,,87092,20,0,15,0,12,,87093,20,0,15,0,11,,87094,20,0,15,0,13,,87095,20,0,15,0,52,,87096,20,0,15,0,12,,87097,20,0,15,0,13,,87098,20,0,15,0,12,,87099,20,0,15,0,12,,87100,20,0,15,0,52,,87101,20,0,15,0,14,,87102,20,0,15,0,15,,87103,20,0,15,0,14,,87104,20,0,15,0,54,,87105,20,0,15,0,14,,87106,20,0,15,0,15,,87107,20,0,15,0,15,,87108,20,0,15,0,55,,87109,20,0,15,0,15,,87110,20,0,15,0,15,,87111,20,0,15,0,13,,87112,20,0,15,0,55,,87113,20,0,15,0,15,,87114,20,0,15,0,15,,87115,20,0,15,0,15,,87116,20,0,15,0,55,,87117,20,0,15,0,15,,87119,20,0,15,0,20,,87118,20,0,15,0,20,,87120,20,0,15,0,58,,87121,20,0,15,0,20,,87122,20,0,15,0,72,,87123,20,0,15,0,30,,87124,20,0,15,0
9501,'5453',716,,87125,20,0,15,0,30,,87126,20,0,15,0,59,,87127,20,0,15,0,20,,87128,20,0,15,0,20,,87129,20,0,15,0,55,,87130,20,0,15,0,15,,87131,20,0,15,0,16,,87132,20,0,15,0,15,,87133,20,0,15,0,56,,87134,20,0,15,0,15,,87135,20,0,15,0,15,,87136,20,0,15,0,16,,87141,20,0,15,0,55,,87137,20,0,15,0,15,,87138,20,0,15,0,16,,87139,20,0,15,0,15,,87142,20,0,15,0,56,,87143,20,0,15,0,15,,87140,20,0,15,0,15,,87144,20,0,15,0,15,,87145,20,0,15,0,55,,87146,20,0,15,0,15,,87147,20,0,15,0,15,,87148,20,0,15,0,15,,87149,20,0,15,0,56,,87150,20,0,15,0,15,,87151,20,0,15,0,15,,87152,20,0,15,0,15,,87153,20,0,15,0,55,,87154,20,0,15,0,15,,87155,20,0,15,0,15,,87156,20,0,15,0,15,,87157,20,0,15,0,56,,87158,20,0,15,0,13,,87159,20,0,15,0,12,,87160,20,0,15,0,11,,87161,20,0,15,0,13,,87162,20,0,15,0,52,,87163,20,0,15,0,12,,87164,20,0,15,0,13,,87165,20,0,15,0,12,,87166,20,0,15,0,12,,87167,20,0,15,0,52,,87168,20,0,15,0,14,,87169,20,0,15,0,15,,87170,20,0,15,0,14,,87171,20,0,15,0,54,,87172,20,0,15,0,14,,87173,20,0,15,0,15,,87174,20,0,15,0,15,,87175,20,0,15,0,55,,87176,20,0,15,0,15,,87177,20,0,15,0,15,,87178,20,0,15,0,13,,87179,20,0,15,0,55,,87180,20,0,15,0,15,,87181,20,0,15,0,15,,87182,20,0,15,0,15,,87183,20,0,15,0,55,,87184,20,0,15,0,15,,87186,20,0,15,0,20,,87185,20,0,15,0,20,,87187,20,0,15,0,58,,87188,20,0,15,0,20,,87189,20,0,15,0,72,,87190,20,0,15,0,30,,87191,20,0,15,0
9501,'5456',508,,102898,6,0,15,0,26,,102896,20,0,15,0,67,,102897,20,0,15,0,20,,102899,20,0,15,0,15,,102900,20,0,15,0,12,,102904,20,0,15,0,54,,102903,20,0,15,0,12,,102906,20,0,15,0,12,,102901,20,0,15,0,13,,102913,20,0,15,0,12,,102915,20,0,15,0,53,,102914,20,0,15,0,12,,102905,20,0,15,0,13,,102912,20,0,15,0,13,,102911,20,0,15,0,13,,102902,20,0,15,0,52,,102907,20,0,15,0,11,,102910,20,0,15,0,12,,102909,20,0,15,0,12,,102908,20,0,15,0,12,,102916,20,0,15,0,52,,102930,20,0,15,0,12,,102920,20,0,15,0,12,,102929,20,0,15,0,12,,102934,20,0,15,0,12,,102918,20,0,15,0,51,,102931,20,0,15,0,13,,102926,20,0,15,0,12,,102928,20,0,15,0,12,,102923,20,0,15,0,12,,102933,20,0,15,0,53,,102924,20,0,15,0,12,,102919,20,0,15,0,12,,102925,20,0,15,0,12,,102921,20,0,15,0,12,,102917,20,0,15,0,52,,102932,20,0,15,0,11,,102922,20,0,15,0,12,,102927,20,0,15,0,10,,102977,20,0,15,0,10,,102944,20,0,15,0,50,,102948,20,0,15,0,10,,102943,20,0,15,0,11,,102936,20,0,15,0,10,,102984,20,0,15,0,10,,102942,20,0,15,0,11,,102937,20,0,15,0,51,,102978,20,0,15,0,11,,102947,20,0,15,0,11,,102940,20,0,15,0,10,,102941,20,0,15,0,11,,102946,20,0,15,0,11,,102975,20,0,15,0,50,,102945,20,0,15,0,10,,102949,20,0,15,0,10,,102938,20,0,15,0,9,,102986,20,0,15,0,8,,102935,20,0,15,0,8,,102981,20,0,15,0,48,,102939,20,0,15,0,8,,102991,20,0,15,0,8,,102951,20,0,15,0,8,,102979,20,0,15,0,8,,102963,20,0,15,0,6,,102993,20,0,15,0,1,,102956,20,0,15,0,5,,102976,20,0,15,0,7,,102955,20,0,15,0,8,,102961,20,0,15,0,48,,102992,20,0,15,0,9,,102959,20,0,15,0,7,,102958,20,0,15,0,7,,102965,20,0,15,0,10,,102953,20,0,15,0,10,,102985,20,0,15,0,50,,102983,20,0,15,0,11,,102990,20,0,15,0,12,,102950,20,0,15,0,12,,102957,20,0,15,0,11,,102954,20,0,15,0,11,,102962,20,0,15,0,52,,102960,20,0,15,0,12,,102964,20,0,15,0,14,,102952,20,0,15,0,14,,102982,20,0,15,0,55,,102989,20,0,15,0,15,,102970,20,0,15,0,15,,102969,20,0,15,0,15,,102971,20,0,15,0,55,,102973,20,0,15,0,14,,102967,20,0,15,0,19,,102980,20,0,15,0,20,,102987,20,0,15,0,60,,102968,20,0,15,0,20,,102972,20,0,15,0,66,,102966,20,0,15,0,29,,102988,20,0,15,0,70,,102974,20,0,15,0
9501,'5458',508,,102996,6,0,15,0,26,,102994,20,0,15,0,67,,102995,20,0,15,0,20,,102997,20,0,15,0,15,,102998,20,0,15,0,12,,103002,20,0,15,0,54,,103001,20,0,15,0,12,,103004,20,0,15,0,12,,102999,20,0,15,0,13,,103011,20,0,15,0,12,,103013,20,0,15,0,53,,103012,20,0,15,0,12,,103003,20,0,15,0,13,,103010,20,0,15,0,13,,103009,20,0,15,0,13,,103000,20,0,15,0,52,,103005,20,0,15,0,11,,103008,20,0,15,0,12,,103007,20,0,15,0,12,,103006,20,0,15,0,12,,103014,20,0,15,0,52,,103028,20,0,15,0,12,,103018,20,0,15,0,12,,103027,20,0,15,0,12,,103032,20,0,15,0,12,,103016,20,0,15,0,51,,103029,20,0,15,0,13,,103024,20,0,15,0,12,,103026,20,0,15,0,12,,103021,20,0,15,0,12,,103031,20,0,15,0,53,,103022,20,0,15,0,12,,103017,20,0,15,0,12,,103023,20,0,15,0,12,,103019,20,0,15,0,12,,103015,20,0,15,0,52,,103030,20,0,15,0,11,,103020,20,0,15,0,12,,103025,20,0,15,0,10,,103076,20,0,15,0,10,,103042,20,0,15,0,50,,103046,20,0,15,0,10,,103041,20,0,15,0,11,,103034,20,0,15,0,10,,103083,20,0,15,0,10,,103040,20,0,15,0,11,,103035,20,0,15,0,51,,103077,20,0,15,0,11,,103045,20,0,15,0,11,,103038,20,0,15,0,10,,103039,20,0,15,0,11,,103044,20,0,15,0,11,,103074,20,0,15,0,50,,103043,20,0,15,0,10,,103047,20,0,15,0,10,,103036,20,0,15,0,9,,103085,20,0,15,0,8,,103033,20,0,15,0,8,,103080,20,0,15,0,48,,103037,20,0,15,0,8,,103090,20,0,15,0,8,,103049,20,0,15,0,8,,103078,20,0,15,0,8,,103061,20,0,15,0,6,,103095,20,0,15,0,1,,103054,20,0,15,0,5,,103075,20,0,15,0,7,,103053,20,0,15,0,8,,103059,20,0,15,0,48,,103091,20,0,15,0,9,,103057,20,0,15,0,7,,103056,20,0,15,0,7,,103063,20,0,15,0,10,,103051,20,0,15,0,10,,103084,20,0,15,0,50,,103082,20,0,15,0,11,,103089,20,0,15,0,12,,103048,20,0,15,0,12,,103055,20,0,15,0,11,,103052,20,0,15,0,11,,103060,20,0,15,0,52,,103058,20,0,15,0,12,,103062,20,0,15,0,14,,103050,20,0,15,0,14,,103081,20,0,15,0,55,,103088,20,0,15,0,15,,103068,20,0,15,0,15,,103067,20,0,15,0,15,,103069,20,0,15,0,55,,103071,20,0,15,0,14,,103065,20,0,15,0,19,,103079,20,0,15,0,20,,103086,20,0,15,0,60,,103066,20,0,15,0,20,,103070,20,0,15,0,66,,103064,20,0,15,0,29,,103087,20,0,15,0,70,,103073,20,0,15,0,29,,103072,20,0,15,0,70,,103092,20,0,15,0,30,,103093,20,0,15,0,70,,103094,20,0,15,0
9501,'5459',632,,103097,20,0,15,0,78,,103098,20,0,15,0,20,,103099,20,0,15,0,19,,103100,20,0,15,0,60,,103101,20,0,15,0,15,,103102,20,0,15,0,15,,103096,20,0,15,0,15,,103103,20,0,15,0,56,,103104,20,0,15,0,15,,103105,20,0,15,0,17,,103106,20,0,15,0,15,,103107,20,0,15,0,56,,103108,20,0,15,0,15,,103109,20,0,15,0,15,,103110,20,0,15,0,15,,103111,20,0,15,0,56,,103112,20,0,15,0,15,,103113,20,0,15,0,15,,103114,20,0,15,0,57,,103115,20,0,15,0,15,,103116,20,0,15,0,15,,103117,20,0,15,0,14,,103118,20,0,15,0,13,,103119,20,0,15,0,52,,103120,20,0,15,0,12,,103121,20,0,15,0,12,,103122,20,0,15,0,12,,103123,20,0,15,0,12,,103124,20,0,15,0,52,,103125,20,0,15,0,12,,103126,20,0,15,0,12,,103127,20,0,15,0,13,,103128,20,0,15,0,53,,103129,20,0,15,0,12,,103130,20,0,15,0,12,,103131,20,0,15,0,12,,103132,20,0,15,0,13,,103133,20,0,15,0,52,,103134,20,0,15,0,12,,103135,20,0,15,0,11,,103136,20,0,15,0,12,,103137,20,0,15,0,12,,103138,20,0,15,0,11,,103139,20,0,15,0,51,,103140,20,0,15,0,12,,103141,20,0,15,0,12,,103142,20,0,15,0,12,,103143,20,0,15,0,12,,103144,20,0,15,0,52,,103145,20,0,15,0,12,,103146,20,0,15,0,12,,103147,20,0,15,0,12,,103148,20,0,15,0,12,,103149,20,0,15,0,52,,103150,20,0,15,0,12,,103151,20,0,15,0,15,,103152,20,0,15,0,15,,103153,20,0,15,0,54,,103154,20,0,15,0,14,,103155,20,0,15,0,15,,103156,20,0,15,0,15,,103157,20,0,15,0,55,,103158,20,0,15,0,15,,103159,20,0,15,0,14,,103160,20,0,15,0,15,,103161,20,0,15,0,55,,103162,20,0,15,0,15,,103163,20,0,15,0,20,,103164,20,0,15,0,20,,103165,20,0,15,0,60,,103166,20,0,15,0,20,,103167,20,0,15,0,66,,103168,20,0,15,0,28,,103169,20,0,15,0,70,,103170,20,0,15,0,30,,103171,20,0,15,0,68,,103172,20,0,15,0,30,,103173,20,0,15,0,70,,103174,20,0,15,0
9501,'5460',716,,103175,20,0,15,0,30,,103176,20,0,15,0,59,,103177,20,0,15,0,20,,103178,20,0,15,0,20,,103179,20,0,15,0,55,,103180,20,0,15,0,15,,103181,20,0,15,0,16,,103182,20,0,15,0,15,,103183,20,0,15,0,56,,103184,20,0,15,0,15,,103185,20,0,15,0,15,,103186,20,0,15,0,16,,103191,20,0,15,0,55,,103187,20,0,15,0,15,,103188,20,0,15,0,16,,103189,20,0,15,0,15,,103192,20,0,15,0,56,,103193,20,0,15,0,15,,103190,20,0,15,0,15,,103194,20,0,15,0,15,,103195,20,0,15,0,55,,103196,20,0,15,0,15,,103197,20,0,15,0,15,,103198,20,0,15,0,15,,103199,20,0,15,0,56,,103200,20,0,15,0,15,,103201,20,0,15,0,15,,103202,20,0,15,0,15,,103203,20,0,15,0,55,,103204,20,0,15,0,15,,103205,20,0,15,0,15,,103206,20,0,15,0,15,,103207,20,0,15,0,56,,103208,20,0,15,0,13,,103209,20,0,15,0,12,,103210,20,0,15,0,11,,103211,20,0,15,0,13,,103212,20,0,15,0,52,,103213,20,0,15,0,12,,103214,20,0,15,0,13,,103215,20,0,15,0,12,,103216,20,0,15,0,12,,103217,20,0,15,0,52,,103218,20,0,15,0,14,,103219,20,0,15,0,15,,103220,20,0,15,0,14,,103221,20,0,15,0,54,,103222,20,0,15,0,14,,103223,20,0,15,0,15,,103224,20,0,15,0,15,,103225,20,0,15,0,55,,103226,20,0,15,0,15,,103227,20,0,15,0,15,,103228,20,0,15,0,13,,103229,20,0,15,0,55,,103230,20,0,15,0,15,,103231,20,0,15,0,15,,103232,20,0,15,0,15,,103233,20,0,15,0,55,,103234,20,0,15,0,15,,103236,20,0,15,0,20,,103235,20,0,15,0,20,,103237,20,0,15,0,58,,103238,20,0,15,0,20,,103239,20,0,15,0,72,,103240,20,0,15,0,35,,103241,20,0,15,0
9501,'5461',716,,103242,20,0,15,0,30,,103243,20,0,15,0,59,,103244,20,0,15,0,20,,103245,20,0,15,0,20,,103246,20,0,15,0,55,,103247,20,0,15,0,15,,103248,20,0,15,0,16,,103249,20,0,15,0,15,,103250,20,0,15,0,56,,103251,20,0,15,0,15,,103252,20,0,15,0,15,,103253,20,0,15,0,16,,103258,20,0,15,0,55,,103254,20,0,15,0,15,,103255,20,0,15,0,16,,103256,20,0,15,0,15,,103259,20,0,15,0,56,,103260,20,0,15,0,15,,103257,20,0,15,0,15,,103261,20,0,15,0,15,,103262,20,0,15,0,55,,103263,20,0,15,0,15,,103264,20,0,15,0,15,,103265,20,0,15,0,15,,103266,20,0,15,0,56,,103267,20,0,15,0,15,,103268,20,0,15,0,15,,103269,20,0,15,0,15,,103270,20,0,15,0,55,,103271,20,0,15,0,15,,103272,20,0,15,0,15,,103273,20,0,15,0,15,,103274,20,0,15,0,56,,103275,20,0,15,0,13,,103276,20,0,15,0,12,,103277,20,0,15,0,11,,103278,20,0,15,0,13,,103279,20,0,15,0,52,,103280,20,0,15,0,12,,103281,20,0,15,0,13,,103282,20,0,15,0,12,,103283,20,0,15,0,12,,103284,20,0,15,0,52,,103285,20,0,15,0,14,,103286,20,0,15,0,15,,103287,20,0,15,0,14,,103288,20,0,15,0,54,,103289,20,0,15,0,14,,103290,20,0,15,0,15,,103291,20,0,15,0,15,,103292,20,0,15,0,55,,103293,20,0,15,0,15,,103294,20,0,15,0,15,,103295,20,0,15,0,13,,103296,20,0,15,0,55,,103297,20,0,15,0,15,,103298,20,0,15,0,15,,103299,20,0,15,0,15,,103300,20,0,15,0,55,,103301,20,0,15,0,15,,103303,20,0,15,0,20,,103302,20,0,15,0,20,,103304,20,0,15,0,58,,103305,20,0,15,0,20,,103306,20,0,15,0,72,,103307,20,0,15,0,35,,103308,20,0,15,0
9501,'5462',716,,103309,20,0,15,0,30,,103310,20,0,15,0,59,,103311,20,0,15,0,20,,103312,20,0,15,0,20,,103313,20,0,15,0,55,,103314,20,0,15,0,15,,103315,20,0,15,0,16,,103316,20,0,15,0,15,,103317,20,0,15,0,56,,103318,20,0,15,0,15,,103319,20,0,15,0,15,,103320,20,0,15,0,16,,103325,20,0,15,0,55,,103321,20,0,15,0,15,,103322,20,0,15,0,16,,103323,20,0,15,0,15,,103326,20,0,15,0,56,,103327,20,0,15,0,15,,103324,20,0,15,0,15,,103328,20,0,15,0,15,,103329,20,0,15,0,55,,103330,20,0,15,0,15,,103331,20,0,15,0,15,,103332,20,0,15,0,15,,103333,20,0,15,0,56,,103334,20,0,15,0,15,,103335,20,0,15,0,15,,103336,20,0,15,0,15,,103337,20,0,15,0,55,,103338,20,0,15,0,15,,103339,20,0,15,0,15,,103340,20,0,15,0,15,,103341,20,0,15,0,56,,103342,20,0,15,0,13,,103343,20,0,15,0,12,,103344,20,0,15,0,11,,103345,20,0,15,0,13,,103346,20,0,15,0,52,,103347,20,0,15,0,12,,103348,20,0,15,0,13,,103349,20,0,15,0,12,,103350,20,0,15,0,12,,103351,20,0,15,0,52,,103352,20,0,15,0,14,,103353,20,0,15,0,15,,103354,20,0,15,0,14,,103355,20,0,15,0,54,,103356,20,0,15,0,14,,103357,20,0,15,0,15,,103358,20,0,15,0,15,,103359,20,0,15,0,55,,103360,20,0,15,0,15,,103361,20,0,15,0,15,,103362,20,0,15,0,13,,103363,20,0,15,0,55,,103364,20,0,15,0,15,,103365,20,0,15,0,15,,103366,20,0,15,0,15,,103367,20,0,15,0,55,,103368,20,0,15,0,15,,103370,20,0,15,0,20,,103369,20,0,15,0,20,,103371,20,0,15,0,58,,103372,20,0,15,0,20,,103373,20,0,15,0,72,,103374,20,0,15,0,35,,103375,20,0,15,0
9501,'5463',716,,103376,20,0,15,0,30,,103377,20,0,15,0,59,,103378,20,0,15,0,20,,103379,20,0,15,0,20,,103380,20,0,15,0,55,,103381,20,0,15,0,15,,103382,20,0,15,0,16,,103383,20,0,15,0,15,,103384,20,0,15,0,56,,103385,20,0,15,0,15,,103386,20,0,15,0,15,,103387,20,0,15,0,16,,103392,20,0,15,0,55,,103388,20,0,15,0,15,,103389,20,0,15,0,16,,103390,20,0,15,0,15,,103393,20,0,15,0,56,,103394,20,0,15,0,15,,103391,20,0,15,0,15,,103395,20,0,15,0,15,,103396,20,0,15,0,55,,103397,20,0,15,0,15,,103398,20,0,15,0,15,,103399,20,0,15,0,15,,103400,20,0,15,0,56,,103401,20,0,15,0,15,,103402,20,0,15,0,15,,103403,20,0,15,0,15,,103404,20,0,15,0,55,,103405,20,0,15,0,15,,103406,20,0,15,0,15,,103407,20,0,15,0,15,,103408,20,0,15,0,56,,103409,20,0,15,0,13,,103410,20,0,15,0,12,,103411,20,0,15,0,11,,103412,20,0,15,0,13,,103413,20,0,15,0,52,,103414,20,0,15,0,12,,103415,20,0,15,0,13,,103416,20,0,15,0,12,,103417,20,0,15,0,12,,103418,20,0,15,0,52,,103419,20,0,15,0,14,,103420,20,0,15,0,15,,103421,20,0,15,0,14,,103422,20,0,15,0,54,,103423,20,0,15,0,14,,103424,20,0,15,0,15,,103425,20,0,15,0,15,,103426,20,0,15,0,55,,103427,20,0,15,0,15,,103428,20,0,15,0,15,,103429,20,0,15,0,13,,103430,20,0,15,0,55,,103431,20,0,15,0,15,,103432,20,0,15,0,15,,103433,20,0,15,0,15,,103434,20,0,15,0,55,,103435,20,0,15,0,15,,103437,20,0,15,0,20,,103436,20,0,15,0,20,,103438,20,0,15,0,58,,103439,20,0,15,0,20,,103440,20,0,15,0,72,,103441,20,0,15,0,35,,103442,20,0,15,0
24005101,'5456',803,,104118,21,,,0,32,,104116,21,,,0,76,,104117,21,,,0,98,,104119,21,,,0,98,,104115,21,,,0,101,,104120,21,,,0,100,,104114,21,,,0,103,,104121,21,,,0,108,,104113,21,,,0,34,,104109,21,0,30 14,0,52,,104107,21,,,0,21,,104111,21,,,0,29,,104110,21,,,0,72,,104104,21,,,0,24,,104112,21,,,0,65,,104108,21,,,0,97,,104105,21,,,0,100,,104106,21,,,0
24005101,'5458',803,,104136,21,,,0,32,,104134,21,,,0,76,,104135,21,,,0,98,,104137,21,,,0,98,,104133,21,,,0,101,,104138,21,,,0,100,,104132,21,,,0,103,,104139,21,,,0,108,,104131,21,,,0,34,,104127,21,0,30 14,0,52,,104125,21,,,0,21,,104129,21,,,0,29,,104128,21,,,0,72,,104122,21,,,0,24,,104130,21,,,0,65,,104126,21,,,0,97,,104123,21,,,0,100,,104124,21,,,0
