3000,'4832',755,,84258,13,,,0,101,,84259,13,,,0,84,,80082,13,,,0,80,,84260,13,,,0,81,,84261,13,,,0,36,,84262,13,,,0,70,,84263,13,,,0,30,,80086,13,,,0,70,,80087,13,,,0,30,,84264,13,,,0,70,,80089,13,,,0,30,,84265,13,,,0,70,,80091,13,,,0,30,,84266,13,,,0,71,,84267,13,,,0,30,,80094,13,,,0,69,,84268,13,,,0,30,,84269,13,,,0,69,,71526,13,,,0,30,,84270,13,,,0,80,,84271,13,,,0,40,,84272,13,,,0,79,,84273,13,,,0,87,,84274,13,,,0,98,,84275,13,,,0,98,,84276,13,,,0
3000,'5453',755,,84277,13,,,0,101,,84278,13,,,0,84,,84279,13,,,0,80,,84280,13,,,0,81,,84281,13,,,0,36,,84282,13,,,0,70,,84283,13,,,0,30,,80166,13,,,0,70,,84284,13,,,0,30,,80168,13,,,0,70,,80169,13,,,0,30,,84285,13,,,0,70,,84286,13,,,0,30,,84287,13,,,0,71,,84288,13,,,0,30,,84289,13,,,0,69,,80175,13,,,0,30,,80176,13,,,0,69,,84290,13,,,0,30,,80178,13,,,0,80,,84291,13,,,0,40,,80180,13,,,0,79,,84292,13,,,0,87,,84293,13,,,0,98,,84294,13,,,0,98,,84295,13,,,0
3000,'5456',555,,96905,13,,,0,92,,96906,13,,,0,72,,96907,13,,,0,33,,96908,13,,,0,71,,96909,13,,,0,32,,96910,13,,,0,69,,96911,13,,,0,30,,96912,13,,,0,71,,96913,13,,,0,30,,96914,13,,,0,70,,96915,13,,,0,30,,96916,13,,,0,70,,96917,13,,,0,30,,96918,13,,,0,71,,96919,13,,,0,30,,96920,13,,,0,67,,96921,13,,,0,32,,96922,13,,,0,72,,96923,13,,,0,73,,96924,13,,,0,35,,96925,13,,,0,71,,96926,13,,,0,32,,96927,13,,,0,70,,96928,13,,,0,26,,96929,13,,,0,68,,96930,13,,,0,28,,96931,13,,,0,73,,96932,13,,,0,33,,96933,13,,,0,85,,96934,13,,,0,100,,96935,13,,,0,99,,96936,13,,,0,108,,96937,13,,,0
3000,'5458',555,,96938,13,,,0,92,,96939,13,,,0,72,,96940,13,,,0,33,,96941,13,,,0,71,,96942,13,,,0,32,,96943,13,,,0,69,,96944,13,,,0,30,,96945,13,,,0,71,,96946,13,,,0,30,,96947,13,,,0,70,,96948,13,,,0,30,,96949,13,,,0,70,,96950,13,,,0,30,,96951,13,,,0,71,,96952,13,,,0,30,,96953,13,,,0,67,,96954,13,,,0,32,,96955,13,,,0,72,,96956,13,,,0,73,,96957,13,,,0,35,,96958,13,,,0,71,,96959,13,,,0,32,,96960,13,,,0,70,,96961,13,,,0,26,,96962,13,,,0,68,,96963,13,,,0,28,,96964,13,,,0,73,,96965,13,,,0,33,,96966,13,,,0,85,,96967,13,,,0,100,,96968,13,,,0,99,,96969,13,,,0,108,,96970,13,,,0
3000,'5459',644,,96971,13,,,0,100,,96972,13,,,0,78,,96973,13,,,0,78,,96974,13,,,0,33,,96975,13,,,0,72,,96976,13,,,0,33,,96977,13,,,0,71,,96978,13,,,0,30,,96979,13,,,0,70,,96980,13,,,0,30,,96981,13,,,0,69,,96982,13,,,0,31,,96983,13,,,0,70,,96984,13,,,0,30,,96985,13,,,0,70,,96986,13,,,0,31,,96987,13,,,0,69,,96988,13,,,0,30,,96989,13,,,0,69,,96990,13,,,0,30,,96991,13,,,0,69,,96992,13,,,0,30,,96993,13,,,0,80,,96994,13,,,0,40,,96995,13,,,0,78,,96996,13,,,0,85,,96997,13,,,0,100,,96998,13,,,0,100,,96999,13,,,0,107,,97000,13,,,0
3000,'5460',755,,97001,13,,,0,101,,97002,13,,,0,84,,97003,13,,,0,80,,97004,13,,,0,81,,97005,13,,,0,36,,97006,13,,,0,70,,97007,13,,,0,30,,97008,13,,,0,70,,97009,13,,,0,30,,97010,13,,,0,70,,97011,13,,,0,30,,97012,13,,,0,70,,97013,13,,,0,30,,97014,13,,,0,71,,97015,13,,,0,30,,97016,13,,,0,69,,97017,13,,,0,30,,97018,13,,,0,69,,97019,13,,,0,30,,97020,13,,,0,80,,97021,13,,,0,40,,97022,13,,,0,79,,97023,13,,,0,87,,97024,13,,,0,98,,97025,13,,,0,98,,97026,13,,,0
3000,'5461',755,,97027,13,,,0,101,,97028,13,,,0,84,,97029,13,,,0,80,,97030,13,,,0,81,,97031,13,,,0,36,,97032,13,,,0,70,,97033,13,,,0,30,,97034,13,,,0,70,,97035,13,,,0,30,,97036,13,,,0,70,,97037,13,,,0,30,,97038,13,,,0,70,,97039,13,,,0,30,,97040,13,,,0,71,,97041,13,,,0,30,,97042,13,,,0,69,,97043,13,,,0,30,,97044,13,,,0,69,,97045,13,,,0,30,,97046,13,,,0,80,,97047,13,,,0,40,,97048,13,,,0,79,,97049,13,,,0,87,,97050,13,,,0,98,,97051,13,,,0,98,,97052,13,,,0
3000,'5462',755,,97053,13,,,0,101,,97054,13,,,0,84,,97055,13,,,0,80,,97056,13,,,0,81,,97057,13,,,0,36,,97058,13,,,0,70,,97059,13,,,0,30,,97060,13,,,0,70,,97061,13,,,0,30,,97062,13,,,0,70,,97063,13,,,0,30,,97064,13,,,0,70,,97065,13,,,0,30,,97066,13,,,0,71,,97067,13,,,0,30,,97068,13,,,0,69,,97069,13,,,0,30,,97070,13,,,0,69,,97071,13,,,0,30,,97072,13,,,0,80,,97073,13,,,0,40,,97074,13,,,0,79,,97075,13,,,0,87,,97076,13,,,0,98,,97077,13,,,0,98,,97078,13,,,0
3000,'5463',755,,97079,13,,,0,101,,97080,13,,,0,84,,97081,13,,,0,80,,97082,13,,,0,81,,97083,13,,,0,36,,97084,13,,,0,70,,97085,13,,,0,30,,97086,13,,,0,70,,97087,13,,,0,30,,97088,13,,,0,70,,97089,13,,,0,30,,97090,13,,,0,70,,97091,13,,,0,30,,97092,13,,,0,71,,97093,13,,,0,30,,97094,13,,,0,69,,97095,13,,,0,30,,97096,13,,,0,69,,97097,13,,,0,30,,97098,13,,,0,80,,97099,13,,,0,40,,97100,13,,,0,79,,97101,13,,,0,87,,97102,13,,,0,98,,97103,13,,,0,98,,97104,13,,,0
3100,'4832',714,,80363,13,,,0,112,,80364,13,,,0,94,,84479,13,,,0,80,,84480,13,,,0,41,,84481,13,,,0,81,,84482,13,,,0,30,,84483,13,,,0,70,,71871,13,,,0,30,,84484,13,,,0,70,,84485,13,,,0,30,,84486,13,,,0,70,,71875,13,,,0,30,,71876,13,,,0,70,,80372,13,,,0,31,,84487,13,,,0,70,,84488,13,,,0,29,,84489,13,,,0,70,,84490,13,,,0,30,,84491,13,,,0,69,,84492,13,,,0,35,,84493,13,,,0,80,,84494,13,,,0,79,,84495,13,,,0,40,,84496,13,,,0,95,,84497,13,,,0,100,,80384,13,,,0,152,,71890,13,,,0
3100,'5453',714,,84498,13,,,0,112,,84499,13,,,0,94,,84500,13,,,0,80,,80432,13,,,0,41,,84501,13,,,0,81,,84502,13,,,0,30,,84503,13,,,0,70,,80436,13,,,0,30,,84504,13,,,0,70,,84505,13,,,0,30,,84506,13,,,0,70,,80440,13,,,0,30,,80441,13,,,0,70,,80442,13,,,0,31,,84507,13,,,0,70,,84508,13,,,0,29,,84509,13,,,0,70,,80446,13,,,0,30,,80447,13,,,0,69,,84510,13,,,0,35,,84511,13,,,0,80,,84512,13,,,0,79,,84513,13,,,0,40,,84514,13,,,0,95,,84515,13,,,0,100,,84516,13,,,0,152,,80455,13,,,0
3100,'5456',626,,97307,13,,,0,77,,97308,13,,,0,33,,97309,13,,,0,71,,97310,13,,,0,32,,97311,13,,,0,71,,97312,13,,,0,29,,97313,13,,,0,71,,97314,13,,,0,30,,97315,13,,,0,70,,97316,13,,,0,30,,97317,13,,,0,70,,97318,13,,,0,30,,97319,13,,,0,71,,97320,13,,,0,30,,97321,13,,,0,68,,97322,13,,,0,30,,97323,13,,,0,72,,97324,13,,,0,33,,97325,13,,,0,74,,97326,13,,,0,34,,97327,13,,,0,70,,97328,13,,,0,31,,97329,13,,,0,69,,97330,13,,,0,26,,97331,13,,,0,68,,97332,13,,,0,28,,97333,13,,,0,77,,97334,13,,,0,38,,97335,13,,,0,93,,97336,13,,,0,98,,97337,13,,,0,153,,97338,13,,,0,54,,97339,13,,,0
3100,'5458',626,,97340,13,,,0,77,,97341,13,,,0,33,,97342,13,,,0,71,,97343,13,,,0,32,,97344,13,,,0,71,,97345,13,,,0,29,,97346,13,,,0,71,,97347,13,,,0,30,,97348,13,,,0,70,,97349,13,,,0,30,,97350,13,,,0,70,,97351,13,,,0,30,,97352,13,,,0,71,,97353,13,,,0,30,,97354,13,,,0,68,,97355,13,,,0,30,,97356,13,,,0,72,,97357,13,,,0,33,,97358,13,,,0,74,,97359,13,,,0,34,,97360,13,,,0,70,,97361,13,,,0,31,,97362,13,,,0,69,,97363,13,,,0,26,,97364,13,,,0,68,,97365,13,,,0,28,,97366,13,,,0,77,,97367,13,,,0,38,,97368,13,,,0,93,,97369,13,,,0,98,,97370,13,,,0,153,,97371,13,,,0,54,,97372,13,,,0
3100,'5459',714,,97373,13,,,0,88,,97374,13,,,0,41,,97375,13,,,0,75,,97376,13,,,0,31,,97377,13,,,0,72,,97378,13,,,0,33,,97379,13,,,0,70,,97380,13,,,0,30,,97381,13,,,0,70,,97382,13,,,0,30,,97383,13,,,0,70,,97384,13,,,0,30,,97385,13,,,0,70,,97386,13,,,0,30,,97387,13,,,0,71,,97388,13,,,0,29,,97389,13,,,0,70,,97390,13,,,0,29,,97391,13,,,0,70,,97392,13,,,0,29,,97393,13,,,0,70,,97394,13,,,0,35,,97395,13,,,0,80,,97396,13,,,0,79,,97397,13,,,0,39,,97398,13,,,0,95,,97399,13,,,0,100,,97400,13,,,0,156,,97401,13,,,0,51,,97402,13,,,0
3100,'5460',714,,97403,13,,,0,112,,97404,13,,,0,94,,97405,13,,,0,80,,97406,13,,,0,41,,97407,13,,,0,81,,97408,13,,,0,30,,97409,13,,,0,70,,97410,13,,,0,30,,97411,13,,,0,70,,97412,13,,,0,30,,97413,13,,,0,70,,97414,13,,,0,30,,97415,13,,,0,70,,97416,13,,,0,31,,97417,13,,,0,70,,97418,13,,,0,29,,97419,13,,,0,70,,97420,13,,,0,30,,97421,13,,,0,69,,97422,13,,,0,35,,97423,13,,,0,80,,97424,13,,,0,79,,97425,13,,,0,40,,97426,13,,,0,95,,97427,13,,,0,100,,97428,13,,,0,152,,97429,13,,,0
3100,'5461',714,,97430,13,,,0,112,,97431,13,,,0,94,,97432,13,,,0,80,,97433,13,,,0,41,,97434,13,,,0,81,,97435,13,,,0,30,,97436,13,,,0,70,,97437,13,,,0,30,,97438,13,,,0,70,,97439,13,,,0,30,,97440,13,,,0,70,,97441,13,,,0,30,,97442,13,,,0,70,,97443,13,,,0,31,,97444,13,,,0,70,,97445,13,,,0,29,,97446,13,,,0,70,,97447,13,,,0,30,,97448,13,,,0,69,,97449,13,,,0,35,,97450,13,,,0,80,,97451,13,,,0,79,,97452,13,,,0,40,,97453,13,,,0,95,,97454,13,,,0,100,,97455,13,,,0,152,,97456,13,,,0
3100,'5462',714,,97457,13,,,0,112,,97458,13,,,0,94,,97459,13,,,0,80,,97460,13,,,0,41,,97461,13,,,0,81,,97462,13,,,0,30,,97463,13,,,0,70,,97464,13,,,0,30,,97465,13,,,0,70,,97466,13,,,0,30,,97467,13,,,0,70,,97468,13,,,0,30,,97469,13,,,0,70,,97470,13,,,0,31,,97471,13,,,0,70,,97472,13,,,0,29,,97473,13,,,0,70,,97474,13,,,0,30,,97475,13,,,0,69,,97476,13,,,0,35,,97477,13,,,0,80,,97478,13,,,0,79,,97479,13,,,0,40,,97480,13,,,0,95,,97481,13,,,0,100,,97482,13,,,0,152,,97483,13,,,0
3100,'5463',714,,97484,13,,,0,112,,97485,13,,,0,94,,97486,13,,,0,80,,97487,13,,,0,41,,97488,13,,,0,81,,97489,13,,,0,30,,97490,13,,,0,70,,97491,13,,,0,30,,97492,13,,,0,70,,97493,13,,,0,30,,97494,13,,,0,70,,97495,13,,,0,30,,97496,13,,,0,70,,97497,13,,,0,31,,97498,13,,,0,70,,97499,13,,,0,29,,97500,13,,,0,70,,97501,13,,,0,30,,97502,13,,,0,69,,97503,13,,,0,35,,97504,13,,,0,80,,97505,13,,,0,79,,97506,13,,,0,40,,97507,13,,,0,95,,97508,13,,,0,100,,97509,13,,,0,152,,97510,13,,,0
3200,'5456',1702,,97728,12,,,0
3200,'5458',1702,,97745,12,,,0
4701,'5456',1630,,98604,12,,,0,28,,98605,12,,,0,71,,98606,12,,,0
4701,'5458',1630,,98607,12,,,0,28,,98608,12,,,0,71,,98609,12,,,0
4801,'5456',1629,,98618,12,,,0,28,,98617,12,,,0,72,,98616,12,,,0
4801,'5458',1629,,98621,12,,,0,28,,98620,12,,,0,72,,98619,12,,,0
5301,'5456',1632,,99234,12,,,0
5301,'5458',1632,,99244,12,,,0
6101,'5456',1520,,100612,12,,,0,30,,100598,12,,,0,74,,100587,12,,,0,24,,100585,12,,,0,57,,100594,12,,,0,23,,100580,12,,,0,82,,100589,12,,,0
6101,'5458',1520,,100649,12,,,0,30,,100635,12,,,0,74,,100624,12,,,0,24,,100622,12,,,0,57,,100630,12,,,0,23,,100617,12,,,0,82,,100626,12,,,0
6501,'5456',1611,,100808,12,,,0,28,,100810,12,,,0,75,,100807,12,,,0,29,,100809,12,,,0
6501,'5458',1611,,100812,12,,,0,28,,100814,12,,,0,75,,100811,12,,,0,29,,100813,12,,,0
7000,'4832',601,,85796,12,,,0,99,,74896,12,,,0,58,,85792,12,,,0,98,,74895,12,,,0,84,,85793,12,,,0,14,,85794,12,,,0,100,,85795,12,,,0,83,,74880,12,,,0,15,,74881,12,,,0,84,,85810,12,,,0,16,,85797,12,,,0,83,,85798,12,,,0,16,,85799,12,,,0,101,,85800,12,,,0,84,,85801,12,,,0,15,,85802,12,,,0,101,,85803,12,,,0,86,,85804,12,,,0,17,,85805,12,,,0,101,,85806,12,,,0,102,,85807,12,,,0,100,,85809,12,,,0,151,,85808,12,,,0
7000,'5453',601,,81072,12,,,0,99,,85828,12,,,0,44,,85831,12,,,0,14,,85811,12,,,0,84,,81090,12,,,0,14,,85827,12,,,0,84,,85812,12,,,0,14,,85813,12,,,0,85,,85832,12,,,0,15,,85814,12,,,0,83,,81070,12,,,0,15,,85815,12,,,0,84,,85830,12,,,0,16,,85816,12,,,0,84,,85817,12,,,0,15,,85818,12,,,0,86,,81092,12,,,0,15,,85819,12,,,0,84,,85820,12,,,0,15,,85821,12,,,0,83,,85833,12,,,0,18,,85822,12,,,0,86,,81080,12,,,0,17,,85823,12,,,0,84,,85834,12,,,0,17,,85824,12,,,0,85,,85835,12,,,0,17,,85825,12,,,0,100,,85829,12,,,0,151,,85826,12,,,0
7000,'5456',506,,100815,12,,,0,51,,100816,12,,,0,92,,100824,12,,,0,103,,100817,12,,,0,101,,100826,12,,,0,99,,100820,12,,,0,99,,100818,12,,,0,98,,100819,12,,,0,100,,100823,12,,,0,99,,100821,12,,,0,100,,100822,12,,,0,97,,100825,12,,,0,103,,100827,12,,,0,107,,100828,12,,,0,200,,100829,12,,,0,250,,100830,12,,,0
7000,'5458',506,,100831,12,,,0,51,,100832,12,,,0,92,,100840,12,,,0,103,,100833,12,,,0,101,,100842,12,,,0,99,,100836,12,,,0,99,,100834,12,,,0,98,,100835,12,,,0,100,,100839,12,,,0,81,,100847,12,,,0,18,,100837,12,,,0,100,,100838,12,,,0,79,,100848,12,,,0,18,,100841,12,,,0,103,,100843,12,,,0,88,,100849,12,,,0,19,,100844,12,,,0,200,,100845,12,,,0,250,,100846,12,,,0
7000,'5459',504,,100870,12,,,0,55,,100869,12,,,0,100,,100871,12,,,0,83,,100851,12,,,0,14,,100852,12,,,0,98,,100853,12,,,0,87,,100854,12,,,0,13,,100850,12,,,0,97,,100855,12,,,0,84,,100856,12,,,0,16,,100857,12,,,0,99,,100858,12,,,0,85,,100859,12,,,0,15,,100860,12,,,0,101,,100861,12,,,0,84,,100862,12,,,0,15,,100863,12,,,0,101,,100864,12,,,0,84,,100865,12,,,0,17,,100866,12,,,0,204,,100867,12,,,0,253,,100868,12,,,0
7000,'5460',601,,100878,12,,,0,157,,100872,12,,,0,182,,100873,12,,,0,14,,100874,12,,,0,100,,100875,12,,,0,83,,100876,12,,,0,15,,100877,12,,,0,100,,100879,12,,,0,83,,100880,12,,,0,16,,100881,12,,,0,101,,100882,12,,,0,84,,100883,12,,,0,15,,100884,12,,,0,101,,100885,12,,,0,86,,100886,12,,,0,17,,100887,12,,,0,101,,100888,12,,,0,102,,100889,12,,,0,251,,100890,12,,,0
7000,'5461',601,,100897,12,,,0,99,,100910,12,,,0,58,,100891,12,,,0,98,,100912,12,,,0,84,,100892,12,,,0,14,,100893,12,,,0,85,,100911,12,,,0,15,,100894,12,,,0,83,,100895,12,,,0,15,,100896,12,,,0,86,,100913,12,,,0,14,,100898,12,,,0,83,,100899,12,,,0,16,,100900,12,,,0,88,,100914,12,,,0,13,,100901,12,,,0,84,,100902,12,,,0,15,,100903,12,,,0,87,,100915,12,,,0,14,,100904,12,,,0,86,,100905,12,,,0,17,,100906,12,,,0,101,,100907,12,,,0,102,,100908,12,,,0,251,,100909,12,,,0
7000,'5462',601,,100922,12,,,0,99,,100935,12,,,0,58,,100916,12,,,0,98,,100937,12,,,0,84,,100917,12,,,0,14,,100918,12,,,0,85,,100936,12,,,0,15,,100919,12,,,0,83,,100920,12,,,0,15,,100921,12,,,0,86,,100938,12,,,0,14,,100923,12,,,0,83,,100924,12,,,0,16,,100925,12,,,0,88,,100939,12,,,0,13,,100926,12,,,0,84,,100927,12,,,0,15,,100928,12,,,0,87,,100940,12,,,0,14,,100929,12,,,0,86,,100930,12,,,0,17,,100931,12,,,0,101,,100932,12,,,0,102,,100933,12,,,0,251,,100934,12,,,0
7000,'5463',601,,100947,12,,,0,99,,100960,12,,,0,58,,100941,12,,,0,182,,100942,12,,,0,14,,100943,12,,,0,85,,100961,12,,,0,15,,100944,12,,,0,83,,100945,12,,,0,15,,100946,12,,,0,100,,100948,12,,,0,83,,100949,12,,,0,16,,100950,12,,,0,101,,100951,12,,,0,84,,100952,12,,,0,15,,100953,12,,,0,101,,100954,12,,,0,86,,100955,12,,,0,17,,100956,12,,,0,101,,100957,12,,,0,102,,100958,12,,,0,251,,100959,12,,,0
7100,'5456',1521,,101068,12,,,0,105,,101069,12,,,0,106,,101067,12,,,0
7100,'5458',1521,,101071,12,,,0,105,,101072,12,,,0,106,,101070,12,,,0
7200,'4832',645,,85980,12,,,0,99,,85981,12,,,0,100,,85984,12,,,0,98,,85982,12,,,0,98,,85983,12,,,0,70,,85985,12,,,0,29,,85986,12,,,0,69,,85987,12,,,0,29,,85988,12,,,0,70,,85989,12,,,0,30,,85990,12,,,0,70,,85991,12,,,0,30,,85992,12,,,0,70,,85993,12,,,0,30,,85994,12,,,0,70,,85995,12,,,0,30,,85996,12,,,0,72,,85997,12,,,0,31,,85998,12,,,0,71,,85999,12,,,0,30,,86000,12,,,0,70,,86001,12,,,0,32,,86002,12,,,0,99,,86003,12,,,0,101,,86004,12,,,0,103,,86005,12,,,0,76,,86006,12,0,10 11 12,0
7200,'5453',645,,86007,12,,,0,99,,86008,12,,,0,100,,86011,12,,,0,98,,86009,12,,,0,98,,86010,12,,,0,70,,86012,12,,,0,29,,86013,12,,,0,69,,86014,12,,,0,29,,86015,12,,,0,70,,86016,12,,,0,30,,86017,12,,,0,70,,86018,12,,,0,30,,86019,12,,,0,70,,86020,12,,,0,30,,86021,12,,,0,70,,86022,12,,,0,30,,86023,12,,,0,72,,86024,12,,,0,31,,86025,12,,,0,71,,86026,12,,,0,30,,86027,12,,,0,70,,86028,12,,,0,32,,86029,12,,,0,99,,86030,12,,,0,101,,86031,12,,,0,103,,86032,12,,,0,76,,86033,12,0,10 11 12,0
7200,'5456',604,,101083,12,,,0,36,,101089,12,,,0,68,,101079,12,,,0,27,,101080,12,,,0,71,,101087,12,,,0,32,,101081,12,,,0,70,,101082,12,,,0,30,,101091,12,,,0,71,,101084,12,,,0,29,,101085,12,,,0,70,,101086,12,,,0,27,,101095,12,,,0,70,,101099,12,,,0,29,,101088,12,,,0,70,,101101,12,,,0,28,,101106,12,,,0,70,,101090,12,,,0,29,,101093,12,,,0,69,,101096,12,,,0,30,,101109,12,,,0,28,,101092,12,,,0,71,,101102,12,,,0,72,,101104,12,,,0,37,,101094,12,,,0,69,,101097,12,,,0,31,,101107,12,,,0,70,,101110,12,,,0,31,,101098,12,,,0,73,,101105,12,,,0,31,,101100,12,,,0,99,,101108,12,,,0,101,,101103,12,,,0,158,,101111,12,0,10 11 12,0
7200,'5458',604,,101116,12,,,0,36,,101122,12,,,0,68,,101112,12,,,0,27,,101113,12,,,0,71,,101120,12,,,0,32,,101114,12,,,0,70,,101115,12,,,0,30,,101124,12,,,0,71,,101117,12,,,0,29,,101118,12,,,0,70,,101119,12,,,0,27,,101128,12,,,0,70,,101132,12,,,0,29,,101121,12,,,0,70,,101134,12,,,0,28,,101139,12,,,0,70,,101123,12,,,0,29,,101126,12,,,0,69,,101129,12,,,0,30,,101142,12,,,0,28,,101125,12,,,0,71,,101135,12,,,0,72,,101137,12,,,0,37,,101127,12,,,0,69,,101130,12,,,0,31,,101140,12,,,0,70,,101143,12,,,0,31,,101131,12,,,0,73,,101138,12,,,0,31,,101133,12,,,0,99,,101141,12,,,0,101,,101136,12,,,0,158,,101144,12,0,10 11 12,0
7200,'5459',717,,101145,12,,,0,27,,101146,12,,,0,69,,101147,12,,,0,30,,101148,12,,,0,70,,101149,12,,,0,30,,101150,12,,,0,70,,101151,12,,,0,26,,101152,12,,,0,69,,101153,12,,,0,30,,101154,12,,,0,69,,101155,12,,,0,30,,101156,12,,,0,69,,101157,12,,,0,30,,101158,12,,,0,70,,101159,12,,,0,30,,101160,12,,,0,70,,101161,12,,,0,30,,101162,12,,,0,70,,101163,12,,,0,30,,101164,12,,,0,70,,101165,12,,,0,31,,101166,12,,,0,70,,101167,12,,,0,32,,101168,12,,,0,71,,101169,12,,,0,32,,101170,12,,,0,70,,101171,12,,,0,30,,101172,12,,,0,99,,101173,12,,,0,102,,101174,12,,,0,160,,101175,12,0,10 11 12,0
7200,'5460',744,,101176,12,,,0,100,,101179,12,,,0,98,,101177,12,,,0,98,,101178,12,,,0,70,,101180,12,,,0,29,,101181,12,,,0,69,,101182,12,,,0,29,,101183,12,,,0,70,,101184,12,,,0,30,,101185,12,,,0,70,,101186,12,,,0,30,,101187,12,,,0,70,,101188,12,,,0,30,,101189,12,,,0,70,,101190,12,,,0,30,,101191,12,,,0,72,,101192,12,,,0,31,,101193,12,,,0,71,,101194,12,,,0,30,,101195,12,,,0,70,,101196,12,,,0,32,,101197,12,,,0,99,,101198,12,,,0,101,,101199,12,,,0,103,,101200,12,,,0,76,,101201,12,0,10 11 12,0
7200,'5461',744,,101202,12,,,0,100,,101205,12,,,0,98,,101203,12,,,0,98,,101204,12,,,0,70,,101206,12,,,0,29,,101207,12,,,0,69,,101208,12,,,0,29,,101209,12,,,0,70,,101210,12,,,0,30,,101211,12,,,0,70,,101212,12,,,0,30,,101213,12,,,0,70,,101214,12,,,0,30,,101215,12,,,0,70,,101216,12,,,0,30,,101217,12,,,0,72,,101218,12,,,0,31,,101219,12,,,0,71,,101220,12,,,0,30,,101221,12,,,0,70,,101222,12,,,0,32,,101223,12,,,0,99,,101224,12,,,0,101,,101225,12,,,0,103,,101226,12,,,0,76,,101227,12,0,10 11 12,0
7200,'5462',744,,101228,12,,,0,100,,101231,12,,,0,98,,101229,12,,,0,98,,101230,12,,,0,70,,101232,12,,,0,29,,101233,12,,,0,69,,101234,12,,,0,29,,101235,12,,,0,70,,101236,12,,,0,30,,101237,12,,,0,70,,101238,12,,,0,30,,101239,12,,,0,70,,101240,12,,,0,30,,101241,12,,,0,70,,101242,12,,,0,30,,101243,12,,,0,72,,101244,12,,,0,31,,101245,12,,,0,71,,101246,12,,,0,30,,101247,12,,,0,70,,101248,12,,,0,32,,101249,12,,,0,99,,101250,12,,,0,101,,101251,12,,,0,103,,101252,12,,,0,76,,101253,12,0,10 11 12,0
7200,'5463',744,,101254,12,,,0,100,,101257,12,,,0,98,,101255,12,,,0,98,,101256,12,,,0,70,,101258,12,,,0,29,,101259,12,,,0,69,,101260,12,,,0,29,,101261,12,,,0,70,,101262,12,,,0,30,,101263,12,,,0,70,,101264,12,,,0,30,,101265,12,,,0,70,,101266,12,,,0,30,,101267,12,,,0,70,,101268,12,,,0,30,,101269,12,,,0,72,,101270,12,,,0,31,,101271,12,,,0,71,,101272,12,,,0,30,,101273,12,,,0,70,,101274,12,,,0,32,,101275,12,,,0,99,,101276,12,,,0,101,,101277,12,,,0,103,,101278,12,,,0,76,,101279,12,0,10 11 12,0
7500,'4832',618,,86224,13,0,13 14,0,98,,81195,13,0,13 14,0,101,,75561,13,0,13 14,0,33,,86234,13,0,47 48,0,60,,75562,13,0,13 14,0,23,,86235,13,0,47 48,0,20,,81205,13,0,47 48,0,55,,75563,13,0,13 14,0,43,,86236,13,0,47 48,0,56,,81196,13,0,13 14,0,17,,81206,13,0,47 48,0,12,,75565,13,0,13 14,0,70,,86225,13,0,13 14,0,29,,86226,13,0,13 14,0,70,,86227,13,0,13 14,0,15,,75585,13,0,47 48,0,15,,86228,13,0,13 14,0,70,,86229,13,0,13 14,0,15,,75586,13,0,47 48,0,15,,75571,13,0,13 14,0,70,,86230,13,0,13 14,0,100,,75573,13,0,13 14,0,101,,75574,13,0,13 14,0,20,,86237,13,0,47 48,0,85,,81200,13,0,13 14,0,103,,86231,13,0,13 14,0,104,,86232,13,0,13 14,0,97,,75578,13,0,13 14,0,134,,86233,13,0,13 14,0
7500,'5453',618,,86238,13,0,13 14,0,98,,81241,13,0,13 14,0,101,,81242,13,0,13 14,0,33,,86250,13,0,47 48,0,60,,81243,13,0,13 14,0,23,,86251,13,0,47 48,0,20,,86253,13,0,47 48,0,55,,81244,13,0,13 14,0,43,,86252,13,0,47 48,0,56,,86239,13,0,13 14,0,17,,81265,13,0,47 48,0,12,,86240,13,0,13 14,0,70,,86241,13,0,13 14,0,29,,81248,13,0,13 14,0,70,,86242,13,0,13 14,0,15,,81266,13,0,47 48,0,15,,86243,13,0,13 14,0,70,,86244,13,0,13 14,0,15,,81267,13,0,47 48,0,15,,86245,13,0,13 14,0,70,,86246,13,0,13 14,0,100,,86247,13,0,13 14,0,101,,81255,13,0,13 14,0,20,,86254,13,0,47 48,0,85,,81256,13,0,13 14,0,103,,81257,13,0,13 14,0,104,,86248,13,0,13 14,0,97,,81259,13,0,13 14,0,134,,86249,13,0,13 14,0
7500,'5456',510,,101477,13,0,13 14,0,18,,101479,13,0,13 14,0,16,,101483,13,0,13 14,0,59,,101486,13,0,13 14,0,17,,101489,13,0,13 14,0,17,,101491,13,0,13 14,0,15,,101481,13,0,13 14,0,55,,101494,13,0,13 14,0,16,,101478,13,0,13 14,0,23,,101480,13,0,13 14,0,63,,101482,13,0,13 14,0,26,,101485,13,0,13 14,0,69,,101484,13,0,13 14,0,34,,101488,13,0,13 14,0,68,,101487,13,0,13 14,0,30,,101490,13,0,13 14,0,68,,101498,13,0,13 14,0,29,,101492,13,0,13 14,0,70,,101493,13,0,13 14,0,30,,101495,13,0,13 14,0,69,,101496,13,0,13 14,0,30,,101497,13,0,13 14,0,23,,101499,13,0,13 14,0,71,,101500,13,0,13 14,0,74,,101501,13,0,13 14,0,27,,101502,13,0,13 14,0,31,,101503,13,0,13 14,0,66,,101513,13,0,13 14,0,20,,101504,13,0,13 14,0,61,,101506,13,0,13 14,0,18,,101505,13,0,13 14,0,22,,101512,13,0,13 14,0,59,,101507,13,0,13 14,0,28,,101508,13,0,13 14,0,76,,101509,13,0,13 14,0,110,,101510,13,0,13 14,0,96,,101511,13,0,13 14,0,105,,101514,13,0,13 14,0,110,,101515,13,0,13 14,0
7500,'5458',510,,101516,13,0,13 14,0,18,,101518,13,0,13 14,0,16,,101522,13,0,13 14,0,59,,101525,13,0,13 14,0,17,,101528,13,0,13 14,0,17,,101530,13,0,13 14,0,15,,101520,13,0,13 14,0,55,,101533,13,0,13 14,0,16,,101517,13,0,13 14,0,23,,101519,13,0,13 14,0,63,,101521,13,0,13 14,0,26,,101524,13,0,13 14,0,69,,101523,13,0,13 14,0,34,,101527,13,0,13 14,0,68,,101526,13,0,13 14,0,30,,101529,13,0,13 14,0,68,,101537,13,0,13 14,0,29,,101531,13,0,13 14,0,70,,101532,13,0,13 14,0,30,,101534,13,0,13 14,0,69,,101535,13,0,13 14,0,30,,101536,13,0,13 14,0,23,,101538,13,0,13 14,0,71,,101539,13,0,13 14,0,74,,101540,13,0,13 14,0,27,,101541,13,0,13 14,0,31,,101542,13,0,13 14,0,66,,101552,13,0,13 14,0,20,,101543,13,0,13 14,0,61,,101545,13,0,13 14,0,18,,101544,13,0,13 14,0,22,,101551,13,0,13 14,0,59,,101546,13,0,13 14,0,28,,101547,13,0,13 14,0,76,,101548,13,0,13 14,0,110,,101549,13,0,13 14,0,96,,101550,13,0,13 14,0,105,,101553,13,0,13 14,0,110,,101554,13,0,13 14,0
7500,'5459',623,,101556,13,0,13 14,0,93,,101557,13,0,13 14,0,98,,101558,13,0,13 14,0,95,,101555,13,0,13 14,0,97,,101559,13,0,13 14,0,99,,101560,13,0,13 14,0,30,,101561,13,0,13 14,0,71,,101562,13,0,13 14,0,29,,101563,13,0,13 14,0,71,,101564,13,0,13 14,0,24,,101565,13,0,13 14,0,76,,101566,13,0,13 14,0,30,,101567,13,0,13 14,0,70,,101568,13,0,13 14,0,31,,101569,13,0,13 14,0,70,,101570,13,0,13 14,0,100,,101571,13,0,13 14,0,102,,101572,13,0,13 14,0,102,,101573,13,0,13 14,0,103,,101574,13,0,13 14,0,98,,101575,13,0,13 14,0,106,,101576,13,0,13 14,0,102,,101577,13,0,13 14,0
7500,'5460',618,,101578,13,0,13 14,0,98,,101579,13,0,13 14,0,101,,101580,13,0,13 14,0,93,,101581,13,0,13 14,0,98,,101582,13,0,13 14,0,99,,101583,13,0,13 14,0,29,,101584,13,0,13 14,0,70,,101585,13,0,13 14,0,29,,101586,13,0,13 14,0,70,,101587,13,0,13 14,0,30,,101588,13,0,13 14,0,70,,101589,13,0,13 14,0,30,,101590,13,0,13 14,0,70,,101591,13,0,13 14,0,100,,101592,13,0,13 14,0,101,,101593,13,0,13 14,0,105,,101594,13,0,13 14,0,103,,101595,13,0,13 14,0,104,,101596,13,0,13 14,0,97,,101597,13,0,13 14,0,134,,101598,13,0,13 14,0
7500,'5461',618,,101599,13,0,13 14,0,98,,101600,13,0,13 14,0,101,,101601,13,0,13 14,0,93,,101602,13,0,13 14,0,98,,101603,13,0,13 14,0,99,,101604,13,0,13 14,0,29,,101605,13,0,13 14,0,70,,101606,13,0,13 14,0,29,,101607,13,0,13 14,0,70,,101608,13,0,13 14,0,30,,101609,13,0,13 14,0,70,,101610,13,0,13 14,0,30,,101611,13,0,13 14,0,70,,101612,13,0,13 14,0,100,,101613,13,0,13 14,0,101,,101614,13,0,13 14,0,105,,101615,13,0,13 14,0,103,,101616,13,0,13 14,0,104,,101617,13,0,13 14,0,97,,101618,13,0,13 14,0,134,,101619,13,0,13 14,0
7500,'5462',618,,101620,13,0,13 14,0,98,,101621,13,0,13 14,0,101,,101622,13,0,13 14,0,93,,101623,13,0,13 14,0,98,,101624,13,0,13 14,0,99,,101625,13,0,13 14,0,29,,101626,13,0,13 14,0,70,,101627,13,0,13 14,0,29,,101628,13,0,13 14,0,70,,101629,13,0,13 14,0,30,,101630,13,0,13 14,0,70,,101631,13,0,13 14,0,30,,101632,13,0,13 14,0,70,,101633,13,0,13 14,0,100,,101634,13,0,13 14,0,101,,101635,13,0,13 14,0,105,,101636,13,0,13 14,0,103,,101637,13,0,13 14,0,104,,101638,13,0,13 14,0,97,,101639,13,0,13 14,0,134,,101640,13,0,13 14,0
7500,'5463',618,,101641,13,0,13 14,0,98,,101642,13,0,13 14,0,101,,101643,13,0,13 14,0,93,,101644,13,0,13 14,0,98,,101645,13,0,13 14,0,99,,101646,13,0,13 14,0,29,,101647,13,0,13 14,0,70,,101648,13,0,13 14,0,29,,101649,13,0,13 14,0,70,,101650,13,0,13 14,0,30,,101651,13,0,13 14,0,70,,101652,13,0,13 14,0,30,,101653,13,0,13 14,0,70,,101654,13,0,13 14,0,100,,101655,13,0,13 14,0,101,,101656,13,0,13 14,0,105,,101657,13,0,13 14,0,103,,101658,13,0,13 14,0,104,,101659,13,0,13 14,0,97,,101660,13,0,13 14,0,134,,101661,13,0,13 14,0
9501,'4832',657,,87058,8,0,15,0,70,,87059,8,0,15,0,20,,87060,8,0,15,0,60,,87061,8,0,15,0,20,,87062,8,0,15,0,15,,87063,8,0,15,0,15,,87064,8,0,15,0,55,,87065,8,0,15,0,15,,87066,8,0,15,0,15,,87067,8,0,15,0,15,,87068,8,0,15,0,55,,87069,8,0,15,0,15,,87074,8,0,15,0,15,,87070,8,0,15,0,15,,87071,8,0,15,0,55,,87072,8,0,15,0,15,,87075,8,0,15,0,16,,87076,8,0,15,0,15,,87073,8,0,15,0,55,,87077,8,0,15,0,15,,87078,8,0,15,0,15,,87079,8,0,15,0,15,,87080,8,0,15,0,55,,87081,8,0,15,0,15,,87082,8,0,15,0,16,,87083,8,0,15,0,15,,87084,8,0,15,0,55,,87085,8,0,15,0,15,,87086,8,0,15,0,15,,87087,8,0,15,0,15,,87088,8,0,15,0,55,,87089,8,0,15,0,15,,87090,8,0,15,0,16,,87091,8,0,15,0,13,,87092,8,0,15,0,52,,87093,8,0,15,0,11,,87094,8,0,15,0,13,,87095,8,0,15,0,12,,87096,8,0,15,0,12,,87097,8,0,15,0,53,,87098,8,0,15,0,12,,87099,8,0,15,0,12,,87100,8,0,15,0,12,,87101,8,0,15,0,54,,87102,8,0,15,0,15,,87103,8,0,15,0,14,,87104,8,0,15,0,15,,87105,8,0,15,0,14,,87106,8,0,15,0,55,,87107,8,0,15,0,15,,87108,8,0,15,0,15,,87109,8,0,15,0,15,,87110,8,0,15,0,55,,87111,8,0,15,0,15,,87112,8,0,15,0,15,,87113,8,0,15,0,15,,87114,8,0,15,0,55,,87115,8,0,15,0,15,,87116,8,0,15,0,15,,87117,8,0,15,0,15,,87119,8,0,15,0,60,,87118,8,0,15,0,20,,87120,8,0,15,0,19,,87121,8,0,15,0,60,,87122,8,0,15,0,32,,87123,8,0,15,0,70,,87124,8,0,15,0
9501,'5453',657,,87125,8,0,15,0,70,,87126,8,0,15,0,20,,87127,8,0,15,0,60,,87128,8,0,15,0,20,,87129,8,0,15,0,15,,87130,8,0,15,0,15,,87131,8,0,15,0,55,,87132,8,0,15,0,15,,87133,8,0,15,0,15,,87134,8,0,15,0,15,,87135,8,0,15,0,55,,87136,8,0,15,0,15,,87141,8,0,15,0,15,,87137,8,0,15,0,15,,87138,8,0,15,0,55,,87139,8,0,15,0,15,,87142,8,0,15,0,16,,87143,8,0,15,0,15,,87140,8,0,15,0,55,,87144,8,0,15,0,15,,87145,8,0,15,0,15,,87146,8,0,15,0,15,,87147,8,0,15,0,55,,87148,8,0,15,0,15,,87149,8,0,15,0,16,,87150,8,0,15,0,15,,87151,8,0,15,0,55,,87152,8,0,15,0,15,,87153,8,0,15,0,15,,87154,8,0,15,0,15,,87155,8,0,15,0,55,,87156,8,0,15,0,15,,87157,8,0,15,0,16,,87158,8,0,15,0,13,,87159,8,0,15,0,52,,87160,8,0,15,0,11,,87161,8,0,15,0,13,,87162,8,0,15,0,12,,87163,8,0,15,0,12,,87164,8,0,15,0,53,,87165,8,0,15,0,12,,87166,8,0,15,0,12,,87167,8,0,15,0,12,,87168,8,0,15,0,54,,87169,8,0,15,0,15,,87170,8,0,15,0,14,,87171,8,0,15,0,15,,87172,8,0,15,0,14,,87173,8,0,15,0,55,,87174,8,0,15,0,15,,87175,8,0,15,0,15,,87176,8,0,15,0,15,,87177,8,0,15,0,55,,87178,8,0,15,0,15,,87179,8,0,15,0,15,,87180,8,0,15,0,15,,87181,8,0,15,0,55,,87182,8,0,15,0,15,,87183,8,0,15,0,15,,87184,8,0,15,0,15,,87186,8,0,15,0,60,,87185,8,0,15,0,20,,87187,8,0,15,0,19,,87188,8,0,15,0,60,,87189,8,0,15,0,32,,87190,8,0,15,0,70,,87191,8,0,15,0
9501,'5456',517,,102896,8,0,15,0,26,,102897,8,0,15,0,59,,102899,8,0,15,0,13,,102900,8,0,15,0,12,,102904,8,0,15,0,14,,102903,8,0,15,0,12,,102906,8,0,15,0,52,,102901,8,0,15,0,13,,102913,8,0,15,0,12,,102915,8,0,15,0,12,,102914,8,0,15,0,12,,102905,8,0,15,0,52,,102912,8,0,15,0,13,,102911,8,0,15,0,13,,102902,8,0,15,0,12,,102907,8,0,15,0,12,,102910,8,0,15,0,52,,102909,8,0,15,0,12,,102908,8,0,15,0,12,,102916,8,0,15,0,12,,102930,8,0,15,0,12,,102920,8,0,15,0,52,,102929,8,0,15,0,12,,102934,8,0,15,0,12,,102918,8,0,15,0,11,,102931,8,0,15,0,13,,102926,8,0,15,0,52,,102928,8,0,15,0,12,,102923,8,0,15,0,12,,102933,8,0,15,0,12,,102924,8,0,15,0,12,,102919,8,0,15,0,52,,102925,8,0,15,0,12,,102921,8,0,15,0,12,,102917,8,0,15,0,12,,102932,8,0,15,0,11,,102922,8,0,15,0,51,,102927,8,0,15,0,10,,102977,8,0,15,0,10,,102944,8,0,15,0,10,,102948,8,0,15,0,10,,102943,8,0,15,0,10,,102936,8,0,15,0,50,,102984,8,0,15,0,10,,102942,8,0,15,0,10,,102937,8,0,15,0,10,,102978,8,0,15,0,11,,102947,8,0,15,0,10,,102940,8,0,15,0,50,,102941,8,0,15,0,10,,102946,8,0,15,0,10,,102975,8,0,15,0,10,,102945,8,0,15,0,10,,102949,8,0,15,0,10,,102938,8,0,15,0,49,,102986,8,0,15,0,8,,102935,8,0,15,0,8,,102981,8,0,15,0,8,,102939,8,0,15,0,8,,102991,8,0,15,0,8,,102951,8,0,15,0,9,,102979,8,0,15,0,48,,102963,8,0,15,0,7,,102993,8,0,15,0,1,,102956,8,0,15,0,7,,102976,8,0,15,0,8,,102955,8,0,15,0,8,,102961,8,0,15,0,8,,102992,8,0,15,0,10,,102959,8,0,15,0,48,,102958,8,0,15,0,8,,102965,8,0,15,0,10,,102953,8,0,15,0,10,,102985,8,0,15,0,10,,102983,8,0,15,0,11,,102990,8,0,15,0,52,,102950,8,0,15,0,12,,102957,8,0,15,0,11,,102954,8,0,15,0,12,,102962,8,0,15,0,12,,102960,8,0,15,0,52,,102964,8,0,15,0,14,,102952,8,0,15,0,15,,102982,8,0,15,0,15,,102989,8,0,15,0,15,,102970,8,0,15,0,55,,102969,8,0,15,0,15,,102971,8,0,15,0,15,,102973,8,0,15,0,15,,102967,8,0,15,0,60,,102980,8,0,15,0,20,,102987,8,0,15,0,20,,102968,8,0,15,0,60,,102972,8,0,15,0,27,,102966,8,0,15,0,69,,102988,8,0,15,0,30,,102974,8,0,15,0
9501,'5458',517,,102994,8,0,15,0,26,,102995,8,0,15,0,59,,102997,8,0,15,0,13,,102998,8,0,15,0,12,,103002,8,0,15,0,14,,103001,8,0,15,0,12,,103004,8,0,15,0,52,,102999,8,0,15,0,13,,103011,8,0,15,0,12,,103013,8,0,15,0,12,,103012,8,0,15,0,12,,103003,8,0,15,0,52,,103010,8,0,15,0,13,,103009,8,0,15,0,13,,103000,8,0,15,0,12,,103005,8,0,15,0,12,,103008,8,0,15,0,52,,103007,8,0,15,0,12,,103006,8,0,15,0,12,,103014,8,0,15,0,12,,103028,8,0,15,0,12,,103018,8,0,15,0,52,,103027,8,0,15,0,12,,103032,8,0,15,0,12,,103016,8,0,15,0,11,,103029,8,0,15,0,13,,103024,8,0,15,0,52,,103026,8,0,15,0,12,,103021,8,0,15,0,12,,103031,8,0,15,0,12,,103022,8,0,15,0,12,,103017,8,0,15,0,52,,103023,8,0,15,0,12,,103019,8,0,15,0,12,,103015,8,0,15,0,12,,103030,8,0,15,0,11,,103020,8,0,15,0,51,,103025,8,0,15,0,10,,103076,8,0,15,0,10,,103042,8,0,15,0,10,,103046,8,0,15,0,10,,103041,8,0,15,0,10,,103034,8,0,15,0,50,,103083,8,0,15,0,10,,103040,8,0,15,0,10,,103035,8,0,15,0,10,,103077,8,0,15,0,11,,103045,8,0,15,0,10,,103038,8,0,15,0,50,,103039,8,0,15,0,10,,103044,8,0,15,0,10,,103074,8,0,15,0,10,,103043,8,0,15,0,10,,103047,8,0,15,0,10,,103036,8,0,15,0,49,,103085,8,0,15,0,8,,103033,8,0,15,0,8,,103080,8,0,15,0,8,,103037,8,0,15,0,8,,103090,8,0,15,0,8,,103049,8,0,15,0,9,,103078,8,0,15,0,48,,103061,8,0,15,0,7,,103095,8,0,15,0,1,,103054,8,0,15,0,7,,103075,8,0,15,0,8,,103053,8,0,15,0,8,,103059,8,0,15,0,8,,103091,8,0,15,0,10,,103057,8,0,15,0,48,,103056,8,0,15,0,8,,103063,8,0,15,0,10,,103051,8,0,15,0,10,,103084,8,0,15,0,10,,103082,8,0,15,0,11,,103089,8,0,15,0,52,,103048,8,0,15,0,12,,103055,8,0,15,0,11,,103052,8,0,15,0,12,,103060,8,0,15,0,12,,103058,8,0,15,0,52,,103062,8,0,15,0,14,,103050,8,0,15,0,15,,103081,8,0,15,0,15,,103088,8,0,15,0,15,,103068,8,0,15,0,55,,103067,8,0,15,0,15,,103069,8,0,15,0,15,,103071,8,0,15,0,15,,103065,8,0,15,0,60,,103079,8,0,15,0,20,,103086,8,0,15,0,20,,103066,8,0,15,0,60,,103070,8,0,15,0,27,,103064,8,0,15,0,69,,103087,8,0,15,0,30,,103073,8,0,15,0,70,,103072,8,0,15,0,30,,103092,8,0,15,0,70,,103093,8,0,15,0,30,,103094,8,0,15,0
9501,'5459',615,,103097,8,0,15,0,36,,103098,8,0,15,0,60,,103099,8,0,15,0,19,,103100,8,0,15,0,20,,103101,8,0,15,0,55,,103102,8,0,15,0,15,,103096,8,0,15,0,15,,103103,8,0,15,0,16,,103104,8,0,15,0,55,,103105,8,0,15,0,15,,103106,8,0,15,0,15,,103107,8,0,15,0,15,,103108,8,0,15,0,55,,103109,8,0,15,0,15,,103110,8,0,15,0,15,,103111,8,0,15,0,16,,103112,8,0,15,0,55,,103113,8,0,15,0,15,,103114,8,0,15,0,16,,103115,8,0,15,0,15,,103116,8,0,15,0,55,,103117,8,0,15,0,14,,103118,8,0,15,0,13,,103119,8,0,15,0,12,,103120,8,0,15,0,12,,103121,8,0,15,0,52,,103122,8,0,15,0,12,,103123,8,0,15,0,12,,103124,8,0,15,0,12,,103125,8,0,15,0,12,,103126,8,0,15,0,52,,103127,8,0,15,0,13,,103128,8,0,15,0,13,,103129,8,0,15,0,12,,103130,8,0,15,0,52,,103131,8,0,15,0,12,,103132,8,0,15,0,13,,103133,8,0,15,0,12,,103134,8,0,15,0,12,,103135,8,0,15,0,51,,103136,8,0,15,0,12,,103137,8,0,15,0,12,,103138,8,0,15,0,11,,103139,8,0,15,0,12,,103140,8,0,15,0,52,,103141,8,0,15,0,12,,103142,8,0,15,0,12,,103143,8,0,15,0,12,,103144,8,0,15,0,12,,103145,8,0,15,0,52,,103146,8,0,15,0,12,,103147,8,0,15,0,12,,103148,8,0,15,0,12,,103149,8,0,15,0,12,,103150,8,0,15,0,52,,103151,8,0,15,0,15,,103152,8,0,15,0,15,,103153,8,0,15,0,15,,103154,8,0,15,0,14,,103155,8,0,15,0,55,,103156,8,0,15,0,15,,103157,8,0,15,0,15,,103158,8,0,15,0,15,,103159,8,0,15,0,55,,103160,8,0,15,0,15,,103161,8,0,15,0,15,,103162,8,0,15,0,15,,103163,8,0,15,0,60,,103164,8,0,15,0,20,,103165,8,0,15,0,20,,103166,8,0,15,0,60,,103167,8,0,15,0,27,,103168,8,0,15,0,69,,103169,8,0,15,0,30,,103170,8,0,15,0,70,,103171,8,0,15,0,29,,103172,8,0,15,0,70,,103173,8,0,15,0,30,,103174,8,0,15,0
9501,'5460',657,,103175,8,0,15,0,70,,103176,8,0,15,0,20,,103177,8,0,15,0,60,,103178,8,0,15,0,20,,103179,8,0,15,0,15,,103180,8,0,15,0,15,,103181,8,0,15,0,55,,103182,8,0,15,0,15,,103183,8,0,15,0,15,,103184,8,0,15,0,15,,103185,8,0,15,0,55,,103186,8,0,15,0,15,,103191,8,0,15,0,15,,103187,8,0,15,0,15,,103188,8,0,15,0,55,,103189,8,0,15,0,15,,103192,8,0,15,0,16,,103193,8,0,15,0,15,,103190,8,0,15,0,55,,103194,8,0,15,0,15,,103195,8,0,15,0,15,,103196,8,0,15,0,15,,103197,8,0,15,0,55,,103198,8,0,15,0,15,,103199,8,0,15,0,16,,103200,8,0,15,0,15,,103201,8,0,15,0,55,,103202,8,0,15,0,15,,103203,8,0,15,0,15,,103204,8,0,15,0,15,,103205,8,0,15,0,55,,103206,8,0,15,0,15,,103207,8,0,15,0,16,,103208,8,0,15,0,13,,103209,8,0,15,0,52,,103210,8,0,15,0,11,,103211,8,0,15,0,13,,103212,8,0,15,0,12,,103213,8,0,15,0,12,,103214,8,0,15,0,53,,103215,8,0,15,0,12,,103216,8,0,15,0,12,,103217,8,0,15,0,12,,103218,8,0,15,0,54,,103219,8,0,15,0,15,,103220,8,0,15,0,14,,103221,8,0,15,0,15,,103222,8,0,15,0,14,,103223,8,0,15,0,55,,103224,8,0,15,0,15,,103225,8,0,15,0,15,,103226,8,0,15,0,15,,103227,8,0,15,0,55,,103228,8,0,15,0,15,,103229,8,0,15,0,15,,103230,8,0,15,0,15,,103231,8,0,15,0,55,,103232,8,0,15,0,15,,103233,8,0,15,0,15,,103234,8,0,15,0,15,,103236,8,0,15,0,60,,103235,8,0,15,0,20,,103237,8,0,15,0,19,,103238,8,0,15,0,60,,103239,8,0,15,0,32,,103240,8,0,15,0,75,,103241,8,0,15,0
9501,'5461',657,,103242,8,0,15,0,70,,103243,8,0,15,0,20,,103244,8,0,15,0,60,,103245,8,0,15,0,20,,103246,8,0,15,0,15,,103247,8,0,15,0,15,,103248,8,0,15,0,55,,103249,8,0,15,0,15,,103250,8,0,15,0,15,,103251,8,0,15,0,15,,103252,8,0,15,0,55,,103253,8,0,15,0,15,,103258,8,0,15,0,15,,103254,8,0,15,0,15,,103255,8,0,15,0,55,,103256,8,0,15,0,15,,103259,8,0,15,0,16,,103260,8,0,15,0,15,,103257,8,0,15,0,55,,103261,8,0,15,0,15,,103262,8,0,15,0,15,,103263,8,0,15,0,15,,103264,8,0,15,0,55,,103265,8,0,15,0,15,,103266,8,0,15,0,16,,103267,8,0,15,0,15,,103268,8,0,15,0,55,,103269,8,0,15,0,15,,103270,8,0,15,0,15,,103271,8,0,15,0,15,,103272,8,0,15,0,55,,103273,8,0,15,0,15,,103274,8,0,15,0,16,,103275,8,0,15,0,13,,103276,8,0,15,0,52,,103277,8,0,15,0,11,,103278,8,0,15,0,13,,103279,8,0,15,0,12,,103280,8,0,15,0,12,,103281,8,0,15,0,53,,103282,8,0,15,0,12,,103283,8,0,15,0,12,,103284,8,0,15,0,12,,103285,8,0,15,0,54,,103286,8,0,15,0,15,,103287,8,0,15,0,14,,103288,8,0,15,0,15,,103289,8,0,15,0,14,,103290,8,0,15,0,55,,103291,8,0,15,0,15,,103292,8,0,15,0,15,,103293,8,0,15,0,15,,103294,8,0,15,0,55,,103295,8,0,15,0,15,,103296,8,0,15,0,15,,103297,8,0,15,0,15,,103298,8,0,15,0,55,,103299,8,0,15,0,15,,103300,8,0,15,0,15,,103301,8,0,15,0,15,,103303,8,0,15,0,60,,103302,8,0,15,0,20,,103304,8,0,15,0,19,,103305,8,0,15,0,60,,103306,8,0,15,0,32,,103307,8,0,15,0,75,,103308,8,0,15,0
9501,'5462',657,,103309,8,0,15,0,70,,103310,8,0,15,0,20,,103311,8,0,15,0,60,,103312,8,0,15,0,20,,103313,8,0,15,0,15,,103314,8,0,15,0,15,,103315,8,0,15,0,55,,103316,8,0,15,0,15,,103317,8,0,15,0,15,,103318,8,0,15,0,15,,103319,8,0,15,0,55,,103320,8,0,15,0,15,,103325,8,0,15,0,15,,103321,8,0,15,0,15,,103322,8,0,15,0,55,,103323,8,0,15,0,15,,103326,8,0,15,0,16,,103327,8,0,15,0,15,,103324,8,0,15,0,55,,103328,8,0,15,0,15,,103329,8,0,15,0,15,,103330,8,0,15,0,15,,103331,8,0,15,0,55,,103332,8,0,15,0,15,,103333,8,0,15,0,16,,103334,8,0,15,0,15,,103335,8,0,15,0,55,,103336,8,0,15,0,15,,103337,8,0,15,0,15,,103338,8,0,15,0,15,,103339,8,0,15,0,55,,103340,8,0,15,0,15,,103341,8,0,15,0,16,,103342,8,0,15,0,13,,103343,8,0,15,0,52,,103344,8,0,15,0,11,,103345,8,0,15,0,13,,103346,8,0,15,0,12,,103347,8,0,15,0,12,,103348,8,0,15,0,53,,103349,8,0,15,0,12,,103350,8,0,15,0,12,,103351,8,0,15,0,12,,103352,8,0,15,0,54,,103353,8,0,15,0,15,,103354,8,0,15,0,14,,103355,8,0,15,0,15,,103356,8,0,15,0,14,,103357,8,0,15,0,55,,103358,8,0,15,0,15,,103359,8,0,15,0,15,,103360,8,0,15,0,15,,103361,8,0,15,0,55,,103362,8,0,15,0,15,,103363,8,0,15,0,15,,103364,8,0,15,0,15,,103365,8,0,15,0,55,,103366,8,0,15,0,15,,103367,8,0,15,0,15,,103368,8,0,15,0,15,,103370,8,0,15,0,60,,103369,8,0,15,0,20,,103371,8,0,15,0,19,,103372,8,0,15,0,60,,103373,8,0,15,0,32,,103374,8,0,15,0,75,,103375,8,0,15,0
9501,'5463',657,,103376,8,0,15,0,70,,103377,8,0,15,0,20,,103378,8,0,15,0,60,,103379,8,0,15,0,20,,103380,8,0,15,0,15,,103381,8,0,15,0,15,,103382,8,0,15,0,55,,103383,8,0,15,0,15,,103384,8,0,15,0,15,,103385,8,0,15,0,15,,103386,8,0,15,0,55,,103387,8,0,15,0,15,,103392,8,0,15,0,15,,103388,8,0,15,0,15,,103389,8,0,15,0,55,,103390,8,0,15,0,15,,103393,8,0,15,0,16,,103394,8,0,15,0,15,,103391,8,0,15,0,55,,103395,8,0,15,0,15,,103396,8,0,15,0,15,,103397,8,0,15,0,15,,103398,8,0,15,0,55,,103399,8,0,15,0,15,,103400,8,0,15,0,16,,103401,8,0,15,0,15,,103402,8,0,15,0,55,,103403,8,0,15,0,15,,103404,8,0,15,0,15,,103405,8,0,15,0,15,,103406,8,0,15,0,55,,103407,8,0,15,0,15,,103408,8,0,15,0,16,,103409,8,0,15,0,13,,103410,8,0,15,0,52,,103411,8,0,15,0,11,,103412,8,0,15,0,13,,103413,8,0,15,0,12,,103414,8,0,15,0,12,,103415,8,0,15,0,53,,103416,8,0,15,0,12,,103417,8,0,15,0,12,,103418,8,0,15,0,12,,103419,8,0,15,0,54,,103420,8,0,15,0,15,,103421,8,0,15,0,14,,103422,8,0,15,0,15,,103423,8,0,15,0,14,,103424,8,0,15,0,55,,103425,8,0,15,0,15,,103426,8,0,15,0,15,,103427,8,0,15,0,15,,103428,8,0,15,0,55,,103429,8,0,15,0,15,,103430,8,0,15,0,15,,103431,8,0,15,0,15,,103432,8,0,15,0,55,,103433,8,0,15,0,15,,103434,8,0,15,0,15,,103435,8,0,15,0,15,,103437,8,0,15,0,60,,103436,8,0,15,0,20,,103438,8,0,15,0,19,,103439,8,0,15,0,60,,103440,8,0,15,0,32,,103441,8,0,15,0,75,,103442,8,0,15,0
1007200,'5456',527,,103768,12,,,0
1007200,'5458',527,,103769,12,,,0
1007200,'5459',539,,103770,12,,,0,97,,103771,12,,,0
1007200,'5460',637,,103772,12,,,0
1007200,'5461',637,,103773,12,,,0
1007200,'5462',637,,103774,12,,,0
1007200,'5463',637,,103775,12,,,0
