700,'5456',614,,90072,32,0,5,0,28,,90093,32,0,5,0,17,,90073,32,0,5,0,55,,90098,32,0,5,0,16,,90083,32,0,5,0,13,,90105,32,0,5,0,57,,90077,32,0,5,0,16,,90102,32,0,5,0,20,,90076,32,0,5,0,18,,90113,32,0,5,0,58,,90091,32,0,5,0,20,,90074,32,0,5,0,21,,90097,32,0,5,0,60,,90107,32,0,5,0,20,,90075,32,0,5,0,20,,90078,32,0,5,0,60,,90111,32,0,5,0,20,,90092,32,0,5,0,21,,90079,32,0,5,0,60,,90099,32,0,5,0,20,,90104,32,0,5,0,20,,90081,32,0,5,0,60,,90082,32,0,5,0,17,,90116,32,0,5,0,19,,90112,32,0,5,0,56,,90094,32,0,5,0,15,,90080,32,0,5,0,18,,90118,32,0,5,0,18,,90100,32,0,5,0,57,,90106,32,0,5,0,15,,90119,32,0,5,0,5,,90086,32,0,5,0,18,,90087,32,0,5,0,58,,90115,32,0,5,0,18,,90114,32,0,5,0,18,,90095,32,0,5,0,59,,90084,32,0,5,0,19,,90117,32,0,5,0,18,,90101,32,0,5,0,16,,90108,32,0,5,0,56,,90085,32,0,5,0,16,,90096,32,0,5,0,71,,90109,32,0,5,0,30,,90088,32,0,5,0,73,,90103,32,0,5,0,29,,90089,32,0,5,0,70,,90110,32,0,5,0,30,,90090,32,0,5,0
700,'5458',614,,90120,32,0,5,0,28,,90141,32,0,5,0,17,,90121,32,0,5,0,55,,90146,32,0,5,0,16,,90131,32,0,5,0,13,,90153,32,0,5,0,57,,90125,32,0,5,0,16,,90150,32,0,5,0,20,,90124,32,0,5,0,18,,90161,32,0,5,0,58,,90139,32,0,5,0,20,,90122,32,0,5,0,21,,90145,32,0,5,0,60,,90155,32,0,5,0,20,,90123,32,0,5,0,20,,90126,32,0,5,0,60,,90159,32,0,5,0,20,,90140,32,0,5,0,21,,90127,32,0,5,0,60,,90147,32,0,5,0,20,,90152,32,0,5,0,20,,90129,32,0,5,0,60,,90130,32,0,5,0,17,,90164,32,0,5,0,19,,90160,32,0,5,0,56,,90142,32,0,5,0,15,,90128,32,0,5,0,18,,90166,32,0,5,0,18,,90148,32,0,5,0,57,,90154,32,0,5,0,15,,90167,32,0,5,0,5,,90134,32,0,5,0,18,,90135,32,0,5,0,58,,90163,32,0,5,0,18,,90162,32,0,5,0,18,,90143,32,0,5,0,59,,90132,32,0,5,0,19,,90165,32,0,5,0,18,,90149,32,0,5,0,16,,90156,32,0,5,0,56,,90133,32,0,5,0,16,,90144,32,0,5,0,71,,90157,32,0,5,0,30,,90136,32,0,5,0,73,,90151,32,0,5,0,29,,90137,32,0,5,0,70,,90158,32,0,5,0,30,,90138,32,0,5,0
700,'5459',703,,90189,32,0,5,0,45,,90196,32,0,5,0,80,,90179,32,0,5,0,29,,90190,32,0,5,0,79,,90171,32,0,5,0,70,,90191,32,0,5,0,31,,90174,32,0,5,0,71,,90182,32,0,5,0,30,,90168,32,0,5,0,71,,90169,32,0,5,0,30,,90192,32,0,5,0,70,,90175,32,0,5,0,30,,90183,32,0,5,0,68,,90170,32,0,5,0,32,,90172,32,0,5,0,70,,90193,32,0,5,0,30,,90176,32,0,5,0,70,,90184,32,0,5,0,30,,90173,32,0,5,0,70,,90178,32,0,5,0,31,,90194,32,0,5,0,70,,90177,32,0,5,0,28,,90186,32,0,5,0,69,,90181,32,0,5,0,28,,90180,32,0,5,0,70,,90195,32,0,5,0,30,,90185,32,0,5,0,68,,90187,32,0,5,0,30,,90188,32,0,5,0
700,'5460',728,,90213,32,0,5,0,75,,90215,32,0,5,0,45,,90201,32,0,5,0,77,,90214,32,0,5,0,82,,90216,32,0,5,0,30,,90197,32,0,5,0,70,,90202,32,0,5,0,30,,90204,32,0,5,0,69,,90199,32,0,5,0,31,,90203,32,0,5,0,70,,90200,32,0,5,0,30,,90198,32,0,5,0,70,,90205,32,0,5,0,30,,90206,32,0,5,0,70,,90207,32,0,5,0,30,,90208,32,0,5,0,70,,90210,32,0,5,0,30,,90209,32,0,5,0,70,,90212,32,0,5,0,30,,90211,32,0,5,0,70,,90217,32,0,5,0,28,,90220,32,0,5,0,70,,90219,32,0,5,0,30,,90218,32,0,5,0,70,,90222,32,0,5,0,30,,90221,32,0,5,0
700,'5461',728,,90239,32,0,5,0,75,,90241,32,0,5,0,45,,90227,32,0,5,0,77,,90240,32,0,5,0,82,,90242,32,0,5,0,30,,90223,32,0,5,0,70,,90228,32,0,5,0,30,,90230,32,0,5,0,69,,90225,32,0,5,0,31,,90229,32,0,5,0,70,,90226,32,0,5,0,30,,90224,32,0,5,0,70,,90231,32,0,5,0,30,,90232,32,0,5,0,70,,90233,32,0,5,0,30,,90234,32,0,5,0,70,,90236,32,0,5,0,30,,90235,32,0,5,0,70,,90238,32,0,5,0,30,,90237,32,0,5,0,70,,90243,32,0,5,0,28,,90246,32,0,5,0,70,,90245,32,0,5,0,30,,90244,32,0,5,0,70,,90248,32,0,5,0,30,,90247,32,0,5,0
700,'5462',728,,90265,32,0,5,0,75,,90267,32,0,5,0,45,,90253,32,0,5,0,77,,90266,32,0,5,0,82,,90268,32,0,5,0,30,,90249,32,0,5,0,70,,90254,32,0,5,0,30,,90256,32,0,5,0,69,,90251,32,0,5,0,31,,90255,32,0,5,0,70,,90252,32,0,5,0,30,,90250,32,0,5,0,70,,90257,32,0,5,0,30,,90258,32,0,5,0,70,,90259,32,0,5,0,30,,90260,32,0,5,0,70,,90262,32,0,5,0,30,,90261,32,0,5,0,70,,90264,32,0,5,0,30,,90263,32,0,5,0,70,,90269,32,0,5,0,28,,90272,32,0,5,0,70,,90271,32,0,5,0,30,,90270,32,0,5,0,70,,90274,32,0,5,0,30,,90273,32,0,5,0
700,'5463',728,,90291,32,0,5,0,75,,90293,32,0,5,0,45,,90279,32,0,5,0,77,,90292,32,0,5,0,82,,90294,32,0,5,0,30,,90275,32,0,5,0,70,,90280,32,0,5,0,30,,90282,32,0,5,0,69,,90277,32,0,5,0,31,,90281,32,0,5,0,70,,90278,32,0,5,0,30,,90276,32,0,5,0,70,,90283,32,0,5,0,30,,90284,32,0,5,0,70,,90285,32,0,5,0,30,,90286,32,0,5,0,70,,90288,32,0,5,0,30,,90287,32,0,5,0,70,,90290,32,0,5,0,30,,90289,32,0,5,0,70,,90295,32,0,5,0,28,,90298,32,0,5,0,70,,90297,32,0,5,0,30,,90296,32,0,5,0,70,,90300,32,0,5,0,30,,90299,32,0,5,0
14000700,'5456',2203,,103939,36,0,5,0,29,,103935,36,0,5,0,71,,103940,36,0,5,0,29,,103936,36,0,5,0,71,,103938,36,0,5,0,29,,103937,36,0,5,0
14000700,'5458',2203,,103945,36,0,5,0,29,,103941,36,0,5,0,71,,103946,36,0,5,0,29,,103942,36,0,5,0,71,,103944,36,0,5,0,29,,103943,36,0,5,0
14000700,'5459',2203,,103947,36,0,5,0,33,,103948,36,0,5,0,69,,103949,36,0,5,0,29,,103950,36,0,5,0,70,,103951,36,0,5,0,31,,103952,36,0,5,0
14000700,'5460',2105,,103953,36,0,5,0,31,,103954,36,0,5,0,69,,103955,36,0,5,0,100,,103956,36,0,5,0,97,,103957,36,0,5,0
14000700,'5461',2105,,103958,36,0,5,0,31,,103959,36,0,5,0,69,,103960,36,0,5,0,100,,103961,36,0,5,0,97,,103962,36,0,5,0
14000700,'5462',2105,,103963,36,0,5,0,31,,103964,36,0,5,0,69,,103965,36,0,5,0,100,,103966,36,0,5,0,97,,103967,36,0,5,0
14000700,'5463',2105,,103968,36,0,5,0,31,,103969,36,0,5,0,69,,103970,36,0,5,0,100,,103971,36,0,5,0,97,,103972,36,0,5,0
