601,'5456',538,,89704,9,,,0,15,,89705,9,,,0,68,,89706,9,,,0,24,,89707,9,,,0,55,,89718,9,,,0,14,,89708,9,,,0,6,,89725,9,,,0,15,,89709,9,,,0,16,,89712,9,,,0,52,,89719,9,,,0,18,,89710,9,,,0,18,,89711,9,,,0,17,,89713,9,,,0,57,,89732,9,,,0,20,,89714,9,,,0,22,,89723,9,,,0,63,,89715,9,,,0,23,,89716,9,,,0,63,,89717,9,,,0,24,,89720,9,,,0,24,,89721,9,,,0,64,,89722,9,,,0,25,,89724,9,,,0,65,,89726,9,,,0,23,,89727,9,,,0,21,,89728,9,,,0,60,,89729,9,,,0,19,,89730,9,,,0,20,,89731,9,,,0,58,,89733,9,,,0,16,,89734,9,,,0,11,,89735,9,,,0,20,,89736,9,,,0,59,,89737,9,,,0,19,,89738,9,,,0,22,,89739,9,,,0,62,,89740,9,,,0,26,,89741,9,,,0,64,,89742,9,,,0,12,,89743,9,,,0,25,,89744,9,,,0,71,,89745,9,,,0,33,,89746,9,,,0,77,,89748,9,,,0,18,,89747,9,,,0,76,,89750,9,,,0,22,,89749,9,,,0,90,,89751,9,,,0,100,,89752,9,,,0,73,,89754,9,,,0,31,,89753,9,,,0
601,'5458',538,,89756,9,,,0,15,,89757,9,,,0,68,,89758,9,,,0,24,,89759,9,,,0,55,,89770,9,,,0,14,,89760,9,,,0,6,,89777,9,,,0,15,,89761,9,,,0,16,,89764,9,,,0,52,,89771,9,,,0,18,,89762,9,,,0,18,,89763,9,,,0,17,,89765,9,,,0,57,,89784,9,,,0,20,,89766,9,,,0,22,,89775,9,,,0,63,,89767,9,,,0,23,,89768,9,,,0,63,,89769,9,,,0,24,,89772,9,,,0,24,,89773,9,,,0,64,,89774,9,,,0,25,,89776,9,,,0,65,,89778,9,,,0,23,,89779,9,,,0,21,,89780,9,,,0,60,,89781,9,,,0,19,,89782,9,,,0,20,,89783,9,,,0,58,,89785,9,,,0,16,,89786,9,,,0,11,,89787,9,,,0,20,,89788,9,,,0,59,,89789,9,,,0,19,,89790,9,,,0,22,,89791,9,,,0,62,,89792,9,,,0,26,,89793,9,,,0,64,,89794,9,,,0,12,,89795,9,,,0,25,,89796,9,,,0,71,,89797,9,,,0,33,,89798,9,,,0,77,,89800,9,,,0,18,,89799,9,,,0,76,,89802,9,,,0,22,,89801,9,,,0,90,,89803,9,,,0,100,,89804,9,,,0,73,,89806,9,,,0,31,,89805,9,,,0,70,,89808,9,,,0,30,,89810,9,,,0,71,,89807,9,,,0,30,,89809,9,,,0
601,'5459',558,,89814,9,,,0,63,,89815,9,,,0,20,,89812,9,,,0,77,,89816,9,,,0,16,,89817,9,,,0,19,,89818,9,,,0,73,,89819,9,,,0,14,,89820,9,,,0,15,,89821,9,,,0,67,,89822,9,,,0,13,,89823,9,,,0,13,,89813,9,,,0,62,,89824,9,,,0,12,,89825,9,,,0,12,,89826,9,,,0,24,,89828,9,,,0,51,,89829,9,,,0,12,,89827,9,,,0,24,,89830,9,,,0,11,,89831,9,,,0,52,,89832,9,,,0,23,,89839,9,,,0,12,,89833,9,,,0,12,,89834,9,,,0,64,,89835,9,,,0,10,,89836,9,,,0,11,,89837,9,,,0,60,,89840,9,,,0,10,,89841,9,,,0,11,,89842,9,,,0,21,,89838,9,,,0,11,,89843,9,,,0,50,,89848,9,,,0,21,,89844,9,,,0,10,,89845,9,,,0,10,,89846,9,,,0,61,,89847,9,,,0,10,,89849,9,,,0,10,,89850,9,,,0,11,,89851,9,,,0,64,,89852,9,,,0,13,,89853,9,,,0,12,,89854,9,,,0,13,,89855,9,,,0,65,,89856,9,,,0,12,,89857,9,,,0,13,,89858,9,,,0,15,,89859,9,,,0,70,,89860,9,,,0,16,,89861,9,,,0,15,,89862,9,,,0,77,,89863,9,,,0,18,,89864,9,,,0,76,,89865,9,,,0,18,,89866,9,,,0,82,,89867,9,,,0,25,,89868,9,,,0,96,,89869,9,,,0,66,,89870,9,,,0,31,,89871,9,,,0,70,,89872,9,,,0,30,,89873,9,,,0,71,,89874,9,,,0,29,,89875,9,,,0
601,'5460',639,,89913,9,,,0,95,,89887,9,,,0,84,,89896,9,,,0,19,,89886,9,,,0,79,,89912,9,,,0,16,,89901,9,,,0,15,,89923,9,,,0,70,,89876,9,,,0,16,,89915,9,,,0,15,,89903,9,,,0,70,,89885,9,,,0,15,,89878,9,,,0,12,,89877,9,,,0,64,,89905,9,,,0,12,,89880,9,,,0,12,,89881,9,,,0,12,,89895,9,,,0,64,,89879,9,,,0,12,,89920,9,,,0,12,,89904,9,,,0,12,,89884,9,,,0,64,,89894,9,,,0,12,,89883,9,,,0,12,,89882,9,,,0,12,,89918,9,,,0,64,,89890,9,,,0,13,,89891,9,,,0,12,,89893,9,,,0,12,,89892,9,,,0,65,,89919,9,,,0,12,,89898,9,,,0,12,,89888,9,,,0,12,,89889,9,,,0,64,,89924,9,,,0,12,,89900,9,,,0,13,,89916,9,,,0,16,,89897,9,,,0,70,,89902,9,,,0,19,,89899,9,,,0,18,,89910,9,,,0,77,,89907,9,,,0,18,,89906,9,,,0,74,,89908,9,,,0,17,,89909,9,,,0,75,,89914,9,,,0,20,,89917,9,,,0,97,,89911,9,,,0,71,,89922,9,,,0,50,,89921,9,,,0
601,'5461',639,,89962,9,,,0,95,,89936,9,,,0,84,,89945,9,,,0,19,,89935,9,,,0,79,,89961,9,,,0,16,,89950,9,,,0,15,,89972,9,,,0,70,,89925,9,,,0,16,,89964,9,,,0,15,,89952,9,,,0,70,,89934,9,,,0,15,,89927,9,,,0,12,,89926,9,,,0,64,,89954,9,,,0,12,,89929,9,,,0,12,,89930,9,,,0,12,,89944,9,,,0,64,,89928,9,,,0,12,,89969,9,,,0,12,,89953,9,,,0,12,,89933,9,,,0,64,,89943,9,,,0,12,,89932,9,,,0,12,,89931,9,,,0,12,,89967,9,,,0,64,,89939,9,,,0,13,,89940,9,,,0,12,,89942,9,,,0,12,,89941,9,,,0,65,,89968,9,,,0,12,,89947,9,,,0,12,,89937,9,,,0,12,,89938,9,,,0,64,,89973,9,,,0,12,,89949,9,,,0,13,,89965,9,,,0,16,,89946,9,,,0,70,,89951,9,,,0,19,,89948,9,,,0,18,,89959,9,,,0,77,,89956,9,,,0,18,,89955,9,,,0,74,,89957,9,,,0,17,,89958,9,,,0,75,,89963,9,,,0,20,,89966,9,,,0,97,,89960,9,,,0,71,,89971,9,,,0,50,,89970,9,,,0
601,'5462',639,,90011,9,,,0,95,,89985,9,,,0,84,,89994,9,,,0,19,,89984,9,,,0,79,,90010,9,,,0,16,,89999,9,,,0,15,,90021,9,,,0,70,,89974,9,,,0,16,,90013,9,,,0,15,,90001,9,,,0,70,,89983,9,,,0,15,,89976,9,,,0,12,,89975,9,,,0,64,,90003,9,,,0,12,,89978,9,,,0,12,,89979,9,,,0,12,,89993,9,,,0,64,,89977,9,,,0,12,,90018,9,,,0,12,,90002,9,,,0,12,,89982,9,,,0,64,,89992,9,,,0,12,,89981,9,,,0,12,,89980,9,,,0,12,,90016,9,,,0,64,,89988,9,,,0,13,,89989,9,,,0,12,,89991,9,,,0,12,,89990,9,,,0,65,,90017,9,,,0,12,,89996,9,,,0,12,,89986,9,,,0,12,,89987,9,,,0,64,,90022,9,,,0,12,,89998,9,,,0,13,,90014,9,,,0,16,,89995,9,,,0,70,,90000,9,,,0,19,,89997,9,,,0,18,,90008,9,,,0,77,,90005,9,,,0,18,,90004,9,,,0,74,,90006,9,,,0,17,,90007,9,,,0,75,,90012,9,,,0,20,,90015,9,,,0,97,,90009,9,,,0,71,,90020,9,,,0,50,,90019,9,,,0
601,'5463',639,,90060,9,,,0,95,,90034,9,,,0,84,,90043,9,,,0,19,,90033,9,,,0,79,,90059,9,,,0,16,,90048,9,,,0,15,,90070,9,,,0,70,,90023,9,,,0,16,,90062,9,,,0,15,,90050,9,,,0,70,,90032,9,,,0,15,,90025,9,,,0,12,,90024,9,,,0,64,,90052,9,,,0,12,,90027,9,,,0,12,,90028,9,,,0,12,,90042,9,,,0,64,,90026,9,,,0,12,,90067,9,,,0,12,,90051,9,,,0,12,,90031,9,,,0,64,,90041,9,,,0,12,,90030,9,,,0,12,,90029,9,,,0,12,,90065,9,,,0,64,,90037,9,,,0,13,,90038,9,,,0,12,,90040,9,,,0,12,,90039,9,,,0,65,,90066,9,,,0,12,,90045,9,,,0,12,,90035,9,,,0,12,,90036,9,,,0,64,,90071,9,,,0,12,,90047,9,,,0,13,,90063,9,,,0,16,,90044,9,,,0,70,,90049,9,,,0,19,,90046,9,,,0,18,,90057,9,,,0,77,,90054,9,,,0,18,,90053,9,,,0,74,,90055,9,,,0,17,,90056,9,,,0,75,,90061,9,,,0,20,,90064,9,,,0,97,,90058,9,,,0,71,,90069,9,,,0,50,,90068,9,,,0
1700,'5456',807,,93601,19,,,0
1700,'5458',807,,93602,19,,,0
1701,'5456',1518,,93603,21,,,0
1701,'5458',1518,,93604,21,,,0
1000601,'5456',607,,103577,17,,,0,47,,103581,17,,,0,73,,103587,17,,,0,29,,103578,17,,,0,74,,103584,17,,,0,75,,103579,17,,,0,39,,103580,17,,,0,86,,103582,17,,,0,86,,103585,17,,,0,88,,103583,17,,,0,50,,103586,17,,,0,86,,103589,17,,,0,80,,103591,17,,,0,39,,103588,17,,,0,85,,103590,17,,,0,76,,103592,17,,,0,84,,103593,17,,,0,49,,103594,17,,,0,105,,103595,17,,,0,147,,103596,17,,,0,54,,103597,17,,,0,100,,103598,17,,,0,141,,103599,17,,,0
1000601,'5458',607,,103600,17,,,0,47,,103604,17,,,0,73,,103610,17,,,0,29,,103601,17,,,0,74,,103607,17,,,0,75,,103602,17,,,0,39,,103603,17,,,0,86,,103605,17,,,0,86,,103608,17,,,0,88,,103606,17,,,0,50,,103609,17,,,0,86,,103612,17,,,0,80,,103614,17,,,0,39,,103611,17,,,0,85,,103613,17,,,0,76,,103615,17,,,0,84,,103616,17,,,0,49,,103617,17,,,0,105,,103618,17,,,0,147,,103619,17,,,0,54,,103620,17,,,0,100,,103621,17,,,0,141,,103622,17,,,0
1000601,'5459',700,,103623,17,,,0,110,,103624,17,,,0,99,,103625,17,,,0,49,,103626,17,,,0,88,,103627,17,,,0,87,,103628,17,,,0,87,,103629,17,,,0,88,,103630,17,,,0,42,,103632,17,,,0,82,,103631,17,,,0,82,,103633,17,,,0,42,,103634,17,,,0,93,,103635,17,,,0,100,,103636,17,,,0,109,,103637,17,,,0,143,,103638,17,,,0,54,,103639,17,,,0,99,,103640,17,,,0,150,,103641,17,,,0
1000601,'5460',708,,103649,17,,,0,50,,103655,17,,,0,97,,103643,17,,,0,147,,103647,17,,,0,101,,103642,17,,,0,54,,103657,17,,,0,100,,103644,17,,,0,100,,103645,17,,,0,100,,103651,17,,,0,101,,103648,17,,,0,101,,103646,17,,,0,148,,103650,17,,,0,110,,103652,17,,,0,93,,103654,17,,,0,91,,103653,17,,,0,108,,103656,17,,,0
1000601,'5461',708,,103665,17,,,0,50,,103671,17,,,0,97,,103659,17,,,0,147,,103663,17,,,0,101,,103658,17,,,0,54,,103673,17,,,0,100,,103660,17,,,0,100,,103661,17,,,0,100,,103667,17,,,0,101,,103664,17,,,0,101,,103662,17,,,0,148,,103666,17,,,0,110,,103668,17,,,0,93,,103670,17,,,0,91,,103669,17,,,0,108,,103672,17,,,0
1000601,'5462',708,,103681,17,,,0,50,,103687,17,,,0,97,,103675,17,,,0,147,,103679,17,,,0,101,,103674,17,,,0,54,,103689,17,,,0,100,,103676,17,,,0,100,,103677,17,,,0,100,,103683,17,,,0,101,,103680,17,,,0,101,,103678,17,,,0,148,,103682,17,,,0,110,,103684,17,,,0,93,,103686,17,,,0,91,,103685,17,,,0,108,,103688,17,,,0
1000601,'5463',708,,103697,17,,,0,50,,103703,17,,,0,97,,103691,17,,,0,147,,103695,17,,,0,101,,103690,17,,,0,54,,103705,17,,,0,100,,103692,17,,,0,100,,103693,17,,,0,100,,103699,17,,,0,101,,103696,17,,,0,101,,103694,17,,,0,148,,103698,17,,,0,110,,103700,17,,,0,93,,103702,17,,,0,91,,103701,17,,,0,108,,103704,17,,,0
2000601,'5456',633,,103898,12,,,0,74,,103897,12,,,0,37,,103909,12,,,0,68,,103900,12,,,0,36,,103907,12,,,0,73,,103899,12,,,0,87,,103901,12,,,0,46,,103902,12,,,0,86,,103903,12,,,0,89,,103904,12,,,0,89,,103905,12,,,0,82,,103906,12,,,0,39,,103908,12,,,0,77,,103911,12,,,0,87,,103910,12,,,0,40,,103912,12,,,0,86,,103913,12,,,0,102,,103914,12,,,0,98,,103915,12,,,0
2000601,'5458',633,,103917,12,,,0,74,,103916,12,,,0,37,,103928,12,,,0,68,,103919,12,,,0,36,,103926,12,,,0,73,,103918,12,,,0,87,,103920,12,,,0,46,,103921,12,,,0,86,,103922,12,,,0,89,,103923,12,,,0,89,,103924,12,,,0,82,,103925,12,,,0,39,,103927,12,,,0,77,,103930,12,,,0,87,,103929,12,,,0,40,,103931,12,,,0,86,,103932,12,,,0,102,,103933,12,,,0,98,,103934,12,,,0
