7201,'5456',558,,101280,36,,,0,80,,101283,36,,,0,71,,101281,36,,,0,32,,101285,36,,,0,72,,101295,36,,,0,21,,101290,36,,,0,67,,101282,36,,,0,30,,101284,36,,,0,70,,101288,36,,,0,30,,101286,36,,,0,70,,101287,36,,,0,33,,101294,36,,,0,70,,101289,36,,,0,30,,101291,36,,,0,71,,101292,36,,,0,30,,101299,36,,,0,70,,101302,36,,,0,31,,101293,36,,,0,71,,101304,36,,,0,30,,101308,36,,,0,71,,101296,36,,,0,27,,101297,36,,,0,70,,101303,36,,,0,31,,101311,36,,,0,70,,101298,36,,,0,27,,101305,36,,,0,70,,101307,36,,,0,29,,101300,36,,,0,70,,101301,36,,,0,30,,101310,36,,,0,70,,101312,36,,,0,30,,101306,36,,,0
7201,'5457',1446,,101313,32,,,0
7201,'5458',558,,101314,36,,,0,80,,101317,36,,,0,71,,101315,36,,,0,32,,101319,36,,,0,72,,101330,36,,,0,21,,101324,36,,,0,67,,101316,36,,,0,30,,101318,36,,,0,70,,101322,36,,,0,30,,101320,36,,,0,70,,101321,36,,,0,33,,101329,36,,,0,70,,101323,36,,,0,30,,101325,36,,,0,71,,101326,36,,,0,30,,101334,36,,,0,70,,101337,36,,,0,31,,101328,36,,,0,10,,101327,32,,,0,61,,101339,36,,,0,30,,101343,36,,,0,71,,101331,36,,,0,27,,101332,36,,,0,70,,101338,36,,,0,31,,101346,36,,,0,70,,101333,36,,,0,27,,101340,36,,,0,70,,101342,36,,,0,29,,101335,36,,,0,70,,101336,36,,,0,30,,101345,36,,,0,70,,101347,36,,,0,30,,101341,36,,,0
7201,'5459',625,,101376,36,,,0,103,,101349,36,,,0,99,,101350,36,,,0,73,,101351,36,,,0,31,,101352,36,,,0,70,,101353,36,,,0,31,,101354,36,,,0,70,,101355,36,,,0,31,,101356,36,,,0,70,,101357,36,,,0,30,,101348,36,,,0,70,,101358,36,,,0,30,,101359,36,,,0,71,,101360,36,,,0,34,,101361,36,,,0,71,,101362,36,,,0,29,,101363,36,,,0,71,,101364,36,,,0,29,,101365,36,,,0,66,,101366,36,,,0,27,,101367,36,,,0,70,,101368,36,,,0,29,,101369,36,,,0,70,,101370,36,,,0,29,,101371,36,,,0,30,,101372,36,,,0,71,,101373,36,,,0,29,,101374,36,,,0,70,,101375,36,,,0
7201,'5460',727,,101378,36,,,0,100,,101379,36,,,0,100,,101380,36,,,0,106,,101381,36,,,0,100,,101383,36,,,0,70,,101384,36,,,0,30,,101377,36,,,0,69,,101382,36,,,0,30,,101385,36,,,0,70,,101387,36,,,0,30,,101388,36,,,0,71,,101389,36,,,0,30,,101386,36,,,0,70,,101390,36,,,0,29,,101391,36,,,0,70,,101392,36,,,0,34,,101393,36,,,0,68,,101394,36,,,0,31,,101395,36,,,0,70,,101396,36,,,0,30,,101398,36,,,0,69,,101397,36,,,0,30,,101399,36,,,0,70,,101400,36,,,0,30,,101401,36,,,0
7201,'5461',727,,101403,36,,,0,100,,101404,36,,,0,100,,101405,36,,,0,106,,101406,36,,,0,100,,101408,36,,,0,70,,101409,36,,,0,30,,101402,36,,,0,69,,101407,36,,,0,30,,101410,36,,,0,70,,101412,36,,,0,30,,101413,36,,,0,71,,101414,36,,,0,30,,101411,36,,,0,70,,101415,36,,,0,29,,101416,36,,,0,70,,101417,36,,,0,34,,101418,36,,,0,68,,101419,36,,,0,31,,101420,36,,,0,70,,101421,36,,,0,30,,101423,36,,,0,69,,101422,36,,,0,30,,101424,36,,,0,70,,101425,36,,,0,30,,101426,36,,,0
7201,'5462',727,,101428,36,,,0,100,,101429,36,,,0,100,,101430,36,,,0,106,,101431,36,,,0,100,,101433,36,,,0,70,,101434,36,,,0,30,,101427,36,,,0,69,,101432,36,,,0,30,,101435,36,,,0,70,,101437,36,,,0,30,,101438,36,,,0,71,,101439,36,,,0,30,,101436,36,,,0,70,,101440,36,,,0,29,,101441,36,,,0,70,,101442,36,,,0,34,,101443,36,,,0,68,,101444,36,,,0,31,,101445,36,,,0,70,,101446,36,,,0,30,,101448,36,,,0,69,,101447,36,,,0,30,,101449,36,,,0,70,,101450,36,,,0,30,,101451,36,,,0
7201,'5463',727,,101453,36,,,0,100,,101454,36,,,0,100,,101455,36,,,0,106,,101456,36,,,0,100,,101458,36,,,0,70,,101459,36,,,0,30,,101452,36,,,0,69,,101457,36,,,0,30,,101460,36,,,0,70,,101462,36,,,0,30,,101463,36,,,0,71,,101464,36,,,0,30,,101461,36,,,0,70,,101465,36,,,0,29,,101466,36,,,0,70,,101467,36,,,0,34,,101468,36,,,0,68,,101469,36,,,0,31,,101470,36,,,0,70,,101471,36,,,0,30,,101473,36,,,0,69,,101472,36,,,0,30,,101474,36,,,0,70,,101475,36,,,0,30,,101476,36,,,0
1007201,'5456',2237,,103776,39,,,0,99,,103778,39,,,0,99,,103777,39,,,0
1007201,'5458',2237,,103779,39,,,0,99,,103781,39,,,0,99,,103780,39,,,0
1007201,'5459',2238,,103782,39,,,0,98,,103783,39,,,0,99,,103784,39,,,0
1007201,'5460',2237,,103785,39,,,0,99,,103786,39,,,0
1007201,'5461',2237,,103787,39,,,0,99,,103788,39,,,0
1007201,'5462',2237,,103789,39,,,0,99,,103790,39,,,0
1007201,'5463',2237,,103791,39,,,0,99,,103792,39,,,0
