700,'5456',608,,90072,23,0,5,0,28,,90093,23,0,5,0,17,,90073,23,0,5,0,54,,90098,23,0,5,0,16,,90083,23,0,5,0,13,,90105,23,0,5,0,17,,90077,23,0,5,0,55,,90102,23,0,5,0,20,,90076,23,0,5,0,18,,90113,23,0,5,0,58,,90091,23,0,5,0,21,,90074,23,0,5,0,21,,90097,23,0,5,0,60,,90107,23,0,5,0,20,,90075,23,0,5,0,20,,90078,23,0,5,0,60,,90111,23,0,5,0,20,,90092,23,0,5,0,20,,90079,23,0,5,0,60,,90099,23,0,5,0,20,,90104,23,0,5,0,20,,90081,23,0,5,0,60,,90082,23,0,5,0,17,,90116,23,0,5,0,19,,90112,23,0,5,0,16,,90094,23,0,5,0,55,,90080,23,0,5,0,18,,90118,23,0,5,0,18,,90100,23,0,5,0,57,,90106,23,0,5,0,15,,90119,23,0,5,0,5,,90086,23,0,5,0,18,,90087,23,0,5,0,58,,90115,23,0,5,0,18,,90114,23,0,5,0,18,,90095,23,0,5,0,19,,90084,23,0,5,0,59,,90117,23,0,5,0,18,,90101,23,0,5,0,16,,90108,23,0,5,0,58,,90085,23,0,5,0,16,,90096,23,0,5,0,31,,90109,23,0,5,0,70,,90088,23,0,5,0,33,,90103,23,0,5,0,69,,90089,23,0,5,0,30,,90110,23,0,5,0,70,,90090,23,0,5,0
700,'5458',608,,90120,23,0,5,0,28,,90141,23,0,5,0,17,,90121,23,0,5,0,54,,90146,23,0,5,0,16,,90131,23,0,5,0,13,,90153,23,0,5,0,17,,90125,23,0,5,0,55,,90150,23,0,5,0,20,,90124,23,0,5,0,18,,90161,23,0,5,0,58,,90139,23,0,5,0,21,,90122,23,0,5,0,21,,90145,23,0,5,0,60,,90155,23,0,5,0,20,,90123,23,0,5,0,20,,90126,23,0,5,0,60,,90159,23,0,5,0,20,,90140,23,0,5,0,20,,90127,23,0,5,0,60,,90147,23,0,5,0,20,,90152,23,0,5,0,20,,90129,23,0,5,0,60,,90130,23,0,5,0,17,,90164,23,0,5,0,19,,90160,23,0,5,0,16,,90142,23,0,5,0,55,,90128,23,0,5,0,18,,90166,23,0,5,0,18,,90148,23,0,5,0,57,,90154,23,0,5,0,15,,90167,23,0,5,0,5,,90134,23,0,5,0,18,,90135,23,0,5,0,58,,90163,23,0,5,0,18,,90162,23,0,5,0,18,,90143,23,0,5,0,19,,90132,23,0,5,0,59,,90165,23,0,5,0,18,,90149,23,0,5,0,16,,90156,23,0,5,0,58,,90133,23,0,5,0,16,,90144,23,0,5,0,31,,90157,23,0,5,0,70,,90136,23,0,5,0,33,,90151,23,0,5,0,69,,90137,23,0,5,0,30,,90158,23,0,5,0,70,,90138,23,0,5,0
700,'5459',656,,90189,23,0,5,0,85,,90196,23,0,5,0,80,,90179,23,0,5,0,29,,90190,23,0,5,0,79,,90171,23,0,5,0,30,,90191,23,0,5,0,70,,90174,23,0,5,0,71,,90182,23,0,5,0,30,,90168,23,0,5,0,71,,90169,23,0,5,0,30,,90192,23,0,5,0,70,,90175,23,0,5,0,30,,90183,23,0,5,0,28,,90170,23,0,5,0,72,,90172,23,0,5,0,70,,90193,23,0,5,0,30,,90176,23,0,5,0,71,,90184,23,0,5,0,30,,90173,23,0,5,0,70,,90178,23,0,5,0,31,,90194,23,0,5,0,70,,90177,23,0,5,0,28,,90186,23,0,5,0,69,,90181,23,0,5,0,28,,90180,23,0,5,0,30,,90195,23,0,5,0,70,,90185,23,0,5,0,28,,90187,23,0,5,0,70,,90188,23,0,5,0
700,'5460',722,,90213,23,0,5,0,35,,90215,23,0,5,0,84,,90201,23,0,5,0,77,,90214,23,0,5,0,82,,90216,23,0,5,0,30,,90197,23,0,5,0,70,,90202,23,0,5,0,30,,90204,23,0,5,0,29,,90199,23,0,5,0,71,,90203,23,0,5,0,70,,90200,23,0,5,0,30,,90198,23,0,5,0,70,,90205,23,0,5,0,30,,90206,23,0,5,0,70,,90207,23,0,5,0,30,,90208,23,0,5,0,70,,90210,23,0,5,0,30,,90209,23,0,5,0,70,,90212,23,0,5,0,30,,90211,23,0,5,0,70,,90217,23,0,5,0,28,,90220,23,0,5,0,30,,90219,23,0,5,0,70,,90218,23,0,5,0,30,,90222,23,0,5,0,71,,90221,23,0,5,0
700,'5461',722,,90239,23,0,5,0,35,,90241,23,0,5,0,84,,90227,23,0,5,0,77,,90240,23,0,5,0,82,,90242,23,0,5,0,30,,90223,23,0,5,0,70,,90228,23,0,5,0,30,,90230,23,0,5,0,29,,90225,23,0,5,0,71,,90229,23,0,5,0,70,,90226,23,0,5,0,30,,90224,23,0,5,0,70,,90231,23,0,5,0,30,,90232,23,0,5,0,70,,90233,23,0,5,0,30,,90234,23,0,5,0,70,,90236,23,0,5,0,30,,90235,23,0,5,0,70,,90238,23,0,5,0,30,,90237,23,0,5,0,70,,90243,23,0,5,0,28,,90246,23,0,5,0,30,,90245,23,0,5,0,70,,90244,23,0,5,0,30,,90248,23,0,5,0,71,,90247,23,0,5,0
700,'5462',722,,90265,23,0,5,0,35,,90267,23,0,5,0,84,,90253,23,0,5,0,77,,90266,23,0,5,0,82,,90268,23,0,5,0,30,,90249,23,0,5,0,70,,90254,23,0,5,0,30,,90256,23,0,5,0,29,,90251,23,0,5,0,71,,90255,23,0,5,0,70,,90252,23,0,5,0,30,,90250,23,0,5,0,70,,90257,23,0,5,0,30,,90258,23,0,5,0,70,,90259,23,0,5,0,30,,90260,23,0,5,0,70,,90262,23,0,5,0,30,,90261,23,0,5,0,70,,90264,23,0,5,0,30,,90263,23,0,5,0,70,,90269,23,0,5,0,28,,90272,23,0,5,0,30,,90271,23,0,5,0,70,,90270,23,0,5,0,30,,90274,23,0,5,0,71,,90273,23,0,5,0
700,'5463',722,,90291,23,0,5,0,35,,90293,23,0,5,0,84,,90279,23,0,5,0,77,,90292,23,0,5,0,82,,90294,23,0,5,0,30,,90275,23,0,5,0,70,,90280,23,0,5,0,30,,90282,23,0,5,0,29,,90277,23,0,5,0,71,,90281,23,0,5,0,70,,90278,23,0,5,0,30,,90276,23,0,5,0,70,,90283,23,0,5,0,30,,90284,23,0,5,0,70,,90285,23,0,5,0,30,,90286,23,0,5,0,70,,90288,23,0,5,0,30,,90287,23,0,5,0,70,,90290,23,0,5,0,30,,90289,23,0,5,0,70,,90295,23,0,5,0,28,,90298,23,0,5,0,30,,90297,23,0,5,0,70,,90296,23,0,5,0,30,,90300,23,0,5,0,71,,90299,23,0,5,0
14000700,'5456',2155,,103939,23,0,5,0,70,,103935,23,0,5,0,32,,103940,23,0,5,0,69,,103936,23,0,5,0,31,,103938,23,0,5,0,69,,103937,23,0,5,0
14000700,'5458',2155,,103945,23,0,5,0,70,,103941,23,0,5,0,32,,103946,23,0,5,0,69,,103942,23,0,5,0,31,,103944,23,0,5,0,69,,103943,23,0,5,0
14000700,'5459',2154,,103947,23,0,5,0,74,,103948,23,0,5,0,30,,103949,23,0,5,0,69,,103950,23,0,5,0,30,,103951,23,0,5,0,71,,103952,23,0,5,0
14000700,'5460',2057,,103953,23,0,5,0,71,,103954,23,0,5,0,30,,103955,23,0,5,0,100,,103956,23,0,5,0,98,,103957,23,0,5,0
14000700,'5461',2057,,103958,23,0,5,0,71,,103959,23,0,5,0,30,,103960,23,0,5,0,100,,103961,23,0,5,0,98,,103962,23,0,5,0
14000700,'5462',2057,,103963,23,0,5,0,71,,103964,23,0,5,0,30,,103965,23,0,5,0,100,,103966,23,0,5,0,98,,103967,23,0,5,0
14000700,'5463',2057,,103968,23,0,5,0,71,,103969,23,0,5,0,30,,103970,23,0,5,0,100,,103971,23,0,5,0,98,,103972,23,0,5,0
