8301,'5456',653,,102090,4,,,0,95,,102088,4,,,0,210,,102089,4,,,0,181,,102092,4,,,0,195,,102091,4,,,0,210,,102093,4,,,0,214,,102094,4,,,0,200,,102095,4,,,0
8301,'5458',653,,102098,4,,,0,95,,102096,4,,,0,210,,102097,4,,,0,181,,102100,4,,,0,195,,102099,4,,,0,210,,102101,4,,,0,214,,102102,4,,,0,200,,102103,4,,,0
8301,'5459',934,,102107,4,,,0,300,,102105,4,,,0,305,,102106,4,,,0,300,,102104,4,,,0
8301,'5460',933,,102110,4,,,0,300,,102111,4,,,0,305,,102109,4,,,0,300,,102108,4,,,0
8301,'5461',933,,102114,4,,,0,300,,102115,4,,,0,305,,102113,4,,,0,300,,102112,4,,,0
8301,'5462',933,,102118,4,,,0,300,,102119,4,,,0,305,,102117,4,,,0,300,,102116,4,,,0
8301,'5463',933,,102122,4,,,0,300,,102123,4,,,0,305,,102121,4,,,0,300,,102120,4,,,0
8500,'5456',634,,102124,4,,,0,97,,102125,4,,,0,200,,102126,4,,,0,200,,102127,4,,,0,200,,102128,4,,,0,200,,102129,4,,,0,200,,102130,4,,,0,200,,102131,4,,,0
8500,'5458',634,,102132,4,,,0,97,,102133,4,,,0,200,,102134,4,,,0,200,,102135,4,,,0,200,,102136,4,,,0,200,,102137,4,,,0,200,,102138,4,,,0,200,,102139,4,,,0
8500,'5459',839,,102141,4,,,0,300,,102142,4,,,0,306,,102143,4,,,0,299,,102140,4,,,0
8500,'5460',839,,102146,4,,,0,300,,102147,4,,,0,306,,102144,4,,,0,299,,102145,4,,,0
8500,'5461',839,,102150,4,,,0,300,,102151,4,,,0,306,,102148,4,,,0,299,,102149,4,,,0
8500,'5462',839,,102154,4,,,0,300,,102155,4,,,0,306,,102152,4,,,0,299,,102153,4,,,0
8500,'5463',839,,102158,4,,,0,300,,102159,4,,,0,306,,102156,4,,,0,299,,102157,4,,,0
8700,'5456',742,,102160,35,,,0,201,,102161,35,,,0,200,,102162,35,,,0,205,,102164,28,,,0,195,,102165,35,,,0,202,,102166,35,,,0
8700,'5458',742,,102167,35,,,0,201,,102168,35,,,0,200,,102169,35,,,0,205,,102171,28,,,0,195,,102172,35,,,0,202,,102173,35,,,0
8701,'5456',623,,102174,4,,,0,197,,102175,4,,,0,201,,102176,4,,,0,199,,102177,4,,,0,199,,102178,4,,,0,203,,102179,4,,,0
8701,'5458',623,,102180,4,,,0,197,,102181,4,,,0,201,,102182,4,,,0,199,,102183,4,,,0,199,,102184,4,,,0,203,,102185,4,,,0
8800,'5456',843,,102186,9,,,0,200,,102187,9,,,0,200,,102188,9,,,0,200,,102189,9,,,0,200,,102190,9,,,0,207,,102191,9,,,0
8800,'5458',843,,102192,9,,,0,200,,102193,9,,,0,200,,102194,9,,,0,200,,102195,9,,,0,200,,102196,9,,,0,207,,102197,9,,,0
8800,'5459',818,,102206,9,,,0,98,,102207,9,,,0,100,,102208,9,,,0,100,,102209,9,,,0,100,,102210,9,,,0,99,,102211,9,,,0,100,,102202,9,,,0,100,,102203,9,,,0,100,,102204,9,,,0,100,,102205,9,,,0,98,,102199,9,,,0,100,,102200,9,,,0,102,,102201,9,,,0,100,,102198,9,,,0
8800,'5460',818,,102217,9,,,0,94,,102218,9,,,0,100,,102219,9,,,0,101,,102220,9,,,0,101,,102221,9,,,0,100,,102222,9,,,0,99,,102213,9,,,0,99,,102214,9,,,0,100,,102215,9,,,0,101,,102216,9,,,0,102,,102224,9,,,0,99,,102225,9,,,0,100,,102212,9,,,0,98,,102223,9,,,0
8800,'5461',818,,102231,9,,,0,94,,102232,9,,,0,100,,102233,9,,,0,101,,102234,9,,,0,101,,102235,9,,,0,100,,102236,9,,,0,99,,102227,9,,,0,99,,102228,9,,,0,100,,102229,9,,,0,101,,102230,9,,,0,102,,102238,9,,,0,99,,102239,9,,,0,100,,102226,9,,,0,98,,102237,9,,,0
8800,'5462',818,,102245,9,,,0,94,,102246,9,,,0,100,,102247,9,,,0,101,,102248,9,,,0,101,,102249,9,,,0,100,,102250,9,,,0,99,,102241,9,,,0,99,,102242,9,,,0,100,,102243,9,,,0,101,,102244,9,,,0,102,,102252,9,,,0,99,,102253,9,,,0,100,,102240,9,,,0,98,,102251,9,,,0
8800,'5463',818,,102259,9,,,0,94,,102260,9,,,0,100,,102261,9,,,0,101,,102262,9,,,0,101,,102263,9,,,0,100,,102264,9,,,0,99,,102255,9,,,0,99,,102256,9,,,0,100,,102257,9,,,0,101,,102258,9,,,0,102,,102266,9,,,0,99,,102267,9,,,0,100,,102254,9,,,0,98,,102265,9,,,0
8801,'5456',713,,102268,4,,,0,200,,102269,4,,,0,200,,102270,4,,,0,199,,102271,4,,,0,200,,102272,4,,,0,206,,102273,4,,,0,103,,102274,4,,,0
8801,'5458',713,,102275,4,,,0,200,,102276,4,,,0,200,,102277,4,,,0,199,,102278,4,,,0,200,,102279,4,,,0,206,,102280,4,,,0,103,,102281,4,,,0
8801,'5459',748,,102292,4,,,0,99,,102293,4,,,0,99,,102294,4,,,0,100,,102295,4,,,0,98,,102286,4,,,0,100,,102287,4,,,0,100,,102289,4,,,0,100,,102290,4,,,0,102,,102288,4,,,0,100,,102291,4,,,0,98,,102283,4,,,0,100,,102284,4,,,0,102,,102285,4,,,0,100,,102282,4,,,0
8801,'5460',749,,102304,4,,,0,94,,102305,4,,,0,100,,102306,4,,,0,100,,102307,4,,,0,100,,102308,4,,,0,100,,102309,4,,,0,99,,102299,4,,,0,100,,102300,4,,,0,101,,102301,4,,,0,101,,102302,4,,,0,102,,102303,4,,,0,99,,102297,4,,,0,100,,102298,4,,,0,98,,102296,4,,,0
8801,'5461',749,,102318,4,,,0,94,,102319,4,,,0,100,,102320,4,,,0,100,,102321,4,,,0,100,,102322,4,,,0,100,,102323,4,,,0,99,,102313,4,,,0,100,,102314,4,,,0,101,,102315,4,,,0,101,,102316,4,,,0,102,,102317,4,,,0,99,,102311,4,,,0,100,,102312,4,,,0,98,,102310,4,,,0
8801,'5462',749,,102332,4,,,0,94,,102333,4,,,0,100,,102334,4,,,0,100,,102335,4,,,0,100,,102336,4,,,0,100,,102337,4,,,0,99,,102327,4,,,0,100,,102328,4,,,0,101,,102329,4,,,0,101,,102330,4,,,0,102,,102331,4,,,0,99,,102325,4,,,0,100,,102326,4,,,0,98,,102324,4,,,0
8801,'5463',749,,102346,4,,,0,94,,102347,4,,,0,100,,102348,4,,,0,100,,102349,4,,,0,100,,102350,4,,,0,100,,102351,4,,,0,99,,102341,4,,,0,100,,102342,4,,,0,101,,102343,4,,,0,101,,102344,4,,,0,102,,102345,4,,,0,99,,102339,4,,,0,100,,102340,4,,,0,98,,102338,4,,,0
