5400,'4832',703,,73472,2,,,0,202,,85356,2,,,0,212,,85357,2,,,0,207,,85358,2,,,0,205,,85355,2,,,0,210,,73477,2,,,0,203,,73478,2,,,0
5400,'5453',703,,85359,2,,,0,202,,85361,2,,,0,212,,85362,2,,,0,207,,85363,2,,,0,205,,85360,2,,,0,210,,80882,2,,,0,203,,80883,2,,,0
5400,'5456',605,,99287,2,,,0,99,,99290,2,,,0,130,,99289,2,,,0,204,,99288,2,,,0,176,,99291,2,,,0,201,,99295,2,,,0,105,,99293,2,,,0,196,,99294,2,,,0,193,,99296,2,,,0,192,,99292,2,,,0
5400,'5458',605,,99297,2,,,0,99,,99300,2,,,0,130,,99299,2,,,0,204,,99298,2,,,0,176,,99301,2,,,0,201,,99305,2,,,0,105,,99303,2,,,0,196,,99304,2,,,0,193,,99306,2,,,0,192,,99302,2,,,0
5400,'5459',703,,99313,2,,,0,204,,99312,2,,,0,211,,99307,2,,,0,207,,99310,2,,,0,206,,99311,2,,,0,209,,99309,2,,,0,203,,99308,2,,,0
5400,'5460',703,,99314,2,,,0,202,,99316,2,,,0,212,,99317,2,,,0,207,,99318,2,,,0,205,,99315,2,,,0,210,,99319,2,,,0,203,,99320,2,,,0
5400,'5461',703,,99321,2,,,0,202,,99323,2,,,0,212,,99324,2,,,0,207,,99325,2,,,0,205,,99322,2,,,0,210,,99326,2,,,0,203,,99327,2,,,0
5400,'5462',703,,99328,2,,,0,202,,99330,2,,,0,212,,99331,2,,,0,207,,99332,2,,,0,205,,99329,2,,,0,210,,99333,2,,,0,203,,99334,2,,,0
5400,'5463',703,,99335,2,,,0,202,,99337,2,,,0,212,,99338,2,,,0,207,,99339,2,,,0,205,,99336,2,,,0,210,,99340,2,,,0,203,,99341,2,,,0
5500,'4832',800,,85428,2,,,0,201,,85431,2,,,0,213,,85430,2,,,0,205,,85429,2,,,0,210,,85433,2,,,0,209,,85434,2,,,0,264,,85432,2,,,0
5500,'5453',800,,85435,2,,,0,201,,85438,2,,,0,213,,85437,2,,,0,205,,85436,2,,,0,210,,85440,2,,,0,209,,85441,2,,,0,264,,85439,2,,,0
5500,'5456',606,,99397,2,,,0,130,,99401,2,,,0,175,,99400,2,,,0,214,,99399,2,,,0,198,,99398,2,,,0,133,,99402,2,,,0,145,,99406,2,,,0,143,,99404,2,,,0,190,,99403,2,,,0,199,,99405,2,,,0
5500,'5458',606,,99407,2,,,0,130,,99411,2,,,0,175,,99410,2,,,0,214,,99409,2,,,0,198,,99408,2,,,0,133,,99412,2,,,0,145,,99416,2,,,0,143,,99414,2,,,0,190,,99413,2,,,0,199,,99415,2,,,0
5500,'5459',801,,99423,2,,,0,201,,99419,2,,,0,212,,99420,2,,,0,205,,99421,2,,,0,211,,99422,2,,,0,209,,99418,2,,,0,264,,99417,2,,,0
5500,'5460',800,,99424,2,,,0,201,,99427,2,,,0,213,,99426,2,,,0,205,,99425,2,,,0,210,,99429,2,,,0,209,,99430,2,,,0,264,,99428,2,,,0
5500,'5461',800,,99431,2,,,0,201,,99434,2,,,0,213,,99433,2,,,0,205,,99432,2,,,0,210,,99436,2,,,0,209,,99437,2,,,0,264,,99435,2,,,0
5500,'5462',800,,99438,2,,,0,201,,99441,2,,,0,213,,99440,2,,,0,205,,99439,2,,,0,210,,99443,2,,,0,209,,99444,2,,,0,264,,99442,2,,,0
5500,'5463',800,,99445,2,,,0,201,,99448,2,,,0,213,,99447,2,,,0,205,,99446,2,,,0,210,,99450,2,,,0,209,,99451,2,,,0,264,,99449,2,,,0
