300,'5456',608,,87880,7,,,0,30,,87882,7,,,0,76,,87881,7,,,0,38,,87890,7,,,0,79,,87883,7,,,0,74,,87884,7,,,0,29,,87888,7,,,0,70,,87885,7,,,0,28,,87886,7,,,0,69,,87887,7,,,0,30,,87889,7,,,0,75,,87891,7,,,0,30,,87892,7,,,0,70,,87896,7,,,0,30,,87893,7,,,0,73,,87906,7,,,0,34,,87895,7,,,0,75,,87894,7,,,0,34,,87905,7,,,0,74,,87897,7,,,0,78,,87898,7,,,0,31,,87904,7,,,0,71,,87899,7,,,0,29,,87900,7,,,0,72,,87907,7,,,0,23,,87901,7,,,0,28,,87902,7,,,0,68,,87908,7,,,0,89,,87903,7,0,5,0
300,'5458',608,,87909,7,,,0,30,,87911,7,,,0,76,,87910,7,,,0,38,,87919,7,,,0,79,,87912,7,,,0,74,,87913,7,,,0,29,,87917,7,,,0,70,,87914,7,,,0,28,,87915,7,,,0,69,,87916,7,,,0,30,,87918,7,,,0,75,,87920,7,,,0,30,,87921,7,,,0,70,,87925,7,,,0,30,,87922,7,,,0,73,,87935,7,,,0,34,,87924,7,,,0,75,,87923,7,,,0,34,,87934,7,,,0,74,,87926,7,,,0,78,,87927,7,,,0,31,,87933,7,,,0,71,,87928,7,,,0,29,,87929,7,,,0,72,,87936,7,,,0,23,,87930,7,,,0,28,,87931,7,,,0,68,,87937,7,,,0,89,,87932,7,0,5,0
300,'5459',646,,87961,7,,,0,67,,87944,7,,,0,31,,87938,7,,,0,66,,87953,7,,,0,33,,87946,7,,,0,66,,87963,7,,,0,33,,87952,7,,,0,67,,87939,7,,,0,25,,87960,7,,,0,72,,87951,7,,,0,28,,87942,7,,,0,71,,87964,7,,,0,29,,87954,7,,,0,72,,87941,7,,,0,28,,87948,7,,,0,75,,87940,7,,,0,28,,87947,7,,,0,81,,87945,7,,,0,33,,87949,7,,,0,77,,87943,7,,,0,26,,87950,7,,,0,75,,87956,7,,,0,71,,87957,7,,,0,30,,87955,7,,,0,27,,87958,7,,,0,69,,87959,7,,,0,33,,87965,7,,,0,68,,87962,7,,,0,88,,87966,7,0,5,0
300,'5460',700,,87981,7,,,0,42,,87969,7,,,0,81,,87982,7,,,0,82,,87976,7,,,0,37,,87980,7,,,0,78,,87967,7,,,0,20,,87977,7,,,0,69,,87972,7,,,0,31,,87968,7,,,0,67,,87973,7,,,0,32,,87971,7,,,0,67,,87970,7,,,0,33,,87974,7,,,0,75,,87975,7,,,0,29,,87978,7,,,0,79,,87979,7,,,0,28,,87986,7,,,0,71,,87983,7,,,0,30,,87984,7,,,0,68,,87985,7,,,0,34,,87988,7,,,0,68,,87987,7,,,0,32,,87989,7,,,0,73,,87990,7,,,0,87,,87991,7,0,5,0
300,'5461',700,,88006,7,,,0,42,,87994,7,,,0,81,,88007,7,,,0,82,,88001,7,,,0,37,,88005,7,,,0,78,,87992,7,,,0,20,,88002,7,,,0,69,,87997,7,,,0,31,,87993,7,,,0,67,,87998,7,,,0,32,,87996,7,,,0,67,,87995,7,,,0,33,,87999,7,,,0,75,,88000,7,,,0,29,,88003,7,,,0,79,,88004,7,,,0,28,,88011,7,,,0,71,,88008,7,,,0,30,,88009,7,,,0,68,,88010,7,,,0,34,,88013,7,,,0,68,,88012,7,,,0,32,,88014,7,,,0,73,,88015,7,,,0,87,,88016,7,0,5,0
300,'5462',700,,88031,7,,,0,42,,88019,7,,,0,81,,88032,7,,,0,82,,88026,7,,,0,37,,88030,7,,,0,78,,88017,7,,,0,20,,88027,7,,,0,69,,88022,7,,,0,31,,88018,7,,,0,67,,88023,7,,,0,32,,88021,7,,,0,67,,88020,7,,,0,33,,88024,7,,,0,75,,88025,7,,,0,29,,88028,7,,,0,79,,88029,7,,,0,28,,88036,7,,,0,71,,88033,7,,,0,30,,88034,7,,,0,68,,88035,7,,,0,34,,88038,7,,,0,68,,88037,7,,,0,32,,88039,7,,,0,73,,88040,7,,,0,87,,88041,7,0,5,0
300,'5463',700,,88056,7,,,0,42,,88044,7,,,0,81,,88057,7,,,0,82,,88051,7,,,0,37,,88055,7,,,0,78,,88042,7,,,0,20,,88052,7,,,0,69,,88047,7,,,0,31,,88043,7,,,0,67,,88048,7,,,0,32,,88046,7,,,0,67,,88045,7,,,0,33,,88049,7,,,0,75,,88050,7,,,0,29,,88053,7,,,0,79,,88054,7,,,0,28,,88061,7,,,0,71,,88058,7,,,0,30,,88059,7,,,0,68,,88060,7,,,0,34,,88063,7,,,0,68,,88062,7,,,0,32,,88064,7,,,0,73,,88065,7,,,0,87,,88066,7,0,5,0
700,'5456',606,,90072,19,0,5,0,27,,90093,19,0,5,0,17,,90073,19,0,5,0,54,,90098,19,0,5,0,16,,90083,19,0,5,0,13,,90105,19,0,5,0,17,,90077,19,0,5,0,55,,90102,19,0,5,0,20,,90076,19,0,5,0,18,,90113,19,0,5,0,58,,90091,19,0,5,0,21,,90074,19,0,5,0,21,,90097,19,0,5,0,60,,90107,19,0,5,0,20,,90075,19,0,5,0,20,,90078,19,0,5,0,60,,90111,19,0,5,0,20,,90092,19,0,5,0,20,,90079,19,0,5,0,60,,90099,19,0,5,0,20,,90104,19,0,5,0,20,,90081,19,0,5,0,60,,90082,19,0,5,0,17,,90116,19,0,5,0,19,,90112,19,0,5,0,16,,90094,19,0,5,0,55,,90080,19,0,5,0,17,,90118,19,0,5,0,18,,90100,19,0,5,0,57,,90106,19,0,5,0,14,,90119,19,0,5,0,6,,90086,19,0,5,0,18,,90087,19,0,5,0,19,,90115,19,0,5,0,58,,90114,19,0,5,0,18,,90095,19,0,5,0,19,,90084,19,0,5,0,59,,90117,19,0,5,0,18,,90101,19,0,5,0,16,,90108,19,0,5,0,58,,90085,19,0,5,0,16,,90096,19,0,5,0,31,,90109,19,0,5,0,70,,90088,19,0,5,0,33,,90103,19,0,5,0,69,,90089,19,0,5,0,30,,90110,19,0,5,0,70,,90090,19,0,5,0
700,'5458',606,,90120,19,0,5,0,27,,90141,19,0,5,0,17,,90121,19,0,5,0,54,,90146,19,0,5,0,16,,90131,19,0,5,0,13,,90153,19,0,5,0,17,,90125,19,0,5,0,55,,90150,19,0,5,0,20,,90124,19,0,5,0,18,,90161,19,0,5,0,58,,90139,19,0,5,0,21,,90122,19,0,5,0,21,,90145,19,0,5,0,60,,90155,19,0,5,0,20,,90123,19,0,5,0,20,,90126,19,0,5,0,60,,90159,19,0,5,0,20,,90140,19,0,5,0,20,,90127,19,0,5,0,60,,90147,19,0,5,0,20,,90152,19,0,5,0,20,,90129,19,0,5,0,60,,90130,19,0,5,0,17,,90164,19,0,5,0,19,,90160,19,0,5,0,16,,90142,19,0,5,0,55,,90128,19,0,5,0,17,,90166,19,0,5,0,18,,90148,19,0,5,0,57,,90154,19,0,5,0,14,,90167,19,0,5,0,6,,90134,19,0,5,0,18,,90135,19,0,5,0,19,,90163,19,0,5,0,58,,90162,19,0,5,0,18,,90143,19,0,5,0,19,,90132,19,0,5,0,59,,90165,19,0,5,0,18,,90149,19,0,5,0,16,,90156,19,0,5,0,58,,90133,19,0,5,0,16,,90144,19,0,5,0,31,,90157,19,0,5,0,70,,90136,19,0,5,0,33,,90151,19,0,5,0,69,,90137,19,0,5,0,30,,90158,19,0,5,0,70,,90138,19,0,5,0
700,'5459',653,,90189,19,0,5,0,85,,90196,19,0,5,0,80,,90179,19,0,5,0,29,,90190,19,0,5,0,79,,90171,19,0,5,0,30,,90191,19,0,5,0,70,,90174,19,0,5,0,31,,90182,19,0,5,0,70,,90168,19,0,5,0,31,,90169,19,0,5,0,70,,90192,19,0,5,0,30,,90175,19,0,5,0,70,,90183,19,0,5,0,28,,90170,19,0,5,0,72,,90172,19,0,5,0,30,,90193,19,0,5,0,70,,90176,19,0,5,0,31,,90184,19,0,5,0,70,,90173,19,0,5,0,30,,90178,19,0,5,0,71,,90194,19,0,5,0,70,,90177,19,0,5,0,28,,90186,19,0,5,0,29,,90181,19,0,5,0,68,,90180,19,0,5,0,30,,90195,19,0,5,0,70,,90185,19,0,5,0,28,,90187,19,0,5,0,70,,90188,19,0,5,0
700,'5460',719,,90213,19,0,5,0,35,,90215,19,0,5,0,84,,90201,19,0,5,0,77,,90214,19,0,5,0,42,,90216,19,0,5,0,70,,90197,19,0,5,0,30,,90202,19,0,5,0,70,,90204,19,0,5,0,29,,90199,19,0,5,0,71,,90203,19,0,5,0,30,,90200,19,0,5,0,70,,90198,19,0,5,0,30,,90205,19,0,5,0,70,,90206,19,0,5,0,30,,90207,19,0,5,0,70,,90208,19,0,5,0,30,,90210,19,0,5,0,70,,90209,19,0,5,0,30,,90212,19,0,5,0,70,,90211,19,0,5,0,30,,90217,19,0,5,0,68,,90220,19,0,5,0,30,,90219,19,0,5,0,70,,90218,19,0,5,0,30,,90222,19,0,5,0,71,,90221,19,0,5,0
700,'5461',719,,90239,19,0,5,0,35,,90241,19,0,5,0,84,,90227,19,0,5,0,77,,90240,19,0,5,0,42,,90242,19,0,5,0,70,,90223,19,0,5,0,30,,90228,19,0,5,0,70,,90230,19,0,5,0,29,,90225,19,0,5,0,71,,90229,19,0,5,0,30,,90226,19,0,5,0,70,,90224,19,0,5,0,30,,90231,19,0,5,0,70,,90232,19,0,5,0,30,,90233,19,0,5,0,70,,90234,19,0,5,0,30,,90236,19,0,5,0,70,,90235,19,0,5,0,30,,90238,19,0,5,0,70,,90237,19,0,5,0,30,,90243,19,0,5,0,68,,90246,19,0,5,0,30,,90245,19,0,5,0,70,,90244,19,0,5,0,30,,90248,19,0,5,0,71,,90247,19,0,5,0
700,'5462',719,,90265,19,0,5,0,35,,90267,19,0,5,0,84,,90253,19,0,5,0,77,,90266,19,0,5,0,42,,90268,19,0,5,0,70,,90249,19,0,5,0,30,,90254,19,0,5,0,70,,90256,19,0,5,0,29,,90251,19,0,5,0,71,,90255,19,0,5,0,30,,90252,19,0,5,0,70,,90250,19,0,5,0,30,,90257,19,0,5,0,70,,90258,19,0,5,0,30,,90259,19,0,5,0,70,,90260,19,0,5,0,30,,90262,19,0,5,0,70,,90261,19,0,5,0,30,,90264,19,0,5,0,70,,90263,19,0,5,0,30,,90269,19,0,5,0,68,,90272,19,0,5,0,30,,90271,19,0,5,0,70,,90270,19,0,5,0,30,,90274,19,0,5,0,71,,90273,19,0,5,0
700,'5463',719,,90291,19,0,5,0,35,,90293,19,0,5,0,84,,90279,19,0,5,0,77,,90292,19,0,5,0,42,,90294,19,0,5,0,70,,90275,19,0,5,0,30,,90280,19,0,5,0,70,,90282,19,0,5,0,29,,90277,19,0,5,0,71,,90281,19,0,5,0,30,,90278,19,0,5,0,70,,90276,19,0,5,0,30,,90283,19,0,5,0,70,,90284,19,0,5,0,30,,90285,19,0,5,0,70,,90286,19,0,5,0,30,,90288,19,0,5,0,70,,90287,19,0,5,0,30,,90290,19,0,5,0,70,,90289,19,0,5,0,30,,90295,19,0,5,0,68,,90298,19,0,5,0,30,,90297,19,0,5,0,70,,90296,19,0,5,0,30,,90300,19,0,5,0,71,,90299,19,0,5,0
14000700,'5456',2152,,103939,19,0,5,0,70,,103935,19,0,5,0,32,,103940,19,0,5,0,69,,103936,19,0,5,0,31,,103938,19,0,5,0,70,,103937,19,0,5,0
14000700,'5458',2152,,103945,19,0,5,0,70,,103941,19,0,5,0,32,,103946,19,0,5,0,69,,103942,19,0,5,0,31,,103944,19,0,5,0,70,,103943,19,0,5,0
14000700,'5459',2151,,103947,19,0,5,0,74,,103948,19,0,5,0,30,,103949,19,0,5,0,69,,103950,19,0,5,0,30,,103951,19,0,5,0,72,,103952,19,0,5,0
14000700,'5460',2054,,103953,19,0,5,0,71,,103954,19,0,5,0,30,,103955,19,0,5,0,100,,103956,19,0,5,0,99,,103957,19,0,5,0
14000700,'5461',2054,,103958,19,0,5,0,71,,103959,19,0,5,0,30,,103960,19,0,5,0,100,,103961,19,0,5,0,99,,103962,19,0,5,0
14000700,'5462',2054,,103963,19,0,5,0,71,,103964,19,0,5,0,30,,103965,19,0,5,0,100,,103966,19,0,5,0,99,,103967,19,0,5,0
14000700,'5463',2054,,103968,19,0,5,0,71,,103969,19,0,5,0,30,,103970,19,0,5,0,100,,103971,19,0,5,0,99,,103972,19,0,5,0
