1401,'4832',657,,83028,48,,,0,65,,67641,48,,,0,26,,67640,48,,,0,57,,67624,48,,,0,15,,67658,48,,,0,15,,67631,48,,,0,15,,83029,48,,,0,55,,67647,48,,,0,16,,67657,48,,,0,14,,67615,48,,,0,15,,67646,48,,,0,55,,67612,48,,,0,16,,67616,48,,,0,15,,67625,48,,,0,15,,67649,48,,,0,56,,67603,48,,,0,15,,67633,48,,,0,15,,67604,48,,,0,15,,67634,48,,,0,54,,67605,48,,,0,15,,67617,48,,,0,17,,67626,48,,,0,15,,67650,48,,,0,56,,67600,48,,,0,15,,67635,48,,,0,16,,67602,48,,,0,15,,67632,48,,,0,55,,67601,48,,,0,15,,67618,48,,,0,15,,67598,48,,,0,15,,67627,48,,,0,55,,67648,48,,,0,15,,67608,48,,,0,15,,67636,48,,,0,15,,67607,48,,,0,54,,67638,48,,,0,15,,67606,48,,,0,15,,67619,48,,,0,15,,67599,48,,,0,55,,67628,48,,,0,15,,67651,48,,,0,15,,67609,48,,,0,15,,67637,48,,,0,55,,67610,48,,,0,15,,67639,48,,,0,15,,67614,48,,,0,15,,67623,48,,,0,55,,67613,48,,,0,16,,83024,48,,,0,17,,67653,48,,,0,60,,83026,48,,,0,18,,67645,48,,,0,20,,67611,48,,,0,60,,67622,48,,,0,20,,83023,48,,,0,21,,67655,48,,,0,70,,83027,48,,,0,29,,67621,48,,,0,70,,67620,48,,,0,31,,67652,48,,,0,74,,83025,48,,,0
1401,'5453',657,,83033,48,,,0,65,,79012,48,,,0,26,,79011,48,,,0,57,,78995,48,,,0,15,,79029,48,,,0,15,,79002,48,,,0,15,,83034,48,,,0,55,,79018,48,,,0,16,,79028,48,,,0,14,,78986,48,,,0,15,,79017,48,,,0,55,,78983,48,,,0,16,,78987,48,,,0,15,,78996,48,,,0,15,,83032,48,,,0,56,,78974,48,,,0,15,,79004,48,,,0,15,,78975,48,,,0,15,,79005,48,,,0,54,,78976,48,,,0,15,,78988,48,,,0,17,,78997,48,,,0,15,,79021,48,,,0,56,,78971,48,,,0,15,,79006,48,,,0,16,,78973,48,,,0,15,,79003,48,,,0,55,,78972,48,,,0,15,,78989,48,,,0,15,,78969,48,,,0,15,,78998,48,,,0,55,,79019,48,,,0,15,,78979,48,,,0,15,,79007,48,,,0,15,,78978,48,,,0,54,,79009,48,,,0,15,,78977,48,,,0,15,,78990,48,,,0,15,,78970,48,,,0,55,,78999,48,,,0,15,,79022,48,,,0,15,,78980,48,,,0,15,,79008,48,,,0,55,,78981,48,,,0,15,,79010,48,,,0,15,,78985,48,,,0,15,,78994,48,,,0,55,,78984,48,,,0,16,,79001,48,,,0,17,,79024,48,,,0,60,,79014,48,,,0,18,,79016,48,,,0,20,,78982,48,,,0,60,,78993,48,,,0,20,,79000,48,,,0,21,,79026,48,,,0,70,,79015,48,,,0,29,,78992,48,,,0,70,,83030,48,,,0,31,,79023,48,,,0,74,,83031,48,,,0
1401,'5456',613,,92216,48,,,0,26,,92217,48,,,0,63,,92218,48,,,0,16,,92219,48,,,0,13,,92220,48,,,0,12,,92221,48,,,0,14,,92222,48,,,0,53,,92223,48,,,0,14,,92224,48,,,0,15,,92225,48,,,0,14,,92226,48,,,0,53,,92227,48,,,0,13,,92228,48,,,0,12,,92229,48,,,0,13,,92230,48,,,0,13,,92231,48,,,0,53,,92232,48,,,0,13,,92233,48,,,0,14,,92234,48,,,0,13,,92235,48,,,0,53,,92236,48,,,0,13,,92237,48,,,0,14,,92238,48,,,0,14,,92239,48,,,0,15,,92240,48,,,0,53,,92241,48,,,0,14,,92242,48,,,0,13,,92243,48,,,0,14,,92244,48,,,0,54,,92245,48,,,0,13,,92246,48,,,0,13,,92247,48,,,0,12,,92248,48,,,0,12,,92249,48,,,0,52,,92250,48,,,0,12,,92251,48,,,0,10,,92252,48,,,0,12,,92290,48,,,0,2,,92253,48,,,0,12,,92254,48,,,0,44,,92255,48,,,0,15,,92256,48,,,0,13,,92257,48,,,0,10,,92258,48,,,0,5,,92259,48,,,0,14,,92260,48,,,0,56,,92261,48,,,0,16,,92262,48,,,0,16,,92263,48,,,0,58,,92264,48,,,0,17,,92265,48,,,0,15,,92266,48,,,0,15,,92267,48,,,0,53,,92268,48,,,0,15,,92269,48,,,0,13,,92270,48,,,0,11,,92271,48,,,0,15,,92272,48,,,0,54,,92273,48,,,0,13,,92274,48,,,0,15,,92275,48,,,0,15,,92276,48,,,0,55,,92277,48,,,0,15,,92278,48,,,0,17,,92279,48,,,0,59,,92280,48,,,0,20,,92281,48,,,0,19,,92282,48,,,0,60,,92283,48,,,0,20,,92284,48,,,0,23,,92285,48,,,0,71,,92286,48,,,0,31,,92287,48,,,0,67,,92288,48,,,0,30,,92289,48,,,0
1401,'5458',613,,92307,48,,,0,26,,92308,48,,,0,63,,92309,48,,,0,16,,92310,48,,,0,13,,92311,48,,,0,12,,92312,48,,,0,14,,92313,48,,,0,53,,92314,48,,,0,14,,92315,48,,,0,15,,92316,48,,,0,14,,92317,48,,,0,53,,92318,48,,,0,13,,92319,48,,,0,12,,92320,48,,,0,13,,92321,48,,,0,13,,92322,48,,,0,53,,92323,48,,,0,13,,92324,48,,,0,14,,92325,48,,,0,13,,92326,48,,,0,53,,92327,48,,,0,13,,92328,48,,,0,14,,92329,48,,,0,14,,92330,48,,,0,15,,92331,48,,,0,53,,92332,48,,,0,14,,92333,48,,,0,13,,92334,48,,,0,14,,92335,48,,,0,54,,92336,48,,,0,13,,92337,48,,,0,13,,92338,48,,,0,12,,92339,48,,,0,12,,92340,48,,,0,52,,92341,48,,,0,12,,92342,48,,,0,10,,92343,48,,,0,12,,92383,48,,,0,2,,92344,48,,,0,12,,92345,48,,,0,44,,92346,48,,,0,15,,92347,48,,,0,13,,92348,48,,,0,10,,92349,48,,,0,5,,92350,48,,,0,14,,92351,48,,,0,56,,92352,48,,,0,16,,92353,48,,,0,16,,92354,48,,,0,58,,92355,48,,,0,17,,92356,48,,,0,15,,92357,48,,,0,15,,92358,48,,,0,53,,92359,48,,,0,15,,92360,48,,,0,13,,92361,48,,,0,11,,92362,48,,,0,15,,92363,48,,,0,54,,92364,48,,,0,13,,92365,48,,,0,15,,92366,48,,,0,15,,92367,48,,,0,55,,92368,48,,,0,15,,92369,48,,,0,17,,92370,48,,,0,59,,92371,48,,,0,20,,92372,48,,,0,19,,92373,48,,,0,60,,92374,48,,,0,20,,92375,48,,,0,23,,92376,48,,,0,71,,92377,48,,,0,31,,92378,48,,,0,67,,92379,48,,,0,30,,92380,48,,,0,70,,92381,48,,,0,30,,92382,48,,,0
1401,'5459',627,,92427,48,,,0,30,,92426,48,,,0,66,,92392,48,,,0,21,,92395,48,,,0,57,,92428,48,,,0,15,,92429,48,,,0,15,,92394,48,,,0,15,,92390,48,,,0,55,,92430,48,,,0,15,,92389,48,,,0,16,,92396,48,,,0,15,,92393,48,,,0,55,,92432,48,,,0,14,,92431,48,,,0,14,,92397,48,,,0,16,,92386,48,,,0,54,,92436,48,,,0,15,,92385,48,,,0,15,,92403,48,,,0,16,,92404,48,,,0,55,,92437,48,,,0,14,,92387,48,,,0,15,,92434,48,,,0,15,,92399,48,,,0,55,,92400,48,,,0,15,,92435,48,,,0,15,,92398,48,,,0,14,,92401,48,,,0,56,,92402,48,,,0,15,,92433,48,,,0,15,,92405,48,,,0,15,,92413,48,,,0,55,,92388,48,,,0,15,,92391,48,,,0,15,,92411,48,,,0,15,,92419,48,,,0,55,,92415,48,,,0,15,,92416,48,,,0,15,,92418,48,,,0,15,,92412,48,,,0,55,,92407,48,,,0,15,,92417,48,,,0,15,,92414,48,,,0,15,,92420,48,,,0,55,,92408,48,,,0,15,,92421,48,,,0,15,,92410,48,,,0,15,,92409,48,,,0,55,,92425,48,,,0,14,,92422,48,,,0,15,,92423,48,,,0,15,,92406,48,,,0,59,,92424,48,,,0,20,,92441,48,,,0,20,,92439,48,,,0,60,,92438,48,,,0,20,,92440,48,,,0,20,,92442,48,,,0,59,,92446,48,,,0,20,,92445,48,,,0,20,,92444,48,,,0,68,,92443,48,,,0,29,,92447,48,,,0,70,,92448,48,,,0,31,,92449,48,,,0,70,,92450,48,,,0,30,,92451,48,,,0
1401,'5460',657,,92508,48,,,0,65,,92495,48,,,0,26,,92494,48,,,0,57,,92478,48,,,0,15,,92512,48,,,0,15,,92485,48,,,0,15,,92510,48,,,0,55,,92501,48,,,0,16,,92511,48,,,0,14,,92469,48,,,0,15,,92500,48,,,0,55,,92466,48,,,0,16,,92470,48,,,0,15,,92479,48,,,0,15,,92503,48,,,0,56,,92457,48,,,0,15,,92487,48,,,0,15,,92458,48,,,0,15,,92488,48,,,0,54,,92459,48,,,0,15,,92471,48,,,0,17,,92480,48,,,0,15,,92504,48,,,0,56,,92454,48,,,0,15,,92489,48,,,0,16,,92456,48,,,0,15,,92486,48,,,0,55,,92455,48,,,0,15,,92472,48,,,0,15,,92452,48,,,0,15,,92481,48,,,0,55,,92502,48,,,0,15,,92462,48,,,0,15,,92490,48,,,0,15,,92461,48,,,0,54,,92492,48,,,0,15,,92460,48,,,0,15,,92473,48,,,0,15,,92453,48,,,0,55,,92482,48,,,0,15,,92505,48,,,0,15,,92463,48,,,0,15,,92491,48,,,0,55,,92464,48,,,0,15,,92493,48,,,0,15,,92468,48,,,0,15,,92477,48,,,0,55,,92467,48,,,0,16,,92484,48,,,0,17,,92507,48,,,0,60,,92497,48,,,0,18,,92499,48,,,0,20,,92465,48,,,0,60,,92476,48,,,0,20,,92483,48,,,0,21,,92509,48,,,0,70,,92498,48,,,0,29,,92475,48,,,0,70,,92474,48,,,0,31,,92506,48,,,0,82,,92496,48,,,0
1401,'5461',657,,92569,48,,,0,65,,92556,48,,,0,26,,92555,48,,,0,57,,92539,48,,,0,15,,92573,48,,,0,15,,92546,48,,,0,15,,92571,48,,,0,55,,92562,48,,,0,16,,92572,48,,,0,14,,92530,48,,,0,15,,92561,48,,,0,55,,92527,48,,,0,16,,92531,48,,,0,15,,92540,48,,,0,15,,92564,48,,,0,56,,92518,48,,,0,15,,92548,48,,,0,15,,92519,48,,,0,15,,92549,48,,,0,54,,92520,48,,,0,15,,92532,48,,,0,17,,92541,48,,,0,15,,92565,48,,,0,56,,92515,48,,,0,15,,92550,48,,,0,16,,92517,48,,,0,15,,92547,48,,,0,55,,92516,48,,,0,15,,92533,48,,,0,15,,92513,48,,,0,15,,92542,48,,,0,55,,92563,48,,,0,15,,92523,48,,,0,15,,92551,48,,,0,15,,92522,48,,,0,54,,92553,48,,,0,15,,92521,48,,,0,15,,92534,48,,,0,15,,92514,48,,,0,55,,92543,48,,,0,15,,92566,48,,,0,15,,92524,48,,,0,15,,92552,48,,,0,55,,92525,48,,,0,15,,92554,48,,,0,15,,92529,48,,,0,15,,92538,48,,,0,55,,92528,48,,,0,16,,92545,48,,,0,17,,92568,48,,,0,60,,92558,48,,,0,18,,92560,48,,,0,20,,92526,48,,,0,60,,92537,48,,,0,20,,92544,48,,,0,21,,92570,48,,,0,70,,92559,48,,,0,29,,92536,48,,,0,70,,92535,48,,,0,31,,92567,48,,,0,82,,92557,48,,,0
1401,'5462',657,,92630,48,,,0,65,,92617,48,,,0,26,,92616,48,,,0,57,,92600,48,,,0,15,,92634,48,,,0,15,,92607,48,,,0,15,,92632,48,,,0,55,,92623,48,,,0,16,,92633,48,,,0,14,,92591,48,,,0,15,,92622,48,,,0,55,,92588,48,,,0,16,,92592,48,,,0,15,,92601,48,,,0,15,,92625,48,,,0,56,,92579,48,,,0,15,,92609,48,,,0,15,,92580,48,,,0,15,,92610,48,,,0,54,,92581,48,,,0,15,,92593,48,,,0,17,,92602,48,,,0,15,,92626,48,,,0,56,,92576,48,,,0,15,,92611,48,,,0,16,,92578,48,,,0,15,,92608,48,,,0,55,,92577,48,,,0,15,,92594,48,,,0,15,,92574,48,,,0,15,,92603,48,,,0,55,,92624,48,,,0,15,,92584,48,,,0,15,,92612,48,,,0,15,,92583,48,,,0,54,,92614,48,,,0,15,,92582,48,,,0,15,,92595,48,,,0,15,,92575,48,,,0,55,,92604,48,,,0,15,,92627,48,,,0,15,,92585,48,,,0,15,,92613,48,,,0,55,,92586,48,,,0,15,,92615,48,,,0,15,,92590,48,,,0,15,,92599,48,,,0,55,,92589,48,,,0,16,,92606,48,,,0,17,,92629,48,,,0,60,,92619,48,,,0,18,,92621,48,,,0,20,,92587,48,,,0,60,,92598,48,,,0,20,,92605,48,,,0,21,,92631,48,,,0,70,,92620,48,,,0,29,,92597,48,,,0,70,,92596,48,,,0,31,,92628,48,,,0,82,,92618,48,,,0
1401,'5463',657,,92691,48,,,0,65,,92678,48,,,0,26,,92677,48,,,0,57,,92661,48,,,0,15,,92695,48,,,0,15,,92668,48,,,0,15,,92693,48,,,0,55,,92684,48,,,0,16,,92694,48,,,0,14,,92652,48,,,0,15,,92683,48,,,0,55,,92649,48,,,0,16,,92653,48,,,0,15,,92662,48,,,0,15,,92686,48,,,0,56,,92640,48,,,0,15,,92670,48,,,0,15,,92641,48,,,0,15,,92671,48,,,0,54,,92642,48,,,0,15,,92654,48,,,0,17,,92663,48,,,0,15,,92687,48,,,0,56,,92637,48,,,0,15,,92672,48,,,0,16,,92639,48,,,0,15,,92669,48,,,0,55,,92638,48,,,0,15,,92655,48,,,0,15,,92635,48,,,0,15,,92664,48,,,0,55,,92685,48,,,0,15,,92645,48,,,0,15,,92673,48,,,0,15,,92644,48,,,0,54,,92675,48,,,0,15,,92643,48,,,0,15,,92656,48,,,0,15,,92636,48,,,0,55,,92665,48,,,0,15,,92688,48,,,0,15,,92646,48,,,0,15,,92674,48,,,0,55,,92647,48,,,0,15,,92676,48,,,0,15,,92651,48,,,0,15,,92660,48,,,0,55,,92650,48,,,0,16,,92667,48,,,0,17,,92690,48,,,0,60,,92680,48,,,0,18,,92682,48,,,0,20,,92648,48,,,0,60,,92659,48,,,0,20,,92666,48,,,0,21,,92692,48,,,0,70,,92681,48,,,0,29,,92658,48,,,0,70,,92657,48,,,0,31,,92689,48,,,0,82,,92679,48,,,0
2501,'5456',817,,94741,61,4,,0
2501,'5458',817,,94760,61,4,,0
4601,'5456',703,,98575,13,,,0,108,,98584,13,,,0,125,,98574,13,,,0,93,,98583,13,,,0,382,,98580,13,,,0,125,,98576,13,,,0,70,,98581,13,,,0,40,,98577,13,,,0,81,,98578,13,,,0,27,,98579,13,,,0,89,,98582,13,,,0
4601,'5458',703,,98587,13,,,0,108,,98596,13,,,0,125,,98586,13,,,0,93,,98595,13,,,0,382,,98592,13,,,0,125,,98588,13,,,0,70,,98593,13,,,0,40,,98589,13,,,0,81,,98590,13,,,0,27,,98591,13,,,0,89,,98594,13,,,0
