7101,'5456',602,,101073,10,,,0,30,,101074,10,,,0,85,,101075,10,,,0
7101,'5458',602,,101076,10,,,0,30,,101077,10,,,0,85,,101078,10,,,0
7201,'5456',537,,101280,10,,,0,80,,101283,10,,,0,30,,101281,10,,,0,70,,101285,10,,,0,32,,101295,10,,,0,61,,101290,10,,,0,27,,101282,10,,,0,70,,101284,10,,,0,30,,101288,10,,,0,70,,101286,10,,,0,30,,101287,10,,,0,73,,101294,10,,,0,30,,101289,10,,,0,70,,101291,10,,,0,30,,101292,10,,,0,70,,101299,10,,,0,30,,101302,10,,,0,70,,101293,10,,,0,30,,101304,10,,,0,70,,101308,10,,,0,14,,101309,6,0,13 14,0,17,,101296,10,,,0,68,,101297,10,,,0,32,,101303,10,,,0,71,,101311,10,,,0,30,,101298,10,,,0,69,,101305,10,,,0,30,,101307,10,,,0,69,,101300,10,,,0,30,,101301,10,,,0,70,,101310,10,,,0,30,,101312,10,,,0,70,,101306,10,,,0
7201,'5457',1419,,101313,6,,,0
7201,'5458',537,,101314,10,,,0,80,,101317,10,,,0,30,,101315,10,,,0,70,,101319,10,,,0,32,,101330,10,,,0,61,,101324,10,,,0,27,,101316,10,,,0,70,,101318,10,,,0,30,,101322,10,,,0,70,,101320,10,,,0,30,,101321,10,,,0,73,,101329,10,,,0,30,,101323,10,,,0,70,,101325,10,,,0,30,,101326,10,,,0,70,,101334,10,,,0,30,,101337,10,,,0,70,,101328,10,,,0,9,,101327,6,,,0,21,,101339,10,,,0,70,,101343,10,,,0,14,,101344,6,0,13 14,0,17,,101331,10,,,0,68,,101332,10,,,0,32,,101338,10,,,0,71,,101346,10,,,0,30,,101333,10,,,0,69,,101340,10,,,0,30,,101342,10,,,0,69,,101335,10,,,0,30,,101336,10,,,0,70,,101345,10,,,0,30,,101347,10,,,0,70,,101341,10,,,0
7201,'5459',605,,101376,10,,,0,101,,101349,10,,,0,100,,101350,10,,,0,33,,101351,10,,,0,70,,101352,10,,,0,30,,101353,10,,,0,71,,101354,10,,,0,29,,101355,10,,,0,71,,101356,10,,,0,30,,101357,10,,,0,70,,101348,10,,,0,30,,101358,10,,,0,69,,101359,10,,,0,31,,101360,10,,,0,74,,101361,10,,,0,31,,101362,10,,,0,69,,101363,10,,,0,31,,101364,10,,,0,69,,101365,10,,,0,26,,101366,10,,,0,69,,101367,10,,,0,30,,101368,10,,,0,69,,101369,10,,,0,30,,101370,10,,,0,70,,101371,10,,,0,30,,101372,10,,,0,70,,101373,10,,,0,30,,101374,10,,,0,70,,101375,10,,,0
7201,'5460',706,,101378,10,,,0,100,,101379,10,,,0,100,,101380,10,,,0,103,,101381,10,,,0,100,,101383,10,,,0,30,,101384,10,,,0,70,,101377,10,,,0,30,,101382,10,,,0,70,,101385,10,,,0,30,,101387,10,,,0,70,,101388,10,,,0,30,,101389,10,,,0,70,,101386,10,,,0,30,,101390,10,,,0,70,,101391,10,,,0,30,,101392,10,,,0,74,,101393,10,,,0,28,,101394,10,,,0,72,,101395,10,,,0,30,,101396,10,,,0,70,,101398,10,,,0,30,,101397,10,,,0,70,,101399,10,,,0,30,,101400,10,,,0,70,,101401,10,,,0
7201,'5461',706,,101403,10,,,0,100,,101404,10,,,0,100,,101405,10,,,0,103,,101406,10,,,0,100,,101408,10,,,0,30,,101409,10,,,0,70,,101402,10,,,0,30,,101407,10,,,0,70,,101410,10,,,0,30,,101412,10,,,0,70,,101413,10,,,0,30,,101414,10,,,0,70,,101411,10,,,0,30,,101415,10,,,0,70,,101416,10,,,0,30,,101417,10,,,0,74,,101418,10,,,0,28,,101419,10,,,0,72,,101420,10,,,0,30,,101421,10,,,0,70,,101423,10,,,0,30,,101422,10,,,0,70,,101424,10,,,0,30,,101425,10,,,0,70,,101426,10,,,0
7201,'5462',706,,101428,10,,,0,100,,101429,10,,,0,100,,101430,10,,,0,103,,101431,10,,,0,100,,101433,10,,,0,30,,101434,10,,,0,70,,101427,10,,,0,30,,101432,10,,,0,70,,101435,10,,,0,30,,101437,10,,,0,70,,101438,10,,,0,30,,101439,10,,,0,70,,101436,10,,,0,30,,101440,10,,,0,70,,101441,10,,,0,30,,101442,10,,,0,74,,101443,10,,,0,28,,101444,10,,,0,72,,101445,10,,,0,30,,101446,10,,,0,70,,101448,10,,,0,30,,101447,10,,,0,70,,101449,10,,,0,30,,101450,10,,,0,70,,101451,10,,,0
7201,'5463',706,,101453,10,,,0,100,,101454,10,,,0,100,,101455,10,,,0,103,,101456,10,,,0,100,,101458,10,,,0,30,,101459,10,,,0,70,,101452,10,,,0,30,,101457,10,,,0,70,,101460,10,,,0,30,,101462,10,,,0,70,,101463,10,,,0,30,,101464,10,,,0,70,,101461,10,,,0,30,,101465,10,,,0,70,,101466,10,,,0,30,,101467,10,,,0,74,,101468,10,,,0,28,,101469,10,,,0,72,,101470,10,,,0,30,,101471,10,,,0,70,,101473,10,,,0,30,,101472,10,,,0,70,,101474,10,,,0,30,,101475,10,,,0,70,,101476,10,,,0
1007201,'5456',2208,,103776,10,,,0,100,,103778,10,,,0,100,,103777,10,,,0
1007201,'5458',2208,,103779,10,,,0,100,,103781,10,,,0,100,,103780,10,,,0
1007201,'5459',2208,,103782,10,,,0,100,,103783,10,,,0,100,,103784,10,,,0
1007201,'5460',2208,,103785,10,,,0,100,,103786,10,,,0
1007201,'5461',2208,,103787,10,,,0,100,,103788,10,,,0
1007201,'5462',2208,,103789,10,,,0,100,,103790,10,,,0
1007201,'5463',2208,,103791,10,,,0,100,,103792,10,,,0
