4001,'4832',735,,72753,19,,,0,171,,72752,19,,,0,101,,84872,19,,,0,100,,72755,19,,,0,102,,72757,19,,,0,100,,72756,19,,,0,100,,84876,19,,,0,100,,84874,19,,,0,100,,84875,19,,,0,99,,84873,19,,,0,99,,72763,19,,,0,99,,84877,19,,,0,99,,72764,19,,,0
4001,'5453',735,,80745,19,,,0,171,,80744,19,,,0,101,,80746,19,,,0,100,,80747,19,,,0,102,,80749,19,,,0,100,,80748,19,,,0,100,,84881,19,,,0,100,,84879,19,,,0,100,,84880,19,,,0,99,,84878,19,,,0,99,,80755,19,,,0,99,,84882,19,,,0,99,,80756,19,,,0
4001,'5456',604,,98453,19,,,0,97,,98451,19,,,0,27,,98452,19,,,0,96,,98450,19,,,0,96,,98446,19,,,0,98,,98444,19,,,0,100,,98449,19,,,0,103,,98439,19,,,0,101,,98445,19,,,0,100,,98438,19,,,0,109,,98448,19,,,0,75,,98436,19,,,0,35,,98437,19,,,0,73,,98435,19,,,0,34,,98447,19,,,0,84,,98441,19,,,0,94,,98443,19,,,0,99,,98440,19,,,0,124,,98442,19,,,0
4001,'5458',604,,98472,19,,,0,97,,98470,19,,,0,27,,98471,19,,,0,96,,98469,19,,,0,96,,98465,19,,,0,98,,98463,19,,,0,100,,98468,19,,,0,103,,98458,19,,,0,101,,98464,19,,,0,100,,98457,19,,,0,109,,98467,19,,,0,75,,98455,19,,,0,35,,98456,19,,,0,73,,98454,19,,,0,34,,98466,19,,,0,84,,98460,19,,,0,94,,98462,19,,,0,99,,98459,19,,,0,124,,98461,19,,,0
4001,'5459',639,,98482,19,,,0,167,,98485,19,,,0,101,,98473,19,,,0,100,,98475,19,,,0,101,,98481,19,,,0,101,,98483,19,,,0,100,,98474,19,,,0,100,,98476,19,,,0,100,,98479,19,,,0,100,,98484,19,,,0,100,,98477,19,,,0,99,,98478,19,,,0,99,,98480,19,,,0,98,,98486,19,,,0,130,,98487,19,,,0
4001,'5460',735,,98489,19,,,0,171,,98488,19,,,0,101,,98490,19,,,0,100,,98491,19,,,0,102,,98493,19,,,0,100,,98492,19,,,0,100,,98497,19,,,0,100,,98495,19,,,0,100,,98496,19,,,0,99,,98494,19,,,0,99,,98499,19,,,0,99,,98498,19,,,0,99,,98500,19,,,0
4001,'5461',735,,98502,19,,,0,171,,98501,19,,,0,101,,98503,19,,,0,100,,98504,19,,,0,102,,98506,19,,,0,100,,98505,19,,,0,100,,98510,19,,,0,100,,98508,19,,,0,100,,98509,19,,,0,99,,98507,19,,,0,99,,98512,19,,,0,99,,98511,19,,,0,99,,98513,19,,,0
4001,'5462',735,,98515,19,,,0,171,,98514,19,,,0,101,,98516,19,,,0,100,,98517,19,,,0,102,,98519,19,,,0,100,,98518,19,,,0,100,,98523,19,,,0,100,,98521,19,,,0,100,,98522,19,,,0,99,,98520,19,,,0,99,,98525,19,,,0,99,,98524,19,,,0,99,,98526,19,,,0
4001,'5463',735,,98528,19,,,0,171,,98527,19,,,0,101,,98529,19,,,0,100,,98530,19,,,0,102,,98532,19,,,0,100,,98531,19,,,0,100,,98536,19,,,0,100,,98534,19,,,0,100,,98535,19,,,0,99,,98533,19,,,0,99,,98538,19,,,0,99,,98537,19,,,0,99,,98539,19,,,0
24005101,'5456',745,,104118,11,,,0,72,,104116,11,,,0,36,,104117,11,,,0,98,,104119,11,,,0,98,,104115,11,,,0,101,,104120,11,,,0,100,,104114,11,,,0,101,,104121,11,,,0,105,,104113,11,,,0,68,,104109,11,0,30 14,0,12,,104107,11,,,0,21,,104111,11,,,0,69,,104110,11,,,0,75,,104104,11,,,0,28,,104112,11,,,0,29,,104108,11,,,0,98,,104105,11,,,0,100,,104106,11,,,0
24005101,'5458',745,,104136,11,,,0,72,,104134,11,,,0,36,,104135,11,,,0,98,,104137,11,,,0,98,,104133,11,,,0,101,,104138,11,,,0,100,,104132,11,,,0,101,,104139,11,,,0,105,,104131,11,,,0,68,,104127,11,0,30 14,0,12,,104125,11,,,0,21,,104129,11,,,0,69,,104128,11,,,0,75,,104122,11,,,0,28,,104130,11,,,0,29,,104126,11,,,0,98,,104123,11,,,0,100,,104124,11,,,0
