8101,'4832',927,,81438,36,,,0,101,,75990,36,,,0,102,,75991,36,,,0,100,,75992,36,,,0,100,,81439,36,,,0,101,,86385,36,,,0,100,,86386,36,,,0,100,,86387,36,,,0,102,,86388,36,,,0,100,,75998,36,,,0,100,,75999,36,,,0,100,,81441,36,,,0,100,,86389,36,,,0
8101,'5453',927,,81455,36,,,0,101,,81456,36,,,0,102,,81457,36,,,0,100,,81458,36,,,0,100,,86390,36,,,0,101,,86391,36,,,0,100,,86392,36,,,0,100,,86393,36,,,0,102,,86394,36,,,0,100,,86395,36,,,0,100,,81465,36,,,0,100,,81466,36,,,0,100,,81467,36,,,0
8101,'5456',549,,101957,21,,,0,169,,101958,36,,,0,33,,101960,21,,,0,179,,101959,36,,,0,103,,101961,36,,,0,97,,101962,36,,,0,100,,101963,36,,,0,100,,101964,36,,,0,100,,101965,36,,,0,104,,101966,36,,,0,98,,101967,36,,,0,98,,101968,36,,,0,99,,101969,36,,,0,99,,101970,36,,,0,100,,101971,36,,,0,99,,101972,36,,,0
8101,'5458',549,,101973,21,,,0,169,,101974,36,,,0,33,,101976,21,,,0,179,,101975,36,,,0,103,,101977,36,,,0,97,,101978,36,,,0,100,,101979,36,,,0,100,,101980,36,,,0,100,,101981,36,,,0,104,,101982,36,,,0,98,,101983,36,,,0,98,,101984,36,,,0,99,,101985,36,,,0,99,,101986,36,,,0,100,,101987,36,,,0,99,,101988,36,,,0
8101,'5459',927,,101989,36,,,0,103,,101990,36,,,0,100,,101991,36,,,0,100,,101992,36,,,0,100,,101993,36,,,0,104,,101994,36,,,0,100,,101995,36,,,0,100,,101996,36,,,0,96,,101997,36,,,0,97,,101998,36,,,0,100,,101999,36,,,0,100,,102000,36,,,0,100,,102001,36,,,0
8101,'5460',927,,102002,36,,,0,101,,102003,36,,,0,102,,102004,36,,,0,100,,102005,36,,,0,100,,102006,36,,,0,101,,102007,36,,,0,100,,102008,36,,,0,100,,102009,36,,,0,102,,102010,36,,,0,100,,102011,36,,,0,100,,102012,36,,,0,100,,102013,36,,,0,100,,102014,36,,,0
8101,'5461',927,,102015,36,,,0,101,,102016,36,,,0,102,,102017,36,,,0,100,,102018,36,,,0,100,,102019,36,,,0,101,,102020,36,,,0,100,,102021,36,,,0,100,,102022,36,,,0,102,,102023,36,,,0,100,,102024,36,,,0,100,,102025,36,,,0,100,,102026,36,,,0,100,,102027,36,,,0
8101,'5462',927,,102028,36,,,0,101,,102029,36,,,0,102,,102030,36,,,0,100,,102031,36,,,0,100,,102032,36,,,0,101,,102033,36,,,0,100,,102034,36,,,0,100,,102035,36,,,0,102,,102036,36,,,0,100,,102037,36,,,0,100,,102038,36,,,0,100,,102039,36,,,0,100,,102040,36,,,0
8101,'5463',927,,102041,36,,,0,101,,102042,36,,,0,102,,102043,36,,,0,100,,102044,36,,,0,100,,102045,36,,,0,101,,102046,36,,,0,100,,102047,36,,,0,100,,102048,36,,,0,102,,102049,36,,,0,100,,102050,36,,,0,100,,102051,36,,,0,100,,102052,36,,,0,100,,102053,36,,,0
8700,'5456',705,,102160,4,,,0,200,,102161,4,,,0,200,,102162,4,,,0,200,,102163,4,0,13 14,0,200,,102165,4,,,0,203,,102166,4,,,0
8700,'5458',705,,102167,4,,,0,200,,102168,4,,,0,200,,102169,4,,,0,200,,102170,4,0,13 14,0,200,,102172,4,,,0,203,,102173,4,,,0
