7100,'5456',1557,,101068,25,,,0,143,,101069,25,,,0,104,,101067,25,,,0
7100,'5458',1557,,101071,25,,,0,143,,101072,25,,,0,104,,101070,25,,,0
8700,'5456',738,,102160,33,,,0,201,,102161,33,,,0,200,,102162,33,,,0,205,,102164,26,,,0,195,,102165,33,,,0,202,,102166,33,,,0
8700,'5458',738,,102167,33,,,0,201,,102168,33,,,0,200,,102169,33,,,0,205,,102171,26,,,0,195,,102172,33,,,0,202,,102173,33,,,0
8800,'5456',839,,102186,7,,,0,200,,102187,7,,,0,200,,102188,7,,,0,200,,102189,7,,,0,200,,102190,7,,,0,207,,102191,7,,,0
8800,'5458',839,,102192,7,,,0,200,,102193,7,,,0,200,,102194,7,,,0,200,,102195,7,,,0,200,,102196,7,,,0,207,,102197,7,,,0
8800,'5459',814,,102206,7,,,0,98,,102207,7,,,0,100,,102208,7,,,0,100,,102209,7,,,0,100,,102210,7,,,0,99,,102211,7,,,0,100,,102202,7,,,0,100,,102203,7,,,0,100,,102204,7,,,0,100,,102205,7,,,0,98,,102199,7,,,0,100,,102200,7,,,0,102,,102201,7,,,0,100,,102198,7,,,0
8800,'5460',814,,102217,7,,,0,94,,102218,7,,,0,100,,102219,7,,,0,101,,102220,7,,,0,101,,102221,7,,,0,100,,102222,7,,,0,99,,102213,7,,,0,99,,102214,7,,,0,100,,102215,7,,,0,101,,102216,7,,,0,102,,102224,7,,,0,99,,102225,7,,,0,100,,102212,7,,,0,98,,102223,7,,,0
8800,'5461',814,,102231,7,,,0,94,,102232,7,,,0,100,,102233,7,,,0,101,,102234,7,,,0,101,,102235,7,,,0,100,,102236,7,,,0,99,,102227,7,,,0,99,,102228,7,,,0,100,,102229,7,,,0,101,,102230,7,,,0,102,,102238,7,,,0,99,,102239,7,,,0,100,,102226,7,,,0,98,,102237,7,,,0
8800,'5462',814,,102245,7,,,0,94,,102246,7,,,0,100,,102247,7,,,0,101,,102248,7,,,0,101,,102249,7,,,0,100,,102250,7,,,0,99,,102241,7,,,0,99,,102242,7,,,0,100,,102243,7,,,0,101,,102244,7,,,0,102,,102252,7,,,0,99,,102253,7,,,0,100,,102240,7,,,0,98,,102251,7,,,0
8800,'5463',814,,102259,7,,,0,94,,102260,7,,,0,100,,102261,7,,,0,101,,102262,7,,,0,101,,102263,7,,,0,100,,102264,7,,,0,99,,102255,7,,,0,99,,102256,7,,,0,100,,102257,7,,,0,101,,102258,7,,,0,102,,102266,7,,,0,99,,102267,7,,,0,100,,102254,7,,,0,98,,102265,7,,,0
1008800,'5456',628,,103793,7,,,0,185,,103797,7,,,0,96,,103795,7,,,0,100,,103794,7,,,0,100,,103796,7,,,0,100,,103799,7,,,0,100,,103798,7,,,0,100,,103800,7,,,0,100,,103801,7,,,0,100,,103802,7,,,0,100,,103803,7,,,0,107,,103804,7,,,0,98,,103805,7,,,0,30,,103807,7,,,0,70,,103806,7,,,0,31,,103809,7,,,0,70,,103808,7,,,0
1008800,'5458',628,,103810,7,,,0,185,,103814,7,,,0,96,,103812,7,,,0,100,,103811,7,,,0,100,,103813,7,,,0,100,,103816,7,,,0,100,,103815,7,,,0,100,,103817,7,,,0,100,,103818,7,,,0,100,,103819,7,,,0,100,,103820,7,,,0,107,,103821,7,,,0,98,,103822,7,,,0,30,,103824,7,,,0,70,,103823,7,,,0,31,,103826,7,,,0,70,,103825,7,,,0
