901,'5456',1726,,90767,44,,,0,79,,90768,44,,,0
901,'5458',1726,,90775,44,,,0,79,,90776,44,,,0
2100,'5456',632,,93607,1,0,18 19,0,7,,93606,29,,,0,70,,93626,29,,,0,18,,93605,29,,,0,16,,93631,29,,,0,59,,93619,29,,,0,10,,93651,29,,,0,5,,93639,29,,,0,16,,93610,29,,,0,14,,93634,29,,,0,76,,93641,29,,,0,78,,93611,29,,,0,41,,93638,29,,,0,80,,93612,29,,,0,21,,93643,29,0,18 19,0,61,,93624,29,,,0,41,,93632,29,,,0,80,,93614,29,,,0,78,,93647,29,,,0,19,,93644,29,,,0,17,,93627,29,,,0,75,,93650,29,,,0,18,,93629,29,,,0,17,,93635,29,,,0,60,,93618,29,,,0,18,,93617,29,,,0,19,,93648,29,0,18 19,0,58,,93645,29,,,0,17,,93628,29,,,0,17,,93620,29,,,0
2100,'5458',632,,93654,1,0,18 19,0,7,,93653,29,,,0,70,,93673,29,,,0,18,,93652,29,,,0,16,,93678,29,,,0,59,,93666,29,,,0,10,,93698,29,,,0,5,,93686,29,,,0,16,,93657,29,,,0,14,,93681,29,,,0,76,,93688,29,,,0,78,,93658,29,,,0,41,,93685,29,,,0,80,,93659,29,,,0,21,,93690,29,0,18 19,0,61,,93671,29,,,0,41,,93679,29,,,0,80,,93661,29,,,0,78,,93694,29,,,0,19,,93691,29,,,0,17,,93674,29,,,0,75,,93697,29,,,0,18,,93676,29,,,0,17,,93682,29,,,0,60,,93665,29,,,0,18,,93664,29,,,0,19,,93695,29,0,18 19,0,58,,93692,29,,,0,17,,93675,29,,,0,17,,93667,29,,,0
2100,'5459',853,,93709,29,0,18 19,0,387,,93700,29,0,18 19,0,199,,93701,29,0,18 19,0,202,,93715,29,0,18 19,0,199,,93710,29,0,18 19,0
2100,'5460',913,,93730,29,0,18 19,0,322,,93728,29,0,18 19,0,203,,93734,29,0,18 19,0,200,,93740,29,0,18 19,0,197,,93746,29,0,18 19,0
2100,'5461',913,,93755,29,0,18 19,0,322,,93753,29,0,18 19,0,203,,93759,29,0,18 19,0,200,,93765,29,0,18 19,0,197,,93771,29,0,18 19,0
2100,'5462',913,,93780,29,0,18 19,0,322,,93778,29,0,18 19,0,203,,93784,29,0,18 19,0,200,,93790,29,0,18 19,0,197,,93796,29,0,18 19,0
2100,'5463',913,,93805,29,0,18 19,0,322,,93803,29,0,18 19,0,203,,93809,29,0,18 19,0,200,,93815,29,0,18 19,0,197,,93821,29,0,18 19,0
3800,'5456',612,,97942,17,,,0,20,,97941,37,,,0,68,,97943,37,,,0,19,,97945,37,,,0,15,,97948,37,,,0,17,,97949,37,,,0,58,,97951,37,,,0,30,,97944,37,,,0,75,,97946,37,,,0,27,,97947,37,,,0,98,,97953,37,,,0,100,,97950,37,,,0,102,,97954,37,,,0,103,,97952,37,,,0,97,,97955,37,,,0,81,,97956,37,,,0,32,,97961,37,,,0,72,,97957,37,,,0,32,,97964,37,,,0,70,,97958,37,,,0,30,,97959,37,,,0,79,,97962,37,,,0,101,,97960,37,,,0,104,,97963,37,,,0
3800,'5458',612,,97968,17,,,0,20,,97967,37,,,0,68,,97969,37,,,0,19,,97971,37,,,0,15,,97974,37,,,0,17,,97975,37,,,0,58,,97977,37,,,0,30,,97970,37,,,0,75,,97972,37,,,0,27,,97973,37,,,0,98,,97979,37,,,0,100,,97976,37,,,0,102,,97980,37,,,0,103,,97978,37,,,0,97,,97981,37,,,0,81,,97982,37,,,0,32,,97987,37,,,0,72,,97983,37,,,0,32,,97990,37,,,0,70,,97984,37,,,0,30,,97985,37,,,0,79,,97988,37,,,0,101,,97986,37,,,0,104,,97989,37,,,0
