7201,'4832',713,,86119,21,,,0,100,,86120,21,,,0,100,,86121,21,,,0,104,,86122,21,,,0,100,,86124,21,,,0,30,,86125,21,,,0,70,,86118,21,,,0,30,,86123,21,,,0,70,,86126,21,,,0,30,,86128,21,,,0,70,,86129,21,,,0,30,,86130,21,,,0,70,,86127,21,,,0,30,,86131,21,,,0,70,,86132,21,,,0,30,,86133,21,,,0,74,,86134,21,,,0,28,,86135,21,,,0,72,,86136,21,,,0,30,,86137,21,,,0,70,,86139,21,,,0,29,,86138,21,,,0,70,,86140,21,,,0,30,,86141,21,,,0,70,,86142,21,,,0,95,,86143,21,,,0,100,,86144,21,,,0
7201,'5453',713,,81140,21,,,0,100,,86146,21,,,0,100,,86147,21,,,0,104,,86148,21,,,0,100,,86150,21,,,0,30,,86151,21,,,0,70,,86145,21,,,0,30,,86149,21,,,0,70,,86152,21,,,0,30,,86154,21,,,0,70,,86155,21,,,0,30,,86156,21,,,0,70,,86153,21,,,0,30,,86157,21,,,0,70,,86158,21,,,0,30,,86159,21,,,0,74,,86160,21,,,0,28,,86161,21,,,0,72,,86162,21,,,0,30,,86163,21,,,0,70,,86165,21,,,0,29,,86164,21,,,0,70,,86166,21,,,0,30,,86167,21,,,0,70,,86168,21,,,0,95,,86169,21,,,0,100,,86170,21,,,0
7201,'5456',544,,101280,21,,,0,80,,101283,21,,,0,30,,101281,21,,,0,71,,101285,21,,,0,32,,101295,21,,,0,61,,101290,21,,,0,27,,101282,21,,,0,70,,101284,21,,,0,30,,101288,21,,,0,70,,101286,21,,,0,30,,101287,21,,,0,73,,101294,21,,,0,30,,101289,21,,,0,70,,101291,21,,,0,30,,101292,21,,,0,70,,101299,21,,,0,30,,101302,21,,,0,71,,101293,21,,,0,30,,101304,21,,,0,70,,101308,21,,,0,15,,101309,17,0,13 14,0,16,,101296,21,,,0,68,,101297,21,,,0,31,,101303,21,,,0,71,,101311,21,,,0,30,,101298,21,,,0,69,,101305,21,,,0,30,,101307,21,,,0,69,,101300,21,,,0,30,,101301,21,,,0,70,,101310,21,,,0,30,,101312,21,,,0,70,,101306,21,,,0
7201,'5457',1429,,101313,17,,,0
7201,'5458',544,,101314,21,,,0,80,,101317,21,,,0,30,,101315,21,,,0,71,,101319,21,,,0,32,,101330,21,,,0,61,,101324,21,,,0,27,,101316,21,,,0,70,,101318,21,,,0,30,,101322,21,,,0,70,,101320,21,,,0,30,,101321,21,,,0,73,,101329,21,,,0,30,,101323,21,,,0,70,,101325,21,,,0,30,,101326,21,,,0,70,,101334,21,,,0,30,,101337,21,,,0,71,,101328,21,,,0,10,,101327,17,,,0,20,,101339,21,,,0,70,,101343,21,,,0,15,,101344,17,0,13 14,0,16,,101331,21,,,0,68,,101332,21,,,0,31,,101338,21,,,0,71,,101346,21,,,0,30,,101333,21,,,0,69,,101340,21,,,0,30,,101342,21,,,0,69,,101335,21,,,0,30,,101336,21,,,0,70,,101345,21,,,0,30,,101347,21,,,0,70,,101341,21,,,0
7201,'5459',612,,101376,21,,,0,102,,101349,21,,,0,99,,101350,21,,,0,33,,101351,21,,,0,71,,101352,21,,,0,30,,101353,21,,,0,71,,101354,21,,,0,29,,101355,21,,,0,71,,101356,21,,,0,30,,101357,21,,,0,70,,101348,21,,,0,30,,101358,21,,,0,69,,101359,21,,,0,31,,101360,21,,,0,74,,101361,21,,,0,31,,101362,21,,,0,69,,101363,21,,,0,31,,101364,21,,,0,69,,101365,21,,,0,26,,101366,21,,,0,69,,101367,21,,,0,30,,101368,21,,,0,69,,101369,21,,,0,30,,101370,21,,,0,69,,101371,21,,,0,30,,101372,21,,,0,71,,101373,21,,,0,29,,101374,21,,,0,70,,101375,21,,,0
7201,'5460',713,,101378,21,,,0,100,,101379,21,,,0,100,,101380,21,,,0,104,,101381,21,,,0,100,,101383,21,,,0,30,,101384,21,,,0,70,,101377,21,,,0,30,,101382,21,,,0,70,,101385,21,,,0,30,,101387,21,,,0,70,,101388,21,,,0,30,,101389,21,,,0,70,,101386,21,,,0,30,,101390,21,,,0,70,,101391,21,,,0,30,,101392,21,,,0,74,,101393,21,,,0,28,,101394,21,,,0,72,,101395,21,,,0,30,,101396,21,,,0,70,,101398,21,,,0,29,,101397,21,,,0,70,,101399,21,,,0,30,,101400,21,,,0,70,,101401,21,,,0
7201,'5461',713,,101403,21,,,0,100,,101404,21,,,0,100,,101405,21,,,0,104,,101406,21,,,0,100,,101408,21,,,0,30,,101409,21,,,0,70,,101402,21,,,0,30,,101407,21,,,0,70,,101410,21,,,0,30,,101412,21,,,0,70,,101413,21,,,0,30,,101414,21,,,0,70,,101411,21,,,0,30,,101415,21,,,0,70,,101416,21,,,0,30,,101417,21,,,0,74,,101418,21,,,0,28,,101419,21,,,0,72,,101420,21,,,0,30,,101421,21,,,0,70,,101423,21,,,0,29,,101422,21,,,0,70,,101424,21,,,0,30,,101425,21,,,0,70,,101426,21,,,0
7201,'5462',713,,101428,21,,,0,100,,101429,21,,,0,100,,101430,21,,,0,104,,101431,21,,,0,100,,101433,21,,,0,30,,101434,21,,,0,70,,101427,21,,,0,30,,101432,21,,,0,70,,101435,21,,,0,30,,101437,21,,,0,70,,101438,21,,,0,30,,101439,21,,,0,70,,101436,21,,,0,30,,101440,21,,,0,70,,101441,21,,,0,30,,101442,21,,,0,74,,101443,21,,,0,28,,101444,21,,,0,72,,101445,21,,,0,30,,101446,21,,,0,70,,101448,21,,,0,29,,101447,21,,,0,70,,101449,21,,,0,30,,101450,21,,,0,70,,101451,21,,,0
7201,'5463',713,,101453,21,,,0,100,,101454,21,,,0,100,,101455,21,,,0,104,,101456,21,,,0,100,,101458,21,,,0,30,,101459,21,,,0,70,,101452,21,,,0,30,,101457,21,,,0,70,,101460,21,,,0,30,,101462,21,,,0,70,,101463,21,,,0,30,,101464,21,,,0,70,,101461,21,,,0,30,,101465,21,,,0,70,,101466,21,,,0,30,,101467,21,,,0,74,,101468,21,,,0,28,,101469,21,,,0,72,,101470,21,,,0,30,,101471,21,,,0,70,,101473,21,,,0,29,,101472,21,,,0,70,,101474,21,,,0,30,,101475,21,,,0,70,,101476,21,,,0
8101,'4832',915,,81438,21,,,0,101,,75990,21,,,0,102,,75991,21,,,0,100,,75992,21,,,0,100,,81439,21,,,0,101,,86385,21,,,0,100,,86386,21,,,0,100,,86387,21,,,0,102,,86388,21,,,0,100,,75998,21,,,0,100,,75999,21,,,0,100,,81441,21,,,0,100,,86389,21,,,0
8101,'5453',915,,81455,21,,,0,101,,81456,21,,,0,102,,81457,21,,,0,100,,81458,21,,,0,100,,86390,21,,,0,101,,86391,21,,,0,100,,86392,21,,,0,100,,86393,21,,,0,102,,86394,21,,,0,100,,86395,21,,,0,100,,81465,21,,,0,100,,81466,21,,,0,100,,81467,21,,,0
8101,'5456',537,,101957,6,,,0,169,,101958,21,,,0,33,,101960,6,,,0,179,,101959,21,,,0,103,,101961,21,,,0,97,,101962,21,,,0,100,,101963,21,,,0,100,,101964,21,,,0,100,,101965,21,,,0,102,,101966,21,,,0,99,,101967,21,,,0,98,,101968,21,,,0,100,,101969,21,,,0,99,,101970,21,,,0,100,,101971,21,,,0,99,,101972,21,,,0
8101,'5458',537,,101973,6,,,0,169,,101974,21,,,0,33,,101976,6,,,0,179,,101975,21,,,0,103,,101977,21,,,0,97,,101978,21,,,0,100,,101979,21,,,0,100,,101980,21,,,0,100,,101981,21,,,0,102,,101982,21,,,0,99,,101983,21,,,0,98,,101984,21,,,0,100,,101985,21,,,0,99,,101986,21,,,0,100,,101987,21,,,0,99,,101988,21,,,0
8101,'5459',915,,101989,21,,,0,103,,101990,21,,,0,100,,101991,21,,,0,100,,101992,21,,,0,100,,101993,21,,,0,104,,101994,21,,,0,100,,101995,21,,,0,100,,101996,21,,,0,96,,101997,21,,,0,97,,101998,21,,,0,100,,101999,21,,,0,100,,102000,21,,,0,100,,102001,21,,,0
8101,'5460',915,,102002,21,,,0,101,,102003,21,,,0,102,,102004,21,,,0,100,,102005,21,,,0,100,,102006,21,,,0,101,,102007,21,,,0,100,,102008,21,,,0,100,,102009,21,,,0,102,,102010,21,,,0,100,,102011,21,,,0,100,,102012,21,,,0,100,,102013,21,,,0,100,,102014,21,,,0
8101,'5461',915,,102015,21,,,0,101,,102016,21,,,0,102,,102017,21,,,0,100,,102018,21,,,0,100,,102019,21,,,0,101,,102020,21,,,0,100,,102021,21,,,0,100,,102022,21,,,0,102,,102023,21,,,0,100,,102024,21,,,0,100,,102025,21,,,0,100,,102026,21,,,0,100,,102027,21,,,0
8101,'5462',915,,102028,21,,,0,101,,102029,21,,,0,102,,102030,21,,,0,100,,102031,21,,,0,100,,102032,21,,,0,101,,102033,21,,,0,100,,102034,21,,,0,100,,102035,21,,,0,102,,102036,21,,,0,100,,102037,21,,,0,100,,102038,21,,,0,100,,102039,21,,,0,100,,102040,21,,,0
8101,'5463',915,,102041,21,,,0,101,,102042,21,,,0,102,,102043,21,,,0,100,,102044,21,,,0,100,,102045,21,,,0,101,,102046,21,,,0,100,,102047,21,,,0,100,,102048,21,,,0,102,,102049,21,,,0,100,,102050,21,,,0,100,,102051,21,,,0,100,,102052,21,,,0,100,,102053,21,,,0
1007201,'5456',2215,,103776,21,,,0,99,,103778,21,,,0,100,,103777,21,,,0
1007201,'5458',2215,,103779,21,,,0,99,,103781,21,,,0,100,,103780,21,,,0
1007201,'5459',2216,,103782,21,,,0,98,,103783,21,,,0,100,,103784,21,,,0
1007201,'5460',2215,,103785,21,,,0,100,,103786,21,,,0
1007201,'5461',2215,,103787,21,,,0,100,,103788,21,,,0
1007201,'5462',2215,,103789,21,,,0,100,,103790,21,,,0
1007201,'5463',2215,,103791,21,,,0,100,,103792,21,,,0
