2500,'5456',600,,94640,18,,,0,35,,94642,18,,,0,71,,94646,18,,,0,38,,94641,18,,,0,69,,94643,18,,,0,95,,94644,18,,,0,104,,94645,18,,,0,101,,94647,18,,,0,100,,94648,18,,,0,98,,94649,18,,,0,100,,94650,18,,,0,97,,94651,10,,,0,41,,94652,18,,,0,87,,94653,18,,,0,95,,94654,18,,,0,102,,94655,18,,,0,100,,94656,18,,,0,121,,94657,18,,,0,167,,94658,18,,,0,132,,94659,18,0,5,0
2500,'5458',600,,94660,18,,,0,35,,94662,18,,,0,71,,94666,18,,,0,38,,94661,18,,,0,69,,94663,18,,,0,95,,94664,18,,,0,104,,94665,18,,,0,101,,94667,18,,,0,100,,94668,18,,,0,98,,94669,18,,,0,100,,94670,18,,,0,97,,94671,10,,,0,41,,94672,18,,,0,87,,94673,18,,,0,95,,94674,18,,,0,102,,94675,18,,,0,100,,94676,18,,,0,121,,94677,18,,,0,167,,94678,18,,,0,132,,94679,18,0,5,0
2500,'5459',744,,94686,18,,,0,109,,94684,18,,,0,154,,94688,18,,,0,101,,94682,18,,,0,100,,94680,18,,,0,98,,94681,18,,,0,100,,94683,18,,,0,99,,94687,18,,,0,100,,94685,18,,,0,101,,94689,18,,,0,102,,94690,18,,,0,124,,94691,18,,,0,121,,94692,18,,,0,169,,94693,18,,,0,130,,94694,18,0,5,0
2500,'5460',735,,94697,18,,,0,168,,94695,18,,,0,129,,94696,18,,,0,170,,94698,18,,,0,132,,94699,18,,,0,169,,94700,18,,,0,133,,94701,18,,,0,169,,94702,18,,,0,130,,94703,18,,,0,120,,94704,18,,,0,168,,94705,18,,,0
2500,'5461',735,,94708,18,,,0,168,,94706,18,,,0,129,,94707,18,,,0,170,,94709,18,,,0,132,,94710,18,,,0,169,,94711,18,,,0,133,,94712,18,,,0,169,,94713,18,,,0,130,,94714,18,,,0,120,,94715,18,,,0,168,,94716,18,,,0
2500,'5462',735,,94719,18,,,0,168,,94717,18,,,0,129,,94718,18,,,0,170,,94720,18,,,0,132,,94721,18,,,0,169,,94722,18,,,0,133,,94723,18,,,0,169,,94724,18,,,0,130,,94725,18,,,0,120,,94726,18,,,0,168,,94727,18,,,0
2500,'5463',735,,94730,18,,,0,168,,94728,18,,,0,129,,94729,18,,,0,170,,94731,18,,,0,132,,94732,18,,,0,169,,94733,18,,,0,133,,94734,18,,,0,169,,94735,18,,,0,130,,94736,18,,,0,120,,94737,18,,,0,168,,94738,18,,,0
4001,'5456',613,,98453,33,,,0,100,,98451,33,,,0,27,,98452,33,,,0,98,,98450,33,,,0,94,,98446,33,,,0,99,,98444,33,,,0,100,,98449,33,,,0,103,,98439,33,,,0,102,,98445,33,,,0,101,,98438,33,,,0,111,,98448,33,,,0,75,,98436,33,,,0,34,,98437,33,,,0,71,,98435,33,,,0,73,,98447,33,,,0,44,,98441,33,,,0,94,,98443,33,,,0,98,,98440,33,,,0,164,,98442,33,,,0
4001,'5458',613,,98472,33,,,0,100,,98470,33,,,0,27,,98471,33,,,0,98,,98469,33,,,0,94,,98465,33,,,0,99,,98463,33,,,0,100,,98468,33,,,0,103,,98458,33,,,0,102,,98464,33,,,0,101,,98457,33,,,0,111,,98467,33,,,0,75,,98455,33,,,0,34,,98456,33,,,0,71,,98454,33,,,0,73,,98466,33,,,0,44,,98460,33,,,0,94,,98462,33,,,0,98,,98459,33,,,0,164,,98461,33,,,0
4001,'5459',651,,98482,33,,,0,168,,98485,33,,,0,102,,98473,33,,,0,100,,98475,33,,,0,101,,98481,33,,,0,101,,98483,33,,,0,100,,98474,33,,,0,100,,98476,33,,,0,100,,98479,33,,,0,100,,98484,33,,,0,100,,98477,33,,,0,98,,98478,33,,,0,99,,98480,33,,,0,97,,98486,33,,,0,130,,98487,33,,,0
4001,'5460',747,,98489,33,,,0,173,,98488,33,,,0,101,,98490,33,,,0,100,,98491,33,,,0,102,,98493,33,,,0,100,,98492,33,,,0,100,,98497,33,,,0,100,,98495,33,,,0,100,,98496,33,,,0,99,,98494,33,,,0,98,,98499,33,,,0,99,,98498,33,,,0,98,,98500,33,,,0
4001,'5461',747,,98502,33,,,0,173,,98501,33,,,0,101,,98503,33,,,0,100,,98504,33,,,0,102,,98506,33,,,0,100,,98505,33,,,0,100,,98510,33,,,0,100,,98508,33,,,0,100,,98509,33,,,0,99,,98507,33,,,0,98,,98512,33,,,0,99,,98511,33,,,0,98,,98513,33,,,0
4001,'5462',747,,98515,33,,,0,173,,98514,33,,,0,101,,98516,33,,,0,100,,98517,33,,,0,102,,98519,33,,,0,100,,98518,33,,,0,100,,98523,33,,,0,100,,98521,33,,,0,100,,98522,33,,,0,99,,98520,33,,,0,98,,98525,33,,,0,99,,98524,33,,,0,98,,98526,33,,,0
4001,'5463',747,,98528,33,,,0,173,,98527,33,,,0,101,,98529,33,,,0,100,,98530,33,,,0,102,,98532,33,,,0,100,,98531,33,,,0,100,,98536,33,,,0,100,,98534,33,,,0,100,,98535,33,,,0,99,,98533,33,,,0,98,,98538,33,,,0,99,,98537,33,,,0,98,,98539,33,,,0
4600,'5456',619,,98547,33,,,0,19,,98548,33,,,0,72,,98557,33,,,0,29,,98559,33,,,0,76,,98549,33,,,0,97,,98546,33,,,0,94,,98558,33,,,0,339,,98555,33,,,0,111,,98550,33,,,0,74,,98556,33,,,0,77,,98551,33,,,0,95,,98552,33,,,0,28,,98553,33,,,0,87,,98554,33,,,0
4600,'5458',619,,98561,33,,,0,19,,98562,33,,,0,72,,98571,33,,,0,29,,98573,33,,,0,76,,98563,33,,,0,97,,98560,33,,,0,94,,98572,33,,,0,339,,98569,33,,,0,111,,98564,33,,,0,74,,98570,33,,,0,77,,98565,33,,,0,95,,98566,33,,,0,28,,98567,33,,,0,87,,98568,33,,,0
