6101,'5456',540,,100607,36,,,0,68,,100605,36,,,0,29,,100600,36,,,0,67,,100599,36,,,0,38,,100610,36,,,0,80,,100606,36,,,0,37,,100601,36,,,0,64,,100611,36,,,0,34,,100596,36,,,0,88,,100603,36,,,0,77,,100609,36,,,0,37,,100597,36,,,0,78,,100602,36,,,0,77,,100608,36,,,0,26,,100595,36,,,0,77,,100604,36,,,0,35,,100593,36,,,0,68,,100592,1,,,0,4,,100591,36,,,0,31,,100590,36,,,0,69,,100612,59,,,0,17,,100586,36,,,0,15,,100598,59,,,0,70,,100587,59,,,0,23,,100585,59,,,0,54,,100594,59,,,0,19,,100580,59,,,0,36,,100589,59,,,0,54,,100588,36,,,0,30,,100581,36,,,0,86,,100579,36,,,0,89,,100582,36,,,0,97,,100577,36,,,0,43,,100584,36,,,0,97,,100578,36,,,0,85,,100583,36,,,0
6101,'5458',540,,100644,36,,,0,68,,100642,36,,,0,29,,100637,36,,,0,67,,100636,36,,,0,38,,100647,36,,,0,80,,100643,36,,,0,37,,100638,36,,,0,64,,100648,36,,,0,34,,100633,36,,,0,88,,100640,36,,,0,77,,100646,36,,,0,37,,100634,36,,,0,78,,100639,36,,,0,77,,100645,36,,,0,26,,100632,36,,,0,70,,100631,1,,,0,7,,100641,36,,,0,35,,100629,36,,,0,72,,100628,36,,,0,31,,100627,36,,,0,69,,100649,59,,,0,17,,100623,36,,,0,15,,100635,59,,,0,70,,100624,59,,,0,23,,100622,59,,,0,54,,100630,59,,,0,19,,100617,59,,,0,36,,100626,59,,,0,54,,100625,36,,,0,30,,100618,36,,,0,86,,100616,36,,,0,89,,100619,36,,,0,97,,100614,36,,,0,43,,100621,36,,,0,97,,100615,36,,,0,85,,100620,36,,,0,99,,100613,36,,,0
6101,'5459',612,,100650,35,,,0,96,,100651,36,,,0,38,,100652,36,,,0,101,,100653,36,,,0,84,,100654,36,,,0,90,,100655,36,,,0,31,,100656,36,,,0,88,,100657,36,,,0,72,,100658,36,,,0,32,,100659,36,,,0,84,,100660,36,,,0,78,,100661,36,,,0,36,,100662,36,,,0,75,,100663,36,,,0,26,,100664,36,,,0,76,,100665,36,,,0,38,,100666,36,,,0,73,,100667,36,,,0,74,,100668,36,,,0,36,,100669,36,,,0,76,,100670,36,,,0,36,,100671,36,,,0,81,,100672,36,,,0,83,,100673,36,,,0,97,,100674,36,,,0,46,,100675,36,,,0,99,,100676,36,,,0,82,,100677,36,,,0,100,,100678,36,,,0
6101,'5460',617,,100681,35,,,0,102,,100679,35,,,0,34,,100682,36,,,0,89,,100680,36,,,0,94,,100683,36,,,0,87,,100684,36,,,0,88,,100685,36,,,0,47,,100686,36,,,0,143,,100687,36,,,0,46,,100688,36,,,0,101,,100689,36,,,0,85,,100690,36,,,0,101,,100691,36,,,0,80,,100692,36,,,0,100,,100693,36,,,0,89,,100694,36,,,0,97,,100695,36,,,0,100,,100696,36,,,0,41,,100697,36,,,0,99,,100698,36,,,0,96,,100699,36,,,0
6101,'5461',617,,100702,35,,,0,102,,100700,35,,,0,34,,100703,36,,,0,89,,100701,36,,,0,94,,100704,36,,,0,87,,100705,36,,,0,88,,100706,36,,,0,47,,100707,36,,,0,143,,100708,36,,,0,46,,100709,36,,,0,101,,100710,36,,,0,85,,100711,36,,,0,101,,100712,36,,,0,80,,100713,36,,,0,100,,100714,36,,,0,89,,100715,36,,,0,97,,100716,36,,,0,100,,100717,36,,,0,41,,100718,36,,,0,99,,100719,36,,,0,96,,100720,36,,,0
6101,'5462',617,,100723,35,,,0,102,,100721,35,,,0,34,,100724,36,,,0,89,,100722,36,,,0,94,,100725,36,,,0,87,,100726,36,,,0,88,,100727,36,,,0,47,,100728,36,,,0,143,,100729,36,,,0,46,,100730,36,,,0,101,,100731,36,,,0,85,,100732,36,,,0,101,,100733,36,,,0,80,,100734,36,,,0,100,,100735,36,,,0,89,,100736,36,,,0,97,,100737,36,,,0,100,,100738,36,,,0,41,,100739,36,,,0,99,,100740,36,,,0,96,,100741,36,,,0
6101,'5463',617,,100744,35,,,0,102,,100742,35,,,0,34,,100745,36,,,0,89,,100743,36,,,0,94,,100746,36,,,0,87,,100747,36,,,0,88,,100748,36,,,0,47,,100749,36,,,0,143,,100750,36,,,0,46,,100751,36,,,0,101,,100752,36,,,0,85,,100753,36,,,0,101,,100754,36,,,0,80,,100755,36,,,0,100,,100756,36,,,0,89,,100757,36,,,0,97,,100758,36,,,0,100,,100759,36,,,0,41,,100760,36,,,0,99,,100761,36,,,0,96,,100762,36,,,0
6401,'5456',740,,100789,78,,,0,203,,100788,33,,,0,378,,100786,78,,,0,291,,100787,29,,,0
6401,'5458',740,,100796,78,,,0,203,,100795,33,,,0,378,,100793,78,,,0,291,,100794,29,,,0
6501,'5456',1714,,100808,54,,,0,25,,100810,54,,,0,71,,100807,54,,,0,24,,100809,54,,,0
6501,'5458',1714,,100812,54,,,0,25,,100814,54,,,0,71,,100811,54,,,0,24,,100813,54,,,0
