7100,'5456',1602,,101068,27,,,0,104,,101069,27,,,0,103,,101067,27,,,0
7100,'5458',1602,,101071,27,,,0,104,,101072,27,,,0,103,,101070,27,,,0
8300,'5456',735,,102055,48,,,0,204,,102054,48,,,0,179,,102056,48,,,0,208,,102057,48,,,0,200,,102058,48,,,0,212,,102059,48,,,0,205,,102060,48,,,0
8300,'5458',735,,102062,48,,,0,204,,102061,48,,,0,179,,102063,48,,,0,208,,102064,48,,,0,200,,102065,48,,,0,212,,102066,48,,,0,205,,102067,48,,,0
8300,'5459',1121,,102070,48,,,0,301,,102071,48,,,0,303,,102069,48,,,0,299,,102068,48,,,0
8300,'5460',1120,,102074,48,,,0,300,,102075,48,,,0,303,,102073,48,,,0,300,,102072,48,,,0
8300,'5461',1120,,102078,48,,,0,300,,102079,48,,,0,303,,102077,48,,,0,300,,102076,48,,,0
8300,'5462',1120,,102082,48,,,0,300,,102083,48,,,0,303,,102081,48,,,0,300,,102080,48,,,0
8300,'5463',1120,,102086,48,,,0,300,,102087,48,,,0,303,,102085,48,,,0,300,,102084,48,,,0
8500,'5456',710,,102124,43,,,0,98,,102125,43,,,0,200,,102126,43,,,0,200,,102127,43,,,0,200,,102128,43,,,0,200,,102129,43,,,0,199,,102130,43,,,0,199,,102131,43,,,0
8500,'5458',710,,102132,43,,,0,98,,102133,43,,,0,200,,102134,43,,,0,200,,102135,43,,,0,200,,102136,43,,,0,200,,102137,43,,,0,199,,102138,43,,,0,199,,102139,43,,,0
8500,'5459',915,,102141,43,,,0,300,,102142,43,,,0,306,,102143,43,,,0,299,,102140,43,,,0
8500,'5460',915,,102146,43,,,0,300,,102147,43,,,0,306,,102144,43,,,0,299,,102145,43,,,0
8500,'5461',915,,102150,43,,,0,300,,102151,43,,,0,306,,102148,43,,,0,299,,102149,43,,,0
8500,'5462',915,,102154,43,,,0,300,,102155,43,,,0,306,,102152,43,,,0,299,,102153,43,,,0
8500,'5463',915,,102158,43,,,0,300,,102159,43,,,0,306,,102156,43,,,0,299,,102157,43,,,0
8700,'5456',747,,102160,39,,,0,201,,102161,39,,,0,201,,102162,39,,,0,205,,102164,32,,,0,195,,102165,39,,,0,201,,102166,39,,,0
8700,'5458',747,,102167,39,,,0,201,,102168,39,,,0,201,,102169,39,,,0,205,,102171,32,,,0,195,,102172,39,,,0,201,,102173,39,,,0
8800,'5456',848,,102186,13,,,0,200,,102187,13,,,0,201,,102188,13,,,0,200,,102189,13,,,0,200,,102190,13,,,0,206,,102191,13,,,0
8800,'5458',848,,102192,13,,,0,200,,102193,13,,,0,201,,102194,13,,,0,200,,102195,13,,,0,200,,102196,13,,,0,206,,102197,13,,,0
8800,'5459',823,,102206,13,,,0,98,,102207,13,,,0,100,,102208,13,,,0,100,,102209,13,,,0,100,,102210,13,,,0,99,,102211,13,,,0,100,,102202,13,,,0,100,,102203,13,,,0,100,,102204,13,,,0,100,,102205,13,,,0,98,,102199,13,,,0,100,,102200,13,,,0,102,,102201,13,,,0,100,,102198,13,,,0
8800,'5460',823,,102217,13,,,0,94,,102218,13,,,0,100,,102219,13,,,0,101,,102220,13,,,0,101,,102221,13,,,0,100,,102222,13,,,0,99,,102213,13,,,0,99,,102214,13,,,0,100,,102215,13,,,0,101,,102216,13,,,0,102,,102224,13,,,0,99,,102225,13,,,0,100,,102212,13,,,0,98,,102223,13,,,0
8800,'5461',823,,102231,13,,,0,94,,102232,13,,,0,100,,102233,13,,,0,101,,102234,13,,,0,101,,102235,13,,,0,100,,102236,13,,,0,99,,102227,13,,,0,99,,102228,13,,,0,100,,102229,13,,,0,101,,102230,13,,,0,102,,102238,13,,,0,99,,102239,13,,,0,100,,102226,13,,,0,98,,102237,13,,,0
8800,'5462',823,,102245,13,,,0,94,,102246,13,,,0,100,,102247,13,,,0,101,,102248,13,,,0,101,,102249,13,,,0,100,,102250,13,,,0,99,,102241,13,,,0,99,,102242,13,,,0,100,,102243,13,,,0,101,,102244,13,,,0,102,,102252,13,,,0,99,,102253,13,,,0,100,,102240,13,,,0,98,,102251,13,,,0
8800,'5463',823,,102259,13,,,0,94,,102260,13,,,0,100,,102261,13,,,0,101,,102262,13,,,0,101,,102263,13,,,0,100,,102264,13,,,0,99,,102255,13,,,0,99,,102256,13,,,0,100,,102257,13,,,0,101,,102258,13,,,0,102,,102266,13,,,0,99,,102267,13,,,0,100,,102254,13,,,0,98,,102265,13,,,0
1008800,'5456',633,,103793,9,,,0,186,,103797,9,,,0,96,,103795,9,,,0,100,,103794,9,,,0,100,,103796,9,,,0,100,,103799,9,,,0,100,,103798,9,,,0,100,,103800,9,,,0,100,,103801,9,,,0,100,,103802,9,,,0,99,,103803,9,,,0,107,,103804,9,,,0,98,,103805,9,,,0,29,,103807,9,,,0,70,,103806,9,,,0,31,,103809,9,,,0,70,,103808,9,,,0
1008800,'5458',633,,103810,9,,,0,186,,103814,9,,,0,96,,103812,9,,,0,100,,103811,9,,,0,100,,103813,9,,,0,100,,103816,9,,,0,100,,103815,9,,,0,100,,103817,9,,,0,100,,103818,9,,,0,100,,103819,9,,,0,99,,103820,9,,,0,107,,103821,9,,,0,98,,103822,9,,,0,29,,103824,9,,,0,70,,103823,9,,,0,31,,103826,9,,,0,70,,103825,9,,,0
