2100,'5456',628,,93606,10,,,0,28,,93626,10,,,0,58,,93605,10,,,0,16,,93631,10,,,0,9,,93646,10,0,17,0,7,,93619,10,,,0,9,,93651,10,,,0,4,,93639,10,,,0,57,,93610,10,,,0,16,,93634,10,,,0,20,,93609,10,0,17,0,58,,93641,10,,,0,18,,93625,10,0,17,0,20,,93611,10,,,0,61,,93630,10,0,17,0,20,,93638,10,,,0,20,,93608,10,0,17,0,60,,93612,10,,,0,20,,93643,10,0,18 19,0,21,,93624,10,,,0,61,,93613,10,0,17,0,20,,93632,10,,,0,20,,93637,10,0,17,0,60,,93614,10,,,0,20,,93616,10,0,17,0,17,,93647,10,,,0,59,,93644,10,,,0,16,,93627,10,,,0,15,,93615,10,0,17,0,19,,93650,10,,,0,58,,93629,10,,,0,17,,93635,10,,,0,20,,93618,10,,,0,58,,93617,10,,,0,19,,93648,10,0,18 19,0,18,,93645,10,,,0,58,,93628,10,,,0,18,,93620,10,,,0,18,,93649,10,0,17,0,18,,93633,10,0,17,0,56,,93640,10,0,17,0,32,,93621,10,0,17,0,69,,93642,10,0,17,0,29,,93622,10,0,17,0,73,,93636,10,0,17,0,29,,93623,10,0,17,0
2100,'5458',628,,93653,10,,,0,28,,93673,10,,,0,58,,93652,10,,,0,16,,93678,10,,,0,9,,93693,10,0,17,0,7,,93666,10,,,0,9,,93698,10,,,0,4,,93686,10,,,0,57,,93657,10,,,0,16,,93681,10,,,0,20,,93656,10,0,17,0,58,,93688,10,,,0,18,,93672,10,0,17,0,20,,93658,10,,,0,61,,93677,10,0,17,0,20,,93685,10,,,0,20,,93655,10,0,17,0,60,,93659,10,,,0,20,,93690,10,0,18 19,0,21,,93671,10,,,0,61,,93660,10,0,17,0,20,,93679,10,,,0,20,,93684,10,0,17,0,60,,93661,10,,,0,20,,93663,10,0,17,0,17,,93694,10,,,0,59,,93691,10,,,0,16,,93674,10,,,0,15,,93662,10,0,17,0,19,,93697,10,,,0,58,,93676,10,,,0,17,,93682,10,,,0,20,,93665,10,,,0,58,,93664,10,,,0,19,,93695,10,0,18 19,0,18,,93692,10,,,0,58,,93675,10,,,0,18,,93667,10,,,0,18,,93696,10,0,17,0,18,,93680,10,0,17,0,56,,93687,10,0,17,0,32,,93668,10,0,17,0,69,,93689,10,0,17,0,29,,93669,10,0,17,0,73,,93683,10,0,17,0,29,,93670,10,0,17,0
2100,'5459',717,,93718,10,0,17,0,85,,93725,10,0,17,0,40,,93709,10,0,18 19,0,71,,93719,10,0,17,0,39,,93702,10,0,17,0,70,,93720,10,0,17,0,32,,93704,10,0,17,0,71,,93714,10,0,17,0,30,,93699,10,0,17,0,71,,93700,10,0,18 19,0,30,,93721,10,0,17,0,71,,93705,10,0,17,0,30,,93713,10,0,17,0,68,,93701,10,0,18 19,0,32,,93703,10,0,17,0,70,,93722,10,0,17,0,29,,93706,10,0,17,0,70,,93715,10,0,18 19,0,30,,93707,10,0,17,0,70,,93708,10,0,17,0,30,,93724,10,0,17,0,70,,93710,10,0,18 19,0,28,,93716,10,0,17,0,69,,93711,10,0,17,0,28,,93712,10,0,17,0,68,,93723,10,0,17,0,30,,93717,10,0,17,0
2100,'5460',742,,93743,10,0,17,0,75,,93742,10,0,17,0,85,,93730,10,0,18 19,0,37,,93741,10,0,17,0,83,,93744,10,0,17,0,30,,93726,10,0,17,0,70,,93729,10,0,17,0,30,,93732,10,0,17,0,70,,93728,10,0,18 19,0,31,,93731,10,0,17,0,70,,93727,10,0,17,0,30,,93733,10,0,17,0,70,,93734,10,0,18 19,0,30,,93736,10,0,17,0,70,,93737,10,0,17,0,30,,93735,10,0,17,0,70,,93740,10,0,18 19,0,30,,93738,10,0,17,0,70,,93739,10,0,17,0,29,,93745,10,0,17,0,70,,93746,10,0,18 19,0,28,,93748,10,0,17,0,69,,93747,10,0,17,0,30,,93750,10,0,17,0,70,,93749,10,0,17,0
2100,'5461',742,,93768,10,0,17,0,75,,93767,10,0,17,0,85,,93755,10,0,18 19,0,37,,93766,10,0,17,0,83,,93769,10,0,17,0,30,,93751,10,0,17,0,70,,93754,10,0,17,0,30,,93757,10,0,17,0,70,,93753,10,0,18 19,0,31,,93756,10,0,17,0,70,,93752,10,0,17,0,30,,93758,10,0,17,0,70,,93759,10,0,18 19,0,30,,93761,10,0,17,0,70,,93762,10,0,17,0,30,,93760,10,0,17,0,70,,93765,10,0,18 19,0,30,,93763,10,0,17,0,70,,93764,10,0,17,0,29,,93770,10,0,17,0,70,,93771,10,0,18 19,0,28,,93773,10,0,17,0,69,,93772,10,0,17,0,30,,93775,10,0,17,0,70,,93774,10,0,17,0
2100,'5462',742,,93793,10,0,17,0,75,,93792,10,0,17,0,85,,93780,10,0,18 19,0,37,,93791,10,0,17,0,83,,93794,10,0,17,0,30,,93776,10,0,17,0,70,,93779,10,0,17,0,30,,93782,10,0,17,0,70,,93778,10,0,18 19,0,31,,93781,10,0,17,0,70,,93777,10,0,17,0,30,,93783,10,0,17,0,70,,93784,10,0,18 19,0,30,,93786,10,0,17,0,70,,93787,10,0,17,0,30,,93785,10,0,17,0,70,,93790,10,0,18 19,0,30,,93788,10,0,17,0,70,,93789,10,0,17,0,29,,93795,10,0,17,0,70,,93796,10,0,18 19,0,28,,93798,10,0,17,0,69,,93797,10,0,17,0,30,,93800,10,0,17,0,70,,93799,10,0,17,0
2100,'5463',742,,93818,10,0,17,0,75,,93817,10,0,17,0,85,,93805,10,0,18 19,0,37,,93816,10,0,17,0,83,,93819,10,0,17,0,30,,93801,10,0,17,0,70,,93804,10,0,17,0,30,,93807,10,0,17,0,70,,93803,10,0,18 19,0,31,,93806,10,0,17,0,70,,93802,10,0,17,0,30,,93808,10,0,17,0,70,,93809,10,0,18 19,0,30,,93811,10,0,17,0,70,,93812,10,0,17,0,30,,93810,10,0,17,0,70,,93815,10,0,18 19,0,30,,93813,10,0,17,0,70,,93814,10,0,17,0,29,,93820,10,0,17,0,70,,93821,10,0,18 19,0,28,,93823,10,0,17,0,69,,93822,10,0,17,0,30,,93825,10,0,17,0,70,,93824,10,0,17,0
2200,'5456',613,,94076,25,,,0,30,,94078,25,,,0,68,,94077,25,,,0,30,,94080,25,,,0,68,,94087,8,0,20 7,0,6,,94079,25,,,0,23,,94083,25,,,0,70,,94081,25,,,0,102,,94082,25,,,0,26,,94084,25,,,0,70,,94085,25,,,0,102,,94088,25,0,21 22,0,30,,94086,25,0,21 22,0,70,,94089,25,0,21 22,0,30,,94090,25,0,21 22,0,101,,94091,25,0,21 22,0,70,,94092,25,0,21 22,0,35,,94093,25,0,21 22,0,102,,94094,25,0,21 22,0,98,,94095,25,0,21 22,0,69,,94096,25,,,0,25,,94097,25,,,0,98,,94098,25,,,0,70,,94099,25,,,0,29,,94100,25,,,0,69,,94101,25,,,0
2200,'5458',613,,94105,25,,,0,30,,94107,25,,,0,68,,94106,25,,,0,30,,94109,25,,,0,68,,94116,8,0,20 7,0,6,,94108,25,,,0,23,,94112,25,,,0,70,,94110,25,,,0,102,,94111,25,,,0,26,,94113,25,,,0,70,,94114,25,,,0,102,,94117,25,0,21 22,0,30,,94115,25,0,21 22,0,70,,94118,25,0,21 22,0,30,,94119,25,0,21 22,0,101,,94120,25,0,21 22,0,70,,94121,25,0,21 22,0,35,,94123,25,0,21 22,0,102,,94124,25,0,21 22,0,98,,94125,25,0,21 22,0,69,,94126,25,,,0,25,,94127,25,,,0,98,,94128,25,,,0,70,,94129,25,,,0,29,,94130,25,,,0,69,,94131,25,,,0
2200,'5459',702,,94153,25,,,0,40,,94139,25,,,0,80,,94143,25,,,0,80,,94156,25,,,0,32,,94140,25,,,0,70,,94134,25,,,0,31,,94141,25,,,0,71,,94155,25,,,0,31,,94138,25,,,0,70,,94137,25,,,0,31,,94142,25,,,0,70,,94135,25,,,0,31,,94160,25,,,0,70,,94136,25,,,0,30,,94149,25,,,0,70,,94145,25,,,0,30,,94148,25,,,0,69,,94159,25,,,0,29,,94150,25,,,0,71,,94144,25,,,0,30,,94152,25,,,0,73,,94151,25,,,0,30,,94147,25,,,0,68,,94146,25,,,0,29,,94161,25,,,0,69,,94162,25,,,0,27,,94158,25,,,0,68,,94154,25,,,0
2200,'5460',751,,94167,25,,,0,101,,94168,25,,,0,80,,94169,25,,,0,70,,94164,25,,,0,32,,94165,25,,,0,70,,94166,25,,,0,30,,94171,25,,,0,69,,94172,25,,,0,32,,94170,25,,,0,70,,94173,25,,,0,30,,94174,25,,,0,70,,94182,25,,,0,30,,94181,25,,,0,70,,94175,25,,,0,30,,94176,25,,,0,70,,94177,25,,,0,30,,94178,25,,,0,72,,94179,25,,,0,30,,94180,25,,,0,70,,94183,25,,,0,29,,94184,25,,,0,68,,94185,25,,,0,30,,94186,25,,,0,115,,94187,8,,,0
2200,'5461',751,,94191,25,,,0,101,,94192,25,,,0,80,,94193,25,,,0,70,,94188,25,,,0,32,,94189,25,,,0,70,,94190,25,,,0,30,,94195,25,,,0,69,,94196,25,,,0,32,,94194,25,,,0,70,,94197,25,,,0,30,,94198,25,,,0,70,,94206,25,,,0,30,,94205,25,,,0,70,,94199,25,,,0,30,,94200,25,,,0,70,,94201,25,,,0,30,,94202,25,,,0,72,,94203,25,,,0,30,,94204,25,,,0,70,,94207,25,,,0,29,,94208,25,,,0,68,,94209,25,,,0,30,,94210,25,,,0,115,,94211,8,,,0
2200,'5462',751,,94215,25,,,0,101,,94216,25,,,0,80,,94217,25,,,0,70,,94212,25,,,0,32,,94213,25,,,0,70,,94214,25,,,0,30,,94219,25,,,0,69,,94220,25,,,0,32,,94218,25,,,0,70,,94221,25,,,0,30,,94222,25,,,0,70,,94230,25,,,0,30,,94229,25,,,0,70,,94223,25,,,0,30,,94224,25,,,0,70,,94225,25,,,0,30,,94226,25,,,0,72,,94227,25,,,0,30,,94228,25,,,0,70,,94231,25,,,0,29,,94232,25,,,0,68,,94233,25,,,0,30,,94234,25,,,0,115,,94235,8,,,0
2200,'5463',751,,94239,25,,,0,101,,94240,25,,,0,80,,94241,25,,,0,70,,94236,25,,,0,32,,94237,25,,,0,70,,94238,25,,,0,30,,94243,25,,,0,69,,94244,25,,,0,32,,94242,25,,,0,70,,94245,25,,,0,30,,94246,25,,,0,70,,94254,25,,,0,30,,94253,25,,,0,70,,94247,25,,,0,30,,94248,25,,,0,70,,94249,25,,,0,30,,94250,25,,,0,72,,94251,25,,,0,30,,94252,25,,,0,70,,94255,25,,,0,29,,94256,25,,,0,68,,94257,25,,,0,30,,94258,25,,,0,115,,94259,8,,,0
1002200,'5456',941,,103706,25,,,0,195,,103707,25,0,21 22,0,272,,103708,25,0,21 22,0,208,,103709,25,0,21 22,0,99,,103710,25,0,21 22,0,195,,103711,25,0,21 22,0
1002200,'5458',941,,103712,25,,,0,195,,103713,25,0,21 22,0,272,,103714,25,0,21 22,0,208,,103715,25,0,21 22,0,99,,103716,25,0,21 22,0,195,,103717,25,0,21 22,0
14002100,'5456',2117,,104018,10,,,0,30,,104015,10,,,0,70,,104017,10,,,0,100,,104019,10,,,0,99,,104016,10,,,0
14002100,'5458',2117,,104023,10,,,0,30,,104020,10,,,0,70,,104022,10,,,0,100,,104024,10,,,0,99,,104021,10,,,0
14002100,'5459',2117,,104025,10,,,0,30,,104026,10,,,0,70,,104027,10,,,0,102,,104028,10,,,0,99,,104029,10,,,0
14002100,'5460',2119,,104030,10,,,0,100,,104031,10,,,0,100,,104032,10,,,0
14002100,'5461',2119,,104033,10,,,0,100,,104034,10,,,0,100,,104035,10,,,0
14002100,'5462',2119,,104036,10,,,0,100,,104037,10,,,0,100,,104038,10,,,0
14002100,'5463',2119,,104039,10,,,0,100,,104040,10,,,0,100,,104041,10,,,0
