4801,'5456',1658,,98618,25,,,0,68,,98617,25,,,0,27,,98616,25,,,0
4801,'5458',1658,,98621,25,,,0,68,,98620,25,,,0,27,,98619,25,,,0
5201,'5456',504,,98955,7,,,0,35,,98954,7,,,0,77,,98957,7,,,0,37,,98956,7,,,0,65,,98965,7,,,0,27,,98958,8,,,0,72,,98982,8,,,0,20,,98985,8,0,28 37 14,0,4,,98959,7,,,0,77,,98960,8,,,0,35,,98961,7,,,0,69,,98983,7,,,0,30,,98963,7,,,0,68,,98962,7,,,0,34,,98964,7,,,0,74,,98981,7,,,0,30,,98967,7,,,0,70,,98966,7,,,0,30,,98987,7,,,0,69,,98968,8,,,0,20,,98991,7,0,38 3 39 49,0,9,,98980,8,,,0,66,,98969,8,,,0,35,,98970,8,,,0,78,,98988,8,,,0,65,,98971,8,,,0,25,,98979,8,,,0,21,,98972,7,,,0,70,,98973,7,,,0,30,,98989,7,,,0,70,,98974,7,,,0,33,,98975,7,,,0,69,,98977,7,,,0,28,,98990,7,,,0,67,,98976,7,0,38 3 39 49,0,35,,98978,7,,,0,98,,98986,7,,,0,99,,98984,7,,,0
5201,'5458',504,,98995,7,,,0,35,,98994,7,,,0,77,,98997,7,,,0,37,,98996,7,,,0,65,,99005,7,,,0,27,,98998,8,,,0,72,,99022,8,,,0,20,,99025,8,0,28 37 14,0,4,,98999,7,,,0,77,,99000,8,,,0,35,,99001,7,,,0,69,,99023,7,,,0,30,,99003,7,,,0,68,,99002,7,,,0,34,,99004,7,,,0,74,,99021,7,,,0,30,,99007,7,,,0,70,,99006,7,,,0,30,,99027,7,,,0,69,,99008,8,,,0,20,,99032,7,0,38 3 39 49,0,9,,99020,8,,,0,66,,99009,8,,,0,35,,99010,8,,,0,78,,99028,8,,,0,65,,99011,8,,,0,25,,99019,8,,,0,21,,99012,7,,,0,70,,99013,7,,,0,30,,99029,7,,,0,70,,99014,7,,,0,33,,99015,7,,,0,69,,99017,7,,,0,28,,99030,7,,,0,67,,99016,7,0,38 3 39 49,0,35,,99018,7,,,0,98,,99026,7,,,0,99,,99024,7,,,0
5201,'5459',645,,99043,7,,,0,70,,99053,7,,,0,30,,99051,7,,,0,71,,99034,7,,,0,30,,99041,7,,,0,70,,99060,7,,,0,30,,99038,7,,,0,70,,99035,7,,,0,30,,99042,7,,,0,70,,99061,7,,,0,30,,99039,7,,,0,70,,99036,7,,,0,35,,99045,7,,,0,70,,99063,7,,,0,35,,99040,7,,,0,75,,99050,7,,,0,75,,99044,7,,,0,30,,99062,7,,,0,70,,99037,7,,,0,30,,99048,7,,,0,65,,99056,7,,,0,25,,99047,7,,,0,25,,99052,7,,,0,65,,99049,7,,,0,30,,99046,7,,,0,70,,99059,7,,,0,32,,99054,7,,,0,70,,99058,7,,,0,30,,99055,7,,,0,65,,99057,7,0,38 3 39 49,0,30,,99064,7,,,0,103,,99065,7,,,0,100,,99066,7,,,0
5201,'5460',715,,99072,7,,,0,30,,99088,7,,,0,70,,99080,7,,,0,31,,99068,7,,,0,70,,99075,7,,,0,30,,99082,7,,,0,70,,99077,7,,,0,30,,99069,7,,,0,70,,99074,7,,,0,30,,99083,7,,,0,70,,99079,7,,,0,35,,99067,7,,,0,70,,99073,7,,,0,35,,99086,7,,,0,75,,99078,7,,,0,75,,99093,7,,,0,30,,99071,7,,,0,70,,99085,7,,,0,30,,99076,7,,,0,70,,99081,7,,,0,30,,99070,7,,,0,70,,99084,7,,,0,40,,99087,7,,,0,100,,99089,7,,,0,100,,99090,7,,,0,100,,99091,7,,,0,100,,99092,7,,,0
5201,'5461',715,,99099,7,,,0,30,,99115,7,,,0,70,,99107,7,,,0,31,,99095,7,,,0,70,,99102,7,,,0,30,,99109,7,,,0,70,,99104,7,,,0,30,,99096,7,,,0,70,,99101,7,,,0,30,,99110,7,,,0,70,,99106,7,,,0,35,,99094,7,,,0,70,,99100,7,,,0,35,,99113,7,,,0,75,,99105,7,,,0,75,,99120,7,,,0,30,,99098,7,,,0,70,,99112,7,,,0,30,,99103,7,,,0,70,,99108,7,,,0,30,,99097,7,,,0,70,,99111,7,,,0,40,,99114,7,,,0,100,,99116,7,,,0,100,,99117,7,,,0,100,,99118,7,,,0,100,,99119,7,,,0
5201,'5462',715,,99126,7,,,0,30,,99142,7,,,0,70,,99134,7,,,0,31,,99122,7,,,0,70,,99129,7,,,0,30,,99136,7,,,0,70,,99131,7,,,0,30,,99123,7,,,0,70,,99128,7,,,0,30,,99137,7,,,0,70,,99133,7,,,0,35,,99121,7,,,0,70,,99127,7,,,0,35,,99140,7,,,0,75,,99132,7,,,0,75,,99147,7,,,0,30,,99125,7,,,0,70,,99139,7,,,0,30,,99130,7,,,0,70,,99135,7,,,0,30,,99124,7,,,0,70,,99138,7,,,0,40,,99141,7,,,0,100,,99143,7,,,0,100,,99144,7,,,0,100,,99145,7,,,0,100,,99146,7,,,0
5201,'5463',715,,99153,7,,,0,30,,99169,7,,,0,70,,99161,7,,,0,31,,99149,7,,,0,70,,99156,7,,,0,30,,99163,7,,,0,70,,99158,7,,,0,30,,99150,7,,,0,70,,99155,7,,,0,30,,99164,7,,,0,70,,99160,7,,,0,35,,99148,7,,,0,70,,99154,7,,,0,35,,99167,7,,,0,75,,99159,7,,,0,75,,99174,7,,,0,30,,99152,7,,,0,70,,99166,7,,,0,30,,99157,7,,,0,70,,99162,7,,,0,30,,99151,7,,,0,70,,99165,7,,,0,40,,99168,7,,,0,100,,99170,7,,,0,100,,99171,7,,,0,100,,99172,7,,,0,100,,99173,7,,,0
5401,'5456',536,,99342,8,,,0,168,,99346,8,,,0,131,,99345,8,,,0,217,,99344,8,,,0,198,,99343,8,,,0,171,,99347,8,,,0,102,,99351,8,,,0,187,,99349,8,,,0,192,,99348,8,,,0,200,,99350,8,,,0
5401,'5458',536,,99352,8,,,0,168,,99356,8,,,0,131,,99355,8,,,0,217,,99354,8,,,0,198,,99353,8,,,0,171,,99357,8,,,0,102,,99361,8,,,0,187,,99359,8,,,0,192,,99358,8,,,0,200,,99360,8,,,0
5401,'5459',731,,99368,8,,,0,201,,99365,8,,,0,210,,99366,8,,,0,205,,99367,8,,,0,210,,99364,8,,,0,250,,99363,8,,,0,225,,99362,8,,,0
5401,'5460',731,,99371,8,,,0,201,,99372,8,,,0,210,,99369,8,,,0,205,,99370,8,,,0,210,,99373,8,,,0,250,,99375,8,,,0,225,,99374,8,,,0
5401,'5461',731,,99378,8,,,0,201,,99379,8,,,0,210,,99376,8,,,0,205,,99377,8,,,0,210,,99380,8,,,0,250,,99382,8,,,0,225,,99381,8,,,0
5401,'5462',731,,99385,8,,,0,201,,99386,8,,,0,210,,99383,8,,,0,205,,99384,8,,,0,210,,99387,8,,,0,250,,99389,8,,,0,225,,99388,8,,,0
5401,'5463',731,,99392,8,,,0,201,,99393,8,,,0,210,,99390,8,,,0,205,,99391,8,,,0,210,,99394,8,,,0,250,,99396,8,,,0,225,,99395,8,,,0
5501,'5456',634,,99454,8,,,0,169,,99453,8,,,0,204,,99452,8,,,0,136,,99455,8,,,0,200,,99458,8,,,0,105,,99457,8,,,0,196,,99459,8,,,0,194,,99460,8,,,0,194,,99456,8,,,0
5501,'5458',634,,99463,8,,,0,169,,99462,8,,,0,204,,99461,8,,,0,136,,99464,8,,,0,200,,99467,8,,,0,105,,99466,8,,,0,196,,99468,8,,,0,194,,99469,8,,,0,194,,99465,8,,,0
5501,'5459',837,,99475,8,,,0,211,,99472,8,,,0,205,,99473,8,,,0,206,,99474,8,,,0,250,,99470,8,,,0,204,,99471,8,,,0
5501,'5460',837,,99476,8,,,0,211,,99478,8,,,0,205,,99479,8,,,0,205,,99477,8,,,0,250,,99481,8,,,0,204,,99480,8,,,0
5501,'5461',837,,99482,8,,,0,211,,99484,8,,,0,205,,99485,8,,,0,205,,99483,8,,,0,250,,99487,8,,,0,204,,99486,8,,,0
5501,'5462',837,,99488,8,,,0,211,,99490,8,,,0,205,,99491,8,,,0,205,,99489,8,,,0,250,,99493,8,,,0,204,,99492,8,,,0
5501,'5463',837,,99494,8,,,0,211,,99496,8,,,0,205,,99497,8,,,0,205,,99495,8,,,0,250,,99499,8,,,0,204,,99498,8,,,0
6101,'5456',1550,,100612,25,,,0,71,,100598,25,,,0,33,,100587,25,,,0,64,,100585,25,,,0,16,,100594,25,,,0,20,,100580,25,,,0,77,,100589,25,,,0
6101,'5458',1550,,100649,25,,,0,71,,100635,25,,,0,33,,100624,25,,,0,64,,100622,25,,,0,16,,100630,25,,,0,20,,100617,25,,,0,77,,100626,25,,,0
