5401,'4832',753,,85389,44,,,0,201,,85390,44,,,0,251,,85387,44,,,0,205,,85388,44,,,0,210,,85391,44,,,0,210,,85393,44,,,0,224,,85392,44,,,0
5401,'5453',753,,85396,44,,,0,201,,85397,44,,,0,251,,85394,44,,,0,205,,85395,44,,,0,210,,85398,44,,,0,210,,85400,44,,,0,224,,85399,44,,,0
5401,'5456',557,,99342,44,,,0,170,,99346,44,,,0,174,,99345,44,,,0,214,,99344,44,,,0,198,,99343,44,,,0,133,,99347,44,,,0,105,,99351,44,,,0,184,,99349,44,,,0,190,,99348,44,,,0,199,,99350,44,,,0
5401,'5458',557,,99352,44,,,0,170,,99356,44,,,0,174,,99355,44,,,0,214,,99354,44,,,0,198,,99353,44,,,0,133,,99357,44,,,0,105,,99361,44,,,0,184,,99359,44,,,0,190,,99358,44,,,0,199,,99360,44,,,0
5401,'5459',753,,99368,44,,,0,201,,99365,44,,,0,251,,99366,44,,,0,205,,99367,44,,,0,211,,99364,44,,,0,209,,99363,44,,,0,224,,99362,44,,,0
5401,'5460',753,,99371,44,,,0,201,,99372,44,,,0,251,,99369,44,,,0,205,,99370,44,,,0,210,,99373,44,,,0,210,,99375,44,,,0,224,,99374,44,,,0
5401,'5461',753,,99378,44,,,0,201,,99379,44,,,0,251,,99376,44,,,0,205,,99377,44,,,0,210,,99380,44,,,0,210,,99382,44,,,0,224,,99381,44,,,0
5401,'5462',753,,99385,44,,,0,201,,99386,44,,,0,251,,99383,44,,,0,205,,99384,44,,,0,210,,99387,44,,,0,210,,99389,44,,,0,224,,99388,44,,,0
5401,'5463',753,,99392,44,,,0,201,,99393,44,,,0,251,,99390,44,,,0,205,,99391,44,,,0,210,,99394,44,,,0,210,,99396,44,,,0,224,,99395,44,,,0
5501,'4832',856,,85459,40,,,0,252,,85461,40,,,0,207,,85462,40,,,0,205,,85460,40,,,0,210,,73617,40,,,0,203,,73616,40,,,0
5501,'5453',856,,85463,40,,,0,252,,85465,40,,,0,207,,85466,40,,,0,205,,85464,40,,,0,210,,80903,40,,,0,203,,80902,40,,,0
5501,'5456',656,,99454,40,,,0,170,,99453,40,,,0,204,,99452,40,,,0,176,,99455,40,,,0,200,,99458,40,,,0,105,,99457,40,,,0,196,,99459,40,,,0,193,,99460,40,,,0,152,,99456,40,,,0
5501,'5458',656,,99463,40,,,0,170,,99462,40,,,0,204,,99461,40,,,0,176,,99464,40,,,0,200,,99467,40,,,0,105,,99466,40,,,0,196,,99468,40,,,0,193,,99469,40,,,0,152,,99465,40,,,0
5501,'5459',858,,99475,40,,,0,251,,99472,40,,,0,207,,99473,40,,,0,206,,99474,40,,,0,209,,99470,40,,,0,203,,99471,40,,,0
5501,'5460',856,,99476,40,,,0,252,,99478,40,,,0,207,,99479,40,,,0,205,,99477,40,,,0,210,,99481,40,,,0,203,,99480,40,,,0
5501,'5461',856,,99482,40,,,0,252,,99484,40,,,0,207,,99485,40,,,0,205,,99483,40,,,0,210,,99487,40,,,0,203,,99486,40,,,0
5501,'5462',856,,99488,40,,,0,252,,99490,40,,,0,207,,99491,40,,,0,205,,99489,40,,,0,210,,99493,40,,,0,203,,99492,40,,,0
5501,'5463',856,,99494,40,,,0,252,,99496,40,,,0,207,,99497,40,,,0,205,,99495,40,,,0,210,,99499,40,,,0,203,,99498,40,,,0
