7201,'5456',554,,101280,30,,,0,80,,101283,30,,,0,70,,101281,30,,,0,32,,101285,30,,,0,72,,101295,30,,,0,21,,101290,30,,,0,27,,101282,30,,,0,70,,101284,30,,,0,30,,101288,30,,,0,70,,101286,30,,,0,30,,101287,30,,,0,73,,101294,30,,,0,30,,101289,30,,,0,70,,101291,30,,,0,71,,101292,30,,,0,30,,101299,30,,,0,70,,101302,30,,,0,31,,101293,30,,,0,70,,101304,30,,,0,30,,101308,30,,,0,15,,101309,26,0,13 14,0,56,,101296,30,,,0,28,,101297,30,,,0,70,,101303,30,,,0,31,,101311,30,,,0,70,,101298,30,,,0,28,,101305,30,,,0,30,,101307,30,,,0,69,,101300,30,,,0,30,,101301,30,,,0,70,,101310,30,,,0,30,,101312,30,,,0,70,,101306,30,,,0
7201,'5457',1441,,101313,26,,,0
7201,'5458',554,,101314,30,,,0,80,,101317,30,,,0,70,,101315,30,,,0,32,,101319,30,,,0,72,,101330,30,,,0,21,,101324,30,,,0,27,,101316,30,,,0,70,,101318,30,,,0,30,,101322,30,,,0,70,,101320,30,,,0,30,,101321,30,,,0,73,,101329,30,,,0,30,,101323,30,,,0,70,,101325,30,,,0,71,,101326,30,,,0,30,,101334,30,,,0,70,,101337,30,,,0,31,,101328,30,,,0,10,,101327,26,,,0,60,,101339,30,,,0,30,,101343,30,,,0,15,,101344,26,0,13 14,0,56,,101331,30,,,0,28,,101332,30,,,0,70,,101338,30,,,0,31,,101346,30,,,0,70,,101333,30,,,0,28,,101340,30,,,0,30,,101342,30,,,0,69,,101335,30,,,0,30,,101336,30,,,0,70,,101345,30,,,0,30,,101347,30,,,0,70,,101341,30,,,0
7201,'5459',621,,101376,30,,,0,103,,101349,30,,,0,99,,101350,30,,,0,33,,101351,30,,,0,71,,101352,30,,,0,30,,101353,30,,,0,71,,101354,30,,,0,29,,101355,30,,,0,71,,101356,30,,,0,30,,101357,30,,,0,70,,101348,30,,,0,30,,101358,30,,,0,70,,101359,30,,,0,31,,101360,30,,,0,74,,101361,30,,,0,71,,101362,30,,,0,29,,101363,30,,,0,71,,101364,30,,,0,29,,101365,30,,,0,26,,101366,30,,,0,68,,101367,30,,,0,30,,101368,30,,,0,69,,101369,30,,,0,30,,101370,30,,,0,69,,101371,30,,,0,30,,101372,30,,,0,71,,101373,30,,,0,29,,101374,30,,,0,70,,101375,30,,,0
7201,'5460',723,,101378,30,,,0,100,,101379,30,,,0,100,,101380,30,,,0,105,,101381,30,,,0,100,,101383,30,,,0,30,,101384,30,,,0,70,,101377,30,,,0,29,,101382,30,,,0,70,,101385,30,,,0,30,,101387,30,,,0,70,,101388,30,,,0,31,,101389,30,,,0,70,,101386,30,,,0,30,,101390,30,,,0,69,,101391,30,,,0,30,,101392,30,,,0,74,,101393,30,,,0,28,,101394,30,,,0,72,,101395,30,,,0,70,,101396,30,,,0,30,,101398,30,,,0,69,,101397,30,,,0,30,,101399,30,,,0,70,,101400,30,,,0,30,,101401,30,,,0
7201,'5461',723,,101403,30,,,0,100,,101404,30,,,0,100,,101405,30,,,0,105,,101406,30,,,0,100,,101408,30,,,0,30,,101409,30,,,0,70,,101402,30,,,0,29,,101407,30,,,0,70,,101410,30,,,0,30,,101412,30,,,0,70,,101413,30,,,0,31,,101414,30,,,0,70,,101411,30,,,0,30,,101415,30,,,0,69,,101416,30,,,0,30,,101417,30,,,0,74,,101418,30,,,0,28,,101419,30,,,0,72,,101420,30,,,0,70,,101421,30,,,0,30,,101423,30,,,0,69,,101422,30,,,0,30,,101424,30,,,0,70,,101425,30,,,0,30,,101426,30,,,0
7201,'5462',723,,101428,30,,,0,100,,101429,30,,,0,100,,101430,30,,,0,105,,101431,30,,,0,100,,101433,30,,,0,30,,101434,30,,,0,70,,101427,30,,,0,29,,101432,30,,,0,70,,101435,30,,,0,30,,101437,30,,,0,70,,101438,30,,,0,31,,101439,30,,,0,70,,101436,30,,,0,30,,101440,30,,,0,69,,101441,30,,,0,30,,101442,30,,,0,74,,101443,30,,,0,28,,101444,30,,,0,72,,101445,30,,,0,70,,101446,30,,,0,30,,101448,30,,,0,69,,101447,30,,,0,30,,101449,30,,,0,70,,101450,30,,,0,30,,101451,30,,,0
7201,'5463',723,,101453,30,,,0,100,,101454,30,,,0,100,,101455,30,,,0,105,,101456,30,,,0,100,,101458,30,,,0,30,,101459,30,,,0,70,,101452,30,,,0,29,,101457,30,,,0,70,,101460,30,,,0,30,,101462,30,,,0,70,,101463,30,,,0,31,,101464,30,,,0,70,,101461,30,,,0,30,,101465,30,,,0,69,,101466,30,,,0,30,,101467,30,,,0,74,,101468,30,,,0,28,,101469,30,,,0,72,,101470,30,,,0,70,,101471,30,,,0,30,,101473,30,,,0,69,,101472,30,,,0,30,,101474,30,,,0,70,,101475,30,,,0,30,,101476,30,,,0
8701,'5456',650,,102174,30,,,0,200,,102175,30,,,0,200,,102176,30,,,0,200,,102177,30,,,0,199,,102178,30,,,0,203,,102179,30,,,0
8701,'5458',650,,102180,30,,,0,200,,102181,30,,,0,200,,102182,30,,,0,200,,102183,30,,,0,199,,102184,30,,,0,203,,102185,30,,,0
1007201,'5456',2233,,103776,33,,,0,99,,103778,33,,,0,99,,103777,33,,,0
1007201,'5458',2233,,103779,33,,,0,99,,103781,33,,,0,99,,103780,33,,,0
1007201,'5459',2234,,103782,33,,,0,98,,103783,33,,,0,99,,103784,33,,,0
1007201,'5460',2233,,103785,33,,,0,99,,103786,33,,,0
1007201,'5461',2233,,103787,33,,,0,99,,103788,33,,,0
1007201,'5462',2233,,103789,33,,,0,99,,103790,33,,,0
1007201,'5463',2233,,103791,33,,,0,99,,103792,33,,,0
