4701,'5456',1643,,98604,17,,,0,68,,98605,17,,,0,30,,98606,17,,,0
4701,'5458',1643,,98607,17,,,0,68,,98608,17,,,0,30,,98609,17,,,0
4801,'5456',1642,,98618,17,,,0,67,,98617,17,,,0,30,,98616,17,,,0
4801,'5458',1642,,98621,17,,,0,67,,98620,17,,,0,30,,98619,17,,,0
6101,'5456',1533,,100612,17,,,0,70,,100598,17,,,0,34,,100587,17,,,0,64,,100585,17,,,0,17,,100594,17,,,0,21,,100580,17,,,0,80,,100589,17,,,0
6101,'5458',1533,,100649,17,,,0,70,,100635,17,,,0,34,,100624,17,,,0,64,,100622,17,,,0,17,,100630,17,,,0,21,,100617,17,,,0,80,,100626,17,,,0
6501,'5456',1621,,100808,17,,,0,28,,100810,17,,,0,74,,100807,17,,,0,28,,100809,17,,,0
6501,'5458',1621,,100812,17,,,0,28,,100814,17,,,0,74,,100811,17,,,0,28,,100813,17,,,0
9501,'5456',524,,102896,12,0,15,0,26,,102897,12,0,15,0,60,,102899,12,0,15,0,13,,102900,12,0,15,0,12,,102904,12,0,15,0,14,,102903,12,0,15,0,52,,102906,12,0,15,0,12,,102901,12,0,15,0,13,,102913,12,0,15,0,12,,102915,12,0,15,0,13,,102914,12,0,15,0,52,,102905,12,0,15,0,13,,102912,12,0,15,0,13,,102911,12,0,15,0,13,,102902,12,0,15,0,12,,102907,12,0,15,0,51,,102910,12,0,15,0,12,,102909,12,0,15,0,12,,102908,12,0,15,0,12,,102916,12,0,15,0,12,,102930,12,0,15,0,52,,102920,12,0,15,0,12,,102929,12,0,15,0,12,,102934,12,0,15,0,12,,102918,12,0,15,0,11,,102931,12,0,15,0,53,,102926,12,0,15,0,12,,102928,12,0,15,0,12,,102923,12,0,15,0,12,,102933,12,0,15,0,12,,102924,12,0,15,0,52,,102919,12,0,15,0,12,,102925,12,0,15,0,12,,102921,12,0,15,0,12,,102917,12,0,15,0,12,,102932,12,0,15,0,51,,102922,12,0,15,0,12,,102927,12,0,15,0,10,,102977,12,0,15,0,10,,102944,12,0,15,0,10,,102948,12,0,15,0,10,,102943,12,0,15,0,50,,102936,12,0,15,0,10,,102984,12,0,15,0,10,,102942,12,0,15,0,10,,102937,12,0,15,0,11,,102978,12,0,15,0,11,,102947,12,0,15,0,50,,102940,12,0,15,0,10,,102941,12,0,15,0,11,,102946,12,0,15,0,11,,102975,12,0,15,0,10,,102945,12,0,15,0,50,,102949,12,0,15,0,10,,102938,12,0,15,0,9,,102986,12,0,15,0,8,,102935,12,0,15,0,8,,102981,12,0,15,0,8,,102939,12,0,15,0,8,,102991,12,0,15,0,8,,102951,12,0,15,0,48,,102979,12,0,15,0,8,,102963,12,0,15,0,6,,102993,12,0,15,0,1,,102956,12,0,15,0,7,,102976,12,0,15,0,7,,102955,12,0,15,0,8,,102961,12,0,15,0,8,,102992,12,0,15,0,50,,102959,12,0,15,0,8,,102958,12,0,15,0,7,,102965,12,0,15,0,10,,102953,12,0,15,0,10,,102985,12,0,15,0,10,,102983,12,0,15,0,11,,102990,12,0,15,0,52,,102950,12,0,15,0,12,,102957,12,0,15,0,11,,102954,12,0,15,0,12,,102962,12,0,15,0,12,,102960,12,0,15,0,52,,102964,12,0,15,0,14,,102952,12,0,15,0,15,,102982,12,0,15,0,15,,102989,12,0,15,0,55,,102970,12,0,15,0,15,,102969,12,0,15,0,15,,102971,12,0,15,0,15,,102973,12,0,15,0,54,,102967,12,0,15,0,19,,102980,12,0,15,0,20,,102987,12,0,15,0,60,,102968,12,0,15,0,20,,102972,12,0,15,0,27,,102966,12,0,15,0,69,,102988,12,0,15,0,30,,102974,12,0,15,0
9501,'5458',524,,102994,12,0,15,0,26,,102995,12,0,15,0,60,,102997,12,0,15,0,13,,102998,12,0,15,0,12,,103002,12,0,15,0,14,,103001,12,0,15,0,52,,103004,12,0,15,0,12,,102999,12,0,15,0,13,,103011,12,0,15,0,12,,103013,12,0,15,0,13,,103012,12,0,15,0,52,,103003,12,0,15,0,13,,103010,12,0,15,0,13,,103009,12,0,15,0,13,,103000,12,0,15,0,12,,103005,12,0,15,0,51,,103008,12,0,15,0,12,,103007,12,0,15,0,12,,103006,12,0,15,0,12,,103014,12,0,15,0,12,,103028,12,0,15,0,52,,103018,12,0,15,0,12,,103027,12,0,15,0,12,,103032,12,0,15,0,12,,103016,12,0,15,0,11,,103029,12,0,15,0,53,,103024,12,0,15,0,12,,103026,12,0,15,0,12,,103021,12,0,15,0,12,,103031,12,0,15,0,12,,103022,12,0,15,0,52,,103017,12,0,15,0,12,,103023,12,0,15,0,12,,103019,12,0,15,0,12,,103015,12,0,15,0,12,,103030,12,0,15,0,51,,103020,12,0,15,0,12,,103025,12,0,15,0,10,,103076,12,0,15,0,10,,103042,12,0,15,0,10,,103046,12,0,15,0,10,,103041,12,0,15,0,50,,103034,12,0,15,0,10,,103083,12,0,15,0,10,,103040,12,0,15,0,10,,103035,12,0,15,0,11,,103077,12,0,15,0,11,,103045,12,0,15,0,50,,103038,12,0,15,0,10,,103039,12,0,15,0,11,,103044,12,0,15,0,11,,103074,12,0,15,0,10,,103043,12,0,15,0,50,,103047,12,0,15,0,10,,103036,12,0,15,0,9,,103085,12,0,15,0,8,,103033,12,0,15,0,8,,103080,12,0,15,0,8,,103037,12,0,15,0,8,,103090,12,0,15,0,8,,103049,12,0,15,0,48,,103078,12,0,15,0,8,,103061,12,0,15,0,6,,103095,12,0,15,0,1,,103054,12,0,15,0,7,,103075,12,0,15,0,7,,103053,12,0,15,0,8,,103059,12,0,15,0,8,,103091,12,0,15,0,50,,103057,12,0,15,0,8,,103056,12,0,15,0,7,,103063,12,0,15,0,10,,103051,12,0,15,0,10,,103084,12,0,15,0,10,,103082,12,0,15,0,11,,103089,12,0,15,0,52,,103048,12,0,15,0,12,,103055,12,0,15,0,11,,103052,12,0,15,0,12,,103060,12,0,15,0,12,,103058,12,0,15,0,52,,103062,12,0,15,0,14,,103050,12,0,15,0,15,,103081,12,0,15,0,15,,103088,12,0,15,0,55,,103068,12,0,15,0,15,,103067,12,0,15,0,15,,103069,12,0,15,0,15,,103071,12,0,15,0,54,,103065,12,0,15,0,19,,103079,12,0,15,0,20,,103086,12,0,15,0,60,,103066,12,0,15,0,20,,103070,12,0,15,0,27,,103064,12,0,15,0,69,,103087,12,0,15,0,30,,103073,12,0,15,0,70,,103072,12,0,15,0,30,,103092,12,0,15,0,70,,103093,12,0,15,0,30,,103094,12,0,15,0
9501,'5459',622,,103097,12,0,15,0,37,,103098,12,0,15,0,60,,103099,12,0,15,0,19,,103100,12,0,15,0,20,,103101,12,0,15,0,55,,103102,12,0,15,0,15,,103096,12,0,15,0,15,,103103,12,0,15,0,16,,103104,12,0,15,0,55,,103105,12,0,15,0,15,,103106,12,0,15,0,15,,103107,12,0,15,0,56,,103108,12,0,15,0,15,,103109,12,0,15,0,15,,103110,12,0,15,0,15,,103111,12,0,15,0,56,,103112,12,0,15,0,15,,103113,12,0,15,0,15,,103114,12,0,15,0,16,,103115,12,0,15,0,55,,103116,12,0,15,0,15,,103117,12,0,15,0,14,,103118,12,0,15,0,13,,103119,12,0,15,0,12,,103120,12,0,15,0,52,,103121,12,0,15,0,13,,103122,12,0,15,0,12,,103123,12,0,15,0,12,,103124,12,0,15,0,12,,103125,12,0,15,0,52,,103126,12,0,15,0,12,,103127,12,0,15,0,13,,103128,12,0,15,0,13,,103129,12,0,15,0,12,,103130,12,0,15,0,52,,103131,12,0,15,0,12,,103132,12,0,15,0,13,,103133,12,0,15,0,12,,103134,12,0,15,0,52,,103135,12,0,15,0,11,,103136,12,0,15,0,12,,103137,12,0,15,0,12,,103138,12,0,15,0,11,,103139,12,0,15,0,11,,103140,12,0,15,0,52,,103141,12,0,15,0,12,,103142,12,0,15,0,12,,103143,12,0,15,0,12,,103144,12,0,15,0,12,,103145,12,0,15,0,52,,103146,12,0,15,0,12,,103147,12,0,15,0,12,,103148,12,0,15,0,12,,103149,12,0,15,0,12,,103150,12,0,15,0,52,,103151,12,0,15,0,15,,103152,12,0,15,0,15,,103153,12,0,15,0,15,,103154,12,0,15,0,54,,103155,12,0,15,0,15,,103156,12,0,15,0,15,,103157,12,0,15,0,15,,103158,12,0,15,0,55,,103159,12,0,15,0,15,,103160,12,0,15,0,15,,103161,12,0,15,0,15,,103162,12,0,15,0,55,,103163,12,0,15,0,20,,103164,12,0,15,0,20,,103165,12,0,15,0,60,,103166,12,0,15,0,20,,103167,12,0,15,0,26,,103168,12,0,15,0,68,,103169,12,0,15,0,30,,103170,12,0,15,0,70,,103171,12,0,15,0,29,,103172,12,0,15,0,70,,103173,12,0,15,0,30,,103174,12,0,15,0
9501,'5460',705,,103175,12,0,15,0,30,,103176,12,0,15,0,19,,103177,12,0,15,0,60,,103178,12,0,15,0,20,,103179,12,0,15,0,15,,103180,12,0,15,0,55,,103181,12,0,15,0,16,,103182,12,0,15,0,15,,103183,12,0,15,0,16,,103184,12,0,15,0,55,,103185,12,0,15,0,15,,103186,12,0,15,0,15,,103191,12,0,15,0,15,,103187,12,0,15,0,55,,103188,12,0,15,0,15,,103189,12,0,15,0,15,,103192,12,0,15,0,16,,103193,12,0,15,0,55,,103190,12,0,15,0,15,,103194,12,0,15,0,15,,103195,12,0,15,0,15,,103196,12,0,15,0,55,,103197,12,0,15,0,15,,103198,12,0,15,0,15,,103199,12,0,15,0,16,,103200,12,0,15,0,55,,103201,12,0,15,0,15,,103202,12,0,15,0,15,,103203,12,0,15,0,15,,103204,12,0,15,0,55,,103205,12,0,15,0,15,,103206,12,0,15,0,15,,103207,12,0,15,0,16,,103208,12,0,15,0,53,,103209,12,0,15,0,12,,103210,12,0,15,0,11,,103211,12,0,15,0,13,,103212,12,0,15,0,12,,103213,12,0,15,0,52,,103214,12,0,15,0,13,,103215,12,0,15,0,12,,103216,12,0,15,0,12,,103217,12,0,15,0,12,,103218,12,0,15,0,54,,103219,12,0,15,0,15,,103220,12,0,15,0,14,,103221,12,0,15,0,15,,103222,12,0,15,0,54,,103223,12,0,15,0,15,,103224,12,0,15,0,15,,103225,12,0,15,0,15,,103226,12,0,15,0,55,,103227,12,0,15,0,15,,103228,12,0,15,0,14,,103229,12,0,15,0,15,,103230,12,0,15,0,55,,103231,12,0,15,0,15,,103232,12,0,15,0,15,,103233,12,0,15,0,15,,103234,12,0,15,0,55,,103236,12,0,15,0,20,,103235,12,0,15,0,20,,103237,12,0,15,0,58,,103238,12,0,15,0,20,,103239,12,0,15,0,32,,103240,12,0,15,0,75,,103241,12,0,15,0
9501,'5461',705,,103242,12,0,15,0,30,,103243,12,0,15,0,19,,103244,12,0,15,0,60,,103245,12,0,15,0,20,,103246,12,0,15,0,15,,103247,12,0,15,0,55,,103248,12,0,15,0,16,,103249,12,0,15,0,15,,103250,12,0,15,0,16,,103251,12,0,15,0,55,,103252,12,0,15,0,15,,103253,12,0,15,0,15,,103258,12,0,15,0,15,,103254,12,0,15,0,55,,103255,12,0,15,0,15,,103256,12,0,15,0,15,,103259,12,0,15,0,16,,103260,12,0,15,0,55,,103257,12,0,15,0,15,,103261,12,0,15,0,15,,103262,12,0,15,0,15,,103263,12,0,15,0,55,,103264,12,0,15,0,15,,103265,12,0,15,0,15,,103266,12,0,15,0,16,,103267,12,0,15,0,55,,103268,12,0,15,0,15,,103269,12,0,15,0,15,,103270,12,0,15,0,15,,103271,12,0,15,0,55,,103272,12,0,15,0,15,,103273,12,0,15,0,15,,103274,12,0,15,0,16,,103275,12,0,15,0,53,,103276,12,0,15,0,12,,103277,12,0,15,0,11,,103278,12,0,15,0,13,,103279,12,0,15,0,12,,103280,12,0,15,0,52,,103281,12,0,15,0,13,,103282,12,0,15,0,12,,103283,12,0,15,0,12,,103284,12,0,15,0,12,,103285,12,0,15,0,54,,103286,12,0,15,0,15,,103287,12,0,15,0,14,,103288,12,0,15,0,15,,103289,12,0,15,0,54,,103290,12,0,15,0,15,,103291,12,0,15,0,15,,103292,12,0,15,0,15,,103293,12,0,15,0,55,,103294,12,0,15,0,15,,103295,12,0,15,0,14,,103296,12,0,15,0,15,,103297,12,0,15,0,55,,103298,12,0,15,0,15,,103299,12,0,15,0,15,,103300,12,0,15,0,15,,103301,12,0,15,0,55,,103303,12,0,15,0,20,,103302,12,0,15,0,20,,103304,12,0,15,0,58,,103305,12,0,15,0,20,,103306,12,0,15,0,32,,103307,12,0,15,0,75,,103308,12,0,15,0
9501,'5462',705,,103309,12,0,15,0,30,,103310,12,0,15,0,19,,103311,12,0,15,0,60,,103312,12,0,15,0,20,,103313,12,0,15,0,15,,103314,12,0,15,0,55,,103315,12,0,15,0,16,,103316,12,0,15,0,15,,103317,12,0,15,0,16,,103318,12,0,15,0,55,,103319,12,0,15,0,15,,103320,12,0,15,0,15,,103325,12,0,15,0,15,,103321,12,0,15,0,55,,103322,12,0,15,0,15,,103323,12,0,15,0,15,,103326,12,0,15,0,16,,103327,12,0,15,0,55,,103324,12,0,15,0,15,,103328,12,0,15,0,15,,103329,12,0,15,0,15,,103330,12,0,15,0,55,,103331,12,0,15,0,15,,103332,12,0,15,0,15,,103333,12,0,15,0,16,,103334,12,0,15,0,55,,103335,12,0,15,0,15,,103336,12,0,15,0,15,,103337,12,0,15,0,15,,103338,12,0,15,0,55,,103339,12,0,15,0,15,,103340,12,0,15,0,15,,103341,12,0,15,0,16,,103342,12,0,15,0,53,,103343,12,0,15,0,12,,103344,12,0,15,0,11,,103345,12,0,15,0,13,,103346,12,0,15,0,12,,103347,12,0,15,0,52,,103348,12,0,15,0,13,,103349,12,0,15,0,12,,103350,12,0,15,0,12,,103351,12,0,15,0,12,,103352,12,0,15,0,54,,103353,12,0,15,0,15,,103354,12,0,15,0,14,,103355,12,0,15,0,15,,103356,12,0,15,0,54,,103357,12,0,15,0,15,,103358,12,0,15,0,15,,103359,12,0,15,0,15,,103360,12,0,15,0,55,,103361,12,0,15,0,15,,103362,12,0,15,0,14,,103363,12,0,15,0,15,,103364,12,0,15,0,55,,103365,12,0,15,0,15,,103366,12,0,15,0,15,,103367,12,0,15,0,15,,103368,12,0,15,0,55,,103370,12,0,15,0,20,,103369,12,0,15,0,20,,103371,12,0,15,0,58,,103372,12,0,15,0,20,,103373,12,0,15,0,32,,103374,12,0,15,0,75,,103375,12,0,15,0
9501,'5463',705,,103376,12,0,15,0,30,,103377,12,0,15,0,19,,103378,12,0,15,0,60,,103379,12,0,15,0,20,,103380,12,0,15,0,15,,103381,12,0,15,0,55,,103382,12,0,15,0,16,,103383,12,0,15,0,15,,103384,12,0,15,0,16,,103385,12,0,15,0,55,,103386,12,0,15,0,15,,103387,12,0,15,0,15,,103392,12,0,15,0,15,,103388,12,0,15,0,55,,103389,12,0,15,0,15,,103390,12,0,15,0,15,,103393,12,0,15,0,16,,103394,12,0,15,0,55,,103391,12,0,15,0,15,,103395,12,0,15,0,15,,103396,12,0,15,0,15,,103397,12,0,15,0,55,,103398,12,0,15,0,15,,103399,12,0,15,0,15,,103400,12,0,15,0,16,,103401,12,0,15,0,55,,103402,12,0,15,0,15,,103403,12,0,15,0,15,,103404,12,0,15,0,15,,103405,12,0,15,0,55,,103406,12,0,15,0,15,,103407,12,0,15,0,15,,103408,12,0,15,0,16,,103409,12,0,15,0,53,,103410,12,0,15,0,12,,103411,12,0,15,0,11,,103412,12,0,15,0,13,,103413,12,0,15,0,12,,103414,12,0,15,0,52,,103415,12,0,15,0,13,,103416,12,0,15,0,12,,103417,12,0,15,0,12,,103418,12,0,15,0,12,,103419,12,0,15,0,54,,103420,12,0,15,0,15,,103421,12,0,15,0,14,,103422,12,0,15,0,15,,103423,12,0,15,0,54,,103424,12,0,15,0,15,,103425,12,0,15,0,15,,103426,12,0,15,0,15,,103427,12,0,15,0,55,,103428,12,0,15,0,15,,103429,12,0,15,0,14,,103430,12,0,15,0,15,,103431,12,0,15,0,55,,103432,12,0,15,0,15,,103433,12,0,15,0,15,,103434,12,0,15,0,15,,103435,12,0,15,0,55,,103437,12,0,15,0,20,,103436,12,0,15,0,20,,103438,12,0,15,0,58,,103439,12,0,15,0,20,,103440,12,0,15,0,32,,103441,12,0,15,0,75,,103442,12,0,15,0
24005101,'5456',750,,104118,13,,,0,72,,104116,13,,,0,36,,104117,13,,,0,98,,104119,13,,,0,98,,104115,13,,,0,101,,104120,13,,,0,100,,104114,13,,,0,102,,104121,13,,,0,146,,104113,13,,,0,30,,104109,13,0,30 14,0,12,,104107,13,,,0,62,,104111,13,,,0,29,,104110,13,,,0,74,,104104,13,,,0,26,,104112,13,,,0,67,,104108,13,,,0,98,,104105,13,,,0,100,,104106,13,,,0
24005101,'5458',750,,104136,13,,,0,72,,104134,13,,,0,36,,104135,13,,,0,98,,104137,13,,,0,98,,104133,13,,,0,101,,104138,13,,,0,100,,104132,13,,,0,102,,104139,13,,,0,146,,104131,13,,,0,30,,104127,13,0,30 14,0,12,,104125,13,,,0,62,,104129,13,,,0,29,,104128,13,,,0,74,,104122,13,,,0,26,,104130,13,,,0,67,,104126,13,,,0,98,,104123,13,,,0,100,,104124,13,,,0
