4801,'5456',1717,,98618,49,,,0,28,,98617,49,,,0,66,,98616,49,,,0
4801,'5458',1717,,98621,49,,,0,28,,98620,49,,,0,66,,98619,49,,,0
5201,'5456',515,,98955,27,,,0,36,,98954,27,,,0,78,,98957,27,,,0,78,,98956,27,,,0,26,,98965,27,,,0,68,,98958,28,,,0,33,,98982,28,,,0,24,,98959,27,,,0,75,,98960,28,,,0,75,,98961,27,,,0,29,,98983,27,,,0,70,,98963,27,,,0,28,,98962,27,,,0,75,,98964,27,,,0,34,,98981,27,,,0,70,,98967,27,,,0,30,,98966,27,,,0,70,,98987,27,,,0,30,,98968,28,,,0,59,,98991,27,0,38 3 39 49,0,10,,98980,28,,,0,25,,98992,12,0,30 14,0,2,,98993,12,0,30 14,0,1,,98969,28,,,0,73,,98970,28,,,0,37,,98988,28,,,0,63,,98971,28,,,0,25,,98979,28,,,0,62,,98972,27,,,0,30,,98973,27,,,0,69,,98989,27,,,0,30,,98974,27,,,0,73,,98975,27,,,0,29,,98977,27,,,0,68,,98990,27,,,0,26,,98976,27,0,38 3 39 49,0,75,,98978,27,,,0,57,,98986,27,,,0,99,,98984,27,,,0
5201,'5458',515,,98995,27,,,0,36,,98994,27,,,0,78,,98997,27,,,0,78,,98996,27,,,0,26,,99005,27,,,0,68,,98998,28,,,0,33,,99022,28,,,0,24,,98999,27,,,0,75,,99000,28,,,0,75,,99001,27,,,0,29,,99023,27,,,0,70,,99003,27,,,0,28,,99002,27,,,0,75,,99004,27,,,0,34,,99021,27,,,0,70,,99007,27,,,0,30,,99006,27,,,0,70,,99027,27,,,0,25,,99031,12,0,30 14,0,5,,99008,28,,,0,59,,99032,27,0,38 3 39 49,0,10,,99020,28,,,0,27,,99033,12,0,30 14,0,1,,99009,28,,,0,73,,99010,28,,,0,37,,99028,28,,,0,63,,99011,28,,,0,25,,99019,28,,,0,62,,99012,27,,,0,30,,99013,27,,,0,69,,99029,27,,,0,30,,99014,27,,,0,73,,99015,27,,,0,29,,99017,27,,,0,68,,99030,27,,,0,26,,99016,27,0,38 3 39 49,0,75,,99018,27,,,0,57,,99026,27,,,0,99,,99024,27,,,0
5201,'5459',657,,99043,27,,,0,71,,99053,27,,,0,30,,99051,27,,,0,71,,99034,27,,,0,30,,99041,27,,,0,70,,99060,27,,,0,30,,99038,27,,,0,71,,99035,27,,,0,70,,99042,27,,,0,30,,99061,27,,,0,70,,99039,27,,,0,31,,99036,27,,,0,75,,99045,27,,,0,30,,99063,27,,,0,75,,99040,27,,,0,35,,99050,27,,,0,75,,99044,27,,,0,30,,99062,27,,,0,70,,99037,27,,,0,30,,99048,27,,,0,65,,99056,27,,,0,25,,99047,27,,,0,64,,99052,27,,,0,25,,99049,27,,,0,70,,99046,27,,,0,29,,99059,27,,,0,72,,99054,27,,,0,30,,99058,27,,,0,70,,99055,27,,,0,25,,99057,27,0,38 3 39 49,0,30,,99064,27,,,0,103,,99065,27,,,0,99,,99066,27,,,0
5201,'5460',728,,99072,27,,,0,30,,99088,27,,,0,70,,99080,27,,,0,31,,99068,27,,,0,70,,99075,27,,,0,30,,99082,27,,,0,71,,99077,27,,,0,70,,99069,27,,,0,30,,99074,27,,,0,70,,99083,27,,,0,30,,99079,27,,,0,75,,99067,27,,,0,30,,99073,27,,,0,75,,99086,27,,,0,35,,99078,27,,,0,75,,99093,27,,,0,30,,99071,27,,,0,70,,99085,27,,,0,30,,99076,27,,,0,70,,99081,27,,,0,30,,99070,27,,,0,70,,99084,27,,,0,39,,99087,27,,,0,100,,99089,27,,,0,100,,99090,27,,,0,100,,99091,27,,,0,99,,99092,27,,,0
5201,'5461',728,,99099,27,,,0,30,,99115,27,,,0,70,,99107,27,,,0,31,,99095,27,,,0,70,,99102,27,,,0,30,,99109,27,,,0,71,,99104,27,,,0,70,,99096,27,,,0,30,,99101,27,,,0,70,,99110,27,,,0,30,,99106,27,,,0,75,,99094,27,,,0,30,,99100,27,,,0,75,,99113,27,,,0,35,,99105,27,,,0,75,,99120,27,,,0,30,,99098,27,,,0,70,,99112,27,,,0,30,,99103,27,,,0,70,,99108,27,,,0,30,,99097,27,,,0,70,,99111,27,,,0,39,,99114,27,,,0,100,,99116,27,,,0,100,,99117,27,,,0,100,,99118,27,,,0,99,,99119,27,,,0
5201,'5462',728,,99126,27,,,0,30,,99142,27,,,0,70,,99134,27,,,0,31,,99122,27,,,0,70,,99129,27,,,0,30,,99136,27,,,0,71,,99131,27,,,0,70,,99123,27,,,0,30,,99128,27,,,0,70,,99137,27,,,0,30,,99133,27,,,0,75,,99121,27,,,0,30,,99127,27,,,0,75,,99140,27,,,0,35,,99132,27,,,0,75,,99147,27,,,0,30,,99125,27,,,0,70,,99139,27,,,0,30,,99130,27,,,0,70,,99135,27,,,0,30,,99124,27,,,0,70,,99138,27,,,0,39,,99141,27,,,0,100,,99143,27,,,0,100,,99144,27,,,0,100,,99145,27,,,0,99,,99146,27,,,0
5201,'5463',728,,99153,27,,,0,30,,99169,27,,,0,70,,99161,27,,,0,31,,99149,27,,,0,70,,99156,27,,,0,30,,99163,27,,,0,71,,99158,27,,,0,70,,99150,27,,,0,30,,99155,27,,,0,70,,99164,27,,,0,30,,99160,27,,,0,75,,99148,27,,,0,30,,99154,27,,,0,75,,99167,27,,,0,35,,99159,27,,,0,75,,99174,27,,,0,30,,99152,27,,,0,70,,99166,27,,,0,30,,99157,27,,,0,70,,99162,27,,,0,30,,99151,27,,,0,70,,99165,27,,,0,39,,99168,27,,,0,100,,99170,27,,,0,100,,99171,27,,,0,100,,99172,27,,,0,99,,99173,27,,,0
5500,'5456',619,,99397,25,,,0,132,,99401,25,,,0,173,,99400,25,,,0,214,,99399,25,,,0,198,,99398,25,,,0,174,,99402,25,,,0,106,,99406,25,,,0,142,,99404,25,,,0,189,,99403,25,,,0,198,,99405,25,,,0
5500,'5458',619,,99407,25,,,0,132,,99411,25,,,0,173,,99410,25,,,0,214,,99409,25,,,0,198,,99408,25,,,0,174,,99412,25,,,0,106,,99416,25,,,0,142,,99414,25,,,0,189,,99413,25,,,0,198,,99415,25,,,0
5500,'5459',814,,99423,25,,,0,201,,99419,25,,,0,213,,99420,25,,,0,204,,99421,25,,,0,211,,99422,25,,,0,209,,99418,25,,,0,264,,99417,25,,,0
5500,'5460',813,,99424,25,,,0,201,,99427,25,,,0,214,,99426,25,,,0,205,,99425,25,,,0,210,,99429,25,,,0,208,,99430,25,,,0,264,,99428,25,,,0
5500,'5461',813,,99431,25,,,0,201,,99434,25,,,0,214,,99433,25,,,0,205,,99432,25,,,0,210,,99436,25,,,0,208,,99437,25,,,0,264,,99435,25,,,0
5500,'5462',813,,99438,25,,,0,201,,99441,25,,,0,214,,99440,25,,,0,205,,99439,25,,,0,210,,99443,25,,,0,208,,99444,25,,,0,264,,99442,25,,,0
5500,'5463',813,,99445,25,,,0,201,,99448,25,,,0,214,,99447,25,,,0,205,,99446,25,,,0,210,,99450,25,,,0,208,,99451,25,,,0,264,,99449,25,,,0
6400,'5456',736,,100772,51,,,0,507,,100775,82,,,0,580,,100774,67,,,0
6400,'5458',736,,100779,51,,,0,507,,100782,82,,,0,580,,100781,67,,,0
