900,'5456',716,,90755,7,,,0,41,,90753,7,,,0
900,'5458',716,,90760,7,,,0,41,,90758,7,,,0
2100,'5456',635,,93607,6,0,18 19,0,512,,93643,34,0,18 19,0,503,,93648,34,0,18 19,0
2100,'5458',635,,93654,6,0,18 19,0,512,,93690,34,0,18 19,0,503,,93695,34,0,18 19,0
2100,'5459',855,,93709,34,0,18 19,0,387,,93700,34,0,18 19,0,199,,93701,34,0,18 19,0,202,,93715,34,0,18 19,0,199,,93710,34,0,18 19,0
2100,'5460',915,,93730,34,0,18 19,0,322,,93728,34,0,18 19,0,203,,93734,34,0,18 19,0,200,,93740,34,0,18 19,0,197,,93746,34,0,18 19,0
2100,'5461',915,,93755,34,0,18 19,0,322,,93753,34,0,18 19,0,203,,93759,34,0,18 19,0,200,,93765,34,0,18 19,0,197,,93771,34,0,18 19,0
2100,'5462',915,,93780,34,0,18 19,0,322,,93778,34,0,18 19,0,203,,93784,34,0,18 19,0,200,,93790,34,0,18 19,0,197,,93796,34,0,18 19,0
2100,'5463',915,,93805,34,0,18 19,0,322,,93803,34,0,18 19,0,203,,93809,34,0,18 19,0,200,,93815,34,0,18 19,0,197,,93821,34,0,18 19,0
2101,'5456',705,,93827,4,,,0,14,,93867,4,,,0,15,,93850,4,,,0,16,,93830,4,,,0,55,,93854,4,,,0,17,,93841,4,,,0,17,,93864,4,,,0,62,,93831,4,,,0,41,,93868,4,,,0,79,,93829,4,,,0,81,,93862,4,,,0,39,,93834,4,,,0,83,,93848,4,,,0,81,,93856,4,,,0,41,,93836,4,,,0,79,,93874,4,,,0,18,,93866,4,,,0,58,,93844,4,,,0,38,,93875,4,,,0,19,,93852,4,,,0,57,,93858,4,,,0,20,,93838,4,,,0,17,,93839,4,,,0,78,,93872,4,,,0,21,,93851,4,,,0,59,,93843,4,,,0
2101,'5458',705,,93877,4,,,0,14,,93917,4,,,0,15,,93900,4,,,0,16,,93880,4,,,0,55,,93904,4,,,0,17,,93891,4,,,0,17,,93914,4,,,0,62,,93881,4,,,0,41,,93918,4,,,0,79,,93879,4,,,0,81,,93912,4,,,0,39,,93884,4,,,0,83,,93898,4,,,0,81,,93906,4,,,0,41,,93886,4,,,0,79,,93924,4,,,0,18,,93916,4,,,0,58,,93894,4,,,0,38,,93925,4,,,0,19,,93902,4,,,0,57,,93908,4,,,0,20,,93888,4,,,0,17,,93889,4,,,0,78,,93922,4,,,0,21,,93901,4,,,0,59,,93893,4,,,0
3801,'5456',639,,97994,7,,,0,67,,97993,7,,,0,26,,97995,7,,,0,25,,97996,7,,,0,75,,97999,7,,,0,89,,97997,7,,,0,88,,97998,7,,,0,100,,98001,7,,,0,100,,98000,7,,,0,101,,98002,7,,,0,103,,98003,7,,,0,100,,98004,7,,,0,46,,98005,7,,,0,72,,98010,7,,,0,70,,98006,7,,,0,30,,98013,7,,,0,69,,98007,7,,,0,30,,98008,7,,,0,77,,98011,7,,,0,100,,98009,7,,,0,105,,98012,7,,,0
3801,'5458',639,,98018,7,,,0,67,,98017,7,,,0,26,,98019,7,,,0,25,,98020,7,,,0,75,,98023,7,,,0,89,,98021,7,,,0,88,,98022,7,,,0,100,,98025,7,,,0,100,,98024,7,,,0,101,,98026,7,,,0,103,,98027,7,,,0,100,,98028,7,,,0,46,,98029,7,,,0,72,,98034,7,,,0,70,,98030,7,,,0,30,,98037,7,,,0,69,,98031,7,,,0,30,,98032,7,,,0,77,,98035,7,,,0,100,,98033,7,,,0,105,,98036,7,,,0
3901,'5456',633,,98227,31,,,0,72,,98218,31,,,0,35,,98228,31,,,0,13,,98219,31,,,0,54,,98211,31,,,0,14,,98201,31,,,0,17,,98210,31,,,0,15,,98221,31,,,0,62,,98220,31,,,0,26,,98198,31,,,0,70,,98212,31,,,0,29,,98222,31,,,0,70,,98203,31,,,0,31,,98197,31,,,0,71,,98204,31,,,0,30,,98223,31,,,0,70,,98205,31,,,0,30,,98199,31,,,0,73,,98206,31,,,0,31,,98224,31,,,0,60,,98196,31,,,0,16,,98190,31,,,0,17,,98207,31,,,0,15,,98200,31,,,0,57,,98225,31,,,0,14,,98188,31,,,0,14,,98194,31,,,0,16,,98191,31,,,0,56,,98209,31,,,0,14,,98208,31,,,0,16,,98226,31,,,0,18,,98195,31,,,0,60,,98192,31,,,0,20,,98213,31,,,0,18,,98202,31,,,0,60,,98217,31,,,0,20,,98193,31,,,0,22,,98214,31,,,0,147,,98216,31,,,0
3901,'5458',633,,98268,31,,,0,72,,98259,31,,,0,35,,98269,31,,,0,13,,98260,31,,,0,54,,98252,31,,,0,14,,98242,31,,,0,17,,98251,31,,,0,15,,98262,31,,,0,62,,98261,31,,,0,26,,98239,31,,,0,70,,98253,31,,,0,29,,98263,31,,,0,70,,98244,31,,,0,31,,98238,31,,,0,71,,98245,31,,,0,30,,98264,31,,,0,70,,98246,31,,,0,30,,98240,31,,,0,73,,98247,31,,,0,31,,98265,31,,,0,60,,98237,31,,,0,16,,98231,31,,,0,17,,98248,31,,,0,15,,98241,31,,,0,57,,98266,31,,,0,14,,98229,31,,,0,14,,98235,31,,,0,16,,98232,31,,,0,56,,98250,31,,,0,14,,98249,31,,,0,16,,98267,31,,,0,18,,98236,31,,,0,60,,98233,31,,,0,20,,98254,31,,,0,18,,98243,31,,,0,60,,98258,31,,,0,20,,98234,31,,,0,22,,98255,31,,,0,147,,98257,31,,,0
8300,'5456',657,,102055,7,,,0,244,,102054,7,,,0,140,,102056,7,,,0,207,,102057,7,,,0,198,,102058,7,,,0,212,,102059,7,,,0,248,,102060,7,,,0
8300,'5458',657,,102062,7,,,0,244,,102061,7,,,0,140,,102063,7,,,0,207,,102064,7,,,0,198,,102065,7,,,0,212,,102066,7,,,0,248,,102067,7,,,0
8300,'5459',1043,,102070,7,,,0,300,,102071,7,,,0,305,,102069,7,,,0,300,,102068,7,,,0
8300,'5460',1043,,102074,7,,,0,300,,102075,7,,,0,305,,102073,7,,,0,300,,102072,7,,,0
8300,'5461',1043,,102078,7,,,0,300,,102079,7,,,0,305,,102077,7,,,0,300,,102076,7,,,0
8300,'5462',1043,,102082,7,,,0,300,,102083,7,,,0,305,,102081,7,,,0,300,,102080,7,,,0
8300,'5463',1043,,102086,7,,,0,300,,102087,7,,,0,305,,102085,7,,,0,300,,102084,7,,,0
8301,'5456',734,,102090,56,,,0,98,,102088,56,,,0,208,,102089,56,,,0,181,,102092,56,,,0,195,,102091,56,,,0,213,,102093,56,,,0,210,,102094,56,,,0,199,,102095,56,,,0
8301,'5458',734,,102098,56,,,0,98,,102096,56,,,0,208,,102097,56,,,0,181,,102100,56,,,0,195,,102099,56,,,0,213,,102101,56,,,0,210,,102102,56,,,0,199,,102103,56,,,0
8301,'5459',1016,,102107,56,,,0,300,,102105,56,,,0,305,,102106,56,,,0,299,,102104,56,,,0
8301,'5460',1014,,102110,56,,,0,300,,102111,56,,,0,305,,102109,56,,,0,299,,102108,56,,,0
8301,'5461',1014,,102114,56,,,0,300,,102115,56,,,0,305,,102113,56,,,0,299,,102112,56,,,0
8301,'5462',1014,,102118,56,,,0,300,,102119,56,,,0,305,,102117,56,,,0,299,,102116,56,,,0
8301,'5463',1014,,102122,56,,,0,300,,102123,56,,,0,305,,102121,56,,,0,299,,102120,56,,,0
