7201,'4832',725,,86119,33,,,0,100,,86120,33,,,0,100,,86121,33,,,0,105,,86122,33,,,0,100,,86124,33,,,0,70,,86125,33,,,0,30,,86118,33,,,0,29,,86123,33,,,0,70,,86126,33,,,0,30,,86128,33,,,0,70,,86129,33,,,0,71,,86130,33,,,0,30,,86127,33,,,0,70,,86131,33,,,0,29,,86132,33,,,0,30,,86133,33,,,0,74,,86134,33,,,0,68,,86135,33,,,0,32,,86136,33,,,0,70,,86137,33,,,0,30,,86139,33,,,0,69,,86138,33,,,0,30,,86140,33,,,0,70,,86141,33,,,0,30,,86142,33,,,0,95,,86143,33,,,0,99,,86144,33,,,0
7201,'5453',725,,81140,33,,,0,100,,86146,33,,,0,100,,86147,33,,,0,105,,86148,33,,,0,100,,86150,33,,,0,70,,86151,33,,,0,30,,86145,33,,,0,29,,86149,33,,,0,70,,86152,33,,,0,30,,86154,33,,,0,70,,86155,33,,,0,71,,86156,33,,,0,30,,86153,33,,,0,70,,86157,33,,,0,29,,86158,33,,,0,30,,86159,33,,,0,74,,86160,33,,,0,68,,86161,33,,,0,32,,86162,33,,,0,70,,86163,33,,,0,30,,86165,33,,,0,69,,86164,33,,,0,30,,86166,33,,,0,70,,86167,33,,,0,30,,86168,33,,,0,95,,86169,33,,,0,99,,86170,33,,,0
7201,'5456',556,,101280,33,,,0,80,,101283,33,,,0,70,,101281,33,,,0,32,,101285,33,,,0,72,,101295,33,,,0,21,,101290,33,,,0,27,,101282,33,,,0,70,,101284,33,,,0,30,,101288,33,,,0,70,,101286,33,,,0,30,,101287,33,,,0,73,,101294,33,,,0,70,,101289,33,,,0,30,,101291,33,,,0,71,,101292,33,,,0,30,,101299,33,,,0,70,,101302,33,,,0,31,,101293,33,,,0,71,,101304,33,,,0,30,,101308,33,,,0,15,,101309,29,0,13 14,0,56,,101296,33,,,0,27,,101297,33,,,0,70,,101303,33,,,0,31,,101311,33,,,0,70,,101298,33,,,0,28,,101305,33,,,0,70,,101307,33,,,0,29,,101300,33,,,0,70,,101301,33,,,0,30,,101310,33,,,0,70,,101312,33,,,0,30,,101306,33,,,0
7201,'5457',1443,,101313,29,,,0
7201,'5458',556,,101314,33,,,0,80,,101317,33,,,0,70,,101315,33,,,0,32,,101319,33,,,0,72,,101330,33,,,0,21,,101324,33,,,0,27,,101316,33,,,0,70,,101318,33,,,0,30,,101322,33,,,0,70,,101320,33,,,0,30,,101321,33,,,0,73,,101329,33,,,0,70,,101323,33,,,0,30,,101325,33,,,0,71,,101326,33,,,0,30,,101334,33,,,0,70,,101337,33,,,0,31,,101328,33,,,0,10,,101327,29,,,0,61,,101339,33,,,0,30,,101343,33,,,0,15,,101344,29,0,13 14,0,56,,101331,33,,,0,27,,101332,33,,,0,70,,101338,33,,,0,31,,101346,33,,,0,70,,101333,33,,,0,28,,101340,33,,,0,70,,101342,33,,,0,29,,101335,33,,,0,70,,101336,33,,,0,30,,101345,33,,,0,70,,101347,33,,,0,30,,101341,33,,,0
7201,'5459',623,,101376,33,,,0,103,,101349,33,,,0,99,,101350,33,,,0,33,,101351,33,,,0,71,,101352,33,,,0,30,,101353,33,,,0,71,,101354,33,,,0,29,,101355,33,,,0,71,,101356,33,,,0,70,,101357,33,,,0,30,,101348,33,,,0,70,,101358,33,,,0,30,,101359,33,,,0,71,,101360,33,,,0,34,,101361,33,,,0,71,,101362,33,,,0,29,,101363,33,,,0,71,,101364,33,,,0,29,,101365,33,,,0,66,,101366,33,,,0,28,,101367,33,,,0,30,,101368,33,,,0,69,,101369,33,,,0,30,,101370,33,,,0,69,,101371,33,,,0,30,,101372,33,,,0,71,,101373,33,,,0,29,,101374,33,,,0,70,,101375,33,,,0
7201,'5460',725,,101378,33,,,0,100,,101379,33,,,0,100,,101380,33,,,0,105,,101381,33,,,0,100,,101383,33,,,0,70,,101384,33,,,0,30,,101377,33,,,0,29,,101382,33,,,0,70,,101385,33,,,0,30,,101387,33,,,0,70,,101388,33,,,0,71,,101389,33,,,0,30,,101386,33,,,0,70,,101390,33,,,0,29,,101391,33,,,0,30,,101392,33,,,0,74,,101393,33,,,0,68,,101394,33,,,0,32,,101395,33,,,0,70,,101396,33,,,0,30,,101398,33,,,0,69,,101397,33,,,0,30,,101399,33,,,0,70,,101400,33,,,0,30,,101401,33,,,0
7201,'5461',725,,101403,33,,,0,100,,101404,33,,,0,100,,101405,33,,,0,105,,101406,33,,,0,100,,101408,33,,,0,70,,101409,33,,,0,30,,101402,33,,,0,29,,101407,33,,,0,70,,101410,33,,,0,30,,101412,33,,,0,70,,101413,33,,,0,71,,101414,33,,,0,30,,101411,33,,,0,70,,101415,33,,,0,29,,101416,33,,,0,30,,101417,33,,,0,74,,101418,33,,,0,68,,101419,33,,,0,32,,101420,33,,,0,70,,101421,33,,,0,30,,101423,33,,,0,69,,101422,33,,,0,30,,101424,33,,,0,70,,101425,33,,,0,30,,101426,33,,,0
7201,'5462',725,,101428,33,,,0,100,,101429,33,,,0,100,,101430,33,,,0,105,,101431,33,,,0,100,,101433,33,,,0,70,,101434,33,,,0,30,,101427,33,,,0,29,,101432,33,,,0,70,,101435,33,,,0,30,,101437,33,,,0,70,,101438,33,,,0,71,,101439,33,,,0,30,,101436,33,,,0,70,,101440,33,,,0,29,,101441,33,,,0,30,,101442,33,,,0,74,,101443,33,,,0,68,,101444,33,,,0,32,,101445,33,,,0,70,,101446,33,,,0,30,,101448,33,,,0,69,,101447,33,,,0,30,,101449,33,,,0,70,,101450,33,,,0,30,,101451,33,,,0
7201,'5463',725,,101453,33,,,0,100,,101454,33,,,0,100,,101455,33,,,0,105,,101456,33,,,0,100,,101458,33,,,0,70,,101459,33,,,0,30,,101452,33,,,0,29,,101457,33,,,0,70,,101460,33,,,0,30,,101462,33,,,0,70,,101463,33,,,0,71,,101464,33,,,0,30,,101461,33,,,0,70,,101465,33,,,0,29,,101466,33,,,0,30,,101467,33,,,0,74,,101468,33,,,0,68,,101469,33,,,0,32,,101470,33,,,0,70,,101471,33,,,0,30,,101473,33,,,0,69,,101472,33,,,0,30,,101474,33,,,0,70,,101475,33,,,0,30,,101476,33,,,0
8701,'5456',652,,102174,33,,,0,200,,102175,33,,,0,200,,102176,33,,,0,200,,102177,33,,,0,199,,102178,33,,,0,203,,102179,33,,,0
8701,'5458',652,,102180,33,,,0,200,,102181,33,,,0,200,,102182,33,,,0,200,,102183,33,,,0,199,,102184,33,,,0,203,,102185,33,,,0
1007201,'5456',2235,,103776,36,,,0,99,,103778,36,,,0,99,,103777,36,,,0
1007201,'5458',2235,,103779,36,,,0,99,,103781,36,,,0,99,,103780,36,,,0
1007201,'5459',2236,,103782,36,,,0,98,,103783,36,,,0,99,,103784,36,,,0
1007201,'5460',2235,,103785,36,,,0,99,,103786,36,,,0
1007201,'5461',2235,,103787,36,,,0,99,,103788,36,,,0
1007201,'5462',2235,,103789,36,,,0,99,,103790,36,,,0
1007201,'5463',2235,,103791,36,,,0,99,,103792,36,,,0
