1100,'4832',724,,66491,8,,,0,80,,82531,8,,,0,40,,82533,8,,,0,70,,82532,8,,,0,31,,82535,8,,,0,75,,82534,8,,,0,35,,82539,8,,,0,70,,82537,8,,,0,30,,82536,8,,,0,70,,82538,8,,,0,30,,82542,8,,,0,70,,82543,8,,,0,30,,82541,8,,,0,70,,82540,8,,,0,30,,82546,8,,,0,70,,82545,8,,,0,30,,82544,8,,,0,70,,82548,8,,,0,30,,82549,8,,,0,70,,82547,8,,,0,29,,82550,8,,,0,70,,82551,8,,,0,30,,82553,8,,,0,85,,82552,8,,,0,85,,82554,8,,,0,85,,82555,8,,,0,40,,82556,8,,,0,85,,82557,8,,,0,85,,82558,8,,,0
1100,'5453',724,,82559,8,,,0,80,,78801,8,,,0,40,,82561,8,,,0,70,,82560,8,,,0,31,,82562,8,,,0,75,,78805,8,,,0,35,,82566,8,,,0,70,,82564,8,,,0,30,,82563,8,,,0,70,,82565,8,,,0,30,,82568,8,,,0,70,,82569,8,,,0,30,,82567,8,,,0,70,,78811,8,,,0,30,,78817,8,,,0,70,,82571,8,,,0,30,,82570,8,,,0,70,,82573,8,,,0,30,,82574,8,,,0,70,,82572,8,,,0,29,,82575,8,,,0,70,,82576,8,,,0,30,,82578,8,,,0,85,,82577,8,,,0,85,,82579,8,,,0,85,,82580,8,,,0,40,,82581,8,,,0,85,,82582,8,,,0,85,,82583,8,,,0
1100,'5456',552,,90998,8,,,0,70,,91001,8,,,0,21,,90994,8,,,0,57,,91008,8,,,0,18,,90996,8,,,0,17,,91005,8,,,0,15,,91021,8,,,0,55,,90997,8,,,0,18,,91014,8,,,0,18,,91000,8,,,0,61,,90999,8,,,0,26,,91010,8,,,0,25,,91002,8,,,0,65,,91018,8,,,0,25,,91003,8,,,0,65,,91004,8,,,0,24,,91006,8,,,0,25,,91009,8,,,0,65,,91007,8,,,0,25,,91019,8,,,0,67,,91011,8,,,0,24,,91012,8,,,0,18,,91025,8,,,0,57,,91013,8,,,0,17,,91015,8,,,0,17,,91043,8,,,0,57,,91016,8,,,0,22,,91020,8,,,0,19,,91038,8,,,0,59,,91017,8,,,0,19,,91022,8,,,0,18,,91026,8,,,0,17,,91024,8,,,0,58,,91023,8,,,0,17,,91042,8,,,0,18,,91028,8,,,0,55,,91027,8,,,0,18,,91041,8,,,0,19,,91029,8,,,0,66,,91030,8,,,0,30,,91031,8,,,0,75,,91032,8,,,0,30,,91040,8,,,0,75,,91034,8,,,0,31,,91033,8,,,0,74,,91035,8,,,0,30,,91039,8,,,0,71,,91036,8,,,0,84,,91037,8,,,0
1100,'5458',552,,91048,8,,,0,70,,91051,8,,,0,21,,91044,8,,,0,57,,91058,8,,,0,18,,91046,8,,,0,17,,91055,8,,,0,15,,91071,8,,,0,55,,91047,8,,,0,18,,91064,8,,,0,18,,91050,8,,,0,61,,91049,8,,,0,26,,91060,8,,,0,25,,91052,8,,,0,65,,91068,8,,,0,25,,91053,8,,,0,65,,91054,8,,,0,24,,91056,8,,,0,25,,91059,8,,,0,65,,91057,8,,,0,25,,91069,8,,,0,67,,91061,8,,,0,24,,91062,8,,,0,18,,91075,8,,,0,57,,91063,8,,,0,17,,91065,8,,,0,17,,91093,8,,,0,57,,91066,8,,,0,22,,91070,8,,,0,19,,91088,8,,,0,59,,91067,8,,,0,19,,91072,8,,,0,18,,91076,8,,,0,17,,91074,8,,,0,58,,91073,8,,,0,17,,91092,8,,,0,18,,91078,8,,,0,55,,91077,8,,,0,18,,91091,8,,,0,19,,91079,8,,,0,66,,91080,8,,,0,30,,91081,8,,,0,75,,91082,8,,,0,30,,91090,8,,,0,75,,91084,8,,,0,31,,91083,8,,,0,74,,91085,8,,,0,30,,91089,8,,,0,71,,91086,8,,,0,84,,91087,8,,,0
1100,'5459',709,,91124,8,,,0,35,,91108,8,,,0,76,,91094,8,,,0,30,,91098,8,,,0,70,,91125,8,,,0,30,,91116,8,,,0,65,,91103,8,,,0,25,,91095,8,,,0,65,,91101,8,,,0,27,,91113,8,,,0,25,,91097,8,,,0,65,,91111,8,,,0,24,,91105,8,,,0,64,,91096,8,,,0,25,,91099,8,,,0,65,,91112,8,,,0,25,,91104,8,,,0,25,,91115,8,,,0,67,,91107,8,,,0,25,,91102,8,,,0,65,,91106,8,,,0,25,,91123,8,,,0,24,,91100,8,,,0,64,,91114,8,,,0,25,,91126,8,,,0,65,,91117,8,,,0,25,,91109,8,,,0,24,,91110,8,,,0,65,,91119,8,,,0,25,,91121,8,,,0,65,,91118,8,,,0,30,,91120,8,,,0,70,,91122,8,,,0,35,,91127,8,,,0,75,,91128,8,,,0,30,,91129,8,,,0,70,,91130,8,,,0,80,,91131,8,,,0
1100,'5460',724,,91133,8,,,0,80,,91132,8,,,0,40,,91135,8,,,0,70,,91134,8,,,0,31,,91137,8,,,0,75,,91136,8,,,0,35,,91141,8,,,0,70,,91139,8,,,0,30,,91138,8,,,0,70,,91140,8,,,0,30,,91144,8,,,0,70,,91145,8,,,0,30,,91143,8,,,0,70,,91142,8,,,0,30,,91148,8,,,0,70,,91147,8,,,0,30,,91146,8,,,0,70,,91150,8,,,0,30,,91151,8,,,0,70,,91149,8,,,0,29,,91152,8,,,0,70,,91153,8,,,0,30,,91155,8,,,0,85,,91154,8,,,0,85,,91156,8,,,0,85,,91157,8,,,0,40,,91158,8,,,0,85,,91159,8,,,0,85,,91160,8,,,0
1100,'5461',724,,91162,8,,,0,80,,91161,8,,,0,40,,91164,8,,,0,70,,91163,8,,,0,31,,91166,8,,,0,75,,91165,8,,,0,35,,91170,8,,,0,70,,91168,8,,,0,30,,91167,8,,,0,70,,91169,8,,,0,30,,91173,8,,,0,70,,91174,8,,,0,30,,91172,8,,,0,70,,91171,8,,,0,30,,91177,8,,,0,70,,91176,8,,,0,30,,91175,8,,,0,70,,91179,8,,,0,30,,91180,8,,,0,70,,91178,8,,,0,29,,91181,8,,,0,70,,91182,8,,,0,30,,91184,8,,,0,85,,91183,8,,,0,85,,91185,8,,,0,85,,91186,8,,,0,40,,91187,8,,,0,85,,91188,8,,,0,85,,91189,8,,,0
1100,'5462',724,,91191,8,,,0,80,,91190,8,,,0,40,,91193,8,,,0,70,,91192,8,,,0,31,,91195,8,,,0,75,,91194,8,,,0,35,,91199,8,,,0,70,,91197,8,,,0,30,,91196,8,,,0,70,,91198,8,,,0,30,,91202,8,,,0,70,,91203,8,,,0,30,,91201,8,,,0,70,,91200,8,,,0,30,,91206,8,,,0,70,,91205,8,,,0,30,,91204,8,,,0,70,,91208,8,,,0,30,,91209,8,,,0,70,,91207,8,,,0,29,,91210,8,,,0,70,,91211,8,,,0,30,,91213,8,,,0,85,,91212,8,,,0,85,,91214,8,,,0,85,,91215,8,,,0,40,,91216,8,,,0,85,,91217,8,,,0,85,,91218,8,,,0
1100,'5463',724,,91220,8,,,0,80,,91219,8,,,0,40,,91222,8,,,0,70,,91221,8,,,0,31,,91224,8,,,0,75,,91223,8,,,0,35,,91228,8,,,0,70,,91226,8,,,0,30,,91225,8,,,0,70,,91227,8,,,0,30,,91231,8,,,0,70,,91232,8,,,0,30,,91230,8,,,0,70,,91229,8,,,0,30,,91235,8,,,0,70,,91234,8,,,0,30,,91233,8,,,0,70,,91237,8,,,0,30,,91238,8,,,0,70,,91236,8,,,0,29,,91239,8,,,0,70,,91240,8,,,0,30,,91242,8,,,0,85,,91241,8,,,0,85,,91243,8,,,0,85,,91244,8,,,0,40,,91245,8,,,0,85,,91246,8,,,0,85,,91247,8,,,0
2400,'4832',816,,83621,7,,,0,127,,83624,7,,,0,169,,83623,7,,,0,132,,83625,7,,,0,168,,83626,7,,,0,132,,83627,7,,,0,171,,83628,7,,,0,129,,83629,7,,,0,167,,83630,7,,,0,125,,83631,7,,,0,168,,83632,7,,,0
2400,'5453',816,,79376,7,,,0,127,,83635,7,,,0,169,,83634,7,,,0,132,,83636,7,,,0,168,,83637,7,,,0,132,,83638,7,,,0,171,,83639,7,,,0,129,,83640,7,,,0,167,,83641,7,,,0,125,,83642,7,,,0,168,,83643,7,,,0
2400,'5456',614,,94437,7,,,0,33,,94438,7,,,0,74,,94439,7,,,0,101,,94440,7,,,0,114,,94442,7,,,0,100,,94441,7,,,0,100,,94443,7,,,0,99,,94444,7,,,0,100,,94445,7,,,0,99,,94446,7,,,0,86,,94447,7,,,0,81,,94448,7,,,0,54,,94449,7,,,0,98,,94450,7,,,0,104,,94451,7,,,0,150,,94452,7,,,0,124,,94453,7,,,0,172,,94454,7,,,0,131,,94455,7,,,0
2400,'5458',614,,94456,7,,,0,33,,94457,7,,,0,74,,94458,7,,,0,101,,94459,7,,,0,114,,94461,7,,,0,100,,94460,7,,,0,100,,94462,7,,,0,99,,94463,7,,,0,100,,94464,7,,,0,99,,94465,7,,,0,86,,94466,7,,,0,81,,94467,7,,,0,54,,94468,7,,,0,98,,94469,7,,,0,104,,94470,7,,,0,150,,94471,7,,,0,124,,94472,7,,,0,172,,94473,7,,,0,131,,94474,7,,,0
2400,'5459',656,,94479,7,,,0,162,,94477,7,,,0,104,,94475,7,,,0,111,,94476,7,,,0,100,,94478,7,,,0,98,,94484,7,,,0,98,,94481,7,,,0,98,,94480,7,,,0,101,,94483,7,,,0,98,,94482,7,,,0,104,,94485,7,,,0,113,,94486,7,,,0,165,,94487,7,,,0,125,,94488,7,,,0,170,,94489,7,,,0
2400,'5460',816,,94490,7,,,0,127,,94493,7,,,0,169,,94492,7,,,0,132,,94494,7,,,0,168,,94495,7,,,0,132,,94496,7,,,0,171,,94497,7,,,0,129,,94498,7,,,0,167,,94499,7,,,0,125,,94500,7,,,0,168,,94501,7,,,0
2400,'5461',816,,94502,7,,,0,127,,94505,7,,,0,169,,94504,7,,,0,132,,94506,7,,,0,168,,94507,7,,,0,132,,94508,7,,,0,171,,94509,7,,,0,129,,94510,7,,,0,167,,94511,7,,,0,125,,94512,7,,,0,168,,94513,7,,,0
2400,'5462',816,,94514,7,,,0,127,,94517,7,,,0,169,,94516,7,,,0,132,,94518,7,,,0,168,,94519,7,,,0,132,,94520,7,,,0,171,,94521,7,,,0,129,,94522,7,,,0,167,,94523,7,,,0,125,,94524,7,,,0,168,,94525,7,,,0
2400,'5463',816,,94526,7,,,0,127,,94529,7,,,0,169,,94528,7,,,0,132,,94530,7,,,0,168,,94531,7,,,0,132,,94532,7,,,0,171,,94533,7,,,0,129,,94534,7,,,0,167,,94535,7,,,0,125,,94536,7,,,0,168,,94537,7,,,0
