2200,'5456',633,,94076,56,4,,0,73,,94078,56,4,,0,30,,94077,56,4,,0,74,,94080,56,4,,0,36,,94079,56,4,,0,61,,94083,56,4,,0,27,,94081,56,4,,0,101,,94082,56,4,,0,65,,94084,56,4,,0,29,,94085,56,4,,0,103,,94088,56,0,21 22,0,70,,94086,56,0,21 22,0,30,,94089,56,0,21 22,0,70,,94090,56,0,21 22,0,104,,94091,56,0,21 22,0,25,,94104,26,4,,0,7,,94092,56,0,21 22,0,77,,94093,56,0,21 22,0,101,,94094,56,0,21 22,0,94,,94095,56,0,21 22,0,26,,94096,56,4,,0,64,,94097,56,4,,0,58,,94098,56,4,,0,70,,94099,56,4,,0,29,,94100,56,4,,0,68,,94101,56,4,,0
2200,'5458',633,,94105,56,4,,0,73,,94107,56,4,,0,30,,94106,56,4,,0,74,,94109,56,4,,0,36,,94108,56,4,,0,61,,94112,56,4,,0,27,,94110,56,4,,0,101,,94111,56,4,,0,65,,94113,56,4,,0,29,,94114,56,4,,0,103,,94117,56,0,21 22,0,70,,94115,56,0,21 22,0,30,,94118,56,0,21 22,0,70,,94119,56,0,21 22,0,26,,94122,26,4,,0,78,,94120,56,0,21 22,0,32,,94121,56,0,21 22,0,77,,94123,56,0,21 22,0,101,,94124,56,0,21 22,0,94,,94125,56,0,21 22,0,26,,94126,56,4,,0,64,,94127,56,4,,0,58,,94128,56,4,,0,70,,94129,56,4,,0,29,,94130,56,4,,0,68,,94131,56,4,,0
2200,'5459',720,,94153,56,4,,0,81,,94139,56,4,,0,40,,94143,56,4,,0,81,,94156,56,4,,0,32,,94140,56,4,,0,71,,94134,56,4,,0,33,,94141,56,4,,0,72,,94155,56,4,,0,72,,94138,56,4,,0,31,,94137,56,4,,0,71,,94142,56,4,,0,30,,94135,56,4,,0,71,,94160,56,4,,0,30,,94136,56,4,,0,69,,94149,56,4,,0,30,,94145,56,4,,0,70,,94148,56,4,,0,29,,94159,56,4,,0,68,,94150,56,4,,0,31,,94144,56,4,,0,70,,94152,56,4,,0,32,,94151,56,4,,0,70,,94147,56,4,,0,27,,94146,56,4,,0,69,,94161,56,4,,0,29,,94162,56,4,,0,27,,94158,56,4,,0,68,,94154,56,4,,0
2200,'5460',809,,94167,56,4,,0,103,,94168,56,4,,0,41,,94169,56,4,,0,71,,94164,56,4,,0,32,,94165,56,4,,0,70,,94166,56,4,,0,31,,94171,56,4,,0,69,,94172,56,4,,0,33,,94170,56,4,,0,70,,94173,56,4,,0,30,,94174,56,4,,0,70,,94182,56,4,,0,71,,94181,56,4,,0,30,,94175,56,4,,0,29,,94176,56,4,,0,70,,94177,56,4,,0,30,,94178,56,4,,0,72,,94179,56,4,,0,70,,94180,56,4,,0,29,,94183,56,4,,0,29,,94184,56,4,,0,67,,94185,56,4,,0,30,,94186,56,4,,0,153,,94187,39,4,,0
2200,'5461',809,,94191,56,4,,0,103,,94192,56,4,,0,41,,94193,56,4,,0,71,,94188,56,4,,0,32,,94189,56,4,,0,70,,94190,56,4,,0,31,,94195,56,4,,0,69,,94196,56,4,,0,33,,94194,56,4,,0,70,,94197,56,4,,0,30,,94198,56,4,,0,70,,94206,56,4,,0,71,,94205,56,4,,0,30,,94199,56,4,,0,29,,94200,56,4,,0,70,,94201,56,4,,0,30,,94202,56,4,,0,72,,94203,56,4,,0,70,,94204,56,4,,0,29,,94207,56,4,,0,29,,94208,56,4,,0,67,,94209,56,4,,0,30,,94210,56,4,,0,153,,94211,39,4,,0
2200,'5462',809,,94215,56,4,,0,103,,94216,56,4,,0,41,,94217,56,4,,0,71,,94212,56,4,,0,32,,94213,56,4,,0,70,,94214,56,4,,0,31,,94219,56,4,,0,69,,94220,56,4,,0,33,,94218,56,4,,0,70,,94221,56,4,,0,30,,94222,56,4,,0,70,,94230,56,4,,0,71,,94229,56,4,,0,30,,94223,56,4,,0,29,,94224,56,4,,0,70,,94225,56,4,,0,30,,94226,56,4,,0,72,,94227,56,4,,0,70,,94228,56,4,,0,29,,94231,56,4,,0,29,,94232,56,4,,0,67,,94233,56,4,,0,30,,94234,56,4,,0,153,,94235,39,4,,0
2200,'5463',809,,94239,56,4,,0,103,,94240,56,4,,0,41,,94241,56,4,,0,71,,94236,56,4,,0,32,,94237,56,4,,0,70,,94238,56,4,,0,31,,94243,56,4,,0,69,,94244,56,4,,0,33,,94242,56,4,,0,70,,94245,56,4,,0,30,,94246,56,4,,0,70,,94254,56,4,,0,71,,94253,56,4,,0,30,,94247,56,4,,0,29,,94248,56,4,,0,70,,94249,56,4,,0,30,,94250,56,4,,0,72,,94251,56,4,,0,70,,94252,56,4,,0,29,,94255,56,4,,0,29,,94256,56,4,,0,67,,94257,56,4,,0,30,,94258,56,4,,0,153,,94259,39,4,,0
2201,'5456',721,,94261,1,,,0,25,,94262,1,,,0,76,,94264,1,,,0,106,,94266,1,,,0,29,,94265,1,,,0,69,,94268,1,,,0,98,,94269,1,,,0
2201,'5458',721,,94285,1,,,0,25,,94286,1,,,0,76,,94288,1,,,0,106,,94290,1,,,0,29,,94289,1,,,0,69,,94292,1,,,0,98,,94293,1,,,0
5301,'5456',740,,99236,1,,,0,116,,99233,1,,,0,200,,99232,1,,,0,170,,99237,1,,,0,133,,99238,1,,,0,193,,99239,1,,,0,97,,99234,20,,,0,173,,99235,1,,,0,128,,99240,1,,,0,170,,99241,1,,,0
5301,'5458',740,,99246,1,,,0,116,,99243,1,,,0,200,,99242,1,,,0,170,,99247,1,,,0,133,,99248,1,,,0,193,,99249,1,,,0,97,,99244,20,,,0,173,,99245,1,,,0,128,,99250,1,,,0,170,,99251,1,,,0
5301,'5459',735,,99257,1,,,0,200,,99258,1,,,0,212,,99256,1,,,0,258,,99253,1,,,0,210,,99254,1,,,0,210,,99255,1,,,0,202,,99252,1,,,0
5301,'5460',735,,99262,1,,,0,200,,99259,1,,,0,212,,99260,1,,,0,258,,99263,1,,,0,210,,99261,1,,,0,210,,99264,1,,,0,202,,99265,1,,,0
5301,'5461',735,,99269,1,,,0,200,,99266,1,,,0,212,,99267,1,,,0,258,,99270,1,,,0,210,,99268,1,,,0,210,,99271,1,,,0,202,,99272,1,,,0
5301,'5462',735,,99276,1,,,0,200,,99273,1,,,0,212,,99274,1,,,0,258,,99277,1,,,0,210,,99275,1,,,0,210,,99278,1,,,0,202,,99279,1,,,0
5301,'5463',735,,99283,1,,,0,200,,99280,1,,,0,212,,99281,1,,,0,258,,99284,1,,,0,210,,99282,1,,,0,210,,99285,1,,,0,202,,99286,1,,,0
1002200,'5456',956,,103706,46,4,,0,196,,103707,46,0,21 22,0,278,,103708,46,0,21 22,0,207,,103709,46,0,21 22,0,96,,103710,46,0,21 22,0,192,,103711,46,0,21 22,0
1002200,'5458',956,,103712,46,4,,0,196,,103713,46,0,21 22,0,278,,103714,46,0,21 22,0,207,,103715,46,0,21 22,0,96,,103716,46,0,21 22,0,192,,103717,46,0,21 22,0
1002201,'5456',645,,103718,1,,,0,255,,103719,1,,,0,200,,103720,1,,,0
1002201,'5458',645,,103727,1,,,0,255,,103728,1,,,0,200,,103729,1,,,0
