7500,'4832',656,,86224,51,0,13 14,0,99,,81195,51,0,42 43,0,101,,75561,51,0,42 43,0,99,,75562,53,0,42 43,0,98,,75563,53,0,42 43,0,100,,81196,53,0,42 43,0,70,,75565,53,0,13 14,0,30,,86225,53,0,42 43,0,71,,86226,53,0,13 14,0,30,,86227,53,0,42 43,0,70,,86228,53,0,13 14,0,30,,86229,53,0,42 43,0,70,,75571,53,0,13 14,0,30,,86230,53,0,42 43,0,100,,75573,53,0,42 43,0,101,,75574,53,0,42 43,0,102,,81200,53,0,42 43,0,102,,86231,53,0,42 43,0,144,,86232,53,0,42 43,0,56,,75578,53,0,13 14,0,169,,86233,51,0,13 14,0
7500,'5453',656,,86238,51,0,13 14,0,99,,81241,51,0,42 43,0,101,,81242,51,0,42 43,0,99,,81243,53,0,42 43,0,98,,81244,53,0,42 43,0,100,,86239,53,0,42 43,0,70,,86240,53,0,13 14,0,30,,86241,53,0,42 43,0,71,,81248,53,0,13 14,0,30,,86242,53,0,42 43,0,70,,86243,53,0,13 14,0,30,,86244,53,0,42 43,0,70,,86245,53,0,13 14,0,30,,86246,53,0,42 43,0,100,,86247,53,0,42 43,0,101,,81255,53,0,42 43,0,102,,81256,53,0,42 43,0,102,,81257,53,0,42 43,0,144,,86248,53,0,42 43,0,56,,81259,53,0,13 14,0,169,,86249,51,0,13 14,0
7500,'5456',545,,101477,51,0,42 43,0,58,,101479,51,0,13 14,0,19,,101483,51,0,13 14,0,20,,101486,51,0,13 14,0,17,,101489,51,0,13 14,0,58,,101491,51,0,13 14,0,15,,101481,51,0,42 43,0,27,,101494,62,0,13 14,0,52,,101478,51,0,13 14,0,21,,101480,51,0,13 14,0,21,,101482,51,0,42 43,0,69,,101485,53,0,13 14,0,28,,101484,53,0,42 43,0,74,,101488,53,0,13 14,0,27,,101487,53,0,42 43,0,70,,101490,53,0,13 14,0,30,,101498,53,0,42 43,0,70,,101492,53,0,13 14,0,30,,101493,53,0,42 43,0,70,,101495,53,0,13 14,0,29,,101496,53,0,42 43,0,70,,101497,53,0,13 14,0,26,,101499,53,0,42 43,0,70,,101500,53,0,42 43,0,34,,101501,53,0,42 43,0,70,,101502,53,0,13 14,0,31,,101503,53,0,42 43,0,69,,101513,62,0,13 14,0,19,,101504,62,0,42 43,0,66,,101506,64,0,13 14,0,11,,101505,62,0,13 14,0,16,,101512,53,0,13 14,0,23,,101507,62,0,42 43,0,64,,101508,53,0,13 14,0,36,,101509,53,0,42 43,0,147,,101510,53,0,42 43,0,55,,101511,53,0,13 14,0,99,,101514,51,0,13 14,0,148,,101515,51,0,13 14,0
7500,'5458',545,,101516,51,0,42 43,0,58,,101518,51,0,13 14,0,19,,101522,51,0,13 14,0,20,,101525,51,0,13 14,0,17,,101528,51,0,13 14,0,58,,101530,51,0,13 14,0,15,,101520,51,0,42 43,0,27,,101533,62,0,13 14,0,52,,101517,51,0,13 14,0,21,,101519,51,0,13 14,0,21,,101521,51,0,42 43,0,69,,101524,53,0,13 14,0,28,,101523,53,0,42 43,0,74,,101527,53,0,13 14,0,27,,101526,53,0,42 43,0,70,,101529,53,0,13 14,0,30,,101537,53,0,42 43,0,70,,101531,53,0,13 14,0,30,,101532,53,0,42 43,0,70,,101534,53,0,13 14,0,29,,101535,53,0,42 43,0,70,,101536,53,0,13 14,0,26,,101538,53,0,42 43,0,70,,101539,53,0,42 43,0,34,,101540,53,0,42 43,0,70,,101541,53,0,13 14,0,31,,101542,53,0,42 43,0,69,,101552,62,0,13 14,0,19,,101543,62,0,42 43,0,66,,101545,64,0,13 14,0,11,,101544,62,0,13 14,0,16,,101551,53,0,13 14,0,23,,101546,62,0,42 43,0,64,,101547,53,0,13 14,0,36,,101548,53,0,42 43,0,147,,101549,53,0,42 43,0,55,,101550,53,0,13 14,0,99,,101553,51,0,13 14,0,148,,101554,51,0,13 14,0
7500,'5459',702,,101556,51,0,13 14,0,54,,101557,51,0,42 43,0,99,,101558,51,0,42 43,0,99,,101555,53,0,42 43,0,98,,101559,53,0,42 43,0,101,,101560,53,0,42 43,0,70,,101561,53,0,13 14,0,30,,101562,53,0,42 43,0,70,,101563,53,0,13 14,0,31,,101564,53,0,42 43,0,64,,101565,53,0,13 14,0,36,,101566,53,0,42 43,0,70,,101567,53,0,13 14,0,30,,101568,53,0,42 43,0,71,,101569,53,0,13 14,0,30,,101570,53,0,42 43,0,100,,101571,53,0,42 43,0,102,,101572,53,0,42 43,0,101,,101573,53,0,42 43,0,101,,101574,53,0,42 43,0,98,,101575,53,0,13 14,0,101,,101576,51,0,13 14,0,101,,101577,51,0,13 14,0
7500,'5460',656,,101578,51,0,13 14,0,99,,101579,51,0,42 43,0,101,,101580,51,0,42 43,0,99,,101581,53,0,42 43,0,98,,101582,53,0,42 43,0,100,,101583,53,0,42 43,0,70,,101584,53,0,13 14,0,30,,101585,53,0,42 43,0,71,,101586,53,0,13 14,0,30,,101587,53,0,42 43,0,70,,101588,53,0,13 14,0,30,,101589,53,0,42 43,0,70,,101590,53,0,13 14,0,30,,101591,53,0,42 43,0,100,,101592,53,0,42 43,0,101,,101593,53,0,42 43,0,102,,101594,53,0,42 43,0,102,,101595,53,0,42 43,0,144,,101596,53,0,42 43,0,56,,101597,53,0,13 14,0,169,,101598,51,0,13 14,0
7500,'5461',656,,101599,51,0,13 14,0,99,,101600,51,0,42 43,0,101,,101601,51,0,42 43,0,99,,101602,53,0,42 43,0,98,,101603,53,0,42 43,0,100,,101604,53,0,42 43,0,70,,101605,53,0,13 14,0,30,,101606,53,0,42 43,0,71,,101607,53,0,13 14,0,30,,101608,53,0,42 43,0,70,,101609,53,0,13 14,0,30,,101610,53,0,42 43,0,70,,101611,53,0,13 14,0,30,,101612,53,0,42 43,0,100,,101613,53,0,42 43,0,101,,101614,53,0,42 43,0,102,,101615,53,0,42 43,0,102,,101616,53,0,42 43,0,144,,101617,53,0,42 43,0,56,,101618,53,0,13 14,0,169,,101619,51,0,13 14,0
7500,'5462',656,,101620,51,0,13 14,0,99,,101621,51,0,42 43,0,101,,101622,51,0,42 43,0,99,,101623,53,0,42 43,0,98,,101624,53,0,42 43,0,100,,101625,53,0,42 43,0,70,,101626,53,0,13 14,0,30,,101627,53,0,42 43,0,71,,101628,53,0,13 14,0,30,,101629,53,0,42 43,0,70,,101630,53,0,13 14,0,30,,101631,53,0,42 43,0,70,,101632,53,0,13 14,0,30,,101633,53,0,42 43,0,100,,101634,53,0,42 43,0,101,,101635,53,0,42 43,0,102,,101636,53,0,42 43,0,102,,101637,53,0,42 43,0,144,,101638,53,0,42 43,0,56,,101639,53,0,13 14,0,169,,101640,51,0,13 14,0
7500,'5463',656,,101641,51,0,13 14,0,99,,101642,51,0,42 43,0,101,,101643,51,0,42 43,0,99,,101644,53,0,42 43,0,98,,101645,53,0,42 43,0,100,,101646,53,0,42 43,0,70,,101647,53,0,13 14,0,30,,101648,53,0,42 43,0,71,,101649,53,0,13 14,0,30,,101650,53,0,42 43,0,70,,101651,53,0,13 14,0,30,,101652,53,0,42 43,0,70,,101653,53,0,13 14,0,30,,101654,53,0,42 43,0,100,,101655,53,0,42 43,0,101,,101656,53,0,42 43,0,102,,101657,53,0,42 43,0,102,,101658,53,0,42 43,0,144,,101659,53,0,42 43,0,56,,101660,53,0,13 14,0,169,,101661,51,0,13 14,0
8300,'4832',1102,,86408,32,,,0,300,,86409,32,,,0,304,,86407,32,,,0,300,,86406,32,,,0
8300,'5453',1102,,86412,32,,,0,300,,86413,32,,,0,304,,86411,32,,,0,300,,86410,32,,,0
8300,'5456',716,,102055,32,,,0,204,,102054,32,,,0,180,,102056,32,,,0,207,,102057,32,,,0,199,,102058,32,,,0,213,,102059,32,,,0,206,,102060,32,,,0
8300,'5458',716,,102062,32,,,0,204,,102061,32,,,0,180,,102063,32,,,0,207,,102064,32,,,0,199,,102065,32,,,0,213,,102066,32,,,0,206,,102067,32,,,0
8300,'5459',1103,,102070,32,,,0,300,,102071,32,,,0,303,,102069,32,,,0,300,,102068,32,,,0
8300,'5460',1102,,102074,32,,,0,300,,102075,32,,,0,304,,102073,32,,,0,300,,102072,32,,,0
8300,'5461',1102,,102078,32,,,0,300,,102079,32,,,0,304,,102077,32,,,0,300,,102076,32,,,0
8300,'5462',1102,,102082,32,,,0,300,,102083,32,,,0,304,,102081,32,,,0,300,,102080,32,,,0
8300,'5463',1102,,102086,32,,,0,300,,102087,32,,,0,304,,102085,32,,,0,300,,102084,32,,,0
