400,'5456',613,,88255,28,,,0,22,,88252,28,,,0,20,,88268,28,,,0,63,,88249,28,,,0,15,,88278,28,,,0,16,,88315,28,,,0,59,,88296,28,,,0,12,,88295,22,,,0,4,,88289,28,,,0,6,,88254,22,,,0,4,,88258,28,,,0,4,,88253,28,,,0,9,,88270,22,,,0,5,,88273,28,,,0,7,,88266,22,,,0,47,,88279,28,,,0,6,,88259,22,,,0,8,,88260,28,,,0,7,,88265,22,,,0,7,,88269,28,,,0,12,,88261,28,,,0,13,,88283,28,,,0,54,,88263,28,,,0,14,,88281,28,,,0,13,,88286,28,,,0,13,,88288,28,,,0,53,,88291,28,,,0,13,,88290,28,,,0,14,,88292,28,,,0,14,,88301,28,,,0,55,,88303,28,,,0,13,,88310,28,,,0,14,,88308,28,,,0,13,,88305,28,,,0,14,,88320,28,,,0,53,,88316,28,,,0,15,,88271,28,,,0,15,,88325,28,,,0,4,,88327,21,,,0,9,,88262,28,,,0,54,,88276,28,,,0,14,,88277,28,,,0,12,,88256,28,,,0,13,,88257,28,,,0,13,,88284,28,,,0,54,,88251,28,,,0,15,,88282,28,,,0,18,,88285,28,,,0,58,,88294,28,,,0,17,,88298,28,,,0,17,,88293,28,,,0,19,,88297,28,,,0,55,,88302,28,,,0,17,,88300,28,,,0,17,,88307,28,,,0,14,,88304,28,,,0,53,,88309,28,,,0,12,,88313,28,,,0,14,,88321,28,,,0,15,,88326,28,,,0,53,,88250,28,,,0,14,,88274,28,,,0,15,,88264,28,,,0,15,,88267,28,,,0,55,,88287,28,,,0,13,,88306,28,,,0,15,,88280,28,,,0,16,,88299,28,,,0,57,,88275,28,,,0,17,,88311,28,,,0,14,,88272,28,,,0,16,,88322,28,,,0,58,,88312,28,,,0,20,,88317,28,,,0,20,,88323,28,,,0,62,,88318,28,,,0,24,,88324,28,,,0,69,,88319,28,,,0,28,,88314,28,,,0
400,'5458',613,,88335,28,,,0,22,,88332,28,,,0,20,,88349,28,,,0,63,,88328,28,,,0,15,,88359,28,,,0,16,,88396,28,,,0,59,,88377,28,,,0,12,,88376,22,,,0,4,,88370,28,,,0,6,,88334,22,,,0,4,,88338,28,,,0,4,,88333,28,,,0,9,,88351,22,,,0,5,,88354,28,,,0,7,,88347,22,,,0,47,,88360,28,,,0,6,,88339,22,,,0,8,,88340,28,,,0,7,,88346,22,,,0,7,,88350,28,,,0,12,,88341,28,,,0,13,,88364,28,,,0,54,,88343,28,,,0,14,,88362,28,,,0,13,,88367,28,,,0,13,,88369,28,,,0,53,,88372,28,,,0,13,,88371,28,,,0,14,,88373,28,,,0,14,,88382,28,,,0,55,,88384,28,,,0,13,,88391,28,,,0,14,,88389,28,,,0,13,,88386,28,,,0,14,,88401,28,,,0,53,,88397,28,,,0,15,,88352,28,,,0,15,,88408,28,,,0,4,,88411,21,,,0,9,,88342,28,,,0,54,,88357,28,,,0,14,,88358,28,,,0,12,,88336,28,,,0,13,,88337,28,,,0,13,,88365,28,,,0,54,,88331,28,,,0,15,,88363,28,,,0,18,,88366,28,,,0,58,,88375,28,,,0,17,,88379,28,,,0,17,,88374,28,,,0,19,,88378,28,,,0,55,,88383,28,,,0,17,,88381,28,,,0,17,,88388,28,,,0,14,,88385,28,,,0,53,,88390,28,,,0,12,,88394,28,,,0,14,,88402,28,,,0,15,,88409,28,,,0,53,,88330,28,,,0,14,,88355,28,,,0,15,,88344,28,,,0,15,,88348,28,,,0,55,,88368,28,,,0,13,,88387,28,,,0,15,,88361,28,,,0,16,,88380,28,,,0,57,,88356,28,,,0,17,,88392,28,,,0,14,,88353,28,,,0,16,,88403,28,,,0,58,,88393,28,,,0,20,,88398,28,,,0,20,,88405,28,,,0,62,,88399,28,,,0,24,,88406,28,,,0,69,,88400,28,,,0,28,,88395,28,,,0,70,,88404,28,,,0,30,,88407,28,,,0,69,,88410,28,,,0,30,,88329,28,,,0,70,,88345,28,,,0
400,'5459',658,,88455,28,,,0,66,,88436,28,,,0,22,,88441,28,,,0,60,,88448,28,,,0,21,,88430,28,,,0,18,,88446,28,,,0,58,,88450,28,,,0,16,,88431,28,,,0,16,,88421,28,,,0,16,,88447,28,,,0,56,,88453,28,,,0,16,,88415,28,,,0,17,,88424,28,,,0,15,,88418,28,,,0,56,,88477,28,,,0,17,,88438,28,,,0,15,,88437,28,,,0,16,,88413,28,,,0,56,,88425,28,,,0,15,,88435,28,,,0,15,,88445,28,,,0,55,,88454,28,,,0,15,,88412,28,,,0,16,,88419,28,,,0,16,,88429,28,,,0,57,,88439,28,,,0,16,,88449,28,,,0,16,,88417,28,,,0,15,,88422,28,,,0,56,,88432,28,,,0,16,,88444,28,,,0,16,,88452,28,,,0,16,,88414,28,,,0,56,,88428,28,,,0,15,,88423,28,,,0,16,,88442,28,,,0,16,,88451,28,,,0,55,,88426,28,,,0,16,,88433,28,,,0,15,,88416,28,,,0,56,,88443,28,,,0,15,,88440,28,,,0,16,,88427,28,,,0,15,,88420,28,,,0,58,,88434,28,,,0,18,,88459,28,,,0,18,,88456,28,,,0,18,,88458,28,,,0,58,,88457,28,,,0,17,,88473,28,,,0,17,,88465,28,,,0,58,,88464,28,,,0,18,,88466,28,,,0,18,,88467,28,,,0,58,,88474,28,,,0,18,,88470,28,,,0,24,,88471,28,,,0,63,,88469,28,,,0,29,,88468,28,,,0,70,,88472,28,,,0,30,,88475,28,,,0,69,,88476,28,,,0,28,,88463,28,,,0,69,,88460,28,,,0,30,,88461,28,,,0,70,,88462,28,,,0
400,'5460',807,,88478,28,,,0,30,,88479,28,,,0,72,,88480,28,,,0,31,,88481,28,,,0,71,,88482,28,,,0,30,,88483,28,,,0,60,,88484,28,,,0,21,,88485,28,,,0,20,,88486,28,,,0,60,,88487,28,,,0,20,,88488,28,,,0,21,,88489,28,,,0,61,,88490,28,,,0,20,,88491,28,,,0,20,,88492,28,,,0,60,,88493,28,,,0,20,,88494,28,,,0,19,,88521,28,,,0,58,,88495,28,,,0,17,,88496,28,,,0,16,,88497,28,,,0,16,,88498,28,,,0,56,,88523,28,,,0,16,,88499,28,,,0,16,,88500,28,,,0,16,,88501,28,,,0,56,,88502,28,,,0,15,,88522,28,,,0,14,,88503,28,,,0,17,,88504,28,,,0,57,,88505,28,,,0,18,,88506,28,,,0,17,,88507,28,,,0,56,,88508,28,,,0,18,,88509,28,,,0,18,,88510,28,,,0,18,,88511,28,,,0,58,,88524,28,,,0,17,,88512,28,,,0,20,,88513,28,,,0,60,,88514,28,,,0,24,,88515,28,,,0,69,,88516,28,,,0,31,,88517,28,,,0,69,,88518,28,,,0,29,,88519,28,,,0,81,,88520,28,,,0
400,'5461',807,,88525,28,,,0,30,,88526,28,,,0,72,,88527,28,,,0,31,,88528,28,,,0,71,,88529,28,,,0,30,,88530,28,,,0,60,,88531,28,,,0,21,,88532,28,,,0,20,,88533,28,,,0,60,,88534,28,,,0,20,,88535,28,,,0,21,,88536,28,,,0,61,,88537,28,,,0,20,,88538,28,,,0,20,,88539,28,,,0,60,,88540,28,,,0,20,,88541,28,,,0,19,,88568,28,,,0,58,,88542,28,,,0,17,,88543,28,,,0,16,,88544,28,,,0,16,,88545,28,,,0,56,,88570,28,,,0,16,,88546,28,,,0,16,,88547,28,,,0,16,,88548,28,,,0,56,,88549,28,,,0,15,,88569,28,,,0,14,,88550,28,,,0,17,,88551,28,,,0,57,,88552,28,,,0,18,,88553,28,,,0,17,,88554,28,,,0,56,,88555,28,,,0,18,,88556,28,,,0,18,,88557,28,,,0,18,,88558,28,,,0,58,,88571,28,,,0,17,,88559,28,,,0,20,,88560,28,,,0,60,,88561,28,,,0,24,,88562,28,,,0,69,,88563,28,,,0,31,,88564,28,,,0,69,,88565,28,,,0,29,,88566,28,,,0,81,,88567,28,,,0
400,'5462',807,,88572,28,,,0,30,,88573,28,,,0,72,,88574,28,,,0,31,,88575,28,,,0,71,,88576,28,,,0,30,,88577,28,,,0,60,,88578,28,,,0,21,,88579,28,,,0,20,,88580,28,,,0,60,,88581,28,,,0,20,,88582,28,,,0,21,,88583,28,,,0,61,,88584,28,,,0,20,,88585,28,,,0,20,,88586,28,,,0,60,,88587,28,,,0,20,,88588,28,,,0,19,,88615,28,,,0,58,,88589,28,,,0,17,,88590,28,,,0,16,,88591,28,,,0,16,,88592,28,,,0,56,,88617,28,,,0,16,,88593,28,,,0,16,,88594,28,,,0,16,,88595,28,,,0,56,,88596,28,,,0,15,,88616,28,,,0,14,,88597,28,,,0,17,,88598,28,,,0,57,,88599,28,,,0,18,,88600,28,,,0,17,,88601,28,,,0,56,,88602,28,,,0,18,,88603,28,,,0,18,,88604,28,,,0,18,,88605,28,,,0,58,,88618,28,,,0,17,,88606,28,,,0,20,,88607,28,,,0,60,,88608,28,,,0,24,,88609,28,,,0,69,,88610,28,,,0,31,,88611,28,,,0,69,,88612,28,,,0,29,,88613,28,,,0,81,,88614,28,,,0
400,'5463',807,,88619,28,,,0,30,,88620,28,,,0,72,,88621,28,,,0,31,,88622,28,,,0,71,,88623,28,,,0,30,,88624,28,,,0,60,,88625,28,,,0,21,,88626,28,,,0,20,,88627,28,,,0,60,,88628,28,,,0,20,,88629,28,,,0,21,,88630,28,,,0,61,,88631,28,,,0,20,,88632,28,,,0,20,,88633,28,,,0,60,,88634,28,,,0,20,,88635,28,,,0,19,,88662,28,,,0,58,,88636,28,,,0,17,,88637,28,,,0,16,,88638,28,,,0,16,,88639,28,,,0,56,,88664,28,,,0,16,,88640,28,,,0,16,,88641,28,,,0,16,,88642,28,,,0,56,,88643,28,,,0,15,,88663,28,,,0,14,,88644,28,,,0,17,,88645,28,,,0,57,,88646,28,,,0,18,,88647,28,,,0,17,,88648,28,,,0,56,,88649,28,,,0,18,,88650,28,,,0,18,,88651,28,,,0,18,,88652,28,,,0,58,,88665,28,,,0,17,,88653,28,,,0,20,,88654,28,,,0,60,,88655,28,,,0,24,,88656,28,,,0,69,,88657,28,,,0,31,,88658,28,,,0,69,,88659,28,,,0,29,,88660,28,,,0,81,,88661,28,,,0
701,'5456',626,,90301,33,,,0,30,,90316,33,,,0,65,,90303,33,,,0,15,,90330,33,,,0,19,,90302,33,,,0,52,,90343,33,,,0,6,,90338,33,,,0,10,,90344,33,,,0,7,,90324,33,,,0,10,,90345,33,,,0,8,,90305,33,,,0,56,,90327,33,,,0,17,,90317,33,,,0,14,,90336,33,,,0,19,,90306,33,,,0,60,,90307,33,,,0,20,,90340,33,,,0,19,,90323,33,,,0,61,,90304,33,,,0,20,,90328,33,,,0,21,,90334,33,,,0,60,,90308,33,,,0,20,,90309,33,,,0,65,,90342,33,,,0,20,,90325,33,,,0,20,,90311,33,,,0,61,,90329,33,,,0,19,,90335,33,,,0,22,,90310,33,,,0,63,,90312,33,,,0,22,,90346,33,,,0,19,,90339,33,,,0,58,,90318,33,,,0,14,,90313,33,,,0,24,,90348,33,,,0,59,,90326,33,,,0,16,,90331,33,,,0,19,,90314,33,,,0,14,,90315,33,,,0,56,,90347,33,,,0,18,,90337,33,,,0,19,,90320,33,,,0,57,,90321,33,,,0,30,,90332,33,,,0,29,,90319,33,,,0,70,,90341,33,,,0,29,,90322,33,,,0,70,,90333,33,,,0
701,'5458',626,,90349,33,,,0,30,,90364,33,,,0,65,,90351,33,,,0,15,,90378,33,,,0,19,,90350,33,,,0,52,,90391,33,,,0,6,,90386,33,,,0,10,,90392,33,,,0,7,,90372,33,,,0,10,,90393,33,,,0,8,,90353,33,,,0,56,,90375,33,,,0,17,,90365,33,,,0,14,,90384,33,,,0,19,,90354,33,,,0,60,,90355,33,,,0,20,,90388,33,,,0,19,,90371,33,,,0,61,,90352,33,,,0,20,,90376,33,,,0,21,,90382,33,,,0,60,,90356,33,,,0,20,,90357,33,,,0,65,,90390,33,,,0,20,,90373,33,,,0,20,,90359,33,,,0,61,,90377,33,,,0,19,,90383,33,,,0,22,,90358,33,,,0,63,,90360,33,,,0,22,,90394,33,,,0,19,,90387,33,,,0,58,,90366,33,,,0,14,,90361,33,,,0,24,,90396,33,,,0,59,,90374,33,,,0,16,,90379,33,,,0,19,,90362,33,,,0,14,,90363,33,,,0,56,,90395,33,,,0,18,,90385,33,,,0,19,,90368,33,,,0,57,,90369,33,,,0,30,,90380,33,,,0,29,,90367,33,,,0,70,,90389,33,,,0,29,,90370,33,,,0,70,,90381,33,,,0
701,'5459',715,,90424,33,,,0,30,,90408,33,,,0,73,,90417,33,,,0,32,,90401,33,,,0,70,,90425,33,,,0,29,,90409,33,,,0,73,,90418,33,,,0,27,,90397,33,,,0,70,,90399,33,,,0,29,,90419,33,,,0,71,,90405,33,,,0,29,,90412,33,,,0,68,,90398,33,,,0,31,,90400,33,,,0,70,,90420,33,,,0,30,,90404,33,,,0,69,,90413,33,,,0,31,,90402,33,,,0,70,,90403,33,,,0,33,,90421,33,,,0,70,,90406,33,,,0,29,,90415,33,,,0,71,,90407,33,,,0,29,,90410,33,,,0,69,,90422,33,,,0,30,,90411,33,,,0,75,,90416,33,,,0,36,,90414,33,,,0,68,,90423,33,,,0
701,'5460',724,,90438,33,,,0,80,,90427,33,,,0,41,,90439,33,,,0,76,,90440,33,,,0,25,,90426,33,,,0,70,,90428,33,,,0,31,,90441,33,,,0,69,,90429,33,,,0,31,,90444,33,,,0,69,,90430,33,,,0,31,,90431,33,,,0,70,,90443,33,,,0,28,,90442,33,,,0,69,,90445,33,,,0,30,,90446,33,,,0,69,,90433,33,,,0,31,,90434,33,,,0,73,,90436,33,,,0,32,,90435,33,,,0,69,,90432,33,,,0,30,,90437,33,,,0,69,,90447,33,,,0,32,,90448,33,,,0,74,,90449,33,,,0,34,,90451,33,,,0,69,,90450,33,,,0
701,'5461',724,,90464,33,,,0,80,,90453,33,,,0,41,,90465,33,,,0,76,,90466,33,,,0,25,,90452,33,,,0,70,,90454,33,,,0,31,,90467,33,,,0,69,,90455,33,,,0,31,,90470,33,,,0,69,,90456,33,,,0,31,,90457,33,,,0,70,,90469,33,,,0,28,,90468,33,,,0,69,,90471,33,,,0,30,,90472,33,,,0,69,,90459,33,,,0,31,,90460,33,,,0,73,,90462,33,,,0,32,,90461,33,,,0,69,,90458,33,,,0,30,,90463,33,,,0,69,,90473,33,,,0,32,,90474,33,,,0,74,,90475,33,,,0,34,,90477,33,,,0,69,,90476,33,,,0
701,'5462',724,,90490,33,,,0,80,,90479,33,,,0,41,,90491,33,,,0,76,,90492,33,,,0,25,,90478,33,,,0,70,,90480,33,,,0,31,,90493,33,,,0,69,,90481,33,,,0,31,,90496,33,,,0,69,,90482,33,,,0,31,,90483,33,,,0,70,,90495,33,,,0,28,,90494,33,,,0,69,,90497,33,,,0,30,,90498,33,,,0,69,,90485,33,,,0,31,,90486,33,,,0,73,,90488,33,,,0,32,,90487,33,,,0,69,,90484,33,,,0,30,,90489,33,,,0,69,,90499,33,,,0,32,,90500,33,,,0,74,,90501,33,,,0,34,,90503,33,,,0,69,,90502,33,,,0
701,'5463',724,,90516,33,,,0,80,,90505,33,,,0,41,,90517,33,,,0,76,,90518,33,,,0,25,,90504,33,,,0,70,,90506,33,,,0,31,,90519,33,,,0,69,,90507,33,,,0,31,,90522,33,,,0,69,,90508,33,,,0,31,,90509,33,,,0,70,,90521,33,,,0,28,,90520,33,,,0,69,,90523,33,,,0,30,,90524,33,,,0,69,,90511,33,,,0,31,,90512,33,,,0,73,,90514,33,,,0,32,,90513,33,,,0,69,,90510,33,,,0,30,,90515,33,,,0,69,,90525,33,,,0,32,,90526,33,,,0,74,,90527,33,,,0,34,,90529,33,,,0,69,,90528,33,,,0
900,'5456',725,,90756,33,,,0,15,,90754,33,,,0,17,,90755,52,,,0,56,,90752,33,,,0,28,,90753,52,,,0
900,'5458',725,,90761,33,,,0,15,,90759,33,,,0,17,,90760,52,,,0,56,,90757,33,,,0,28,,90758,52,,,0
1400,'5456',627,,91738,57,,,0,20,,91739,57,,,0,58,,91740,57,,,0,17,,91741,57,,,0,16,,91742,57,,,0,7,,91729,28,,,0,7,,91743,57,,,0,51,,91744,57,,,0,8,,91730,28,,,0,6,,91745,57,,,0,6,,91731,28,,,0,6,,91746,57,,,0,8,,91732,28,,,0,5,,91747,57,,,0,7,,91733,28,,,0,5,,91748,57,,,0,47,,91734,28,,,0,3,,91749,57,,,0,3,,91750,57,,,0,5,,91751,57,,,0,5,,91752,57,,,0,8,,91735,28,,,0,6,,91753,57,,,0,6,,91736,28,,,0,6,,91754,57,,,0,7,,91737,28,,,0,6,,91755,57,,,0,51,,91756,57,,,0,12,,91757,57,,,0,12,,91758,57,,,0,13,,91759,57,,,0,14,,91760,57,,,0,53,,91761,57,,,0,13,,91762,57,,,0,13,,91763,57,,,0,13,,91764,57,,,0,54,,91765,57,,,0,13,,91766,57,,,0,13,,91767,57,,,0,13,,91768,57,,,0,12,,91769,57,,,0,53,,91770,57,,,0,14,,91771,57,,,0,13,,91772,57,,,0,13,,91773,57,,,0,54,,91774,57,,,0,13,,91775,57,,,0,14,,91776,57,,,0,12,,91777,57,,,0,15,,91778,57,,,0,51,,91779,57,,,0,13,,91780,57,,,0,21,,91781,57,,,0,7,,91812,57,,,0,7,,91782,57,,,0,57,,91783,57,,,0,16,,91784,57,,,0,15,,91785,57,,,0,15,,91786,57,,,0,53,,91787,57,,,0,16,,91788,57,,,0,14,,91789,57,,,0,15,,91790,57,,,0,56,,91791,57,,,0,15,,91792,57,,,0,13,,91793,57,,,0,14,,91794,57,,,0,54,,91795,57,,,0,13,,91796,57,,,0,14,,91797,57,,,0,15,,91798,57,,,0,57,,91799,57,,,0,19,,91800,57,,,0,19,,91801,57,,,0,60,,91802,57,,,0,20,,91803,57,,,0,20,,91804,57,,,0,60,,91805,57,,,0,20,,91806,57,,,0,19,,91807,57,,,0,70,,91808,57,,,0,30,,91809,57,,,0,70,,91810,57,,,0,28,,91811,57,,,0
1400,'5458',627,,91822,57,,,0,20,,91823,57,,,0,58,,91824,57,,,0,17,,91825,57,,,0,16,,91826,57,,,0,7,,91813,28,,,0,7,,91827,57,,,0,51,,91828,57,,,0,8,,91814,28,,,0,6,,91829,57,,,0,6,,91815,28,,,0,6,,91830,57,,,0,8,,91816,28,,,0,5,,91831,57,,,0,7,,91817,28,,,0,5,,91832,57,,,0,47,,91818,28,,,0,3,,91833,57,,,0,3,,91834,57,,,0,5,,91835,57,,,0,5,,91836,57,,,0,8,,91819,28,,,0,6,,91837,57,,,0,6,,91820,28,,,0,6,,91838,57,,,0,7,,91821,28,,,0,6,,91839,57,,,0,51,,91840,57,,,0,12,,91841,57,,,0,12,,91842,57,,,0,13,,91843,57,,,0,14,,91844,57,,,0,53,,91845,57,,,0,13,,91846,57,,,0,13,,91847,57,,,0,13,,91848,57,,,0,54,,91849,57,,,0,13,,91850,57,,,0,13,,91851,57,,,0,13,,91852,57,,,0,12,,91853,57,,,0,53,,91854,57,,,0,14,,91855,57,,,0,13,,91856,57,,,0,13,,91857,57,,,0,54,,91858,57,,,0,13,,91859,57,,,0,14,,91860,57,,,0,12,,91861,57,,,0,15,,91862,57,,,0,51,,91863,57,,,0,13,,91864,57,,,0,21,,91865,57,,,0,7,,91900,57,,,0,7,,91866,57,,,0,57,,91867,57,,,0,16,,91868,57,,,0,15,,91869,57,,,0,15,,91870,57,,,0,53,,91871,57,,,0,16,,91872,57,,,0,14,,91873,57,,,0,15,,91874,57,,,0,56,,91875,57,,,0,15,,91876,57,,,0,13,,91877,57,,,0,14,,91878,57,,,0,54,,91879,57,,,0,13,,91880,57,,,0,14,,91881,57,,,0,15,,91882,57,,,0,57,,91883,57,,,0,19,,91884,57,,,0,19,,91885,57,,,0,60,,91886,57,,,0,20,,91887,57,,,0,20,,91888,57,,,0,60,,91889,57,,,0,20,,91890,57,,,0,19,,91891,57,,,0,70,,91892,57,,,0,30,,91893,57,,,0,70,,91894,57,,,0,28,,91895,57,,,0,70,,91896,57,,,0,30,,91897,57,,,0,70,,91898,57,,,0,30,,91899,57,,,0
1400,'5459',704,,91925,57,,,0,21,,91926,57,,,0,20,,91909,57,,,0,59,,91924,57,,,0,16,,91903,57,,,0,15,,91908,57,,,0,15,,91907,57,,,0,55,,91923,57,,,0,15,,91921,57,,,0,15,,91906,57,,,0,16,,91902,57,,,0,55,,91922,57,,,0,15,,91901,57,,,0,16,,91911,57,,,0,15,,91913,57,,,0,55,,91927,57,,,0,16,,91929,57,,,0,15,,91914,57,,,0,16,,91905,57,,,0,56,,91928,57,,,0,16,,91904,57,,,0,16,,91910,57,,,0,15,,91917,57,,,0,55,,91930,57,,,0,16,,91915,57,,,0,15,,91931,57,,,0,15,,91916,57,,,0,55,,91918,57,,,0,15,,91932,57,,,0,16,,91920,57,,,0,15,,91912,57,,,0,56,,91919,57,,,0,15,,91943,57,,,0,15,,91941,57,,,0,55,,91944,57,,,0,14,,91938,57,,,0,15,,91937,57,,,0,14,,91934,57,,,0,15,,91945,57,,,0,54,,91939,57,,,0,15,,91940,57,,,0,15,,91947,57,,,0,15,,91942,57,,,0,55,,91935,57,,,0,15,,91936,57,,,0,14,,91946,57,,,0,14,,91933,57,,,0,54,,91951,57,,,0,15,,91948,57,,,0,15,,91949,57,,,0,15,,91950,57,,,0,56,,91952,57,,,0,20,,91954,57,,,0,20,,91955,57,,,0,60,,91956,57,,,0,20,,91957,57,,,0,19,,91953,57,,,0,60,,91961,57,,,0,20,,91960,57,,,0,21,,91959,57,,,0,66,,91958,57,,,0,30,,91962,57,,,0,70,,91963,57,,,0,30,,91964,57,,,0,70,,91965,57,,,0,29,,91966,57,,,0,68,,91967,57,,,0,29,,91968,57,,,0
1400,'5460',657,,92013,57,,,0,70,,92001,57,,,0,30,,92023,57,,,0,64,,92008,57,,,0,20,,91979,57,,,0,15,,92026,57,,,0,55,,92007,57,,,0,16,,91992,57,,,0,15,,91999,57,,,0,16,,92020,57,,,0,55,,91983,57,,,0,15,,92011,57,,,0,15,,91980,57,,,0,15,,92010,57,,,0,55,,91984,57,,,0,15,,91993,57,,,0,16,,92000,57,,,0,15,,92022,57,,,0,55,,91982,57,,,0,16,,92012,57,,,0,15,,91985,57,,,0,56,,92009,57,,,0,15,,91981,57,,,0,15,,91990,57,,,0,14,,91970,57,,,0,55,,91997,57,,,0,15,,92019,57,,,0,15,,91972,57,,,0,15,,92006,57,,,0,55,,91976,57,,,0,15,,92003,57,,,0,15,,91977,57,,,0,15,,91988,57,,,0,55,,91969,57,,,0,15,,91996,57,,,0,15,,92018,57,,,0,15,,91975,57,,,0,55,,92004,57,,,0,15,,91973,57,,,0,15,,92005,57,,,0,15,,91974,57,,,0,55,,91991,57,,,0,15,,91971,57,,,0,14,,91998,57,,,0,15,,92021,57,,,0,15,,91978,57,,,0,54,,92015,57,,,0,18,,92017,57,,,0,20,,91987,57,,,0,60,,91989,57,,,0,20,,92002,57,,,0,21,,92025,57,,,0,69,,92014,57,,,0,29,,91986,57,,,0,70,,91994,57,,,0,30,,92024,57,,,0,68,,92016,57,,,0,29,,91995,57,,,0
1400,'5461',657,,92071,57,,,0,70,,92059,57,,,0,30,,92081,57,,,0,64,,92066,57,,,0,20,,92037,57,,,0,15,,92084,57,,,0,55,,92065,57,,,0,16,,92050,57,,,0,15,,92057,57,,,0,16,,92078,57,,,0,55,,92041,57,,,0,15,,92069,57,,,0,15,,92038,57,,,0,15,,92068,57,,,0,55,,92042,57,,,0,15,,92051,57,,,0,16,,92058,57,,,0,15,,92080,57,,,0,55,,92040,57,,,0,16,,92070,57,,,0,15,,92043,57,,,0,56,,92067,57,,,0,15,,92039,57,,,0,15,,92048,57,,,0,14,,92028,57,,,0,55,,92055,57,,,0,15,,92077,57,,,0,15,,92030,57,,,0,15,,92064,57,,,0,55,,92034,57,,,0,15,,92061,57,,,0,15,,92035,57,,,0,15,,92046,57,,,0,55,,92027,57,,,0,15,,92054,57,,,0,15,,92076,57,,,0,15,,92033,57,,,0,55,,92062,57,,,0,15,,92031,57,,,0,15,,92063,57,,,0,15,,92032,57,,,0,55,,92049,57,,,0,15,,92029,57,,,0,14,,92056,57,,,0,15,,92079,57,,,0,15,,92036,57,,,0,54,,92073,57,,,0,18,,92075,57,,,0,20,,92045,57,,,0,60,,92047,57,,,0,20,,92060,57,,,0,21,,92083,57,,,0,69,,92072,57,,,0,29,,92044,57,,,0,70,,92052,57,,,0,30,,92082,57,,,0,68,,92074,57,,,0,29,,92053,57,,,0
1400,'5462',657,,92129,57,,,0,70,,92117,57,,,0,30,,92139,57,,,0,64,,92124,57,,,0,20,,92095,57,,,0,15,,92142,57,,,0,55,,92123,57,,,0,16,,92108,57,,,0,15,,92115,57,,,0,16,,92136,57,,,0,55,,92099,57,,,0,15,,92127,57,,,0,15,,92096,57,,,0,15,,92126,57,,,0,55,,92100,57,,,0,15,,92109,57,,,0,16,,92116,57,,,0,15,,92138,57,,,0,55,,92098,57,,,0,16,,92128,57,,,0,15,,92101,57,,,0,56,,92125,57,,,0,15,,92097,57,,,0,15,,92106,57,,,0,14,,92086,57,,,0,55,,92113,57,,,0,15,,92135,57,,,0,15,,92088,57,,,0,15,,92122,57,,,0,55,,92092,57,,,0,15,,92119,57,,,0,15,,92093,57,,,0,15,,92104,57,,,0,55,,92085,57,,,0,15,,92112,57,,,0,15,,92134,57,,,0,15,,92091,57,,,0,55,,92120,57,,,0,15,,92089,57,,,0,15,,92121,57,,,0,15,,92090,57,,,0,55,,92107,57,,,0,15,,92087,57,,,0,14,,92114,57,,,0,15,,92137,57,,,0,15,,92094,57,,,0,54,,92131,57,,,0,18,,92133,57,,,0,20,,92103,57,,,0,60,,92105,57,,,0,20,,92118,57,,,0,21,,92141,57,,,0,69,,92130,57,,,0,29,,92102,57,,,0,70,,92110,57,,,0,30,,92140,57,,,0,68,,92132,57,,,0,29,,92111,57,,,0
1400,'5463',657,,92187,57,,,0,70,,92175,57,,,0,30,,92197,57,,,0,64,,92182,57,,,0,20,,92153,57,,,0,15,,92200,57,,,0,55,,92181,57,,,0,16,,92166,57,,,0,15,,92173,57,,,0,16,,92194,57,,,0,55,,92157,57,,,0,15,,92185,57,,,0,15,,92154,57,,,0,15,,92184,57,,,0,55,,92158,57,,,0,15,,92167,57,,,0,16,,92174,57,,,0,15,,92196,57,,,0,55,,92156,57,,,0,16,,92186,57,,,0,15,,92159,57,,,0,56,,92183,57,,,0,15,,92155,57,,,0,15,,92164,57,,,0,14,,92144,57,,,0,55,,92171,57,,,0,15,,92193,57,,,0,15,,92146,57,,,0,15,,92180,57,,,0,55,,92150,57,,,0,15,,92177,57,,,0,15,,92151,57,,,0,15,,92162,57,,,0,55,,92143,57,,,0,15,,92170,57,,,0,15,,92192,57,,,0,15,,92149,57,,,0,55,,92178,57,,,0,15,,92147,57,,,0,15,,92179,57,,,0,15,,92148,57,,,0,55,,92165,57,,,0,15,,92145,57,,,0,14,,92172,57,,,0,15,,92195,57,,,0,15,,92152,57,,,0,54,,92189,57,,,0,18,,92191,57,,,0,20,,92161,57,,,0,60,,92163,57,,,0,20,,92176,57,,,0,21,,92199,57,,,0,69,,92188,57,,,0,29,,92160,57,,,0,70,,92168,57,,,0,30,,92198,57,,,0,68,,92190,57,,,0,29,,92169,57,,,0
1500,'5456',547,,92696,30,,,0,60,,92697,30,,,0,19,,92698,30,,,0,17,,92699,30,,,0,57,,92700,30,,,0,16,,92701,30,,,0,17,,92702,30,,,0,18,,92703,30,,,0,54,,92704,30,,,0,14,,92705,30,,,0,11,,92706,30,,,0,10,,92707,30,,,0,11,,92708,30,,,0,51,,92709,30,,,0,11,,92768,12,,,0,11,,92711,30,,,0,11,,92712,30,,,0,12,,92713,30,,,0,10,,92714,30,,,0,55,,92715,30,,,0,15,,92716,30,,,0,15,,92717,30,,,0,15,,92718,30,,,0,55,,92719,30,,,0,15,,92720,30,,,0,16,,92721,30,,,0,15,,92722,30,,,0,55,,92723,30,,,0,15,,92724,30,,,0,15,,92725,30,,,0,15,,92726,30,,,0,55,,92727,30,,,0,15,,92728,30,,,0,15,,92729,30,,,0,15,,92730,30,,,0,55,,92731,30,,,0,15,,92732,30,,,0,16,,92733,30,,,0,15,,92734,30,,,0,56,,92735,30,,,0,15,,92736,30,,,0,14,,92737,30,,,0,13,,92738,30,,,0,55,,92739,30,,,0,15,,92740,30,,,0,15,,92741,30,,,0,15,,92742,30,,,0,54,,92743,30,,,0,15,,92744,30,,,0,15,,92745,30,,,0,15,,92746,30,,,0,53,,92747,30,,,0,14,,92748,30,,,0,15,,92749,30,,,0,16,,92750,30,,,0,55,,92751,30,,,0,15,,92752,30,,,0,13,,92753,30,,,0,14,,92754,30,,,0,60,,92755,30,,,0,20,,92756,30,,,0,20,,92757,30,,,0,60,,92758,30,,,0,20,,92759,30,,,0,20,,92760,30,,,0,60,,92761,30,,,0,20,,92762,30,,,0,25,,92763,30,,,0,69,,92764,30,,,0,29,,92765,30,,,0,70,,92766,30,,,0,30,,92767,30,,,0
1500,'5458',547,,92769,30,,,0,60,,92770,30,,,0,19,,92771,30,,,0,17,,92772,30,,,0,57,,92773,30,,,0,16,,92774,30,,,0,17,,92775,30,,,0,18,,92776,30,,,0,54,,92777,30,,,0,14,,92778,30,,,0,11,,92779,30,,,0,10,,92780,30,,,0,11,,92781,30,,,0,51,,92782,30,,,0,11,,92845,12,,,0,11,,92784,30,,,0,11,,92785,30,,,0,12,,92786,30,,,0,10,,92787,30,,,0,55,,92788,30,,,0,15,,92789,30,,,0,15,,92790,30,,,0,15,,92791,30,,,0,55,,92792,30,,,0,15,,92793,30,,,0,16,,92794,30,,,0,15,,92795,30,,,0,55,,92796,30,,,0,15,,92797,30,,,0,15,,92798,30,,,0,15,,92799,30,,,0,55,,92800,30,,,0,15,,92801,30,,,0,15,,92802,30,,,0,15,,92803,30,,,0,55,,92804,30,,,0,15,,92805,30,,,0,16,,92806,30,,,0,15,,92807,30,,,0,56,,92808,30,,,0,15,,92809,30,,,0,14,,92810,30,,,0,13,,92811,30,,,0,55,,92812,30,,,0,15,,92813,30,,,0,15,,92814,30,,,0,15,,92815,30,,,0,54,,92816,30,,,0,15,,92817,30,,,0,15,,92818,30,,,0,15,,92819,30,,,0,53,,92820,30,,,0,14,,92821,30,,,0,15,,92822,30,,,0,16,,92823,30,,,0,55,,92824,30,,,0,15,,92825,30,,,0,13,,92826,30,,,0,14,,92827,30,,,0,60,,92828,30,,,0,20,,92829,30,,,0,20,,92830,30,,,0,60,,92831,30,,,0,20,,92832,30,,,0,20,,92833,30,,,0,60,,92834,30,,,0,20,,92835,30,,,0,25,,92836,30,,,0,69,,92837,30,,,0,29,,92838,30,,,0,70,,92839,30,,,0,30,,92840,30,,,0,70,,92841,30,,,0,30,,92842,30,,,0,70,,92843,30,,,0,30,,92844,30,,,0
1500,'5459',646,,92902,30,,,0,65,,92889,30,,,0,22,,92887,30,,,0,19,,92888,30,,,0,56,,92864,30,,,0,15,,92900,30,,,0,15,,92882,30,,,0,16,,92861,30,,,0,55,,92886,30,,,0,15,,92885,30,,,0,16,,92863,30,,,0,15,,92901,30,,,0,55,,92883,30,,,0,15,,92862,30,,,0,15,,92884,30,,,0,15,,92881,30,,,0,57,,92856,30,,,0,16,,92860,30,,,0,15,,92899,30,,,0,16,,92880,30,,,0,56,,92859,30,,,0,16,,92879,30,,,0,15,,92878,30,,,0,55,,92858,30,,,0,15,,92857,30,,,0,15,,92898,30,,,0,15,,92877,30,,,0,55,,92855,30,,,0,16,,92875,30,,,0,15,,92876,30,,,0,15,,92853,30,,,0,55,,92854,30,,,0,15,,92897,30,,,0,15,,92874,30,,,0,15,,92852,30,,,0,55,,92873,30,,,0,15,,92872,30,,,0,15,,92850,30,,,0,14,,92851,30,,,0,55,,92896,30,,,0,14,,92871,30,,,0,15,,92846,30,,,0,15,,92867,30,,,0,55,,92869,30,,,0,15,,92848,30,,,0,15,,92849,30,,,0,15,,92895,30,,,0,13,,92868,30,,,0,54,,92847,30,,,0,15,,92866,30,,,0,15,,92870,30,,,0,15,,92865,30,,,0,58,,92892,30,,,0,20,,92893,30,,,0,20,,92894,30,,,0,60,,92891,30,,,0,20,,92890,30,,,0,20,,92904,30,,,0,60,,92903,30,,,0,20,,92905,30,,,0,23,,92906,30,,,0,70,,92907,30,,,0,30,,92908,30,,,0,69,,92909,30,,,0,29,,92910,30,,,0,69,,92911,30,,,0,29,,92912,30,,,0,70,,92913,30,,,0,30,,92914,30,,,0
1500,'5460',708,,92955,30,,,0,30,,92954,30,,,0,68,,92930,30,,,0,22,,92933,30,,,0,17,,92971,30,,,0,57,,92920,30,,,0,15,,92932,30,,,0,15,,92919,30,,,0,15,,92915,30,,,0,56,,92934,30,,,0,15,,92924,30,,,0,15,,92936,30,,,0,15,,92916,30,,,0,55,,92921,30,,,0,15,,92917,30,,,0,15,,92918,30,,,0,15,,92939,30,,,0,56,,92928,30,,,0,15,,92937,30,,,0,15,,92925,30,,,0,15,,92927,30,,,0,55,,92922,30,,,0,15,,92923,30,,,0,15,,92940,30,,,0,15,,92929,30,,,0,56,,92941,30,,,0,15,,92926,30,,,0,14,,92942,30,,,0,15,,92943,30,,,0,55,,92938,30,,,0,15,,92953,30,,,0,14,,92949,30,,,0,15,,92947,30,,,0,55,,92945,30,,,0,15,,92950,30,,,0,15,,92952,30,,,0,15,,92946,30,,,0,55,,92948,30,,,0,15,,92951,30,,,0,14,,92944,30,,,0,15,,92931,30,,,0,55,,92935,30,,,0,14,,92959,30,,,0,15,,92958,30,,,0,15,,92957,30,,,0,54,,92961,30,,,0,15,,92966,30,,,0,20,,92963,30,,,0,20,,92956,30,,,0,60,,92962,30,,,0,19,,92965,30,,,0,67,,92964,30,,,0,29,,92960,30,,,0,29,,92967,30,,,0,70,,92968,30,,,0,29,,92970,30,,,0,70,,92969,30,,,0
1500,'5461',708,,93012,30,,,0,30,,93011,30,,,0,68,,92987,30,,,0,22,,92990,30,,,0,17,,93028,30,,,0,57,,92977,30,,,0,15,,92989,30,,,0,15,,92976,30,,,0,15,,92972,30,,,0,56,,92991,30,,,0,15,,92981,30,,,0,15,,92993,30,,,0,15,,92973,30,,,0,55,,92978,30,,,0,15,,92974,30,,,0,15,,92975,30,,,0,15,,92996,30,,,0,56,,92985,30,,,0,15,,92994,30,,,0,15,,92982,30,,,0,15,,92984,30,,,0,55,,92979,30,,,0,15,,92980,30,,,0,15,,92997,30,,,0,15,,92986,30,,,0,56,,92998,30,,,0,15,,92983,30,,,0,14,,92999,30,,,0,15,,93000,30,,,0,55,,92995,30,,,0,15,,93010,30,,,0,14,,93006,30,,,0,15,,93004,30,,,0,55,,93002,30,,,0,15,,93007,30,,,0,15,,93009,30,,,0,15,,93003,30,,,0,55,,93005,30,,,0,15,,93008,30,,,0,14,,93001,30,,,0,15,,92988,30,,,0,55,,92992,30,,,0,14,,93016,30,,,0,15,,93015,30,,,0,15,,93014,30,,,0,54,,93018,30,,,0,15,,93023,30,,,0,20,,93020,30,,,0,20,,93013,30,,,0,60,,93019,30,,,0,19,,93022,30,,,0,67,,93021,30,,,0,29,,93017,30,,,0,29,,93024,30,,,0,70,,93025,30,,,0,29,,93027,30,,,0,70,,93026,30,,,0
1500,'5462',708,,93069,30,,,0,30,,93068,30,,,0,68,,93044,30,,,0,22,,93047,30,,,0,17,,93085,30,,,0,57,,93034,30,,,0,15,,93046,30,,,0,15,,93033,30,,,0,15,,93029,30,,,0,56,,93048,30,,,0,15,,93038,30,,,0,15,,93050,30,,,0,15,,93030,30,,,0,55,,93035,30,,,0,15,,93031,30,,,0,15,,93032,30,,,0,15,,93053,30,,,0,56,,93042,30,,,0,15,,93051,30,,,0,15,,93039,30,,,0,15,,93041,30,,,0,55,,93036,30,,,0,15,,93037,30,,,0,15,,93054,30,,,0,15,,93043,30,,,0,56,,93055,30,,,0,15,,93040,30,,,0,14,,93056,30,,,0,15,,93057,30,,,0,55,,93052,30,,,0,15,,93067,30,,,0,14,,93063,30,,,0,15,,93061,30,,,0,55,,93059,30,,,0,15,,93064,30,,,0,15,,93066,30,,,0,15,,93060,30,,,0,55,,93062,30,,,0,15,,93065,30,,,0,14,,93058,30,,,0,15,,93045,30,,,0,55,,93049,30,,,0,14,,93073,30,,,0,15,,93072,30,,,0,15,,93071,30,,,0,54,,93075,30,,,0,15,,93080,30,,,0,20,,93077,30,,,0,20,,93070,30,,,0,60,,93076,30,,,0,19,,93079,30,,,0,67,,93078,30,,,0,29,,93074,30,,,0,29,,93081,30,,,0,70,,93082,30,,,0,29,,93084,30,,,0,70,,93083,30,,,0
1500,'5463',708,,93126,30,,,0,30,,93125,30,,,0,68,,93101,30,,,0,22,,93104,30,,,0,17,,93142,30,,,0,57,,93091,30,,,0,15,,93103,30,,,0,15,,93090,30,,,0,15,,93086,30,,,0,56,,93105,30,,,0,15,,93095,30,,,0,15,,93107,30,,,0,15,,93087,30,,,0,55,,93092,30,,,0,15,,93088,30,,,0,15,,93089,30,,,0,15,,93110,30,,,0,56,,93099,30,,,0,15,,93108,30,,,0,15,,93096,30,,,0,15,,93098,30,,,0,55,,93093,30,,,0,15,,93094,30,,,0,15,,93111,30,,,0,15,,93100,30,,,0,56,,93112,30,,,0,15,,93097,30,,,0,14,,93113,30,,,0,15,,93114,30,,,0,55,,93109,30,,,0,15,,93124,30,,,0,14,,93120,30,,,0,15,,93118,30,,,0,55,,93116,30,,,0,15,,93121,30,,,0,15,,93123,30,,,0,15,,93117,30,,,0,55,,93119,30,,,0,15,,93122,30,,,0,14,,93115,30,,,0,15,,93102,30,,,0,55,,93106,30,,,0,14,,93130,30,,,0,15,,93129,30,,,0,15,,93128,30,,,0,54,,93132,30,,,0,15,,93137,30,,,0,20,,93134,30,,,0,20,,93127,30,,,0,60,,93133,30,,,0,19,,93136,30,,,0,67,,93135,30,,,0,29,,93131,30,,,0,29,,93138,30,,,0,70,,93139,30,,,0,29,,93141,30,,,0,70,,93140,30,,,0
14000701,'5456',2159,,103974,38,,,0,72,,103978,38,,,0,28,,103973,38,,,0,70,,103976,38,,,0,76,,103975,38,,,0,28,,103977,38,,,0
14000701,'5458',2159,,103980,38,,,0,72,,103984,38,,,0,28,,103979,38,,,0,70,,103982,38,,,0,76,,103981,38,,,0,28,,103983,38,,,0
14000701,'5459',2159,,103985,38,,,0,72,,103986,38,,,0,69,,103988,38,,,0,29,,103987,38,,,0,75,,103989,38,,,0,27,,103990,38,,,0
14000701,'5460',2058,,103991,38,,,0,70,,103993,38,,,0,79,,103992,38,,,0,22,,103994,38,,,0,99,,103995,38,,,0,103,,103996,38,,,0
14000701,'5461',2058,,103997,38,,,0,70,,103999,38,,,0,79,,103998,38,,,0,22,,104000,38,,,0,99,,104001,38,,,0,103,,104002,38,,,0
14000701,'5462',2058,,104003,38,,,0,70,,104005,38,,,0,79,,104004,38,,,0,22,,104006,38,,,0,99,,104007,38,,,0,103,,104008,38,,,0
14000701,'5463',2058,,104009,38,,,0,70,,104011,38,,,0,79,,104010,38,,,0,22,,104012,38,,,0,99,,104013,38,,,0,103,,104014,38,,,0
