600,'5456',537,,89335,13,,,0,20,,89336,24,,,0,72,,89337,24,,,0,71,,89338,24,,,0,26,,89339,24,,,0,24,,89340,24,,,0,65,,89356,24,,,0,20,,89358,24,,,0,19,,89347,24,,,0,59,,89341,24,,,0,19,,89342,24,,,0,25,,89343,24,,,0,64,,89344,24,,,0,23,,89351,24,,,0,65,,89345,24,,,0,23,,89346,24,,,0,24,,89348,24,,,0,64,,89349,24,,,0,25,,89350,24,,,0,64,,89352,24,,,0,25,,89353,24,,,0,67,,89354,24,,,0,23,,89355,24,,,0,21,,89357,24,,,0,60,,89359,24,,,0,21,,89360,24,,,0,16,,89366,24,,,0,14,,89361,24,,,0,57,,89362,24,,,0,14,,89369,24,,,0,16,,89363,24,,,0,15,,89364,24,,,0,53,,89365,24,,,0,13,,89367,24,,,0,16,,89368,24,,,0,14,,89370,24,,,0,54,,89371,24,,,0,17,,89372,24,,,0,17,,89373,24,,,0,63,,89374,24,,,0,24,,89376,24,,,0,28,,89375,24,,,0,73,,89378,24,,,0,18,,89377,24,,,0,75,,89379,24,,,0,18,,89380,24,,,0,78,,89382,24,,,0,19,,89381,24,,,0,99,,89383,24,,,0,98,,89384,24,,,0
600,'5458',537,,89385,13,,,0,20,,89386,24,,,0,72,,89387,24,,,0,71,,89388,24,,,0,26,,89389,24,,,0,24,,89390,24,,,0,65,,89406,24,,,0,20,,89408,24,,,0,19,,89397,24,,,0,59,,89391,24,,,0,19,,89392,24,,,0,25,,89393,24,,,0,64,,89394,24,,,0,23,,89401,24,,,0,65,,89395,24,,,0,23,,89396,24,,,0,24,,89398,24,,,0,64,,89399,24,,,0,25,,89400,24,,,0,64,,89402,24,,,0,25,,89403,24,,,0,67,,89404,24,,,0,23,,89405,24,,,0,21,,89407,24,,,0,60,,89409,24,,,0,21,,89410,24,,,0,16,,89416,24,,,0,14,,89411,24,,,0,57,,89412,24,,,0,14,,89419,24,,,0,16,,89413,24,,,0,15,,89414,24,,,0,53,,89415,24,,,0,13,,89417,24,,,0,16,,89418,24,,,0,14,,89420,24,,,0,54,,89421,24,,,0,17,,89422,24,,,0,17,,89423,24,,,0,63,,89424,24,,,0,24,,89426,24,,,0,28,,89425,24,,,0,73,,89428,24,,,0,18,,89427,24,,,0,75,,89429,24,,,0,18,,89430,24,,,0,78,,89432,24,,,0,19,,89431,24,,,0,99,,89433,24,,,0,98,,89434,24,,,0,70,,89438,24,,,0,30,,89436,24,,,0,69,,89439,24,,,0,30,,89435,24,,,0,69,,89437,24,,,0
600,'5459',602,,89441,24,,,0,31,,89442,24,,,0,84,,89443,24,,,0,20,,89444,24,,,0,76,,89445,24,,,0,20,,89446,24,,,0,18,,89447,24,,,0,71,,89448,24,,,0,15,,89440,24,,,0,15,,89449,24,,,0,67,,89450,24,,,0,13,,89451,24,,,0,13,,89452,24,,,0,12,,89453,24,,,0,64,,89454,24,,,0,12,,89455,24,,,0,12,,89456,24,,,0,65,,89457,24,,,0,12,,89458,24,,,0,12,,89459,24,,,0,24,,89460,24,,,0,52,,89461,24,,,0,13,,89462,24,,,0,24,,89463,24,,,0,12,,89464,24,,,0,52,,89465,24,,,0,20,,89466,24,,,0,10,,89467,24,,,0,10,,89468,24,,,0,62,,89469,24,,,0,11,,89478,24,,,0,10,,89470,24,,,0,20,,89471,24,,,0,51,,89479,24,,,0,10,,89472,24,,,0,20,,89473,24,,,0,11,,89480,24,,,0,10,,89474,24,,,0,60,,89475,24,,,0,11,,89476,24,,,0,12,,89481,24,,,0,12,,89477,24,,,0,64,,89482,24,,,0,12,,89483,24,,,0,12,,89484,24,,,0,11,,89485,24,,,0,65,,89487,24,,,0,15,,89488,24,,,0,14,,89489,24,,,0,69,,89490,24,,,0,15,,89491,24,,,0,17,,89486,24,,,0,76,,89492,24,,,0,18,,89493,24,,,0,74,,89494,24,,,0,21,,89495,24,,,0,20,,89496,24,,,0,90,,89497,24,,,0,93,,89498,24,,,0,69,,89499,24,,,0,29,,89500,24,,,0,70,,89501,24,,,0,29,,89502,24,,,0,69,,89503,24,,,0
600,'5460',640,,89530,24,,,0,77,,89543,24,,,0,96,,89513,24,,,0,25,,89541,24,,,0,81,,89515,24,,,0,21,,89505,24,,,0,78,,89525,24,,,0,15,,89552,24,,,0,16,,89514,24,,,0,73,,89545,24,,,0,15,,89529,24,,,0,15,,89504,24,,,0,70,,89506,24,,,0,12,,89508,24,,,0,12,,89548,24,,,0,12,,89532,24,,,0,64,,89507,24,,,0,12,,89518,24,,,0,12,,89509,24,,,0,12,,89512,24,,,0,64,,89531,24,,,0,12,,89510,24,,,0,12,,89511,24,,,0,12,,89519,24,,,0,64,,89522,24,,,0,12,,89549,24,,,0,12,,89533,24,,,0,12,,89523,24,,,0,65,,89521,24,,,0,12,,89520,24,,,0,11,,89517,24,,,0,12,,89547,24,,,0,65,,89516,24,,,0,12,,89527,24,,,0,11,,89526,24,,,0,12,,89553,24,,,0,65,,89538,24,,,0,15,,89524,24,,,0,15,,89528,24,,,0,72,,89534,24,,,0,16,,89540,24,,,0,18,,89535,24,,,0,74,,89536,24,,,0,17,,89539,24,,,0,74,,89544,24,,,0,17,,89546,24,,,0,18,,89537,24,,,0,88,,89542,24,,,0,95,,89551,24,,,0,87,,89550,24,,,0
600,'5461',640,,89580,24,,,0,77,,89593,24,,,0,96,,89563,24,,,0,25,,89591,24,,,0,81,,89565,24,,,0,21,,89555,24,,,0,78,,89575,24,,,0,15,,89602,24,,,0,16,,89564,24,,,0,73,,89595,24,,,0,15,,89579,24,,,0,15,,89554,24,,,0,70,,89556,24,,,0,12,,89558,24,,,0,12,,89598,24,,,0,12,,89582,24,,,0,64,,89557,24,,,0,12,,89568,24,,,0,12,,89559,24,,,0,12,,89562,24,,,0,64,,89581,24,,,0,12,,89560,24,,,0,12,,89561,24,,,0,12,,89569,24,,,0,64,,89572,24,,,0,12,,89599,24,,,0,12,,89583,24,,,0,12,,89573,24,,,0,65,,89571,24,,,0,12,,89570,24,,,0,11,,89567,24,,,0,12,,89597,24,,,0,65,,89566,24,,,0,12,,89577,24,,,0,11,,89576,24,,,0,12,,89603,24,,,0,65,,89588,24,,,0,15,,89574,24,,,0,15,,89578,24,,,0,72,,89584,24,,,0,16,,89590,24,,,0,18,,89585,24,,,0,74,,89586,24,,,0,17,,89589,24,,,0,74,,89594,24,,,0,17,,89596,24,,,0,18,,89587,24,,,0,88,,89592,24,,,0,95,,89601,24,,,0,87,,89600,24,,,0
600,'5462',640,,89630,24,,,0,77,,89643,24,,,0,96,,89613,24,,,0,25,,89641,24,,,0,81,,89615,24,,,0,21,,89605,24,,,0,78,,89625,24,,,0,15,,89652,24,,,0,16,,89614,24,,,0,73,,89645,24,,,0,15,,89629,24,,,0,15,,89604,24,,,0,70,,89606,24,,,0,12,,89608,24,,,0,12,,89648,24,,,0,12,,89632,24,,,0,64,,89607,24,,,0,12,,89618,24,,,0,12,,89609,24,,,0,12,,89612,24,,,0,64,,89631,24,,,0,12,,89610,24,,,0,12,,89611,24,,,0,12,,89619,24,,,0,64,,89622,24,,,0,12,,89649,24,,,0,12,,89633,24,,,0,12,,89623,24,,,0,65,,89621,24,,,0,12,,89620,24,,,0,11,,89617,24,,,0,12,,89647,24,,,0,65,,89616,24,,,0,12,,89627,24,,,0,11,,89626,24,,,0,12,,89653,24,,,0,65,,89638,24,,,0,15,,89624,24,,,0,15,,89628,24,,,0,72,,89634,24,,,0,16,,89640,24,,,0,18,,89635,24,,,0,74,,89636,24,,,0,17,,89639,24,,,0,74,,89644,24,,,0,17,,89646,24,,,0,18,,89637,24,,,0,88,,89642,24,,,0,95,,89651,24,,,0,87,,89650,24,,,0
600,'5463',640,,89680,24,,,0,77,,89693,24,,,0,96,,89663,24,,,0,25,,89691,24,,,0,81,,89665,24,,,0,21,,89655,24,,,0,78,,89675,24,,,0,15,,89702,24,,,0,16,,89664,24,,,0,73,,89695,24,,,0,15,,89679,24,,,0,15,,89654,24,,,0,70,,89656,24,,,0,12,,89658,24,,,0,12,,89698,24,,,0,12,,89682,24,,,0,64,,89657,24,,,0,12,,89668,24,,,0,12,,89659,24,,,0,12,,89662,24,,,0,64,,89681,24,,,0,12,,89660,24,,,0,12,,89661,24,,,0,12,,89669,24,,,0,64,,89672,24,,,0,12,,89699,24,,,0,12,,89683,24,,,0,12,,89673,24,,,0,65,,89671,24,,,0,12,,89670,24,,,0,11,,89667,24,,,0,12,,89697,24,,,0,65,,89666,24,,,0,12,,89677,24,,,0,11,,89676,24,,,0,12,,89703,24,,,0,65,,89688,24,,,0,15,,89674,24,,,0,15,,89678,24,,,0,72,,89684,24,,,0,16,,89690,24,,,0,18,,89685,24,,,0,74,,89686,24,,,0,17,,89689,24,,,0,74,,89694,24,,,0,17,,89696,24,,,0,18,,89687,24,,,0,88,,89692,24,,,0,95,,89701,24,,,0,87,,89700,24,,,0
1000600,'5456',612,,103443,24,,,0,100,,103445,24,,,0,90,,103444,24,,,0,43,,103446,24,,,0,76,,103451,24,,,0,88,,103447,24,,,0,47,,103448,24,,,0,88,,103449,24,,,0,89,,103450,24,,,0,89,,103452,24,,,0,91,,103453,24,,,0,43,,103454,24,,,0,80,,103455,24,,,0,68,,103456,24,,,0,31,,103457,24,,,0,70,,103458,24,,,0,27,,103459,24,,,0,69,,103460,24,,,0,31,,103461,24,,,0,85,,103462,24,,,0,95,,103463,24,,,0,93,,103464,24,,,0,54,,103465,24,,,0,148,,103466,24,,,0,98,,103467,24,,,0
1000600,'5458',612,,103468,24,,,0,100,,103470,24,,,0,90,,103469,24,,,0,43,,103471,24,,,0,76,,103476,24,,,0,88,,103472,24,,,0,47,,103473,24,,,0,88,,103474,24,,,0,89,,103475,24,,,0,89,,103477,24,,,0,91,,103478,24,,,0,43,,103479,24,,,0,80,,103480,24,,,0,68,,103481,24,,,0,31,,103482,24,,,0,70,,103483,24,,,0,27,,103484,24,,,0,69,,103485,24,,,0,31,,103486,24,,,0,85,,103487,24,,,0,95,,103488,24,,,0,93,,103489,24,,,0,54,,103490,24,,,0,148,,103491,24,,,0,98,,103492,24,,,0
1000600,'5459',656,,103493,24,,,0,99,,103494,24,,,0,151,,103495,24,,,0,100,,103496,24,,,0,103,,103497,24,,,0,49,,103498,24,,,0,89,,103499,24,,,0,88,,103500,24,,,0,86,,103501,24,,,0,81,,103502,24,,,0,42,,103503,24,,,0,81,,103504,24,,,0,80,,103506,24,,,0,97,,103505,24,,,0,100,,103507,24,,,0,57,,103508,24,,,0,144,,103509,24,,,0,52,,103510,24,,,0,164,,103511,24,,,0,95,,103512,24,,,0
1000600,'5460',748,,103521,24,,,0,110,,103522,24,,,0,142,,103527,24,,,0,106,,103513,24,,,0,101,,103516,24,,,0,103,,103514,24,,,0,100,,103528,24,,,0,100,,103515,24,,,0,101,,103517,24,,,0,99,,103518,24,,,0,100,,103520,24,,,0,98,,103519,24,,,0,109,,103523,24,,,0,90,,103524,24,,,0,112,,103526,24,,,0,93,,103525,24,,,0
1000600,'5461',748,,103537,24,,,0,110,,103538,24,,,0,142,,103543,24,,,0,106,,103529,24,,,0,101,,103532,24,,,0,103,,103530,24,,,0,100,,103544,24,,,0,100,,103531,24,,,0,101,,103533,24,,,0,99,,103534,24,,,0,100,,103536,24,,,0,98,,103535,24,,,0,109,,103539,24,,,0,90,,103540,24,,,0,112,,103542,24,,,0,93,,103541,24,,,0
1000600,'5462',748,,103553,24,,,0,110,,103554,24,,,0,142,,103559,24,,,0,106,,103545,24,,,0,101,,103548,24,,,0,103,,103546,24,,,0,100,,103560,24,,,0,100,,103547,24,,,0,101,,103549,24,,,0,99,,103550,24,,,0,100,,103552,24,,,0,98,,103551,24,,,0,109,,103555,24,,,0,90,,103556,24,,,0,112,,103558,24,,,0,93,,103557,24,,,0
1000600,'5463',748,,103569,24,,,0,110,,103570,24,,,0,142,,103575,24,,,0,106,,103561,24,,,0,101,,103564,24,,,0,103,,103562,24,,,0,100,,103576,24,,,0,100,,103563,24,,,0,101,,103565,24,,,0,99,,103566,24,,,0,100,,103568,24,,,0,98,,103567,24,,,0,109,,103571,24,,,0,90,,103572,24,,,0,112,,103574,24,,,0,93,,103573,24,,,0
2000600,'5456',645,,103857,24,,,0,93,,103860,24,,,0,87,,103858,24,,,0,78,,103861,24,,,0,42,,103859,24,,,0,88,,103862,24,,,0,88,,103863,24,,,0,87,,103865,24,,,0,49,,103864,24,,,0,91,,103866,24,,,0,87,,103867,24,,,0,80,,103869,24,,,0,34,,103868,24,,,0,72,,103870,24,,,0,30,,103871,24,,,0,66,,103872,24,,,0,30,,103873,24,,,0,71,,103874,24,,,0,36,,103875,24,,,0,89,,103876,24,,,0
2000600,'5458',645,,103877,24,,,0,93,,103880,24,,,0,87,,103878,24,,,0,78,,103881,24,,,0,42,,103879,24,,,0,88,,103882,24,,,0,88,,103883,24,,,0,87,,103885,24,,,0,49,,103884,24,,,0,91,,103886,24,,,0,87,,103887,24,,,0,80,,103889,24,,,0,34,,103888,24,,,0,72,,103890,24,,,0,30,,103891,24,,,0,66,,103892,24,,,0,30,,103893,24,,,0,71,,103894,24,,,0,36,,103895,24,,,0,89,,103896,24,,,0
