2401,'5456',502,,94538,14,,,0,50,,94539,14,,,0,88,,94540,14,,,0,84,,94541,14,,,0,32,,94542,14,,,0,96,,94543,14,,,0,107,,94544,14,,,0,100,,94545,14,,,0,99,,94546,14,,,0,100,,94547,14,,,0,151,,94548,14,,,0,99,,94549,14,,,0,48,,94550,14,,,0,91,,94551,14,,,0,80,,94552,14,,,0,91,,94553,14,,,0,86,,94554,14,,,0,103,,94555,14,,,0,115,,94556,14,,,0,131,,94557,14,,,0,162,,94558,14,,,0
2401,'5458',502,,94559,14,,,0,50,,94560,14,,,0,88,,94561,14,,,0,84,,94562,14,,,0,32,,94563,14,,,0,96,,94564,14,,,0,107,,94565,14,,,0,100,,94566,14,,,0,99,,94567,14,,,0,100,,94568,14,,,0,151,,94569,14,,,0,99,,94570,14,,,0,48,,94571,14,,,0,91,,94572,14,,,0,80,,94573,14,,,0,91,,94574,14,,,0,86,,94575,14,,,0,103,,94576,14,,,0,115,,94577,14,,,0,131,,94578,14,,,0,162,,94579,14,,,0
2401,'5459',651,,94586,14,,,0,106,,94585,14,,,0,144,,94587,14,,,0,100,,94583,14,,,0,100,,94580,14,,,0,58,,94581,14,,,0,95,,94582,14,,,0,100,,94589,14,,,0,98,,94584,14,,,0,103,,94588,14,,,0,104,,94590,14,,,0,168,,94591,14,,,0,125,,94592,14,,,0,170,,94593,14,,,0,131,,94594,14,,,0,162,,94595,14,,,0
2401,'5460',757,,94596,14,,,0,170,,94597,14,,,0,130,,94598,14,,,0,167,,94599,14,,,0,131,,94600,14,,,0,172,,94601,14,,,0,130,,94602,14,,,0,170,,94603,14,,,0,130,,94604,14,,,0,165,,94605,14,,,0,130,,94606,14,,,0
2401,'5461',757,,94607,14,,,0,170,,94608,14,,,0,130,,94609,14,,,0,167,,94610,14,,,0,131,,94611,14,,,0,172,,94612,14,,,0,130,,94613,14,,,0,170,,94614,14,,,0,130,,94615,14,,,0,165,,94616,14,,,0,130,,94617,14,,,0
2401,'5462',757,,94618,14,,,0,170,,94619,14,,,0,130,,94620,14,,,0,167,,94621,14,,,0,131,,94622,14,,,0,172,,94623,14,,,0,130,,94624,14,,,0,170,,94625,14,,,0,130,,94626,14,,,0,165,,94627,14,,,0,130,,94628,14,,,0
2401,'5463',757,,94629,14,,,0,170,,94630,14,,,0,130,,94631,14,,,0,167,,94632,14,,,0,131,,94633,14,,,0,172,,94634,14,,,0,130,,94635,14,,,0,170,,94636,14,,,0,130,,94637,14,,,0,165,,94638,14,,,0,130,,94639,14,,,0
2501,'5456',620,,94739,20,,,0,80,,94740,20,,,0,36,,94741,20,0,6 7,0,79,,94744,20,,,0,114,,94742,20,,,0,100,,94743,20,,,0,99,,94745,20,,,0,100,,94746,20,,,0,100,,94747,20,,,0,105,,94748,20,,,0,93,,94749,20,,,0,101,,94750,20,,,0,80,,94751,20,,,0,45,,94752,20,,,0,86,,94753,20,,,0,96,,94754,20,,,0,103,,94755,20,,,0,171,,94756,20,,,0,130,,94757,20,,,0
2501,'5458',620,,94758,20,,,0,80,,94759,20,,,0,36,,94760,20,0,6 7,0,79,,94763,20,,,0,114,,94761,20,,,0,100,,94762,20,,,0,99,,94764,20,,,0,100,,94765,20,,,0,100,,94766,20,,,0,105,,94767,20,,,0,93,,94768,20,,,0,101,,94769,20,,,0,80,,94770,20,,,0,45,,94771,20,,,0,86,,94772,20,,,0,96,,94773,20,,,0,103,,94774,20,,,0,171,,94775,20,,,0,130,,94776,20,,,0
2501,'5459',727,,94780,20,,,0,99,,94777,20,,,0,105,,94779,20,,,0,101,,94778,20,,,0,97,,94786,20,,,0,95,,94783,20,,,0,100,,94782,20,,,0,98,,94781,20,,,0,100,,94784,20,,,0,102,,94785,20,,,0,118,,94787,20,,,0,170,,94788,20,,,0,126,,94789,20,,,0,170,,94790,20,,,0,130,,94791,20,,,0
2501,'5460',842,,94793,20,,,0,170,,94792,20,,,0,127,,94794,20,,,0,170,,94795,20,,,0,131,,94796,20,,,0,172,,94797,20,,,0,130,,94798,20,,,0,170,,94799,20,,,0,130,,94800,20,,,0,166,,94801,20,,,0,129,,94802,20,,,0
2501,'5461',842,,94804,20,,,0,170,,94803,20,,,0,127,,94805,20,,,0,170,,94806,20,,,0,131,,94807,20,,,0,172,,94808,20,,,0,130,,94809,20,,,0,170,,94810,20,,,0,130,,94811,20,,,0,166,,94812,20,,,0,129,,94813,20,,,0
2501,'5462',842,,94815,20,,,0,170,,94814,20,,,0,127,,94816,20,,,0,170,,94817,20,,,0,131,,94818,20,,,0,172,,94819,20,,,0,130,,94820,20,,,0,170,,94821,20,,,0,130,,94822,20,,,0,166,,94823,20,,,0,129,,94824,20,,,0
2501,'5463',842,,94826,20,,,0,170,,94825,20,,,0,127,,94827,20,,,0,170,,94828,20,,,0,131,,94829,20,,,0,172,,94830,20,,,0,130,,94831,20,,,0,170,,94832,20,,,0,130,,94833,20,,,0,166,,94834,20,,,0,129,,94835,20,,,0
