401,'4832',733,,82088,20,,,0,70,,82089,20,,,0,32,,82090,20,,,0,69,,82091,20,,,0,28,,64566,20,,,0,70,,64567,20,,,0,20,,64568,20,,,0,19,,64569,20,,,0,60,,64570,20,,,0,19,,64571,20,,,0,20,,64572,20,,,0,60,,64573,20,,,0,20,,64574,20,,,0,20,,64575,20,,,0,19,,64576,20,,,0,60,,64577,20,,,0,20,,64578,20,,,0,18,,64606,20,,,0,58,,64579,20,,,0,16,,64580,20,,,0,16,,64581,20,,,0,56,,64582,20,,,0,17,,64608,20,,,0,16,,64583,20,,,0,16,,64584,20,,,0,56,,64585,20,,,0,17,,64586,20,,,0,16,,64607,20,,,0,16,,64587,20,,,0,57,,64588,20,,,0,17,,64589,20,,,0,18,,64590,20,,,0,59,,64591,20,,,0,17,,64592,20,,,0,18,,64593,20,,,0,58,,82092,20,,,0,18,,82093,20,,,0,19,,64609,20,,,0,18,,64596,20,,,0,60,,82094,20,,,0,20,,82095,20,,,0,64,,64599,20,,,0,31,,64600,20,,,0,72,,64601,20,,,0,29,,64602,20,,,0,71,,82096,20,,,0,31,,82097,20,,,0,68,,64605,20,0,23 49,0
401,'5453',733,,78031,20,,,0,70,,82098,20,,,0,32,,78033,20,,,0,69,,82099,20,,,0,28,,78035,20,,,0,70,,82100,20,,,0,20,,78037,20,,,0,19,,78038,20,,,0,60,,78039,20,,,0,19,,82101,20,,,0,20,,82102,20,,,0,60,,78042,20,,,0,20,,78043,20,,,0,20,,82103,20,,,0,19,,82104,20,,,0,60,,78046,20,,,0,20,,78047,20,,,0,18,,82111,20,,,0,58,,78048,20,,,0,16,,82105,20,,,0,16,,78050,20,,,0,56,,78051,20,,,0,17,,82113,20,,,0,16,,78052,20,,,0,16,,82106,20,,,0,56,,78054,20,,,0,17,,78055,20,,,0,16,,82112,20,,,0,16,,78056,20,,,0,57,,82107,20,,,0,17,,78058,20,,,0,18,,78059,20,,,0,59,,78060,20,,,0,17,,82108,20,,,0,18,,78062,20,,,0,58,,78063,20,,,0,18,,78064,20,,,0,19,,82114,20,,,0,18,,78065,20,,,0,60,,78066,20,,,0,20,,82109,20,,,0,64,,78068,20,,,0,31,,78069,20,,,0,72,,78070,20,,,0,29,,82110,20,,,0,71,,78072,20,,,0,31,,78073,20,,,0,68,,78074,20,0,23 49,0
401,'5456',601,,88676,20,,,0,18,,88682,20,,,0,20,,88726,20,,,0,15,,88669,20,,,0,55,,88668,20,,,0,14,,88739,20,,,0,15,,88667,20,,,0,15,,88685,20,,,0,54,,88697,20,,,0,14,,88693,20,,,0,13,,88681,20,,,0,14,,88724,20,,,0,52,,88673,20,,,0,13,,88730,20,,,0,15,,88723,20,,,0,14,,88734,20,,,0,13,,88729,20,,,0,53,,88736,20,,,0,13,,88731,20,,,0,13,,88735,20,,,0,13,,88732,20,,,0,54,,88737,20,,,0,13,,88733,20,,,0,12,,88688,20,,,0,14,,88670,20,,,0,13,,88718,20,,,0,54,,88674,20,,,0,13,,88696,20,,,0,15,,88719,20,,,0,15,,88689,20,,,0,53,,88715,20,,,0,14,,88738,20,,,0,14,,88725,20,,,0,12,,88680,20,,,0,13,,88720,20,,,0,53,,88675,20,,,0,13,,88687,20,,,0,14,,88683,20,,,0,16,,88706,20,,,0,50,,88666,20,,,0,8,,88727,20,,,0,16,,88710,20,,,0,17,,88677,20,,,0,8,,88678,20,,,0,50,,88707,20,,,0,15,,88690,20,,,0,7,,88716,20,,,0,11,,88695,20,,,0,19,,88714,20,,,0,55,,88712,20,,,0,15,,88694,20,,,0,14,,88671,20,,,0,15,,88702,20,,,0,56,,88701,20,,,0,15,,88700,20,,,0,15,,88703,20,,,0,16,,88699,20,,,0,55,,88709,20,,,0,15,,88705,20,,,0,15,,88713,20,,,0,15,,88711,20,,,0,56,,88704,20,,,0,18,,88679,20,,,0,17,,88708,20,,,0,55,,88717,20,,,0,16,,88684,20,,,0,19,,88691,20,,,0,20,,88672,20,,,0,60,,88686,20,,,0,23,,88698,20,,,0,64,,88692,20,,,0,29,,88728,20,,,0,70,,88722,20,,,0,31,,88721,20,,,0
401,'5458',601,,88751,20,,,0,18,,88758,20,,,0,20,,88804,20,,,0,15,,88743,20,,,0,55,,88742,20,,,0,14,,88817,20,,,0,15,,88741,20,,,0,15,,88762,20,,,0,54,,88775,20,,,0,14,,88771,20,,,0,13,,88757,20,,,0,14,,88802,20,,,0,52,,88747,20,,,0,13,,88808,20,,,0,15,,88801,20,,,0,14,,88812,20,,,0,13,,88807,20,,,0,53,,88814,20,,,0,13,,88809,20,,,0,13,,88813,20,,,0,13,,88810,20,,,0,54,,88815,20,,,0,13,,88811,20,,,0,12,,88766,20,,,0,14,,88744,20,,,0,13,,88796,20,,,0,54,,88749,20,,,0,13,,88774,20,,,0,15,,88797,20,,,0,15,,88767,20,,,0,53,,88793,20,,,0,14,,88816,20,,,0,14,,88803,20,,,0,12,,88755,20,,,0,13,,88798,20,,,0,53,,88750,20,,,0,13,,88765,20,,,0,14,,88760,20,,,0,16,,88784,20,,,0,50,,88740,20,,,0,8,,88805,20,,,0,16,,88788,20,,,0,17,,88752,20,,,0,8,,88753,20,,,0,50,,88785,20,,,0,15,,88768,20,,,0,7,,88794,20,,,0,11,,88773,20,,,0,19,,88792,20,,,0,55,,88790,20,,,0,15,,88772,20,,,0,14,,88745,20,,,0,15,,88780,20,,,0,56,,88779,20,,,0,15,,88778,20,,,0,15,,88781,20,,,0,16,,88777,20,,,0,55,,88787,20,,,0,15,,88783,20,,,0,15,,88791,20,,,0,15,,88789,20,,,0,56,,88782,20,,,0,18,,88754,20,,,0,17,,88786,20,,,0,55,,88795,20,,,0,16,,88761,20,,,0,19,,88769,20,,,0,20,,88746,20,,,0,60,,88764,20,,,0,23,,88776,20,,,0,64,,88770,20,,,0,29,,88806,20,,,0,70,,88800,20,,,0,31,,88799,20,,,0,70,,88759,20,,,0,31,,88756,20,,,0,70,,88748,20,,,0,30,,88763,20,,,0
401,'5459',711,,88852,20,,,0,20,,88861,20,,,0,20,,88834,20,,,0,58,,88844,20,,,0,17,,88854,20,,,0,16,,88824,20,,,0,16,,88842,20,,,0,56,,88843,20,,,0,15,,88857,20,,,0,16,,88818,20,,,0,55,,88830,20,,,0,15,,88832,20,,,0,15,,88881,20,,,0,15,,88846,20,,,0,55,,88859,20,,,0,16,,88819,20,,,0,15,,88828,20,,,0,15,,88840,20,,,0,55,,88851,20,,,0,15,,88856,20,,,0,15,,88820,20,,,0,16,,88829,20,,,0,55,,88835,20,,,0,15,,88853,20,,,0,16,,88860,20,,,0,16,,88833,20,,,0,55,,88825,20,,,0,16,,88836,20,,,0,16,,88849,20,,,0,16,,88855,20,,,0,56,,88821,20,,,0,16,,88827,20,,,0,15,,88822,20,,,0,16,,88845,20,,,0,56,,88858,20,,,0,17,,88838,20,,,0,16,,88826,20,,,0,56,,88823,20,,,0,16,,88848,20,,,0,15,,88850,20,,,0,17,,88831,20,,,0,58,,88837,20,,,0,18,,88839,20,,,0,18,,88847,20,,,0,58,,88841,20,,,0,18,,88863,20,,,0,18,,88862,20,,,0,18,,88864,20,,,0,58,,88868,20,,,0,18,,88869,20,,,0,18,,88871,20,,,0,58,,88872,20,,,0,18,,88870,20,,,0,18,,88874,20,,,0,65,,88878,20,,,0,23,,88873,20,,,0,70,,88876,20,,,0,31,,88875,20,,,0,71,,88879,20,,,0,30,,88877,20,,,0,69,,88880,20,,,0,30,,88867,20,,,0,71,,88866,20,,,0,30,,88865,20,,,0
401,'5460',733,,88882,20,,,0,70,,88883,20,,,0,32,,88884,20,,,0,69,,88885,20,,,0,28,,88886,20,,,0,70,,88887,20,,,0,20,,88888,20,,,0,19,,88889,20,,,0,60,,88890,20,,,0,19,,88891,20,,,0,20,,88892,20,,,0,60,,88893,20,,,0,20,,88894,20,,,0,20,,88895,20,,,0,19,,88896,20,,,0,60,,88897,20,,,0,20,,88898,20,,,0,18,,88926,20,,,0,58,,88899,20,,,0,16,,88900,20,,,0,16,,88901,20,,,0,56,,88902,20,,,0,17,,88928,20,,,0,16,,88903,20,,,0,16,,88904,20,,,0,56,,88905,20,,,0,17,,88906,20,,,0,16,,88927,20,,,0,16,,88907,20,,,0,57,,88908,20,,,0,17,,88909,20,,,0,18,,88910,20,,,0,59,,88911,20,,,0,17,,88912,20,,,0,18,,88913,20,,,0,58,,88914,20,,,0,18,,88915,20,,,0,19,,88929,20,,,0,18,,88916,20,,,0,60,,88917,20,,,0,20,,88918,20,,,0,64,,88919,20,,,0,31,,88920,20,,,0,72,,88921,20,,,0,29,,88922,20,,,0,71,,88923,20,,,0,31,,88924,20,,,0,68,,88925,20,0,23 49,0
401,'5461',733,,88930,20,,,0,70,,88931,20,,,0,32,,88932,20,,,0,69,,88933,20,,,0,28,,88934,20,,,0,70,,88935,20,,,0,20,,88936,20,,,0,19,,88937,20,,,0,60,,88938,20,,,0,19,,88939,20,,,0,20,,88940,20,,,0,60,,88941,20,,,0,20,,88942,20,,,0,20,,88943,20,,,0,19,,88944,20,,,0,60,,88945,20,,,0,20,,88946,20,,,0,18,,88974,20,,,0,58,,88947,20,,,0,16,,88948,20,,,0,16,,88949,20,,,0,56,,88950,20,,,0,17,,88976,20,,,0,16,,88951,20,,,0,16,,88952,20,,,0,56,,88953,20,,,0,17,,88954,20,,,0,16,,88975,20,,,0,16,,88955,20,,,0,57,,88956,20,,,0,17,,88957,20,,,0,18,,88958,20,,,0,59,,88959,20,,,0,17,,88960,20,,,0,18,,88961,20,,,0,58,,88962,20,,,0,18,,88963,20,,,0,19,,88977,20,,,0,18,,88964,20,,,0,60,,88965,20,,,0,20,,88966,20,,,0,64,,88967,20,,,0,31,,88968,20,,,0,72,,88969,20,,,0,29,,88970,20,,,0,71,,88971,20,,,0,31,,88972,20,,,0,68,,88973,20,0,23 49,0
401,'5462',733,,88978,20,,,0,70,,88979,20,,,0,32,,88980,20,,,0,69,,88981,20,,,0,28,,88982,20,,,0,70,,88983,20,,,0,20,,88984,20,,,0,19,,88985,20,,,0,60,,88986,20,,,0,19,,88987,20,,,0,20,,88988,20,,,0,60,,88989,20,,,0,20,,88990,20,,,0,20,,88991,20,,,0,19,,88992,20,,,0,60,,88993,20,,,0,20,,88994,20,,,0,18,,89022,20,,,0,58,,88995,20,,,0,16,,88996,20,,,0,16,,88997,20,,,0,56,,88998,20,,,0,17,,89024,20,,,0,16,,88999,20,,,0,16,,89000,20,,,0,56,,89001,20,,,0,17,,89002,20,,,0,16,,89023,20,,,0,16,,89003,20,,,0,57,,89004,20,,,0,17,,89005,20,,,0,18,,89006,20,,,0,59,,89007,20,,,0,17,,89008,20,,,0,18,,89009,20,,,0,58,,89010,20,,,0,18,,89011,20,,,0,19,,89025,20,,,0,18,,89012,20,,,0,60,,89013,20,,,0,20,,89014,20,,,0,64,,89015,20,,,0,31,,89016,20,,,0,72,,89017,20,,,0,29,,89018,20,,,0,71,,89019,20,,,0,31,,89020,20,,,0,68,,89021,20,0,23 49,0
401,'5463',733,,89026,20,,,0,70,,89027,20,,,0,32,,89028,20,,,0,69,,89029,20,,,0,28,,89030,20,,,0,70,,89031,20,,,0,20,,89032,20,,,0,19,,89033,20,,,0,60,,89034,20,,,0,19,,89035,20,,,0,20,,89036,20,,,0,60,,89037,20,,,0,20,,89038,20,,,0,20,,89039,20,,,0,19,,89040,20,,,0,60,,89041,20,,,0,20,,89042,20,,,0,18,,89070,20,,,0,58,,89043,20,,,0,16,,89044,20,,,0,16,,89045,20,,,0,56,,89046,20,,,0,17,,89072,20,,,0,16,,89047,20,,,0,16,,89048,20,,,0,56,,89049,20,,,0,17,,89050,20,,,0,16,,89071,20,,,0,16,,89051,20,,,0,57,,89052,20,,,0,17,,89053,20,,,0,18,,89054,20,,,0,59,,89055,20,,,0,17,,89056,20,,,0,18,,89057,20,,,0,58,,89058,20,,,0,18,,89059,20,,,0,19,,89073,20,,,0,18,,89060,20,,,0,60,,89061,20,,,0,20,,89062,20,,,0,64,,89063,20,,,0,31,,89064,20,,,0,72,,89065,20,,,0,29,,89066,20,,,0,71,,89067,20,,,0,31,,89068,20,,,0,68,,89069,20,0,23 49,0
901,'5456',1517,,90762,20,0,24 49,0,16,,90764,20,0,24 49,0,74,,90765,20,0,24 49,0,35,,90766,20,0,24 49,0,60,,90767,20,,,0,13,,90763,20,0,24 49,0,13,,90769,20,0,24 49,0,15,,90768,20,,,0
901,'5458',1517,,90770,20,0,24 49,0,16,,90772,20,0,24 49,0,74,,90773,20,0,24 49,0,35,,90774,20,0,24 49,0,60,,90775,20,,,0,13,,90771,20,0,24 49,0,13,,90777,20,0,24 49,0,15,,90776,20,,,0
