3000,'5456',558,,96905,17,,,0,93,,96906,17,,,0,72,,96907,17,,,0,33,,96908,17,,,0,71,,96909,17,,,0,32,,96910,17,,,0,69,,96911,17,,,0,30,,96912,17,,,0,71,,96913,17,,,0,30,,96914,17,,,0,71,,96915,17,,,0,70,,96916,17,,,0,30,,96917,17,,,0,70,,96918,17,,,0,31,,96919,17,,,0,70,,96920,17,,,0,27,,96921,17,,,0,72,,96922,17,,,0,32,,96923,17,,,0,73,,96924,17,,,0,35,,96925,17,,,0,71,,96926,17,,,0,32,,96927,17,,,0,70,,96928,17,,,0,26,,96929,17,,,0,67,,96930,17,,,0,28,,96931,17,,,0,73,,96932,17,,,0,33,,96933,17,,,0,85,,96934,17,,,0,100,,96935,17,,,0,98,,96936,17,,,0,108,,96937,17,,,0
3000,'5458',558,,96938,17,,,0,93,,96939,17,,,0,72,,96940,17,,,0,33,,96941,17,,,0,71,,96942,17,,,0,32,,96943,17,,,0,69,,96944,17,,,0,30,,96945,17,,,0,71,,96946,17,,,0,30,,96947,17,,,0,71,,96948,17,,,0,70,,96949,17,,,0,30,,96950,17,,,0,70,,96951,17,,,0,31,,96952,17,,,0,70,,96953,17,,,0,27,,96954,17,,,0,72,,96955,17,,,0,32,,96956,17,,,0,73,,96957,17,,,0,35,,96958,17,,,0,71,,96959,17,,,0,32,,96960,17,,,0,70,,96961,17,,,0,26,,96962,17,,,0,67,,96963,17,,,0,28,,96964,17,,,0,73,,96965,17,,,0,33,,96966,17,,,0,85,,96967,17,,,0,100,,96968,17,,,0,98,,96969,17,,,0,108,,96970,17,,,0
3000,'5459',647,,96971,17,,,0,100,,96972,17,,,0,78,,96973,17,,,0,78,,96974,17,,,0,34,,96975,17,,,0,72,,96976,17,,,0,33,,96977,17,,,0,71,,96978,17,,,0,30,,96979,17,,,0,70,,96980,17,,,0,30,,96981,17,,,0,69,,96982,17,,,0,32,,96983,17,,,0,70,,96984,17,,,0,30,,96985,17,,,0,70,,96986,17,,,0,31,,96987,17,,,0,69,,96988,17,,,0,30,,96989,17,,,0,69,,96990,17,,,0,30,,96991,17,,,0,69,,96992,17,,,0,30,,96993,17,,,0,79,,96994,17,,,0,80,,96995,17,,,0,38,,96996,17,,,0,85,,96997,17,,,0,100,,96998,17,,,0,100,,96999,17,,,0,106,,97000,17,,,0
3000,'5460',758,,97001,17,,,0,101,,97002,17,,,0,85,,97003,17,,,0,80,,97004,17,,,0,81,,97005,17,,,0,36,,97006,17,,,0,70,,97007,17,,,0,30,,97008,17,,,0,70,,97009,17,,,0,31,,97010,17,,,0,70,,97011,17,,,0,30,,97012,17,,,0,70,,97013,17,,,0,30,,97014,17,,,0,71,,97015,17,,,0,30,,97016,17,,,0,69,,97017,17,,,0,29,,97018,17,,,0,69,,97019,17,,,0,30,,97020,17,,,0,80,,97021,17,,,0,80,,97022,17,,,0,39,,97023,17,,,0,87,,97024,17,,,0,97,,97025,17,,,0,98,,97026,17,,,0
3000,'5461',758,,97027,17,,,0,101,,97028,17,,,0,85,,97029,17,,,0,80,,97030,17,,,0,81,,97031,17,,,0,36,,97032,17,,,0,70,,97033,17,,,0,30,,97034,17,,,0,70,,97035,17,,,0,31,,97036,17,,,0,70,,97037,17,,,0,30,,97038,17,,,0,70,,97039,17,,,0,30,,97040,17,,,0,71,,97041,17,,,0,30,,97042,17,,,0,69,,97043,17,,,0,29,,97044,17,,,0,69,,97045,17,,,0,30,,97046,17,,,0,80,,97047,17,,,0,80,,97048,17,,,0,39,,97049,17,,,0,87,,97050,17,,,0,97,,97051,17,,,0,98,,97052,17,,,0
3000,'5462',758,,97053,17,,,0,101,,97054,17,,,0,85,,97055,17,,,0,80,,97056,17,,,0,81,,97057,17,,,0,36,,97058,17,,,0,70,,97059,17,,,0,30,,97060,17,,,0,70,,97061,17,,,0,31,,97062,17,,,0,70,,97063,17,,,0,30,,97064,17,,,0,70,,97065,17,,,0,30,,97066,17,,,0,71,,97067,17,,,0,30,,97068,17,,,0,69,,97069,17,,,0,29,,97070,17,,,0,69,,97071,17,,,0,30,,97072,17,,,0,80,,97073,17,,,0,80,,97074,17,,,0,39,,97075,17,,,0,87,,97076,17,,,0,97,,97077,17,,,0,98,,97078,17,,,0
3000,'5463',758,,97079,17,,,0,101,,97080,17,,,0,85,,97081,17,,,0,80,,97082,17,,,0,81,,97083,17,,,0,36,,97084,17,,,0,70,,97085,17,,,0,30,,97086,17,,,0,70,,97087,17,,,0,31,,97088,17,,,0,70,,97089,17,,,0,30,,97090,17,,,0,70,,97091,17,,,0,30,,97092,17,,,0,71,,97093,17,,,0,30,,97094,17,,,0,69,,97095,17,,,0,29,,97096,17,,,0,69,,97097,17,,,0,30,,97098,17,,,0,80,,97099,17,,,0,80,,97100,17,,,0,39,,97101,17,,,0,87,,97102,17,,,0,97,,97103,17,,,0,98,,97104,17,,,0
3100,'5456',630,,97307,17,,,0,77,,97308,17,,,0,33,,97309,17,,,0,71,,97310,17,,,0,32,,97311,17,,,0,71,,97312,17,,,0,29,,97313,17,,,0,71,,97314,17,,,0,30,,97315,17,,,0,70,,97316,17,,,0,31,,97317,17,,,0,70,,97318,17,,,0,30,,97319,17,,,0,71,,97320,17,,,0,30,,97321,17,,,0,68,,97322,17,,,0,30,,97323,17,,,0,72,,97324,17,,,0,33,,97325,17,,,0,74,,97326,17,,,0,34,,97327,17,,,0,70,,97328,17,,,0,31,,97329,17,,,0,69,,97330,17,,,0,25,,97331,17,,,0,68,,97332,17,,,0,28,,97333,17,,,0,77,,97334,17,,,0,78,,97335,17,,,0,53,,97336,17,,,0,97,,97337,17,,,0,153,,97338,17,,,0,94,,97339,17,,,0
3100,'5458',630,,97340,17,,,0,77,,97341,17,,,0,33,,97342,17,,,0,71,,97343,17,,,0,32,,97344,17,,,0,71,,97345,17,,,0,29,,97346,17,,,0,71,,97347,17,,,0,30,,97348,17,,,0,70,,97349,17,,,0,31,,97350,17,,,0,70,,97351,17,,,0,30,,97352,17,,,0,71,,97353,17,,,0,30,,97354,17,,,0,68,,97355,17,,,0,30,,97356,17,,,0,72,,97357,17,,,0,33,,97358,17,,,0,74,,97359,17,,,0,34,,97360,17,,,0,70,,97361,17,,,0,31,,97362,17,,,0,69,,97363,17,,,0,25,,97364,17,,,0,68,,97365,17,,,0,28,,97366,17,,,0,77,,97367,17,,,0,78,,97368,17,,,0,53,,97369,17,,,0,97,,97370,17,,,0,153,,97371,17,,,0,94,,97372,17,,,0
3100,'5459',717,,97373,17,,,0,88,,97374,17,,,0,41,,97375,17,,,0,75,,97376,17,,,0,31,,97377,17,,,0,72,,97378,17,,,0,34,,97379,17,,,0,70,,97380,17,,,0,30,,97381,17,,,0,70,,97382,17,,,0,30,,97383,17,,,0,71,,97384,17,,,0,30,,97385,17,,,0,70,,97386,17,,,0,30,,97387,17,,,0,71,,97388,17,,,0,29,,97389,17,,,0,70,,97390,17,,,0,29,,97391,17,,,0,70,,97392,17,,,0,29,,97393,17,,,0,70,,97394,17,,,0,74,,97395,17,,,0,40,,97396,17,,,0,79,,97397,17,,,0,39,,97398,17,,,0,95,,97399,17,,,0,100,,97400,17,,,0,155,,97401,17,,,0,91,,97402,17,,,0
3100,'5460',717,,97403,17,,,0,112,,97404,17,,,0,94,,97405,17,,,0,80,,97406,17,,,0,41,,97407,17,,,0,81,,97408,17,,,0,30,,97409,17,,,0,71,,97410,17,,,0,30,,97411,17,,,0,71,,97412,17,,,0,30,,97413,17,,,0,70,,97414,17,,,0,30,,97415,17,,,0,70,,97416,17,,,0,31,,97417,17,,,0,70,,97418,17,,,0,29,,97419,17,,,0,69,,97420,17,,,0,30,,97421,17,,,0,69,,97422,17,,,0,75,,97423,17,,,0,40,,97424,17,,,0,78,,97425,17,,,0,40,,97426,17,,,0,95,,97427,17,,,0,100,,97428,17,,,0,152,,97429,17,,,0
3100,'5461',717,,97430,17,,,0,112,,97431,17,,,0,94,,97432,17,,,0,80,,97433,17,,,0,41,,97434,17,,,0,81,,97435,17,,,0,30,,97436,17,,,0,71,,97437,17,,,0,30,,97438,17,,,0,71,,97439,17,,,0,30,,97440,17,,,0,70,,97441,17,,,0,30,,97442,17,,,0,70,,97443,17,,,0,31,,97444,17,,,0,70,,97445,17,,,0,29,,97446,17,,,0,69,,97447,17,,,0,30,,97448,17,,,0,69,,97449,17,,,0,75,,97450,17,,,0,40,,97451,17,,,0,78,,97452,17,,,0,40,,97453,17,,,0,95,,97454,17,,,0,100,,97455,17,,,0,152,,97456,17,,,0
3100,'5462',717,,97457,17,,,0,112,,97458,17,,,0,94,,97459,17,,,0,80,,97460,17,,,0,41,,97461,17,,,0,81,,97462,17,,,0,30,,97463,17,,,0,71,,97464,17,,,0,30,,97465,17,,,0,71,,97466,17,,,0,30,,97467,17,,,0,70,,97468,17,,,0,30,,97469,17,,,0,70,,97470,17,,,0,31,,97471,17,,,0,70,,97472,17,,,0,29,,97473,17,,,0,69,,97474,17,,,0,30,,97475,17,,,0,69,,97476,17,,,0,75,,97477,17,,,0,40,,97478,17,,,0,78,,97479,17,,,0,40,,97480,17,,,0,95,,97481,17,,,0,100,,97482,17,,,0,152,,97483,17,,,0
3100,'5463',717,,97484,17,,,0,112,,97485,17,,,0,94,,97486,17,,,0,80,,97487,17,,,0,41,,97488,17,,,0,81,,97489,17,,,0,30,,97490,17,,,0,71,,97491,17,,,0,30,,97492,17,,,0,71,,97493,17,,,0,30,,97494,17,,,0,70,,97495,17,,,0,30,,97496,17,,,0,70,,97497,17,,,0,31,,97498,17,,,0,70,,97499,17,,,0,29,,97500,17,,,0,69,,97501,17,,,0,30,,97502,17,,,0,69,,97503,17,,,0,75,,97504,17,,,0,40,,97505,17,,,0,78,,97506,17,,,0,40,,97507,17,,,0,95,,97508,17,,,0,100,,97509,17,,,0,152,,97510,17,,,0
