200,'4832',655,,63405,9,,,0,160,,63404,9,,,0,121,,63403,9,,,0,100,,63384,9,,,0,80,,63402,9,,,0,40,,63390,9,,,0,80,,63388,9,,,0,80,,77852,9,,,0,40,,63385,9,,,0,80,,63396,9,,,0,80,,63391,9,,,0,40,,63386,9,,,0,80,,77853,9,,,0,80,,63387,9,,,0,35,,63397,9,,,0,80,,63393,9,,,0,75,,63392,9,0,5,0,20,,63398,9,,,0,20,,77854,9,0,5,0,60,,63394,9,,,0,40,,63400,9,,,0,79,,63401,9,,,0,80,,63399,9,,,0,40,,63406,9,,,0,80,,63407,9,,,0
200,'5453',655,,77877,9,,,0,160,,77876,9,,,0,121,,77875,9,,,0,100,,77856,9,,,0,80,,77874,9,,,0,40,,77862,9,,,0,80,,77860,9,,,0,80,,77855,9,,,0,40,,77857,9,,,0,80,,77868,9,,,0,80,,77863,9,,,0,40,,77858,9,,,0,80,,77861,9,,,0,80,,77859,9,,,0,35,,77869,9,,,0,80,,77865,9,,,0,75,,77864,9,0,5,0,20,,77870,9,,,0,20,,81953,9,0,5,0,60,,77866,9,,,0,40,,77872,9,,,0,79,,77873,9,,,0,80,,77871,9,,,0,40,,77878,9,,,0,80,,77879,9,,,0
200,'5456',549,,87484,9,,,0,80,,87485,9,,,0,20,,87486,9,,,0,71,,87487,9,,,0,31,,87488,9,,,0,70,,87489,9,,,0,31,,87490,9,,,0,71,,87491,9,,,0,15,,87492,9,0,5,0,70,,87493,9,,,0,38,,87494,9,,,0,80,,87495,9,,,0,80,,87496,9,,,0,40,,87497,9,,,0,80,,87498,9,,,0,80,,87499,9,,,0,37,,87500,9,,,0,76,,87518,9,,,0,37,,87514,9,,,0,76,,87516,9,,,0,73,,87517,9,0,5,0,17,,87508,9,,,0,33,,87506,9,,,0,80,,87513,9,,,0,90,,87505,9,,,0,80,,87512,9,,,0,20,,87507,9,0,5,0,22,,87504,9,,,0,60,,87515,9,0,5,0,20,,87511,9,,,0,78,,87503,9,,,0,40,,87510,9,,,0,79,,87502,9,,,0,80,,87509,9,,,0,30,,87501,9,0,5,0
200,'5458',549,,87519,9,,,0,80,,87520,9,,,0,20,,87521,9,,,0,71,,87522,9,,,0,31,,87523,9,,,0,70,,87524,9,,,0,31,,87525,9,,,0,71,,87526,9,,,0,15,,87527,9,0,5,0,70,,87528,9,,,0,38,,87529,9,,,0,80,,87530,9,,,0,80,,87531,9,,,0,40,,87532,9,,,0,80,,87533,9,,,0,80,,87534,9,,,0,37,,87535,9,,,0,76,,87554,9,,,0,37,,87550,9,,,0,76,,87552,9,,,0,73,,87553,9,0,5,0,17,,87544,9,,,0,33,,87542,9,,,0,80,,87549,9,,,0,90,,87541,9,,,0,80,,87548,9,,,0,20,,87543,9,0,5,0,22,,87540,9,,,0,60,,87551,9,0,5,0,20,,87547,9,,,0,78,,87539,9,,,0,40,,87546,9,,,0,79,,87538,9,,,0,80,,87545,9,,,0,30,,87537,9,0,5,0,68,,87536,9,0,5,0
200,'5459',600,,87574,9,,,0,112,,87577,9,,,0,119,,87575,9,,,0,80,,87563,9,,,0,45,,87576,9,,,0,80,,87561,9,,,0,80,,87555,9,,,0,40,,87562,9,,,0,80,,87556,9,,,0,80,,87569,9,,,0,41,,87557,9,,,0,80,,87560,9,,,0,80,,87559,9,,,0,40,,87558,9,,,0,80,,87572,9,,,0,79,,87573,9,,,0,35,,87571,9,,,0,80,,87565,9,,,0,75,,87566,9,,,0,20,,87564,9,0,5,0,75,,87568,9,,,0,20,,87570,9,0,5,0,20,,87567,9,,,0,65,,87582,9,0,5,0,20,,87583,9,,,0,80,,87580,9,,,0,40,,87579,9,,,0,79,,87581,9,,,0,80,,87578,9,,,0,35,,87584,9,0,5,0
200,'5460',655,,87607,9,,,0,160,,87606,9,,,0,121,,87605,9,,,0,100,,87586,9,,,0,80,,87604,9,,,0,40,,87592,9,,,0,80,,87590,9,,,0,80,,87585,9,,,0,40,,87587,9,,,0,80,,87598,9,,,0,80,,87593,9,,,0,40,,87588,9,,,0,80,,87591,9,,,0,80,,87589,9,,,0,35,,87599,9,,,0,80,,87595,9,,,0,75,,87594,9,0,5,0,20,,87600,9,,,0,20,,87597,9,0,5,0,60,,87596,9,,,0,40,,87602,9,,,0,79,,87603,9,,,0,80,,87601,9,,,0,40,,87608,9,,,0,80,,87609,9,,,0
200,'5461',655,,87632,9,,,0,160,,87631,9,,,0,121,,87630,9,,,0,100,,87611,9,,,0,80,,87629,9,,,0,40,,87617,9,,,0,80,,87615,9,,,0,80,,87610,9,,,0,40,,87612,9,,,0,80,,87623,9,,,0,80,,87618,9,,,0,40,,87613,9,,,0,80,,87616,9,,,0,80,,87614,9,,,0,35,,87624,9,,,0,80,,87620,9,,,0,75,,87619,9,0,5,0,20,,87625,9,,,0,20,,87622,9,0,5,0,60,,87621,9,,,0,40,,87627,9,,,0,79,,87628,9,,,0,80,,87626,9,,,0,40,,87633,9,,,0,80,,87634,9,,,0
200,'5462',655,,87657,9,,,0,160,,87656,9,,,0,121,,87655,9,,,0,100,,87636,9,,,0,80,,87654,9,,,0,40,,87642,9,,,0,80,,87640,9,,,0,80,,87635,9,,,0,40,,87637,9,,,0,80,,87648,9,,,0,80,,87643,9,,,0,40,,87638,9,,,0,80,,87641,9,,,0,80,,87639,9,,,0,35,,87649,9,,,0,80,,87645,9,,,0,75,,87644,9,0,5,0,20,,87650,9,,,0,20,,87647,9,0,5,0,60,,87646,9,,,0,40,,87652,9,,,0,79,,87653,9,,,0,80,,87651,9,,,0,40,,87658,9,,,0,80,,87659,9,,,0
200,'5463',655,,87682,9,,,0,160,,87681,9,,,0,121,,87680,9,,,0,100,,87661,9,,,0,80,,87679,9,,,0,40,,87667,9,,,0,80,,87665,9,,,0,80,,87660,9,,,0,40,,87662,9,,,0,80,,87673,9,,,0,80,,87668,9,,,0,40,,87663,9,,,0,80,,87666,9,,,0,80,,87664,9,,,0,35,,87674,9,,,0,80,,87670,9,,,0,75,,87669,9,0,5,0,20,,87675,9,,,0,20,,87672,9,0,5,0,60,,87671,9,,,0,40,,87677,9,,,0,79,,87678,9,,,0,80,,87676,9,,,0,40,,87683,9,,,0,80,,87684,9,,,0
300,'4832',723,,63734,36,4,,0,85,,63722,38,4,,0,40,,63735,36,4,,0,85,,63729,38,4,,0,75,,63733,36,4,,0,40,,63720,38,4,,0,60,,63730,36,4,,0,31,,63725,38,4,,0,69,,63721,36,4,,0,30,,63726,38,4,,0,70,,63724,36,4,,0,30,,63723,38,4,,0,70,,63727,36,4,,0,37,,63728,38,4,,0,68,,63731,36,4,,0,41,,63732,38,4,,0,64,,63739,36,4,,0,33,,63736,38,4,,0,67,,63737,36,4,,0,30,,63738,38,4,,0,70,,63741,36,4,,0,30,,63740,38,4,,0,70,,63742,36,4,,0,35,,63743,38,4,,0
300,'5453',723,,77922,36,4,,0,85,,77910,38,4,,0,40,,77923,36,4,,0,85,,77917,38,4,,0,75,,77921,36,4,,0,40,,77908,38,4,,0,60,,77918,36,4,,0,31,,77913,38,4,,0,69,,77909,36,4,,0,30,,77914,38,4,,0,70,,77912,36,4,,0,30,,77911,38,4,,0,70,,77915,36,4,,0,37,,77916,38,4,,0,68,,77919,36,4,,0,41,,77920,38,4,,0,64,,77927,36,4,,0,33,,77924,38,4,,0,67,,77925,36,4,,0,30,,77926,38,4,,0,70,,77929,36,4,,0,30,,77928,38,4,,0,70,,77930,36,4,,0,35,,77931,38,4,,0
300,'5456',629,,87880,36,4,,0,75,,87882,38,4,,0,37,,87881,36,4,,0,81,,87890,38,4,,0,37,,87883,36,4,,0,75,,87884,38,4,,0,70,,87888,40,4,,0,30,,87885,38,4,,0,70,,87886,40,4,,0,30,,87887,38,4,,0,70,,87889,40,4,,0,35,,87891,38,4,,0,70,,87892,40,4,,0,30,,87896,38,4,,0,71,,87893,40,4,,0,33,,87906,38,4,,0,75,,87895,40,4,,0,35,,87894,38,4,,0,75,,87905,38,4,,0,73,,87897,38,4,,0,33,,87898,36,4,,0,74,,87904,38,4,,0,25,,87899,36,4,,0,70,,87900,38,4,,0,30,,87907,36,4,,0,25,,87901,38,4,,0,65,,87902,36,4,,0,30,,87908,38,4,,0
300,'5458',629,,87909,36,4,,0,75,,87911,38,4,,0,37,,87910,36,4,,0,81,,87919,38,4,,0,37,,87912,36,4,,0,75,,87913,38,4,,0,70,,87917,40,4,,0,30,,87914,38,4,,0,70,,87915,40,4,,0,30,,87916,38,4,,0,70,,87918,40,4,,0,35,,87920,38,4,,0,70,,87921,40,4,,0,30,,87925,38,4,,0,71,,87922,40,4,,0,33,,87935,38,4,,0,75,,87924,40,4,,0,35,,87923,38,4,,0,75,,87934,38,4,,0,73,,87926,38,4,,0,33,,87927,36,4,,0,74,,87933,38,4,,0,25,,87928,36,4,,0,70,,87929,38,4,,0,30,,87936,36,4,,0,25,,87930,38,4,,0,65,,87931,36,4,,0,30,,87937,38,4,,0
300,'5459',708,,87961,36,4,,0,30,,87944,38,4,,0,70,,87938,36,4,,0,30,,87953,38,4,,0,70,,87946,36,4,,0,30,,87963,38,4,,0,70,,87952,36,4,,0,31,,87939,38,4,,0,69,,87960,40,4,,0,30,,87951,38,4,,0,70,,87942,40,4,,0,30,,87964,38,4,,0,70,,87954,40,4,,0,31,,87941,38,4,,0,70,,87948,40,4,,0,34,,87940,38,4,,0,70,,87947,40,4,,0,40,,87945,38,4,,0,70,,87949,36,4,,0,36,,87943,38,4,,0,64,,87950,36,4,,0,35,,87956,38,4,,0,68,,87957,36,4,,0,32,,87955,38,4,,0,65,,87958,36,4,,0,30,,87959,38,4,,0,70,,87965,36,4,,0,30,,87962,38,4,,0
300,'5460',723,,87981,36,4,,0,85,,87969,38,4,,0,40,,87982,36,4,,0,85,,87976,38,4,,0,75,,87980,36,4,,0,40,,87967,38,4,,0,60,,87977,36,4,,0,31,,87972,38,4,,0,69,,87968,36,4,,0,30,,87973,38,4,,0,70,,87971,36,4,,0,30,,87970,38,4,,0,70,,87974,36,4,,0,37,,87975,38,4,,0,68,,87978,36,4,,0,41,,87979,38,4,,0,64,,87986,36,4,,0,33,,87983,38,4,,0,67,,87984,36,4,,0,30,,87985,38,4,,0,70,,87988,36,4,,0,30,,87987,38,4,,0,70,,87989,36,4,,0,35,,87990,38,4,,0
300,'5461',723,,88006,36,4,,0,85,,87994,38,4,,0,40,,88007,36,4,,0,85,,88001,38,4,,0,75,,88005,36,4,,0,40,,87992,38,4,,0,60,,88002,36,4,,0,31,,87997,38,4,,0,69,,87993,36,4,,0,30,,87998,38,4,,0,70,,87996,36,4,,0,30,,87995,38,4,,0,70,,87999,36,4,,0,37,,88000,38,4,,0,68,,88003,36,4,,0,41,,88004,38,4,,0,64,,88011,36,4,,0,33,,88008,38,4,,0,67,,88009,36,4,,0,30,,88010,38,4,,0,70,,88013,36,4,,0,30,,88012,38,4,,0,70,,88014,36,4,,0,35,,88015,38,4,,0
300,'5462',723,,88031,36,4,,0,85,,88019,38,4,,0,40,,88032,36,4,,0,85,,88026,38,4,,0,75,,88030,36,4,,0,40,,88017,38,4,,0,60,,88027,36,4,,0,31,,88022,38,4,,0,69,,88018,36,4,,0,30,,88023,38,4,,0,70,,88021,36,4,,0,30,,88020,38,4,,0,70,,88024,36,4,,0,37,,88025,38,4,,0,68,,88028,36,4,,0,41,,88029,38,4,,0,64,,88036,36,4,,0,33,,88033,38,4,,0,67,,88034,36,4,,0,30,,88035,38,4,,0,70,,88038,36,4,,0,30,,88037,38,4,,0,70,,88039,36,4,,0,35,,88040,38,4,,0
300,'5463',723,,88056,36,4,,0,85,,88044,38,4,,0,40,,88057,36,4,,0,85,,88051,38,4,,0,75,,88055,36,4,,0,40,,88042,38,4,,0,60,,88052,36,4,,0,31,,88047,38,4,,0,69,,88043,36,4,,0,30,,88048,38,4,,0,70,,88046,36,4,,0,30,,88045,38,4,,0,70,,88049,36,4,,0,37,,88050,38,4,,0,68,,88053,36,4,,0,41,,88054,38,4,,0,64,,88061,36,4,,0,33,,88058,38,4,,0,67,,88059,36,4,,0,30,,88060,38,4,,0,70,,88063,36,4,,0,30,,88062,38,4,,0,70,,88064,36,4,,0,35,,88065,38,4,,0
301,'4832',725,,63897,1,,,0,85,,63885,1,,,0,40,,63898,1,,,0,85,,63891,1,,,0,75,,63896,1,,,0,40,,63884,1,,,0,60,,63892,1,,,0,31,,63887,1,,,0,69,,63886,1,,,0,30,,63893,1,,,0,70,,63890,1,,,0,30,,63889,1,,,0,70,,63888,1,,,0,37,,63894,1,,,0,68,,63895,1,,,0,41,,63901,1,,,0,64,,63899,1,,,0,33,,63900,1,,,0,67,,63905,1,,,0,30,,63903,1,,,0,70,,63902,1,,,0,30,,63904,1,,,0,70,,63906,1,,,0,35,,63907,1,,,0
301,'5453',725,,77946,1,,,0,85,,77934,1,,,0,40,,77947,1,,,0,85,,77940,1,,,0,75,,77945,1,,,0,40,,77933,1,,,0,60,,77941,1,,,0,31,,77936,1,,,0,69,,77935,1,,,0,30,,77942,1,,,0,70,,77939,1,,,0,30,,77938,1,,,0,70,,77937,1,,,0,37,,77943,1,,,0,68,,77944,1,,,0,41,,77950,1,,,0,64,,77948,1,,,0,33,,77949,1,,,0,67,,77954,1,,,0,30,,77952,1,,,0,70,,77951,1,,,0,30,,77953,1,,,0,70,,77955,1,,,0,35,,77956,1,,,0
301,'5456',631,,88067,1,,,0,75,,88068,1,,,0,37,,88070,1,,,0,81,,88077,1,,,0,77,,88071,1,,,0,35,,88072,1,,,0,70,,88076,1,,,0,30,,88073,1,,,0,70,,88074,1,,,0,30,,88075,1,,,0,70,,88078,1,,,0,35,,88079,1,,,0,70,,88080,1,,,0,30,,88082,1,,,0,71,,88081,1,,,0,33,,88093,1,,,0,75,,88083,1,,,0,35,,88084,1,,,0,75,,88092,1,,,0,73,,88085,1,,,0,33,,88086,1,,,0,74,,88091,1,,,0,25,,88087,1,,,0,70,,88088,1,,,0,30,,88095,1,,,0,65,,88089,1,,,0,25,,88090,1,,,0,30,,88094,1,,,0
301,'5458',631,,88096,1,,,0,75,,88097,1,,,0,37,,88099,1,,,0,81,,88106,1,,,0,77,,88100,1,,,0,35,,88101,1,,,0,70,,88105,1,,,0,30,,88102,1,,,0,70,,88103,1,,,0,30,,88104,1,,,0,70,,88107,1,,,0,35,,88108,1,,,0,70,,88109,1,,,0,30,,88111,1,,,0,71,,88110,1,,,0,33,,88122,1,,,0,75,,88112,1,,,0,35,,88113,1,,,0,75,,88121,1,,,0,73,,88114,1,,,0,33,,88115,1,,,0,74,,88120,1,,,0,25,,88116,1,,,0,70,,88117,1,,,0,30,,88124,1,,,0,65,,88118,1,,,0,25,,88119,1,,,0,30,,88123,1,,,0
301,'5459',710,,88146,1,,,0,30,,88132,1,,,0,70,,88125,1,,,0,30,,88138,1,,,0,70,,88133,1,,,0,30,,88149,1,,,0,70,,88137,1,,,0,31,,88126,1,,,0,69,,88148,1,,,0,30,,88140,1,,,0,70,,88128,1,,,0,30,,88150,1,,,0,70,,88139,1,,,0,31,,88127,1,,,0,70,,88134,1,,,0,34,,88131,1,,,0,70,,88129,1,,,0,40,,88130,1,,,0,70,,88135,1,,,0,76,,88141,1,,,0,24,,88136,1,,,0,75,,88143,1,,,0,28,,88142,1,,,0,72,,88144,1,,,0,25,,88145,1,,,0,30,,88151,1,,,0,70,,88147,1,,,0,30,,88152,1,,,0
301,'5460',725,,88166,1,,,0,85,,88154,1,,,0,40,,88167,1,,,0,85,,88160,1,,,0,75,,88165,1,,,0,40,,88153,1,,,0,60,,88161,1,,,0,31,,88156,1,,,0,69,,88155,1,,,0,30,,88162,1,,,0,70,,88159,1,,,0,30,,88158,1,,,0,70,,88157,1,,,0,37,,88163,1,,,0,68,,88164,1,,,0,41,,88170,1,,,0,64,,88168,1,,,0,33,,88169,1,,,0,67,,88174,1,,,0,30,,88172,1,,,0,70,,88171,1,,,0,30,,88173,1,,,0,70,,88175,1,,,0,35,,88176,1,,,0
301,'5461',725,,88190,1,,,0,85,,88178,1,,,0,40,,88191,1,,,0,85,,88184,1,,,0,75,,88189,1,,,0,40,,88177,1,,,0,60,,88185,1,,,0,31,,88180,1,,,0,69,,88179,1,,,0,30,,88186,1,,,0,70,,88183,1,,,0,30,,88182,1,,,0,70,,88181,1,,,0,37,,88187,1,,,0,68,,88188,1,,,0,41,,88194,1,,,0,64,,88192,1,,,0,33,,88193,1,,,0,67,,88198,1,,,0,30,,88196,1,,,0,70,,88195,1,,,0,30,,88197,1,,,0,70,,88199,1,,,0,35,,88200,1,,,0
301,'5462',725,,88214,1,,,0,85,,88202,1,,,0,40,,88215,1,,,0,85,,88208,1,,,0,75,,88213,1,,,0,40,,88201,1,,,0,60,,88209,1,,,0,31,,88204,1,,,0,69,,88203,1,,,0,30,,88210,1,,,0,70,,88207,1,,,0,30,,88206,1,,,0,70,,88205,1,,,0,37,,88211,1,,,0,68,,88212,1,,,0,41,,88218,1,,,0,64,,88216,1,,,0,33,,88217,1,,,0,67,,88222,1,,,0,30,,88220,1,,,0,70,,88219,1,,,0,30,,88221,1,,,0,70,,88223,1,,,0,35,,88224,1,,,0
301,'5463',725,,88238,1,,,0,85,,88226,1,,,0,40,,88239,1,,,0,85,,88232,1,,,0,75,,88237,1,,,0,40,,88225,1,,,0,60,,88233,1,,,0,31,,88228,1,,,0,69,,88227,1,,,0,30,,88234,1,,,0,70,,88231,1,,,0,30,,88230,1,,,0,70,,88229,1,,,0,37,,88235,1,,,0,68,,88236,1,,,0,41,,88242,1,,,0,64,,88240,1,,,0,33,,88241,1,,,0,67,,88246,1,,,0,30,,88244,1,,,0,70,,88243,1,,,0,30,,88245,1,,,0,70,,88247,1,,,0,35,,88248,1,,,0
500,'4832',735,,64753,9,,,0,120,,64752,9,,,0,161,,64751,9,,,0,40,,64746,9,,,0,80,,78079,9,,,0,80,,64741,9,,,0,40,,64754,9,,,0,80,,64747,9,,,0,80,,64744,9,,,0,40,,78080,9,,,0,80,,64743,9,,,0,80,,64755,9,,,0,40,,64748,9,,,0,75,,64745,9,,,0,80,,78081,9,,,0,40,,64750,9,,,0
500,'5453',735,,78095,9,,,0,120,,78094,9,,,0,161,,78093,9,,,0,40,,78088,9,,,0,80,,78082,9,,,0,80,,78083,9,,,0,40,,78096,9,,,0,80,,78089,9,,,0,80,,78086,9,,,0,40,,78084,9,,,0,80,,78085,9,,,0,80,,78097,9,,,0,40,,78090,9,,,0,75,,78087,9,,,0,80,,78091,9,,,0,40,,78092,9,,,0
500,'5456',609,,89074,9,,,0,95,,89075,9,,,0,32,,89076,9,,,0,70,,89077,9,,,0,31,,89078,9,,,0,70,,89079,9,,,0,46,,89080,9,,,0,73,,89081,9,,,0,80,,89082,9,,,0,40,,89083,9,,,0,80,,89084,9,,,0,80,,89085,9,,,0,40,,89086,9,,,0,80,,89087,9,,,0,75,,89092,9,,,0,36,,89090,9,,,0,77,,89088,9,,,0,34,,89091,9,,,0,91,,89093,9,,,0,76,,89095,9,,,0,85,,89089,9,,,0,45,,89094,9,,,0
500,'5458',609,,89096,9,,,0,95,,89097,9,,,0,32,,89098,9,,,0,70,,89099,9,,,0,31,,89100,9,,,0,70,,89101,9,,,0,46,,89102,9,,,0,73,,89103,9,,,0,80,,89104,9,,,0,40,,89105,9,,,0,80,,89106,9,,,0,80,,89107,9,,,0,40,,89108,9,,,0,80,,89109,9,,,0,75,,89114,9,,,0,36,,89112,9,,,0,77,,89110,9,,,0,34,,89113,9,,,0,91,,89115,9,,,0,76,,89117,9,,,0,85,,89111,9,,,0,45,,89116,9,,,0
500,'5459',635,,89129,9,,,0,116,,89125,9,,,0,100,,89128,9,,,0,80,,89119,9,,,0,85,,89126,9,,,0,40,,89120,9,,,0,80,,89135,9,,,0,80,,89127,9,,,0,40,,89118,9,,,0,81,,89124,9,,,0,80,,89121,9,,,0,40,,89131,9,,,0,80,,89122,9,,,0,80,,89123,9,,,0,39,,89132,9,,,0,75,,89133,9,,,0,80,,89134,9,,,0,40,,89130,9,,,0,90,,89136,9,,,0
500,'5460',735,,89150,9,,,0,120,,89149,9,,,0,161,,89148,9,,,0,40,,89143,9,,,0,80,,89137,9,,,0,80,,89138,9,,,0,40,,89151,9,,,0,80,,89144,9,,,0,80,,89141,9,,,0,40,,89139,9,,,0,80,,89140,9,,,0,80,,89152,9,,,0,40,,89145,9,,,0,75,,89142,9,,,0,80,,89146,9,,,0,40,,89147,9,,,0
500,'5461',735,,89166,9,,,0,120,,89163,9,,,0,161,,89165,9,,,0,40,,89159,9,,,0,80,,89153,9,,,0,80,,89154,9,,,0,40,,89167,9,,,0,80,,89160,9,,,0,80,,89157,9,,,0,40,,89155,9,,,0,80,,89156,9,,,0,80,,89168,9,,,0,40,,89161,9,,,0,75,,89158,9,,,0,80,,89162,9,,,0,40,,89164,9,,,0
500,'5462',735,,89182,9,,,0,120,,89181,9,,,0,161,,89180,9,,,0,40,,89175,9,,,0,80,,89169,9,,,0,80,,89170,9,,,0,40,,89183,9,,,0,80,,89176,9,,,0,80,,89173,9,,,0,40,,89171,9,,,0,80,,89172,9,,,0,80,,89184,9,,,0,40,,89177,9,,,0,75,,89174,9,,,0,80,,89178,9,,,0,40,,89179,9,,,0
500,'5463',735,,89198,9,,,0,120,,89197,9,,,0,161,,89196,9,,,0,40,,89191,9,,,0,80,,89185,9,,,0,80,,89186,9,,,0,40,,89199,9,,,0,80,,89192,9,,,0,80,,89189,9,,,0,40,,89187,9,,,0,80,,89188,9,,,0,80,,89200,9,,,0,40,,89193,9,,,0,75,,89190,9,,,0,80,,89194,9,,,0,40,,89195,9,,,0
