5300,'4832',1324,,73380,6,0,25 40,0,210,,73378,6,0,25 40,0,210,,73382,6,0,25 40,0,205,,73381,6,0,25 40,0
5300,'5453',1324,,80867,6,0,25 40,0,210,,80865,6,0,25 40,0,210,,80869,6,0,25 40,0,205,,80868,6,0,25 40,0
5300,'5456',1319,,99181,6,0,25 40,0,186,,99183,6,0,25 40,0,107,,99180,6,0,25 40,0,130,,99178,6,0,25 40,0,167,,99184,6,0,25 40,0,130,,99185,6,0,25 40,0
5300,'5458',1319,,99192,6,0,25 40,0,186,,99194,6,0,25 40,0,107,,99191,6,0,25 40,0,130,,99189,6,0,25 40,0,167,,99195,6,0,25 40,0,130,,99196,6,0,25 40,0
5300,'5459',1324,,99203,6,0,25 40,0,210,,99200,6,0,25 40,0,210,,99198,6,0,25 40,0,206,,99199,6,0,25 40,0
5300,'5460',1324,,99208,6,0,25 40,0,210,,99206,6,0,25 40,0,210,,99210,6,0,25 40,0,205,,99209,6,0,25 40,0
5300,'5461',1324,,99215,6,0,25 40,0,210,,99213,6,0,25 40,0,210,,99217,6,0,25 40,0,205,,99216,6,0,25 40,0
5300,'5462',1324,,99222,6,0,25 40,0,210,,99220,6,0,25 40,0,210,,99224,6,0,25 40,0,205,,99223,6,0,25 40,0
5300,'5463',1324,,99229,6,0,25 40,0,210,,99227,6,0,25 40,0,210,,99231,6,0,25 40,0,205,,99230,6,0,25 40,0
5301,'4832',757,,85339,29,,,0,200,,85338,29,,,0,253,,73425,29,,,0
5301,'5453',757,,80873,29,,,0,200,,80870,29,,,0,253,,80871,29,,,0
5301,'5456',807,,99236,29,,,0,115,,99233,29,,,0,199,,99232,29,,,0
5301,'5458',807,,99246,29,,,0,115,,99243,29,,,0,199,,99242,29,,,0
5301,'5459',757,,99257,29,,,0,200,,99258,29,,,0,254,,99256,29,,,0
5301,'5460',757,,99262,29,,,0,200,,99259,29,,,0,253,,99260,29,,,0
5301,'5461',757,,99269,29,,,0,200,,99266,29,,,0,253,,99267,29,,,0
5301,'5462',757,,99276,29,,,0,200,,99273,29,,,0,253,,99274,29,,,0
5301,'5463',757,,99283,29,,,0,200,,99280,29,,,0,253,,99281,29,,,0
