300,'5456',615,,87880,20,,,0,33,,87882,22,,,0,75,,87881,20,,,0,80,,87890,22,,,0,37,,87883,20,,,0,76,,87884,22,,,0,99,,87885,22,,,0,98,,87887,22,,,0,105,,87891,22,,,0,100,,87896,22,,,0,104,,87906,22,,,0,109,,87894,22,,,0,74,,87905,22,,,0,33,,87897,22,,,0,75,,87898,20,,,0,34,,87904,22,,,0,68,,87899,20,,,0,30,,87900,22,,,0,70,,87907,20,,,0,25,,87901,22,,,0,66,,87902,20,,,0,30,,87908,22,,,0,86,,87903,20,0,5,0
300,'5458',615,,87909,20,,,0,33,,87911,22,,,0,75,,87910,20,,,0,80,,87919,22,,,0,37,,87912,20,,,0,76,,87913,22,,,0,99,,87914,22,,,0,98,,87916,22,,,0,105,,87920,22,,,0,100,,87925,22,,,0,104,,87935,22,,,0,109,,87923,22,,,0,74,,87934,22,,,0,33,,87926,22,,,0,75,,87927,20,,,0,34,,87933,22,,,0,68,,87928,20,,,0,30,,87929,22,,,0,70,,87936,20,,,0,25,,87930,22,,,0,66,,87931,20,,,0,30,,87937,22,,,0,86,,87932,20,0,5,0
300,'5459',653,,87961,20,,,0,70,,87944,22,,,0,28,,87938,20,,,0,70,,87953,22,,,0,30,,87946,20,,,0,69,,87963,22,,,0,30,,87952,20,,,0,70,,87939,22,,,0,98,,87951,22,,,0,99,,87964,22,,,0,101,,87941,22,,,0,103,,87940,22,,,0,109,,87945,22,,,0,70,,87949,20,,,0,39,,87943,22,,,0,64,,87950,20,,,0,37,,87956,22,,,0,68,,87957,20,,,0,32,,87955,22,,,0,65,,87958,20,,,0,31,,87959,22,,,0,70,,87965,20,,,0,31,,87962,22,,,0,85,,87966,20,0,5,0
300,'5460',707,,87981,20,,,0,45,,87969,22,,,0,79,,87982,20,,,0,84,,87976,22,,,0,35,,87980,20,,,0,80,,87967,22,,,0,19,,87977,20,,,0,71,,87972,22,,,0,29,,87968,20,,,0,69,,87973,22,,,0,30,,87971,20,,,0,69,,87970,22,,,0,31,,87974,20,,,0,77,,87975,22,,,0,27,,87978,20,,,0,81,,87979,22,,,0,26,,87986,20,,,0,73,,87983,22,,,0,68,,87984,20,,,0,30,,87985,22,,,0,71,,87988,20,,,0,30,,87987,22,,,0,70,,87989,20,,,0,35,,87990,22,,,0,84,,87991,20,0,5,0
300,'5461',707,,88006,20,,,0,45,,87994,22,,,0,79,,88007,20,,,0,84,,88001,22,,,0,35,,88005,20,,,0,80,,87992,22,,,0,19,,88002,20,,,0,71,,87997,22,,,0,29,,87993,20,,,0,69,,87998,22,,,0,30,,87996,20,,,0,69,,87995,22,,,0,31,,87999,20,,,0,77,,88000,22,,,0,27,,88003,20,,,0,81,,88004,22,,,0,26,,88011,20,,,0,73,,88008,22,,,0,68,,88009,20,,,0,30,,88010,22,,,0,71,,88013,20,,,0,30,,88012,22,,,0,70,,88014,20,,,0,35,,88015,22,,,0,84,,88016,20,0,5,0
300,'5462',707,,88031,20,,,0,45,,88019,22,,,0,79,,88032,20,,,0,84,,88026,22,,,0,35,,88030,20,,,0,80,,88017,22,,,0,19,,88027,20,,,0,71,,88022,22,,,0,29,,88018,20,,,0,69,,88023,22,,,0,30,,88021,20,,,0,69,,88020,22,,,0,31,,88024,20,,,0,77,,88025,22,,,0,27,,88028,20,,,0,81,,88029,22,,,0,26,,88036,20,,,0,73,,88033,22,,,0,68,,88034,20,,,0,30,,88035,22,,,0,71,,88038,20,,,0,30,,88037,22,,,0,70,,88039,20,,,0,35,,88040,22,,,0,84,,88041,20,0,5,0
300,'5463',707,,88056,20,,,0,45,,88044,22,,,0,79,,88057,20,,,0,84,,88051,22,,,0,35,,88055,20,,,0,80,,88042,22,,,0,19,,88052,20,,,0,71,,88047,22,,,0,29,,88043,20,,,0,69,,88048,22,,,0,30,,88046,20,,,0,69,,88045,22,,,0,31,,88049,20,,,0,77,,88050,22,,,0,27,,88053,20,,,0,81,,88054,22,,,0,26,,88061,20,,,0,73,,88058,22,,,0,68,,88059,20,,,0,30,,88060,22,,,0,71,,88063,20,,,0,30,,88062,22,,,0,70,,88064,20,,,0,35,,88065,22,,,0,84,,88066,20,0,5,0
14000700,'5456',2159,,103939,29,0,5,0,69,,103935,29,0,5,0,72,,103940,29,0,5,0,29,,103936,29,0,5,0,71,,103938,29,0,5,0,29,,103937,29,0,5,0
14000700,'5458',2159,,103945,29,0,5,0,69,,103941,29,0,5,0,72,,103946,29,0,5,0,29,,103942,29,0,5,0,71,,103944,29,0,5,0,29,,103943,29,0,5,0
14000700,'5459',2158,,103947,29,0,5,0,74,,103948,29,0,5,0,69,,103949,29,0,5,0,29,,103950,29,0,5,0,70,,103951,29,0,5,0,31,,103952,29,0,5,0
14000700,'5460',2100,,103953,29,0,5,0,31,,103954,29,0,5,0,70,,103955,29,0,5,0,100,,103956,29,0,5,0,58,,103957,29,0,5,0
14000700,'5461',2100,,103958,29,0,5,0,31,,103959,29,0,5,0,70,,103960,29,0,5,0,100,,103961,29,0,5,0,58,,103962,29,0,5,0
14000700,'5462',2100,,103963,29,0,5,0,31,,103964,29,0,5,0,70,,103965,29,0,5,0,100,,103966,29,0,5,0,58,,103967,29,0,5,0
14000700,'5463',2100,,103968,29,0,5,0,31,,103969,29,0,5,0,70,,103970,29,0,5,0,100,,103971,29,0,5,0,58,,103972,29,0,5,0
