7200,'4832',719,,85980,39,,,0,100,,85981,39,,,0,100,,85984,39,,,0,99,,85982,39,,,0,99,,85983,39,,,0,30,,85985,39,,,0,70,,85986,39,,,0,30,,85987,39,,,0,69,,85988,39,,,0,30,,85989,39,,,0,70,,85990,39,,,0,30,,85991,39,,,0,70,,85992,39,,,0,30,,85993,39,,,0,70,,85994,39,,,0,30,,85995,39,,,0,70,,85996,39,,,0,31,,85997,39,,,0,70,,85998,39,,,0,31,,85999,39,,,0,70,,86000,39,,,0,30,,86001,39,,,0,71,,86002,39,,,0,99,,86003,39,,,0,100,,86004,39,,,0,102,,86005,39,,,0,35,,86006,39,0,10 11 12,0
7200,'5453',719,,86007,39,,,0,100,,86008,39,,,0,100,,86011,39,,,0,99,,86009,39,,,0,99,,86010,39,,,0,30,,86012,39,,,0,70,,86013,39,,,0,30,,86014,39,,,0,69,,86015,39,,,0,30,,86016,39,,,0,70,,86017,39,,,0,30,,86018,39,,,0,70,,86019,39,,,0,30,,86020,39,,,0,70,,86021,39,,,0,30,,86022,39,,,0,70,,86023,39,,,0,31,,86024,39,,,0,70,,86025,39,,,0,31,,86026,39,,,0,70,,86027,39,,,0,30,,86028,39,,,0,71,,86029,39,,,0,99,,86030,39,,,0,100,,86031,39,,,0,102,,86032,39,,,0,35,,86033,39,0,10 11 12,0
7200,'5456',639,,101083,39,,,0,79,,101089,39,,,0,28,,101079,39,,,0,70,,101080,39,,,0,30,,101087,39,,,0,71,,101081,39,,,0,29,,101082,39,,,0,70,,101091,39,,,0,31,,101084,39,,,0,69,,101085,39,,,0,31,,101086,39,,,0,68,,101095,39,,,0,30,,101099,39,,,0,69,,101088,39,,,0,30,,101101,39,,,0,70,,101106,39,,,0,30,,101090,39,,,0,70,,101093,39,,,0,31,,101096,39,,,0,70,,101109,39,,,0,29,,101092,39,,,0,70,,101102,39,,,0,31,,101104,39,,,0,73,,101094,39,,,0,28,,101097,39,,,0,71,,101107,39,,,0,29,,101110,39,,,0,70,,101098,39,,,0,33,,101105,39,,,0,70,,101100,39,,,0,99,,101108,39,,,0,100,,101103,39,,,0,116,,101111,39,0,10 11 12,0
7200,'5458',639,,101116,39,,,0,79,,101122,39,,,0,28,,101112,39,,,0,70,,101113,39,,,0,30,,101120,39,,,0,71,,101114,39,,,0,29,,101115,39,,,0,70,,101124,39,,,0,31,,101117,39,,,0,69,,101118,39,,,0,31,,101119,39,,,0,68,,101128,39,,,0,30,,101132,39,,,0,69,,101121,39,,,0,30,,101134,39,,,0,70,,101139,39,,,0,30,,101123,39,,,0,70,,101126,39,,,0,31,,101129,39,,,0,70,,101142,39,,,0,29,,101125,39,,,0,70,,101135,39,,,0,31,,101137,39,,,0,73,,101127,39,,,0,28,,101130,39,,,0,71,,101140,39,,,0,29,,101143,39,,,0,70,,101131,39,,,0,33,,101138,39,,,0,70,,101133,39,,,0,99,,101141,39,,,0,100,,101136,39,,,0,116,,101144,39,0,10 11 12,0
7200,'5459',751,,101145,39,,,0,69,,101146,39,,,0,29,,101147,39,,,0,70,,101148,39,,,0,30,,101149,39,,,0,70,,101150,39,,,0,30,,101151,39,,,0,68,,101152,39,,,0,30,,101153,39,,,0,70,,101154,39,,,0,30,,101155,39,,,0,70,,101156,39,,,0,29,,101157,39,,,0,70,,101158,39,,,0,30,,101159,39,,,0,70,,101160,39,,,0,30,,101161,39,,,0,70,,101162,39,,,0,30,,101163,39,,,0,70,,101164,39,,,0,30,,101165,39,,,0,70,,101166,39,,,0,30,,101167,39,,,0,70,,101168,39,,,0,31,,101169,39,,,0,71,,101170,39,,,0,30,,101171,39,,,0,70,,101172,39,,,0,100,,101173,39,,,0,100,,101174,39,,,0,118,,101175,39,0,10 11 12,0
7200,'5460',819,,101176,39,,,0,100,,101179,39,,,0,99,,101177,39,,,0,99,,101178,39,,,0,30,,101180,39,,,0,70,,101181,39,,,0,30,,101182,39,,,0,69,,101183,39,,,0,30,,101184,39,,,0,70,,101185,39,,,0,30,,101186,39,,,0,70,,101187,39,,,0,30,,101188,39,,,0,70,,101189,39,,,0,30,,101190,39,,,0,70,,101191,39,,,0,31,,101192,39,,,0,70,,101193,39,,,0,31,,101194,39,,,0,70,,101195,39,,,0,30,,101196,39,,,0,71,,101197,39,,,0,99,,101198,39,,,0,100,,101199,39,,,0,102,,101200,39,,,0,35,,101201,39,0,10 11 12,0
7200,'5461',819,,101202,39,,,0,100,,101205,39,,,0,99,,101203,39,,,0,99,,101204,39,,,0,30,,101206,39,,,0,70,,101207,39,,,0,30,,101208,39,,,0,69,,101209,39,,,0,30,,101210,39,,,0,70,,101211,39,,,0,30,,101212,39,,,0,70,,101213,39,,,0,30,,101214,39,,,0,70,,101215,39,,,0,30,,101216,39,,,0,70,,101217,39,,,0,31,,101218,39,,,0,70,,101219,39,,,0,31,,101220,39,,,0,70,,101221,39,,,0,30,,101222,39,,,0,71,,101223,39,,,0,99,,101224,39,,,0,100,,101225,39,,,0,102,,101226,39,,,0,35,,101227,39,0,10 11 12,0
7200,'5462',819,,101228,39,,,0,100,,101231,39,,,0,99,,101229,39,,,0,99,,101230,39,,,0,30,,101232,39,,,0,70,,101233,39,,,0,30,,101234,39,,,0,69,,101235,39,,,0,30,,101236,39,,,0,70,,101237,39,,,0,30,,101238,39,,,0,70,,101239,39,,,0,30,,101240,39,,,0,70,,101241,39,,,0,30,,101242,39,,,0,70,,101243,39,,,0,31,,101244,39,,,0,70,,101245,39,,,0,31,,101246,39,,,0,70,,101247,39,,,0,30,,101248,39,,,0,71,,101249,39,,,0,99,,101250,39,,,0,100,,101251,39,,,0,102,,101252,39,,,0,35,,101253,39,0,10 11 12,0
7200,'5463',819,,101254,39,,,0,100,,101257,39,,,0,99,,101255,39,,,0,99,,101256,39,,,0,30,,101258,39,,,0,70,,101259,39,,,0,30,,101260,39,,,0,69,,101261,39,,,0,30,,101262,39,,,0,70,,101263,39,,,0,30,,101264,39,,,0,70,,101265,39,,,0,30,,101266,39,,,0,70,,101267,39,,,0,30,,101268,39,,,0,70,,101269,39,,,0,31,,101270,39,,,0,70,,101271,39,,,0,31,,101272,39,,,0,70,,101273,39,,,0,30,,101274,39,,,0,71,,101275,39,,,0,99,,101276,39,,,0,100,,101277,39,,,0,102,,101278,39,,,0,35,,101279,39,0,10 11 12,0
8700,'5456',726,,102160,24,,,0,201,,102161,24,,,0,200,,102162,24,,,0,205,,102164,17,,,0,195,,102165,24,,,0,202,,102166,24,,,0
8700,'5458',726,,102167,24,,,0,201,,102168,24,,,0,200,,102169,24,,,0,205,,102171,17,,,0,195,,102172,24,,,0,202,,102173,24,,,0
1007200,'5456',602,,103768,39,,,0
1007200,'5458',602,,103769,39,,,0
1007200,'5459',612,,103770,39,,,0,99,,103771,39,,,0
1007200,'5460',711,,103772,39,,,0
1007200,'5461',711,,103773,39,,,0
1007200,'5462',711,,103774,39,,,0
1007200,'5463',711,,103775,39,,,0
