2701,'4832',701,,70766,12,,,0,42,,79840,12,,,0,70,,70768,12,,,0,29,,84049,12,,,0,71,,70770,12,,,0,31,,84050,12,,,0,69,,70772,12,,,0,28,,70773,12,,,0,67,,84051,12,,,0,27,,70775,12,,,0,65,,70776,12,,,0,25,,70777,12,,,0,23,,70778,12,,,0,64,,70779,12,,,0,22,,70780,12,,,0,24,,70781,12,,,0,63,,70782,12,,,0,23,,70783,12,,,0,63,,70784,12,,,0,23,,70785,12,,,0,23,,70786,12,,,0,63,,70787,12,,,0,22,,70788,12,,,0,63,,70789,12,,,0,23,,70790,12,,,0,23,,70791,12,,,0,63,,70792,12,,,0,22,,84052,12,,,0,24,,70794,12,,,0,65,,70795,12,,,0,25,,70796,12,,,0,68,,84053,12,,,0,29,,70798,12,,,0,70,,79843,12,,,0,30,,84054,12,,,0,76,,70801,12,,,0,81,,84055,12,,,0,39,,70803,12,,,0,98,,84056,12,0,16 49,0
2701,'5453',701,,79854,12,,,0,42,,84057,12,,,0,70,,79856,12,,,0,29,,79857,12,,,0,71,,79858,12,,,0,31,,84058,12,,,0,69,,84059,12,,,0,28,,79861,12,,,0,67,,84060,12,,,0,27,,79863,12,,,0,65,,79864,12,,,0,25,,79865,12,,,0,23,,79866,12,,,0,64,,84061,12,,,0,22,,79868,12,,,0,24,,79869,12,,,0,63,,79870,12,,,0,23,,84062,12,,,0,63,,79872,12,,,0,23,,79873,12,,,0,23,,79874,12,,,0,63,,84063,12,,,0,22,,79876,12,,,0,63,,79877,12,,,0,23,,79878,12,,,0,23,,84064,12,,,0,63,,79880,12,,,0,22,,84065,12,,,0,24,,79882,12,,,0,65,,84066,12,,,0,25,,79884,12,,,0,68,,79885,12,,,0,29,,84067,12,,,0,70,,79887,12,,,0,30,,84068,12,,,0,76,,84069,12,,,0,81,,84070,12,,,0,39,,84071,12,,,0,98,,84072,12,0,16 49,0
2701,'5456',529,,95969,12,,,0,81,,95970,12,,,0,27,,95971,12,,,0,22,,95972,12,,,0,70,,95973,12,,,0,25,,95974,12,,,0,63,,95975,12,,,0,29,,95976,12,,,0,60,,95977,12,,,0,23,,95978,12,,,0,24,,95979,12,,,0,64,,95980,12,,,0,26,,95981,12,,,0,66,,95982,12,,,0,28,,95983,12,,,0,66,,95984,12,,,0,26,,95985,12,,,0,26,,95986,12,,,0,66,,95987,12,,,0,26,,95988,12,,,0,65,,95989,12,,,0,25,,95990,12,,,0,64,,95991,12,,,0,22,,96025,12,,,0,8,,95992,12,,,0,21,,95993,12,,,0,73,,95994,12,,,0,31,,95995,12,,,0,73,,95996,12,,,0,29,,95997,12,,,0,54,,95998,12,,,0,12,,95999,12,,,0,16,,96000,12,,,0,15,,96001,12,,,0,56,,96002,12,,,0,20,,96003,12,,,0,23,,96004,12,,,0,66,,96005,12,,,0,28,,96006,12,,,0,69,,96007,12,,,0,27,,96008,12,,,0,69,,96009,12,,,0,30,,96010,12,,,0,76,,96011,12,,,0,39,,96012,12,,,0,77,,96013,12,,,0
2701,'5458',529,,96026,12,,,0,81,,96027,12,,,0,27,,96028,12,,,0,22,,96029,12,,,0,70,,96030,12,,,0,25,,96031,12,,,0,63,,96032,12,,,0,29,,96033,12,,,0,60,,96034,12,,,0,23,,96035,12,,,0,24,,96036,12,,,0,64,,96037,12,,,0,26,,96038,12,,,0,66,,96039,12,,,0,28,,96040,12,,,0,66,,96041,12,,,0,26,,96042,12,,,0,26,,96043,12,,,0,66,,96044,12,,,0,26,,96045,12,,,0,64,,96047,12,,,0,1,,96046,12,,,0,25,,96048,12,,,0,64,,96049,12,,,0,22,,96086,12,,,0,29,,96050,12,,,0,73,,96051,12,,,0,31,,96052,12,,,0,73,,96053,12,,,0,29,,96054,12,,,0,54,,96055,12,,,0,12,,96056,12,,,0,16,,96057,12,,,0,15,,96058,12,,,0,56,,96059,12,,,0,20,,96060,12,,,0,23,,96061,12,,,0,66,,96062,12,,,0,28,,96063,12,,,0,69,,96064,12,,,0,27,,96065,12,,,0,69,,96066,12,,,0,30,,96067,12,,,0,76,,96068,12,,,0,39,,96069,12,,,0,77,,96070,12,,,0,81,,96071,12,,,0,40,,96072,12,,,0,78,,96073,12,0,16 49,0,78,,96074,12,0,16 49,0
2701,'5459',632,,96087,12,,,0,80,,96088,12,,,0,30,,96089,12,,,0,70,,96090,12,,,0,29,,96091,12,,,0,66,,96092,12,,,0,26,,96093,12,,,0,68,,96094,12,,,0,27,,96095,12,,,0,25,,96096,12,,,0,62,,96097,12,,,0,22,,96098,12,,,0,22,,96099,12,,,0,61,,96100,12,,,0,22,,96101,12,,,0,63,,96102,12,,,0,24,,96103,12,,,0,22,,96104,12,,,0,63,,96105,12,,,0,23,,96106,12,,,0,21,,96107,12,,,0,61,,96108,12,,,0,22,,96109,12,,,0,62,,96110,12,,,0,20,,96111,12,,,0,20,,96112,12,,,0,60,,96113,12,,,0,21,,96114,12,,,0,21,,96115,12,,,0,60,,96116,12,,,0,18,,96117,12,,,0,20,,96118,12,,,0,60,,96119,12,,,0,21,,96120,12,,,0,26,,96121,12,,,0,66,,96122,12,,,0,28,,96123,12,,,0,70,,96124,12,,,0,29,,96125,12,,,0,69,,96126,12,,,0,30,,96127,12,,,0,72,,96128,12,,,0,31,,96129,12,,,0,70,,96130,12,,,0,31,,96131,12,,,0,69,,96132,12,,,0,29,,96133,12,,,0,70,,96134,12,,,0,30,,96135,12,0,16 49,0,68,,96136,12,0,16 49,0
2701,'5460',701,,96138,12,,,0,43,,96139,12,,,0,70,,96140,12,,,0,29,,96141,12,,,0,71,,96142,12,,,0,31,,96137,12,,,0,71,,96143,12,,,0,25,,96144,12,,,0,67,,96145,12,,,0,27,,96146,12,,,0,65,,96147,12,,,0,25,,96148,12,,,0,24,,96149,12,,,0,63,,96150,12,,,0,22,,96151,12,,,0,23,,96152,12,,,0,64,,96153,12,,,0,23,,96154,12,,,0,62,,96155,12,,,0,23,,96156,12,,,0,23,,96157,12,,,0,63,,96158,12,,,0,24,,96159,12,,,0,62,,96160,12,,,0,23,,96161,12,,,0,23,,96162,12,,,0,63,,96163,12,,,0,22,,96164,12,,,0,24,,96165,12,,,0,66,,96166,12,,,0,25,,96167,12,,,0,68,,96168,12,,,0,28,,96169,12,,,0,70,,96170,12,,,0,30,,96171,12,,,0,75,,96172,12,,,0,82,,96173,12,,,0,38,,96174,12,,,0,102,,96175,12,0,16 49,0
2701,'5461',701,,96177,12,,,0,43,,96178,12,,,0,70,,96179,12,,,0,29,,96180,12,,,0,71,,96181,12,,,0,31,,96176,12,,,0,71,,96182,12,,,0,25,,96183,12,,,0,67,,96184,12,,,0,27,,96185,12,,,0,65,,96186,12,,,0,25,,96187,12,,,0,24,,96188,12,,,0,63,,96189,12,,,0,22,,96190,12,,,0,23,,96191,12,,,0,64,,96192,12,,,0,23,,96193,12,,,0,62,,96194,12,,,0,23,,96195,12,,,0,23,,96196,12,,,0,63,,96197,12,,,0,24,,96198,12,,,0,62,,96199,12,,,0,23,,96200,12,,,0,23,,96201,12,,,0,63,,96202,12,,,0,22,,96203,12,,,0,24,,96204,12,,,0,66,,96205,12,,,0,25,,96206,12,,,0,68,,96207,12,,,0,28,,96208,12,,,0,70,,96209,12,,,0,30,,96210,12,,,0,75,,96211,12,,,0,82,,96212,12,,,0,38,,96213,12,,,0,102,,96214,12,0,16 49,0
2701,'5462',701,,96216,12,,,0,43,,96217,12,,,0,70,,96218,12,,,0,29,,96219,12,,,0,71,,96220,12,,,0,31,,96215,12,,,0,71,,96221,12,,,0,25,,96222,12,,,0,67,,96223,12,,,0,27,,96224,12,,,0,65,,96225,12,,,0,25,,96226,12,,,0,24,,96227,12,,,0,63,,96228,12,,,0,22,,96229,12,,,0,23,,96230,12,,,0,64,,96231,12,,,0,23,,96232,12,,,0,62,,96233,12,,,0,23,,96234,12,,,0,23,,96235,12,,,0,63,,96236,12,,,0,24,,96237,12,,,0,62,,96238,12,,,0,23,,96239,12,,,0,23,,96240,12,,,0,63,,96241,12,,,0,22,,96242,12,,,0,24,,96243,12,,,0,66,,96244,12,,,0,25,,96245,12,,,0,68,,96246,12,,,0,28,,96247,12,,,0,70,,96248,12,,,0,30,,96249,12,,,0,75,,96250,12,,,0,82,,96251,12,,,0,38,,96252,12,,,0,102,,96253,12,0,16 49,0
2701,'5463',701,,96255,12,,,0,43,,96256,12,,,0,70,,96257,12,,,0,29,,96258,12,,,0,71,,96259,12,,,0,31,,96254,12,,,0,71,,96260,12,,,0,25,,96261,12,,,0,67,,96262,12,,,0,27,,96263,12,,,0,65,,96264,12,,,0,25,,96265,12,,,0,24,,96266,12,,,0,63,,96267,12,,,0,22,,96268,12,,,0,23,,96269,12,,,0,64,,96270,12,,,0,23,,96271,12,,,0,62,,96272,12,,,0,23,,96273,12,,,0,23,,96274,12,,,0,63,,96275,12,,,0,24,,96276,12,,,0,62,,96277,12,,,0,23,,96278,12,,,0,23,,96279,12,,,0,63,,96280,12,,,0,22,,96281,12,,,0,24,,96282,12,,,0,66,,96283,12,,,0,25,,96284,12,,,0,68,,96285,12,,,0,28,,96286,12,,,0,70,,96287,12,,,0,30,,96288,12,,,0,75,,96289,12,,,0,82,,96290,12,,,0,38,,96291,12,,,0,102,,96292,12,0,16 49,0
2801,'4832',631,,79963,17,,,0,96,,84163,17,,,0,30,,71307,17,,,0,70,,84164,17,,,0,30,,79962,17,,,0,71,,71309,17,,,0,31,,84165,17,,,0,68,,71311,17,,,0,27,,71312,17,,,0,67,,84166,17,,,0,26,,71314,17,,,0,65,,71315,17,,,0,24,,84167,17,,,0,64,,84168,17,,,0,23,,71318,17,,,0,23,,71319,17,,,0,63,,71320,17,,,0,23,,84169,17,,,0,23,,79966,17,,,0,63,,71323,17,,,0,23,,71324,17,,,0,63,,84170,17,,,0,22,,79967,17,,,0,23,,71327,17,,,0,63,,84171,17,,,0,24,,84172,17,,,0,22,,79968,17,,,0,63,,71331,17,,,0,23,,84173,17,,,0,65,,84174,17,,,0,25,,71334,17,,,0,66,,84175,17,,,0,28,,84176,17,,,0,30,,71337,17,,,0,70,,84177,17,,,0,31,,84178,17,,,0,80,,79969,17,,,0,80,,84179,17,,,0,83,,79970,17,,,0
2801,'5453',631,,84181,17,,,0,96,,79982,17,,,0,30,,79983,17,,,0,70,,84182,17,,,0,30,,84180,17,,,0,71,,79985,17,,,0,31,,79986,17,,,0,68,,79987,17,,,0,27,,79988,17,,,0,67,,79989,17,,,0,26,,79990,17,,,0,65,,79991,17,,,0,24,,84183,17,,,0,64,,79993,17,,,0,23,,79994,17,,,0,23,,79995,17,,,0,63,,79996,17,,,0,23,,79997,17,,,0,23,,79998,17,,,0,63,,79999,17,,,0,23,,80000,17,,,0,63,,84184,17,,,0,22,,80002,17,,,0,23,,80003,17,,,0,63,,80004,17,,,0,24,,84185,17,,,0,22,,80006,17,,,0,63,,80007,17,,,0,23,,80008,17,,,0,65,,84186,17,,,0,25,,80010,17,,,0,66,,84187,17,,,0,28,,84188,17,,,0,30,,84189,17,,,0,70,,84190,17,,,0,31,,84191,17,,,0,80,,80016,17,,,0,80,,84192,17,,,0,83,,84193,17,,,0
2801,'5456',557,,96601,17,,,0,67,,96602,17,,,0,25,,96603,17,,,0,62,,96604,17,,,0,13,,96605,17,,,0,11,,96606,17,,,0,11,,96607,17,,,0,12,,96608,17,,,0,52,,96609,17,,,0,12,,96610,17,,,0,14,,96611,17,,,0,20,,96612,17,,,0,61,,96613,17,,,0,25,,96614,17,,,0,64,,96615,17,,,0,24,,96616,17,,,0,26,,96617,17,,,0,67,,96618,17,,,0,27,,96619,17,,,0,66,,96620,17,,,0,26,,96621,17,,,0,66,,96622,17,,,0,26,,96623,17,,,0,66,,96624,17,,,0,25,,96625,17,,,0,24,,96626,17,,,0,65,,96627,17,,,0,23,,96628,17,,,0,72,,96629,17,,,0,32,,96630,17,,,0,61,,96648,17,,,0,13,,96631,17,,,0,31,,96632,17,,,0,174,,96633,17,,,0,21,,96634,17,,,0,66,,96635,17,,,0,29,,96636,17,,,0,66,,96637,17,,,0,27,,96638,17,,,0,29,,96639,17,,,0,70,,96640,17,,,0,31,,96641,17,,,0,78,,96642,17,,,0,77,,96643,17,,,0,40,,96644,17,,,0
2801,'5458',557,,96649,17,,,0,67,,96650,17,,,0,25,,96651,17,,,0,62,,96652,17,,,0,13,,96653,17,,,0,11,,96654,17,,,0,11,,96655,17,,,0,12,,96656,17,,,0,52,,96657,17,,,0,12,,96658,17,,,0,14,,96659,17,,,0,20,,96660,17,,,0,61,,96661,17,,,0,25,,96662,17,,,0,64,,96663,17,,,0,24,,96664,17,,,0,26,,96665,17,,,0,67,,96666,17,,,0,27,,96667,17,,,0,66,,96668,17,,,0,26,,96669,17,,,0,66,,96670,17,,,0,26,,96671,17,,,0,66,,96672,17,,,0,25,,96673,17,,,0,24,,96674,17,,,0,65,,96675,17,,,0,23,,96676,17,,,0,72,,96677,17,,,0,32,,96678,17,,,0,61,,96699,17,,,0,13,,96679,17,,,0,31,,96680,17,,,0,174,,96681,17,,,0,21,,96682,17,,,0,66,,96683,17,,,0,29,,96684,17,,,0,66,,96685,17,,,0,27,,96686,17,,,0,29,,96687,17,,,0,70,,96688,17,,,0,31,,96689,17,,,0,78,,96690,17,,,0,77,,96691,17,,,0,40,,96692,17,,,0,80,,96693,17,,,0,79,,96694,17,0,16 49,0,40,,96695,17,0,16 49,0
2801,'5459',653,,96701,17,,,0,74,,96702,17,,,0,30,,96703,17,,,0,69,,96700,17,,,0,28,,96704,17,,,0,66,,96705,17,,,0,27,,96706,17,,,0,67,,96707,17,,,0,26,,96708,17,,,0,63,,96709,17,,,0,23,,96710,17,,,0,22,,96711,17,,,0,62,,96712,17,,,0,21,,96713,17,,,0,22,,96714,17,,,0,64,,96715,17,,,0,22,,96716,17,,,0,64,,96717,17,,,0,21,,96718,17,,,0,24,,96719,17,,,0,60,,96720,17,,,0,21,,96721,17,,,0,23,,96722,17,,,0,60,,96723,17,,,0,21,,96724,17,,,0,20,,96725,17,,,0,60,,96726,17,,,0,22,,96727,17,,,0,20,,96728,17,,,0,60,,96729,17,,,0,18,,96730,17,,,0,21,,96731,17,,,0,60,,96732,17,,,0,23,,96733,17,,,0,66,,96734,17,,,0,27,,96735,17,,,0,29,,96736,17,,,0,70,,96737,17,,,0,29,,96738,17,,,0,69,,96739,17,,,0,30,,96740,17,,,0,73,,96741,17,,,0,70,,96742,17,,,0,30,,96743,17,,,0,71,,96744,17,,,0,28,,96745,17,,,0,30,,96746,17,,,0,69,,96747,17,0,16 49,0,30,,96748,17,0,16 49,0
2801,'5460',631,,96749,17,,,0,98,,96750,17,,,0,30,,96751,17,,,0,71,,96752,17,,,0,28,,96753,17,,,0,71,,96754,17,,,0,71,,96755,17,,,0,28,,96756,17,,,0,27,,96757,17,,,0,66,,96758,17,,,0,27,,96759,17,,,0,64,,96760,17,,,0,24,,96761,17,,,0,64,,96762,17,,,0,22,,96763,17,,,0,22,,96764,17,,,0,64,,96765,17,,,0,24,,96766,17,,,0,23,,96767,17,,,0,62,,96768,17,,,0,23,,96769,17,,,0,63,,96770,17,,,0,24,,96771,17,,,0,23,,96772,17,,,0,63,,96773,17,,,0,22,,96774,17,,,0,23,,96775,17,,,0,62,,96776,17,,,0,24,,96777,17,,,0,64,,96778,17,,,0,27,,96779,17,,,0,66,,96780,17,,,0,29,,96781,17,,,0,29,,96782,17,,,0,70,,96783,17,,,0,30,,96784,17,,,0,80,,96785,17,,,0,80,,96786,17,,,0,86,,96787,17,,,0
2801,'5461',631,,96788,17,,,0,98,,96789,17,,,0,30,,96790,17,,,0,71,,96791,17,,,0,28,,96792,17,,,0,71,,96793,17,,,0,71,,96794,17,,,0,28,,96795,17,,,0,27,,96796,17,,,0,66,,96797,17,,,0,27,,96798,17,,,0,64,,96799,17,,,0,24,,96800,17,,,0,64,,96801,17,,,0,22,,96802,17,,,0,22,,96803,17,,,0,64,,96804,17,,,0,24,,96805,17,,,0,23,,96806,17,,,0,62,,96807,17,,,0,23,,96808,17,,,0,63,,96809,17,,,0,24,,96810,17,,,0,23,,96811,17,,,0,63,,96812,17,,,0,22,,96813,17,,,0,23,,96814,17,,,0,62,,96815,17,,,0,24,,96816,17,,,0,64,,96817,17,,,0,27,,96818,17,,,0,66,,96819,17,,,0,29,,96820,17,,,0,29,,96821,17,,,0,70,,96822,17,,,0,30,,96823,17,,,0,80,,96824,17,,,0,80,,96825,17,,,0,86,,96826,17,,,0
2801,'5462',631,,96827,17,,,0,98,,96828,17,,,0,30,,96829,17,,,0,71,,96830,17,,,0,28,,96831,17,,,0,71,,96832,17,,,0,71,,96833,17,,,0,28,,96834,17,,,0,27,,96835,17,,,0,66,,96836,17,,,0,27,,96837,17,,,0,64,,96838,17,,,0,24,,96839,17,,,0,64,,96840,17,,,0,22,,96841,17,,,0,22,,96842,17,,,0,64,,96843,17,,,0,24,,96844,17,,,0,23,,96845,17,,,0,62,,96846,17,,,0,23,,96847,17,,,0,63,,96848,17,,,0,24,,96849,17,,,0,23,,96850,17,,,0,63,,96851,17,,,0,22,,96852,17,,,0,23,,96853,17,,,0,62,,96854,17,,,0,24,,96855,17,,,0,64,,96856,17,,,0,27,,96857,17,,,0,66,,96858,17,,,0,29,,96859,17,,,0,29,,96860,17,,,0,70,,96861,17,,,0,30,,96862,17,,,0,80,,96863,17,,,0,80,,96864,17,,,0,86,,96865,17,,,0
2801,'5463',631,,96866,17,,,0,98,,96867,17,,,0,30,,96868,17,,,0,71,,96869,17,,,0,28,,96870,17,,,0,71,,96871,17,,,0,71,,96872,17,,,0,28,,96873,17,,,0,27,,96874,17,,,0,66,,96875,17,,,0,27,,96876,17,,,0,64,,96877,17,,,0,24,,96878,17,,,0,64,,96879,17,,,0,22,,96880,17,,,0,22,,96881,17,,,0,64,,96882,17,,,0,24,,96883,17,,,0,23,,96884,17,,,0,62,,96885,17,,,0,23,,96886,17,,,0,63,,96887,17,,,0,24,,96888,17,,,0,23,,96889,17,,,0,63,,96890,17,,,0,22,,96891,17,,,0,23,,96892,17,,,0,62,,96893,17,,,0,24,,96894,17,,,0,64,,96895,17,,,0,27,,96896,17,,,0,66,,96897,17,,,0,29,,96898,17,,,0,29,,96899,17,,,0,70,,96900,17,,,0,30,,96901,17,,,0,80,,96902,17,,,0,80,,96903,17,,,0,86,,96904,17,,,0
