201,'4832',640,,63568,30,0,46 37,0,160,,63575,30,0,46 37,0,119,,63569,30,0,46 37,0,99,,63556,4,0,46 37,0,37,,63576,30,0,46 37,0,60,,77880,4,0,46 37,0,40,,63555,30,0,46 37,0,79,,63566,30,0,46 37,0,80,,63562,30,0,46 37,0,40,,63561,30,0,46 37,0,80,,77881,30,0,46 37,0,80,,63558,30,0,46 37,0,40,,63567,30,0,46 37,0,80,,63563,30,0,46 37,0,76,,63559,30,0,46 37,0,40,,77882,30,0,46 37,0,81,,63564,30,0,46 37,0,76,,63573,30,0,46 37,0,40,,63565,30,0,46 37,0,80,,63572,30,0,46 37,0,81,,63571,30,0,46 37,0,40,,63574,30,0,46 37,0,81,,63570,30,0,46 37,0,81,,63577,30,0,46 37,0,41,,63578,30,0,46 37,0
201,'5453',640,,77897,30,0,46 37,0,160,,77904,30,0,46 37,0,119,,77898,30,0,46 37,0,99,,77885,4,0,46 37,0,37,,77905,30,0,46 37,0,60,,77883,4,0,46 37,0,40,,77884,30,0,46 37,0,79,,77895,30,0,46 37,0,80,,77891,30,0,46 37,0,40,,77890,30,0,46 37,0,80,,77886,30,0,46 37,0,80,,77887,30,0,46 37,0,40,,77896,30,0,46 37,0,80,,77892,30,0,46 37,0,76,,77888,30,0,46 37,0,40,,77889,30,0,46 37,0,81,,77893,30,0,46 37,0,76,,77902,30,0,46 37,0,40,,77894,30,0,46 37,0,80,,77901,30,0,46 37,0,81,,77900,30,0,46 37,0,40,,77903,30,0,46 37,0,81,,77899,30,0,46 37,0,81,,77906,30,0,46 37,0,41,,77907,30,0,46 37,0
201,'5456',611,,87685,30,0,46 37,0,21,,87686,30,0,46 37,0,27,,87687,30,0,46 37,0,69,,87688,30,0,46 37,0,72,,87689,30,0,46 37,0,31,,87690,30,0,46 37,0,72,,87691,30,0,46 37,0,30,,87692,30,0,46 37,0,73,,87693,30,0,46 37,0,39,,87694,30,0,46 37,0,80,,87695,30,0,46 37,0,79,,87696,30,0,46 37,0,40,,87697,30,0,46 37,0,80,,87698,30,0,46 37,0,80,,87699,30,0,46 37,0,17,,87700,4,0,46 37,0,35,,87701,30,0,46 37,0,55,,87717,11,0,46 37,0,19,,87713,30,0,46 37,0,77,,87715,30,0,46 37,0,36,,87716,30,0,46 37,0,74,,87712,30,0,46 37,0,37,,87714,30,0,46 37,0,86,,87707,30,0,46 37,0,65,,87706,30,0,46 37,0,40,,87711,30,0,46 37,0,83,,87705,30,0,46 37,0,81,,87710,30,0,46 37,0,38,,87704,30,0,46 37,0,80,,87709,30,0,46 37,0,81,,87703,30,0,46 37,0,40,,87708,30,0,46 37,0,72,,87702,30,0,46 37,0
201,'5458',611,,87718,30,0,46 37,0,21,,87719,30,0,46 37,0,27,,87720,30,0,46 37,0,69,,87721,30,0,46 37,0,72,,87722,30,0,46 37,0,31,,87723,30,0,46 37,0,72,,87724,30,0,46 37,0,30,,87725,30,0,46 37,0,73,,87726,30,0,46 37,0,39,,87727,30,0,46 37,0,80,,87728,30,0,46 37,0,79,,87729,30,0,46 37,0,40,,87730,30,0,46 37,0,80,,87731,30,0,46 37,0,80,,87732,30,0,46 37,0,17,,87733,4,0,46 37,0,35,,87734,30,0,46 37,0,55,,87751,11,0,46 37,0,19,,87747,30,0,46 37,0,77,,87749,30,0,46 37,0,36,,87750,30,0,46 37,0,74,,87746,30,0,46 37,0,37,,87748,30,0,46 37,0,86,,87741,30,0,46 37,0,65,,87740,30,0,46 37,0,40,,87745,30,0,46 37,0,83,,87739,30,0,46 37,0,81,,87744,30,0,46 37,0,38,,87738,30,0,46 37,0,80,,87743,30,0,46 37,0,81,,87737,30,0,46 37,0,40,,87742,30,0,46 37,0,72,,87736,30,0,46 37,0,31,,87735,4,0,46 37,0
201,'5459',654,,87772,30,0,46 37,0,158,,87773,30,0,46 37,0,22,,87759,4,0,46 37,0,103,,87767,30,0,46 37,0,80,,87760,30,0,46 37,0,38,,87752,4,0,46 37,0,60,,87770,30,0,46 37,0,39,,87761,30,0,46 37,0,80,,87753,30,0,46 37,0,79,,87756,30,0,46 37,0,39,,87755,30,0,46 37,0,81,,87765,30,0,46 37,0,80,,87757,30,0,46 37,0,40,,87754,30,0,46 37,0,81,,87758,30,0,46 37,0,75,,87766,30,0,46 37,0,41,,87769,30,0,46 37,0,80,,87768,30,0,46 37,0,76,,87771,30,0,46 37,0,35,,87762,30,0,46 37,0,80,,87763,30,0,46 37,0,85,,87764,30,0,46 37,0,41,,87777,30,0,46 37,0,81,,87774,30,0,46 37,0,82,,87775,30,0,46 37,0,40,,87776,30,0,46 37,0,76,,87778,30,0,46 37,0,30,,87779,4,0,46 37,0
201,'5460',640,,87794,30,0,46 37,0,160,,87801,30,0,46 37,0,119,,87795,30,0,46 37,0,99,,87782,4,0,46 37,0,37,,87802,30,0,46 37,0,60,,87780,4,0,46 37,0,40,,87781,30,0,46 37,0,79,,87792,30,0,46 37,0,80,,87788,30,0,46 37,0,40,,87787,30,0,46 37,0,80,,87783,30,0,46 37,0,80,,87784,30,0,46 37,0,40,,87793,30,0,46 37,0,80,,87789,30,0,46 37,0,76,,87785,30,0,46 37,0,40,,87786,30,0,46 37,0,81,,87790,30,0,46 37,0,76,,87799,30,0,46 37,0,40,,87791,30,0,46 37,0,80,,87798,30,0,46 37,0,81,,87797,30,0,46 37,0,40,,87800,30,0,46 37,0,81,,87796,30,0,46 37,0,81,,87803,30,0,46 37,0,41,,87804,30,0,46 37,0
201,'5461',640,,87819,30,0,46 37,0,160,,87826,30,0,46 37,0,119,,87820,30,0,46 37,0,99,,87807,4,0,46 37,0,37,,87827,30,0,46 37,0,60,,87805,4,0,46 37,0,40,,87806,30,0,46 37,0,79,,87817,30,0,46 37,0,80,,87813,30,0,46 37,0,40,,87812,30,0,46 37,0,80,,87808,30,0,46 37,0,80,,87809,30,0,46 37,0,40,,87818,30,0,46 37,0,80,,87814,30,0,46 37,0,76,,87810,30,0,46 37,0,40,,87811,30,0,46 37,0,81,,87815,30,0,46 37,0,76,,87824,30,0,46 37,0,40,,87816,30,0,46 37,0,80,,87823,30,0,46 37,0,81,,87822,30,0,46 37,0,40,,87825,30,0,46 37,0,81,,87821,30,0,46 37,0,81,,87828,30,0,46 37,0,41,,87829,30,0,46 37,0
201,'5462',640,,87844,30,0,46 37,0,160,,87851,30,0,46 37,0,119,,87845,30,0,46 37,0,99,,87832,4,0,46 37,0,37,,87852,30,0,46 37,0,60,,87830,4,0,46 37,0,40,,87831,30,0,46 37,0,79,,87842,30,0,46 37,0,80,,87838,30,0,46 37,0,40,,87837,30,0,46 37,0,80,,87833,30,0,46 37,0,80,,87834,30,0,46 37,0,40,,87843,30,0,46 37,0,80,,87839,30,0,46 37,0,76,,87835,30,0,46 37,0,40,,87836,30,0,46 37,0,81,,87840,30,0,46 37,0,76,,87849,30,0,46 37,0,40,,87841,30,0,46 37,0,80,,87848,30,0,46 37,0,81,,87847,30,0,46 37,0,40,,87850,30,0,46 37,0,81,,87846,30,0,46 37,0,81,,87853,30,0,46 37,0,41,,87854,30,0,46 37,0
201,'5463',640,,87869,30,0,46 37,0,160,,87876,30,0,46 37,0,119,,87870,30,0,46 37,0,99,,87857,4,0,46 37,0,37,,87877,30,0,46 37,0,60,,87855,4,0,46 37,0,40,,87856,30,0,46 37,0,79,,87867,30,0,46 37,0,80,,87863,30,0,46 37,0,40,,87862,30,0,46 37,0,80,,87858,30,0,46 37,0,80,,87859,30,0,46 37,0,40,,87868,30,0,46 37,0,80,,87864,30,0,46 37,0,76,,87860,30,0,46 37,0,40,,87861,30,0,46 37,0,81,,87865,30,0,46 37,0,76,,87874,30,0,46 37,0,40,,87866,30,0,46 37,0,80,,87873,30,0,46 37,0,81,,87872,30,0,46 37,0,40,,87875,30,0,46 37,0,81,,87871,30,0,46 37,0,81,,87878,30,0,46 37,0,41,,87879,30,0,46 37,0
501,'4832',720,,64872,25,,,0,119,,64871,25,,,0,119,,64870,25,,,0,79,,64864,25,,,0,98,,64867,25,,,0,79,,64863,25,,,0,40,,78098,25,,,0,80,,64858,25,,,0,80,,64874,25,,,0,40,,64866,25,,,0,80,,64862,25,,,0,80,,78099,25,,,0,41,,64860,25,,,0,75,,64873,25,,,0,80,,64868,25,,,0,36,,64865,25,,,0,81,,78100,25,,,0
501,'5453',720,,78115,25,,,0,119,,78114,25,,,0,119,,78113,25,,,0,79,,78107,25,,,0,98,,78110,25,,,0,79,,78106,25,,,0,40,,78102,25,,,0,80,,78101,25,,,0,80,,78117,25,,,0,40,,78109,25,,,0,80,,78105,25,,,0,80,,78104,25,,,0,41,,78103,25,,,0,75,,78116,25,,,0,80,,78111,25,,,0,36,,78108,25,,,0,81,,82128,25,,,0
501,'5456',644,,89201,25,,,0,71,,89202,25,,,0,28,,89203,25,,,0,72,,89204,25,,,0,32,,89205,25,,,0,71,,89206,25,,,0,30,,89207,25,,,0,77,,89208,25,,,0,80,,89209,25,,,0,40,,89210,25,,,0,79,,89211,25,,,0,80,,89212,25,,,0,40,,89213,25,,,0,94,,89214,25,,,0,76,,89215,25,,,0,35,,89217,25,,,0,77,,89221,25,,,0,74,,89219,25,,,0,34,,89216,25,,,0,81,,89220,25,,,0,110,,89223,25,,,0,81,,89218,25,,,0,42,,89222,25,,,0
501,'5458',644,,89224,25,,,0,71,,89225,25,,,0,28,,89226,25,,,0,72,,89227,25,,,0,32,,89228,25,,,0,71,,89229,25,,,0,30,,89230,25,,,0,77,,89231,25,,,0,80,,89232,25,,,0,40,,89233,25,,,0,79,,89234,25,,,0,80,,89235,25,,,0,40,,89236,25,,,0,94,,89237,25,,,0,76,,89238,25,,,0,35,,89240,25,,,0,77,,89244,25,,,0,74,,89242,25,,,0,34,,89239,25,,,0,81,,89243,25,,,0,110,,89246,25,,,0,81,,89241,25,,,0,42,,89245,25,,,0
501,'5459',733,,89255,25,,,0,120,,89257,25,,,0,60,,89249,4,,,0,44,,89254,25,,,0,79,,89248,25,,,0,99,,89256,25,,,0,79,,89247,25,,,0,40,,89263,25,,,0,78,,89252,25,,,0,80,,89253,25,,,0,41,,89250,25,,,0,80,,89251,25,,,0,80,,89261,25,,,0,41,,89264,25,,,0,75,,89260,25,,,0,81,,89262,25,,,0,36,,89266,25,,,0,75,,89265,25,,,0,80,,89258,25,,,0,45,,89259,25,,,0
501,'5460',720,,89281,25,,,0,119,,89280,25,,,0,119,,89279,25,,,0,79,,89273,25,,,0,98,,89276,25,,,0,79,,89272,25,,,0,40,,89268,25,,,0,80,,89267,25,,,0,80,,89283,25,,,0,40,,89275,25,,,0,80,,89271,25,,,0,80,,89270,25,,,0,41,,89269,25,,,0,75,,89282,25,,,0,80,,89277,25,,,0,36,,89274,25,,,0,81,,89278,25,,,0
501,'5461',720,,89298,25,,,0,119,,89297,25,,,0,119,,89296,25,,,0,79,,89290,25,,,0,98,,89293,25,,,0,79,,89289,25,,,0,40,,89285,25,,,0,80,,89284,25,,,0,80,,89300,25,,,0,40,,89292,25,,,0,80,,89288,25,,,0,80,,89287,25,,,0,41,,89286,25,,,0,75,,89299,25,,,0,80,,89294,25,,,0,36,,89291,25,,,0,81,,89295,25,,,0
501,'5462',720,,89315,25,,,0,119,,89314,25,,,0,119,,89313,25,,,0,79,,89307,25,,,0,98,,89310,25,,,0,79,,89306,25,,,0,40,,89302,25,,,0,80,,89301,25,,,0,80,,89317,25,,,0,40,,89309,25,,,0,80,,89305,25,,,0,80,,89304,25,,,0,41,,89303,25,,,0,75,,89316,25,,,0,80,,89311,25,,,0,36,,89308,25,,,0,81,,89312,25,,,0
501,'5463',720,,89332,25,,,0,119,,89331,25,,,0,119,,89330,25,,,0,79,,89324,25,,,0,98,,89327,25,,,0,79,,89323,25,,,0,40,,89319,25,,,0,80,,89318,25,,,0,80,,89334,25,,,0,40,,89326,25,,,0,80,,89322,25,,,0,80,,89321,25,,,0,41,,89320,25,,,0,75,,89333,25,,,0,80,,89328,25,,,0,36,,89325,25,,,0,81,,89329,25,,,0
1001,'4832',722,,66291,24,0,46 37,0,101,,66290,24,0,46 37,0,99,,66287,24,0,46 37,0,104,,66288,24,0,46 37,0,101,,66294,24,0,46 37,0,110,,66293,24,0,46 37,0,90,,66286,24,0,46 37,0,107,,66289,24,0,46 37,0,100,,66292,24,0,46 37,0,99,,66296,24,0,46 37,0,102,,66295,24,0,46 37,0,105,,66297,24,0,46 37,0,99,,66298,24,0,46 37,0
1001,'5453',722,,78777,24,0,46 37,0,101,,78776,24,0,46 37,0,99,,78773,24,0,46 37,0,104,,78774,24,0,46 37,0,101,,78780,24,0,46 37,0,110,,78779,24,0,46 37,0,90,,78772,24,0,46 37,0,107,,78775,24,0,46 37,0,100,,78778,24,0,46 37,0,99,,78782,24,0,46 37,0,102,,78781,24,0,46 37,0,105,,78783,24,0,46 37,0,99,,78784,24,0,46 37,0
1001,'5456',624,,90884,24,0,46 37,0,83,,90889,24,0,46 37,0,36,,90885,24,0,46 37,0,78,,90886,24,0,46 37,0,84,,90887,24,0,46 37,0,39,,90888,24,0,46 37,0,95,,90892,24,0,46 37,0,115,,90890,24,0,46 37,0,90,,90893,24,0,46 37,0,76,,90891,24,0,46 37,0,86,,90896,24,0,46 37,0,42,,90894,24,0,46 37,0,95,,90897,24,0,46 37,0,81,,90895,24,0,46 37,0,88,,90898,24,0,46 37,0,40,,90899,24,0,46 37,0,61,,90903,24,0,46 37,0,30,,90900,24,0,46 37,0,95,,90902,24,0,46 37,0,101,,90901,24,0,46 37,0
1001,'5458',624,,90904,24,0,46 37,0,83,,90909,24,0,46 37,0,36,,90905,24,0,46 37,0,78,,90906,24,0,46 37,0,84,,90907,24,0,46 37,0,39,,90908,24,0,46 37,0,95,,90912,24,0,46 37,0,115,,90910,24,0,46 37,0,90,,90913,24,0,46 37,0,76,,90911,24,0,46 37,0,86,,90916,24,0,46 37,0,42,,90914,24,0,46 37,0,95,,90917,24,0,46 37,0,81,,90915,24,0,46 37,0,88,,90918,24,0,46 37,0,40,,90919,24,0,46 37,0,61,,90923,24,0,46 37,0,30,,90920,24,0,46 37,0,95,,90922,24,0,46 37,0,101,,90921,24,0,46 37,0
1001,'5459',722,,90933,24,0,46 37,0,101,,90936,24,0,46 37,0,101,,90924,24,0,46 37,0,97,,90928,24,0,46 37,0,108,,90930,24,0,46 37,0,110,,90929,24,0,46 37,0,97,,90926,24,0,46 37,0,100,,90925,24,0,46 37,0,100,,90927,24,0,46 37,0,103,,90931,24,0,46 37,0,103,,90932,24,0,46 37,0,99,,90934,24,0,46 37,0,99,,90935,24,0,46 37,0,98,,90937,24,0,46 37,0
1001,'5460',722,,90943,24,0,46 37,0,101,,90942,24,0,46 37,0,99,,90939,24,0,46 37,0,104,,90940,24,0,46 37,0,101,,90946,24,0,46 37,0,110,,90945,24,0,46 37,0,90,,90938,24,0,46 37,0,107,,90941,24,0,46 37,0,100,,90944,24,0,46 37,0,99,,90948,24,0,46 37,0,102,,90947,24,0,46 37,0,105,,90949,24,0,46 37,0,99,,90950,24,0,46 37,0
1001,'5461',722,,90957,24,0,46 37,0,101,,90956,24,0,46 37,0,99,,90953,24,0,46 37,0,104,,90954,24,0,46 37,0,101,,90960,24,0,46 37,0,110,,90959,24,0,46 37,0,90,,90952,24,0,46 37,0,107,,90955,24,0,46 37,0,100,,90958,24,0,46 37,0,99,,90962,24,0,46 37,0,102,,90961,24,0,46 37,0,105,,90963,24,0,46 37,0,99,,90964,24,0,46 37,0
1001,'5462',722,,90971,24,0,46 37,0,101,,90970,24,0,46 37,0,99,,90967,24,0,46 37,0,104,,90968,24,0,46 37,0,101,,90974,24,0,46 37,0,110,,90973,24,0,46 37,0,90,,90966,24,0,46 37,0,107,,90969,24,0,46 37,0,100,,90972,24,0,46 37,0,99,,90976,24,0,46 37,0,102,,90975,24,0,46 37,0,105,,90977,24,0,46 37,0,99,,90978,24,0,46 37,0
1001,'5463',722,,90985,24,0,46 37,0,101,,90984,24,0,46 37,0,99,,90981,24,0,46 37,0,104,,90982,24,0,46 37,0,101,,90988,24,0,46 37,0,110,,90987,24,0,46 37,0,90,,90980,24,0,46 37,0,107,,90983,24,0,46 37,0,100,,90986,24,0,46 37,0,99,,90990,24,0,46 37,0,102,,90989,24,0,46 37,0,105,,90991,24,0,46 37,0,99,,90992,24,0,46 37,0
