200,'5456',606,,87484,34,,,0,41,,87485,34,,,0,61,,87486,34,,,0,33,,87487,34,,,0,72,,87488,34,,,0,31,,87489,34,,,0,71,,87490,34,,,0,29,,87491,34,,,0,86,,87493,34,,,0,78,,87494,34,,,0,41,,87495,34,,,0,81,,87496,34,,,0,80,,87497,34,,,0,41,,87498,34,,,0,80,,87499,34,,,0,79,,87500,34,,,0,35,,87518,34,,,0,77,,87514,34,,,0,36,,87516,34,,,0,88,,87508,34,,,0,72,,87506,34,,,0,39,,87513,34,,,0,89,,87505,34,,,0,78,,87512,34,,,0,82,,87504,34,,,0,40,,87511,34,,,0,78,,87503,34,,,0,78,,87510,34,,,0,39,,87502,34,,,0,78,,87509,34,,,0
200,'5458',606,,87519,34,,,0,41,,87520,34,,,0,61,,87521,34,,,0,33,,87522,34,,,0,72,,87523,34,,,0,31,,87524,34,,,0,71,,87525,34,,,0,29,,87526,34,,,0,86,,87528,34,,,0,78,,87529,34,,,0,41,,87530,34,,,0,81,,87531,34,,,0,80,,87532,34,,,0,41,,87533,34,,,0,80,,87534,34,,,0,79,,87535,34,,,0,35,,87554,34,,,0,77,,87550,34,,,0,36,,87552,34,,,0,88,,87544,34,,,0,72,,87542,34,,,0,39,,87549,34,,,0,89,,87541,34,,,0,78,,87548,34,,,0,82,,87540,34,,,0,40,,87547,34,,,0,78,,87539,34,,,0,78,,87546,34,,,0,39,,87538,34,,,0,78,,87545,34,,,0
200,'5459',616,,87574,34,,,0,113,,87577,34,,,0,121,,87575,34,,,0,81,,87563,34,,,0,87,,87576,34,,,0,40,,87561,34,,,0,80,,87555,34,,,0,81,,87562,34,,,0,40,,87556,34,,,0,81,,87569,34,,,0,81,,87557,34,,,0,81,,87560,34,,,0,40,,87559,34,,,0,79,,87558,34,,,0,80,,87572,34,,,0,39,,87573,34,,,0,74,,87571,34,,,0,40,,87565,34,,,0,74,,87566,34,,,0,94,,87568,34,,,0,80,,87567,34,,,0,45,,87583,34,,,0,80,,87580,34,,,0,80,,87579,34,,,0,37,,87581,34,,,0,79,,87578,34,,,0
200,'5460',712,,87607,34,,,0,121,,87606,34,,,0,123,,87605,34,,,0,101,,87586,34,,,0,81,,87604,34,,,0,81,,87592,34,,,0,40,,87590,34,,,0,80,,87585,34,,,0,82,,87587,34,,,0,80,,87598,34,,,0,40,,87593,34,,,0,80,,87588,34,,,0,79,,87591,34,,,0,39,,87589,34,,,0,73,,87599,34,,,0,39,,87595,34,,,0,94,,87600,34,,,0,80,,87596,34,,,0,80,,87602,34,,,0,39,,87603,34,,,0,80,,87601,34,,,0,79,,87608,34,,,0,39,,87609,34,,,0
200,'5461',712,,87632,34,,,0,121,,87631,34,,,0,123,,87630,34,,,0,101,,87611,34,,,0,81,,87629,34,,,0,81,,87617,34,,,0,40,,87615,34,,,0,80,,87610,34,,,0,82,,87612,34,,,0,80,,87623,34,,,0,40,,87618,34,,,0,80,,87613,34,,,0,79,,87616,34,,,0,39,,87614,34,,,0,73,,87624,34,,,0,39,,87620,34,,,0,94,,87625,34,,,0,80,,87621,34,,,0,80,,87627,34,,,0,39,,87628,34,,,0,80,,87626,34,,,0,79,,87633,34,,,0,39,,87634,34,,,0
200,'5462',712,,87657,34,,,0,121,,87656,34,,,0,123,,87655,34,,,0,101,,87636,34,,,0,81,,87654,34,,,0,81,,87642,34,,,0,40,,87640,34,,,0,80,,87635,34,,,0,82,,87637,34,,,0,80,,87648,34,,,0,40,,87643,34,,,0,80,,87638,34,,,0,79,,87641,34,,,0,39,,87639,34,,,0,73,,87649,34,,,0,39,,87645,34,,,0,94,,87650,34,,,0,80,,87646,34,,,0,80,,87652,34,,,0,39,,87653,34,,,0,80,,87651,34,,,0,79,,87658,34,,,0,39,,87659,34,,,0
200,'5463',712,,87682,34,,,0,121,,87681,34,,,0,123,,87680,34,,,0,101,,87661,34,,,0,81,,87679,34,,,0,81,,87667,34,,,0,40,,87665,34,,,0,80,,87660,34,,,0,82,,87662,34,,,0,80,,87673,34,,,0,40,,87668,34,,,0,80,,87663,34,,,0,79,,87666,34,,,0,39,,87664,34,,,0,73,,87674,34,,,0,39,,87670,34,,,0,94,,87675,34,,,0,80,,87671,34,,,0,80,,87677,34,,,0,39,,87678,34,,,0,80,,87676,34,,,0,79,,87683,34,,,0,39,,87684,34,,,0
500,'5456',626,,89074,34,,,0,97,,89075,34,,,0,35,,89076,34,,,0,71,,89077,34,,,0,71,,89078,34,,,0,28,,89079,34,,,0,87,,89080,34,,,0,33,,89081,34,,,0,80,,89082,34,,,0,81,,89083,34,,,0,41,,89084,34,,,0,82,,89085,34,,,0,78,,89086,34,,,0,40,,89087,34,,,0,77,,89092,34,,,0,76,,89090,34,,,0,37,,89088,34,,,0,74,,89091,34,,,0,88,,89093,34,,,0,36,,89095,34,,,0,82,,89089,34,,,0,85,,89094,34,,,0
500,'5458',626,,89096,34,,,0,97,,89097,34,,,0,35,,89098,34,,,0,71,,89099,34,,,0,71,,89100,34,,,0,28,,89101,34,,,0,87,,89102,34,,,0,33,,89103,34,,,0,80,,89104,34,,,0,81,,89105,34,,,0,41,,89106,34,,,0,82,,89107,34,,,0,78,,89108,34,,,0,40,,89109,34,,,0,77,,89114,34,,,0,76,,89112,34,,,0,37,,89110,34,,,0,74,,89113,34,,,0,88,,89115,34,,,0,36,,89117,34,,,0,82,,89111,34,,,0,85,,89116,34,,,0
500,'5459',652,,89129,34,,,0,157,,89125,34,,,0,101,,89128,34,,,0,42,,89119,34,,,0,85,,89126,34,,,0,80,,89120,34,,,0,41,,89135,34,,,0,81,,89127,34,,,0,81,,89118,34,,,0,81,,89124,34,,,0,40,,89121,34,,,0,81,,89131,34,,,0,80,,89122,34,,,0,38,,89123,34,,,0,79,,89132,34,,,0,35,,89133,34,,,0,79,,89134,34,,,0,80,,89130,34,,,0,89,,89136,34,,,0
500,'5460',753,,89150,34,,,0,161,,89149,34,,,0,122,,89148,34,,,0,81,,89143,34,,,0,41,,89137,34,,,0,81,,89138,34,,,0,80,,89151,34,,,0,81,,89144,34,,,0,41,,89141,34,,,0,80,,89139,34,,,0,80,,89140,34,,,0,40,,89152,34,,,0,77,,89145,34,,,0,35,,89142,34,,,0,78,,89146,34,,,0,80,,89147,34,,,0
500,'5461',753,,89166,34,,,0,161,,89163,34,,,0,122,,89165,34,,,0,81,,89159,34,,,0,41,,89153,34,,,0,81,,89154,34,,,0,80,,89167,34,,,0,81,,89160,34,,,0,41,,89157,34,,,0,80,,89155,34,,,0,80,,89156,34,,,0,40,,89168,34,,,0,77,,89161,34,,,0,35,,89158,34,,,0,78,,89162,34,,,0,80,,89164,34,,,0
500,'5462',753,,89182,34,,,0,161,,89181,34,,,0,122,,89180,34,,,0,81,,89175,34,,,0,41,,89169,34,,,0,81,,89170,34,,,0,80,,89183,34,,,0,81,,89176,34,,,0,41,,89173,34,,,0,80,,89171,34,,,0,80,,89172,34,,,0,40,,89184,34,,,0,77,,89177,34,,,0,35,,89174,34,,,0,78,,89178,34,,,0,80,,89179,34,,,0
500,'5463',753,,89198,34,,,0,161,,89197,34,,,0,122,,89196,34,,,0,81,,89191,34,,,0,41,,89185,34,,,0,81,,89186,34,,,0,80,,89199,34,,,0,81,,89192,34,,,0,41,,89189,34,,,0,80,,89187,34,,,0,80,,89188,34,,,0,40,,89200,34,,,0,77,,89193,34,,,0,35,,89190,34,,,0,78,,89194,34,,,0,80,,89195,34,,,0
800,'5456',651,,90530,42,,,0,91,,90531,42,,,0,74,,90532,42,,,0,20,,90554,42,,,0,20,,90534,42,,,0,86,,90533,42,,,0,75,,90536,42,,,0,41,,90535,42,,,0,84,,90537,42,,,0,78,,90540,42,,,0,84,,90538,42,,,0,44,,90539,42,,,0,85,,90542,42,,,0,102,,90541,42,,,0,82,,90544,42,,,0,86,,90543,42,,,0,29,,90546,42,,,0,72,,90545,42,,,0,32,,90548,42,,,0,68,,90547,42,,,0,29,,90549,42,,,0,94,,90550,42,,,0,83,,90551,42,,,0,96,,90552,42,,,0,42,,90553,42,,,0
800,'5458',651,,90556,42,,,0,91,,90557,42,,,0,74,,90558,42,,,0,20,,90580,42,,,0,20,,90560,42,,,0,86,,90559,42,,,0,75,,90562,42,,,0,41,,90561,42,,,0,84,,90563,42,,,0,78,,90566,42,,,0,84,,90564,42,,,0,44,,90565,42,,,0,85,,90568,42,,,0,102,,90567,42,,,0,82,,90570,42,,,0,86,,90569,42,,,0,29,,90572,42,,,0,72,,90571,42,,,0,32,,90574,42,,,0,68,,90573,42,,,0,29,,90575,42,,,0,94,,90576,42,,,0,83,,90577,42,,,0,96,,90578,42,,,0,42,,90579,42,,,0
800,'5459',738,,90588,31,,,0,85,,90589,31,,,0,87,,90590,31,,,0,47,,90583,31,,,0,90,,90584,31,,,0,87,,90582,31,,,0,90,,90585,31,,,0,91,,90586,31,,,0,92,,90587,31,,,0,52,,90591,31,,,0,90,,90592,31,,,0,91,,90593,31,,,0,88,,90594,31,,,0,84,,90595,31,,,0,45,,90596,31,,,0
800,'5460',908,,90598,31,,,0,47,,90599,31,,,0,91,,90600,31,,,0,86,,90601,31,,,0,91,,90602,31,,,0,92,,90597,31,,,0,90,,90603,31,,,0,52,,90604,31,,,0,91,,90605,31,,,0,91,,90606,31,,,0,88,,90607,31,,,0
800,'5461',908,,90609,31,,,0,47,,90610,31,,,0,91,,90611,31,,,0,86,,90612,31,,,0,91,,90613,31,,,0,92,,90608,31,,,0,90,,90614,31,,,0,52,,90615,31,,,0,91,,90616,31,,,0,91,,90617,31,,,0,88,,90618,31,,,0
800,'5462',908,,90620,31,,,0,47,,90621,31,,,0,91,,90622,31,,,0,86,,90623,31,,,0,91,,90624,31,,,0,92,,90619,31,,,0,90,,90625,31,,,0,52,,90626,31,,,0,91,,90627,31,,,0,91,,90628,31,,,0,88,,90629,31,,,0
800,'5463',908,,90631,31,,,0,47,,90632,31,,,0,91,,90633,31,,,0,86,,90634,31,,,0,91,,90635,31,,,0,92,,90630,31,,,0,90,,90636,31,,,0,52,,90637,31,,,0,91,,90638,31,,,0,91,,90639,31,,,0,88,,90640,31,,,0
