3801,'5456',708,,97994,38,,,0,30,,97993,38,,,0,73,,97995,38,,,0,27,,97996,38,,,0,74,,97999,38,,,0,43,,97997,38,,,0,88,,97998,38,,,0,100,,98001,38,,,0,103,,98000,38,,,0,72,,98014,17,,,0,30,,98002,38,,,0,80,,98015,17,,,0,26,,98003,38,,,0,77,,98016,17,,,0,76,,98004,38,,,0,45,,98005,38,,,0,71,,98010,38,,,0,23,,98006,38,,,0,64,,98013,38,,,0,23,,98007,38,,,0,70,,98008,38,,,0,35,,98011,38,,,0,98,,98009,38,,,0,104,,98012,38,,,0
3801,'5458',708,,98018,38,,,0,30,,98017,38,,,0,73,,98019,38,,,0,27,,98020,38,,,0,74,,98023,38,,,0,43,,98021,38,,,0,88,,98022,38,,,0,100,,98025,38,,,0,103,,98024,38,,,0,72,,98038,17,,,0,30,,98026,38,,,0,80,,98039,17,,,0,26,,98027,38,,,0,77,,98040,17,,,0,76,,98028,38,,,0,45,,98029,38,,,0,71,,98034,38,,,0,23,,98030,38,,,0,64,,98037,38,,,0,23,,98031,38,,,0,70,,98032,38,,,0,35,,98035,38,,,0,98,,98033,38,,,0,104,,98036,38,,,0
4601,'5456',720,,98575,31,,,0,113,,98584,31,,,0,7,,98585,11,,,0,115,,98574,31,,,0,93,,98583,31,,,0,385,,98580,31,,,0,172,,98576,31,,,0,30,,98581,31,,,0,80,,98577,31,,,0,34,,98578,31,,,0,65,,98579,31,,,0,89,,98582,31,,,0
4601,'5458',720,,98587,31,,,0,113,,98596,31,,,0,7,,98597,11,,,0,115,,98586,31,,,0,93,,98595,31,,,0,385,,98592,31,,,0,172,,98588,31,,,0,30,,98593,31,,,0,80,,98589,31,,,0,34,,98590,31,,,0,65,,98591,31,,,0,89,,98594,31,,,0
4800,'5456',611,,98610,2,,,0,23,,98611,2,,,0,25,,98612,2,,,0
4800,'5458',611,,98613,2,,,0,23,,98614,2,,,0,25,,98615,2,,,0
5200,'4832',705,,85078,17,,,0,32,,85060,17,,,0,80,,85063,17,,,0,31,,85077,17,,,0,72,,85071,17,,,0,31,,85059,17,,,0,71,,85062,17,,,0,31,,85073,17,,,0,71,,85067,17,,,0,31,,85058,17,,,0,73,,85061,17,,,0,30,,85076,17,,,0,71,,85069,17,,,0,78,,85057,17,,,0,29,,85065,17,,,0,74,,85075,17,,,0,35,,85068,17,,,0,73,,85084,17,,,0,29,,85064,17,,,0,70,,85074,17,,,0,28,,85070,17,,,0,70,,85072,17,,,0,29,,85066,17,,,0,69,,85080,17,,,0,39,,85079,17,,,0,100,,85081,17,,,0,98,,85083,17,,,0,108,,85082,17,,,0
5200,'5453',705,,85106,17,,,0,32,,85088,17,,,0,80,,85091,17,,,0,31,,85105,17,,,0,72,,85099,17,,,0,31,,85087,17,,,0,71,,85090,17,,,0,31,,85101,17,,,0,71,,85095,17,,,0,31,,85086,17,,,0,73,,85089,17,,,0,30,,85104,17,,,0,71,,85097,17,,,0,78,,85085,17,,,0,29,,85093,17,,,0,74,,85103,17,,,0,35,,85096,17,,,0,73,,85112,17,,,0,29,,85092,17,,,0,70,,85102,17,,,0,28,,85098,17,,,0,70,,85100,17,,,0,29,,85094,17,,,0,69,,85108,17,,,0,39,,85107,17,,,0,100,,85109,17,,,0,98,,85111,17,,,0,108,,85110,17,,,0
5200,'5456',502,,98732,17,,,0,31,,98736,17,,,0,70,,98734,17,,,0,20,,98745,17,,,0,19,,98733,17,,,0,63,,98762,17,,,0,28,,98735,17,,,0,23,,98763,17,,,0,50,,98737,17,,,0,17,,98764,17,,,0,10,,98744,17,,,0,70,,98738,17,,,0,32,,98758,17,,,0,65,,98739,17,,,0,30,,98740,17,,,0,75,,98741,17,,,0,31,,98759,17,,,0,71,,98742,17,,,0,30,,98743,17,,,0,76,,98746,17,,,0,34,,98760,17,,,0,73,,98747,17,,,0,31,,98748,17,,,0,73,,98765,17,,,0,31,,98749,17,,,0,71,,98761,17,,,0,28,,98750,17,,,0,70,,98751,17,,,0,32,,98766,17,,,0,70,,98752,17,,,0,74,,98753,17,,,0,30,,98754,17,,,0,29,,98767,17,,,0,67,,98755,17,,,0,32,,98756,17,,,0,96,,98769,17,,,0,99,,98757,17,,,0,103,,98768,17,,,0
5200,'5458',502,,98771,17,,,0,31,,98775,17,,,0,70,,98773,17,,,0,20,,98784,17,,,0,19,,98772,17,,,0,63,,98801,17,,,0,28,,98774,17,,,0,23,,98802,17,,,0,50,,98776,17,,,0,17,,98803,17,,,0,10,,98783,17,,,0,70,,98777,17,,,0,32,,98797,17,,,0,65,,98778,17,,,0,30,,98779,17,,,0,75,,98780,17,,,0,31,,98798,17,,,0,71,,98781,17,,,0,30,,98782,17,,,0,76,,98785,17,,,0,34,,98799,17,,,0,73,,98786,17,,,0,31,,98787,17,,,0,73,,98804,17,,,0,31,,98788,17,,,0,71,,98800,17,,,0,28,,98789,17,,,0,70,,98790,17,,,0,32,,98805,17,,,0,70,,98791,17,,,0,74,,98792,17,,,0,30,,98793,17,,,0,29,,98806,17,,,0,67,,98794,17,,,0,32,,98795,17,,,0,96,,98808,17,,,0,99,,98796,17,,,0,103,,98807,17,,,0
5200,'5459',635,,98827,17,,,0,70,,98826,17,,,0,41,,98821,17,,,0,74,,98829,17,,,0,30,,98824,17,,,0,73,,98810,17,,,0,30,,98817,17,,,0,70,,98836,17,,,0,31,,98815,17,,,0,74,,98812,17,,,0,72,,98818,17,,,0,32,,98838,17,,,0,75,,98813,17,,,0,33,,98811,17,,,0,76,,98820,17,,,0,26,,98837,17,,,0,74,,98816,17,,,0,32,,98823,17,,,0,75,,98819,17,,,0,29,,98834,17,,,0,70,,98814,17,,,0,30,,98825,17,,,0,62,,98831,17,,,0,25,,98822,17,,,0,64,,98830,17,,,0,24,,98833,17,,,0,29,,98832,17,,,0,68,,98828,17,,,0,30,,98835,17,,,0,100,,98839,17,,,0,94,,98840,17,,,0,109,,98841,17,,,0
5200,'5460',705,,98863,17,,,0,32,,98845,17,,,0,80,,98848,17,,,0,31,,98862,17,,,0,72,,98856,17,,,0,31,,98844,17,,,0,71,,98847,17,,,0,31,,98858,17,,,0,71,,98852,17,,,0,31,,98843,17,,,0,73,,98846,17,,,0,30,,98861,17,,,0,71,,98854,17,,,0,78,,98842,17,,,0,29,,98850,17,,,0,74,,98860,17,,,0,35,,98853,17,,,0,73,,98869,17,,,0,29,,98849,17,,,0,70,,98859,17,,,0,28,,98855,17,,,0,70,,98857,17,,,0,29,,98851,17,,,0,69,,98865,17,,,0,39,,98864,17,,,0,100,,98866,17,,,0,98,,98868,17,,,0,108,,98867,17,,,0
5200,'5461',705,,98891,17,,,0,32,,98873,17,,,0,80,,98876,17,,,0,31,,98890,17,,,0,72,,98884,17,,,0,31,,98872,17,,,0,71,,98875,17,,,0,31,,98886,17,,,0,71,,98880,17,,,0,31,,98871,17,,,0,73,,98874,17,,,0,30,,98889,17,,,0,71,,98882,17,,,0,78,,98870,17,,,0,29,,98878,17,,,0,74,,98888,17,,,0,35,,98881,17,,,0,73,,98897,17,,,0,29,,98877,17,,,0,70,,98887,17,,,0,28,,98883,17,,,0,70,,98885,17,,,0,29,,98879,17,,,0,69,,98893,17,,,0,39,,98892,17,,,0,100,,98894,17,,,0,98,,98896,17,,,0,108,,98895,17,,,0
5200,'5462',705,,98919,17,,,0,32,,98901,17,,,0,80,,98904,17,,,0,31,,98918,17,,,0,72,,98912,17,,,0,31,,98900,17,,,0,71,,98903,17,,,0,31,,98914,17,,,0,71,,98908,17,,,0,31,,98899,17,,,0,73,,98902,17,,,0,30,,98917,17,,,0,71,,98910,17,,,0,78,,98898,17,,,0,29,,98906,17,,,0,74,,98916,17,,,0,35,,98909,17,,,0,73,,98925,17,,,0,29,,98905,17,,,0,70,,98915,17,,,0,28,,98911,17,,,0,70,,98913,17,,,0,29,,98907,17,,,0,69,,98921,17,,,0,39,,98920,17,,,0,100,,98922,17,,,0,98,,98924,17,,,0,108,,98923,17,,,0
5200,'5463',705,,98947,17,,,0,32,,98929,17,,,0,80,,98932,17,,,0,31,,98946,17,,,0,72,,98940,17,,,0,31,,98928,17,,,0,71,,98931,17,,,0,31,,98942,17,,,0,71,,98936,17,,,0,31,,98927,17,,,0,73,,98930,17,,,0,30,,98945,17,,,0,71,,98938,17,,,0,78,,98926,17,,,0,29,,98934,17,,,0,74,,98944,17,,,0,35,,98937,17,,,0,73,,98953,17,,,0,29,,98933,17,,,0,70,,98943,17,,,0,28,,98939,17,,,0,70,,98941,17,,,0,29,,98935,17,,,0,69,,98949,17,,,0,39,,98948,17,,,0,100,,98950,17,,,0,98,,98952,17,,,0,108,,98951,17,,,0
5301,'4832',805,,85339,40,,,0,200,,85338,40,,,0,213,,73425,40,,,0,211,,73428,31,,,0,209,,73426,31,,,0,210,,73429,31,,,0,202,,73430,31,,,0
5301,'5453',805,,80873,40,,,0,200,,80870,40,,,0,213,,80871,40,,,0,211,,80874,31,,,0,209,,80872,31,,,0,210,,80875,31,,,0,202,,80876,31,,,0
5301,'5456',817,,99236,40,,,0,115,,99233,40,,,0,199,,99232,40,,,0,122,,99237,31,,,0,173,,99238,31,,,0,193,,99239,31,,,0,101,,99234,50,,,0,129,,99235,31,,,0,167,,99240,31,,,0,130,,99241,31,,,0
5301,'5458',817,,99246,40,,,0,115,,99243,40,,,0,199,,99242,40,,,0,122,,99247,31,,,0,173,,99248,31,,,0,193,,99249,31,,,0,101,,99244,50,,,0,129,,99245,31,,,0,167,,99250,31,,,0,130,,99251,31,,,0
5301,'5459',805,,99257,40,,,0,201,,99258,40,,,0,214,,99256,40,,,0,209,,99253,31,,,0,211,,99254,31,,,0,209,,99255,31,,,0,201,,99252,31,,,0
5301,'5460',805,,99262,40,,,0,200,,99259,40,,,0,213,,99260,40,,,0,211,,99263,31,,,0,209,,99261,31,,,0,210,,99264,31,,,0,202,,99265,31,,,0
5301,'5461',805,,99269,40,,,0,200,,99266,40,,,0,213,,99267,40,,,0,211,,99270,31,,,0,209,,99268,31,,,0,210,,99271,31,,,0,202,,99272,31,,,0
5301,'5462',805,,99276,40,,,0,200,,99273,40,,,0,213,,99274,40,,,0,211,,99277,31,,,0,209,,99275,31,,,0,210,,99278,31,,,0,202,,99279,31,,,0
5301,'5463',805,,99283,40,,,0,200,,99280,40,,,0,213,,99281,40,,,0,211,,99284,31,,,0,209,,99282,31,,,0,210,,99285,31,,,0,202,,99286,31,,,0
5401,'4832',726,,85389,2,,,0,200,,85390,2,,,0,210,,85387,2,,,0,205,,85388,2,,,0,210,,85391,2,,,0,250,,85393,2,,,0,225,,85392,2,,,0
5401,'5453',726,,85396,2,,,0,200,,85397,2,,,0,210,,85394,2,,,0,205,,85395,2,,,0,210,,85398,2,,,0,250,,85400,2,,,0,225,,85399,2,,,0
5401,'5456',531,,99342,2,,,0,127,,99346,2,,,0,170,,99345,2,,,0,218,,99344,2,,,0,198,,99343,2,,,0,170,,99347,2,,,0,102,,99351,2,,,0,187,,99349,2,,,0,153,,99348,2,,,0,200,,99350,2,,,0
5401,'5458',531,,99352,2,,,0,127,,99356,2,,,0,170,,99355,2,,,0,218,,99354,2,,,0,198,,99353,2,,,0,170,,99357,2,,,0,102,,99361,2,,,0,187,,99359,2,,,0,153,,99358,2,,,0,200,,99360,2,,,0
5401,'5459',726,,99368,2,,,0,200,,99365,2,,,0,210,,99366,2,,,0,205,,99367,2,,,0,210,,99364,2,,,0,250,,99363,2,,,0,225,,99362,2,,,0
5401,'5460',726,,99371,2,,,0,200,,99372,2,,,0,210,,99369,2,,,0,205,,99370,2,,,0,210,,99373,2,,,0,250,,99375,2,,,0,225,,99374,2,,,0
5401,'5461',726,,99378,2,,,0,200,,99379,2,,,0,210,,99376,2,,,0,205,,99377,2,,,0,210,,99380,2,,,0,250,,99382,2,,,0,225,,99381,2,,,0
5401,'5462',726,,99385,2,,,0,200,,99386,2,,,0,210,,99383,2,,,0,205,,99384,2,,,0,210,,99387,2,,,0,250,,99389,2,,,0,225,,99388,2,,,0
5401,'5463',726,,99392,2,,,0,200,,99393,2,,,0,210,,99390,2,,,0,205,,99391,2,,,0,210,,99394,2,,,0,250,,99396,2,,,0,225,,99395,2,,,0
5501,'4832',831,,85459,2,,,0,210,,85461,2,,,0,205,,85462,2,,,0,205,,85460,2,,,0,250,,73617,2,,,0,205,,73616,2,,,0
5501,'5453',831,,85463,2,,,0,210,,85465,2,,,0,205,,85466,2,,,0,205,,85464,2,,,0,250,,80903,2,,,0,205,,80902,2,,,0
5501,'5456',628,,99454,2,,,0,128,,99453,2,,,0,245,,99452,2,,,0,135,,99455,2,,,0,200,,99458,2,,,0,105,,99457,2,,,0,195,,99459,2,,,0,195,,99460,2,,,0,195,,99456,2,,,0
5501,'5458',628,,99463,2,,,0,128,,99462,2,,,0,245,,99461,2,,,0,135,,99464,2,,,0,200,,99467,2,,,0,105,,99466,2,,,0,195,,99468,2,,,0,195,,99469,2,,,0,195,,99465,2,,,0
5501,'5459',831,,99475,2,,,0,210,,99472,2,,,0,205,,99473,2,,,0,205,,99474,2,,,0,250,,99470,2,,,0,205,,99471,2,,,0
5501,'5460',831,,99476,2,,,0,210,,99478,2,,,0,205,,99479,2,,,0,205,,99477,2,,,0,250,,99481,2,,,0,205,,99480,2,,,0
5501,'5461',831,,99482,2,,,0,210,,99484,2,,,0,205,,99485,2,,,0,205,,99483,2,,,0,250,,99487,2,,,0,205,,99486,2,,,0
5501,'5462',831,,99488,2,,,0,210,,99490,2,,,0,205,,99491,2,,,0,205,,99489,2,,,0,250,,99493,2,,,0,205,,99492,2,,,0
5501,'5463',831,,99494,2,,,0,210,,99496,2,,,0,205,,99497,2,,,0,205,,99495,2,,,0,250,,99499,2,,,0,205,,99498,2,,,0
5701,'4832',748,,85488,26,,,0,99,,73800,26,,,0,105,,73802,26,,,0,101,,73801,26,,,0,147,,73804,26,,,0,110,,73807,26,,,0,100,,73805,26,,,0,110,,73808,26,,,0,100,,73806,26,,,0,109,,85489,26,,,0,90,,85490,26,,,0,112,,73813,26,,,0,100,,73811,26,,,0,99,,73810,26,,,0,84,,73809,26,,,0
5701,'5453',748,,80922,26,,,0,99,,80919,26,,,0,105,,80921,26,,,0,101,,80920,26,,,0,147,,80923,26,,,0,110,,85491,26,,,0,100,,80924,26,,,0,110,,80927,26,,,0,100,,80925,26,,,0,109,,85493,26,,,0,90,,85494,26,,,0,112,,80932,26,,,0,100,,85492,26,,,0,99,,80929,26,,,0,84,,80928,26,,,0
5701,'5456',614,,99617,26,,,0,90,,99620,26,,,0,46,,99630,26,,,0,81,,99636,26,,,0,10,,99622,26,,,0,80,,99619,26,,,0,87,,99618,26,,,0,45,,99621,26,,,0,85,,99623,26,,,0,85,,99624,26,,,0,86,,99625,26,,,0,45,,99626,26,,,0,91,,99627,26,,,0,101,,99637,26,,,0,73,,99638,26,,,0,81,,99628,26,,,0,45,,99629,26,,,0,85,,99631,26,,,0,88,,99632,26,,,0,99,,99633,26,,,0,114,,99634,26,,,0,110,,99635,26,,,0
5701,'5458',614,,99639,26,,,0,90,,99642,26,,,0,46,,99652,26,,,0,81,,99658,26,,,0,10,,99644,26,,,0,80,,99641,26,,,0,87,,99640,26,,,0,45,,99643,26,,,0,85,,99645,26,,,0,85,,99646,26,,,0,86,,99647,26,,,0,45,,99648,26,,,0,91,,99649,26,,,0,101,,99659,26,,,0,73,,99660,26,,,0,81,,99650,26,,,0,45,,99651,26,,,0,85,,99653,26,,,0,88,,99654,26,,,0,99,,99655,26,,,0,114,,99656,26,,,0,110,,99657,26,,,0
5701,'5459',640,,99672,26,,,0,108,,99662,26,,,0,97,,99673,26,,,0,105,,99676,26,,,0,104,,99674,26,,,0,147,,99675,26,,,0,110,,99661,26,,,0,100,,99667,26,,,0,110,,99671,26,,,0,101,,99668,26,,,0,108,,99663,26,,,0,90,,99665,26,,,0,112,,99669,26,,,0,99,,99670,26,,,0,99,,99666,26,,,0,113,,99664,26,,,0
5701,'5460',748,,99680,26,,,0,99,,99677,26,,,0,105,,99679,26,,,0,101,,99678,26,,,0,147,,99681,26,,,0,110,,99684,26,,,0,100,,99682,26,,,0,110,,99685,26,,,0,100,,99683,26,,,0,109,,99689,26,,,0,90,,99691,26,,,0,112,,99690,26,,,0,100,,99688,26,,,0,99,,99687,26,,,0,84,,99686,26,,,0
5701,'5461',748,,99695,26,,,0,99,,99692,26,,,0,105,,99694,26,,,0,101,,99693,26,,,0,147,,99696,26,,,0,110,,99699,26,,,0,100,,99697,26,,,0,110,,99700,26,,,0,100,,99698,26,,,0,109,,99704,26,,,0,90,,99706,26,,,0,112,,99705,26,,,0,100,,99703,26,,,0,99,,99702,26,,,0,84,,99701,26,,,0
5701,'5462',748,,99710,26,,,0,99,,99707,26,,,0,105,,99709,26,,,0,101,,99708,26,,,0,147,,99711,26,,,0,110,,99714,26,,,0,100,,99712,26,,,0,110,,99715,26,,,0,100,,99713,26,,,0,109,,99719,26,,,0,90,,99721,26,,,0,112,,99720,26,,,0,100,,99718,26,,,0,99,,99717,26,,,0,84,,99716,26,,,0
5701,'5463',748,,99725,26,,,0,99,,99722,26,,,0,105,,99724,26,,,0,101,,99723,26,,,0,147,,99726,26,,,0,110,,99729,26,,,0,100,,99727,26,,,0,110,,99730,26,,,0,100,,99728,26,,,0,109,,99734,26,,,0,90,,99736,26,,,0,112,,99735,26,,,0,100,,99733,26,,,0,99,,99732,26,,,0,84,,99731,26,,,0
5801,'4832',746,,74006,2,,,0,100,,85535,2,,,0,105,,85533,2,,,0,105,,85536,2,,,0,145,,85531,2,,,0,100,,85534,2,,,0,110,,85530,2,,,0,100,,85537,2,,,0,110,,85532,2,,,0,100,,85538,2,,,0,105,,74016,2,,,0,100,,74018,2,,,0,105,,74019,2,,,0,200,,74015,2,,,0
5801,'5453',746,,85539,2,,,0,100,,85545,2,,,0,105,,85543,2,,,0,105,,85546,2,,,0,145,,85541,2,,,0,100,,85544,2,,,0,110,,85540,2,,,0,100,,85547,2,,,0,110,,85542,2,,,0,100,,85548,2,,,0,105,,80958,2,,,0,100,,85549,2,,,0,105,,80961,2,,,0,200,,80957,2,,,0
5801,'5456',613,,99866,2,,,0,30,,99865,2,,,0,77,,99860,2,,,0,38,,99858,2,,,0,60,,99867,2,,,0,19,,99878,2,0,41 14,0,17,,99857,2,,,0,85,,99859,2,,,0,87,,99861,2,,,0,85,,99862,2,,,0,45,,99863,2,,,0,85,,99864,2,,,0,86,,99868,2,,,0,85,,99869,2,,,0,19,,99879,2,,,0,25,,99870,2,,,0,56,,99880,2,,,0,25,,99871,2,,,0,93,,99872,2,,,0,88,,99873,2,,,0,86,,99874,2,,,0,46,,99881,2,,,0,186,,99875,2,,,0,110,,99876,2,,,0,110,,99877,2,,,0
5801,'5458',613,,99891,2,,,0,30,,99890,2,,,0,77,,99885,2,,,0,38,,99883,2,,,0,60,,99892,2,,,0,19,,99903,2,0,41 14,0,17,,99882,2,,,0,85,,99884,2,,,0,87,,99886,2,,,0,85,,99887,2,,,0,45,,99888,2,,,0,85,,99889,2,,,0,86,,99893,2,,,0,85,,99894,2,,,0,19,,99904,2,,,0,25,,99895,2,,,0,56,,99905,2,,,0,25,,99896,2,,,0,93,,99897,2,,,0,88,,99898,2,,,0,86,,99899,2,,,0,46,,99906,2,,,0,186,,99900,2,,,0,110,,99901,2,,,0,110,,99902,2,,,0
5801,'5459',646,,99919,2,,,0,100,,99920,2,,,0,100,,99921,2,,,0,105,,99922,2,,,0,105,,99918,2,,,0,145,,99917,2,,,0,100,,99916,2,,,0,110,,99915,2,,,0,100,,99913,2,,,0,110,,99914,2,,,0,100,,99908,2,,,0,105,,99909,2,,,0,100,,99910,2,,,0,105,,99911,2,,,0,115,,99912,2,,,0,110,,99907,2,,,0
5801,'5460',746,,99923,2,,,0,100,,99929,2,,,0,105,,99927,2,,,0,105,,99930,2,,,0,145,,99925,2,,,0,100,,99928,2,,,0,110,,99924,2,,,0,100,,99931,2,,,0,110,,99926,2,,,0,100,,99934,2,,,0,105,,99933,2,,,0,100,,99935,2,,,0,105,,99936,2,,,0,200,,99932,2,,,0
5801,'5461',746,,99937,2,,,0,100,,99943,2,,,0,105,,99941,2,,,0,105,,99944,2,,,0,145,,99939,2,,,0,100,,99942,2,,,0,110,,99938,2,,,0,100,,99945,2,,,0,110,,99940,2,,,0,100,,99948,2,,,0,105,,99947,2,,,0,100,,99949,2,,,0,105,,99950,2,,,0,200,,99946,2,,,0
5801,'5462',746,,99951,2,,,0,100,,99957,2,,,0,105,,99955,2,,,0,105,,99958,2,,,0,145,,99953,2,,,0,100,,99956,2,,,0,110,,99952,2,,,0,100,,99959,2,,,0,110,,99954,2,,,0,100,,99962,2,,,0,105,,99961,2,,,0,100,,99963,2,,,0,105,,99964,2,,,0,200,,99960,2,,,0
5801,'5463',746,,99965,2,,,0,100,,99971,2,,,0,105,,99969,2,,,0,105,,99972,2,,,0,145,,99967,2,,,0,100,,99970,2,,,0,110,,99966,2,,,0,100,,99973,2,,,0,110,,99968,2,,,0,100,,99976,2,,,0,105,,99975,2,,,0,100,,99977,2,,,0,105,,99978,2,,,0,200,,99974,2,,,0
5901,'4832',751,,85581,2,,,0,100,,85580,2,,,0,100,,85582,2,,,0,105,,85584,2,,,0,145,,85583,2,,,0,105,,85585,2,,,0,105,,85586,2,,,0,105,,74190,2,,,0,102,,74189,2,,,0,103,,74195,2,,,0,105,,74194,2,,,0,105,,85587,2,,,0,120,,74193,2,,,0
5901,'5453',751,,85589,2,,,0,100,,85588,2,,,0,100,,85590,2,,,0,105,,85592,2,,,0,145,,85591,2,,,0,105,,85595,2,,,0,105,,85596,2,,,0,105,,85594,2,,,0,102,,85593,2,,,0,103,,85599,2,,,0,105,,85598,2,,,0,105,,85600,2,,,0,120,,85597,2,,,0
5901,'5456',648,,100081,2,,,0,69,,100084,2,,,0,96,,100098,2,,,0,3,,100089,2,,,0,107,,100090,2,,,0,101,,100088,2,,,0,97,,100082,2,,,0,103,,100083,2,,,0,102,,100085,2,,,0,105,,100086,2,,,0,96,,100092,2,,,0,87,,100093,2,,,0,45,,100087,2,,,0,83,,100095,2,,,0,81,,100094,2,,,0,105,,100096,2,,,0,105,,100097,2,,,0,114,,100091,2,,,0
5901,'5458',648,,100099,2,,,0,69,,100102,2,,,0,96,,100116,2,,,0,3,,100107,2,,,0,107,,100108,2,,,0,101,,100106,2,,,0,97,,100100,2,,,0,103,,100101,2,,,0,102,,100103,2,,,0,105,,100104,2,,,0,96,,100110,2,,,0,87,,100111,2,,,0,45,,100105,2,,,0,83,,100113,2,,,0,81,,100112,2,,,0,105,,100114,2,,,0,105,,100115,2,,,0,114,,100109,2,,,0
5901,'5459',651,,100128,2,,,0,100,,100129,2,,,0,100,,100130,2,,,0,100,,100126,2,,,0,105,,100127,2,,,0,145,,100125,2,,,0,105,,100124,2,,,0,105,,100123,2,,,0,105,,100122,2,,,0,102,,100121,2,,,0,103,,100120,2,,,0,105,,100119,2,,,0,105,,100118,2,,,0,120,,100117,2,,,0
5901,'5460',751,,100132,2,,,0,100,,100131,2,,,0,100,,100133,2,,,0,105,,100135,2,,,0,145,,100134,2,,,0,105,,100138,2,,,0,105,,100139,2,,,0,105,,100137,2,,,0,102,,100136,2,,,0,103,,100142,2,,,0,105,,100141,2,,,0,105,,100143,2,,,0,120,,100140,2,,,0
5901,'5461',751,,100146,2,,,0,100,,100145,2,,,0,100,,100144,2,,,0,105,,100148,2,,,0,145,,100147,2,,,0,105,,100151,2,,,0,105,,100152,2,,,0,105,,100150,2,,,0,102,,100149,2,,,0,103,,100155,2,,,0,105,,100154,2,,,0,105,,100156,2,,,0,120,,100153,2,,,0
5901,'5462',751,,100158,2,,,0,100,,100157,2,,,0,100,,100159,2,,,0,105,,100161,2,,,0,145,,100160,2,,,0,105,,100164,2,,,0,105,,100165,2,,,0,105,,100163,2,,,0,102,,100162,2,,,0,103,,100168,2,,,0,105,,100167,2,,,0,105,,100169,2,,,0,120,,100166,2,,,0
5901,'5463',751,,100171,2,,,0,100,,100170,2,,,0,100,,100172,2,,,0,105,,100174,2,,,0,145,,100173,2,,,0,105,,100177,2,,,0,105,,100178,2,,,0,105,,100176,2,,,0,102,,100175,2,,,0,103,,100181,2,,,0,105,,100180,2,,,0,105,,100182,2,,,0,120,,100179,2,,,0
6001,'4832',821,,74363,2,0,28 37 14,0,100,,74364,2,0,28 37 14,0,100,,74365,2,0,28 37 14,0,105,,85650,2,0,28 37 14,0,105,,85653,2,0,28 37 14,0,105,,85654,2,0,28 37 14,0,105,,85652,2,0,28 37 14,0,105,,85651,2,0,28 37 14,0,105,,74371,2,0,28 37 14,0,105,,74372,2,0,28 37 14,0,145,,74370,2,0,28 37 14,0,105,,74374,2,0,28 37 14,0,107,,74373,2,0,28 37 14,0
6001,'5453',821,,81002,2,0,28 37 14,0,100,,81003,2,0,28 37 14,0,100,,81004,2,0,28 37 14,0,105,,81001,2,0,28 37 14,0,105,,81007,2,0,28 37 14,0,105,,81008,2,0,28 37 14,0,105,,81006,2,0,28 37 14,0,105,,81005,2,0,28 37 14,0,105,,81010,2,0,28 37 14,0,105,,81011,2,0,28 37 14,0,145,,81009,2,0,28 37 14,0,105,,81013,2,0,28 37 14,0,107,,81012,2,0,28 37 14,0
6001,'5456',710,,100290,2,0,28 37 14,0,37,,100287,2,0,28 37 14,0,72,,100289,2,0,28 37 14,0,40,,100288,2,0,28 37 14,0,93,,100294,2,0,28 37 14,0,101,,100295,2,0,28 37 14,0,101,,100296,2,0,28 37 14,0,102,,100297,2,0,28 37 14,0,150,,100293,2,0,28 37 14,0,97,,100291,2,0,28 37 14,0,50,,100292,2,0,28 37 14,0,85,,100304,2,0,28 37 14,0,82,,100303,2,0,28 37 14,0,85,,100298,2,0,28 37 14,0,100,,100299,2,0,28 37 14,0,100,,100300,2,0,28 37 14,0,110,,100301,2,0,28 37 14,0,107,,100302,2,0,28 37 14,0
6001,'5458',710,,100308,2,0,28 37 14,0,37,,100305,2,0,28 37 14,0,72,,100307,2,0,28 37 14,0,40,,100306,2,0,28 37 14,0,93,,100312,2,0,28 37 14,0,101,,100313,2,0,28 37 14,0,101,,100314,2,0,28 37 14,0,102,,100315,2,0,28 37 14,0,150,,100311,2,0,28 37 14,0,97,,100309,2,0,28 37 14,0,50,,100310,2,0,28 37 14,0,85,,100322,2,0,28 37 14,0,82,,100321,2,0,28 37 14,0,85,,100316,2,0,28 37 14,0,100,,100317,2,0,28 37 14,0,100,,100318,2,0,28 37 14,0,110,,100319,2,0,28 37 14,0,107,,100320,2,0,28 37 14,0
6001,'5459',721,,100334,2,0,28 37 14,0,100,,100335,2,0,28 37 14,0,100,,100336,2,0,28 37 14,0,100,,100333,2,0,28 37 14,0,105,,100332,2,0,28 37 14,0,105,,100331,2,0,28 37 14,0,105,,100330,2,0,28 37 14,0,105,,100329,2,0,28 37 14,0,105,,100328,2,0,28 37 14,0,105,,100327,2,0,28 37 14,0,105,,100326,2,0,28 37 14,0,145,,100325,2,0,28 37 14,0,105,,100324,2,0,28 37 14,0,107,,100323,2,0,28 37 14,0
6001,'5460',821,,100338,2,0,28 37 14,0,100,,100339,2,0,28 37 14,0,100,,100340,2,0,28 37 14,0,105,,100337,2,0,28 37 14,0,105,,100343,2,0,28 37 14,0,105,,100344,2,0,28 37 14,0,105,,100342,2,0,28 37 14,0,105,,100341,2,0,28 37 14,0,105,,100346,2,0,28 37 14,0,105,,100347,2,0,28 37 14,0,145,,100345,2,0,28 37 14,0,105,,100349,2,0,28 37 14,0,107,,100348,2,0,28 37 14,0
6001,'5461',821,,100351,2,0,28 37 14,0,100,,100352,2,0,28 37 14,0,100,,100353,2,0,28 37 14,0,105,,100350,2,0,28 37 14,0,105,,100356,2,0,28 37 14,0,105,,100357,2,0,28 37 14,0,105,,100355,2,0,28 37 14,0,105,,100354,2,0,28 37 14,0,105,,100359,2,0,28 37 14,0,105,,100360,2,0,28 37 14,0,145,,100358,2,0,28 37 14,0,105,,100362,2,0,28 37 14,0,107,,100361,2,0,28 37 14,0
6001,'5462',821,,100364,2,0,28 37 14,0,100,,100365,2,0,28 37 14,0,100,,100366,2,0,28 37 14,0,105,,100363,2,0,28 37 14,0,105,,100369,2,0,28 37 14,0,105,,100370,2,0,28 37 14,0,105,,100368,2,0,28 37 14,0,105,,100367,2,0,28 37 14,0,105,,100372,2,0,28 37 14,0,105,,100373,2,0,28 37 14,0,145,,100371,2,0,28 37 14,0,105,,100375,2,0,28 37 14,0,107,,100374,2,0,28 37 14,0
6001,'5463',821,,100377,2,0,28 37 14,0,100,,100378,2,0,28 37 14,0,100,,100379,2,0,28 37 14,0,105,,100376,2,0,28 37 14,0,105,,100382,2,0,28 37 14,0,105,,100383,2,0,28 37 14,0,105,,100381,2,0,28 37 14,0,105,,100380,2,0,28 37 14,0,105,,100385,2,0,28 37 14,0,105,,100386,2,0,28 37 14,0,145,,100384,2,0,28 37 14,0,105,,100388,2,0,28 37 14,0,107,,100387,2,0,28 37 14,0
6101,'4832',555,,74690,1,,,0,102,,74688,1,,,0,74,,74691,2,,,0,89,,74689,2,,,0,93,,74692,2,,,0,46,,74693,2,,,0,87,,74694,2,,,0,86,,74695,2,,,0,102,,74696,2,,,0,86,,74697,2,,,0,101,,74698,2,,,0,85,,74699,2,,,0,100,,74700,2,,,0,41,,74701,2,,,0,100,,74702,2,,,0,90,,74703,2,,,0,97,,74704,2,,,0,100,,74705,2,,,0,82,,74706,2,,,0,100,,74707,2,,,0,96,,74708,2,,,0
6101,'5453',555,,81041,1,,,0,102,,81039,1,,,0,74,,81042,2,,,0,89,,81040,2,,,0,93,,81043,2,,,0,46,,81044,2,,,0,87,,81045,2,,,0,86,,81046,2,,,0,102,,81047,2,,,0,86,,81048,2,,,0,101,,81049,2,,,0,85,,81050,2,,,0,100,,81051,2,,,0,41,,81052,2,,,0,100,,81053,2,,,0,90,,81054,2,,,0,97,,81055,2,,,0,100,,81056,2,,,0,82,,81057,2,,,0,100,,81058,2,,,0,96,,81059,2,,,0
6101,'5456',518,,100607,2,,,0,28,,100605,2,,,0,67,,100600,2,,,0,26,,100599,2,,,0,77,,100610,2,,,0,37,,100606,2,,,0,79,,100601,2,,,0,26,,100611,2,,,0,74,,100596,2,,,0,88,,100603,2,,,0,37,,100609,2,,,0,76,,100597,2,,,0,77,,100602,2,,,0,37,,100608,2,,,0,65,,100595,2,,,0,37,,100604,2,,,0,71,,100593,2,,,0,30,,100591,2,,,0,72,,100590,2,,,0,83,,100586,2,,,0,240,,100588,2,,,0,70,,100581,2,,,0,86,,100579,2,,,0,49,,100582,2,,,0,98,,100577,2,,,0,86,,100584,2,,,0,97,,100578,2,,,0,86,,100583,2,,,0
6101,'5458',518,,100644,2,,,0,28,,100642,2,,,0,67,,100637,2,,,0,26,,100636,2,,,0,77,,100647,2,,,0,37,,100643,2,,,0,79,,100638,2,,,0,26,,100648,2,,,0,74,,100633,2,,,0,88,,100640,2,,,0,37,,100646,2,,,0,76,,100634,2,,,0,77,,100639,2,,,0,37,,100645,2,,,0,65,,100632,2,,,0,37,,100641,2,,,0,71,,100629,2,,,0,30,,100628,2,,,0,72,,100627,2,,,0,83,,100623,2,,,0,240,,100625,2,,,0,70,,100618,2,,,0,86,,100616,2,,,0,49,,100619,2,,,0,98,,100614,2,,,0,86,,100621,2,,,0,97,,100615,2,,,0,86,,100620,2,,,0,99,,100613,2,,,0
6101,'5459',550,,100650,1,,,0,96,,100651,2,,,0,78,,100652,2,,,0,100,,100653,2,,,0,83,,100654,2,,,0,49,,100655,2,,,0,71,,100656,2,,,0,86,,100657,2,,,0,32,,100658,2,,,0,72,,100659,2,,,0,83,,100660,2,,,0,38,,100661,2,,,0,76,,100662,2,,,0,36,,100663,2,,,0,66,,100664,2,,,0,36,,100665,2,,,0,77,,100666,2,,,0,74,,100667,2,,,0,34,,100668,2,,,0,76,,100669,2,,,0,36,,100670,2,,,0,76,,100671,2,,,0,81,,100672,2,,,0,43,,100673,2,,,0,98,,100674,2,,,0,87,,100675,2,,,0,99,,100676,2,,,0,84,,100677,2,,,0,101,,100678,2,,,0
6101,'5460',555,,100681,1,,,0,102,,100679,1,,,0,74,,100682,2,,,0,89,,100680,2,,,0,93,,100683,2,,,0,46,,100684,2,,,0,87,,100685,2,,,0,86,,100686,2,,,0,102,,100687,2,,,0,86,,100688,2,,,0,101,,100689,2,,,0,85,,100690,2,,,0,100,,100691,2,,,0,41,,100692,2,,,0,100,,100693,2,,,0,90,,100694,2,,,0,97,,100695,2,,,0,100,,100696,2,,,0,82,,100697,2,,,0,100,,100698,2,,,0,96,,100699,2,,,0
6101,'5461',555,,100702,1,,,0,102,,100700,1,,,0,74,,100703,2,,,0,89,,100701,2,,,0,93,,100704,2,,,0,46,,100705,2,,,0,87,,100706,2,,,0,86,,100707,2,,,0,102,,100708,2,,,0,86,,100709,2,,,0,101,,100710,2,,,0,85,,100711,2,,,0,100,,100712,2,,,0,41,,100713,2,,,0,100,,100714,2,,,0,90,,100715,2,,,0,97,,100716,2,,,0,100,,100717,2,,,0,82,,100718,2,,,0,100,,100719,2,,,0,96,,100720,2,,,0
6101,'5462',555,,100723,1,,,0,102,,100721,1,,,0,74,,100724,2,,,0,89,,100722,2,,,0,93,,100725,2,,,0,46,,100726,2,,,0,87,,100727,2,,,0,86,,100728,2,,,0,102,,100729,2,,,0,86,,100730,2,,,0,101,,100731,2,,,0,85,,100732,2,,,0,100,,100733,2,,,0,41,,100734,2,,,0,100,,100735,2,,,0,90,,100736,2,,,0,97,,100737,2,,,0,100,,100738,2,,,0,82,,100739,2,,,0,100,,100740,2,,,0,96,,100741,2,,,0
6101,'5463',555,,100744,1,,,0,102,,100742,1,,,0,74,,100745,2,,,0,89,,100743,2,,,0,93,,100746,2,,,0,46,,100747,2,,,0,87,,100748,2,,,0,86,,100749,2,,,0,102,,100750,2,,,0,86,,100751,2,,,0,101,,100752,2,,,0,85,,100753,2,,,0,100,,100754,2,,,0,41,,100755,2,,,0,100,,100756,2,,,0,90,,100757,2,,,0,97,,100758,2,,,0,100,,100759,2,,,0,82,,100760,2,,,0,100,,100761,2,,,0,96,,100762,2,,,0
6401,'5456',636,,100789,2,,,0,577,,100786,2,,,0,500,,100790,2,0,34 35 36,0
6401,'5458',636,,100796,2,,,0,577,,100793,2,,,0,500,,100797,2,0,34 35 36,0
9501,'4832',721,,87058,23,0,15,0,30,,87059,23,0,15,0,59,,87060,23,0,15,0,20,,87061,23,0,15,0,20,,87062,23,0,15,0,55,,87063,23,0,15,0,15,,87064,23,0,15,0,16,,87065,23,0,15,0,15,,87066,23,0,15,0,57,,87067,23,0,15,0,15,,87068,23,0,15,0,15,,87069,23,0,15,0,16,,87074,23,0,15,0,55,,87070,23,0,15,0,15,,87071,23,0,15,0,15,,87072,23,0,15,0,15,,87075,23,0,15,0,56,,87076,23,0,15,0,16,,87073,23,0,15,0,15,,87077,23,0,15,0,15,,87078,23,0,15,0,55,,87079,23,0,15,0,15,,87080,23,0,15,0,15,,87081,23,0,15,0,15,,87082,23,0,15,0,56,,87083,23,0,15,0,15,,87084,23,0,15,0,15,,87085,23,0,15,0,15,,87086,23,0,15,0,55,,87087,23,0,15,0,15,,87088,23,0,15,0,15,,87089,23,0,15,0,15,,87090,23,0,15,0,56,,87091,23,0,15,0,13,,87092,23,0,15,0,12,,87093,23,0,15,0,11,,87094,23,0,15,0,53,,87095,23,0,15,0,12,,87096,23,0,15,0,12,,87097,23,0,15,0,12,,87098,23,0,15,0,12,,87099,23,0,15,0,52,,87100,23,0,15,0,12,,87101,23,0,15,0,14,,87102,23,0,15,0,15,,87103,23,0,15,0,14,,87104,23,0,15,0,55,,87105,23,0,15,0,14,,87106,23,0,15,0,15,,87107,23,0,15,0,15,,87108,23,0,15,0,55,,87109,23,0,15,0,15,,87110,23,0,15,0,15,,87111,23,0,15,0,12,,87112,23,0,15,0,55,,87113,23,0,15,0,15,,87114,23,0,15,0,15,,87115,23,0,15,0,15,,87116,23,0,15,0,55,,87117,23,0,15,0,15,,87119,23,0,15,0,19,,87118,23,0,15,0,60,,87120,23,0,15,0,18,,87121,23,0,15,0,20,,87122,23,0,15,0,72,,87123,23,0,15,0,30,,87124,23,0,15,0
9501,'5453',721,,87125,23,0,15,0,30,,87126,23,0,15,0,59,,87127,23,0,15,0,20,,87128,23,0,15,0,20,,87129,23,0,15,0,55,,87130,23,0,15,0,15,,87131,23,0,15,0,16,,87132,23,0,15,0,15,,87133,23,0,15,0,57,,87134,23,0,15,0,15,,87135,23,0,15,0,15,,87136,23,0,15,0,16,,87141,23,0,15,0,55,,87137,23,0,15,0,15,,87138,23,0,15,0,15,,87139,23,0,15,0,15,,87142,23,0,15,0,56,,87143,23,0,15,0,16,,87140,23,0,15,0,15,,87144,23,0,15,0,15,,87145,23,0,15,0,55,,87146,23,0,15,0,15,,87147,23,0,15,0,15,,87148,23,0,15,0,15,,87149,23,0,15,0,56,,87150,23,0,15,0,15,,87151,23,0,15,0,15,,87152,23,0,15,0,15,,87153,23,0,15,0,55,,87154,23,0,15,0,15,,87155,23,0,15,0,15,,87156,23,0,15,0,15,,87157,23,0,15,0,56,,87158,23,0,15,0,13,,87159,23,0,15,0,12,,87160,23,0,15,0,11,,87161,23,0,15,0,53,,87162,23,0,15,0,12,,87163,23,0,15,0,12,,87164,23,0,15,0,12,,87165,23,0,15,0,12,,87166,23,0,15,0,52,,87167,23,0,15,0,12,,87168,23,0,15,0,14,,87169,23,0,15,0,15,,87170,23,0,15,0,14,,87171,23,0,15,0,55,,87172,23,0,15,0,14,,87173,23,0,15,0,15,,87174,23,0,15,0,15,,87175,23,0,15,0,55,,87176,23,0,15,0,15,,87177,23,0,15,0,15,,87178,23,0,15,0,12,,87179,23,0,15,0,55,,87180,23,0,15,0,15,,87181,23,0,15,0,15,,87182,23,0,15,0,15,,87183,23,0,15,0,55,,87184,23,0,15,0,15,,87186,23,0,15,0,19,,87185,23,0,15,0,60,,87187,23,0,15,0,18,,87188,23,0,15,0,20,,87189,23,0,15,0,72,,87190,23,0,15,0,30,,87191,23,0,15,0
9501,'5456',513,,102898,9,0,15,0,25,,102896,23,0,15,0,67,,102897,23,0,15,0,21,,102899,23,0,15,0,15,,102900,23,0,15,0,12,,102904,23,0,15,0,54,,102903,23,0,15,0,12,,102906,23,0,15,0,12,,102901,23,0,15,0,13,,102913,23,0,15,0,13,,102915,23,0,15,0,54,,102914,23,0,15,0,12,,102905,23,0,15,0,13,,102912,23,0,15,0,13,,102911,23,0,15,0,51,,102902,23,0,15,0,12,,102907,23,0,15,0,11,,102910,23,0,15,0,12,,102909,23,0,15,0,12,,102908,23,0,15,0,12,,102916,23,0,15,0,52,,102930,23,0,15,0,12,,102920,23,0,15,0,12,,102929,23,0,15,0,13,,102934,23,0,15,0,52,,102918,23,0,15,0,11,,102931,23,0,15,0,13,,102926,23,0,15,0,12,,102928,23,0,15,0,13,,102923,23,0,15,0,52,,102933,23,0,15,0,13,,102924,23,0,15,0,12,,102919,23,0,15,0,12,,102925,23,0,15,0,12,,102921,23,0,15,0,52,,102917,23,0,15,0,12,,102932,23,0,15,0,11,,102922,23,0,15,0,12,,102927,23,0,15,0,10,,102977,23,0,15,0,10,,102944,23,0,15,0,50,,102948,23,0,15,0,10,,102943,23,0,15,0,11,,102936,23,0,15,0,10,,102984,23,0,15,0,10,,102942,23,0,15,0,11,,102937,23,0,15,0,52,,102978,23,0,15,0,11,,102947,23,0,15,0,11,,102940,23,0,15,0,10,,102941,23,0,15,0,11,,102946,23,0,15,0,51,,102975,23,0,15,0,10,,102945,23,0,15,0,10,,102949,23,0,15,0,10,,102938,23,0,15,0,9,,102986,23,0,15,0,8,,102935,23,0,15,0,48,,102981,23,0,15,0,8,,102939,23,0,15,0,8,,102991,23,0,15,0,8,,102951,23,0,15,0,8,,102979,23,0,15,0,7,,102963,23,0,15,0,6,,102993,23,0,15,0,1,,102956,23,0,15,0,5,,102976,23,0,15,0,7,,102955,23,0,15,0,48,,102961,23,0,15,0,8,,102992,23,0,15,0,9,,102959,23,0,15,0,7,,102958,23,0,15,0,7,,102965,23,0,15,0,10,,102953,23,0,15,0,10,,102985,23,0,15,0,49,,102983,23,0,15,0,11,,102990,23,0,15,0,12,,102950,23,0,15,0,12,,102957,23,0,15,0,11,,102954,23,0,15,0,51,,102962,23,0,15,0,12,,102960,23,0,15,0,12,,102964,23,0,15,0,14,,102952,23,0,15,0,14,,102982,23,0,15,0,55,,102989,23,0,15,0,15,,102970,23,0,15,0,15,,102969,23,0,15,0,15,,102971,23,0,15,0,55,,102973,23,0,15,0,14,,102967,23,0,15,0,19,,102980,23,0,15,0,60,,102987,23,0,15,0,18,,102968,23,0,15,0,20,,102972,23,0,15,0,66,,102966,23,0,15,0,29,,102988,23,0,15,0,70,,102974,23,0,15,0
9501,'5458',513,,102996,9,0,15,0,25,,102994,23,0,15,0,67,,102995,23,0,15,0,21,,102997,23,0,15,0,15,,102998,23,0,15,0,12,,103002,23,0,15,0,54,,103001,23,0,15,0,12,,103004,23,0,15,0,12,,102999,23,0,15,0,13,,103011,23,0,15,0,13,,103013,23,0,15,0,54,,103012,23,0,15,0,12,,103003,23,0,15,0,13,,103010,23,0,15,0,13,,103009,23,0,15,0,51,,103000,23,0,15,0,12,,103005,23,0,15,0,11,,103008,23,0,15,0,12,,103007,23,0,15,0,12,,103006,23,0,15,0,12,,103014,23,0,15,0,52,,103028,23,0,15,0,12,,103018,23,0,15,0,12,,103027,23,0,15,0,13,,103032,23,0,15,0,52,,103016,23,0,15,0,11,,103029,23,0,15,0,13,,103024,23,0,15,0,12,,103026,23,0,15,0,13,,103021,23,0,15,0,52,,103031,23,0,15,0,13,,103022,23,0,15,0,12,,103017,23,0,15,0,12,,103023,23,0,15,0,12,,103019,23,0,15,0,52,,103015,23,0,15,0,12,,103030,23,0,15,0,11,,103020,23,0,15,0,12,,103025,23,0,15,0,10,,103076,23,0,15,0,10,,103042,23,0,15,0,50,,103046,23,0,15,0,10,,103041,23,0,15,0,11,,103034,23,0,15,0,10,,103083,23,0,15,0,10,,103040,23,0,15,0,11,,103035,23,0,15,0,52,,103077,23,0,15,0,11,,103045,23,0,15,0,11,,103038,23,0,15,0,10,,103039,23,0,15,0,11,,103044,23,0,15,0,51,,103074,23,0,15,0,10,,103043,23,0,15,0,10,,103047,23,0,15,0,10,,103036,23,0,15,0,9,,103085,23,0,15,0,8,,103033,23,0,15,0,48,,103080,23,0,15,0,8,,103037,23,0,15,0,8,,103090,23,0,15,0,8,,103049,23,0,15,0,8,,103078,23,0,15,0,7,,103061,23,0,15,0,6,,103095,23,0,15,0,1,,103054,23,0,15,0,5,,103075,23,0,15,0,7,,103053,23,0,15,0,48,,103059,23,0,15,0,8,,103091,23,0,15,0,9,,103057,23,0,15,0,7,,103056,23,0,15,0,7,,103063,23,0,15,0,10,,103051,23,0,15,0,10,,103084,23,0,15,0,49,,103082,23,0,15,0,11,,103089,23,0,15,0,12,,103048,23,0,15,0,12,,103055,23,0,15,0,11,,103052,23,0,15,0,51,,103060,23,0,15,0,12,,103058,23,0,15,0,12,,103062,23,0,15,0,14,,103050,23,0,15,0,14,,103081,23,0,15,0,55,,103088,23,0,15,0,15,,103068,23,0,15,0,15,,103067,23,0,15,0,15,,103069,23,0,15,0,55,,103071,23,0,15,0,14,,103065,23,0,15,0,19,,103079,23,0,15,0,60,,103086,23,0,15,0,18,,103066,23,0,15,0,20,,103070,23,0,15,0,66,,103064,23,0,15,0,29,,103087,23,0,15,0,70,,103073,23,0,15,0,30,,103072,23,0,15,0,70,,103092,23,0,15,0,30,,103093,23,0,15,0,70,,103094,23,0,15,0
9501,'5459',637,,103097,23,0,15,0,77,,103098,23,0,15,0,20,,103099,23,0,15,0,20,,103100,23,0,15,0,60,,103101,23,0,15,0,15,,103102,23,0,15,0,15,,103096,23,0,15,0,15,,103103,23,0,15,0,57,,103104,23,0,15,0,15,,103105,23,0,15,0,16,,103106,23,0,15,0,55,,103107,23,0,15,0,16,,103108,23,0,15,0,15,,103109,23,0,15,0,16,,103110,23,0,15,0,55,,103111,23,0,15,0,16,,103112,23,0,15,0,16,,103113,23,0,15,0,15,,103114,23,0,15,0,57,,103115,23,0,15,0,15,,103116,23,0,15,0,15,,103117,23,0,15,0,14,,103118,23,0,15,0,53,,103119,23,0,15,0,12,,103120,23,0,15,0,12,,103121,23,0,15,0,12,,103122,23,0,15,0,12,,103123,23,0,15,0,52,,103124,23,0,15,0,12,,103125,23,0,15,0,12,,103126,23,0,15,0,12,,103127,23,0,15,0,13,,103128,23,0,15,0,53,,103129,23,0,15,0,12,,103130,23,0,15,0,12,,103131,23,0,15,0,12,,103132,23,0,15,0,13,,103133,23,0,15,0,52,,103134,23,0,15,0,12,,103135,23,0,15,0,11,,103136,23,0,15,0,11,,103137,23,0,15,0,12,,103138,23,0,15,0,51,,103139,23,0,15,0,11,,103140,23,0,15,0,12,,103141,23,0,15,0,12,,103142,23,0,15,0,12,,103143,23,0,15,0,52,,103144,23,0,15,0,12,,103145,23,0,15,0,12,,103146,23,0,15,0,12,,103147,23,0,15,0,12,,103148,23,0,15,0,52,,103149,23,0,15,0,12,,103150,23,0,15,0,12,,103151,23,0,15,0,14,,103152,23,0,15,0,15,,103153,23,0,15,0,55,,103154,23,0,15,0,14,,103155,23,0,15,0,15,,103156,23,0,15,0,15,,103157,23,0,15,0,54,,103158,23,0,15,0,15,,103159,23,0,15,0,14,,103160,23,0,15,0,15,,103161,23,0,15,0,55,,103162,23,0,15,0,15,,103163,23,0,15,0,20,,103164,23,0,15,0,60,,103165,23,0,15,0,19,,103166,23,0,15,0,20,,103167,23,0,15,0,66,,103168,23,0,15,0,28,,103169,23,0,15,0,70,,103170,23,0,15,0,30,,103171,23,0,15,0,69,,103172,23,0,15,0,30,,103173,23,0,15,0,70,,103174,23,0,15,0
9501,'5460',721,,103175,23,0,15,0,30,,103176,23,0,15,0,59,,103177,23,0,15,0,20,,103178,23,0,15,0,20,,103179,23,0,15,0,55,,103180,23,0,15,0,15,,103181,23,0,15,0,16,,103182,23,0,15,0,15,,103183,23,0,15,0,57,,103184,23,0,15,0,15,,103185,23,0,15,0,15,,103186,23,0,15,0,16,,103191,23,0,15,0,55,,103187,23,0,15,0,15,,103188,23,0,15,0,15,,103189,23,0,15,0,15,,103192,23,0,15,0,56,,103193,23,0,15,0,16,,103190,23,0,15,0,15,,103194,23,0,15,0,15,,103195,23,0,15,0,55,,103196,23,0,15,0,15,,103197,23,0,15,0,15,,103198,23,0,15,0,15,,103199,23,0,15,0,56,,103200,23,0,15,0,15,,103201,23,0,15,0,15,,103202,23,0,15,0,15,,103203,23,0,15,0,55,,103204,23,0,15,0,15,,103205,23,0,15,0,15,,103206,23,0,15,0,15,,103207,23,0,15,0,56,,103208,23,0,15,0,13,,103209,23,0,15,0,12,,103210,23,0,15,0,11,,103211,23,0,15,0,53,,103212,23,0,15,0,12,,103213,23,0,15,0,12,,103214,23,0,15,0,12,,103215,23,0,15,0,12,,103216,23,0,15,0,52,,103217,23,0,15,0,12,,103218,23,0,15,0,14,,103219,23,0,15,0,15,,103220,23,0,15,0,14,,103221,23,0,15,0,55,,103222,23,0,15,0,14,,103223,23,0,15,0,15,,103224,23,0,15,0,15,,103225,23,0,15,0,55,,103226,23,0,15,0,15,,103227,23,0,15,0,15,,103228,23,0,15,0,12,,103229,23,0,15,0,55,,103230,23,0,15,0,15,,103231,23,0,15,0,15,,103232,23,0,15,0,15,,103233,23,0,15,0,55,,103234,23,0,15,0,15,,103236,23,0,15,0,19,,103235,23,0,15,0,60,,103237,23,0,15,0,18,,103238,23,0,15,0,20,,103239,23,0,15,0,72,,103240,23,0,15,0,35,,103241,23,0,15,0
9501,'5461',721,,103242,23,0,15,0,30,,103243,23,0,15,0,59,,103244,23,0,15,0,20,,103245,23,0,15,0,20,,103246,23,0,15,0,55,,103247,23,0,15,0,15,,103248,23,0,15,0,16,,103249,23,0,15,0,15,,103250,23,0,15,0,57,,103251,23,0,15,0,15,,103252,23,0,15,0,15,,103253,23,0,15,0,16,,103258,23,0,15,0,55,,103254,23,0,15,0,15,,103255,23,0,15,0,15,,103256,23,0,15,0,15,,103259,23,0,15,0,56,,103260,23,0,15,0,16,,103257,23,0,15,0,15,,103261,23,0,15,0,15,,103262,23,0,15,0,55,,103263,23,0,15,0,15,,103264,23,0,15,0,15,,103265,23,0,15,0,15,,103266,23,0,15,0,56,,103267,23,0,15,0,15,,103268,23,0,15,0,15,,103269,23,0,15,0,15,,103270,23,0,15,0,55,,103271,23,0,15,0,15,,103272,23,0,15,0,15,,103273,23,0,15,0,15,,103274,23,0,15,0,56,,103275,23,0,15,0,13,,103276,23,0,15,0,12,,103277,23,0,15,0,11,,103278,23,0,15,0,53,,103279,23,0,15,0,12,,103280,23,0,15,0,12,,103281,23,0,15,0,12,,103282,23,0,15,0,12,,103283,23,0,15,0,52,,103284,23,0,15,0,12,,103285,23,0,15,0,14,,103286,23,0,15,0,15,,103287,23,0,15,0,14,,103288,23,0,15,0,55,,103289,23,0,15,0,14,,103290,23,0,15,0,15,,103291,23,0,15,0,15,,103292,23,0,15,0,55,,103293,23,0,15,0,15,,103294,23,0,15,0,15,,103295,23,0,15,0,12,,103296,23,0,15,0,55,,103297,23,0,15,0,15,,103298,23,0,15,0,15,,103299,23,0,15,0,15,,103300,23,0,15,0,55,,103301,23,0,15,0,15,,103303,23,0,15,0,19,,103302,23,0,15,0,60,,103304,23,0,15,0,18,,103305,23,0,15,0,20,,103306,23,0,15,0,72,,103307,23,0,15,0,35,,103308,23,0,15,0
9501,'5462',721,,103309,23,0,15,0,30,,103310,23,0,15,0,59,,103311,23,0,15,0,20,,103312,23,0,15,0,20,,103313,23,0,15,0,55,,103314,23,0,15,0,15,,103315,23,0,15,0,16,,103316,23,0,15,0,15,,103317,23,0,15,0,57,,103318,23,0,15,0,15,,103319,23,0,15,0,15,,103320,23,0,15,0,16,,103325,23,0,15,0,55,,103321,23,0,15,0,15,,103322,23,0,15,0,15,,103323,23,0,15,0,15,,103326,23,0,15,0,56,,103327,23,0,15,0,16,,103324,23,0,15,0,15,,103328,23,0,15,0,15,,103329,23,0,15,0,55,,103330,23,0,15,0,15,,103331,23,0,15,0,15,,103332,23,0,15,0,15,,103333,23,0,15,0,56,,103334,23,0,15,0,15,,103335,23,0,15,0,15,,103336,23,0,15,0,15,,103337,23,0,15,0,55,,103338,23,0,15,0,15,,103339,23,0,15,0,15,,103340,23,0,15,0,15,,103341,23,0,15,0,56,,103342,23,0,15,0,13,,103343,23,0,15,0,12,,103344,23,0,15,0,11,,103345,23,0,15,0,53,,103346,23,0,15,0,12,,103347,23,0,15,0,12,,103348,23,0,15,0,12,,103349,23,0,15,0,12,,103350,23,0,15,0,52,,103351,23,0,15,0,12,,103352,23,0,15,0,14,,103353,23,0,15,0,15,,103354,23,0,15,0,14,,103355,23,0,15,0,55,,103356,23,0,15,0,14,,103357,23,0,15,0,15,,103358,23,0,15,0,15,,103359,23,0,15,0,55,,103360,23,0,15,0,15,,103361,23,0,15,0,15,,103362,23,0,15,0,12,,103363,23,0,15,0,55,,103364,23,0,15,0,15,,103365,23,0,15,0,15,,103366,23,0,15,0,15,,103367,23,0,15,0,55,,103368,23,0,15,0,15,,103370,23,0,15,0,19,,103369,23,0,15,0,60,,103371,23,0,15,0,18,,103372,23,0,15,0,20,,103373,23,0,15,0,72,,103374,23,0,15,0,35,,103375,23,0,15,0
9501,'5463',721,,103376,23,0,15,0,30,,103377,23,0,15,0,59,,103378,23,0,15,0,20,,103379,23,0,15,0,20,,103380,23,0,15,0,55,,103381,23,0,15,0,15,,103382,23,0,15,0,16,,103383,23,0,15,0,15,,103384,23,0,15,0,57,,103385,23,0,15,0,15,,103386,23,0,15,0,15,,103387,23,0,15,0,16,,103392,23,0,15,0,55,,103388,23,0,15,0,15,,103389,23,0,15,0,15,,103390,23,0,15,0,15,,103393,23,0,15,0,56,,103394,23,0,15,0,16,,103391,23,0,15,0,15,,103395,23,0,15,0,15,,103396,23,0,15,0,55,,103397,23,0,15,0,15,,103398,23,0,15,0,15,,103399,23,0,15,0,15,,103400,23,0,15,0,56,,103401,23,0,15,0,15,,103402,23,0,15,0,15,,103403,23,0,15,0,15,,103404,23,0,15,0,55,,103405,23,0,15,0,15,,103406,23,0,15,0,15,,103407,23,0,15,0,15,,103408,23,0,15,0,56,,103409,23,0,15,0,13,,103410,23,0,15,0,12,,103411,23,0,15,0,11,,103412,23,0,15,0,53,,103413,23,0,15,0,12,,103414,23,0,15,0,12,,103415,23,0,15,0,12,,103416,23,0,15,0,12,,103417,23,0,15,0,52,,103418,23,0,15,0,12,,103419,23,0,15,0,14,,103420,23,0,15,0,15,,103421,23,0,15,0,14,,103422,23,0,15,0,55,,103423,23,0,15,0,14,,103424,23,0,15,0,15,,103425,23,0,15,0,15,,103426,23,0,15,0,55,,103427,23,0,15,0,15,,103428,23,0,15,0,15,,103429,23,0,15,0,12,,103430,23,0,15,0,55,,103431,23,0,15,0,15,,103432,23,0,15,0,15,,103433,23,0,15,0,15,,103434,23,0,15,0,55,,103435,23,0,15,0,15,,103437,23,0,15,0,19,,103436,23,0,15,0,60,,103438,23,0,15,0,18,,103439,23,0,15,0,20,,103440,23,0,15,0,72,,103441,23,0,15,0,35,,103442,23,0,15,0
24005101,'5456',808,,104118,24,,,0,32,,104116,24,,,0,75,,104117,24,,,0,98,,104119,24,,,0,98,,104115,24,,,0,101,,104120,24,,,0,101,,104114,24,,,0,103,,104121,24,,,0,110,,104113,24,,,0,33,,104109,24,4,,0,52,,104107,24,,,0,21,,104111,24,,,0,68,,104110,24,,,0,32,,104104,24,,,0,24,,104112,24,,,0,64,,104108,24,,,0,97,,104105,24,,,0,100,,104106,24,,,0
24005101,'5458',808,,104136,24,,,0,32,,104134,24,,,0,75,,104135,24,,,0,98,,104137,24,,,0,98,,104133,24,,,0,101,,104138,24,,,0,101,,104132,24,,,0,103,,104139,24,,,0,110,,104131,24,,,0,33,,104127,24,4,,0,52,,104125,24,,,0,21,,104129,24,,,0,68,,104128,24,,,0,32,,104122,24,,,0,24,,104130,24,,,0,64,,104126,24,,,0,97,,104123,24,,,0,100,,104124,24,,,0
