800,'5456',630,,90530,17,,,0,88,,90531,17,,,0,29,,90532,17,,,0,59,,90554,17,,,0,22,,90534,17,,,0,89,,90533,17,,,0,35,,90536,17,,,0,82,,90535,17,,,0,83,,90537,17,,,0,35,,90540,17,,,0,84,,90538,17,,,0,85,,90539,17,,,0,83,,90542,17,,,0,47,,90555,17,0,16,0,54,,90541,17,,,0,42,,90544,17,,,0,85,,90543,17,,,0,71,,90546,17,,,0,34,,90545,17,,,0,72,,90548,17,,,0,32,,90547,17,,,0,71,,90549,17,,,0,95,,90550,17,,,0,43,,90551,17,,,0,96,,90552,17,,,0,83,,90553,17,,,0
800,'5458',630,,90556,17,,,0,88,,90557,17,,,0,29,,90558,17,,,0,59,,90580,17,,,0,22,,90560,17,,,0,89,,90559,17,,,0,35,,90562,17,,,0,82,,90561,17,,,0,83,,90563,17,,,0,35,,90566,17,,,0,84,,90564,17,,,0,85,,90565,17,,,0,83,,90568,17,,,0,47,,90581,17,0,16,0,54,,90567,17,,,0,42,,90570,17,,,0,85,,90569,17,,,0,71,,90572,17,,,0,34,,90571,17,,,0,72,,90574,17,,,0,32,,90573,17,,,0,71,,90575,17,,,0,95,,90576,17,,,0,43,,90577,17,,,0,96,,90578,17,,,0,83,,90579,17,,,0
800,'5459',718,,90588,6,,,0,85,,90589,6,,,0,45,,90590,6,,,0,86,,90583,6,,,0,90,,90584,6,,,0,85,,90582,6,,,0,50,,90585,6,,,0,90,,90586,6,,,0,90,,90587,6,,,0,93,,90591,6,,,0,90,,90592,6,,,0,92,,90593,6,,,0,88,,90594,6,,,0,47,,90595,6,,,0,85,,90596,6,,,0
800,'5460',848,,90598,6,,,0,86,,90599,6,,,0,90,,90600,6,,,0,85,,90601,6,,,0,50,,90602,6,,,0,90,,90597,6,,,0,90,,90603,6,,,0,92,,90604,6,,,0,91,,90605,6,,,0,92,,90606,6,,,0,88,,90607,6,,,0
800,'5461',848,,90609,6,,,0,86,,90610,6,,,0,90,,90611,6,,,0,85,,90612,6,,,0,50,,90613,6,,,0,90,,90608,6,,,0,90,,90614,6,,,0,92,,90615,6,,,0,91,,90616,6,,,0,92,,90617,6,,,0,88,,90618,6,,,0
800,'5462',848,,90620,6,,,0,86,,90621,6,,,0,90,,90622,6,,,0,85,,90623,6,,,0,50,,90624,6,,,0,90,,90619,6,,,0,90,,90625,6,,,0,92,,90626,6,,,0,91,,90627,6,,,0,92,,90628,6,,,0,88,,90629,6,,,0
800,'5463',848,,90631,6,,,0,86,,90632,6,,,0,90,,90633,6,,,0,85,,90634,6,,,0,50,,90635,6,,,0,90,,90630,6,,,0,90,,90636,6,,,0,92,,90637,6,,,0,91,,90638,6,,,0,92,,90639,6,,,0,88,,90640,6,,,0
900,'5456',703,,90756,5,,,0,13,,90754,5,,,0,13,,90755,24,,,0,15,,90752,5,,,0,68,,90753,24,,,0
900,'5458',703,,90761,5,,,0,13,,90759,5,,,0,13,,90760,24,,,0,15,,90757,5,,,0,68,,90758,24,,,0
1100,'5456',559,,90998,17,,,0,70,,91001,17,,,0,21,,90994,17,,,0,57,,91008,17,,,0,18,,90996,17,,,0,18,,91005,17,,,0,15,,91021,17,,,0,55,,90997,17,,,0,18,,91014,17,,,0,18,,91000,17,,,0,61,,90999,17,,,0,25,,91010,17,,,0,66,,91002,17,,,0,25,,91018,17,,,0,25,,91003,17,,,0,65,,91004,17,,,0,24,,91006,17,,,0,65,,91009,17,,,0,25,,91007,17,,,0,25,,91019,17,,,0,67,,91011,17,,,0,24,,91012,17,,,0,58,,91025,17,,,0,17,,91013,17,,,0,18,,91015,17,,,0,18,,91043,17,,,0,57,,91016,17,,,0,20,,91020,17,,,0,19,,91038,17,,,0,59,,91017,17,,,0,19,,91022,17,,,0,18,,91026,17,,,0,57,,91024,17,,,0,18,,91023,17,,,0,17,,91042,17,,,0,18,,91028,17,,,0,55,,91027,17,,,0,18,,91041,17,,,0,19,,91029,17,,,0,65,,91030,17,,,0,30,,91031,17,,,0,75,,91032,17,,,0,30,,91040,17,,,0,75,,91034,17,,,0,30,,91033,17,,,0,74,,91035,17,,,0,70,,91039,17,,,0,31,,91036,17,,,0,83,,91037,17,,,0
1100,'5458',559,,91048,17,,,0,70,,91051,17,,,0,21,,91044,17,,,0,57,,91058,17,,,0,18,,91046,17,,,0,18,,91055,17,,,0,15,,91071,17,,,0,55,,91047,17,,,0,18,,91064,17,,,0,18,,91050,17,,,0,61,,91049,17,,,0,25,,91060,17,,,0,66,,91052,17,,,0,25,,91068,17,,,0,25,,91053,17,,,0,65,,91054,17,,,0,24,,91056,17,,,0,65,,91059,17,,,0,25,,91057,17,,,0,25,,91069,17,,,0,67,,91061,17,,,0,24,,91062,17,,,0,58,,91075,17,,,0,17,,91063,17,,,0,18,,91065,17,,,0,18,,91093,17,,,0,57,,91066,17,,,0,20,,91070,17,,,0,19,,91088,17,,,0,59,,91067,17,,,0,19,,91072,17,,,0,18,,91076,17,,,0,57,,91074,17,,,0,18,,91073,17,,,0,17,,91092,17,,,0,18,,91078,17,,,0,55,,91077,17,,,0,18,,91091,17,,,0,19,,91079,17,,,0,65,,91080,17,,,0,30,,91081,17,,,0,75,,91082,17,,,0,30,,91090,17,,,0,75,,91084,17,,,0,30,,91083,17,,,0,74,,91085,17,,,0,70,,91089,17,,,0,31,,91086,17,,,0,83,,91087,17,,,0
1100,'5459',716,,91124,17,,,0,35,,91108,17,,,0,76,,91094,17,,,0,30,,91098,17,,,0,70,,91125,17,,,0,30,,91116,17,,,0,65,,91103,17,,,0,25,,91095,17,,,0,65,,91101,17,,,0,28,,91113,17,,,0,65,,91097,17,,,0,25,,91111,17,,,0,24,,91105,17,,,0,64,,91096,17,,,0,25,,91099,17,,,0,65,,91112,17,,,0,25,,91104,17,,,0,25,,91115,17,,,0,67,,91107,17,,,0,25,,91102,17,,,0,65,,91106,17,,,0,24,,91123,17,,,0,64,,91100,17,,,0,24,,91114,17,,,0,25,,91126,17,,,0,65,,91117,17,,,0,25,,91109,17,,,0,64,,91110,17,,,0,25,,91119,17,,,0,25,,91121,17,,,0,65,,91118,17,,,0,30,,91120,17,,,0,70,,91122,17,,,0,34,,91127,17,,,0,75,,91128,17,,,0,70,,91129,17,,,0,30,,91130,17,,,0,80,,91131,17,,,0
1100,'5460',731,,91133,17,,,0,80,,91132,17,,,0,40,,91135,17,,,0,70,,91134,17,,,0,31,,91137,17,,,0,75,,91136,17,,,0,75,,91141,17,,,0,31,,91139,17,,,0,70,,91138,17,,,0,30,,91140,17,,,0,70,,91144,17,,,0,30,,91145,17,,,0,70,,91143,17,,,0,30,,91142,17,,,0,70,,91148,17,,,0,30,,91147,17,,,0,70,,91146,17,,,0,30,,91150,17,,,0,69,,91151,17,,,0,30,,91149,17,,,0,69,,91152,17,,,0,30,,91153,17,,,0,70,,91155,17,,,0,45,,91154,17,,,0,85,,91156,17,,,0,84,,91157,17,,,0,40,,91158,17,,,0,85,,91159,17,,,0,85,,91160,17,,,0
1100,'5461',731,,91162,17,,,0,80,,91161,17,,,0,40,,91164,17,,,0,70,,91163,17,,,0,31,,91166,17,,,0,75,,91165,17,,,0,75,,91170,17,,,0,31,,91168,17,,,0,70,,91167,17,,,0,30,,91169,17,,,0,70,,91173,17,,,0,30,,91174,17,,,0,70,,91172,17,,,0,30,,91171,17,,,0,70,,91177,17,,,0,30,,91176,17,,,0,70,,91175,17,,,0,30,,91179,17,,,0,69,,91180,17,,,0,30,,91178,17,,,0,69,,91181,17,,,0,30,,91182,17,,,0,70,,91184,17,,,0,45,,91183,17,,,0,85,,91185,17,,,0,84,,91186,17,,,0,40,,91187,17,,,0,85,,91188,17,,,0,85,,91189,17,,,0
1100,'5462',731,,91191,17,,,0,80,,91190,17,,,0,40,,91193,17,,,0,70,,91192,17,,,0,31,,91195,17,,,0,75,,91194,17,,,0,75,,91199,17,,,0,31,,91197,17,,,0,70,,91196,17,,,0,30,,91198,17,,,0,70,,91202,17,,,0,30,,91203,17,,,0,70,,91201,17,,,0,30,,91200,17,,,0,70,,91206,17,,,0,30,,91205,17,,,0,70,,91204,17,,,0,30,,91208,17,,,0,69,,91209,17,,,0,30,,91207,17,,,0,69,,91210,17,,,0,30,,91211,17,,,0,70,,91213,17,,,0,45,,91212,17,,,0,85,,91214,17,,,0,84,,91215,17,,,0,40,,91216,17,,,0,85,,91217,17,,,0,85,,91218,17,,,0
1100,'5463',731,,91220,17,,,0,80,,91219,17,,,0,40,,91222,17,,,0,70,,91221,17,,,0,31,,91224,17,,,0,75,,91223,17,,,0,75,,91228,17,,,0,31,,91226,17,,,0,70,,91225,17,,,0,30,,91227,17,,,0,70,,91231,17,,,0,30,,91232,17,,,0,70,,91230,17,,,0,30,,91229,17,,,0,70,,91235,17,,,0,30,,91234,17,,,0,70,,91233,17,,,0,30,,91237,17,,,0,69,,91238,17,,,0,30,,91236,17,,,0,69,,91239,17,,,0,30,,91240,17,,,0,70,,91242,17,,,0,45,,91241,17,,,0,85,,91243,17,,,0,84,,91244,17,,,0,40,,91245,17,,,0,85,,91246,17,,,0,85,,91247,17,,,0
