4700,'5456',638,,98600,35,,,0,62,,98598,35,,,0,24,,98599,35,,,0
4700,'5458',638,,98603,35,,,0,62,,98601,35,,,0,24,,98602,35,,,0
4701,'5456',1658,,98604,29,,,0,67,,98605,29,,,0,29,,98606,29,,,0
4701,'5458',1658,,98607,29,,,0,67,,98608,29,,,0,29,,98609,29,,,0
5701,'5456',603,,99617,11,,,0,48,,99620,11,,,0,85,,99630,11,,,0,79,,99636,11,,,0,10,,99622,11,,,0,83,,99619,11,,,0,47,,99618,11,,,0,84,,99621,11,,,0,85,,99623,11,,,0,85,,99624,11,,,0,46,,99625,11,,,0,85,,99626,11,,,0,90,,99627,11,,,0,100,,99637,11,,,0,72,,99638,11,,,0,43,,99628,11,,,0,86,,99629,11,,,0,87,,99631,11,,,0,88,,99632,11,,,0,99,,99633,11,,,0,116,,99634,11,,,0,110,,99635,11,,,0
5701,'5458',603,,99639,11,,,0,48,,99642,11,,,0,85,,99652,11,,,0,79,,99658,11,,,0,10,,99644,11,,,0,83,,99641,11,,,0,47,,99640,11,,,0,84,,99643,11,,,0,85,,99645,11,,,0,85,,99646,11,,,0,46,,99647,11,,,0,85,,99648,11,,,0,90,,99649,11,,,0,100,,99659,11,,,0,72,,99660,11,,,0,43,,99650,11,,,0,86,,99651,11,,,0,87,,99653,11,,,0,88,,99654,11,,,0,99,,99655,11,,,0,116,,99656,11,,,0,110,,99657,11,,,0
5701,'5459',629,,99672,11,,,0,108,,99662,11,,,0,97,,99673,11,,,0,105,,99676,11,,,0,101,,99674,11,,,0,107,,99675,11,,,0,110,,99661,11,,,0,100,,99667,11,,,0,150,,99671,11,,,0,101,,99668,11,,,0,108,,99663,11,,,0,91,,99665,11,,,0,114,,99669,11,,,0,99,,99670,11,,,0,99,,99666,11,,,0,113,,99664,11,,,0
5701,'5460',737,,99680,11,,,0,99,,99677,11,,,0,105,,99679,11,,,0,100,,99678,11,,,0,106,,99681,11,,,0,110,,99684,11,,,0,100,,99682,11,,,0,150,,99685,11,,,0,100,,99683,11,,,0,110,,99689,11,,,0,90,,99691,11,,,0,113,,99690,11,,,0,100,,99688,11,,,0,99,,99687,11,,,0,85,,99686,11,,,0
5701,'5461',737,,99695,11,,,0,99,,99692,11,,,0,105,,99694,11,,,0,100,,99693,11,,,0,106,,99696,11,,,0,110,,99699,11,,,0,100,,99697,11,,,0,150,,99700,11,,,0,100,,99698,11,,,0,110,,99704,11,,,0,90,,99706,11,,,0,113,,99705,11,,,0,100,,99703,11,,,0,99,,99702,11,,,0,85,,99701,11,,,0
5701,'5462',737,,99710,11,,,0,99,,99707,11,,,0,105,,99709,11,,,0,100,,99708,11,,,0,106,,99711,11,,,0,110,,99714,11,,,0,100,,99712,11,,,0,150,,99715,11,,,0,100,,99713,11,,,0,110,,99719,11,,,0,90,,99721,11,,,0,113,,99720,11,,,0,100,,99718,11,,,0,99,,99717,11,,,0,85,,99716,11,,,0
5701,'5463',737,,99725,11,,,0,99,,99722,11,,,0,105,,99724,11,,,0,100,,99723,11,,,0,106,,99726,11,,,0,110,,99729,11,,,0,100,,99727,11,,,0,150,,99730,11,,,0,100,,99728,11,,,0,110,,99734,11,,,0,90,,99736,11,,,0,113,,99735,11,,,0,100,,99733,11,,,0,99,,99732,11,,,0,85,,99731,11,,,0
