601,'5456',550,,89704,26,,,0,55,,89705,26,,,0,29,,89706,26,,,0,24,,89707,26,,,0,56,,89718,26,,,0,15,,89708,26,,,0,7,,89725,26,,,0,15,,89709,26,,,0,56,,89712,26,,,0,14,,89719,26,,,0,19,,89710,26,,,0,17,,89711,26,,,0,56,,89713,26,,,0,16,,89732,26,,,0,20,,89714,26,,,0,62,,89723,26,,,0,24,,89715,26,,,0,23,,89716,26,,,0,63,,89717,26,,,0,24,,89720,26,,,0,64,,89721,26,,,0,24,,89722,26,,,0,25,,89724,26,,,0,66,,89726,26,,,0,23,,89727,26,,,0,61,,89728,26,,,0,20,,89729,26,,,0,20,,89730,26,,,0,60,,89731,26,,,0,19,,89733,26,,,0,11,,89755,16,,,0,5,,89734,26,,,0,10,,89735,26,,,0,60,,89736,26,,,0,19,,89737,26,,,0,20,,89738,26,,,0,62,,89739,26,,,0,21,,89740,26,,,0,24,,89741,26,,,0,63,,89742,26,,,0,12,,89743,26,,,0,24,,89744,26,,,0,70,,89745,26,,,0,73,,89746,26,,,0,36,,89748,26,,,0,18,,89747,26,,,0,76,,89750,26,,,0,21,,89749,26,,,0,90,,89751,26,,,0,100,,89752,26,,,0,70,,89754,26,,,0,31,,89753,26,,,0
601,'5458',550,,89756,26,,,0,55,,89757,26,,,0,29,,89758,26,,,0,24,,89759,26,,,0,56,,89770,26,,,0,15,,89760,26,,,0,7,,89777,26,,,0,15,,89761,26,,,0,56,,89764,26,,,0,14,,89771,26,,,0,19,,89762,26,,,0,17,,89763,26,,,0,56,,89765,26,,,0,16,,89784,26,,,0,20,,89766,26,,,0,62,,89775,26,,,0,24,,89767,26,,,0,23,,89768,26,,,0,63,,89769,26,,,0,24,,89772,26,,,0,64,,89773,26,,,0,24,,89774,26,,,0,25,,89776,26,,,0,66,,89778,26,,,0,23,,89779,26,,,0,61,,89780,26,,,0,20,,89781,26,,,0,20,,89782,26,,,0,60,,89783,26,,,0,19,,89785,26,,,0,11,,89811,16,,,0,5,,89786,26,,,0,10,,89787,26,,,0,60,,89788,26,,,0,19,,89789,26,,,0,20,,89790,26,,,0,62,,89791,26,,,0,21,,89792,26,,,0,24,,89793,26,,,0,63,,89794,26,,,0,12,,89795,26,,,0,24,,89796,26,,,0,70,,89797,26,,,0,73,,89798,26,,,0,36,,89800,26,,,0,18,,89799,26,,,0,76,,89802,26,,,0,21,,89801,26,,,0,90,,89803,26,,,0,100,,89804,26,,,0,70,,89806,26,,,0,31,,89805,26,,,0,70,,89808,26,,,0,30,,89810,26,,,0,71,,89807,26,,,0,30,,89809,26,,,0
601,'5459',610,,89814,26,,,0,23,,89815,26,,,0,20,,89812,26,,,0,78,,89816,26,,,0,16,,89817,26,,,0,60,,89818,26,,,0,33,,89819,26,,,0,14,,89820,26,,,0,55,,89821,26,,,0,28,,89822,26,,,0,13,,89823,26,,,0,53,,89813,26,,,0,23,,89824,26,,,0,12,,89825,26,,,0,12,,89826,26,,,0,64,,89828,26,,,0,12,,89829,26,,,0,12,,89827,26,,,0,64,,89830,26,,,0,12,,89831,26,,,0,12,,89832,26,,,0,23,,89839,26,,,0,52,,89833,26,,,0,12,,89834,26,,,0,24,,89835,26,,,0,10,,89836,26,,,0,11,,89837,26,,,0,60,,89840,26,,,0,10,,89841,26,,,0,11,,89842,26,,,0,61,,89838,26,,,0,11,,89843,26,,,0,10,,89848,26,,,0,21,,89844,26,,,0,10,,89845,26,,,0,50,,89846,26,,,0,21,,89847,26,,,0,10,,89849,26,,,0,10,,89850,26,,,0,11,,89851,26,,,0,64,,89852,26,,,0,12,,89853,26,,,0,12,,89854,26,,,0,12,,89855,26,,,0,64,,89856,26,,,0,12,,89857,26,,,0,13,,89858,26,,,0,15,,89859,26,,,0,70,,89860,26,,,0,15,,89861,26,,,0,15,,89862,26,,,0,76,,89863,26,,,0,18,,89864,26,,,0,76,,89865,26,,,0,18,,89866,26,,,0,82,,89867,26,,,0,25,,89868,26,,,0,95,,89869,26,,,0,65,,89870,26,,,0,30,,89871,26,,,0,70,,89872,26,,,0,30,,89873,26,,,0,70,,89874,26,,,0,29,,89875,26,,,0
601,'5460',652,,89913,26,,,0,95,,89887,26,,,0,85,,89896,26,,,0,19,,89886,26,,,0,80,,89912,26,,,0,17,,89901,26,,,0,55,,89923,26,,,0,31,,89876,26,,,0,16,,89915,26,,,0,55,,89903,26,,,0,30,,89885,26,,,0,15,,89878,26,,,0,52,,89877,26,,,0,24,,89905,26,,,0,12,,89880,26,,,0,12,,89881,26,,,0,52,,89895,26,,,0,24,,89879,26,,,0,12,,89920,26,,,0,12,,89904,26,,,0,52,,89884,26,,,0,24,,89894,26,,,0,12,,89883,26,,,0,12,,89882,26,,,0,52,,89918,26,,,0,24,,89890,26,,,0,12,,89891,26,,,0,12,,89893,26,,,0,52,,89892,26,,,0,24,,89919,26,,,0,12,,89898,26,,,0,12,,89888,26,,,0,52,,89889,26,,,0,24,,89924,26,,,0,12,,89900,26,,,0,13,,89916,26,,,0,56,,89897,26,,,0,30,,89902,26,,,0,19,,89899,26,,,0,57,,89910,26,,,0,36,,89907,26,,,0,58,,89906,26,,,0,34,,89908,26,,,0,17,,89909,26,,,0,75,,89914,26,,,0,20,,89917,26,,,0,95,,89911,26,,,0,70,,89922,26,,,0,90,,89921,26,,,0
601,'5461',652,,89962,26,,,0,95,,89936,26,,,0,85,,89945,26,,,0,19,,89935,26,,,0,80,,89961,26,,,0,17,,89950,26,,,0,55,,89972,26,,,0,31,,89925,26,,,0,16,,89964,26,,,0,55,,89952,26,,,0,30,,89934,26,,,0,15,,89927,26,,,0,52,,89926,26,,,0,24,,89954,26,,,0,12,,89929,26,,,0,12,,89930,26,,,0,52,,89944,26,,,0,24,,89928,26,,,0,12,,89969,26,,,0,12,,89953,26,,,0,52,,89933,26,,,0,24,,89943,26,,,0,12,,89932,26,,,0,12,,89931,26,,,0,52,,89967,26,,,0,24,,89939,26,,,0,12,,89940,26,,,0,12,,89942,26,,,0,52,,89941,26,,,0,24,,89968,26,,,0,12,,89947,26,,,0,12,,89937,26,,,0,52,,89938,26,,,0,24,,89973,26,,,0,12,,89949,26,,,0,13,,89965,26,,,0,56,,89946,26,,,0,30,,89951,26,,,0,19,,89948,26,,,0,57,,89959,26,,,0,36,,89956,26,,,0,58,,89955,26,,,0,34,,89957,26,,,0,17,,89958,26,,,0,75,,89963,26,,,0,20,,89966,26,,,0,95,,89960,26,,,0,70,,89971,26,,,0,90,,89970,26,,,0
601,'5462',652,,90011,26,,,0,95,,89985,26,,,0,85,,89994,26,,,0,19,,89984,26,,,0,80,,90010,26,,,0,17,,89999,26,,,0,55,,90021,26,,,0,31,,89974,26,,,0,16,,90013,26,,,0,55,,90001,26,,,0,30,,89983,26,,,0,15,,89976,26,,,0,52,,89975,26,,,0,24,,90003,26,,,0,12,,89978,26,,,0,12,,89979,26,,,0,52,,89993,26,,,0,24,,89977,26,,,0,12,,90018,26,,,0,12,,90002,26,,,0,52,,89982,26,,,0,24,,89992,26,,,0,12,,89981,26,,,0,12,,89980,26,,,0,52,,90016,26,,,0,24,,89988,26,,,0,12,,89989,26,,,0,12,,89991,26,,,0,52,,89990,26,,,0,24,,90017,26,,,0,12,,89996,26,,,0,12,,89986,26,,,0,52,,89987,26,,,0,24,,90022,26,,,0,12,,89998,26,,,0,13,,90014,26,,,0,56,,89995,26,,,0,30,,90000,26,,,0,19,,89997,26,,,0,57,,90008,26,,,0,36,,90005,26,,,0,58,,90004,26,,,0,34,,90006,26,,,0,17,,90007,26,,,0,75,,90012,26,,,0,20,,90015,26,,,0,95,,90009,26,,,0,70,,90020,26,,,0,90,,90019,26,,,0
601,'5463',652,,90060,26,,,0,95,,90034,26,,,0,85,,90043,26,,,0,19,,90033,26,,,0,80,,90059,26,,,0,17,,90048,26,,,0,55,,90070,26,,,0,31,,90023,26,,,0,16,,90062,26,,,0,55,,90050,26,,,0,30,,90032,26,,,0,15,,90025,26,,,0,52,,90024,26,,,0,24,,90052,26,,,0,12,,90027,26,,,0,12,,90028,26,,,0,52,,90042,26,,,0,24,,90026,26,,,0,12,,90067,26,,,0,12,,90051,26,,,0,52,,90031,26,,,0,24,,90041,26,,,0,12,,90030,26,,,0,12,,90029,26,,,0,52,,90065,26,,,0,24,,90037,26,,,0,12,,90038,26,,,0,12,,90040,26,,,0,52,,90039,26,,,0,24,,90066,26,,,0,12,,90045,26,,,0,12,,90035,26,,,0,52,,90036,26,,,0,24,,90071,26,,,0,12,,90047,26,,,0,13,,90063,26,,,0,56,,90044,26,,,0,30,,90049,26,,,0,19,,90046,26,,,0,57,,90057,26,,,0,36,,90054,26,,,0,58,,90053,26,,,0,34,,90055,26,,,0,17,,90056,26,,,0,75,,90061,26,,,0,20,,90064,26,,,0,95,,90058,26,,,0,70,,90069,26,,,0,90,,90068,26,,,0
1000601,'5456',620,,103577,34,,,0,87,,103581,34,,,0,36,,103587,34,,,0,71,,103578,34,,,0,35,,103584,34,,,0,72,,103579,34,,,0,79,,103580,34,,,0,47,,103582,34,,,0,86,,103585,34,,,0,88,,103583,34,,,0,90,,103586,34,,,0,47,,103589,34,,,0,80,,103591,34,,,0,80,,103588,34,,,0,85,,103590,34,,,0,37,,103592,34,,,0,84,,103593,34,,,0,86,,103594,34,,,0,103,,103595,34,,,0,106,,103596,34,,,0,94,,103597,34,,,0,99,,103598,34,,,0,100,,103599,34,,,0
1000601,'5458',620,,103600,34,,,0,87,,103604,34,,,0,36,,103610,34,,,0,71,,103601,34,,,0,35,,103607,34,,,0,72,,103602,34,,,0,79,,103603,34,,,0,47,,103605,34,,,0,86,,103608,34,,,0,88,,103606,34,,,0,90,,103609,34,,,0,47,,103612,34,,,0,80,,103614,34,,,0,80,,103611,34,,,0,85,,103613,34,,,0,37,,103615,34,,,0,84,,103616,34,,,0,86,,103617,34,,,0,103,,103618,34,,,0,106,,103619,34,,,0,94,,103620,34,,,0,99,,103621,34,,,0,100,,103622,34,,,0
1000601,'5459',713,,103623,34,,,0,111,,103624,34,,,0,100,,103625,34,,,0,90,,103626,34,,,0,88,,103627,34,,,0,48,,103628,34,,,0,88,,103629,34,,,0,88,,103630,34,,,0,82,,103632,34,,,0,42,,103631,34,,,0,82,,103633,34,,,0,81,,103634,34,,,0,93,,103635,34,,,0,100,,103636,34,,,0,107,,103637,34,,,0,103,,103638,34,,,0,94,,103639,34,,,0,98,,103640,34,,,0,110,,103641,34,,,0
1000601,'5460',722,,103649,34,,,0,90,,103655,34,,,0,99,,103643,34,,,0,107,,103647,34,,,0,102,,103642,34,,,0,94,,103657,34,,,0,100,,103644,34,,,0,100,,103645,34,,,0,100,,103651,34,,,0,100,,103648,34,,,0,100,,103646,34,,,0,108,,103650,34,,,0,109,,103652,34,,,0,93,,103654,34,,,0,91,,103653,34,,,0,106,,103656,34,,,0
1000601,'5461',722,,103665,34,,,0,90,,103671,34,,,0,99,,103659,34,,,0,107,,103663,34,,,0,102,,103658,34,,,0,94,,103673,34,,,0,100,,103660,34,,,0,100,,103661,34,,,0,100,,103667,34,,,0,100,,103664,34,,,0,100,,103662,34,,,0,108,,103666,34,,,0,109,,103668,34,,,0,93,,103670,34,,,0,91,,103669,34,,,0,106,,103672,34,,,0
1000601,'5462',722,,103681,34,,,0,90,,103687,34,,,0,99,,103675,34,,,0,107,,103679,34,,,0,102,,103674,34,,,0,94,,103689,34,,,0,100,,103676,34,,,0,100,,103677,34,,,0,100,,103683,34,,,0,100,,103680,34,,,0,100,,103678,34,,,0,108,,103682,34,,,0,109,,103684,34,,,0,93,,103686,34,,,0,91,,103685,34,,,0,106,,103688,34,,,0
1000601,'5463',722,,103697,34,,,0,90,,103703,34,,,0,99,,103691,34,,,0,107,,103695,34,,,0,102,,103690,34,,,0,94,,103705,34,,,0,100,,103692,34,,,0,100,,103693,34,,,0,100,,103699,34,,,0,100,,103696,34,,,0,100,,103694,34,,,0,108,,103698,34,,,0,109,,103700,34,,,0,93,,103702,34,,,0,91,,103701,34,,,0,106,,103704,34,,,0
2000601,'5456',646,,103898,29,,,0,75,,103897,29,,,0,38,,103909,29,,,0,71,,103900,29,,,0,75,,103907,29,,,0,32,,103899,29,,,0,86,,103901,29,,,0,87,,103902,29,,,0,47,,103903,29,,,0,89,,103904,29,,,0,90,,103905,29,,,0,82,,103906,29,,,0,40,,103908,29,,,0,78,,103911,29,,,0,86,,103910,29,,,0,81,,103912,29,,,0,44,,103913,29,,,0,99,,103914,29,,,0,97,,103915,29,,,0
2000601,'5458',646,,103917,29,,,0,75,,103916,29,,,0,38,,103928,29,,,0,71,,103919,29,,,0,75,,103926,29,,,0,32,,103918,29,,,0,86,,103920,29,,,0,87,,103921,29,,,0,47,,103922,29,,,0,89,,103923,29,,,0,90,,103924,29,,,0,82,,103925,29,,,0,40,,103927,29,,,0,78,,103930,29,,,0,86,,103929,29,,,0,81,,103931,29,,,0,44,,103932,29,,,0,99,,103933,29,,,0,97,,103934,29,,,0
