5201,'5456',1517,,98991,37,4,,0
5201,'5458',1517,,99032,37,4,,0
5300,'5456',619,,99177,2,0,25 40,0,33,,99175,2,,,0,184,,99179,2,0,25 40,0,185,,99176,2,0,25 40,0,130,,99182,2,0,25 40,0,165,,99181,2,0,25 40,0,185,,99183,2,0,25 40,0,108,,99180,2,0,25 40,0,130,,99178,2,0,25 40,0,167,,99184,2,0,25 40,0,130,,99185,2,0,25 40,0
5300,'5458',619,,99188,2,0,25 40,0,33,,99186,2,,,0,184,,99190,2,0,25 40,0,185,,99187,2,0,25 40,0,130,,99193,2,0,25 40,0,165,,99192,2,0,25 40,0,185,,99194,2,0,25 40,0,108,,99191,2,0,25 40,0,130,,99189,2,0,25 40,0,167,,99195,2,0,25 40,0,130,,99196,2,0,25 40,0
5300,'5459',701,,99197,2,0,25 40,0,200,,99201,2,0,25 40,0,210,,99202,2,0,25 40,0,210,,99203,2,0,25 40,0,210,,99200,2,0,25 40,0,210,,99198,2,0,25 40,0,206,,99199,2,0,25 40,0
5300,'5460',701,,99207,2,0,25 40,0,202,,99204,2,0,25 40,0,208,,99205,2,0,25 40,0,210,,99208,2,0,25 40,0,210,,99206,2,0,25 40,0,210,,99210,2,0,25 40,0,205,,99209,2,0,25 40,0
5300,'5461',701,,99214,2,0,25 40,0,202,,99211,2,0,25 40,0,208,,99212,2,0,25 40,0,210,,99215,2,0,25 40,0,210,,99213,2,0,25 40,0,210,,99217,2,0,25 40,0,205,,99216,2,0,25 40,0
5300,'5462',701,,99221,2,0,25 40,0,202,,99218,2,0,25 40,0,208,,99219,2,0,25 40,0,210,,99222,2,0,25 40,0,210,,99220,2,0,25 40,0,210,,99224,2,0,25 40,0,205,,99223,2,0,25 40,0
5300,'5463',701,,99228,2,0,25 40,0,202,,99225,2,0,25 40,0,208,,99226,2,0,25 40,0,210,,99229,2,0,25 40,0,210,,99227,2,0,25 40,0,210,,99231,2,0,25 40,0,205,,99230,2,0,25 40,0
6100,'5458',2619,,100426,36,4,,0
6100,'5459',2523,,100491,36,4,,0,99,,100492,36,4,,0
6100,'5460',2420,,100513,36,4,,0
6100,'5461',2420,,100534,36,4,,0
6100,'5462',2420,,100555,36,4,,0
6100,'5463',2420,,100576,36,4,,0
