3200,'5456',653,,97715,21,,,0,81,,97719,21,,,0,82,,97721,21,,,0,109,,97716,21,,,0,100,,97717,21,,,0,105,,97718,21,,,0,105,,97720,21,,,0,105,,97722,21,,,0,107,,97723,21,,,0,153,,97724,21,,,0,102,,97726,21,,,0,33,,97728,41,,,0,70,,97725,21,,,0,110,,97727,21,,,0,99,,97730,21,,,0,100,,97729,21,,,0,98,,97731,21,,,0
3200,'5458',653,,97732,21,,,0,81,,97736,21,,,0,82,,97738,21,,,0,109,,97733,21,,,0,100,,97734,21,,,0,105,,97735,21,,,0,105,,97737,21,,,0,105,,97739,21,,,0,107,,97740,21,,,0,153,,97741,21,,,0,102,,97743,21,,,0,33,,97745,41,,,0,70,,97742,21,,,0,110,,97744,21,,,0,99,,97747,21,,,0,100,,97746,21,,,0,98,,97748,21,,,0
3200,'5459',813,,97753,21,,,0,100,,97756,21,,,0,101,,97760,21,,,0,100,,97751,21,,,0,100,,97754,21,,,0,101,,97757,21,,,0,100,,97761,21,,,0,100,,97752,21,,,0,100,,97755,21,,,0,99,,97758,21,,,0,100,,97762,21,,,0,99,,97759,21,,,0,100,,97763,21,,,0,100,,97749,21,,,0,99,,97750,21,,,0
3200,'5460',813,,97764,21,,,0,100,,97765,21,,,0,100,,97766,21,,,0,101,,97768,21,,,0,100,,97769,21,,,0,101,,97767,21,,,0,100,,97773,21,,,0,100,,97772,21,,,0,100,,97770,21,,,0,99,,97771,21,,,0,100,,97775,21,,,0,100,,97774,21,,,0
3200,'5461',813,,97776,21,,,0,100,,97777,21,,,0,100,,97778,21,,,0,101,,97780,21,,,0,100,,97781,21,,,0,101,,97779,21,,,0,100,,97785,21,,,0,100,,97784,21,,,0,100,,97782,21,,,0,99,,97783,21,,,0,100,,97787,21,,,0,100,,97786,21,,,0
3200,'5462',813,,97788,21,,,0,100,,97789,21,,,0,100,,97790,21,,,0,101,,97792,21,,,0,100,,97793,21,,,0,101,,97791,21,,,0,100,,97797,21,,,0,100,,97796,21,,,0,100,,97794,21,,,0,99,,97795,21,,,0,100,,97799,21,,,0,100,,97798,21,,,0
3200,'5463',813,,97800,21,,,0,100,,97801,21,,,0,100,,97802,21,,,0,101,,97804,21,,,0,100,,97805,21,,,0,101,,97803,21,,,0,100,,97809,21,,,0,100,,97808,21,,,0,100,,97806,21,,,0,99,,97807,21,,,0,100,,97811,21,,,0,100,,97810,21,,,0
7000,'5456',519,,100815,19,,,0,93,,100816,19,,,0,93,,100824,19,,,0,103,,100817,19,,,0,101,,100826,19,,,0,99,,100820,19,,,0,99,,100818,19,,,0,99,,100819,19,,,0,100,,100823,19,,,0,100,,100821,19,,,0,100,,100822,19,,,0,98,,100825,19,,,0,103,,100827,19,,,0,105,,100828,19,,,0,198,,100829,19,,,0,209,,100830,19,,,0
7000,'5458',519,,100831,19,,,0,93,,100832,19,,,0,93,,100840,19,,,0,103,,100833,19,,,0,101,,100842,19,,,0,99,,100836,19,,,0,99,,100834,19,,,0,99,,100835,19,,,0,100,,100839,19,,,0,42,,100847,19,,,0,58,,100837,19,,,0,100,,100838,19,,,0,40,,100848,19,,,0,58,,100841,19,,,0,103,,100843,19,,,0,46,,100849,19,,,0,59,,100844,19,,,0,198,,100845,19,,,0,209,,100846,19,,,0
7000,'5459',518,,100870,19,,,0,95,,100869,19,,,0,100,,100871,19,,,0,44,,100851,19,,,0,54,,100852,19,,,0,98,,100853,19,,,0,47,,100854,19,,,0,53,,100850,19,,,0,99,,100855,19,,,0,44,,100856,19,,,0,56,,100857,19,,,0,99,,100858,19,,,0,45,,100859,19,,,0,55,,100860,19,,,0,101,,100861,19,,,0,44,,100862,19,,,0,55,,100863,19,,,0,101,,100864,19,,,0,44,,100865,19,,,0,57,,100866,19,,,0,202,,100867,19,,,0,212,,100868,19,,,0
7000,'5460',614,,100878,19,,,0,198,,100872,19,,,0,143,,100873,19,,,0,54,,100874,19,,,0,100,,100875,19,,,0,43,,100876,19,,,0,56,,100877,19,,,0,100,,100879,19,,,0,44,,100880,19,,,0,56,,100881,19,,,0,100,,100882,19,,,0,44,,100883,19,,,0,56,,100884,19,,,0,100,,100885,19,,,0,46,,100886,19,,,0,56,,100887,19,,,0,101,,100888,19,,,0,101,,100889,19,,,0,211,,100890,19,,,0
7000,'5461',614,,100897,19,,,0,100,,100910,19,,,0,98,,100891,19,,,0,99,,100912,19,,,0,44,,100892,19,,,0,54,,100893,19,,,0,45,,100911,19,,,0,55,,100894,19,,,0,43,,100895,19,,,0,56,,100896,19,,,0,46,,100913,19,,,0,54,,100898,19,,,0,44,,100899,19,,,0,56,,100900,19,,,0,46,,100914,19,,,0,54,,100901,19,,,0,44,,100902,19,,,0,56,,100903,19,,,0,47,,100915,19,,,0,53,,100904,19,,,0,46,,100905,19,,,0,56,,100906,19,,,0,101,,100907,19,,,0,101,,100908,19,,,0,211,,100909,19,,,0
7000,'5462',614,,100922,19,,,0,100,,100935,19,,,0,98,,100916,19,,,0,99,,100937,19,,,0,44,,100917,19,,,0,54,,100918,19,,,0,45,,100936,19,,,0,55,,100919,19,,,0,43,,100920,19,,,0,56,,100921,19,,,0,46,,100938,19,,,0,54,,100923,19,,,0,44,,100924,19,,,0,56,,100925,19,,,0,46,,100939,19,,,0,54,,100926,19,,,0,44,,100927,19,,,0,56,,100928,19,,,0,47,,100940,19,,,0,53,,100929,19,,,0,46,,100930,19,,,0,56,,100931,19,,,0,101,,100932,19,,,0,101,,100933,19,,,0,211,,100934,19,,,0
7000,'5463',614,,100947,19,,,0,100,,100960,19,,,0,98,,100941,19,,,0,143,,100942,19,,,0,54,,100943,19,,,0,45,,100961,19,,,0,55,,100944,19,,,0,43,,100945,19,,,0,56,,100946,19,,,0,100,,100948,19,,,0,44,,100949,19,,,0,56,,100950,19,,,0,100,,100951,19,,,0,44,,100952,19,,,0,56,,100953,19,,,0,100,,100954,19,,,0,46,,100955,19,,,0,56,,100956,19,,,0,101,,100957,19,,,0,101,,100958,19,,,0,211,,100959,19,,,0
7100,'5456',1539,,101068,19,,,0,105,,101069,19,,,0,105,,101067,19,,,0
7100,'5458',1539,,101071,19,,,0,105,,101072,19,,,0,105,,101070,19,,,0
7200,'5456',622,,101083,23,,,0,36,,101089,23,,,0,68,,101079,23,,,0,29,,101080,23,,,0,71,,101087,23,,,0,31,,101081,23,,,0,70,,101082,23,,,0,30,,101091,23,,,0,71,,101084,23,,,0,29,,101085,23,,,0,71,,101086,23,,,0,28,,101095,23,,,0,70,,101099,23,,,0,29,,101088,23,,,0,70,,101101,23,,,0,29,,101106,23,,,0,70,,101090,23,,,0,29,,101093,23,,,0,70,,101096,23,,,0,30,,101109,23,,,0,69,,101092,23,,,0,30,,101102,23,,,0,72,,101104,23,,,0,34,,101094,23,,,0,68,,101097,23,,,0,31,,101107,23,,,0,70,,101110,23,,,0,30,,101098,23,,,0,73,,101105,23,,,0,70,,101100,23,,,0,59,,101108,23,,,0,141,,101103,23,,,0,118,,101111,23,0,10 11 12,0
7200,'5458',622,,101116,23,,,0,36,,101122,23,,,0,68,,101112,23,,,0,29,,101113,23,,,0,71,,101120,23,,,0,31,,101114,23,,,0,70,,101115,23,,,0,30,,101124,23,,,0,71,,101117,23,,,0,29,,101118,23,,,0,71,,101119,23,,,0,28,,101128,23,,,0,70,,101132,23,,,0,29,,101121,23,,,0,70,,101134,23,,,0,29,,101139,23,,,0,70,,101123,23,,,0,29,,101126,23,,,0,70,,101129,23,,,0,30,,101142,23,,,0,69,,101125,23,,,0,30,,101135,23,,,0,72,,101137,23,,,0,34,,101127,23,,,0,68,,101130,23,,,0,31,,101140,23,,,0,70,,101143,23,,,0,30,,101131,23,,,0,73,,101138,23,,,0,70,,101133,23,,,0,59,,101141,23,,,0,141,,101136,23,,,0,118,,101144,23,0,10 11 12,0
7200,'5459',734,,101145,23,,,0,67,,101146,23,,,0,29,,101147,23,,,0,70,,101148,23,,,0,30,,101149,23,,,0,70,,101150,23,,,0,30,,101151,23,,,0,28,,101152,23,,,0,70,,101153,23,,,0,30,,101154,23,,,0,70,,101155,23,,,0,30,,101156,23,,,0,69,,101157,23,,,0,30,,101158,23,,,0,70,,101159,23,,,0,30,,101160,23,,,0,70,,101161,23,,,0,30,,101162,23,,,0,70,,101163,23,,,0,30,,101164,23,,,0,70,,101165,23,,,0,30,,101166,23,,,0,70,,101167,23,,,0,30,,101168,23,,,0,71,,101169,23,,,0,72,,101170,23,,,0,29,,101171,23,,,0,30,,101172,23,,,0,99,,101173,23,,,0,142,,101174,23,,,0,120,,101175,23,0,10 11 12,0
7200,'5460',801,,101176,23,,,0,100,,101179,23,,,0,58,,101177,23,,,0,99,,101178,23,,,0,70,,101180,23,,,0,30,,101181,23,,,0,70,,101182,23,,,0,29,,101183,23,,,0,70,,101184,23,,,0,30,,101185,23,,,0,70,,101186,23,,,0,30,,101187,23,,,0,70,,101188,23,,,0,30,,101189,23,,,0,70,,101190,23,,,0,30,,101191,23,,,0,71,,101192,23,,,0,30,,101193,23,,,0,71,,101194,23,,,0,30,,101195,23,,,0,70,,101196,23,,,0,71,,101197,23,,,0,59,,101198,23,,,0,141,,101199,23,,,0,103,,101200,23,,,0,36,,101201,23,0,10 11 12,0
7200,'5461',801,,101202,23,,,0,100,,101205,23,,,0,58,,101203,23,,,0,99,,101204,23,,,0,70,,101206,23,,,0,30,,101207,23,,,0,70,,101208,23,,,0,29,,101209,23,,,0,70,,101210,23,,,0,30,,101211,23,,,0,70,,101212,23,,,0,30,,101213,23,,,0,70,,101214,23,,,0,30,,101215,23,,,0,70,,101216,23,,,0,30,,101217,23,,,0,71,,101218,23,,,0,30,,101219,23,,,0,71,,101220,23,,,0,30,,101221,23,,,0,70,,101222,23,,,0,71,,101223,23,,,0,59,,101224,23,,,0,141,,101225,23,,,0,103,,101226,23,,,0,36,,101227,23,0,10 11 12,0
7200,'5462',801,,101228,23,,,0,100,,101231,23,,,0,58,,101229,23,,,0,99,,101230,23,,,0,70,,101232,23,,,0,30,,101233,23,,,0,70,,101234,23,,,0,29,,101235,23,,,0,70,,101236,23,,,0,30,,101237,23,,,0,70,,101238,23,,,0,30,,101239,23,,,0,70,,101240,23,,,0,30,,101241,23,,,0,70,,101242,23,,,0,30,,101243,23,,,0,71,,101244,23,,,0,30,,101245,23,,,0,71,,101246,23,,,0,30,,101247,23,,,0,70,,101248,23,,,0,71,,101249,23,,,0,59,,101250,23,,,0,141,,101251,23,,,0,103,,101252,23,,,0,36,,101253,23,0,10 11 12,0
7200,'5463',801,,101254,23,,,0,100,,101257,23,,,0,58,,101255,23,,,0,99,,101256,23,,,0,70,,101258,23,,,0,30,,101259,23,,,0,70,,101260,23,,,0,29,,101261,23,,,0,70,,101262,23,,,0,30,,101263,23,,,0,70,,101264,23,,,0,30,,101265,23,,,0,70,,101266,23,,,0,30,,101267,23,,,0,70,,101268,23,,,0,30,,101269,23,,,0,71,,101270,23,,,0,30,,101271,23,,,0,71,,101272,23,,,0,30,,101273,23,,,0,70,,101274,23,,,0,71,,101275,23,,,0,59,,101276,23,,,0,141,,101277,23,,,0,103,,101278,23,,,0,36,,101279,23,0,10 11 12,0
7500,'5456',528,,101477,25,0,13 14,0,19,,101479,25,0,13 14,0,57,,101483,25,0,13 14,0,20,,101486,25,0,13 14,0,17,,101489,25,0,13 14,0,18,,101491,25,0,13 14,0,55,,101481,25,0,13 14,0,16,,101494,25,0,13 14,0,18,,101478,25,0,13 14,0,62,,101480,25,0,13 14,0,22,,101482,25,0,13 14,0,26,,101485,25,0,13 14,0,69,,101484,25,0,13 14,0,74,,101488,25,0,13 14,0,27,,101487,25,0,13 14,0,30,,101490,25,0,13 14,0,68,,101498,25,0,13 14,0,30,,101492,25,0,13 14,0,70,,101493,25,0,13 14,0,30,,101495,25,0,13 14,0,69,,101496,25,0,13 14,0,30,,101497,25,0,13 14,0,63,,101499,25,0,13 14,0,31,,101500,25,0,13 14,0,75,,101501,25,0,13 14,0,29,,101502,25,0,13 14,0,71,,101503,25,0,13 14,0,26,,101513,25,0,13 14,0,59,,101504,25,0,13 14,0,21,,101506,25,0,13 14,0,17,,101505,25,0,13 14,0,61,,101512,25,0,13 14,0,19,,101507,25,0,13 14,0,28,,101508,25,0,13 14,0,76,,101509,25,0,13 14,0,108,,101510,25,0,13 14,0,96,,101511,25,0,13 14,0,104,,101514,25,0,13 14,0,108,,101515,25,0,13 14,0
7500,'5458',528,,101516,25,0,13 14,0,19,,101518,25,0,13 14,0,57,,101522,25,0,13 14,0,20,,101525,25,0,13 14,0,17,,101528,25,0,13 14,0,18,,101530,25,0,13 14,0,55,,101520,25,0,13 14,0,16,,101533,25,0,13 14,0,18,,101517,25,0,13 14,0,62,,101519,25,0,13 14,0,22,,101521,25,0,13 14,0,26,,101524,25,0,13 14,0,69,,101523,25,0,13 14,0,74,,101527,25,0,13 14,0,27,,101526,25,0,13 14,0,30,,101529,25,0,13 14,0,68,,101537,25,0,13 14,0,30,,101531,25,0,13 14,0,70,,101532,25,0,13 14,0,30,,101534,25,0,13 14,0,69,,101535,25,0,13 14,0,30,,101536,25,0,13 14,0,63,,101538,25,0,13 14,0,31,,101539,25,0,13 14,0,75,,101540,25,0,13 14,0,29,,101541,25,0,13 14,0,71,,101542,25,0,13 14,0,26,,101552,25,0,13 14,0,59,,101543,25,0,13 14,0,21,,101545,25,0,13 14,0,17,,101544,25,0,13 14,0,61,,101551,25,0,13 14,0,19,,101546,25,0,13 14,0,28,,101547,25,0,13 14,0,76,,101548,25,0,13 14,0,108,,101549,25,0,13 14,0,96,,101550,25,0,13 14,0,104,,101553,25,0,13 14,0,108,,101554,25,0,13 14,0
7500,'5459',644,,101556,25,0,13 14,0,93,,101557,25,0,13 14,0,98,,101558,25,0,13 14,0,95,,101555,25,0,13 14,0,98,,101559,25,0,13 14,0,100,,101560,25,0,13 14,0,30,,101561,25,0,13 14,0,71,,101562,25,0,13 14,0,29,,101563,25,0,13 14,0,71,,101564,25,0,13 14,0,24,,101565,25,0,13 14,0,76,,101566,25,0,13 14,0,30,,101567,25,0,13 14,0,70,,101568,25,0,13 14,0,71,,101569,25,0,13 14,0,30,,101570,25,0,13 14,0,100,,101571,25,0,13 14,0,102,,101572,25,0,13 14,0,101,,101573,25,0,13 14,0,102,,101574,25,0,13 14,0,98,,101575,25,0,13 14,0,106,,101576,25,0,13 14,0,102,,101577,25,0,13 14,0
7500,'5460',638,,101578,25,0,13 14,0,99,,101579,25,0,13 14,0,101,,101580,25,0,13 14,0,93,,101581,25,0,13 14,0,98,,101582,25,0,13 14,0,100,,101583,25,0,13 14,0,30,,101584,25,0,13 14,0,70,,101585,25,0,13 14,0,29,,101586,25,0,13 14,0,70,,101587,25,0,13 14,0,30,,101588,25,0,13 14,0,70,,101589,25,0,13 14,0,30,,101590,25,0,13 14,0,70,,101591,25,0,13 14,0,100,,101592,25,0,13 14,0,101,,101593,25,0,13 14,0,103,,101594,25,0,13 14,0,103,,101595,25,0,13 14,0,104,,101596,25,0,13 14,0,97,,101597,25,0,13 14,0,174,,101598,25,0,13 14,0
7500,'5461',638,,101599,25,0,13 14,0,99,,101600,25,0,13 14,0,101,,101601,25,0,13 14,0,93,,101602,25,0,13 14,0,98,,101603,25,0,13 14,0,100,,101604,25,0,13 14,0,30,,101605,25,0,13 14,0,70,,101606,25,0,13 14,0,29,,101607,25,0,13 14,0,70,,101608,25,0,13 14,0,30,,101609,25,0,13 14,0,70,,101610,25,0,13 14,0,30,,101611,25,0,13 14,0,70,,101612,25,0,13 14,0,100,,101613,25,0,13 14,0,101,,101614,25,0,13 14,0,103,,101615,25,0,13 14,0,103,,101616,25,0,13 14,0,104,,101617,25,0,13 14,0,97,,101618,25,0,13 14,0,174,,101619,25,0,13 14,0
7500,'5462',638,,101620,25,0,13 14,0,99,,101621,25,0,13 14,0,101,,101622,25,0,13 14,0,93,,101623,25,0,13 14,0,98,,101624,25,0,13 14,0,100,,101625,25,0,13 14,0,30,,101626,25,0,13 14,0,70,,101627,25,0,13 14,0,29,,101628,25,0,13 14,0,70,,101629,25,0,13 14,0,30,,101630,25,0,13 14,0,70,,101631,25,0,13 14,0,30,,101632,25,0,13 14,0,70,,101633,25,0,13 14,0,100,,101634,25,0,13 14,0,101,,101635,25,0,13 14,0,103,,101636,25,0,13 14,0,103,,101637,25,0,13 14,0,104,,101638,25,0,13 14,0,97,,101639,25,0,13 14,0,174,,101640,25,0,13 14,0
7500,'5463',638,,101641,25,0,13 14,0,99,,101642,25,0,13 14,0,101,,101643,25,0,13 14,0,93,,101644,25,0,13 14,0,98,,101645,25,0,13 14,0,100,,101646,25,0,13 14,0,30,,101647,25,0,13 14,0,70,,101648,25,0,13 14,0,29,,101649,25,0,13 14,0,70,,101650,25,0,13 14,0,30,,101651,25,0,13 14,0,70,,101652,25,0,13 14,0,30,,101653,25,0,13 14,0,70,,101654,25,0,13 14,0,100,,101655,25,0,13 14,0,101,,101656,25,0,13 14,0,103,,101657,25,0,13 14,0,103,,101658,25,0,13 14,0,104,,101659,25,0,13 14,0,97,,101660,25,0,13 14,0,174,,101661,25,0,13 14,0
1007200,'5456',545,,103768,23,,,0
1007200,'5458',545,,103769,23,,,0
1007200,'5459',556,,103770,23,,,0,97,,103771,23,,,0
1007200,'5460',654,,103772,23,,,0
1007200,'5461',654,,103773,23,,,0
1007200,'5462',654,,103774,23,,,0
1007200,'5463',654,,103775,23,,,0
