4600,'5456',603,,98547,12,,,0,17,,98548,12,,,0,23,,98557,12,,,0,66,,98559,12,,,0,39,,98549,12,,,0,101,,98546,12,,,0,100,,98558,12,,,0,377,,98555,12,,,0,109,,98550,12,,,0,74,,98556,12,,,0,36,,98551,12,,,0,96,,98552,12,,,0,70,,98553,12,,,0,47,,98554,12,,,0
4600,'5458',603,,98561,12,,,0,17,,98562,12,,,0,23,,98571,12,,,0,66,,98573,12,,,0,39,,98563,12,,,0,101,,98560,12,,,0,100,,98572,12,,,0,377,,98569,12,,,0,109,,98564,12,,,0,74,,98570,12,,,0,36,,98565,12,,,0,96,,98566,12,,,0,70,,98567,12,,,0,47,,98568,12,,,0
9500,'5456',447,,102352,6,0,15,0,65,,102353,6,0,15,0,17,,102355,6,0,15,0,15,,102356,6,0,15,0,15,,102354,6,0,15,0,50,,102357,6,0,15,0,11,,102366,6,0,15,0,9,,102376,6,0,15,0,7,,102361,6,0,15,0,8,,102360,6,0,15,0,3,,102447,6,0,15,0,4,,102365,6,0,15,0,7,,102359,6,0,15,0,46,,102362,6,0,15,0,7,,102363,6,0,15,0,8,,102358,6,0,15,0,7,,102378,6,0,15,0,8,,102372,6,0,15,0,7,,102367,6,0,15,0,9,,102379,6,0,15,0,8,,102374,6,0,15,0,50,,102371,6,0,15,0,10,,102377,6,0,15,0,10,,102375,6,0,15,0,11,,102369,6,0,15,0,11,,102364,6,0,15,0,51,,102370,6,0,15,0,11,,102368,6,0,15,0,11,,102373,6,0,15,0,10,,102381,6,0,15,0,10,,102395,6,0,15,0,10,,102391,6,0,15,0,50,,102392,6,0,15,0,11,,102393,6,0,15,0,12,,102396,6,0,15,0,12,,102386,6,0,15,0,12,,102382,6,0,15,0,52,,102387,6,0,15,0,12,,102384,6,0,15,0,12,,102380,6,0,15,0,12,,102394,6,0,15,0,12,,102388,6,0,15,0,52,,102390,6,0,15,0,12,,102389,6,0,15,0,12,,102397,6,0,15,0,12,,102385,6,0,15,0,12,,102383,6,0,15,0,52,,102406,6,0,15,0,12,,102399,6,0,15,0,12,,102436,6,0,15,0,11,,102411,6,0,15,0,10,,102403,6,0,15,0,10,,102405,6,0,15,0,50,,102408,6,0,15,0,10,,102434,6,0,15,0,10,,102407,6,0,15,0,10,,102412,6,0,15,0,11,,102404,6,0,15,0,10,,102398,6,0,15,0,50,,102437,6,0,15,0,10,,102402,6,0,15,0,10,,102413,6,0,15,0,10,,102435,6,0,15,0,11,,102410,6,0,15,0,10,,102400,6,0,15,0,52,,102401,6,0,15,0,11,,102409,6,0,15,0,10,,102446,6,0,15,0,11,,102421,6,0,15,0,9,,102423,6,0,15,0,52,,102417,6,0,15,0,13,,102441,6,0,15,0,13,,102438,6,0,15,0,13,,102445,6,0,15,0,13,,102414,6,0,15,0,53,,102418,6,0,15,0,14,,102416,6,0,15,0,13,,102422,6,0,15,0,12,,102420,6,0,15,0,52,,102424,6,0,15,0,15,,102415,6,0,15,0,16,,102439,6,0,15,0,16,,102443,6,0,15,0,55,,102419,6,0,15,0,15,,102428,6,0,15,0,15,,102430,6,0,15,0,15,,102431,6,0,15,0,55,,102426,6,0,15,0,20,,102440,6,0,15,0,20,,102444,6,0,15,0,61,,102427,6,0,15,0,20,,102429,6,0,15,0,30,,102425,6,0,15,0,72,,102442,6,0,15,0,31,,102433,6,0,15,0,70,,102432,6,0,15,0
9500,'5458',447,,102448,6,0,15,0,65,,102449,6,0,15,0,17,,102451,6,0,15,0,15,,102452,6,0,15,0,15,,102450,6,0,15,0,50,,102453,6,0,15,0,11,,102462,6,0,15,0,9,,102472,6,0,15,0,7,,102457,6,0,15,0,8,,102456,6,0,15,0,3,,102546,6,0,15,0,4,,102461,6,0,15,0,7,,102455,6,0,15,0,46,,102458,6,0,15,0,7,,102459,6,0,15,0,8,,102454,6,0,15,0,7,,102474,6,0,15,0,8,,102468,6,0,15,0,7,,102463,6,0,15,0,9,,102475,6,0,15,0,8,,102470,6,0,15,0,50,,102467,6,0,15,0,10,,102473,6,0,15,0,10,,102471,6,0,15,0,11,,102465,6,0,15,0,11,,102460,6,0,15,0,51,,102466,6,0,15,0,11,,102464,6,0,15,0,11,,102469,6,0,15,0,10,,102477,6,0,15,0,10,,102491,6,0,15,0,10,,102487,6,0,15,0,50,,102488,6,0,15,0,11,,102489,6,0,15,0,12,,102492,6,0,15,0,12,,102482,6,0,15,0,12,,102478,6,0,15,0,52,,102483,6,0,15,0,12,,102480,6,0,15,0,12,,102476,6,0,15,0,12,,102490,6,0,15,0,12,,102484,6,0,15,0,52,,102486,6,0,15,0,12,,102485,6,0,15,0,12,,102493,6,0,15,0,12,,102481,6,0,15,0,12,,102479,6,0,15,0,52,,102502,6,0,15,0,12,,102495,6,0,15,0,12,,102532,6,0,15,0,11,,102507,6,0,15,0,10,,102499,6,0,15,0,10,,102501,6,0,15,0,50,,102504,6,0,15,0,10,,102530,6,0,15,0,10,,102503,6,0,15,0,10,,102508,6,0,15,0,11,,102500,6,0,15,0,10,,102494,6,0,15,0,50,,102533,6,0,15,0,10,,102498,6,0,15,0,10,,102509,6,0,15,0,10,,102531,6,0,15,0,11,,102506,6,0,15,0,10,,102496,6,0,15,0,52,,102497,6,0,15,0,11,,102505,6,0,15,0,10,,102542,6,0,15,0,11,,102517,6,0,15,0,9,,102519,6,0,15,0,52,,102513,6,0,15,0,13,,102537,6,0,15,0,13,,102534,6,0,15,0,13,,102541,6,0,15,0,13,,102510,6,0,15,0,53,,102514,6,0,15,0,14,,102512,6,0,15,0,13,,102518,6,0,15,0,12,,102516,6,0,15,0,52,,102520,6,0,15,0,15,,102511,6,0,15,0,16,,102535,6,0,15,0,16,,102539,6,0,15,0,55,,102515,6,0,15,0,15,,102524,6,0,15,0,15,,102526,6,0,15,0,15,,102527,6,0,15,0,55,,102522,6,0,15,0,20,,102536,6,0,15,0,20,,102540,6,0,15,0,61,,102523,6,0,15,0,20,,102525,6,0,15,0,30,,102521,6,0,15,0,72,,102538,6,0,15,0,31,,102529,6,0,15,0,70,,102528,6,0,15,0,30,,102543,6,0,15,0,71,,102544,6,0,15,0,30,,102545,6,0,15,0
9500,'5459',601,,102547,6,0,15,0,32,,102548,6,0,15,0,23,,102549,6,0,15,0,55,,102550,6,0,15,0,15,,102551,6,0,15,0,15,,102552,6,0,15,0,15,,102553,6,0,15,0,55,,102554,6,0,15,0,15,,102555,6,0,15,0,14,,102556,6,0,15,0,13,,102557,6,0,15,0,55,,102558,6,0,15,0,15,,102559,6,0,15,0,15,,102560,6,0,15,0,14,,102561,6,0,15,0,54,,102562,6,0,15,0,14,,102563,6,0,15,0,15,,102564,6,0,15,0,14,,102565,6,0,15,0,55,,102566,6,0,15,0,14,,102567,6,0,15,0,13,,102568,6,0,15,0,12,,102569,6,0,15,0,11,,102570,6,0,15,0,52,,102571,6,0,15,0,12,,102572,6,0,15,0,12,,102573,6,0,15,0,12,,102574,6,0,15,0,11,,102575,6,0,15,0,52,,102576,6,0,15,0,12,,102577,6,0,15,0,12,,102578,6,0,15,0,12,,102579,6,0,15,0,11,,102580,6,0,15,0,52,,102581,6,0,15,0,11,,102582,6,0,15,0,11,,102583,6,0,15,0,12,,102584,6,0,15,0,13,,102585,6,0,15,0,52,,102586,6,0,15,0,12,,102587,6,0,15,0,13,,102588,6,0,15,0,13,,102589,6,0,15,0,12,,102590,6,0,15,0,53,,102591,6,0,15,0,12,,102592,6,0,15,0,12,,102593,6,0,15,0,13,,102594,6,0,15,0,12,,102595,6,0,15,0,53,,102596,6,0,15,0,12,,102597,6,0,15,0,13,,102598,6,0,15,0,12,,102599,6,0,15,0,13,,102600,6,0,15,0,56,,102601,6,0,15,0,15,,102602,6,0,15,0,16,,102603,6,0,15,0,55,,102604,6,0,15,0,16,,102605,6,0,15,0,15,,102606,6,0,15,0,15,,102607,6,0,15,0,55,,102608,6,0,15,0,17,,102609,6,0,15,0,15,,102610,6,0,15,0,15,,102611,6,0,15,0,54,,102612,6,0,15,0,20,,102613,6,0,15,0,21,,102614,6,0,15,0,60,,102615,6,0,15,0,20,,102616,6,0,15,0,31,,102617,6,0,15,0,71,,102618,6,0,15,0,31,,102619,6,0,15,0,70,,102620,6,0,15,0,30,,102621,6,0,15,0,70,,102622,6,0,15,0,30,,102623,6,0,15,0
9500,'5460',604,,102624,6,0,15,0,30,,102626,6,0,15,0,20,,102627,6,0,15,0,60,,102628,6,0,15,0,20,,102629,6,0,15,0,15,,102630,6,0,15,0,54,,102625,6,0,15,0,15,,102631,6,0,15,0,14,,102632,6,0,15,0,14,,102633,6,0,15,0,55,,102634,6,0,15,0,15,,102635,6,0,15,0,13,,102636,6,0,15,0,15,,102637,6,0,15,0,15,,102639,6,0,15,0,55,,102640,6,0,15,0,14,,102638,6,0,15,0,15,,102641,6,0,15,0,14,,102642,6,0,15,0,55,,102643,6,0,15,0,15,,102644,6,0,15,0,15,,102691,6,0,15,0,15,,102645,6,0,15,0,55,,102690,6,0,15,0,14,,102646,6,0,15,0,14,,102689,6,0,15,0,15,,102647,6,0,15,0,55,,102648,6,0,15,0,15,,102649,6,0,15,0,15,,102650,6,0,15,0,14,,102651,6,0,15,0,55,,102652,6,0,15,0,15,,102653,6,0,15,0,15,,102654,6,0,15,0,13,,102655,6,0,15,0,52,,102656,6,0,15,0,13,,102657,6,0,15,0,13,,102658,6,0,15,0,11,,102659,6,0,15,0,12,,102660,6,0,15,0,53,,102661,6,0,15,0,12,,102662,6,0,15,0,13,,102663,6,0,15,0,12,,102664,6,0,15,0,14,,102665,6,0,15,0,55,,102666,6,0,15,0,18,,102667,6,0,15,0,15,,102668,6,0,15,0,55,,102669,6,0,15,0,16,,102670,6,0,15,0,15,,102671,6,0,15,0,15,,102672,6,0,15,0,55,,102673,6,0,15,0,15,,102674,6,0,15,0,17,,102675,6,0,15,0,16,,102676,6,0,15,0,55,,102677,6,0,15,0,15,,102678,6,0,15,0,15,,102679,6,0,15,0,15,,102681,6,0,15,0,55,,102682,6,0,15,0,21,,102680,6,0,15,0,20,,102683,6,0,15,0,60,,102684,6,0,15,0,20,,102685,6,0,15,0,32,,102686,6,0,15,0,70,,102687,6,0,15,0,30,,102688,6,0,15,0
9500,'5461',604,,102692,6,0,15,0,30,,102694,6,0,15,0,20,,102695,6,0,15,0,60,,102696,6,0,15,0,20,,102697,6,0,15,0,15,,102698,6,0,15,0,54,,102693,6,0,15,0,15,,102699,6,0,15,0,14,,102700,6,0,15,0,14,,102701,6,0,15,0,55,,102702,6,0,15,0,15,,102703,6,0,15,0,13,,102704,6,0,15,0,15,,102705,6,0,15,0,15,,102707,6,0,15,0,55,,102708,6,0,15,0,14,,102706,6,0,15,0,15,,102709,6,0,15,0,14,,102710,6,0,15,0,55,,102711,6,0,15,0,15,,102712,6,0,15,0,15,,102759,6,0,15,0,15,,102713,6,0,15,0,55,,102758,6,0,15,0,14,,102714,6,0,15,0,14,,102757,6,0,15,0,15,,102715,6,0,15,0,55,,102716,6,0,15,0,15,,102717,6,0,15,0,15,,102718,6,0,15,0,14,,102719,6,0,15,0,55,,102720,6,0,15,0,15,,102721,6,0,15,0,15,,102722,6,0,15,0,13,,102723,6,0,15,0,52,,102724,6,0,15,0,13,,102725,6,0,15,0,13,,102726,6,0,15,0,11,,102727,6,0,15,0,12,,102728,6,0,15,0,53,,102729,6,0,15,0,12,,102730,6,0,15,0,13,,102731,6,0,15,0,12,,102732,6,0,15,0,14,,102733,6,0,15,0,55,,102734,6,0,15,0,18,,102735,6,0,15,0,15,,102736,6,0,15,0,55,,102737,6,0,15,0,16,,102738,6,0,15,0,15,,102739,6,0,15,0,15,,102740,6,0,15,0,55,,102741,6,0,15,0,15,,102742,6,0,15,0,17,,102743,6,0,15,0,16,,102744,6,0,15,0,55,,102745,6,0,15,0,15,,102746,6,0,15,0,15,,102747,6,0,15,0,15,,102749,6,0,15,0,55,,102750,6,0,15,0,21,,102748,6,0,15,0,20,,102751,6,0,15,0,60,,102752,6,0,15,0,20,,102753,6,0,15,0,32,,102754,6,0,15,0,70,,102755,6,0,15,0,30,,102756,6,0,15,0
9500,'5462',604,,102760,6,0,15,0,30,,102762,6,0,15,0,20,,102763,6,0,15,0,60,,102764,6,0,15,0,20,,102765,6,0,15,0,15,,102766,6,0,15,0,54,,102761,6,0,15,0,15,,102767,6,0,15,0,14,,102768,6,0,15,0,14,,102769,6,0,15,0,55,,102770,6,0,15,0,15,,102771,6,0,15,0,13,,102772,6,0,15,0,15,,102773,6,0,15,0,15,,102775,6,0,15,0,55,,102776,6,0,15,0,14,,102774,6,0,15,0,15,,102777,6,0,15,0,14,,102778,6,0,15,0,55,,102779,6,0,15,0,15,,102780,6,0,15,0,15,,102827,6,0,15,0,15,,102781,6,0,15,0,55,,102826,6,0,15,0,14,,102782,6,0,15,0,14,,102825,6,0,15,0,15,,102783,6,0,15,0,55,,102784,6,0,15,0,15,,102785,6,0,15,0,15,,102786,6,0,15,0,14,,102787,6,0,15,0,55,,102788,6,0,15,0,15,,102789,6,0,15,0,15,,102790,6,0,15,0,13,,102791,6,0,15,0,52,,102792,6,0,15,0,13,,102793,6,0,15,0,13,,102794,6,0,15,0,11,,102795,6,0,15,0,12,,102796,6,0,15,0,53,,102797,6,0,15,0,12,,102798,6,0,15,0,13,,102799,6,0,15,0,12,,102800,6,0,15,0,14,,102801,6,0,15,0,55,,102802,6,0,15,0,18,,102803,6,0,15,0,15,,102804,6,0,15,0,55,,102805,6,0,15,0,16,,102806,6,0,15,0,15,,102807,6,0,15,0,15,,102808,6,0,15,0,55,,102809,6,0,15,0,15,,102810,6,0,15,0,17,,102811,6,0,15,0,16,,102812,6,0,15,0,55,,102813,6,0,15,0,15,,102814,6,0,15,0,15,,102815,6,0,15,0,15,,102817,6,0,15,0,55,,102818,6,0,15,0,21,,102816,6,0,15,0,20,,102819,6,0,15,0,60,,102820,6,0,15,0,20,,102821,6,0,15,0,32,,102822,6,0,15,0,70,,102823,6,0,15,0,30,,102824,6,0,15,0
9500,'5463',604,,102828,6,0,15,0,30,,102830,6,0,15,0,20,,102831,6,0,15,0,60,,102832,6,0,15,0,20,,102833,6,0,15,0,15,,102834,6,0,15,0,54,,102829,6,0,15,0,15,,102835,6,0,15,0,14,,102836,6,0,15,0,14,,102837,6,0,15,0,55,,102838,6,0,15,0,15,,102839,6,0,15,0,13,,102840,6,0,15,0,15,,102841,6,0,15,0,15,,102843,6,0,15,0,55,,102844,6,0,15,0,14,,102842,6,0,15,0,15,,102845,6,0,15,0,14,,102846,6,0,15,0,55,,102847,6,0,15,0,15,,102848,6,0,15,0,15,,102895,6,0,15,0,15,,102849,6,0,15,0,55,,102894,6,0,15,0,14,,102850,6,0,15,0,14,,102893,6,0,15,0,15,,102851,6,0,15,0,55,,102852,6,0,15,0,15,,102853,6,0,15,0,15,,102854,6,0,15,0,14,,102855,6,0,15,0,55,,102856,6,0,15,0,15,,102857,6,0,15,0,15,,102858,6,0,15,0,13,,102859,6,0,15,0,52,,102860,6,0,15,0,13,,102861,6,0,15,0,13,,102862,6,0,15,0,11,,102863,6,0,15,0,12,,102864,6,0,15,0,53,,102865,6,0,15,0,12,,102866,6,0,15,0,13,,102867,6,0,15,0,12,,102868,6,0,15,0,14,,102869,6,0,15,0,55,,102870,6,0,15,0,18,,102871,6,0,15,0,15,,102872,6,0,15,0,55,,102873,6,0,15,0,16,,102874,6,0,15,0,15,,102875,6,0,15,0,15,,102876,6,0,15,0,55,,102877,6,0,15,0,15,,102878,6,0,15,0,17,,102879,6,0,15,0,16,,102880,6,0,15,0,55,,102881,6,0,15,0,15,,102882,6,0,15,0,15,,102883,6,0,15,0,15,,102885,6,0,15,0,55,,102886,6,0,15,0,21,,102884,6,0,15,0,20,,102887,6,0,15,0,60,,102888,6,0,15,0,20,,102889,6,0,15,0,32,,102890,6,0,15,0,70,,102891,6,0,15,0,30,,102892,6,0,15,0
24005100,'5456',614,,104085,5,,,0,26,,104081,10,,,0,16,,104080,10,,,0,51,,104070,10,,,0,14,,104079,10,,,0,24,,104077,10,,,0,13,,104078,10,,,0,77,,104082,10,,,0,109,,104076,10,,,0,100,,104083,10,,,0,100,,104075,10,,,0,99,,104084,10,,,0,100,,104074,10,,,0,100,,104072,10,,,0,107,,104086,10,,,0,67,,104073,10,,,0,31,,104071,10,,,0
24005100,'5458',614,,104102,5,,,0,26,,104098,10,,,0,16,,104097,10,,,0,51,,104087,10,,,0,14,,104096,10,,,0,24,,104094,10,,,0,13,,104095,10,,,0,77,,104099,10,,,0,109,,104093,10,,,0,100,,104100,10,,,0,100,,104092,10,,,0,99,,104101,10,,,0,100,,104091,10,,,0,100,,104089,10,,,0,107,,104103,10,,,0,67,,104090,10,,,0,31,,104088,10,,,0
