3500,'5456',706,,97915,13,,,0,117,,97912,13,,,0,22,,97911,13,,,0,5,,97918,13,,,0,4,,97917,13,,,0,149,,97913,13,,,0,105,,97914,13,,,0,105,,97916,13,,,0,104,,97919,13,,,0,105,,97920,13,,,0,102,,97923,5,,,0,3,,97922,5,,,0,9,,97921,13,,,0,101,,97924,13,,,0,105,,97925,13,,,0
3500,'5458',706,,97930,13,,,0,117,,97927,13,,,0,22,,97926,13,,,0,5,,97933,13,,,0,4,,97932,13,,,0,149,,97928,13,,,0,105,,97929,13,,,0,105,,97931,13,,,0,104,,97934,13,,,0,105,,97935,13,,,0,102,,97938,5,,,0,3,,97937,5,,,0,9,,97936,13,,,0,101,,97939,13,,,0,105,,97940,13,,,0
7201,'4832',738,,86119,44,,,0,100,,86120,44,,,0,101,,86121,44,,,0,106,,86122,44,,,0,100,,86124,44,,,0,70,,86125,44,,,0,30,,86118,44,,,0,69,,86123,44,,,0,30,,86126,44,,,0,70,,86128,44,,,0,30,,86129,44,,,0,71,,86130,44,,,0,30,,86127,44,,,0,70,,86131,44,,,0,29,,86132,44,,,0,70,,86133,44,,,0,34,,86134,44,,,0,68,,86135,44,,,0,31,,86136,44,,,0,69,,86137,44,,,0,30,,86139,44,,,0,69,,86138,44,,,0,30,,86140,44,,,0,70,,86141,44,,,0,30,,86142,44,,,0,95,,86143,44,,,0,98,,86144,44,,,0
7201,'5453',738,,81140,44,,,0,100,,86146,44,,,0,101,,86147,44,,,0,106,,86148,44,,,0,100,,86150,44,,,0,70,,86151,44,,,0,30,,86145,44,,,0,69,,86149,44,,,0,30,,86152,44,,,0,70,,86154,44,,,0,30,,86155,44,,,0,71,,86156,44,,,0,30,,86153,44,,,0,70,,86157,44,,,0,29,,86158,44,,,0,70,,86159,44,,,0,34,,86160,44,,,0,68,,86161,44,,,0,31,,86162,44,,,0,69,,86163,44,,,0,30,,86165,44,,,0,69,,86164,44,,,0,30,,86166,44,,,0,70,,86167,44,,,0,30,,86168,44,,,0,95,,86169,44,,,0,98,,86170,44,,,0
7201,'5456',609,,101280,44,,,0,41,,101283,44,,,0,71,,101281,44,,,0,33,,101285,44,,,0,72,,101295,44,,,0,21,,101290,44,,,0,67,,101282,44,,,0,29,,101284,44,,,0,70,,101288,44,,,0,30,,101286,44,,,0,70,,101287,44,,,0,33,,101294,44,,,0,70,,101289,44,,,0,30,,101291,44,,,0,71,,101292,44,,,0,30,,101299,44,,,0,70,,101302,44,,,0,32,,101293,44,,,0,72,,101304,44,,,0,31,,101308,44,,,0,72,,101296,44,,,0,26,,101297,44,,,0,69,,101303,44,,,0,29,,101311,44,,,0,70,,101298,44,,,0,27,,101305,44,,,0,70,,101307,44,,,0,29,,101300,44,,,0,70,,101301,44,,,0,30,,101310,44,,,0,70,,101312,44,,,0,30,,101306,44,,,0
7201,'5457',1459,,101313,40,,,0
7201,'5458',609,,101314,44,,,0,41,,101317,44,,,0,71,,101315,44,,,0,33,,101319,44,,,0,72,,101330,44,,,0,21,,101324,44,,,0,67,,101316,44,,,0,29,,101318,44,,,0,70,,101322,44,,,0,30,,101320,44,,,0,70,,101321,44,,,0,33,,101329,44,,,0,70,,101323,44,,,0,30,,101325,44,,,0,71,,101326,44,,,0,30,,101334,44,,,0,70,,101337,44,,,0,32,,101328,44,,,0,10,,101327,40,,,0,62,,101339,44,,,0,31,,101343,44,,,0,72,,101331,44,,,0,26,,101332,44,,,0,69,,101338,44,,,0,29,,101346,44,,,0,70,,101333,44,,,0,27,,101340,44,,,0,70,,101342,44,,,0,29,,101335,44,,,0,70,,101336,44,,,0,30,,101345,44,,,0,70,,101347,44,,,0,30,,101341,44,,,0
7201,'5459',636,,101376,44,,,0,103,,101349,44,,,0,99,,101350,44,,,0,73,,101351,44,,,0,32,,101352,44,,,0,70,,101353,44,,,0,31,,101354,44,,,0,70,,101355,44,,,0,31,,101356,44,,,0,70,,101357,44,,,0,30,,101348,44,,,0,70,,101358,44,,,0,30,,101359,44,,,0,71,,101360,44,,,0,34,,101361,44,,,0,71,,101362,44,,,0,29,,101363,44,,,0,71,,101364,44,,,0,29,,101365,44,,,0,66,,101366,44,,,0,27,,101367,44,,,0,70,,101368,44,,,0,29,,101369,44,,,0,70,,101370,44,,,0,28,,101371,44,,,0,70,,101372,44,,,0,31,,101373,44,,,0,69,,101374,44,,,0,30,,101375,44,,,0
7201,'5460',738,,101378,44,,,0,100,,101379,44,,,0,101,,101380,44,,,0,106,,101381,44,,,0,100,,101383,44,,,0,70,,101384,44,,,0,30,,101377,44,,,0,69,,101382,44,,,0,30,,101385,44,,,0,70,,101387,44,,,0,30,,101388,44,,,0,71,,101389,44,,,0,30,,101386,44,,,0,70,,101390,44,,,0,29,,101391,44,,,0,70,,101392,44,,,0,34,,101393,44,,,0,68,,101394,44,,,0,31,,101395,44,,,0,69,,101396,44,,,0,30,,101398,44,,,0,69,,101397,44,,,0,30,,101399,44,,,0,70,,101400,44,,,0,30,,101401,44,,,0
7201,'5461',738,,101403,44,,,0,100,,101404,44,,,0,101,,101405,44,,,0,106,,101406,44,,,0,100,,101408,44,,,0,70,,101409,44,,,0,30,,101402,44,,,0,69,,101407,44,,,0,30,,101410,44,,,0,70,,101412,44,,,0,30,,101413,44,,,0,71,,101414,44,,,0,30,,101411,44,,,0,70,,101415,44,,,0,29,,101416,44,,,0,70,,101417,44,,,0,34,,101418,44,,,0,68,,101419,44,,,0,31,,101420,44,,,0,69,,101421,44,,,0,30,,101423,44,,,0,69,,101422,44,,,0,30,,101424,44,,,0,70,,101425,44,,,0,30,,101426,44,,,0
7201,'5462',738,,101428,44,,,0,100,,101429,44,,,0,101,,101430,44,,,0,106,,101431,44,,,0,100,,101433,44,,,0,70,,101434,44,,,0,30,,101427,44,,,0,69,,101432,44,,,0,30,,101435,44,,,0,70,,101437,44,,,0,30,,101438,44,,,0,71,,101439,44,,,0,30,,101436,44,,,0,70,,101440,44,,,0,29,,101441,44,,,0,70,,101442,44,,,0,34,,101443,44,,,0,68,,101444,44,,,0,31,,101445,44,,,0,69,,101446,44,,,0,30,,101448,44,,,0,69,,101447,44,,,0,30,,101449,44,,,0,70,,101450,44,,,0,30,,101451,44,,,0
7201,'5463',738,,101453,44,,,0,100,,101454,44,,,0,101,,101455,44,,,0,106,,101456,44,,,0,100,,101458,44,,,0,70,,101459,44,,,0,30,,101452,44,,,0,69,,101457,44,,,0,30,,101460,44,,,0,70,,101462,44,,,0,30,,101463,44,,,0,71,,101464,44,,,0,30,,101461,44,,,0,70,,101465,44,,,0,29,,101466,44,,,0,70,,101467,44,,,0,34,,101468,44,,,0,68,,101469,44,,,0,31,,101470,44,,,0,69,,101471,44,,,0,30,,101473,44,,,0,69,,101472,44,,,0,30,,101474,44,,,0,70,,101475,44,,,0,30,,101476,44,,,0
7501,'4832',659,,86296,15,0,28 29 14,0,141,,86297,39,0,28 29 14,0,104,,86298,39,,,0,110,,81302,41,,,0,101,,75783,41,,,0,104,,75784,41,,,0,31,,86299,41,,,0,55,,81311,20,,,0,15,,75786,41,,,0,30,,75787,41,,,0,55,,86309,20,,,0,15,,81304,41,,,0,16,,75804,20,,,0,15,,86300,41,,,0,56,,75805,20,,,0,15,,86301,41,,,0,15,,75806,20,,,0,15,,86302,41,,,0,55,,75807,20,,,0,15,,86303,41,,,0,15,,75808,20,,,0,15,,86308,20,,,0,55,,75809,20,,,0,15,,86304,41,,,0,31,,86310,20,,,0,70,,86305,41,,,0,30,,86311,20,,,0,69,,75795,41,,,0,99,,75796,41,,,0,99,,81308,41,,,0,100,,86306,41,,,0,88,,75799,41,0,28 29 14,0,106,,86307,39,0,28 29 14,0
7501,'5453',659,,86312,15,0,28 29 14,0,141,,86313,39,0,28 29 14,0,104,,81350,39,,,0,110,,81351,41,,,0,101,,81352,41,,,0,104,,81353,41,,,0,31,,86314,41,,,0,55,,81371,20,,,0,15,,81355,41,,,0,30,,81356,41,,,0,55,,86325,20,,,0,15,,86315,41,,,0,16,,81373,20,,,0,15,,86316,41,,,0,56,,86326,20,,,0,15,,86317,41,,,0,15,,81375,20,,,0,15,,86318,41,,,0,55,,81376,20,,,0,15,,86319,41,,,0,15,,81377,20,,,0,15,,86324,20,,,0,55,,86327,20,,,0,15,,86320,41,,,0,31,,86328,20,,,0,70,,86321,41,,,0,30,,86329,20,,,0,69,,86322,41,,,0,99,,81365,41,,,0,99,,81366,41,,,0,100,,81367,41,,,0,88,,81368,41,0,28 29 14,0,106,,86323,39,0,28 29 14,0
7501,'5456',601,,101665,39,,,0,30,,101662,39,,,0,23,,101663,39,,,0,60,,101667,39,,,0,24,,101669,39,,,0,66,,101664,39,,,0,19,,101674,39,,,0,16,,101671,39,,,0,68,,101666,39,,,0,32,,101668,41,,,0,79,,101670,41,,,0,30,,101672,41,,,0,74,,101673,41,,,0,28,,101675,41,,,0,70,,101676,41,,,0,31,,101677,41,,,0,70,,101678,41,,,0,30,,101679,41,,,0,72,,101680,41,,,0,32,,101681,41,,,0,72,,101682,41,,,0,19,,101698,41,,,0,11,,101683,41,,,0,59,,101685,41,,,0,14,,101684,41,,,0,9,,101693,39,,,0,10,,101697,20,,,0,10,,101686,41,,,0,67,,101687,41,,,0,27,,101688,41,,,0,69,,101689,41,,,0,99,,101690,41,,,0,97,,101691,41,,,0,100,,101692,41,,,0,98,,101694,41,,,0,93,,101695,41,0,28 29 14,0,93,,101696,39,0,28 29 14,0
7501,'5458',601,,101702,39,,,0,30,,101699,39,,,0,23,,101700,39,,,0,60,,101704,39,,,0,24,,101706,39,,,0,66,,101701,39,,,0,19,,101711,39,,,0,16,,101708,39,,,0,68,,101703,39,,,0,32,,101705,41,,,0,79,,101707,41,,,0,30,,101709,41,,,0,74,,101710,41,,,0,28,,101712,41,,,0,70,,101713,41,,,0,31,,101714,41,,,0,70,,101715,41,,,0,30,,101716,41,,,0,72,,101717,41,,,0,32,,101718,41,,,0,72,,101719,41,,,0,19,,101735,41,,,0,11,,101720,41,,,0,59,,101722,41,,,0,14,,101721,41,,,0,9,,101730,39,,,0,10,,101734,20,,,0,10,,101723,41,,,0,67,,101724,41,,,0,27,,101725,41,,,0,69,,101726,41,,,0,99,,101727,41,,,0,97,,101728,41,,,0,100,,101729,41,,,0,98,,101731,41,,,0,93,,101732,41,0,28 29 14,0,93,,101733,39,0,28 29 14,0
7501,'5459',650,,101736,33,0,28 29 14,0,154,,101737,39,,,0,100,,101738,39,,,0,113,,101739,41,,,0,104,,101740,41,,,0,101,,101741,41,,,0,30,,101742,41,,,0,70,,101743,41,,,0,30,,101744,41,,,0,70,,101745,41,,,0,34,,101746,41,,,0,70,,101747,41,,,0,30,,101748,41,,,0,70,,101749,41,,,0,30,,101750,41,,,0,70,,101751,41,,,0,96,,101752,41,,,0,95,,101753,41,,,0,99,,101754,41,,,0,100,,101755,41,,,0,100,,101756,41,,,0,95,,101757,41,0,28 29 14,0,93,,101758,39,0,28 29 14,0
7501,'5460',659,,101759,15,0,28 29 14,0,141,,101760,39,0,28 29 14,0,104,,101761,39,,,0,110,,101762,41,,,0,101,,101763,41,,,0,104,,101764,41,,,0,31,,101765,41,,,0,70,,101766,41,,,0,30,,101767,41,,,0,70,,101768,41,,,0,31,,101769,41,,,0,71,,101770,41,,,0,30,,101771,41,,,0,70,,101772,41,,,0,100,,101773,41,,,0,101,,101774,41,,,0,99,,101775,41,,,0,99,,101776,41,,,0,99,,101777,41,,,0,100,,101778,41,,,0,88,,101779,41,0,28 29 14,0,106,,101780,39,0,28 29 14,0
7501,'5461',659,,101781,15,0,28 29 14,0,141,,101782,39,0,28 29 14,0,104,,101783,39,,,0,110,,101784,41,,,0,101,,101785,41,,,0,104,,101786,41,,,0,31,,101787,41,,,0,70,,101788,41,,,0,30,,101789,41,,,0,70,,101790,41,,,0,31,,101791,41,,,0,71,,101792,41,,,0,30,,101793,41,,,0,70,,101794,41,,,0,100,,101795,41,,,0,101,,101796,41,,,0,99,,101797,41,,,0,99,,101798,41,,,0,99,,101799,41,,,0,100,,101800,41,,,0,88,,101801,41,0,28 29 14,0,106,,101802,39,0,28 29 14,0
7501,'5462',659,,101803,15,0,28 29 14,0,141,,101804,39,0,28 29 14,0,104,,101805,39,,,0,110,,101806,41,,,0,101,,101807,41,,,0,104,,101808,41,,,0,31,,101809,41,,,0,70,,101810,41,,,0,30,,101811,41,,,0,70,,101812,41,,,0,31,,101813,41,,,0,71,,101814,41,,,0,30,,101815,41,,,0,70,,101816,41,,,0,100,,101817,41,,,0,101,,101818,41,,,0,99,,101819,41,,,0,99,,101820,41,,,0,99,,101821,41,,,0,100,,101822,41,,,0,88,,101823,41,0,28 29 14,0,106,,101824,39,0,28 29 14,0
7501,'5463',659,,101825,15,0,28 29 14,0,141,,101826,39,0,28 29 14,0,104,,101827,39,,,0,110,,101828,41,,,0,101,,101829,41,,,0,104,,101830,41,,,0,31,,101831,41,,,0,70,,101832,41,,,0,30,,101833,41,,,0,70,,101834,41,,,0,31,,101835,41,,,0,71,,101836,41,,,0,30,,101837,41,,,0,70,,101838,41,,,0,100,,101839,41,,,0,101,,101840,41,,,0,99,,101841,41,,,0,99,,101842,41,,,0,99,,101843,41,,,0,100,,101844,41,,,0,88,,101845,41,0,28 29 14,0,106,,101846,39,0,28 29 14,0
1007201,'5456',2248,,103776,47,,,0,98,,103778,47,,,0,99,,103777,47,,,0
1007201,'5458',2248,,103779,47,,,0,98,,103781,47,,,0,99,,103780,47,,,0
1007201,'5459',2249,,103782,47,,,0,97,,103783,47,,,0,99,,103784,47,,,0
1007201,'5460',2248,,103785,47,,,0,98,,103786,47,,,0
1007201,'5461',2248,,103787,47,,,0,98,,103788,47,,,0
1007201,'5462',2248,,103789,47,,,0,98,,103790,47,,,0
1007201,'5463',2248,,103791,47,,,0,98,,103792,47,,,0
