800,'5456',623,,90530,5,,,0,85,,90531,5,,,0,29,,90532,5,,,0,19,,90554,5,,,0,60,,90534,5,,,0,91,,90533,5,,,0,35,,90536,5,,,0,83,,90535,5,,,0,83,,90537,5,,,0,34,,90540,5,,,0,84,,90538,5,,,0,85,,90539,5,,,0,42,,90542,5,,,0,86,,90555,5,0,16,0,14,,90541,5,,,0,81,,90544,5,,,0,84,,90543,5,,,0,34,,90546,5,,,0,75,,90545,5,,,0,73,,90548,5,,,0,33,,90547,5,,,0,71,,90549,5,,,0,55,,90550,5,,,0,84,,90551,5,,,0,97,,90552,5,,,0,83,,90553,5,,,0
800,'5458',623,,90556,5,,,0,85,,90557,5,,,0,29,,90558,5,,,0,19,,90580,5,,,0,60,,90560,5,,,0,91,,90559,5,,,0,35,,90562,5,,,0,83,,90561,5,,,0,83,,90563,5,,,0,34,,90566,5,,,0,84,,90564,5,,,0,85,,90565,5,,,0,42,,90568,5,,,0,86,,90581,5,0,16,0,14,,90567,5,,,0,81,,90570,5,,,0,84,,90569,5,,,0,34,,90572,5,,,0,75,,90571,5,,,0,73,,90574,5,,,0,33,,90573,5,,,0,71,,90575,5,,,0,55,,90576,5,,,0,84,,90577,5,,,0,97,,90578,5,,,0,83,,90579,5,,,0
900,'5456',720,,90755,12,,,0,82,,90753,12,,,0
900,'5458',720,,90760,12,,,0,82,,90758,12,,,0
2101,'5456',549,,93826,5,,,0,68,,93842,5,,,0,22,,93828,5,,,0,14,,93857,5,,,0,56,,93827,9,,,0,14,,93867,9,,,0,16,,93850,9,,,0,16,,93830,9,,,0,55,,93854,9,,,0,17,,93841,9,,,0,17,,93864,9,,,0,62,,93831,9,,,0,20,,93832,5,,,0,20,,93868,9,,,0,59,,93849,5,,,0,20,,93829,9,,,0,20,,93855,5,,,0,61,,93862,9,,,0,20,,93833,5,,,0,20,,93834,9,,,0,63,,93871,5,,,0,20,,93848,9,,,0,20,,93835,5,,,0,61,,93856,9,,,0,20,,93863,5,,,0,21,,93836,9,,,0,61,,93837,5,,,0,19,,93874,9,,,0,18,,93866,9,,,0,58,,93844,9,,,0,14,,93840,5,,,0,24,,93875,9,,,0,59,,93852,9,,,0,17,,93858,9,,,0,20,,93838,9,,,0,16,,93839,9,,,0,59,,93873,5,,,0,19,,93872,9,,,0,21,,93851,9,,,0,58,,93843,9,,,0,31,,93859,5,,,0,71,,93845,5,,,0,32,,93869,5,,,0,70,,93846,5,,,0,30,,93860,5,,,0,70,,93847,5,,,0,32,,93870,5,,,0,70,,93853,5,,,0,30,,93861,5,,,0,106,,93865,5,,,0
2101,'5458',549,,93876,5,,,0,68,,93892,5,,,0,22,,93878,5,,,0,14,,93907,5,,,0,56,,93877,9,,,0,14,,93917,9,,,0,16,,93900,9,,,0,16,,93880,9,,,0,55,,93904,9,,,0,17,,93891,9,,,0,17,,93914,9,,,0,62,,93881,9,,,0,20,,93882,5,,,0,20,,93918,9,,,0,59,,93899,5,,,0,20,,93879,9,,,0,20,,93905,5,,,0,61,,93912,9,,,0,20,,93883,5,,,0,20,,93884,9,,,0,63,,93921,5,,,0,20,,93898,9,,,0,20,,93885,5,,,0,61,,93906,9,,,0,20,,93913,5,,,0,21,,93886,9,,,0,61,,93887,5,,,0,19,,93924,9,,,0,18,,93916,9,,,0,58,,93894,9,,,0,14,,93890,5,,,0,24,,93925,9,,,0,59,,93902,9,,,0,17,,93908,9,,,0,20,,93888,9,,,0,16,,93889,9,,,0,59,,93923,5,,,0,19,,93922,9,,,0,21,,93901,9,,,0,58,,93893,9,,,0,31,,93909,5,,,0,71,,93895,5,,,0,32,,93919,5,,,0,70,,93896,5,,,0,30,,93910,5,,,0,70,,93897,5,,,0,32,,93920,5,,,0,70,,93903,5,,,0,30,,93911,5,,,0,106,,93915,5,,,0
2101,'5459',639,,93956,5,,,0,70,,93938,5,,,0,31,,93947,5,,,0,70,,93930,5,,,0,30,,93957,5,,,0,69,,93939,5,,,0,29,,93948,5,,,0,67,,93926,5,,,0,28,,93928,5,,,0,69,,93949,5,,,0,30,,93933,5,,,0,69,,93941,5,,,0,28,,93927,5,,,0,30,,93929,5,,,0,68,,93950,5,,,0,30,,93934,5,,,0,72,,93942,5,,,0,71,,93931,5,,,0,30,,93932,5,,,0,74,,93951,5,,,0,30,,93935,5,,,0,69,,93944,5,,,0,31,,93937,5,,,0,71,,93936,5,,,0,31,,93952,5,,,0,71,,93940,5,,,0,36,,93943,5,,,0,76,,93945,5,,,0,29,,93954,5,,,0,70,,93946,5,,,0,33,,93955,5,,,0,70,,93953,5,,,0,30,,93958,5,,,0,105,,93959,5,,,0
2101,'5460',648,,93973,5,,,0,79,,93963,5,,,0,80,,93974,5,,,0,36,,93972,5,,,0,64,,93960,5,,,0,27,,93962,5,,,0,70,,93975,5,,,0,29,,93961,5,,,0,70,,93976,5,,,0,29,,93965,5,,,0,70,,93964,5,,,0,30,,93977,5,,,0,68,,93966,5,,,0,29,,93978,5,,,0,30,,93979,5,,,0,70,,93980,5,,,0,71,,93968,5,,,0,32,,93969,5,,,0,73,,93970,5,,,0,30,,93971,5,,,0,71,,93967,5,,,0,30,,93981,5,,,0,72,,93982,5,,,0,35,,93983,5,,,0,105,,93984,5,,,0,101,,93985,5,,,0,104,,93986,5,,,0,100,,93987,5,,,0,103,,93988,5,,,0
2101,'5461',648,,94002,5,,,0,79,,93992,5,,,0,80,,94003,5,,,0,36,,94001,5,,,0,64,,93989,5,,,0,27,,93991,5,,,0,70,,94004,5,,,0,29,,93990,5,,,0,70,,94005,5,,,0,29,,93994,5,,,0,70,,93993,5,,,0,30,,94006,5,,,0,68,,93995,5,,,0,29,,94007,5,,,0,30,,94008,5,,,0,70,,94009,5,,,0,71,,93997,5,,,0,32,,93998,5,,,0,73,,93999,5,,,0,30,,94000,5,,,0,71,,93996,5,,,0,30,,94010,5,,,0,72,,94011,5,,,0,35,,94012,5,,,0,105,,94013,5,,,0,101,,94014,5,,,0,104,,94015,5,,,0,100,,94016,5,,,0,103,,94017,5,,,0
2101,'5462',648,,94031,5,,,0,79,,94021,5,,,0,80,,94032,5,,,0,36,,94030,5,,,0,64,,94018,5,,,0,27,,94020,5,,,0,70,,94033,5,,,0,29,,94019,5,,,0,70,,94034,5,,,0,29,,94023,5,,,0,70,,94022,5,,,0,30,,94035,5,,,0,68,,94024,5,,,0,29,,94036,5,,,0,30,,94037,5,,,0,70,,94038,5,,,0,71,,94026,5,,,0,32,,94027,5,,,0,73,,94028,5,,,0,30,,94029,5,,,0,71,,94025,5,,,0,30,,94039,5,,,0,72,,94040,5,,,0,35,,94041,5,,,0,105,,94042,5,,,0,101,,94043,5,,,0,104,,94044,5,,,0,100,,94045,5,,,0,103,,94046,5,,,0
2101,'5463',648,,94060,5,,,0,79,,94050,5,,,0,80,,94061,5,,,0,36,,94059,5,,,0,64,,94047,5,,,0,27,,94049,5,,,0,70,,94062,5,,,0,29,,94048,5,,,0,70,,94063,5,,,0,29,,94052,5,,,0,70,,94051,5,,,0,30,,94064,5,,,0,68,,94053,5,,,0,29,,94065,5,,,0,30,,94066,5,,,0,70,,94067,5,,,0,71,,94055,5,,,0,32,,94056,5,,,0,73,,94057,5,,,0,30,,94058,5,,,0,71,,94054,5,,,0,30,,94068,5,,,0,72,,94069,5,,,0,35,,94070,5,,,0,105,,94071,5,,,0,101,,94072,5,,,0,104,,94073,5,,,0,100,,94074,5,,,0,103,,94075,5,,,0
3801,'5456',643,,97994,12,,,0,67,,97993,12,,,0,27,,97995,12,,,0,66,,97996,12,,,0,35,,97999,12,,,0,88,,97997,12,,,0,88,,97998,12,,,0,100,,98001,12,,,0,101,,98000,12,,,0,101,,98002,12,,,0,103,,98003,12,,,0,102,,98004,12,,,0,86,,98005,12,,,0,32,,98010,12,,,0,69,,98006,12,,,0,29,,98013,12,,,0,68,,98007,12,,,0,30,,98008,12,,,0,76,,98011,12,,,0,99,,98009,12,,,0,105,,98012,12,,,0
3801,'5458',643,,98018,12,,,0,67,,98017,12,,,0,27,,98019,12,,,0,66,,98020,12,,,0,35,,98023,12,,,0,88,,98021,12,,,0,88,,98022,12,,,0,100,,98025,12,,,0,101,,98024,12,,,0,101,,98026,12,,,0,103,,98027,12,,,0,102,,98028,12,,,0,86,,98029,12,,,0,32,,98034,12,,,0,69,,98030,12,,,0,29,,98037,12,,,0,68,,98031,12,,,0,30,,98032,12,,,0,76,,98035,12,,,0,99,,98033,12,,,0,105,,98036,12,,,0
