4700,'5456',638,,98600,34,,,0,21,,98598,34,,,0,65,,98599,34,,,0
4700,'5458',638,,98603,34,,,0,21,,98601,34,,,0,65,,98602,34,,,0
4701,'5456',1658,,98604,28,,,0,67,,98605,28,,,0,29,,98606,28,,,0
4701,'5458',1658,,98607,28,,,0,67,,98608,28,,,0,29,,98609,28,,,0
5701,'5456',602,,99617,10,,,0,49,,99620,10,,,0,85,,99630,10,,,0,78,,99636,10,,,0,10,,99622,10,,,0,83,,99619,10,,,0,47,,99618,10,,,0,85,,99621,10,,,0,85,,99623,10,,,0,85,,99624,10,,,0,46,,99625,10,,,0,85,,99626,10,,,0,89,,99627,10,,,0,100,,99637,10,,,0,72,,99638,10,,,0,43,,99628,10,,,0,87,,99629,10,,,0,87,,99631,10,,,0,88,,99632,10,,,0,99,,99633,10,,,0,115,,99634,10,,,0,110,,99635,10,,,0
5701,'5458',602,,99639,10,,,0,49,,99642,10,,,0,85,,99652,10,,,0,78,,99658,10,,,0,10,,99644,10,,,0,83,,99641,10,,,0,47,,99640,10,,,0,85,,99643,10,,,0,85,,99645,10,,,0,85,,99646,10,,,0,46,,99647,10,,,0,85,,99648,10,,,0,89,,99649,10,,,0,100,,99659,10,,,0,72,,99660,10,,,0,43,,99650,10,,,0,87,,99651,10,,,0,87,,99653,10,,,0,88,,99654,10,,,0,99,,99655,10,,,0,115,,99656,10,,,0,110,,99657,10,,,0
5701,'5459',629,,99672,10,,,0,107,,99662,10,,,0,97,,99673,10,,,0,105,,99676,10,,,0,102,,99674,10,,,0,107,,99675,10,,,0,110,,99661,10,,,0,100,,99667,10,,,0,150,,99671,10,,,0,101,,99668,10,,,0,108,,99663,10,,,0,91,,99665,10,,,0,113,,99669,10,,,0,100,,99670,10,,,0,99,,99666,10,,,0,113,,99664,10,,,0
5701,'5460',736,,99680,10,,,0,99,,99677,10,,,0,105,,99679,10,,,0,100,,99678,10,,,0,107,,99681,10,,,0,110,,99684,10,,,0,100,,99682,10,,,0,150,,99685,10,,,0,100,,99683,10,,,0,109,,99689,10,,,0,90,,99691,10,,,0,113,,99690,10,,,0,100,,99688,10,,,0,100,,99687,10,,,0,85,,99686,10,,,0
5701,'5461',736,,99695,10,,,0,99,,99692,10,,,0,105,,99694,10,,,0,100,,99693,10,,,0,107,,99696,10,,,0,110,,99699,10,,,0,100,,99697,10,,,0,150,,99700,10,,,0,100,,99698,10,,,0,109,,99704,10,,,0,90,,99706,10,,,0,113,,99705,10,,,0,100,,99703,10,,,0,100,,99702,10,,,0,85,,99701,10,,,0
5701,'5462',736,,99710,10,,,0,99,,99707,10,,,0,105,,99709,10,,,0,100,,99708,10,,,0,107,,99711,10,,,0,110,,99714,10,,,0,100,,99712,10,,,0,150,,99715,10,,,0,100,,99713,10,,,0,109,,99719,10,,,0,90,,99721,10,,,0,113,,99720,10,,,0,100,,99718,10,,,0,100,,99717,10,,,0,85,,99716,10,,,0
5701,'5463',736,,99725,10,,,0,99,,99722,10,,,0,105,,99724,10,,,0,100,,99723,10,,,0,107,,99726,10,,,0,110,,99729,10,,,0,100,,99727,10,,,0,150,,99730,10,,,0,100,,99728,10,,,0,109,,99734,10,,,0,90,,99736,10,,,0,113,,99735,10,,,0,100,,99733,10,,,0,100,,99732,10,,,0,85,,99731,10,,,0
