7001,'4832',909,,85875,4,,,0,100,,75009,4,,,0,100,,85876,4,,,0,100,,85877,4,,,0,103,,74998,4,,,0,100,,85878,4,,,0,100,,85879,4,,,0,99,,85880,4,,,0,103,,85881,4,,,0,99,,85882,4,,,0,100,,85883,4,,,0,100,,85884,4,,,0,100,,85885,4,,,0,100,,85888,4,,,0,100,,85886,4,,,0,99,,85887,4,,,0
7001,'5453',909,,85889,4,,,0,100,,85903,4,,,0,100,,85890,4,,,0,100,,85891,4,,,0,103,,85892,4,,,0,100,,85893,4,,,0,100,,85894,4,,,0,99,,85895,4,,,0,103,,85896,4,,,0,99,,85897,4,,,0,100,,85898,4,,,0,100,,85899,4,,,0,100,,85900,4,,,0,100,,85904,4,,,0,100,,85901,4,,,0,99,,85902,4,,,0
7001,'5456',710,,100962,4,,,0,104,,100972,4,,,0,95,,100963,4,,,0,100,,100969,4,,,0,103,,100964,4,,,0,100,,100965,4,,,0,100,,100966,4,,,0,100,,100967,4,,,0,101,,100968,4,,,0,99,,100970,4,,,0,30,,100974,4,,,0,73,,100971,4,,,0,99,,100973,4,,,0,99,,100975,4,,,0,200,,100976,4,,,0,199,,100977,4,,,0
7001,'5458',710,,100978,4,,,0,104,,100988,4,,,0,95,,100979,4,,,0,100,,100985,4,,,0,103,,100980,4,,,0,100,,100981,4,,,0,100,,100982,4,,,0,100,,100983,4,,,0,101,,100984,4,,,0,99,,100986,4,,,0,30,,100990,4,,,0,73,,100987,4,,,0,99,,100989,4,,,0,99,,100991,4,,,0,200,,100992,4,,,0,199,,100993,4,,,0
7001,'5459',909,,100994,4,,,0,102,,100995,4,,,0,101,,100996,4,,,0,100,,100997,4,,,0,100,,100998,4,,,0,103,,100999,4,,,0,101,,101000,4,,,0,99,,101001,4,,,0,96,,101002,4,,,0,99,,101003,4,,,0,100,,101004,4,,,0,200,,101005,4,,,0,200,,101006,4,,,0
7001,'5460',908,,101007,4,,,0,200,,101008,4,,,0,100,,101009,4,,,0,103,,101010,4,,,0,101,,101011,4,,,0,99,,101012,4,,,0,100,,101013,4,,,0,103,,101014,4,,,0,99,,101015,4,,,0,100,,101016,4,,,0,100,,101017,4,,,0,99,,101018,4,,,0,200,,101019,4,,,0,100,,101020,4,,,0
7001,'5461',908,,101021,4,,,0,101,,101035,4,,,0,99,,101022,4,,,0,100,,101023,4,,,0,103,,101024,4,,,0,101,,101025,4,,,0,99,,101026,4,,,0,100,,101027,4,,,0,103,,101028,4,,,0,99,,101029,4,,,0,100,,101030,4,,,0,100,,101031,4,,,0,99,,101032,4,,,0,98,,101036,4,,,0,102,,101033,4,,,0,100,,101034,4,,,0
7001,'5462',908,,101037,4,,,0,101,,101051,4,,,0,99,,101038,4,,,0,100,,101039,4,,,0,103,,101040,4,,,0,101,,101041,4,,,0,99,,101042,4,,,0,100,,101043,4,,,0,103,,101044,4,,,0,99,,101045,4,,,0,100,,101046,4,,,0,100,,101047,4,,,0,99,,101048,4,,,0,98,,101052,4,,,0,102,,101049,4,,,0,100,,101050,4,,,0
7001,'5463',908,,101053,4,,,0,200,,101054,4,,,0,100,,101055,4,,,0,103,,101056,4,,,0,101,,101057,4,,,0,99,,101058,4,,,0,100,,101059,4,,,0,103,,101060,4,,,0,99,,101061,4,,,0,100,,101062,4,,,0,100,,101063,4,,,0,99,,101064,4,,,0,200,,101065,4,,,0,100,,101066,4,,,0
7101,'5456',615,,101073,24,,,0,30,,101074,24,,,0,88,,101075,24,,,0
7101,'5458',615,,101076,24,,,0,30,,101077,24,,,0,88,,101078,24,,,0
24007001,'4832',1101,,87448,3,,,0,203,,77833,3,,,0,100,,87454,3,,,0,101,,87449,3,,,0,201,,87450,3,,,0,200,,87451,3,,,0,199,,87452,3,,,0,314,,87453,2,0,27,0
24007001,'5453',1001,,81949,3,,,0,100,,87455,3,,,0,101,,87461,3,,,0,102,,81942,3,,,0,100,,87460,3,,,0,101,,87456,3,,,0,99,,81951,3,,,0,102,,87457,3,,,0,100,,87462,3,,,0,100,,81945,3,,,0,199,,87458,3,,,0,314,,87459,2,0,27,0
24007001,'5456',2500,,104140,2,0,27,0
24007001,'5458',1303,,104142,3,,,0,201,,104143,3,,,0,202,,104144,3,,,0,200,,104146,3,,,0,199,,104145,3,,,0,395,,104141,2,0,27,0
24007001,'5459',1103,,104147,3,,,0,200,,104148,3,,,0,202,,104149,3,,,0,198,,104150,3,,,0,200,,104151,3,,,0,200,,104152,3,,,0,397,,104153,2,0,27,0
24007001,'5460',1101,,104154,3,,,0,202,,104155,3,,,0,201,,104156,3,,,0,201,,104157,3,,,0,201,,104158,3,,,0,199,,104159,3,,,0,314,,104160,2,0,27,0
24007001,'5461',1101,,104161,3,,,0,105,,104168,3,,,0,97,,104162,3,,,0,101,,104170,3,,,0,100,,104163,3,,,0,100,,104169,3,,,0,101,,104164,3,,,0,101,,104171,3,,,0,100,,104165,3,,,0,199,,104166,3,,,0,314,,104167,2,0,27,0
24007001,'5462',1101,,104172,3,,,0,105,,104179,3,,,0,97,,104173,3,,,0,101,,104181,3,,,0,100,,104174,3,,,0,100,,104180,3,,,0,101,,104175,3,,,0,101,,104182,3,,,0,100,,104176,3,,,0,199,,104177,3,,,0,314,,104178,2,0,27,0
24007001,'5463',1101,,104183,3,,,0,105,,104190,3,,,0,97,,104184,3,,,0,201,,104185,3,,,0,100,,104191,3,,,0,101,,104186,3,,,0,201,,104187,3,,,0,199,,104188,3,,,0,314,,104189,2,0,27,0
