200,'4832',707,,63405,24,,,0,121,,63404,24,,,0,122,,63403,24,,,0,101,,63384,24,,,0,80,,63402,24,,,0,81,,63390,24,,,0,40,,63388,24,,,0,80,,77852,24,,,0,82,,63385,24,,,0,40,,63396,24,,,0,80,,63391,24,,,0,80,,63386,24,,,0,39,,77853,24,,,0,79,,63387,24,,,0,74,,63397,24,,,0,40,,63393,24,,,0,94,,63398,24,,,0,80,,63394,24,,,0,80,,63400,24,,,0,39,,63401,24,,,0,80,,63399,24,,,0,39,,63406,24,,,0,79,,63407,24,,,0
200,'5453',707,,77877,24,,,0,121,,77876,24,,,0,122,,77875,24,,,0,101,,77856,24,,,0,80,,77874,24,,,0,81,,77862,24,,,0,40,,77860,24,,,0,80,,77855,24,,,0,82,,77857,24,,,0,40,,77868,24,,,0,80,,77863,24,,,0,80,,77858,24,,,0,39,,77861,24,,,0,79,,77859,24,,,0,74,,77869,24,,,0,40,,77865,24,,,0,94,,77870,24,,,0,80,,77866,24,,,0,80,,77872,24,,,0,39,,77873,24,,,0,80,,77871,24,,,0,39,,77878,24,,,0,79,,77879,24,,,0
200,'5456',601,,87484,24,,,0,41,,87485,24,,,0,61,,87486,24,,,0,31,,87487,24,,,0,72,,87488,24,,,0,31,,87489,24,,,0,71,,87490,24,,,0,29,,87491,24,,,0,86,,87493,24,,,0,78,,87494,24,,,0,41,,87495,24,,,0,81,,87496,24,,,0,80,,87497,24,,,0,41,,87498,24,,,0,79,,87499,24,,,0,79,,87500,24,,,0,36,,87518,24,,,0,77,,87514,24,,,0,36,,87516,24,,,0,88,,87508,24,,,0,72,,87506,24,,,0,39,,87513,24,,,0,89,,87505,24,,,0,79,,87512,24,,,0,82,,87504,24,,,0,40,,87511,24,,,0,78,,87503,24,,,0,39,,87510,24,,,0,79,,87502,24,,,0,78,,87509,24,,,0
200,'5458',601,,87519,24,,,0,41,,87520,24,,,0,61,,87521,24,,,0,31,,87522,24,,,0,72,,87523,24,,,0,31,,87524,24,,,0,71,,87525,24,,,0,29,,87526,24,,,0,86,,87528,24,,,0,78,,87529,24,,,0,41,,87530,24,,,0,81,,87531,24,,,0,80,,87532,24,,,0,41,,87533,24,,,0,79,,87534,24,,,0,79,,87535,24,,,0,36,,87554,24,,,0,77,,87550,24,,,0,36,,87552,24,,,0,88,,87544,24,,,0,72,,87542,24,,,0,39,,87549,24,,,0,89,,87541,24,,,0,79,,87548,24,,,0,82,,87540,24,,,0,40,,87547,24,,,0,78,,87539,24,,,0,39,,87546,24,,,0,79,,87538,24,,,0,78,,87545,24,,,0
200,'5459',611,,87574,24,,,0,113,,87577,24,,,0,121,,87575,24,,,0,80,,87563,24,,,0,86,,87576,24,,,0,40,,87561,24,,,0,80,,87555,24,,,0,81,,87562,24,,,0,40,,87556,24,,,0,81,,87569,24,,,0,81,,87557,24,,,0,41,,87560,24,,,0,80,,87559,24,,,0,79,,87558,24,,,0,40,,87572,24,,,0,79,,87573,24,,,0,74,,87571,24,,,0,40,,87565,24,,,0,75,,87566,24,,,0,94,,87568,24,,,0,40,,87567,24,,,0,85,,87583,24,,,0,80,,87580,24,,,0,80,,87579,24,,,0,38,,87581,24,,,0,79,,87578,24,,,0
200,'5460',707,,87607,24,,,0,121,,87606,24,,,0,122,,87605,24,,,0,101,,87586,24,,,0,80,,87604,24,,,0,81,,87592,24,,,0,40,,87590,24,,,0,80,,87585,24,,,0,82,,87587,24,,,0,40,,87598,24,,,0,80,,87593,24,,,0,80,,87588,24,,,0,39,,87591,24,,,0,79,,87589,24,,,0,74,,87599,24,,,0,40,,87595,24,,,0,94,,87600,24,,,0,80,,87596,24,,,0,80,,87602,24,,,0,39,,87603,24,,,0,80,,87601,24,,,0,39,,87608,24,,,0,79,,87609,24,,,0
200,'5461',707,,87632,24,,,0,121,,87631,24,,,0,122,,87630,24,,,0,101,,87611,24,,,0,80,,87629,24,,,0,81,,87617,24,,,0,40,,87615,24,,,0,80,,87610,24,,,0,82,,87612,24,,,0,40,,87623,24,,,0,80,,87618,24,,,0,80,,87613,24,,,0,39,,87616,24,,,0,79,,87614,24,,,0,74,,87624,24,,,0,40,,87620,24,,,0,94,,87625,24,,,0,80,,87621,24,,,0,80,,87627,24,,,0,39,,87628,24,,,0,80,,87626,24,,,0,39,,87633,24,,,0,79,,87634,24,,,0
200,'5462',707,,87657,24,,,0,121,,87656,24,,,0,122,,87655,24,,,0,101,,87636,24,,,0,80,,87654,24,,,0,81,,87642,24,,,0,40,,87640,24,,,0,80,,87635,24,,,0,82,,87637,24,,,0,40,,87648,24,,,0,80,,87643,24,,,0,80,,87638,24,,,0,39,,87641,24,,,0,79,,87639,24,,,0,74,,87649,24,,,0,40,,87645,24,,,0,94,,87650,24,,,0,80,,87646,24,,,0,80,,87652,24,,,0,39,,87653,24,,,0,80,,87651,24,,,0,39,,87658,24,,,0,79,,87659,24,,,0
200,'5463',707,,87682,24,,,0,121,,87681,24,,,0,122,,87680,24,,,0,101,,87661,24,,,0,80,,87679,24,,,0,81,,87667,24,,,0,40,,87665,24,,,0,80,,87660,24,,,0,82,,87662,24,,,0,40,,87673,24,,,0,80,,87668,24,,,0,80,,87663,24,,,0,39,,87666,24,,,0,79,,87664,24,,,0,74,,87674,24,,,0,40,,87670,24,,,0,94,,87675,24,,,0,80,,87671,24,,,0,80,,87677,24,,,0,39,,87678,24,,,0,80,,87676,24,,,0,39,,87683,24,,,0,79,,87684,24,,,0
500,'4832',748,,64753,24,,,0,161,,64752,24,,,0,122,,64751,24,,,0,80,,64746,24,,,0,40,,78079,24,,,0,81,,64741,24,,,0,80,,64754,24,,,0,41,,64747,24,,,0,81,,64744,24,,,0,80,,78080,24,,,0,40,,64743,24,,,0,80,,64755,24,,,0,78,,64748,24,,,0,35,,64745,24,,,0,79,,78081,24,,,0,80,,64750,24,,,0
500,'5453',748,,78095,24,,,0,161,,78094,24,,,0,122,,78093,24,,,0,80,,78088,24,,,0,40,,78082,24,,,0,81,,78083,24,,,0,80,,78096,24,,,0,41,,78089,24,,,0,81,,78086,24,,,0,80,,78084,24,,,0,40,,78085,24,,,0,80,,78097,24,,,0,78,,78090,24,,,0,35,,78087,24,,,0,79,,78091,24,,,0,80,,78092,24,,,0
500,'5456',621,,89074,24,,,0,97,,89075,24,,,0,33,,89076,24,,,0,71,,89077,24,,,0,31,,89078,24,,,0,68,,89079,24,,,0,87,,89080,24,,,0,33,,89081,24,,,0,80,,89082,24,,,0,81,,89083,24,,,0,41,,89084,24,,,0,82,,89085,24,,,0,78,,89086,24,,,0,40,,89087,24,,,0,77,,89092,24,,,0,36,,89090,24,,,0,77,,89088,24,,,0,74,,89091,24,,,0,48,,89093,24,,,0,76,,89095,24,,,0,83,,89089,24,,,0,45,,89094,24,,,0
500,'5458',621,,89096,24,,,0,97,,89097,24,,,0,33,,89098,24,,,0,71,,89099,24,,,0,31,,89100,24,,,0,68,,89101,24,,,0,87,,89102,24,,,0,33,,89103,24,,,0,80,,89104,24,,,0,81,,89105,24,,,0,41,,89106,24,,,0,82,,89107,24,,,0,78,,89108,24,,,0,40,,89109,24,,,0,77,,89114,24,,,0,36,,89112,24,,,0,77,,89110,24,,,0,74,,89113,24,,,0,48,,89115,24,,,0,76,,89117,24,,,0,83,,89111,24,,,0,45,,89116,24,,,0
500,'5459',647,,89129,24,,,0,157,,89125,24,,,0,101,,89128,24,,,0,41,,89119,24,,,0,85,,89126,24,,,0,80,,89120,24,,,0,41,,89135,24,,,0,80,,89127,24,,,0,81,,89118,24,,,0,41,,89124,24,,,0,80,,89121,24,,,0,81,,89131,24,,,0,40,,89122,24,,,0,79,,89123,24,,,0,79,,89132,24,,,0,35,,89133,24,,,0,79,,89134,24,,,0,80,,89130,24,,,0,49,,89136,24,,,0
500,'5460',748,,89150,24,,,0,161,,89149,24,,,0,122,,89148,24,,,0,80,,89143,24,,,0,40,,89137,24,,,0,81,,89138,24,,,0,80,,89151,24,,,0,41,,89144,24,,,0,81,,89141,24,,,0,80,,89139,24,,,0,40,,89140,24,,,0,80,,89152,24,,,0,78,,89145,24,,,0,35,,89142,24,,,0,79,,89146,24,,,0,80,,89147,24,,,0
500,'5461',748,,89166,24,,,0,161,,89163,24,,,0,122,,89165,24,,,0,80,,89159,24,,,0,40,,89153,24,,,0,81,,89154,24,,,0,80,,89167,24,,,0,41,,89160,24,,,0,81,,89157,24,,,0,80,,89155,24,,,0,40,,89156,24,,,0,80,,89168,24,,,0,78,,89161,24,,,0,35,,89158,24,,,0,79,,89162,24,,,0,80,,89164,24,,,0
500,'5462',748,,89182,24,,,0,161,,89181,24,,,0,122,,89180,24,,,0,80,,89175,24,,,0,40,,89169,24,,,0,81,,89170,24,,,0,80,,89183,24,,,0,41,,89176,24,,,0,81,,89173,24,,,0,80,,89171,24,,,0,40,,89172,24,,,0,80,,89184,24,,,0,78,,89177,24,,,0,35,,89174,24,,,0,79,,89178,24,,,0,80,,89179,24,,,0
500,'5463',748,,89198,24,,,0,161,,89197,24,,,0,122,,89196,24,,,0,80,,89191,24,,,0,40,,89185,24,,,0,81,,89186,24,,,0,80,,89199,24,,,0,41,,89192,24,,,0,81,,89189,24,,,0,80,,89187,24,,,0,40,,89188,24,,,0,80,,89200,24,,,0,78,,89193,24,,,0,35,,89190,24,,,0,79,,89194,24,,,0,80,,89195,24,,,0
2700,'4832',708,,79781,8,,,0,30,,70481,8,,,0,69,,84005,8,,,0,30,,70483,8,,,0,70,,84006,8,,,0,28,,70485,8,,,0,67,,70486,8,,,0,27,,84007,8,,,0,27,,70488,8,,,0,64,,70489,8,,,0,25,,70490,8,,,0,63,,70491,8,,,0,22,,70492,8,,,0,22,,70493,8,,,0,64,,70494,8,,,0,23,,70495,8,,,0,63,,70496,8,,,0,23,,70497,8,,,0,22,,70498,8,,,0,63,,70499,8,,,0,23,,70500,8,,,0,23,,70501,8,,,0,63,,70502,8,,,0,23,,70503,8,,,0,63,,70504,8,,,0,23,,70505,8,,,0,24,,84008,8,,,0,65,,70507,8,,,0,25,,70508,8,,,0,66,,70509,8,,,0,28,,84009,8,,,0,69,,70511,8,,,0,30,,79784,8,,,0,70,,84010,8,,,0,36,,70514,8,,,0,83,,84011,8,,,0,80,,70516,8,,,0,101,,84012,8,,,0
2700,'5453',708,,84013,8,,,0,30,,79796,8,,,0,69,,79797,8,,,0,30,,79798,8,,,0,70,,84014,8,,,0,28,,84015,8,,,0,67,,79801,8,,,0,27,,84016,8,,,0,27,,79803,8,,,0,64,,79804,8,,,0,25,,79805,8,,,0,63,,79806,8,,,0,22,,84017,8,,,0,22,,79808,8,,,0,64,,79809,8,,,0,23,,79810,8,,,0,63,,84018,8,,,0,23,,79812,8,,,0,22,,79813,8,,,0,63,,79814,8,,,0,23,,84019,8,,,0,23,,79816,8,,,0,63,,79817,8,,,0,23,,79818,8,,,0,63,,84020,8,,,0,23,,79820,8,,,0,24,,84021,8,,,0,65,,79822,8,,,0,25,,84022,8,,,0,66,,79824,8,,,0,28,,79825,8,,,0,69,,84023,8,,,0,30,,79827,8,,,0,70,,84024,8,,,0,36,,84025,8,,,0,83,,84026,8,,,0,80,,84027,8,,,0,101,,84028,8,,,0
2700,'5456',715,,95657,8,,,0,107,,95658,8,,,0,25,,95659,8,,,0,65,,95660,8,,,0,24,,95661,8,,,0,66,,95662,8,,,0,26,,95663,8,,,0,25,,95664,8,,,0,66,,95665,8,,,0,26,,95666,8,,,0,66,,95667,8,,,0,26,,95668,8,,,0,66,,95669,8,,,0,25,,95670,8,,,0,23,,95671,8,,,0,63,,95672,8,,,0,24,,95673,8,,,0,64,,95674,8,,,0,14,,95675,8,,,0,18,,95676,8,,,0,14,,95677,8,,,0,58,,95678,8,,,0,16,,95679,8,,,0,17,,95680,8,,,0,14,,95681,8,,,0,58,,95682,8,,,0,16,,95683,8,,,0,13,,95684,8,,,0,17,,95685,8,,,0,56,,95686,8,,,0,16,,95687,8,,,0,20,,95688,8,,,0,64,,95689,8,,,0,26,,95690,8,,,0,68,,95691,8,,,0,29,,95692,8,,,0,68,,95693,8,,,0,29,,95694,8,,,0,70,,95695,8,,,0,37,,95696,8,,,0,81,,95697,8,,,0,38,,95698,8,,,0
2700,'5458',715,,95708,8,,,0,107,,95709,8,,,0,25,,95710,8,,,0,65,,95711,8,,,0,24,,95712,8,,,0,66,,95713,8,,,0,26,,95714,8,,,0,25,,95715,8,,,0,66,,95716,8,,,0,26,,95717,8,,,0,66,,95718,8,,,0,26,,95719,8,,,0,66,,95720,8,,,0,25,,95721,8,,,0,23,,95722,8,,,0,63,,95723,8,,,0,24,,95724,8,,,0,64,,95725,8,,,0,14,,95726,8,,,0,18,,95727,8,,,0,14,,95728,8,,,0,58,,95729,8,,,0,16,,95730,8,,,0,17,,95731,8,,,0,14,,95732,8,,,0,58,,95733,8,,,0,16,,95734,8,,,0,13,,95735,8,,,0,17,,95736,8,,,0,56,,95737,8,,,0,16,,95738,8,,,0,20,,95739,8,,,0,64,,95740,8,,,0,26,,95741,8,,,0,68,,95742,8,,,0,29,,95743,8,,,0,68,,95744,8,,,0,29,,95745,8,,,0,70,,95746,8,,,0,37,,95747,8,,,0,81,,95748,8,,,0,38,,95749,8,,,0,82,,95750,8,,,0,80,,95751,8,,,0,79,,95752,8,,,0,39,,95753,8,,,0
2700,'5459',637,,95764,8,,,0,70,,95765,8,,,0,29,,95766,8,,,0,69,,95767,8,,,0,26,,95768,8,,,0,26,,95769,8,,,0,67,,95770,8,,,0,26,,95771,8,,,0,64,,95772,8,,,0,22,,95773,8,,,0,21,,95774,8,,,0,62,,95775,8,,,0,20,,95776,8,,,0,61,,95777,8,,,0,23,,95778,8,,,0,22,,95779,8,,,0,62,,95780,8,,,0,23,,95781,8,,,0,23,,95782,8,,,0,61,,95783,8,,,0,21,,95784,8,,,0,21,,95785,8,,,0,62,,95786,8,,,0,21,,95787,8,,,0,61,,95788,8,,,0,21,,95789,8,,,0,21,,95790,8,,,0,61,,95791,8,,,0,20,,95792,8,,,0,18,,95793,8,,,0,61,,95794,8,,,0,20,,95795,8,,,0,21,,95796,8,,,0,66,,95797,8,,,0,26,,95798,8,,,0,70,,95799,8,,,0,30,,95800,8,,,0,68,,95801,8,,,0,29,,95802,8,,,0,71,,95803,8,,,0,33,,95804,8,,,0,72,,95805,8,,,0,32,,95806,8,,,0,71,,95807,8,,,0,30,,95808,8,,,0,69,,95809,8,,,0,30,,95810,8,,,0,70,,95811,8,,,0,28,,95812,8,,,0
2700,'5460',708,,95815,8,,,0,29,,95816,8,,,0,70,,95817,8,,,0,30,,95818,8,,,0,71,,95813,8,,,0,28,,95819,8,,,0,65,,95820,8,,,0,27,,95821,8,,,0,27,,95822,8,,,0,65,,95823,8,,,0,23,,95824,8,,,0,63,,95825,8,,,0,23,,95826,8,,,0,22,,95827,8,,,0,63,,95828,8,,,0,24,,95829,8,,,0,63,,95830,8,,,0,23,,95831,8,,,0,23,,95832,8,,,0,63,,95833,8,,,0,22,,95834,8,,,0,24,,95835,8,,,0,62,,95836,8,,,0,23,,95837,8,,,0,63,,95838,8,,,0,23,,95839,8,,,0,24,,95840,8,,,0,64,,95841,8,,,0,27,,95842,8,,,0,65,,95843,8,,,0,29,,95844,8,,,0,68,,95845,8,,,0,30,,95846,8,,,0,71,,95847,8,,,0,35,,95848,8,,,0,83,,95849,8,,,0,80,,95850,8,,,0,102,,95851,8,,,0
2700,'5461',708,,95854,8,,,0,29,,95855,8,,,0,70,,95856,8,,,0,30,,95857,8,,,0,71,,95852,8,,,0,28,,95858,8,,,0,65,,95859,8,,,0,27,,95860,8,,,0,27,,95861,8,,,0,65,,95862,8,,,0,23,,95863,8,,,0,63,,95864,8,,,0,23,,95865,8,,,0,22,,95866,8,,,0,63,,95867,8,,,0,24,,95868,8,,,0,63,,95869,8,,,0,23,,95870,8,,,0,23,,95871,8,,,0,63,,95872,8,,,0,22,,95873,8,,,0,24,,95874,8,,,0,62,,95875,8,,,0,23,,95876,8,,,0,63,,95877,8,,,0,23,,95878,8,,,0,24,,95879,8,,,0,64,,95880,8,,,0,27,,95881,8,,,0,65,,95882,8,,,0,29,,95883,8,,,0,68,,95884,8,,,0,30,,95885,8,,,0,71,,95886,8,,,0,35,,95887,8,,,0,83,,95888,8,,,0,80,,95889,8,,,0,102,,95890,8,,,0
2700,'5462',708,,95893,8,,,0,29,,95894,8,,,0,70,,95895,8,,,0,30,,95896,8,,,0,71,,95891,8,,,0,28,,95897,8,,,0,65,,95898,8,,,0,27,,95899,8,,,0,27,,95900,8,,,0,65,,95901,8,,,0,23,,95902,8,,,0,63,,95903,8,,,0,23,,95904,8,,,0,22,,95905,8,,,0,63,,95906,8,,,0,24,,95907,8,,,0,63,,95908,8,,,0,23,,95909,8,,,0,23,,95910,8,,,0,63,,95911,8,,,0,22,,95912,8,,,0,24,,95913,8,,,0,62,,95914,8,,,0,23,,95915,8,,,0,63,,95916,8,,,0,23,,95917,8,,,0,24,,95918,8,,,0,64,,95919,8,,,0,27,,95920,8,,,0,65,,95921,8,,,0,29,,95922,8,,,0,68,,95923,8,,,0,30,,95924,8,,,0,71,,95925,8,,,0,35,,95926,8,,,0,83,,95927,8,,,0,80,,95928,8,,,0,102,,95929,8,,,0
2700,'5463',708,,95932,8,,,0,29,,95933,8,,,0,70,,95934,8,,,0,30,,95935,8,,,0,71,,95930,8,,,0,28,,95936,8,,,0,65,,95937,8,,,0,27,,95938,8,,,0,27,,95939,8,,,0,65,,95940,8,,,0,23,,95941,8,,,0,63,,95942,8,,,0,23,,95943,8,,,0,22,,95944,8,,,0,63,,95945,8,,,0,24,,95946,8,,,0,63,,95947,8,,,0,23,,95948,8,,,0,23,,95949,8,,,0,63,,95950,8,,,0,22,,95951,8,,,0,24,,95952,8,,,0,62,,95953,8,,,0,23,,95954,8,,,0,63,,95955,8,,,0,23,,95956,8,,,0,24,,95957,8,,,0,64,,95958,8,,,0,27,,95959,8,,,0,65,,95960,8,,,0,29,,95961,8,,,0,68,,95962,8,,,0,30,,95963,8,,,0,71,,95964,8,,,0,35,,95965,8,,,0,83,,95966,8,,,0,80,,95967,8,,,0,102,,95968,8,,,0
2800,'4832',822,,79901,8,,,0,30,,71040,8,,,0,70,,84103,8,,,0,26,,71042,8,,,0,67,,71043,8,,,0,27,,84104,8,,,0,66,,71045,8,,,0,25,,71046,8,,,0,24,,84105,8,,,0,62,,84106,8,,,0,22,,71049,8,,,0,63,,71050,8,,,0,24,,71051,8,,,0,23,,84107,8,,,0,63,,79903,8,,,0,22,,71054,8,,,0,23,,71055,8,,,0,63,,84108,8,,,0,23,,79904,8,,,0,63,,71058,8,,,0,23,,84109,8,,,0,23,,84110,8,,,0,63,,79905,8,,,0,23,,71062,8,,,0,64,,84111,8,,,0,26,,84112,8,,,0,25,,71065,8,,,0,67,,84113,8,,,0,29,,84114,8,,,0,69,,71068,8,,,0,30,,84115,8,,,0,71,,84116,8,,,0,80,,79906,8,,,0,43,,84117,8,,,0,86,,79907,8,,,0
2800,'5453',822,,84120,8,,,0,30,,79922,8,,,0,70,,79923,8,,,0,26,,79924,8,,,0,67,,79925,8,,,0,27,,79926,8,,,0,66,,79927,8,,,0,25,,79928,8,,,0,24,,84121,8,,,0,62,,79930,8,,,0,22,,79931,8,,,0,63,,79932,8,,,0,24,,79933,8,,,0,23,,79934,8,,,0,63,,79935,8,,,0,22,,79936,8,,,0,23,,79937,8,,,0,63,,84122,8,,,0,23,,79939,8,,,0,63,,79940,8,,,0,23,,79941,8,,,0,23,,84123,8,,,0,63,,79943,8,,,0,23,,79944,8,,,0,64,,79945,8,,,0,26,,84124,8,,,0,25,,79947,8,,,0,67,,84125,8,,,0,29,,84126,8,,,0,69,,84127,8,,,0,30,,84128,8,,,0,71,,84129,8,,,0,80,,79953,8,,,0,43,,84130,8,,,0,86,,84131,8,,,0
2800,'5456',549,,96293,8,,,0,63,,96294,8,,,0,22,,96295,8,,,0,13,,96296,8,,,0,11,,96297,8,,,0,50,,96298,8,,,0,20,,96299,8,,,0,11,,96300,8,,,0,14,,96301,8,,,0,56,,96302,8,,,0,27,,96303,8,,,0,65,,96304,8,,,0,24,,96305,8,,,0,24,,96306,8,,,0,66,,96307,8,,,0,26,,96308,8,,,0,66,,96309,8,,,0,26,,96310,8,,,0,25,,96311,8,,,0,66,,96312,8,,,0,26,,96313,8,,,0,66,,96314,8,,,0,24,,96315,8,,,0,63,,96316,8,,,0,24,,96317,8,,,0,23,,96318,8,,,0,74,,96319,8,,,0,32,,96320,8,,,0,60,,96340,8,,,0,15,,96321,8,,,0,71,,96322,8,,,0,32,,96323,8,,,0,72,,96324,8,,,0,14,,96325,8,,,0,18,,96326,8,,,0,21,,96327,8,,,0,66,,96328,8,,,0,29,,96329,8,,,0,67,,96330,8,,,0,27,,96331,8,,,0,69,,96332,8,,,0,30,,96333,8,,,0,72,,96334,8,,,0,82,,96335,8,,,0,39,,96336,8,,,0,80,,96337,8,,,0
2800,'5458',549,,96341,8,,,0,63,,96342,8,,,0,22,,96343,8,,,0,13,,96344,8,,,0,11,,96345,8,,,0,50,,96346,8,,,0,20,,96347,8,,,0,11,,96348,8,,,0,14,,96349,8,,,0,56,,96350,8,,,0,27,,96351,8,,,0,65,,96352,8,,,0,24,,96353,8,,,0,24,,96354,8,,,0,66,,96355,8,,,0,26,,96356,8,,,0,66,,96357,8,,,0,26,,96358,8,,,0,25,,96359,8,,,0,66,,96360,8,,,0,26,,96361,8,,,0,66,,96362,8,,,0,24,,96363,8,,,0,63,,96364,8,,,0,24,,96365,8,,,0,23,,96366,8,,,0,74,,96367,8,,,0,32,,96368,8,,,0,60,,96391,8,,,0,15,,96369,8,,,0,71,,96370,8,,,0,32,,96371,8,,,0,72,,96372,8,,,0,14,,96373,8,,,0,18,,96374,8,,,0,21,,96375,8,,,0,66,,96376,8,,,0,29,,96377,8,,,0,67,,96378,8,,,0,27,,96379,8,,,0,69,,96380,8,,,0,30,,96381,8,,,0,72,,96382,8,,,0,82,,96383,8,,,0,39,,96384,8,,,0,80,,96385,8,,,0,80,,96386,8,,,0,39,,96387,8,,,0,81,,96388,8,,,0
2800,'5459',751,,96396,8,,,0,68,,96397,8,,,0,26,,96398,8,,,0,66,,96392,8,,,0,26,,96399,8,,,0,66,,96400,8,,,0,22,,96401,8,,,0,22,,96402,8,,,0,62,,96403,8,,,0,20,,96404,8,,,0,20,,96405,8,,,0,62,,96406,8,,,0,24,,96407,8,,,0,21,,96408,8,,,0,64,,96409,8,,,0,20,,96410,8,,,0,64,,96411,8,,,0,21,,96412,8,,,0,21,,96413,8,,,0,62,,96414,8,,,0,21,,96415,8,,,0,21,,96416,8,,,0,61,,96417,8,,,0,20,,96418,8,,,0,22,,96419,8,,,0,60,,96420,8,,,0,20,,96421,8,,,0,18,,96422,8,,,0,61,,96423,8,,,0,20,,96424,8,,,0,23,,96425,8,,,0,66,,96426,8,,,0,27,,96427,8,,,0,71,,96428,8,,,0,30,,96429,8,,,0,68,,96430,8,,,0,31,,96431,8,,,0,70,,96432,8,,,0,33,,96433,8,,,0,72,,96434,8,,,0,32,,96435,8,,,0,71,,96436,8,,,0,29,,96437,8,,,0,70,,96438,8,,,0,30,,96439,8,,,0,70,,96440,8,,,0
2800,'5460',822,,96445,8,,,0,31,,96446,8,,,0,70,,96447,8,,,0,26,,96448,8,,,0,66,,96449,8,,,0,26,,96450,8,,,0,67,,96451,8,,,0,25,,96452,8,,,0,23,,96453,8,,,0,63,,96454,8,,,0,22,,96455,8,,,0,62,,96456,8,,,0,24,,96457,8,,,0,24,,96458,8,,,0,63,,96459,8,,,0,22,,96460,8,,,0,23,,96461,8,,,0,63,,96462,8,,,0,23,,96463,8,,,0,62,,96464,8,,,0,23,,96465,8,,,0,22,,96466,8,,,0,64,,96467,8,,,0,23,,96468,8,,,0,64,,96469,8,,,0,24,,96470,8,,,0,28,,96471,8,,,0,66,,96472,8,,,0,29,,96473,8,,,0,69,,96474,8,,,0,31,,96475,8,,,0,70,,96476,8,,,0,80,,96477,8,,,0,43,,96478,8,,,0,87,,96479,8,,,0,86,,96480,8,0,31 49,0
2800,'5461',822,,96485,8,,,0,31,,96486,8,,,0,70,,96487,8,,,0,26,,96488,8,,,0,66,,96489,8,,,0,26,,96490,8,,,0,67,,96491,8,,,0,25,,96492,8,,,0,23,,96493,8,,,0,63,,96494,8,,,0,22,,96495,8,,,0,62,,96496,8,,,0,24,,96497,8,,,0,24,,96498,8,,,0,63,,96499,8,,,0,22,,96500,8,,,0,23,,96501,8,,,0,63,,96502,8,,,0,23,,96503,8,,,0,62,,96504,8,,,0,23,,96505,8,,,0,22,,96506,8,,,0,64,,96507,8,,,0,23,,96508,8,,,0,64,,96509,8,,,0,24,,96510,8,,,0,28,,96511,8,,,0,66,,96512,8,,,0,29,,96513,8,,,0,69,,96514,8,,,0,31,,96515,8,,,0,70,,96516,8,,,0,80,,96517,8,,,0,43,,96518,8,,,0,87,,96519,8,,,0,86,,96520,8,0,31 49,0
2800,'5462',822,,96525,8,,,0,31,,96526,8,,,0,70,,96527,8,,,0,26,,96528,8,,,0,66,,96529,8,,,0,26,,96530,8,,,0,67,,96531,8,,,0,25,,96532,8,,,0,23,,96533,8,,,0,63,,96534,8,,,0,22,,96535,8,,,0,62,,96536,8,,,0,24,,96537,8,,,0,24,,96538,8,,,0,63,,96539,8,,,0,22,,96540,8,,,0,23,,96541,8,,,0,63,,96542,8,,,0,23,,96543,8,,,0,62,,96544,8,,,0,23,,96545,8,,,0,22,,96546,8,,,0,64,,96547,8,,,0,23,,96548,8,,,0,64,,96549,8,,,0,24,,96550,8,,,0,28,,96551,8,,,0,66,,96552,8,,,0,29,,96553,8,,,0,69,,96554,8,,,0,31,,96555,8,,,0,70,,96556,8,,,0,80,,96557,8,,,0,43,,96558,8,,,0,87,,96559,8,,,0,86,,96560,8,0,31 49,0
2800,'5463',822,,96565,8,,,0,31,,96566,8,,,0,70,,96567,8,,,0,26,,96568,8,,,0,66,,96569,8,,,0,26,,96570,8,,,0,67,,96571,8,,,0,25,,96572,8,,,0,23,,96573,8,,,0,63,,96574,8,,,0,22,,96575,8,,,0,62,,96576,8,,,0,24,,96577,8,,,0,24,,96578,8,,,0,63,,96579,8,,,0,22,,96580,8,,,0,23,,96581,8,,,0,63,,96582,8,,,0,23,,96583,8,,,0,62,,96584,8,,,0,23,,96585,8,,,0,22,,96586,8,,,0,64,,96587,8,,,0,23,,96588,8,,,0,64,,96589,8,,,0,24,,96590,8,,,0,28,,96591,8,,,0,66,,96592,8,,,0,29,,96593,8,,,0,69,,96594,8,,,0,31,,96595,8,,,0,70,,96596,8,,,0,80,,96597,8,,,0,43,,96598,8,,,0,87,,96599,8,,,0,86,,96600,8,0,31 49,0
24002800,'5456',1509,,104058,8,,,0,33,,104059,8,,,0,71,,104060,8,,,0,32,,104061,8,,,0,75,,104062,8,,,0,30,,104063,8,,,0
24002800,'5458',1509,,104064,8,,,0,33,,104065,8,,,0,71,,104066,8,,,0,32,,104067,8,,,0,75,,104068,8,,,0,30,,104069,8,,,0
