1700,'5456',816,,93601,26,,,0
1700,'5458',816,,93602,26,,,0
2600,'4832',718,,69844,34,,,0,27,,69852,34,,,0,61,,69834,34,,,0,23,,69828,34,,,0,24,,69846,34,,,0,61,,69853,34,,,0,27,,83856,34,,,0,64,,69829,34,,,0,20,,69847,34,,,0,24,,69838,34,,,0,60,,69830,34,,,0,18,,69836,34,,,0,18,,83855,34,,,0,60,,69845,34,,,0,19,,69833,34,,,0,20,,69850,34,,,0,58,,69831,34,,,0,18,,83859,34,,,0,19,,83858,34,,,0,18,,69843,34,,,0,60,,69841,34,,,0,18,,69851,34,,,0,17,,69837,34,,,0,58,,83860,34,,,0,18,,83857,34,,,0,17,,69842,34,,,0,58,,69858,34,,,0,18,,69862,34,,,0,16,,69855,34,,,0,18,,83863,34,,,0,58,,83861,34,,,0,18,,69860,34,,,0,17,,69856,34,,,0,56,,69865,34,,,0,16,,69854,34,,,0,20,,83862,34,,,0,19,,69859,34,,,0,58,,69861,34,,,0,19,,83866,34,,,0,20,,83865,34,,,0,59,,69871,34,,,0,20,,69868,34,,,0,19,,69870,34,,,0,60,,83867,34,,,0,20,,83864,34,,,0,70,,69874,34,,,0,28,,69873,34,,,0,70,,69875,34,,,0,30,,69876,34,,,0
2600,'5453',718,,79671,34,,,0,27,,79679,34,,,0,61,,79661,34,,,0,23,,83868,34,,,0,24,,79673,34,,,0,61,,79680,34,,,0,27,,79662,34,,,0,64,,83869,34,,,0,20,,79674,34,,,0,24,,79665,34,,,0,60,,79657,34,,,0,18,,79663,34,,,0,18,,83871,34,,,0,60,,83877,34,,,0,19,,83872,34,,,0,20,,79677,34,,,0,58,,83870,34,,,0,18,,83878,34,,,0,19,,79667,34,,,0,18,,83876,34,,,0,60,,83874,34,,,0,18,,79678,34,,,0,17,,83873,34,,,0,58,,83879,34,,,0,18,,79666,34,,,0,17,,83875,34,,,0,58,,83883,34,,,0,18,,79689,34,,,0,16,,83881,34,,,0,18,,79691,34,,,0,58,,79684,34,,,0,18,,79687,34,,,0,17,,83882,34,,,0,56,,79692,34,,,0,16,,83880,34,,,0,20,,79690,34,,,0,19,,79686,34,,,0,58,,79688,34,,,0,19,,83885,34,,,0,20,,83884,34,,,0,59,,79698,34,,,0,20,,79695,34,,,0,19,,79697,34,,,0,60,,83886,34,,,0,20,,79693,34,,,0,70,,83888,34,,,0,28,,83887,34,,,0,70,,79702,34,,,0,30,,79703,34,,,0
2600,'5456',612,,94836,34,,,0,30,,94837,34,,,0,62,,94838,34,,,0,19,,94839,34,,,0,12,,94840,34,,,0,10,,94841,16,,,0,7,,94842,34,,,0,6,,94843,34,,,0,47,,94917,16,,,0,9,,94845,34,,,0,8,,94846,34,,,0,8,,94847,14,,,0,8,,94848,34,,,0,7,,94849,14,,,0,8,,94850,34,,,0,49,,94851,14,,,0,6,,94852,34,,,0,7,,94853,14,,,0,8,,94854,34,,,0,7,,94855,14,,,0,8,,94856,34,,,0,7,,94857,14,,,0,8,,94858,34,,,0,49,,94859,14,,,0,7,,94860,34,,,0,16,,94861,34,,,0,16,,94862,34,,,0,15,,94863,34,,,0,55,,94864,34,,,0,15,,94865,34,,,0,17,,94866,34,,,0,15,,94867,34,,,0,56,,94868,34,,,0,16,,94869,34,,,0,15,,94870,34,,,0,14,,94871,34,,,0,54,,94872,34,,,0,15,,94873,34,,,0,16,,94874,34,,,0,14,,94875,34,,,0,45,,94876,14,,,0,10,,94877,34,,,0,16,,94878,34,,,0,14,,94879,34,,,0,13,,94880,34,,,0,53,,94881,34,,,0,7,,94882,14,,,0,5,,94883,34,,,0,14,,94884,34,,,0,15,,94885,34,,,0,52,,94886,34,,,0,10,,94887,34,,,0,12,,94888,34,,,0,14,,94889,34,,,0,13,,94890,34,,,0,51,,94891,34,,,0,9,,94892,34,,,0,12,,94893,34,,,0,11,,94894,34,,,0,12,,94895,34,,,0,12,,94896,34,,,0,56,,94897,34,,,0,13,,94898,34,,,0,15,,94899,34,,,0,16,,94900,34,,,0,53,,94901,34,,,0,14,,94902,34,,,0,15,,94903,34,,,0,19,,94904,34,,,0,60,,94905,34,,,0,20,,94906,34,,,0,20,,94907,34,,,0,60,,94908,34,,,0,19,,94909,34,,,0,63,,94910,34,,,0,31,,94911,34,,,0,68,,94912,34,,,0,30,,94913,34,,,0,28,,94914,34,,,0,70,,94915,34,,,0,30,,94916,34,,,0
2600,'5458',612,,94918,34,,,0,30,,94919,34,,,0,62,,94920,34,,,0,19,,94921,34,,,0,12,,94922,34,,,0,10,,94923,16,,,0,7,,94924,34,,,0,6,,94925,34,,,0,47,,95000,16,,,0,9,,94927,34,,,0,8,,94928,34,,,0,8,,94929,14,,,0,8,,94930,34,,,0,7,,94931,14,,,0,8,,94932,34,,,0,49,,94933,14,,,0,6,,94934,34,,,0,7,,94935,14,,,0,8,,94936,34,,,0,7,,94937,14,,,0,8,,94938,34,,,0,7,,94939,14,,,0,8,,94940,34,,,0,49,,94941,14,,,0,7,,94942,34,,,0,16,,94943,34,,,0,16,,94944,34,,,0,15,,94945,34,,,0,55,,94946,34,,,0,15,,94947,34,,,0,17,,94948,34,,,0,15,,94949,34,,,0,56,,94950,34,,,0,16,,94951,34,,,0,15,,94952,34,,,0,14,,94953,34,,,0,54,,94954,34,,,0,15,,94955,34,,,0,16,,94956,34,,,0,14,,94957,34,,,0,45,,94958,14,,,0,10,,94959,34,,,0,16,,94960,34,,,0,14,,94961,34,,,0,13,,94962,34,,,0,53,,94963,34,,,0,7,,94964,14,,,0,5,,94965,34,,,0,14,,94966,34,,,0,15,,94967,34,,,0,52,,94968,34,,,0,10,,94969,34,,,0,12,,94970,34,,,0,14,,94971,34,,,0,13,,94972,34,,,0,51,,94973,34,,,0,9,,94974,34,,,0,12,,94975,34,,,0,11,,94976,34,,,0,12,,94977,34,,,0,12,,94978,34,,,0,56,,94979,34,,,0,13,,94980,34,,,0,15,,94981,34,,,0,16,,94982,34,,,0,53,,94983,34,,,0,14,,94984,34,,,0,15,,94985,34,,,0,19,,94986,34,,,0,60,,94987,34,,,0,20,,94988,34,,,0,20,,94989,34,,,0,60,,94990,34,,,0,19,,94991,34,,,0,63,,94992,34,,,0,31,,94993,34,,,0,68,,94994,34,,,0,30,,94995,34,,,0,28,,94996,34,,,0,70,,94997,34,,,0,30,,94998,34,,,0,100,,94999,34,,,0
2600,'5459',655,,95002,34,,,0,71,,95003,34,,,0,30,,95004,34,,,0,58,,95005,34,,,0,17,,95006,34,,,0,18,,95007,34,,,0,58,,95008,34,,,0,18,,95009,34,,,0,17,,95010,34,,,0,58,,95011,34,,,0,17,,95012,34,,,0,18,,95013,34,,,0,17,,95014,34,,,0,58,,95015,34,,,0,18,,95016,34,,,0,17,,95001,34,,,0,59,,95017,34,,,0,19,,95018,34,,,0,17,,95019,34,,,0,17,,95020,34,,,0,57,,95021,34,,,0,17,,95022,34,,,0,17,,95023,34,,,0,57,,95024,34,,,0,18,,95025,34,,,0,16,,95026,34,,,0,16,,95027,34,,,0,58,,95028,34,,,0,17,,95029,34,,,0,17,,95030,34,,,0,57,,95031,34,,,0,16,,95032,34,,,0,16,,95033,34,,,0,14,,95034,34,,,0,55,,95035,34,,,0,16,,95036,34,,,0,16,,95037,34,,,0,16,,95038,34,,,0,55,,95039,34,,,0,17,,95040,34,,,0,17,,95041,34,,,0,60,,95042,34,,,0,19,,95043,34,,,0,20,,95044,34,,,0,59,,95045,34,,,0,20,,95046,34,,,0,19,,95047,34,,,0,20,,95048,34,,,0,59,,95049,34,,,0,20,,95050,34,,,0,65,,95051,34,,,0,29,,95052,34,,,0,70,,95053,34,,,0,30,,95054,34,,,0,69,,95055,34,,,0,30,,95056,34,,,0,69,,95057,34,,,0,101,,95058,34,,,0
2600,'5460',718,,95075,34,,,0,27,,95083,34,,,0,61,,95065,34,,,0,23,,95059,34,,,0,24,,95077,34,,,0,61,,95084,34,,,0,27,,95066,34,,,0,64,,95060,34,,,0,20,,95078,34,,,0,24,,95069,34,,,0,60,,95061,34,,,0,18,,95067,34,,,0,18,,95063,34,,,0,60,,95076,34,,,0,19,,95064,34,,,0,20,,95081,34,,,0,58,,95062,34,,,0,18,,95079,34,,,0,19,,95071,34,,,0,18,,95074,34,,,0,60,,95072,34,,,0,18,,95082,34,,,0,17,,95068,34,,,0,58,,95080,34,,,0,18,,95070,34,,,0,17,,95073,34,,,0,58,,95089,34,,,0,18,,95093,34,,,0,16,,95086,34,,,0,18,,95095,34,,,0,58,,95088,34,,,0,18,,95091,34,,,0,17,,95087,34,,,0,56,,95096,34,,,0,16,,95085,34,,,0,20,,95094,34,,,0,19,,95090,34,,,0,58,,95092,34,,,0,19,,95100,34,,,0,20,,95098,34,,,0,59,,95102,34,,,0,20,,95099,34,,,0,19,,95101,34,,,0,60,,95103,34,,,0,20,,95097,34,,,0,70,,95105,34,,,0,28,,95104,34,,,0,70,,95106,34,,,0,30,,95107,34,,,0,78,,95108,34,,,0
2600,'5461',718,,95125,34,,,0,27,,95133,34,,,0,61,,95115,34,,,0,23,,95109,34,,,0,24,,95127,34,,,0,61,,95134,34,,,0,27,,95116,34,,,0,64,,95110,34,,,0,20,,95128,34,,,0,24,,95119,34,,,0,60,,95111,34,,,0,18,,95117,34,,,0,18,,95113,34,,,0,60,,95126,34,,,0,19,,95114,34,,,0,20,,95131,34,,,0,58,,95112,34,,,0,18,,95129,34,,,0,19,,95121,34,,,0,18,,95124,34,,,0,60,,95122,34,,,0,18,,95132,34,,,0,17,,95118,34,,,0,58,,95130,34,,,0,18,,95120,34,,,0,17,,95123,34,,,0,58,,95139,34,,,0,18,,95143,34,,,0,16,,95136,34,,,0,18,,95145,34,,,0,58,,95138,34,,,0,18,,95141,34,,,0,17,,95137,34,,,0,56,,95146,34,,,0,16,,95135,34,,,0,20,,95144,34,,,0,19,,95140,34,,,0,58,,95142,34,,,0,19,,95150,34,,,0,20,,95148,34,,,0,59,,95152,34,,,0,20,,95149,34,,,0,19,,95151,34,,,0,60,,95153,34,,,0,20,,95147,34,,,0,70,,95155,34,,,0,28,,95154,34,,,0,70,,95156,34,,,0,30,,95157,34,,,0,78,,95158,34,,,0
2600,'5462',718,,95175,34,,,0,27,,95183,34,,,0,61,,95165,34,,,0,23,,95159,34,,,0,24,,95177,34,,,0,61,,95184,34,,,0,27,,95166,34,,,0,64,,95160,34,,,0,20,,95178,34,,,0,24,,95169,34,,,0,60,,95161,34,,,0,18,,95167,34,,,0,18,,95163,34,,,0,60,,95176,34,,,0,19,,95164,34,,,0,20,,95181,34,,,0,58,,95162,34,,,0,18,,95179,34,,,0,19,,95171,34,,,0,18,,95174,34,,,0,60,,95172,34,,,0,18,,95182,34,,,0,17,,95168,34,,,0,58,,95180,34,,,0,18,,95170,34,,,0,17,,95173,34,,,0,58,,95189,34,,,0,18,,95193,34,,,0,16,,95186,34,,,0,18,,95195,34,,,0,58,,95188,34,,,0,18,,95191,34,,,0,17,,95187,34,,,0,56,,95196,34,,,0,16,,95185,34,,,0,20,,95194,34,,,0,19,,95190,34,,,0,58,,95192,34,,,0,19,,95200,34,,,0,20,,95198,34,,,0,59,,95202,34,,,0,20,,95199,34,,,0,19,,95201,34,,,0,60,,95203,34,,,0,20,,95197,34,,,0,70,,95205,34,,,0,28,,95204,34,,,0,70,,95206,34,,,0,30,,95207,34,,,0,78,,95208,34,,,0
2600,'5463',718,,95225,34,,,0,27,,95233,34,,,0,61,,95215,34,,,0,23,,95209,34,,,0,24,,95227,34,,,0,61,,95234,34,,,0,27,,95216,34,,,0,64,,95210,34,,,0,20,,95228,34,,,0,24,,95219,34,,,0,60,,95211,34,,,0,18,,95217,34,,,0,18,,95213,34,,,0,60,,95226,34,,,0,19,,95214,34,,,0,20,,95231,34,,,0,58,,95212,34,,,0,18,,95229,34,,,0,19,,95221,34,,,0,18,,95224,34,,,0,60,,95222,34,,,0,18,,95232,34,,,0,17,,95218,34,,,0,58,,95230,34,,,0,18,,95220,34,,,0,17,,95223,34,,,0,58,,95239,34,,,0,18,,95243,34,,,0,16,,95236,34,,,0,18,,95245,34,,,0,58,,95238,34,,,0,18,,95241,34,,,0,17,,95237,34,,,0,56,,95246,34,,,0,16,,95235,34,,,0,20,,95244,34,,,0,19,,95240,34,,,0,58,,95242,34,,,0,19,,95250,34,,,0,20,,95248,34,,,0,59,,95252,34,,,0,20,,95249,34,,,0,19,,95251,34,,,0,60,,95253,34,,,0,20,,95247,34,,,0,70,,95255,34,,,0,28,,95254,34,,,0,70,,95256,34,,,0,30,,95257,34,,,0,78,,95258,34,,,0
4000,'4832',828,,72661,29,,,0,176,,72660,29,,,0,101,,84827,29,,,0,100,,72663,29,,,0,101,,72664,29,,,0,101,,72665,29,,,0,101,,84830,29,,,0,100,,84829,29,,,0,100,,84828,29,,,0,98,,84831,29,,,0,98,,72670,29,,,0,99,,84832,29,,,0
4000,'5453',828,,80729,29,,,0,176,,80728,29,,,0,101,,80730,29,,,0,100,,80731,29,,,0,101,,80732,29,,,0,101,,80733,29,,,0,101,,84835,29,,,0,100,,84834,29,,,0,100,,84833,29,,,0,98,,84836,29,,,0,98,,80738,29,,,0,99,,84837,29,,,0
4000,'5456',652,,98352,29,,,0,84,,98353,29,,,0,70,,98351,29,,,0,26,,98350,29,,,0,107,,98345,29,,,0,99,,98346,29,,,0,101,,98343,29,,,0,101,,98348,29,,,0,99,,98339,29,,,0,100,,98347,29,,,0,105,,98338,29,,,0,81,,98337,29,,,0,32,,98344,29,,,0,65,,98336,29,,,0,31,,98341,29,,,0,94,,98349,29,,,0,100,,98340,29,,,0,169,,98342,29,,,0,342,,98335,29,,,0
4000,'5458',652,,98371,29,,,0,84,,98372,29,,,0,70,,98370,29,,,0,26,,98369,29,,,0,107,,98364,29,,,0,99,,98365,29,,,0,101,,98362,29,,,0,101,,98367,29,,,0,99,,98358,29,,,0,100,,98366,29,,,0,105,,98357,29,,,0,81,,98356,29,,,0,32,,98363,29,,,0,65,,98355,29,,,0,31,,98360,29,,,0,94,,98368,29,,,0,100,,98359,29,,,0,169,,98361,29,,,0,342,,98354,29,,,0
4000,'5459',731,,98382,29,,,0,173,,98383,29,,,0,100,,98373,29,,,0,102,,98376,29,,,0,100,,98378,29,,,0,101,,98384,29,,,0,101,,98374,29,,,0,101,,98375,29,,,0,100,,98379,29,,,0,100,,98385,29,,,0,97,,98377,29,,,0,98,,98381,29,,,0,100,,98380,29,,,0,53,,98386,29,,,0
4000,'5460',828,,98388,29,,,0,176,,98387,29,,,0,101,,98389,29,,,0,100,,98390,29,,,0,101,,98391,29,,,0,101,,98392,29,,,0,101,,98395,29,,,0,100,,98394,29,,,0,100,,98393,29,,,0,98,,98396,29,,,0,98,,98397,29,,,0,99,,98398,29,,,0
4000,'5461',828,,98400,29,,,0,176,,98399,29,,,0,101,,98401,29,,,0,100,,98402,29,,,0,101,,98403,29,,,0,101,,98404,29,,,0,101,,98407,29,,,0,100,,98406,29,,,0,100,,98405,29,,,0,98,,98408,29,,,0,98,,98409,29,,,0,99,,98410,29,,,0
4000,'5462',828,,98412,29,,,0,176,,98411,29,,,0,101,,98413,29,,,0,100,,98414,29,,,0,101,,98415,29,,,0,101,,98416,29,,,0,101,,98419,29,,,0,100,,98418,29,,,0,100,,98417,29,,,0,98,,98420,29,,,0,98,,98421,29,,,0,99,,98422,29,,,0
4000,'5463',828,,98424,29,,,0,176,,98423,29,,,0,101,,98425,29,,,0,100,,98426,29,,,0,101,,98427,29,,,0,101,,98428,29,,,0,101,,98431,29,,,0,100,,98430,29,,,0,100,,98429,29,,,0,98,,98432,29,,,0,98,,98433,29,,,0,99,,98434,29,,,0
24005100,'5456',638,,104085,22,,,0,69,,104081,27,,,0,20,,104080,27,,,0,15,,104070,27,,,0,58,,104079,27,,,0,27,,104077,27,,,0,11,,104078,27,,,0,71,,104082,27,,,0,103,,104076,27,,,0,100,,104083,27,,,0,100,,104075,27,,,0,100,,104084,27,,,0,100,,104074,27,,,0,102,,104072,27,,,0,105,,104086,27,,,0,28,,104073,27,,,0,70,,104071,27,,,0
24005100,'5458',638,,104102,22,,,0,69,,104098,27,,,0,20,,104097,27,,,0,15,,104087,27,,,0,58,,104096,27,,,0,27,,104094,27,,,0,11,,104095,27,,,0,71,,104099,27,,,0,103,,104093,27,,,0,100,,104100,27,,,0,100,,104092,27,,,0,100,,104101,27,,,0,100,,104091,27,,,0,102,,104089,27,,,0,105,,104103,27,,,0,28,,104090,27,,,0,70,,104088,27,,,0
