2201,'4832',740,,69166,6,,,0,80,,69167,6,,,0,29,,69159,6,,,0,67,,69160,6,,,0,30,,69169,6,,,0,69,,69168,6,,,0,29,,69158,6,,,0,69,,69162,6,,,0,30,,69163,6,,,0,70,,69161,6,,,0,28,,69165,6,,,0,69,,69164,6,,,0,30,,69171,6,,,0,70,,69172,6,,,0,31,,69170,6,,,0,70,,69174,6,,,0,35,,69173,6,,,0,70,,69176,6,,,0,30,,69175,6,,,0,70,,69177,6,,,0,33,,69178,6,,,0,70,,69179,6,,,0,91,,69180,6,0,5,0,102,,69181,6,0,5,0,111,,69182,6,0,5,0
2201,'5453',740,,79285,6,,,0,80,,83580,6,,,0,29,,79278,6,,,0,67,,79279,6,,,0,30,,79288,6,,,0,69,,83581,6,,,0,29,,79277,6,,,0,69,,79281,6,,,0,30,,79282,6,,,0,70,,83579,6,,,0,28,,79284,6,,,0,69,,79283,6,,,0,30,,79290,6,,,0,70,,79291,6,,,0,31,,79289,6,,,0,70,,79293,6,,,0,35,,79292,6,,,0,70,,79295,6,,,0,30,,79294,6,,,0,70,,79296,6,,,0,33,,79297,6,,,0,70,,79298,6,,,0,91,,83582,6,0,5,0,102,,79300,6,0,5,0,111,,79301,6,0,5,0
2201,'5456',554,,94260,14,,,0,68,,94263,14,,,0,88,,94267,6,,,0,24,,94261,20,,,0,68,,94262,20,,,0,33,,94264,20,,,0,105,,94266,20,,,0,69,,94265,20,,,0,30,,94268,20,,,0,98,,94269,20,,,0,69,,94270,6,,,0,29,,94271,6,,,0,99,,94272,6,,,0,71,,94273,6,,,0,98,,94274,6,,,0,33,,94275,6,,,0,71,,94276,6,,,0,100,,94277,6,,,0,37,,94278,6,,,0,101,,94279,6,,,0,71,,94280,6,,,0,103,,94282,6,,,0,31,,94281,6,,,0,89,,94283,6,0,5 49,0
2201,'5458',554,,94284,14,,,0,68,,94287,14,,,0,88,,94291,6,,,0,24,,94285,20,,,0,68,,94286,20,,,0,33,,94288,20,,,0,105,,94290,20,,,0,69,,94289,20,,,0,30,,94292,20,,,0,98,,94293,20,,,0,69,,94294,6,,,0,29,,94295,6,,,0,99,,94296,6,,,0,71,,94297,6,,,0,98,,94298,6,,,0,33,,94299,6,,,0,71,,94300,6,,,0,100,,94301,6,,,0,37,,94302,6,,,0,101,,94303,6,,,0,71,,94304,6,,,0,103,,94306,6,,,0,31,,94305,6,,,0,89,,94307,6,0,5 49,0
2201,'5459',712,,94318,6,,,0,38,,94329,6,,,0,68,,94314,6,,,0,29,,94308,6,,,0,70,,94317,6,,,0,30,,94330,6,,,0,67,,94313,6,,,0,29,,94312,6,,,0,71,,94315,6,,,0,28,,94310,6,,,0,68,,94334,6,,,0,30,,94311,6,,,0,67,,94316,6,,,0,30,,94309,6,,,0,70,,94322,6,,,0,32,,94333,6,,,0,69,,94324,6,,,0,32,,94320,6,,,0,71,,94323,6,,,0,34,,94325,6,,,0,71,,94321,6,,,0,31,,94319,6,,,0,70,,94327,6,,,0,33,,94326,6,,,0,68,,94332,6,,,0,28,,94328,6,,,0,73,,94335,6,,,0,31,,94331,6,,,0,88,,94336,6,0,5 49,0
2201,'5460',740,,94345,6,,,0,80,,94346,6,,,0,29,,94338,6,,,0,67,,94339,6,,,0,30,,94348,6,,,0,69,,94347,6,,,0,29,,94337,6,,,0,69,,94341,6,,,0,30,,94342,6,,,0,70,,94340,6,,,0,28,,94344,6,,,0,69,,94343,6,,,0,30,,94350,6,,,0,70,,94351,6,,,0,31,,94349,6,,,0,70,,94353,6,,,0,35,,94352,6,,,0,70,,94355,6,,,0,30,,94354,6,,,0,70,,94356,6,,,0,33,,94357,6,,,0,70,,94358,6,,,0,91,,94359,6,0,5,0,102,,94360,6,0,5,0,111,,94361,6,0,5,0
2201,'5461',740,,94370,6,,,0,80,,94371,6,,,0,29,,94363,6,,,0,67,,94364,6,,,0,30,,94373,6,,,0,69,,94372,6,,,0,29,,94362,6,,,0,69,,94366,6,,,0,30,,94367,6,,,0,70,,94365,6,,,0,28,,94369,6,,,0,69,,94368,6,,,0,30,,94375,6,,,0,70,,94376,6,,,0,31,,94374,6,,,0,70,,94378,6,,,0,35,,94377,6,,,0,70,,94380,6,,,0,30,,94379,6,,,0,70,,94381,6,,,0,33,,94382,6,,,0,70,,94383,6,,,0,91,,94384,6,0,5,0,102,,94385,6,0,5,0,111,,94386,6,0,5,0
2201,'5462',740,,94395,6,,,0,80,,94396,6,,,0,29,,94388,6,,,0,67,,94389,6,,,0,30,,94398,6,,,0,69,,94397,6,,,0,29,,94387,6,,,0,69,,94391,6,,,0,30,,94392,6,,,0,70,,94390,6,,,0,28,,94394,6,,,0,69,,94393,6,,,0,30,,94400,6,,,0,70,,94401,6,,,0,31,,94399,6,,,0,70,,94403,6,,,0,35,,94402,6,,,0,70,,94405,6,,,0,30,,94404,6,,,0,70,,94406,6,,,0,33,,94407,6,,,0,70,,94408,6,,,0,91,,94409,6,0,5,0,102,,94410,6,0,5,0,111,,94411,6,0,5,0
2201,'5463',740,,94420,6,,,0,80,,94421,6,,,0,29,,94413,6,,,0,67,,94414,6,,,0,30,,94423,6,,,0,69,,94422,6,,,0,29,,94412,6,,,0,69,,94416,6,,,0,30,,94417,6,,,0,70,,94415,6,,,0,28,,94419,6,,,0,69,,94418,6,,,0,30,,94425,6,,,0,70,,94426,6,,,0,31,,94424,6,,,0,70,,94428,6,,,0,35,,94427,6,,,0,70,,94430,6,,,0,30,,94429,6,,,0,70,,94431,6,,,0,33,,94432,6,,,0,70,,94433,6,,,0,91,,94434,6,0,5,0,102,,94435,6,0,5,0,111,,94436,6,0,5,0
14002100,'4832',2130,,77737,28,,,0,100,,77738,28,,,0,99,,77739,28,,,0
14002100,'5453',2130,,81936,28,,,0,100,,81937,28,,,0,99,,81938,28,,,0
14002100,'5456',2128,,104018,28,,,0,30,,104015,28,,,0,70,,104017,28,,,0,99,,104019,28,,,0,98,,104016,28,,,0
14002100,'5458',2128,,104023,28,,,0,30,,104020,28,,,0,70,,104022,28,,,0,99,,104024,28,,,0,98,,104021,28,,,0
14002100,'5459',2129,,104025,28,,,0,30,,104026,28,,,0,70,,104027,28,,,0,102,,104028,28,,,0,97,,104029,28,,,0
14002100,'5460',2130,,104030,28,,,0,100,,104031,28,,,0,99,,104032,28,,,0
14002100,'5461',2130,,104033,28,,,0,100,,104034,28,,,0,99,,104035,28,,,0
14002100,'5462',2130,,104036,28,,,0,100,,104037,28,,,0,99,,104038,28,,,0
14002100,'5463',2130,,104039,28,,,0,100,,104040,28,,,0,99,,104041,28,,,0
