7100,'5456',1614,,101068,41,,,0,104,,101069,41,,,0,103,,101067,41,,,0
7100,'5458',1614,,101071,41,,,0,104,,101072,41,,,0,103,,101070,41,,,0
7200,'5456',655,,101083,60,,,0,80,,101089,60,,,0,70,,101079,60,,,0,30,,101080,60,,,0,70,,101087,60,,,0,30,,101081,60,,,0,70,,101082,60,,,0,30,,101091,60,,,0,71,,101084,60,,,0,29,,101085,60,,,0,72,,101086,60,,,0,28,,101095,60,,,0,70,,101099,60,,,0,30,,101088,60,,,0,70,,101101,60,,,0,30,,101106,60,,,0,70,,101090,60,,,0,30,,101093,60,,,0,70,,101096,60,,,0,30,,101109,60,,,0,69,,101092,60,,,0,31,,101102,60,,,0,70,,101104,60,,,0,32,,101094,60,,,0,68,,101097,60,,,0,31,,101107,60,,,0,69,,101110,60,,,0,30,,101098,60,,,0,70,,101105,60,,,0,30,,101100,60,,,0,101,,101108,60,,,0,99,,101103,60,,,0,118,,101111,60,4,,0
7200,'5458',655,,101116,60,,,0,80,,101122,60,,,0,70,,101112,60,,,0,30,,101113,60,,,0,70,,101120,60,,,0,30,,101114,60,,,0,70,,101115,60,,,0,30,,101124,60,,,0,71,,101117,60,,,0,29,,101118,60,,,0,72,,101119,60,,,0,28,,101128,60,,,0,70,,101132,60,,,0,30,,101121,60,,,0,70,,101134,60,,,0,30,,101139,60,,,0,70,,101123,60,,,0,30,,101126,60,,,0,70,,101129,60,,,0,30,,101142,60,,,0,69,,101125,60,,,0,31,,101135,60,,,0,70,,101137,60,,,0,32,,101127,60,,,0,68,,101130,60,,,0,31,,101140,60,,,0,69,,101143,60,,,0,30,,101131,60,,,0,70,,101138,60,,,0,30,,101133,60,,,0,101,,101141,60,,,0,99,,101136,60,,,0,118,,101144,60,4,,0
7200,'5459',806,,101145,60,,,0,30,,101146,60,,,0,69,,101147,60,,,0,30,,101148,60,,,0,70,,101149,60,,,0,30,,101150,60,,,0,70,,101151,60,,,0,30,,101152,60,,,0,70,,101153,60,,,0,30,,101154,60,,,0,70,,101155,60,,,0,30,,101156,60,,,0,70,,101157,60,,,0,30,,101158,60,,,0,70,,101159,60,,,0,30,,101160,60,,,0,70,,101161,60,,,0,30,,101162,60,,,0,70,,101163,60,,,0,30,,101164,60,,,0,70,,101165,60,,,0,30,,101166,60,,,0,70,,101167,60,,,0,30,,101168,60,,,0,70,,101169,60,,,0,30,,101170,60,,,0,70,,101171,60,,,0,30,,101172,60,,,0,100,,101173,60,,,0,100,,101174,60,,,0,118,,101175,60,4,,0
7200,'5460',835,,101176,60,,,0,100,,101179,60,,,0,100,,101177,60,,,0,100,,101178,60,,,0,70,,101180,60,,,0,30,,101181,60,,,0,70,,101182,60,,,0,30,,101183,60,,,0,70,,101184,60,,,0,30,,101185,60,,,0,70,,101186,60,,,0,30,,101187,60,,,0,70,,101188,60,,,0,30,,101189,60,,,0,70,,101190,60,,,0,30,,101191,60,,,0,70,,101192,60,,,0,30,,101193,60,,,0,70,,101194,60,,,0,30,,101195,60,,,0,70,,101196,60,,,0,30,,101197,60,,,0,100,,101198,60,,,0,100,,101199,60,,,0,101,,101200,60,,,0,76,,101201,60,4,,0
7200,'5461',835,,101202,60,,,0,100,,101205,60,,,0,100,,101203,60,,,0,100,,101204,60,,,0,70,,101206,60,,,0,30,,101207,60,,,0,70,,101208,60,,,0,30,,101209,60,,,0,70,,101210,60,,,0,30,,101211,60,,,0,70,,101212,60,,,0,30,,101213,60,,,0,70,,101214,60,,,0,30,,101215,60,,,0,70,,101216,60,,,0,30,,101217,60,,,0,70,,101218,60,,,0,30,,101219,60,,,0,70,,101220,60,,,0,30,,101221,60,,,0,70,,101222,60,,,0,30,,101223,60,,,0,100,,101224,60,,,0,100,,101225,60,,,0,101,,101226,60,,,0,76,,101227,60,4,,0
7200,'5462',835,,101228,60,,,0,100,,101231,60,,,0,100,,101229,60,,,0,100,,101230,60,,,0,70,,101232,60,,,0,30,,101233,60,,,0,70,,101234,60,,,0,30,,101235,60,,,0,70,,101236,60,,,0,30,,101237,60,,,0,70,,101238,60,,,0,30,,101239,60,,,0,70,,101240,60,,,0,30,,101241,60,,,0,70,,101242,60,,,0,30,,101243,60,,,0,70,,101244,60,,,0,30,,101245,60,,,0,70,,101246,60,,,0,30,,101247,60,,,0,70,,101248,60,,,0,30,,101249,60,,,0,100,,101250,60,,,0,100,,101251,60,,,0,101,,101252,60,,,0,76,,101253,60,4,,0
7200,'5463',835,,101254,60,,,0,100,,101257,60,,,0,100,,101255,60,,,0,100,,101256,60,,,0,70,,101258,60,,,0,30,,101259,60,,,0,70,,101260,60,,,0,30,,101261,60,,,0,70,,101262,60,,,0,30,,101263,60,,,0,70,,101264,60,,,0,30,,101265,60,,,0,70,,101266,60,,,0,30,,101267,60,,,0,70,,101268,60,,,0,30,,101269,60,,,0,70,,101270,60,,,0,30,,101271,60,,,0,70,,101272,60,,,0,30,,101273,60,,,0,70,,101274,60,,,0,30,,101275,60,,,0,100,,101276,60,,,0,100,,101277,60,,,0,101,,101278,60,,,0,76,,101279,60,4,,0
8100,'5456',625,,101855,36,,,0,191,,101856,36,,,0,122,,101857,36,,,0,97,,101858,36,,,0,100,,101859,36,,,0,100,,101861,36,,,0,100,,101860,36,,,0,100,,101862,36,,,0,100,,101863,36,,,0,100,,101865,36,,,0,100,,101866,36,,,0,87,,101867,36,,,0,114,,101868,36,,,0,99,,101869,36,,,0
8100,'5458',625,,101871,36,,,0,191,,101872,36,,,0,122,,101873,36,,,0,97,,101874,36,,,0,100,,101875,36,,,0,100,,101877,36,,,0,100,,101876,36,,,0,100,,101878,36,,,0,100,,101879,36,,,0,100,,101881,36,,,0,100,,101882,36,,,0,87,,101883,36,,,0,114,,101884,36,,,0,99,,101885,36,,,0
8100,'5459',836,,101887,36,,,0,100,,101888,36,,,0,100,,101889,36,,,0,99,,101890,36,,,0,100,,101891,36,,,0,100,,101892,36,,,0,101,,101893,36,,,0,100,,101894,36,,,0,100,,101895,36,,,0,100,,101896,36,,,0,100,,101897,36,,,0,100,,101898,36,,,0,100,,101899,36,,,0
8100,'5460',835,,101902,36,,,0,101,,101901,36,,,0,99,,101903,36,,,0,100,,101904,36,,,0,100,,101905,36,,,0,100,,101906,36,,,0,100,,101907,36,,,0,100,,101908,36,,,0,100,,101909,36,,,0,100,,101910,36,,,0,100,,101911,36,,,0,101,,101912,36,,,0,102,,101913,36,,,0
8100,'5461',835,,101916,36,,,0,101,,101915,36,,,0,99,,101917,36,,,0,100,,101918,36,,,0,100,,101919,36,,,0,100,,101920,36,,,0,100,,101921,36,,,0,100,,101922,36,,,0,100,,101923,36,,,0,100,,101924,36,,,0,100,,101925,36,,,0,101,,101926,36,,,0,102,,101927,36,,,0
8100,'5462',835,,101930,36,,,0,101,,101929,36,,,0,99,,101931,36,,,0,100,,101932,36,,,0,100,,101933,36,,,0,100,,101934,36,,,0,100,,101935,36,,,0,100,,101936,36,,,0,100,,101937,36,,,0,100,,101938,36,,,0,100,,101939,36,,,0,101,,101940,36,,,0,102,,101941,36,,,0
8100,'5463',835,,101944,36,,,0,101,,101943,36,,,0,99,,101945,36,,,0,100,,101946,36,,,0,100,,101947,36,,,0,100,,101948,36,,,0,100,,101949,36,,,0,100,,101950,36,,,0,100,,101951,36,,,0,100,,101952,36,,,0,100,,101953,36,,,0,101,,101954,36,,,0,102,,101955,36,,,0
1007200,'5456',626,,103768,63,,,0
1007200,'5458',626,,103769,63,,,0
1007200,'5459',635,,103770,63,,,0,100,,103771,63,,,0
1007200,'5460',735,,103772,63,,,0
1007200,'5461',735,,103773,63,,,0
1007200,'5462',735,,103774,63,,,0
1007200,'5463',735,,103775,63,,,0
