7001,'4832',925,,85875,8,,,0,100,,75009,8,,,0,100,,85876,8,,,0,100,,85877,8,,,0,104,,74998,8,,,0,100,,85878,8,,,0,102,,85879,8,,,0,97,,85880,8,,,0,103,,85881,8,,,0,97,,85882,8,,,0,101,,85883,8,,,0,100,,85884,8,,,0,100,,85885,8,,,0,101,,85888,8,,,0,97,,85886,8,,,0,98,,85887,8,,,0
7001,'5453',925,,85889,8,,,0,100,,85903,8,,,0,100,,85890,8,,,0,100,,85891,8,,,0,104,,85892,8,,,0,100,,85893,8,,,0,102,,85894,8,,,0,97,,85895,8,,,0,103,,85896,8,,,0,97,,85897,8,,,0,101,,85898,8,,,0,100,,85899,8,,,0,100,,85900,8,,,0,101,,85904,8,,,0,97,,85901,8,,,0,98,,85902,8,,,0
7001,'5456',725,,100962,8,,,0,105,,100972,8,,,0,96,,100963,8,,,0,100,,100969,8,,,0,103,,100964,8,,,0,99,,100965,8,,,0,100,,100966,8,,,0,101,,100967,8,,,0,106,,100968,8,,,0,97,,100970,8,,,0,70,,100974,8,,,0,31,,100971,8,,,0,97,,100973,8,,,0,98,,100975,8,,,0,200,,100976,8,,,0,199,,100977,8,,,0
7001,'5458',725,,100978,8,,,0,105,,100988,8,,,0,96,,100979,8,,,0,100,,100985,8,,,0,103,,100980,8,,,0,99,,100981,8,,,0,100,,100982,8,,,0,101,,100983,8,,,0,106,,100984,8,,,0,97,,100986,8,,,0,70,,100990,8,,,0,31,,100987,8,,,0,97,,100989,8,,,0,98,,100991,8,,,0,200,,100992,8,,,0,199,,100993,8,,,0
7001,'5459',925,,100994,8,,,0,102,,100995,8,,,0,101,,100996,8,,,0,100,,100997,8,,,0,100,,100998,8,,,0,104,,100999,8,,,0,101,,101000,8,,,0,99,,101001,8,,,0,94,,101002,8,,,0,99,,101003,8,,,0,99,,101004,8,,,0,200,,101005,8,,,0,200,,101006,8,,,0
7001,'5460',923,,101007,8,,,0,201,,101008,8,,,0,100,,101009,8,,,0,103,,101010,8,,,0,101,,101011,8,,,0,100,,101012,8,,,0,99,,101013,8,,,0,102,,101014,8,,,0,99,,101015,8,,,0,100,,101016,8,,,0,100,,101017,8,,,0,99,,101018,8,,,0,199,,101019,8,,,0,99,,101020,8,,,0
7001,'5461',923,,101021,8,,,0,102,,101035,8,,,0,99,,101022,8,,,0,100,,101023,8,,,0,103,,101024,8,,,0,101,,101025,8,,,0,100,,101026,8,,,0,99,,101027,8,,,0,102,,101028,8,,,0,99,,101029,8,,,0,100,,101030,8,,,0,100,,101031,8,,,0,99,,101032,8,,,0,100,,101036,8,,,0,99,,101033,8,,,0,99,,101034,8,,,0
7001,'5462',923,,101037,8,,,0,102,,101051,8,,,0,99,,101038,8,,,0,100,,101039,8,,,0,103,,101040,8,,,0,101,,101041,8,,,0,100,,101042,8,,,0,99,,101043,8,,,0,102,,101044,8,,,0,99,,101045,8,,,0,100,,101046,8,,,0,100,,101047,8,,,0,99,,101048,8,,,0,100,,101052,8,,,0,99,,101049,8,,,0,99,,101050,8,,,0
7001,'5463',923,,101053,8,,,0,201,,101054,8,,,0,100,,101055,8,,,0,103,,101056,8,,,0,101,,101057,8,,,0,100,,101058,8,,,0,99,,101059,8,,,0,102,,101060,8,,,0,99,,101061,8,,,0,100,,101062,8,,,0,100,,101063,8,,,0,99,,101064,8,,,0,199,,101065,8,,,0,99,,101066,8,,,0
7101,'5456',629,,101073,28,,,0,71,,101074,28,,,0,50,,101075,28,,,0
7101,'5458',629,,101076,28,,,0,71,,101077,28,,,0,50,,101078,28,,,0
7601,'5453',1723,,81383,2,4,,0,199,,81382,2,4,,0,199,,81381,2,4,,0
7601,'5460',1723,,101849,2,4,,0,199,,101850,2,4,,0,199,,101851,2,4,,0
7601,'5462',1723,,101852,2,4,,0,199,,101853,2,4,,0,199,,101854,2,4,,0
24007001,'4832',1119,,87448,7,,,0,205,,77833,7,,,0,100,,87454,7,,,0,103,,87449,7,,,0,198,,87450,7,,,0,197,,87451,7,,,0,198,,87452,7,,,0,312,,87453,6,0,27,0
24007001,'5453',1018,,81949,7,,,0,101,,87455,7,,,0,102,,87461,7,,,0,103,,81942,7,,,0,100,,87460,7,,,0,103,,87456,7,,,0,98,,81951,7,,,0,100,,87457,7,,,0,98,,87462,7,,,0,99,,81945,7,,,0,198,,87458,7,,,0,312,,87459,6,0,27,0
24007001,'5456',2513,,104140,6,0,27,0
24007001,'5458',1322,,104142,7,,,0,205,,104143,7,,,0,200,,104144,7,,,0,195,,104146,7,,,0,199,,104145,7,,,0,392,,104141,6,0,27,0
24007001,'5459',1121,,104147,7,,,0,200,,104148,7,,,0,203,,104149,7,,,0,195,,104150,7,,,0,200,,104151,7,,,0,199,,104152,7,,,0,395,,104153,6,0,27,0
24007001,'5460',1117,,104154,7,,,0,205,,104155,7,,,0,202,,104156,7,,,0,197,,104157,7,,,0,200,,104158,7,,,0,198,,104159,7,,,0,313,,104160,6,0,27,0
24007001,'5461',1117,,104161,7,,,0,108,,104168,7,,,0,97,,104162,7,,,0,102,,104170,7,,,0,100,,104163,7,,,0,101,,104169,7,,,0,96,,104164,7,,,0,102,,104171,7,,,0,98,,104165,7,,,0,198,,104166,7,,,0,313,,104167,6,0,27,0
24007001,'5462',1117,,104172,7,,,0,108,,104179,7,,,0,97,,104173,7,,,0,102,,104181,7,,,0,100,,104174,7,,,0,101,,104180,7,,,0,96,,104175,7,,,0,102,,104182,7,,,0,98,,104176,7,,,0,198,,104177,7,,,0,313,,104178,6,0,27,0
24007001,'5463',1117,,104183,7,,,0,108,,104190,7,,,0,97,,104184,7,,,0,202,,104185,7,,,0,101,,104191,7,,,0,96,,104186,7,,,0,200,,104187,7,,,0,198,,104188,7,,,0,313,,104189,6,0,27,0
