600,'4832',651,,78233,30,,,0,69,,82206,30,,,0,96,,82188,30,,,0,25,,82204,30,,,0,81,,82190,30,,,0,21,,82182,30,,,0,79,,78229,30,,,0,15,,82211,30,,,0,16,,82189,30,,,0,73,,82208,30,,,0,15,,82199,30,,,0,15,,78211,30,,,0,70,,82183,30,,,0,12,,82185,30,,,0,12,,82209,30,,,0,52,,82201,30,,,0,24,,82184,30,,,0,12,,78223,30,,,0,12,,82186,30,,,0,52,,65128,30,,,0,24,,82200,30,,,0,12,,82187,30,,,0,12,,78217,30,,,0,52,,82193,30,,,0,24,,82196,30,,,0,12,,78250,30,,,0,12,,82202,30,,,0,52,,65139,30,,,0,25,,82195,30,,,0,12,,82194,30,,,0,11,,82192,30,,,0,52,,78248,30,,,0,25,,82191,30,,,0,12,,78231,30,,,0,11,,82198,30,,,0,52,,82212,30,,,0,25,,78239,30,,,0,15,,82197,30,,,0,14,,78232,30,,,0,72,,78235,30,,,0,16,,78241,30,,,0,58,,82203,30,,,0,34,,78237,30,,,0,17,,78240,30,,,0,74,,82207,30,,,0,17,,78247,30,,,0,58,,78238,30,,,0,48,,82205,30,,,0,95,,82210,30,,,0,79,,78251,30,,,0
600,'5453',651,,82235,30,,,0,69,,82247,30,,,0,96,,82221,30,,,0,25,,82245,30,,,0,81,,82223,30,,,0,21,,82214,30,,,0,79,,82230,30,,,0,15,,82253,30,,,0,16,,82222,30,,,0,73,,78381,30,,,0,15,,82234,30,,,0,15,,82213,30,,,0,70,,78342,30,,,0,12,,82216,30,,,0,12,,78384,30,,,0,52,,82237,30,,,0,24,,82215,30,,,0,12,,82226,30,,,0,12,,82217,30,,,0,52,,82220,30,,,0,24,,82236,30,,,0,12,,82218,30,,,0,12,,82219,30,,,0,52,,82227,30,,,0,24,,82228,30,,,0,12,,78385,30,,,0,12,,78369,30,,,0,52,,78359,30,,,0,25,,78357,30,,,0,12,,78356,30,,,0,11,,82225,30,,,0,52,,82250,30,,,0,25,,82224,30,,,0,12,,82232,30,,,0,11,,82231,30,,,0,52,,82254,30,,,0,25,,82242,30,,,0,15,,82229,30,,,0,14,,82233,30,,,0,72,,82238,30,,,0,16,,82244,30,,,0,58,,82239,30,,,0,34,,82240,30,,,0,17,,82243,30,,,0,74,,82248,30,,,0,17,,82249,30,,,0,58,,82241,30,,,0,48,,82246,30,,,0,95,,82252,30,,,0,79,,82251,30,,,0
600,'5456',540,,89335,19,,,0,60,,89336,30,,,0,32,,89337,30,,,0,72,,89338,30,,,0,26,,89339,30,,,0,24,,89340,30,,,0,65,,89356,30,,,0,20,,89358,30,,,0,19,,89347,30,,,0,59,,89341,30,,,0,19,,89342,30,,,0,65,,89343,30,,,0,24,,89344,30,,,0,23,,89351,30,,,0,65,,89345,30,,,0,23,,89346,30,,,0,64,,89348,30,,,0,24,,89349,30,,,0,25,,89350,30,,,0,64,,89352,30,,,0,25,,89353,30,,,0,67,,89354,30,,,0,23,,89355,30,,,0,21,,89357,30,,,0,60,,89359,30,,,0,21,,89360,30,,,0,16,,89366,30,,,0,54,,89361,30,,,0,17,,89362,30,,,0,14,,89369,30,,,0,16,,89363,30,,,0,55,,89364,30,,,0,13,,89365,30,,,0,13,,89367,30,,,0,16,,89368,30,,,0,14,,89370,30,,,0,54,,89371,30,,,0,17,,89372,30,,,0,17,,89373,30,,,0,63,,89374,30,,,0,24,,89376,30,,,0,67,,89375,30,,,0,33,,89378,30,,,0,18,,89377,30,,,0,75,,89379,30,,,0,18,,89380,30,,,0,78,,89382,30,,,0,19,,89381,30,,,0,99,,89383,30,,,0,98,,89384,30,,,0
600,'5458',540,,89385,19,,,0,60,,89386,30,,,0,32,,89387,30,,,0,72,,89388,30,,,0,26,,89389,30,,,0,24,,89390,30,,,0,65,,89406,30,,,0,20,,89408,30,,,0,19,,89397,30,,,0,59,,89391,30,,,0,19,,89392,30,,,0,65,,89393,30,,,0,24,,89394,30,,,0,23,,89401,30,,,0,65,,89395,30,,,0,23,,89396,30,,,0,64,,89398,30,,,0,24,,89399,30,,,0,25,,89400,30,,,0,64,,89402,30,,,0,25,,89403,30,,,0,67,,89404,30,,,0,23,,89405,30,,,0,21,,89407,30,,,0,60,,89409,30,,,0,21,,89410,30,,,0,16,,89416,30,,,0,54,,89411,30,,,0,17,,89412,30,,,0,14,,89419,30,,,0,16,,89413,30,,,0,55,,89414,30,,,0,13,,89415,30,,,0,13,,89417,30,,,0,16,,89418,30,,,0,14,,89420,30,,,0,54,,89421,30,,,0,17,,89422,30,,,0,17,,89423,30,,,0,63,,89424,30,,,0,24,,89426,30,,,0,67,,89425,30,,,0,33,,89428,30,,,0,18,,89427,30,,,0,75,,89429,30,,,0,18,,89430,30,,,0,78,,89432,30,,,0,19,,89431,30,,,0,99,,89433,30,,,0,98,,89434,30,,,0,70,,89438,30,,,0,30,,89436,30,,,0,69,,89439,30,,,0,30,,89435,30,,,0,69,,89437,30,,,0
600,'5459',605,,89441,30,,,0,31,,89442,30,,,0,84,,89443,30,,,0,20,,89444,30,,,0,76,,89445,30,,,0,20,,89446,30,,,0,18,,89447,30,,,0,71,,89448,30,,,0,16,,89440,30,,,0,15,,89449,30,,,0,67,,89450,30,,,0,13,,89451,30,,,0,13,,89452,30,,,0,52,,89453,30,,,0,24,,89454,30,,,0,12,,89455,30,,,0,12,,89456,30,,,0,65,,89457,30,,,0,12,,89458,30,,,0,12,,89459,30,,,0,64,,89460,30,,,0,12,,89461,30,,,0,13,,89462,30,,,0,24,,89463,30,,,0,52,,89464,30,,,0,12,,89465,30,,,0,20,,89466,30,,,0,10,,89467,30,,,0,10,,89468,30,,,0,62,,89469,30,,,0,11,,89478,30,,,0,10,,89470,30,,,0,20,,89471,30,,,0,51,,89479,30,,,0,10,,89472,30,,,0,20,,89473,30,,,0,11,,89480,30,,,0,50,,89474,30,,,0,20,,89475,30,,,0,11,,89476,30,,,0,12,,89481,30,,,0,12,,89477,30,,,0,64,,89482,30,,,0,12,,89483,30,,,0,12,,89484,30,,,0,11,,89485,30,,,0,65,,89487,30,,,0,15,,89488,30,,,0,14,,89489,30,,,0,69,,89490,30,,,0,15,,89491,30,,,0,17,,89486,30,,,0,76,,89492,30,,,0,18,,89493,30,,,0,74,,89494,30,,,0,21,,89495,30,,,0,20,,89496,30,,,0,89,,89497,30,,,0,93,,89498,30,,,0,69,,89499,30,,,0,29,,89500,30,,,0,70,,89501,30,,,0,29,,89502,30,,,0,69,,89503,30,,,0
600,'5460',643,,89530,30,,,0,77,,89543,30,,,0,96,,89513,30,,,0,25,,89541,30,,,0,81,,89515,30,,,0,21,,89505,30,,,0,79,,89525,30,,,0,15,,89552,30,,,0,16,,89514,30,,,0,73,,89545,30,,,0,15,,89529,30,,,0,15,,89504,30,,,0,70,,89506,30,,,0,12,,89508,30,,,0,12,,89548,30,,,0,52,,89532,30,,,0,24,,89507,30,,,0,12,,89518,30,,,0,12,,89509,30,,,0,52,,89512,30,,,0,24,,89531,30,,,0,12,,89510,30,,,0,12,,89511,30,,,0,52,,89519,30,,,0,24,,89522,30,,,0,12,,89549,30,,,0,12,,89533,30,,,0,52,,89523,30,,,0,25,,89521,30,,,0,12,,89520,30,,,0,11,,89517,30,,,0,52,,89547,30,,,0,25,,89516,30,,,0,12,,89527,30,,,0,11,,89526,30,,,0,52,,89553,30,,,0,25,,89538,30,,,0,15,,89524,30,,,0,14,,89528,30,,,0,72,,89534,30,,,0,16,,89540,30,,,0,58,,89535,30,,,0,34,,89536,30,,,0,17,,89539,30,,,0,74,,89544,30,,,0,17,,89546,30,,,0,58,,89537,30,,,0,48,,89542,30,,,0,95,,89551,30,,,0,87,,89550,30,,,0
600,'5461',643,,89580,30,,,0,77,,89593,30,,,0,96,,89563,30,,,0,25,,89591,30,,,0,81,,89565,30,,,0,21,,89555,30,,,0,79,,89575,30,,,0,15,,89602,30,,,0,16,,89564,30,,,0,73,,89595,30,,,0,15,,89579,30,,,0,15,,89554,30,,,0,70,,89556,30,,,0,12,,89558,30,,,0,12,,89598,30,,,0,52,,89582,30,,,0,24,,89557,30,,,0,12,,89568,30,,,0,12,,89559,30,,,0,52,,89562,30,,,0,24,,89581,30,,,0,12,,89560,30,,,0,12,,89561,30,,,0,52,,89569,30,,,0,24,,89572,30,,,0,12,,89599,30,,,0,12,,89583,30,,,0,52,,89573,30,,,0,25,,89571,30,,,0,12,,89570,30,,,0,11,,89567,30,,,0,52,,89597,30,,,0,25,,89566,30,,,0,12,,89577,30,,,0,11,,89576,30,,,0,52,,89603,30,,,0,25,,89588,30,,,0,15,,89574,30,,,0,14,,89578,30,,,0,72,,89584,30,,,0,16,,89590,30,,,0,58,,89585,30,,,0,34,,89586,30,,,0,17,,89589,30,,,0,74,,89594,30,,,0,17,,89596,30,,,0,58,,89587,30,,,0,48,,89592,30,,,0,95,,89601,30,,,0,87,,89600,30,,,0
600,'5462',643,,89630,30,,,0,77,,89643,30,,,0,96,,89613,30,,,0,25,,89641,30,,,0,81,,89615,30,,,0,21,,89605,30,,,0,79,,89625,30,,,0,15,,89652,30,,,0,16,,89614,30,,,0,73,,89645,30,,,0,15,,89629,30,,,0,15,,89604,30,,,0,70,,89606,30,,,0,12,,89608,30,,,0,12,,89648,30,,,0,52,,89632,30,,,0,24,,89607,30,,,0,12,,89618,30,,,0,12,,89609,30,,,0,52,,89612,30,,,0,24,,89631,30,,,0,12,,89610,30,,,0,12,,89611,30,,,0,52,,89619,30,,,0,24,,89622,30,,,0,12,,89649,30,,,0,12,,89633,30,,,0,52,,89623,30,,,0,25,,89621,30,,,0,12,,89620,30,,,0,11,,89617,30,,,0,52,,89647,30,,,0,25,,89616,30,,,0,12,,89627,30,,,0,11,,89626,30,,,0,52,,89653,30,,,0,25,,89638,30,,,0,15,,89624,30,,,0,14,,89628,30,,,0,72,,89634,30,,,0,16,,89640,30,,,0,58,,89635,30,,,0,34,,89636,30,,,0,17,,89639,30,,,0,74,,89644,30,,,0,17,,89646,30,,,0,58,,89637,30,,,0,48,,89642,30,,,0,95,,89651,30,,,0,87,,89650,30,,,0
600,'5463',643,,89680,30,,,0,77,,89693,30,,,0,96,,89663,30,,,0,25,,89691,30,,,0,81,,89665,30,,,0,21,,89655,30,,,0,79,,89675,30,,,0,15,,89702,30,,,0,16,,89664,30,,,0,73,,89695,30,,,0,15,,89679,30,,,0,15,,89654,30,,,0,70,,89656,30,,,0,12,,89658,30,,,0,12,,89698,30,,,0,52,,89682,30,,,0,24,,89657,30,,,0,12,,89668,30,,,0,12,,89659,30,,,0,52,,89662,30,,,0,24,,89681,30,,,0,12,,89660,30,,,0,12,,89661,30,,,0,52,,89669,30,,,0,24,,89672,30,,,0,12,,89699,30,,,0,12,,89683,30,,,0,52,,89673,30,,,0,25,,89671,30,,,0,12,,89670,30,,,0,11,,89667,30,,,0,52,,89697,30,,,0,25,,89666,30,,,0,12,,89677,30,,,0,11,,89676,30,,,0,52,,89703,30,,,0,25,,89688,30,,,0,15,,89674,30,,,0,14,,89678,30,,,0,72,,89684,30,,,0,16,,89690,30,,,0,58,,89685,30,,,0,34,,89686,30,,,0,17,,89689,30,,,0,74,,89694,30,,,0,17,,89696,30,,,0,58,,89687,30,,,0,48,,89692,30,,,0,95,,89701,30,,,0,87,,89700,30,,,0
1000600,'4832',751,,81691,30,,,0,150,,81692,30,,,0,102,,87301,30,,,0,106,,87293,30,,,0,101,,81686,30,,,0,103,,87294,30,,,0,101,,87302,30,,,0,100,,87295,30,,,0,101,,81687,30,,,0,99,,87296,30,,,0,100,,81690,30,,,0,98,,87297,30,,,0,108,,87298,30,,,0,90,,87299,30,,,0,112,,87300,30,,,0,93,,81695,30,,,0
1000600,'5453',751,,87310,30,,,0,150,,87311,30,,,0,102,,87316,30,,,0,106,,87303,30,,,0,101,,87305,30,,,0,103,,87304,30,,,0,101,,81752,30,,,0,100,,81739,30,,,0,101,,87306,30,,,0,99,,87307,30,,,0,100,,87309,30,,,0,98,,87308,30,,,0,108,,87312,30,,,0,90,,87313,30,,,0,112,,87315,30,,,0,93,,87314,30,,,0
1000600,'5456',615,,103443,30,,,0,100,,103445,30,,,0,92,,103444,30,,,0,42,,103446,30,,,0,75,,103451,30,,,0,88,,103447,30,,,0,47,,103448,30,,,0,89,,103449,30,,,0,89,,103450,30,,,0,89,,103452,30,,,0,91,,103453,30,,,0,83,,103454,30,,,0,40,,103455,30,,,0,68,,103456,30,,,0,31,,103457,30,,,0,70,,103458,30,,,0,27,,103459,30,,,0,69,,103460,30,,,0,31,,103461,30,,,0,85,,103462,30,,,0,94,,103463,30,,,0,93,,103464,30,,,0,94,,103465,30,,,0,108,,103466,30,,,0,98,,103467,30,,,0
1000600,'5458',615,,103468,30,,,0,100,,103470,30,,,0,92,,103469,30,,,0,42,,103471,30,,,0,75,,103476,30,,,0,88,,103472,30,,,0,47,,103473,30,,,0,89,,103474,30,,,0,89,,103475,30,,,0,89,,103477,30,,,0,91,,103478,30,,,0,83,,103479,30,,,0,40,,103480,30,,,0,68,,103481,30,,,0,31,,103482,30,,,0,70,,103483,30,,,0,27,,103484,30,,,0,69,,103485,30,,,0,31,,103486,30,,,0,85,,103487,30,,,0,94,,103488,30,,,0,93,,103489,30,,,0,94,,103490,30,,,0,108,,103491,30,,,0,98,,103492,30,,,0
1000600,'5459',659,,103493,30,,,0,99,,103494,30,,,0,151,,103495,30,,,0,100,,103496,30,,,0,103,,103497,30,,,0,89,,103498,30,,,0,50,,103499,30,,,0,88,,103500,30,,,0,86,,103501,30,,,0,81,,103502,30,,,0,42,,103503,30,,,0,81,,103504,30,,,0,80,,103506,30,,,0,97,,103505,30,,,0,100,,103507,30,,,0,96,,103508,30,,,0,104,,103509,30,,,0,52,,103510,30,,,0,164,,103511,30,,,0,95,,103512,30,,,0
1000600,'5460',751,,103521,30,,,0,150,,103522,30,,,0,102,,103527,30,,,0,106,,103513,30,,,0,101,,103516,30,,,0,103,,103514,30,,,0,101,,103528,30,,,0,100,,103515,30,,,0,101,,103517,30,,,0,99,,103518,30,,,0,100,,103520,30,,,0,98,,103519,30,,,0,108,,103523,30,,,0,90,,103524,30,,,0,112,,103526,30,,,0,93,,103525,30,,,0
1000600,'5461',751,,103537,30,,,0,150,,103538,30,,,0,102,,103543,30,,,0,106,,103529,30,,,0,101,,103532,30,,,0,103,,103530,30,,,0,101,,103544,30,,,0,100,,103531,30,,,0,101,,103533,30,,,0,99,,103534,30,,,0,100,,103536,30,,,0,98,,103535,30,,,0,108,,103539,30,,,0,90,,103540,30,,,0,112,,103542,30,,,0,93,,103541,30,,,0
1000600,'5462',751,,103553,30,,,0,150,,103554,30,,,0,102,,103559,30,,,0,106,,103545,30,,,0,101,,103548,30,,,0,103,,103546,30,,,0,101,,103560,30,,,0,100,,103547,30,,,0,101,,103549,30,,,0,99,,103550,30,,,0,100,,103552,30,,,0,98,,103551,30,,,0,108,,103555,30,,,0,90,,103556,30,,,0,112,,103558,30,,,0,93,,103557,30,,,0
1000600,'5463',751,,103569,30,,,0,150,,103570,30,,,0,102,,103575,30,,,0,106,,103561,30,,,0,101,,103564,30,,,0,103,,103562,30,,,0,101,,103576,30,,,0,100,,103563,30,,,0,101,,103565,30,,,0,99,,103566,30,,,0,100,,103568,30,,,0,98,,103567,30,,,0,108,,103571,30,,,0,90,,103572,30,,,0,112,,103574,30,,,0,93,,103573,30,,,0
2000600,'5456',649,,103857,30,,,0,93,,103860,30,,,0,87,,103858,30,,,0,78,,103861,30,,,0,42,,103859,30,,,0,88,,103862,30,,,0,87,,103863,30,,,0,88,,103865,30,,,0,89,,103864,30,,,0,51,,103866,30,,,0,87,,103867,30,,,0,80,,103869,30,,,0,34,,103868,30,,,0,72,,103870,30,,,0,30,,103871,30,,,0,66,,103872,30,,,0,30,,103873,30,,,0,71,,103874,30,,,0,36,,103875,30,,,0,89,,103876,30,,,0
2000600,'5458',649,,103877,30,,,0,93,,103880,30,,,0,87,,103878,30,,,0,78,,103881,30,,,0,42,,103879,30,,,0,88,,103882,30,,,0,87,,103883,30,,,0,88,,103885,30,,,0,89,,103884,30,,,0,51,,103886,30,,,0,87,,103887,30,,,0,80,,103889,30,,,0,34,,103888,30,,,0,72,,103890,30,,,0,30,,103891,30,,,0,66,,103892,30,,,0,30,,103893,30,,,0,71,,103894,30,,,0,36,,103895,30,,,0,89,,103896,30,,,0
