6000,'5456',645,,100190,11,,,0,73,,100183,11,,,0,31,,100186,11,,,0,106,,100191,11,,,0,101,,100193,11,,,0,101,,100192,11,,,0,97,,100184,11,,,0,103,,100185,11,,,0,102,,100187,11,,,0,149,,100188,11,,,0,31,,100197,12,,,0,72,,100195,11,,,0,41,,100198,11,,,0,82,,100189,11,,,0,82,,100199,11,,,0,41,,100196,11,,,0,143,,100200,11,,,0,104,,100201,11,,,0,114,,100194,11,,,0
6000,'5458',645,,100209,11,,,0,73,,100202,11,,,0,31,,100205,11,,,0,106,,100210,11,,,0,101,,100212,11,,,0,101,,100211,11,,,0,97,,100203,11,,,0,103,,100204,11,,,0,102,,100206,11,,,0,82,,100214,12,,,0,67,,100207,11,,,0,103,,100215,11,,,0,41,,100217,11,,,0,82,,100208,11,,,0,82,,100218,11,,,0,41,,100216,11,,,0,143,,100219,11,,,0,104,,100220,11,,,0,114,,100213,11,,,0
6000,'5459',718,,100233,11,,,0,100,,100234,11,,,0,101,,100232,11,,,0,101,,100231,11,,,0,106,,100230,11,,,0,105,,100229,11,,,0,105,,100228,11,,,0,106,,100227,11,,,0,106,,100225,11,,,0,102,,100226,11,,,0,103,,100221,11,,,0,104,,100222,11,,,0,145,,100223,11,,,0,120,,100224,11,,,0
6000,'5460',819,,100235,11,,,0,101,,100236,11,,,0,101,,100238,11,,,0,106,,100237,11,,,0,105,,100242,11,,,0,105,,100241,11,,,0,105,,100240,11,,,0,105,,100239,11,,,0,102,,100245,11,,,0,103,,100246,11,,,0,104,,100247,11,,,0,145,,100244,11,,,0,120,,100243,11,,,0
6000,'5461',819,,100248,11,,,0,101,,100249,11,,,0,101,,100251,11,,,0,106,,100250,11,,,0,105,,100255,11,,,0,105,,100254,11,,,0,105,,100253,11,,,0,105,,100252,11,,,0,102,,100258,11,,,0,103,,100259,11,,,0,104,,100260,11,,,0,145,,100257,11,,,0,120,,100256,11,,,0
6000,'5462',819,,100261,11,,,0,101,,100262,11,,,0,101,,100264,11,,,0,106,,100263,11,,,0,105,,100268,11,,,0,105,,100267,11,,,0,105,,100266,11,,,0,105,,100265,11,,,0,102,,100271,11,,,0,103,,100272,11,,,0,104,,100273,11,,,0,145,,100270,11,,,0,120,,100269,11,,,0
6000,'5463',819,,100274,11,,,0,101,,100275,11,,,0,101,,100277,11,,,0,106,,100276,11,,,0,105,,100281,11,,,0,105,,100280,11,,,0,105,,100279,11,,,0,105,,100278,11,,,0,102,,100284,11,,,0,103,,100285,11,,,0,104,,100286,11,,,0,145,,100283,11,,,0,120,,100282,11,,,0
6001,'5456',725,,100290,24,0,28 37 14,0,78,,100287,24,0,28 37 14,0,33,,100289,24,0,28 37 14,0,79,,100288,24,0,28 37 14,0,92,,100294,24,0,28 37 14,0,101,,100295,24,0,28 37 14,0,101,,100296,24,0,28 37 14,0,103,,100297,24,0,28 37 14,0,111,,100293,24,0,28 37 14,0,97,,100291,24,0,28 37 14,0,91,,100292,24,0,28 37 14,0,44,,100304,24,0,28 37 14,0,81,,100303,24,0,28 37 14,0,85,,100298,24,0,28 37 14,0,100,,100299,24,0,28 37 14,0,99,,100300,24,0,28 37 14,0,110,,100301,24,0,28 37 14,0,107,,100302,24,0,28 37 14,0
6001,'5458',725,,100308,24,0,28 37 14,0,78,,100305,24,0,28 37 14,0,33,,100307,24,0,28 37 14,0,79,,100306,24,0,28 37 14,0,92,,100312,24,0,28 37 14,0,101,,100313,24,0,28 37 14,0,101,,100314,24,0,28 37 14,0,103,,100315,24,0,28 37 14,0,111,,100311,24,0,28 37 14,0,97,,100309,24,0,28 37 14,0,91,,100310,24,0,28 37 14,0,44,,100322,24,0,28 37 14,0,81,,100321,24,0,28 37 14,0,85,,100316,24,0,28 37 14,0,100,,100317,24,0,28 37 14,0,99,,100318,24,0,28 37 14,0,110,,100319,24,0,28 37 14,0,107,,100320,24,0,28 37 14,0
6001,'5459',735,,100334,24,0,28 37 14,0,101,,100335,24,0,28 37 14,0,100,,100336,24,0,28 37 14,0,101,,100333,24,0,28 37 14,0,105,,100332,24,0,28 37 14,0,105,,100331,24,0,28 37 14,0,106,,100330,24,0,28 37 14,0,105,,100329,24,0,28 37 14,0,144,,100328,24,0,28 37 14,0,105,,100327,24,0,28 37 14,0,105,,100326,24,0,28 37 14,0,105,,100325,24,0,28 37 14,0,104,,100324,24,0,28 37 14,0,107,,100323,24,0,28 37 14,0
6001,'5460',835,,100338,24,0,28 37 14,0,101,,100339,24,0,28 37 14,0,101,,100340,24,0,28 37 14,0,105,,100337,24,0,28 37 14,0,105,,100343,24,0,28 37 14,0,105,,100344,24,0,28 37 14,0,106,,100342,24,0,28 37 14,0,145,,100341,24,0,28 37 14,0,105,,100346,24,0,28 37 14,0,104,,100347,24,0,28 37 14,0,105,,100345,24,0,28 37 14,0,104,,100349,24,0,28 37 14,0,106,,100348,24,0,28 37 14,0
6001,'5461',835,,100351,24,0,28 37 14,0,101,,100352,24,0,28 37 14,0,101,,100353,24,0,28 37 14,0,105,,100350,24,0,28 37 14,0,105,,100356,24,0,28 37 14,0,105,,100357,24,0,28 37 14,0,106,,100355,24,0,28 37 14,0,145,,100354,24,0,28 37 14,0,105,,100359,24,0,28 37 14,0,104,,100360,24,0,28 37 14,0,105,,100358,24,0,28 37 14,0,104,,100362,24,0,28 37 14,0,106,,100361,24,0,28 37 14,0
6001,'5462',835,,100364,24,0,28 37 14,0,101,,100365,24,0,28 37 14,0,101,,100366,24,0,28 37 14,0,105,,100363,24,0,28 37 14,0,105,,100369,24,0,28 37 14,0,105,,100370,24,0,28 37 14,0,106,,100368,24,0,28 37 14,0,145,,100367,24,0,28 37 14,0,105,,100372,24,0,28 37 14,0,104,,100373,24,0,28 37 14,0,105,,100371,24,0,28 37 14,0,104,,100375,24,0,28 37 14,0,106,,100374,24,0,28 37 14,0
6001,'5463',835,,100377,24,0,28 37 14,0,101,,100378,24,0,28 37 14,0,101,,100379,24,0,28 37 14,0,105,,100376,24,0,28 37 14,0,105,,100382,24,0,28 37 14,0,105,,100383,24,0,28 37 14,0,106,,100381,24,0,28 37 14,0,145,,100380,24,0,28 37 14,0,105,,100385,24,0,28 37 14,0,104,,100386,24,0,28 37 14,0,105,,100384,24,0,28 37 14,0,104,,100388,24,0,28 37 14,0,106,,100387,24,0,28 37 14,0
