7500,'5456',753,,101494,55,0,13 14 49,0,961,,101513,55,0,13 14 49,0,19,,101504,55,0,42 43,0,26,,101506,57,0,13 14 49,0,51,,101505,55,0,13 14 49,0,39,,101507,55,0,42 43,0
7500,'5458',753,,101533,55,0,13 14 49,0,961,,101552,55,0,13 14 49,0,19,,101543,55,0,42 43,0,26,,101545,57,0,13 14 49,0,51,,101544,55,0,13 14 49,0,39,,101546,55,0,42 43,0
7501,'5456',539,,101665,12,,,0,70,,101662,12,,,0,22,,101663,12,,,0,18,,101667,12,,,0,63,,101669,12,,,0,26,,101664,12,,,0,17,,101674,12,,,0,57,,101671,12,,,0,30,,101666,12,,,0,69,,101668,12,,,0,39,,101670,12,,,0,70,,101672,12,,,0,33,,101673,12,,,0,68,,101675,12,,,0,30,,101676,12,,,0,71,,101677,12,,,0,30,,101678,12,,,0,70,,101679,12,,,0,30,,101680,12,,,0,70,,101681,12,,,0,31,,101682,12,,,0,59,,101698,12,,,0,11,,101683,12,,,0,20,,101685,12,,,0,14,,101684,12,,,0,53,,101693,12,,,0,17,,101686,12,,,0,28,,101687,12,,,0,68,,101688,12,,,0,30,,101689,12,,,0,99,,101690,12,,,0,97,,101691,12,,,0,100,,101692,12,,,0,99,,101694,12,,,0,94,,101695,12,0,28 29 14,0,98,,101696,12,0,28 29 14,0
7501,'5458',539,,101702,12,,,0,70,,101699,12,,,0,22,,101700,12,,,0,18,,101704,12,,,0,63,,101706,12,,,0,26,,101701,12,,,0,17,,101711,12,,,0,57,,101708,12,,,0,30,,101703,12,,,0,69,,101705,12,,,0,39,,101707,12,,,0,70,,101709,12,,,0,33,,101710,12,,,0,68,,101712,12,,,0,30,,101713,12,,,0,71,,101714,12,,,0,30,,101715,12,,,0,70,,101716,12,,,0,30,,101717,12,,,0,70,,101718,12,,,0,31,,101719,12,,,0,59,,101735,12,,,0,11,,101720,12,,,0,20,,101722,12,,,0,14,,101721,12,,,0,53,,101730,12,,,0,17,,101723,12,,,0,28,,101724,12,,,0,68,,101725,12,,,0,30,,101726,12,,,0,99,,101727,12,,,0,97,,101728,12,,,0,100,,101729,12,,,0,99,,101731,12,,,0,94,,101732,12,0,28 29 14,0,98,,101733,12,0,28 29 14,0
7501,'5459',627,,101736,6,0,28 29 14,0,113,,101737,12,,,0,100,,101738,12,,,0,108,,101739,12,,,0,103,,101740,12,,,0,101,,101741,12,,,0,70,,101742,12,,,0,30,,101743,12,,,0,70,,101744,12,,,0,30,,101745,12,,,0,74,,101746,12,,,0,30,,101747,12,,,0,70,,101748,12,,,0,30,,101749,12,,,0,70,,101750,12,,,0,30,,101751,12,,,0,96,,101752,12,,,0,97,,101753,12,,,0,99,,101754,12,,,0,100,,101755,12,,,0,100,,101756,12,,,0,95,,101757,12,0,28 29 14,0,98,,101758,12,0,28 29 14,0
7501,'5460',738,,101760,12,0,28 29 14,0,103,,101761,12,,,0,105,,101762,12,,,0,101,,101763,12,,,0,103,,101764,12,,,0,71,,101765,12,,,0,30,,101766,12,,,0,70,,101767,12,,,0,30,,101768,12,,,0,70,,101769,12,,,0,31,,101770,12,,,0,70,,101771,12,,,0,30,,101772,12,,,0,100,,101773,12,,,0,102,,101774,12,,,0,100,,101775,12,,,0,100,,101776,12,,,0,99,,101777,12,,,0,100,,101778,12,,,0,88,,101779,12,0,28 29 14,0,112,,101780,12,0,28 29 14,0
7501,'5461',738,,101782,12,0,28 29 14,0,103,,101783,12,,,0,105,,101784,12,,,0,101,,101785,12,,,0,103,,101786,12,,,0,71,,101787,12,,,0,30,,101788,12,,,0,70,,101789,12,,,0,30,,101790,12,,,0,70,,101791,12,,,0,31,,101792,12,,,0,70,,101793,12,,,0,30,,101794,12,,,0,100,,101795,12,,,0,102,,101796,12,,,0,100,,101797,12,,,0,100,,101798,12,,,0,99,,101799,12,,,0,100,,101800,12,,,0,88,,101801,12,0,28 29 14,0,112,,101802,12,0,28 29 14,0
7501,'5462',738,,101804,12,0,28 29 14,0,103,,101805,12,,,0,105,,101806,12,,,0,101,,101807,12,,,0,103,,101808,12,,,0,71,,101809,12,,,0,30,,101810,12,,,0,70,,101811,12,,,0,30,,101812,12,,,0,70,,101813,12,,,0,31,,101814,12,,,0,70,,101815,12,,,0,30,,101816,12,,,0,100,,101817,12,,,0,102,,101818,12,,,0,100,,101819,12,,,0,100,,101820,12,,,0,99,,101821,12,,,0,100,,101822,12,,,0,88,,101823,12,0,28 29 14,0,112,,101824,12,0,28 29 14,0
7501,'5463',738,,101826,12,0,28 29 14,0,103,,101827,12,,,0,105,,101828,12,,,0,101,,101829,12,,,0,103,,101830,12,,,0,71,,101831,12,,,0,30,,101832,12,,,0,70,,101833,12,,,0,30,,101834,12,,,0,70,,101835,12,,,0,31,,101836,12,,,0,70,,101837,12,,,0,30,,101838,12,,,0,100,,101839,12,,,0,102,,101840,12,,,0,100,,101841,12,,,0,100,,101842,12,,,0,99,,101843,12,,,0,100,,101844,12,,,0,88,,101845,12,0,28 29 14,0,112,,101846,12,0,28 29 14,0
8301,'5456',712,,102090,28,,,0,98,,102088,28,,,0,208,,102089,28,,,0,141,,102092,28,,,0,195,,102091,28,,,0,252,,102093,28,,,0,211,,102094,28,,,0,199,,102095,28,,,0
8301,'5458',712,,102098,28,,,0,98,,102096,28,,,0,208,,102097,28,,,0,141,,102100,28,,,0,195,,102099,28,,,0,252,,102101,28,,,0,211,,102102,28,,,0,199,,102103,28,,,0
8301,'5459',954,,102107,28,,,0,300,,102105,28,,,0,305,,102106,28,,,0,299,,102104,28,,,0
8301,'5460',953,,102110,28,,,0,300,,102111,28,,,0,305,,102109,28,,,0,299,,102108,28,,,0
8301,'5461',953,,102114,28,,,0,300,,102115,28,,,0,305,,102113,28,,,0,299,,102112,28,,,0
8301,'5462',953,,102118,28,,,0,300,,102119,28,,,0,305,,102117,28,,,0,299,,102116,28,,,0
8301,'5463',953,,102122,28,,,0,300,,102123,28,,,0,305,,102121,28,,,0,299,,102120,28,,,0
