3001,'5456',619,,97105,24,,,0,31,,97106,24,,,0,74,,97107,24,,,0,28,,97108,24,,,0,70,,97109,24,,,0,33,,97110,24,,,0,67,,97111,24,,,0,30,,97112,24,,,0,69,,97113,24,,,0,31,,97114,24,,,0,70,,97115,24,,,0,30,,97116,24,,,0,72,,97117,24,,,0,30,,97118,24,,,0,70,,97119,24,,,0,32,,97120,24,,,0,70,,97121,24,,,0,31,,97122,24,,,0,73,,97123,24,,,0,72,,97124,24,,,0,32,,97125,24,,,0,72,,97126,24,,,0,34,,97127,24,,,0,68,,97128,24,,,0,28,,97129,24,,,0,76,,97130,24,,,0,39,,97131,24,,,0,78,,97132,24,,,0,94,,97133,24,,,0,99,,97134,24,,,0,108,,97135,24,,,0,91,,97136,24,,,0
3001,'5458',619,,97137,24,,,0,31,,97138,24,,,0,74,,97139,24,,,0,28,,97140,24,,,0,70,,97141,24,,,0,33,,97142,24,,,0,67,,97143,24,,,0,30,,97144,24,,,0,69,,97145,24,,,0,31,,97146,24,,,0,70,,97147,24,,,0,30,,97148,24,,,0,72,,97149,24,,,0,30,,97150,24,,,0,70,,97151,24,,,0,32,,97152,24,,,0,70,,97153,24,,,0,31,,97154,24,,,0,73,,97155,24,,,0,72,,97156,24,,,0,32,,97157,24,,,0,72,,97158,24,,,0,34,,97159,24,,,0,68,,97160,24,,,0,28,,97161,24,,,0,76,,97162,24,,,0,39,,97163,24,,,0,78,,97164,24,,,0,94,,97165,24,,,0,99,,97166,24,,,0,108,,97167,24,,,0,91,,97168,24,,,0
3001,'5459',647,,97170,24,,,0,87,,97171,24,,,0,80,,97172,24,,,0,33,,97169,24,,,0,71,,97173,24,,,0,32,,97174,24,,,0,72,,97175,24,,,0,29,,97176,24,,,0,70,,97177,24,,,0,29,,97178,24,,,0,70,,97179,24,,,0,29,,97180,24,,,0,68,,97181,24,,,0,30,,97182,24,,,0,70,,97183,24,,,0,30,,97184,24,,,0,70,,97185,24,,,0,30,,97186,24,,,0,71,,97187,24,,,0,30,,97188,24,,,0,70,,97189,24,,,0,31,,97190,24,,,0,75,,97191,24,,,0,80,,97192,24,,,0,41,,97193,24,,,0,81,,97194,24,,,0,95,,97195,24,,,0,100,,97196,24,,,0,111,,97197,24,,,0,92,,97198,24,,,0
3001,'5460',748,,97199,24,,,0,102,,97200,24,,,0,81,,97201,24,,,0,80,,97202,24,,,0,38,,97203,24,,,0,70,,97204,24,,,0,30,,97205,24,,,0,70,,97206,24,,,0,29,,97207,24,,,0,70,,97208,24,,,0,30,,97209,24,,,0,70,,97210,24,,,0,30,,97211,24,,,0,70,,97212,24,,,0,31,,97213,24,,,0,69,,97214,24,,,0,31,,97215,24,,,0,70,,97216,24,,,0,32,,97217,24,,,0,75,,97218,24,,,0,80,,97219,24,,,0,40,,97220,24,,,0,81,,97221,24,,,0,95,,97222,24,,,0,100,,97223,24,,,0,106,,97224,24,,,0,106,,97225,24,,,0
3001,'5461',748,,97226,24,,,0,102,,97227,24,,,0,81,,97228,24,,,0,80,,97229,24,,,0,38,,97230,24,,,0,70,,97231,24,,,0,30,,97232,24,,,0,70,,97233,24,,,0,29,,97234,24,,,0,70,,97235,24,,,0,30,,97236,24,,,0,70,,97237,24,,,0,30,,97238,24,,,0,70,,97239,24,,,0,31,,97240,24,,,0,69,,97241,24,,,0,31,,97242,24,,,0,70,,97243,24,,,0,32,,97244,24,,,0,75,,97245,24,,,0,80,,97246,24,,,0,40,,97247,24,,,0,81,,97248,24,,,0,95,,97249,24,,,0,100,,97250,24,,,0,106,,97251,24,,,0,106,,97252,24,,,0
3001,'5462',748,,97253,24,,,0,102,,97254,24,,,0,81,,97255,24,,,0,80,,97256,24,,,0,38,,97257,24,,,0,70,,97258,24,,,0,30,,97259,24,,,0,70,,97260,24,,,0,29,,97261,24,,,0,70,,97262,24,,,0,30,,97263,24,,,0,70,,97264,24,,,0,30,,97265,24,,,0,70,,97266,24,,,0,31,,97267,24,,,0,69,,97268,24,,,0,31,,97269,24,,,0,70,,97270,24,,,0,32,,97271,24,,,0,75,,97272,24,,,0,80,,97273,24,,,0,40,,97274,24,,,0,81,,97275,24,,,0,95,,97276,24,,,0,100,,97277,24,,,0,106,,97278,24,,,0,106,,97279,24,,,0
3001,'5463',748,,97280,24,,,0,102,,97281,24,,,0,81,,97282,24,,,0,80,,97283,24,,,0,38,,97284,24,,,0,70,,97285,24,,,0,30,,97286,24,,,0,70,,97287,24,,,0,29,,97288,24,,,0,70,,97289,24,,,0,30,,97290,24,,,0,70,,97291,24,,,0,30,,97292,24,,,0,70,,97293,24,,,0,31,,97294,24,,,0,69,,97295,24,,,0,31,,97296,24,,,0,70,,97297,24,,,0,32,,97298,24,,,0,75,,97299,24,,,0,80,,97300,24,,,0,40,,97301,24,,,0,81,,97302,24,,,0,95,,97303,24,,,0,100,,97304,24,,,0,106,,97305,24,,,0,106,,97306,24,,,0
3101,'5456',559,,97511,20,,,0,76,,97512,20,,,0,74,,97513,20,,,0,28,,97514,20,,,0,70,,97515,20,,,0,30,,97516,20,,,0,70,,97517,20,,,0,30,,97518,20,,,0,69,,97519,20,,,0,30,,97520,20,,,0,69,,97521,20,,,0,32,,97522,20,,,0,71,,97523,20,,,0,31,,97524,20,,,0,70,,97525,20,,,0,31,,97526,20,,,0,71,,97527,20,,,0,29,,97528,20,,,0,73,,97530,20,,,0,32,,97529,20,,,0,71,,97531,20,,,0,35,,97532,20,,,0,72,,97533,20,,,0,30,,97534,20,,,0,69,,97535,20,,,0,29,,97536,20,,,0,82,,97537,20,,,0,74,,97538,20,,,0,46,,97539,20,,,0,100,,97540,20,,,0,99,,97541,20,,,0,101,,97542,20,,,0,106,,97543,20,0,27 49,0
3101,'5458',559,,97544,20,,,0,76,,97545,20,,,0,74,,97546,20,,,0,28,,97547,20,,,0,70,,97548,20,,,0,30,,97549,20,,,0,70,,97550,20,,,0,30,,97551,20,,,0,69,,97552,20,,,0,30,,97553,20,,,0,69,,97554,20,,,0,32,,97555,20,,,0,71,,97556,20,,,0,31,,97557,20,,,0,70,,97558,20,,,0,31,,97559,20,,,0,71,,97560,20,,,0,29,,97561,20,,,0,73,,97563,20,,,0,32,,97562,20,,,0,71,,97564,20,,,0,35,,97565,20,,,0,72,,97566,20,,,0,30,,97567,20,,,0,69,,97568,20,,,0,29,,97569,20,,,0,82,,97570,20,,,0,74,,97571,20,,,0,46,,97572,20,,,0,100,,97573,20,,,0,99,,97574,20,,,0,101,,97575,20,,,0,106,,97576,20,0,27 49,0
3101,'5459',708,,97577,20,,,0,46,,97578,20,,,0,77,,97579,20,,,0,71,,97580,20,,,0,32,,97581,20,,,0,72,,97582,20,,,0,30,,97583,20,,,0,70,,97584,20,,,0,29,,97585,20,,,0,70,,97586,20,,,0,29,,97587,20,,,0,68,,97588,20,,,0,30,,97589,20,,,0,70,,97590,20,,,0,30,,97591,20,,,0,70,,97592,20,,,0,30,,97593,20,,,0,71,,97594,20,,,0,30,,97595,20,,,0,70,,97596,20,,,0,31,,97597,20,,,0,70,,97598,20,,,0,40,,97599,20,,,0,81,,97600,20,,,0,80,,97601,20,,,0,46,,97602,20,,,0,100,,97603,20,,,0,101,,97604,20,,,0,150,,97605,20,,,0,57,,97606,20,0,27 49,0
3101,'5460',718,,97608,20,,,0,102,,97609,20,,,0,91,,97610,20,,,0,40,,97611,20,,,0,78,,97607,20,,,0,75,,97612,20,,,0,30,,97613,20,,,0,70,,97614,20,,,0,29,,97615,20,,,0,70,,97616,20,,,0,30,,97617,20,,,0,70,,97618,20,,,0,30,,97619,20,,,0,70,,97620,20,,,0,30,,97621,20,,,0,70,,97622,20,,,0,30,,97623,20,,,0,71,,97624,20,,,0,31,,97625,20,,,0,71,,97626,20,,,0,40,,97627,20,,,0,80,,97628,20,,,0,81,,97629,20,,,0,47,,97630,20,,,0,98,,97631,20,,,0,100,,97632,20,,,0,154,,97633,20,,,0
3101,'5461',718,,97635,20,,,0,102,,97636,20,,,0,91,,97637,20,,,0,40,,97638,20,,,0,78,,97634,20,,,0,75,,97639,20,,,0,30,,97640,20,,,0,70,,97641,20,,,0,29,,97642,20,,,0,70,,97643,20,,,0,30,,97644,20,,,0,70,,97645,20,,,0,30,,97646,20,,,0,70,,97647,20,,,0,30,,97648,20,,,0,70,,97649,20,,,0,30,,97650,20,,,0,71,,97651,20,,,0,31,,97652,20,,,0,71,,97653,20,,,0,40,,97654,20,,,0,80,,97655,20,,,0,81,,97656,20,,,0,47,,97657,20,,,0,98,,97658,20,,,0,100,,97659,20,,,0,154,,97660,20,,,0
3101,'5462',718,,97662,20,,,0,102,,97663,20,,,0,91,,97664,20,,,0,40,,97665,20,,,0,78,,97661,20,,,0,75,,97666,20,,,0,30,,97667,20,,,0,70,,97668,20,,,0,29,,97669,20,,,0,70,,97670,20,,,0,30,,97671,20,,,0,70,,97672,20,,,0,30,,97673,20,,,0,70,,97674,20,,,0,30,,97675,20,,,0,70,,97676,20,,,0,30,,97677,20,,,0,71,,97678,20,,,0,31,,97679,20,,,0,71,,97680,20,,,0,40,,97681,20,,,0,80,,97682,20,,,0,81,,97683,20,,,0,47,,97684,20,,,0,98,,97685,20,,,0,100,,97686,20,,,0,154,,97687,20,,,0
3101,'5463',718,,97689,20,,,0,102,,97690,20,,,0,91,,97691,20,,,0,40,,97692,20,,,0,78,,97688,20,,,0,75,,97693,20,,,0,30,,97694,20,,,0,70,,97695,20,,,0,29,,97696,20,,,0,70,,97697,20,,,0,30,,97698,20,,,0,70,,97699,20,,,0,30,,97700,20,,,0,70,,97701,20,,,0,30,,97702,20,,,0,70,,97703,20,,,0,30,,97704,20,,,0,71,,97705,20,,,0,31,,97706,20,,,0,71,,97707,20,,,0,40,,97708,20,,,0,80,,97709,20,,,0,81,,97710,20,,,0,47,,97711,20,,,0,98,,97712,20,,,0,100,,97713,20,,,0,154,,97714,20,,,0
3201,'5456',722,,97813,29,,,0,83,,97816,29,,,0
3201,'5458',722,,97831,29,,,0,83,,97834,29,,,0
4700,'5456',702,,98600,45,,,0,25,,98598,45,,,0,28,,98599,45,,,0
4700,'5458',702,,98603,45,,,0,25,,98601,45,,,0,28,,98602,45,,,0
4800,'5456',659,,98610,49,,,0,68,,98611,49,,,0,31,,98612,49,,,0
4800,'5458',659,,98613,49,,,0,68,,98614,49,,,0,31,,98615,49,,,0
5300,'5456',735,,99175,42,,,0
5300,'5458',735,,99186,42,,,0
6100,'5456',603,,100420,69,,,0,43,,100418,69,,,0,56,,100419,69,,,0,21,,100412,69,,,0,26,,100411,69,,,0,59,,100406,69,,,0,19,,100405,69,,,0,26,,100404,69,,,0
6100,'5458',603,,100459,69,,,0,43,,100457,69,,,0,56,,100458,69,,,0,21,,100451,69,,,0,26,,100450,69,,,0,59,,100445,69,,,0,19,,100444,69,,,0,26,,100443,69,,,0
6500,'5456',628,,100802,54,,,0,103,,100801,54,,,0,28,,100800,54,,,0,82,,100799,54,,,0
6500,'5458',628,,100806,54,,,0,103,,100805,54,,,0,28,,100804,54,,,0,82,,100803,54,,,0
7001,'5456',735,,100962,12,,,0,107,,100972,12,,,0,96,,100963,12,,,0,99,,100969,12,,,0,104,,100964,12,,,0,99,,100965,12,,,0,100,,100966,12,,,0,101,,100967,12,,,0,108,,100968,12,,,0,97,,100970,12,,,0,69,,100974,12,,,0,31,,100971,12,,,0,96,,100973,12,,,0,97,,100975,12,,,0,199,,100976,12,,,0,198,,100977,12,,,0
7001,'5458',735,,100978,12,,,0,107,,100988,12,,,0,96,,100979,12,,,0,99,,100985,12,,,0,104,,100980,12,,,0,99,,100981,12,,,0,100,,100982,12,,,0,101,,100983,12,,,0,108,,100984,12,,,0,97,,100986,12,,,0,69,,100990,12,,,0,31,,100987,12,,,0,96,,100989,12,,,0,97,,100991,12,,,0,199,,100992,12,,,0,198,,100993,12,,,0
7001,'5459',936,,100994,12,,,0,102,,100995,12,,,0,102,,100996,12,,,0,100,,100997,12,,,0,100,,100998,12,,,0,104,,100999,12,,,0,101,,101000,12,,,0,99,,101001,12,,,0,93,,101002,12,,,0,99,,101003,12,,,0,98,,101004,12,,,0,200,,101005,12,,,0,200,,101006,12,,,0
7001,'5460',934,,101007,12,,,0,201,,101008,12,,,0,101,,101009,12,,,0,103,,101010,12,,,0,101,,101011,12,,,0,100,,101012,12,,,0,99,,101013,12,,,0,102,,101014,12,,,0,97,,101015,12,,,0,100,,101016,12,,,0,100,,101017,12,,,0,98,,101018,12,,,0,199,,101019,12,,,0,99,,101020,12,,,0
7001,'5461',934,,101021,12,,,0,102,,101035,12,,,0,99,,101022,12,,,0,101,,101023,12,,,0,103,,101024,12,,,0,101,,101025,12,,,0,100,,101026,12,,,0,99,,101027,12,,,0,102,,101028,12,,,0,97,,101029,12,,,0,100,,101030,12,,,0,100,,101031,12,,,0,98,,101032,12,,,0,100,,101036,12,,,0,99,,101033,12,,,0,99,,101034,12,,,0
7001,'5462',934,,101037,12,,,0,102,,101051,12,,,0,99,,101038,12,,,0,101,,101039,12,,,0,103,,101040,12,,,0,101,,101041,12,,,0,100,,101042,12,,,0,99,,101043,12,,,0,102,,101044,12,,,0,97,,101045,12,,,0,100,,101046,12,,,0,100,,101047,12,,,0,98,,101048,12,,,0,100,,101052,12,,,0,99,,101049,12,,,0,99,,101050,12,,,0
7001,'5463',934,,101053,12,,,0,201,,101054,12,,,0,101,,101055,12,,,0,103,,101056,12,,,0,101,,101057,12,,,0,100,,101058,12,,,0,99,,101059,12,,,0,102,,101060,12,,,0,97,,101061,12,,,0,100,,101062,12,,,0,100,,101063,12,,,0,98,,101064,12,,,0,199,,101065,12,,,0,99,,101066,12,,,0
7101,'5456',639,,101073,32,,,0,71,,101074,32,,,0,91,,101075,32,,,0
7101,'5458',639,,101076,32,,,0,71,,101077,32,,,0,91,,101078,32,,,0
7201,'5456',621,,101280,53,,,0,82,,101283,53,,,0,32,,101281,53,,,0,75,,101285,53,,,0,32,,101295,53,,,0,60,,101290,53,,,0,27,,101282,53,,,0,29,,101284,53,,,0,70,,101288,53,,,0,31,,101286,53,,,0,70,,101287,53,,,0,73,,101294,53,,,0,30,,101289,53,,,0,70,,101291,53,,,0,31,,101292,53,,,0,70,,101299,53,,,0,31,,101302,53,,,0,72,,101293,53,,,0,34,,101304,53,,,0,71,,101308,53,,,0,31,,101296,53,,,0,66,,101297,53,,,0,28,,101303,53,,,0,68,,101311,53,,,0,29,,101298,53,,,0,67,,101305,53,,,0,30,,101307,53,,,0,28,,101300,53,,,0,70,,101301,53,,,0,30,,101310,53,,,0,70,,101312,53,,,0,30,,101306,53,,,0
7201,'5457',1516,,101313,49,,,0
7201,'5458',621,,101314,53,,,0,82,,101317,53,,,0,32,,101315,53,,,0,75,,101319,53,,,0,32,,101330,53,,,0,60,,101324,53,,,0,27,,101316,53,,,0,29,,101318,53,,,0,70,,101322,53,,,0,31,,101320,53,,,0,70,,101321,53,,,0,73,,101329,53,,,0,30,,101323,53,,,0,70,,101325,53,,,0,31,,101326,53,,,0,70,,101334,53,,,0,31,,101337,53,,,0,72,,101328,53,,,0,10,,101327,49,,,0,24,,101339,53,,,0,71,,101343,53,,,0,31,,101331,53,,,0,66,,101332,53,,,0,28,,101338,53,,,0,68,,101346,53,,,0,29,,101333,53,,,0,67,,101340,53,,,0,30,,101342,53,,,0,28,,101335,53,,,0,70,,101336,53,,,0,30,,101345,53,,,0,70,,101347,53,,,0,30,,101341,53,,,0
7201,'5459',648,,101376,53,,,0,104,,101349,53,,,0,100,,101350,53,,,0,73,,101351,53,,,0,33,,101352,53,,,0,70,,101353,53,,,0,72,,101354,53,,,0,31,,101355,53,,,0,71,,101356,53,,,0,30,,101357,53,,,0,70,,101348,53,,,0,30,,101358,53,,,0,69,,101359,53,,,0,31,,101360,53,,,0,74,,101361,53,,,0,31,,101362,53,,,0,68,,101363,53,,,0,32,,101364,53,,,0,68,,101365,53,,,0,27,,101366,53,,,0,27,,101367,53,,,0,70,,101368,53,,,0,28,,101369,53,,,0,70,,101370,53,,,0,28,,101371,53,,,0,70,,101372,53,,,0,31,,101373,53,,,0,68,,101374,53,,,0,30,,101375,53,,,0
7201,'5460',750,,101378,53,,,0,102,,101379,53,,,0,102,,101380,53,,,0,146,,101381,53,,,0,100,,101383,53,,,0,30,,101384,53,,,0,70,,101377,53,,,0,30,,101382,53,,,0,70,,101385,53,,,0,30,,101387,53,,,0,70,,101388,53,,,0,31,,101389,53,,,0,69,,101386,53,,,0,30,,101390,53,,,0,29,,101391,53,,,0,70,,101392,53,,,0,74,,101393,53,,,0,28,,101394,53,,,0,70,,101395,53,,,0,29,,101396,53,,,0,70,,101398,53,,,0,29,,101397,53,,,0,30,,101399,53,,,0,70,,101400,53,,,0,29,,101401,53,,,0
7201,'5461',750,,101403,53,,,0,102,,101404,53,,,0,102,,101405,53,,,0,146,,101406,53,,,0,100,,101408,53,,,0,30,,101409,53,,,0,70,,101402,53,,,0,30,,101407,53,,,0,70,,101410,53,,,0,30,,101412,53,,,0,70,,101413,53,,,0,31,,101414,53,,,0,69,,101411,53,,,0,30,,101415,53,,,0,29,,101416,53,,,0,70,,101417,53,,,0,74,,101418,53,,,0,28,,101419,53,,,0,70,,101420,53,,,0,29,,101421,53,,,0,70,,101423,53,,,0,29,,101422,53,,,0,30,,101424,53,,,0,70,,101425,53,,,0,29,,101426,53,,,0
7201,'5462',750,,101428,53,,,0,102,,101429,53,,,0,102,,101430,53,,,0,146,,101431,53,,,0,100,,101433,53,,,0,30,,101434,53,,,0,70,,101427,53,,,0,30,,101432,53,,,0,70,,101435,53,,,0,30,,101437,53,,,0,70,,101438,53,,,0,31,,101439,53,,,0,69,,101436,53,,,0,30,,101440,53,,,0,29,,101441,53,,,0,70,,101442,53,,,0,74,,101443,53,,,0,28,,101444,53,,,0,70,,101445,53,,,0,29,,101446,53,,,0,70,,101448,53,,,0,29,,101447,53,,,0,30,,101449,53,,,0,70,,101450,53,,,0,29,,101451,53,,,0
7201,'5463',750,,101453,53,,,0,102,,101454,53,,,0,102,,101455,53,,,0,146,,101456,53,,,0,100,,101458,53,,,0,30,,101459,53,,,0,70,,101452,53,,,0,30,,101457,53,,,0,70,,101460,53,,,0,30,,101462,53,,,0,70,,101463,53,,,0,31,,101464,53,,,0,69,,101461,53,,,0,30,,101465,53,,,0,29,,101466,53,,,0,70,,101467,53,,,0,74,,101468,53,,,0,28,,101469,53,,,0,70,,101470,53,,,0,29,,101471,53,,,0,70,,101473,53,,,0,29,,101472,53,,,0,30,,101474,53,,,0,70,,101475,53,,,0,29,,101476,53,,,0
7501,'5456',615,,101665,48,,,0,30,,101662,48,,,0,63,,101663,48,,,0,22,,101667,48,,,0,24,,101669,48,,,0,66,,101664,48,,,0,19,,101674,48,,,0,16,,101671,48,,,0,68,,101666,48,,,0,32,,101668,50,,,0,79,,101670,50,,,0,71,,101672,50,,,0,34,,101673,50,,,0,68,,101675,50,,,0,30,,101676,50,,,0,71,,101677,50,,,0,30,,101678,50,,,0,70,,101679,50,,,0,33,,101680,50,,,0,72,,101681,50,,,0,33,,101682,50,,,0,60,,101698,50,,,0,10,,101683,50,,,0,19,,101685,50,,,0,14,,101684,50,,,0,9,,101693,48,,,0,49,,101697,29,,,0,10,,101686,50,,,0,27,,101687,50,,,0,66,,101688,50,,,0,29,,101689,50,,,0,98,,101690,50,,,0,96,,101691,50,,,0,100,,101692,50,,,0,98,,101694,50,,,0
7501,'5458',615,,101702,48,,,0,30,,101699,48,,,0,63,,101700,48,,,0,22,,101704,48,,,0,24,,101706,48,,,0,66,,101701,48,,,0,19,,101711,48,,,0,16,,101708,48,,,0,68,,101703,48,,,0,32,,101705,50,,,0,79,,101707,50,,,0,71,,101709,50,,,0,34,,101710,50,,,0,68,,101712,50,,,0,30,,101713,50,,,0,71,,101714,50,,,0,30,,101715,50,,,0,70,,101716,50,,,0,33,,101717,50,,,0,72,,101718,50,,,0,33,,101719,50,,,0,60,,101735,50,,,0,10,,101720,50,,,0,19,,101722,50,,,0,14,,101721,50,,,0,9,,101730,48,,,0,49,,101734,29,,,0,10,,101723,50,,,0,27,,101724,50,,,0,66,,101725,50,,,0,29,,101726,50,,,0,98,,101727,50,,,0,96,,101728,50,,,0,100,,101729,50,,,0,98,,101731,50,,,0
7501,'5459',818,,101737,48,,,0,102,,101738,48,,,0,114,,101739,50,,,0,104,,101740,50,,,0,101,,101741,50,,,0,70,,101742,50,,,0,31,,101743,50,,,0,70,,101744,50,,,0,30,,101745,50,,,0,73,,101746,50,,,0,30,,101747,50,,,0,70,,101748,50,,,0,30,,101749,50,,,0,70,,101750,50,,,0,30,,101751,50,,,0,96,,101752,50,,,0,94,,101753,50,,,0,98,,101754,50,,,0,100,,101755,50,,,0,100,,101756,50,,,0
7501,'5460',920,,101761,48,,,0,111,,101762,50,,,0,101,,101763,50,,,0,104,,101764,50,,,0,71,,101765,50,,,0,30,,101766,50,,,0,70,,101767,50,,,0,30,,101768,50,,,0,71,,101769,50,,,0,31,,101770,50,,,0,70,,101771,50,,,0,30,,101772,50,,,0,100,,101773,50,,,0,101,,101774,50,,,0,98,,101775,50,,,0,98,,101776,50,,,0,99,,101777,50,,,0,100,,101778,50,,,0
7501,'5461',920,,101783,48,,,0,111,,101784,50,,,0,101,,101785,50,,,0,104,,101786,50,,,0,71,,101787,50,,,0,30,,101788,50,,,0,70,,101789,50,,,0,30,,101790,50,,,0,71,,101791,50,,,0,31,,101792,50,,,0,70,,101793,50,,,0,30,,101794,50,,,0,100,,101795,50,,,0,101,,101796,50,,,0,98,,101797,50,,,0,98,,101798,50,,,0,99,,101799,50,,,0,100,,101800,50,,,0
7501,'5462',920,,101805,48,,,0,111,,101806,50,,,0,101,,101807,50,,,0,104,,101808,50,,,0,71,,101809,50,,,0,30,,101810,50,,,0,70,,101811,50,,,0,30,,101812,50,,,0,71,,101813,50,,,0,31,,101814,50,,,0,70,,101815,50,,,0,30,,101816,50,,,0,100,,101817,50,,,0,101,,101818,50,,,0,98,,101819,50,,,0,98,,101820,50,,,0,99,,101821,50,,,0,100,,101822,50,,,0
7501,'5463',920,,101827,48,,,0,111,,101828,50,,,0,101,,101829,50,,,0,104,,101830,50,,,0,71,,101831,50,,,0,30,,101832,50,,,0,70,,101833,50,,,0,30,,101834,50,,,0,71,,101835,50,,,0,31,,101836,50,,,0,70,,101837,50,,,0,30,,101838,50,,,0,100,,101839,50,,,0,101,,101840,50,,,0,98,,101841,50,,,0,98,,101842,50,,,0,99,,101843,50,,,0,100,,101844,50,,,0
9500,'5456',504,,102352,18,0,15,0,25,,102353,18,0,15,0,17,,102355,18,0,15,0,55,,102356,18,0,15,0,15,,102354,18,0,15,0,11,,102357,18,0,15,0,11,,102366,18,0,15,0,12,,102376,18,0,15,0,8,,102361,18,0,15,0,48,,102360,18,0,15,0,3,,102447,18,0,15,0,4,,102365,18,0,15,0,8,,102359,18,0,15,0,7,,102362,18,0,15,0,9,,102363,18,0,15,0,9,,102358,18,0,15,0,7,,102378,18,0,15,0,48,,102372,18,0,15,0,7,,102367,18,0,15,0,9,,102379,18,0,15,0,8,,102374,18,0,15,0,9,,102371,18,0,15,0,9,,102377,18,0,15,0,10,,102375,18,0,15,0,50,,102369,18,0,15,0,9,,102364,18,0,15,0,10,,102370,18,0,15,0,11,,102368,18,0,15,0,10,,102373,18,0,15,0,10,,102381,18,0,15,0,50,,102395,18,0,15,0,10,,102391,18,0,15,0,10,,102392,18,0,15,0,11,,102393,18,0,15,0,12,,102396,18,0,15,0,13,,102386,18,0,15,0,52,,102382,18,0,15,0,12,,102387,18,0,15,0,12,,102384,18,0,15,0,13,,102380,18,0,15,0,52,,102394,18,0,15,0,12,,102388,18,0,15,0,12,,102390,18,0,15,0,12,,102389,18,0,15,0,13,,102397,18,0,15,0,52,,102385,18,0,15,0,12,,102383,18,0,15,0,12,,102406,18,0,15,0,12,,102399,18,0,15,0,12,,102436,18,0,15,0,51,,102411,18,0,15,0,10,,102403,18,0,15,0,10,,102405,18,0,15,0,10,,102408,18,0,15,0,10,,102434,18,0,15,0,11,,102407,18,0,15,0,50,,102412,18,0,15,0,11,,102404,18,0,15,0,11,,102398,18,0,15,0,11,,102437,18,0,15,0,10,,102402,18,0,15,0,10,,102413,18,0,15,0,50,,102435,18,0,15,0,10,,102410,18,0,15,0,10,,102400,18,0,15,0,11,,102401,18,0,15,0,11,,102409,18,0,15,0,10,,102446,18,0,15,0,51,,102421,18,0,15,0,9,,102423,18,0,15,0,12,,102417,18,0,15,0,13,,102441,18,0,15,0,12,,102438,18,0,15,0,53,,102445,18,0,15,0,13,,102414,18,0,15,0,11,,102418,18,0,15,0,14,,102416,18,0,15,0,12,,102422,18,0,15,0,52,,102420,18,0,15,0,12,,102424,18,0,15,0,15,,102415,18,0,15,0,15,,102439,18,0,15,0,56,,102443,18,0,15,0,15,,102419,18,0,15,0,15,,102428,18,0,15,0,15,,102430,18,0,15,0,55,,102431,18,0,15,0,15,,102426,18,0,15,0,20,,102440,18,0,15,0,60,,102444,18,0,15,0,20,,102427,18,0,15,0,20,,102429,18,0,15,0,70,,102425,18,0,15,0,32,,102442,18,0,15,0,70,,102433,18,0,15,0,30,,102432,18,0,15,0
9500,'5458',504,,102448,18,0,15,0,25,,102449,18,0,15,0,17,,102451,18,0,15,0,55,,102452,18,0,15,0,15,,102450,18,0,15,0,11,,102453,18,0,15,0,11,,102462,18,0,15,0,12,,102472,18,0,15,0,8,,102457,18,0,15,0,48,,102456,18,0,15,0,3,,102546,18,0,15,0,4,,102461,18,0,15,0,8,,102455,18,0,15,0,7,,102458,18,0,15,0,9,,102459,18,0,15,0,9,,102454,18,0,15,0,7,,102474,18,0,15,0,48,,102468,18,0,15,0,7,,102463,18,0,15,0,9,,102475,18,0,15,0,8,,102470,18,0,15,0,9,,102467,18,0,15,0,9,,102473,18,0,15,0,10,,102471,18,0,15,0,50,,102465,18,0,15,0,9,,102460,18,0,15,0,10,,102466,18,0,15,0,11,,102464,18,0,15,0,10,,102469,18,0,15,0,10,,102477,18,0,15,0,50,,102491,18,0,15,0,10,,102487,18,0,15,0,10,,102488,18,0,15,0,11,,102489,18,0,15,0,12,,102492,18,0,15,0,13,,102482,18,0,15,0,52,,102478,18,0,15,0,12,,102483,18,0,15,0,12,,102480,18,0,15,0,13,,102476,18,0,15,0,52,,102490,18,0,15,0,12,,102484,18,0,15,0,12,,102486,18,0,15,0,12,,102485,18,0,15,0,13,,102493,18,0,15,0,52,,102481,18,0,15,0,12,,102479,18,0,15,0,12,,102502,18,0,15,0,12,,102495,18,0,15,0,12,,102532,18,0,15,0,51,,102507,18,0,15,0,10,,102499,18,0,15,0,10,,102501,18,0,15,0,10,,102504,18,0,15,0,10,,102530,18,0,15,0,11,,102503,18,0,15,0,50,,102508,18,0,15,0,11,,102500,18,0,15,0,11,,102494,18,0,15,0,11,,102533,18,0,15,0,10,,102498,18,0,15,0,10,,102509,18,0,15,0,50,,102531,18,0,15,0,10,,102506,18,0,15,0,10,,102496,18,0,15,0,11,,102497,18,0,15,0,11,,102505,18,0,15,0,10,,102542,18,0,15,0,51,,102517,18,0,15,0,9,,102519,18,0,15,0,12,,102513,18,0,15,0,13,,102537,18,0,15,0,12,,102534,18,0,15,0,53,,102541,18,0,15,0,13,,102510,18,0,15,0,11,,102514,18,0,15,0,14,,102512,18,0,15,0,12,,102518,18,0,15,0,52,,102516,18,0,15,0,12,,102520,18,0,15,0,15,,102511,18,0,15,0,15,,102535,18,0,15,0,56,,102539,18,0,15,0,15,,102515,18,0,15,0,15,,102524,18,0,15,0,15,,102526,18,0,15,0,55,,102527,18,0,15,0,15,,102522,18,0,15,0,20,,102536,18,0,15,0,60,,102540,18,0,15,0,20,,102523,18,0,15,0,20,,102525,18,0,15,0,70,,102521,18,0,15,0,32,,102538,18,0,15,0,70,,102529,18,0,15,0,30,,102528,18,0,15,0,70,,102543,18,0,15,0,30,,102544,18,0,15,0,70,,102545,18,0,15,0
9500,'5459',619,,102547,18,0,15,0,32,,102548,18,0,15,0,62,,102549,18,0,15,0,15,,102550,18,0,15,0,15,,102551,18,0,15,0,15,,102552,18,0,15,0,56,,102553,18,0,15,0,16,,102554,18,0,15,0,15,,102555,18,0,15,0,14,,102556,18,0,15,0,54,,102557,18,0,15,0,15,,102558,18,0,15,0,15,,102559,18,0,15,0,15,,102560,18,0,15,0,54,,102561,18,0,15,0,15,,102562,18,0,15,0,14,,102563,18,0,15,0,15,,102564,18,0,15,0,55,,102565,18,0,15,0,15,,102566,18,0,15,0,14,,102567,18,0,15,0,13,,102568,18,0,15,0,52,,102569,18,0,15,0,11,,102570,18,0,15,0,12,,102571,18,0,15,0,12,,102572,18,0,15,0,12,,102573,18,0,15,0,52,,102574,18,0,15,0,11,,102575,18,0,15,0,12,,102576,18,0,15,0,12,,102577,18,0,15,0,13,,102578,18,0,15,0,52,,102579,18,0,15,0,11,,102580,18,0,15,0,12,,102581,18,0,15,0,11,,102582,18,0,15,0,11,,102583,18,0,15,0,52,,102584,18,0,15,0,13,,102585,18,0,15,0,12,,102586,18,0,15,0,12,,102587,18,0,15,0,13,,102588,18,0,15,0,52,,102589,18,0,15,0,12,,102590,18,0,15,0,13,,102591,18,0,15,0,12,,102592,18,0,15,0,12,,102593,18,0,15,0,53,,102594,18,0,15,0,12,,102595,18,0,15,0,12,,102596,18,0,15,0,12,,102597,18,0,15,0,13,,102598,18,0,15,0,52,,102599,18,0,15,0,13,,102600,18,0,15,0,16,,102601,18,0,15,0,15,,102602,18,0,15,0,56,,102603,18,0,15,0,15,,102604,18,0,15,0,15,,102605,18,0,15,0,15,,102606,18,0,15,0,55,,102607,18,0,15,0,15,,102608,18,0,15,0,16,,102609,18,0,15,0,15,,102610,18,0,15,0,55,,102611,18,0,15,0,15,,102612,18,0,15,0,20,,102613,18,0,15,0,60,,102614,18,0,15,0,20,,102615,18,0,15,0,20,,102616,18,0,15,0,71,,102617,18,0,15,0,30,,102618,18,0,15,0,70,,102619,18,0,15,0,30,,102620,18,0,15,0,69,,102621,18,0,15,0,30,,102622,18,0,15,0,70,,102623,18,0,15,0
9500,'5460',621,,102624,18,0,15,0,30,,102626,18,0,15,0,60,,102627,18,0,15,0,20,,102628,18,0,15,0,20,,102629,18,0,15,0,55,,102630,18,0,15,0,15,,102625,18,0,15,0,15,,102631,18,0,15,0,15,,102632,18,0,15,0,54,,102633,18,0,15,0,15,,102634,18,0,15,0,15,,102635,18,0,15,0,14,,102636,18,0,15,0,55,,102637,18,0,15,0,15,,102639,18,0,15,0,15,,102640,18,0,15,0,15,,102638,18,0,15,0,55,,102641,18,0,15,0,14,,102642,18,0,15,0,15,,102643,18,0,15,0,15,,102644,18,0,15,0,55,,102691,18,0,15,0,15,,102645,18,0,15,0,15,,102690,18,0,15,0,14,,102646,18,0,15,0,54,,102689,18,0,15,0,15,,102647,18,0,15,0,15,,102648,18,0,15,0,15,,102649,18,0,15,0,55,,102650,18,0,15,0,15,,102651,18,0,15,0,15,,102652,18,0,15,0,15,,102653,18,0,15,0,55,,102654,18,0,15,0,13,,102655,18,0,15,0,12,,102656,18,0,15,0,12,,102657,18,0,15,0,13,,102658,18,0,15,0,52,,102659,18,0,15,0,12,,102660,18,0,15,0,13,,102661,18,0,15,0,12,,102662,18,0,15,0,13,,102663,18,0,15,0,52,,102664,18,0,15,0,14,,102665,18,0,15,0,15,,102666,18,0,15,0,17,,102667,18,0,15,0,55,,102668,18,0,15,0,15,,102669,18,0,15,0,15,,102670,18,0,15,0,15,,102671,18,0,15,0,55,,102672,18,0,15,0,15,,102673,18,0,15,0,15,,102674,18,0,15,0,16,,102675,18,0,15,0,55,,102676,18,0,15,0,15,,102677,18,0,15,0,15,,102678,18,0,15,0,15,,102679,18,0,15,0,55,,102681,18,0,15,0,15,,102682,18,0,15,0,21,,102680,18,0,15,0,60,,102683,18,0,15,0,20,,102684,18,0,15,0,20,,102685,18,0,15,0,71,,102686,18,0,15,0,30,,102687,18,0,15,0,70,,102688,18,0,15,0
9500,'5461',621,,102692,18,0,15,0,30,,102694,18,0,15,0,60,,102695,18,0,15,0,20,,102696,18,0,15,0,20,,102697,18,0,15,0,55,,102698,18,0,15,0,15,,102693,18,0,15,0,15,,102699,18,0,15,0,15,,102700,18,0,15,0,54,,102701,18,0,15,0,15,,102702,18,0,15,0,15,,102703,18,0,15,0,14,,102704,18,0,15,0,55,,102705,18,0,15,0,15,,102707,18,0,15,0,15,,102708,18,0,15,0,15,,102706,18,0,15,0,55,,102709,18,0,15,0,14,,102710,18,0,15,0,15,,102711,18,0,15,0,15,,102712,18,0,15,0,55,,102759,18,0,15,0,15,,102713,18,0,15,0,15,,102758,18,0,15,0,14,,102714,18,0,15,0,54,,102757,18,0,15,0,15,,102715,18,0,15,0,15,,102716,18,0,15,0,15,,102717,18,0,15,0,55,,102718,18,0,15,0,15,,102719,18,0,15,0,15,,102720,18,0,15,0,15,,102721,18,0,15,0,55,,102722,18,0,15,0,13,,102723,18,0,15,0,12,,102724,18,0,15,0,12,,102725,18,0,15,0,13,,102726,18,0,15,0,52,,102727,18,0,15,0,12,,102728,18,0,15,0,13,,102729,18,0,15,0,12,,102730,18,0,15,0,13,,102731,18,0,15,0,52,,102732,18,0,15,0,14,,102733,18,0,15,0,15,,102734,18,0,15,0,17,,102735,18,0,15,0,55,,102736,18,0,15,0,15,,102737,18,0,15,0,15,,102738,18,0,15,0,15,,102739,18,0,15,0,55,,102740,18,0,15,0,15,,102741,18,0,15,0,15,,102742,18,0,15,0,16,,102743,18,0,15,0,55,,102744,18,0,15,0,15,,102745,18,0,15,0,15,,102746,18,0,15,0,15,,102747,18,0,15,0,55,,102749,18,0,15,0,15,,102750,18,0,15,0,21,,102748,18,0,15,0,60,,102751,18,0,15,0,20,,102752,18,0,15,0,20,,102753,18,0,15,0,71,,102754,18,0,15,0,30,,102755,18,0,15,0,70,,102756,18,0,15,0
9500,'5462',621,,102760,18,0,15,0,30,,102762,18,0,15,0,60,,102763,18,0,15,0,20,,102764,18,0,15,0,20,,102765,18,0,15,0,55,,102766,18,0,15,0,15,,102761,18,0,15,0,15,,102767,18,0,15,0,15,,102768,18,0,15,0,54,,102769,18,0,15,0,15,,102770,18,0,15,0,15,,102771,18,0,15,0,14,,102772,18,0,15,0,55,,102773,18,0,15,0,15,,102775,18,0,15,0,15,,102776,18,0,15,0,15,,102774,18,0,15,0,55,,102777,18,0,15,0,14,,102778,18,0,15,0,15,,102779,18,0,15,0,15,,102780,18,0,15,0,55,,102827,18,0,15,0,15,,102781,18,0,15,0,15,,102826,18,0,15,0,14,,102782,18,0,15,0,54,,102825,18,0,15,0,15,,102783,18,0,15,0,15,,102784,18,0,15,0,15,,102785,18,0,15,0,55,,102786,18,0,15,0,15,,102787,18,0,15,0,15,,102788,18,0,15,0,15,,102789,18,0,15,0,55,,102790,18,0,15,0,13,,102791,18,0,15,0,12,,102792,18,0,15,0,12,,102793,18,0,15,0,13,,102794,18,0,15,0,52,,102795,18,0,15,0,12,,102796,18,0,15,0,13,,102797,18,0,15,0,12,,102798,18,0,15,0,13,,102799,18,0,15,0,52,,102800,18,0,15,0,14,,102801,18,0,15,0,15,,102802,18,0,15,0,17,,102803,18,0,15,0,55,,102804,18,0,15,0,15,,102805,18,0,15,0,15,,102806,18,0,15,0,15,,102807,18,0,15,0,55,,102808,18,0,15,0,15,,102809,18,0,15,0,15,,102810,18,0,15,0,16,,102811,18,0,15,0,55,,102812,18,0,15,0,15,,102813,18,0,15,0,15,,102814,18,0,15,0,15,,102815,18,0,15,0,55,,102817,18,0,15,0,15,,102818,18,0,15,0,21,,102816,18,0,15,0,60,,102819,18,0,15,0,20,,102820,18,0,15,0,20,,102821,18,0,15,0,71,,102822,18,0,15,0,30,,102823,18,0,15,0,70,,102824,18,0,15,0
9500,'5463',621,,102828,18,0,15,0,30,,102830,18,0,15,0,60,,102831,18,0,15,0,20,,102832,18,0,15,0,20,,102833,18,0,15,0,55,,102834,18,0,15,0,15,,102829,18,0,15,0,15,,102835,18,0,15,0,15,,102836,18,0,15,0,54,,102837,18,0,15,0,15,,102838,18,0,15,0,15,,102839,18,0,15,0,14,,102840,18,0,15,0,55,,102841,18,0,15,0,15,,102843,18,0,15,0,15,,102844,18,0,15,0,15,,102842,18,0,15,0,55,,102845,18,0,15,0,14,,102846,18,0,15,0,15,,102847,18,0,15,0,15,,102848,18,0,15,0,55,,102895,18,0,15,0,15,,102849,18,0,15,0,15,,102894,18,0,15,0,14,,102850,18,0,15,0,54,,102893,18,0,15,0,15,,102851,18,0,15,0,15,,102852,18,0,15,0,15,,102853,18,0,15,0,55,,102854,18,0,15,0,15,,102855,18,0,15,0,15,,102856,18,0,15,0,15,,102857,18,0,15,0,55,,102858,18,0,15,0,13,,102859,18,0,15,0,12,,102860,18,0,15,0,12,,102861,18,0,15,0,13,,102862,18,0,15,0,52,,102863,18,0,15,0,12,,102864,18,0,15,0,13,,102865,18,0,15,0,12,,102866,18,0,15,0,13,,102867,18,0,15,0,52,,102868,18,0,15,0,14,,102869,18,0,15,0,15,,102870,18,0,15,0,17,,102871,18,0,15,0,55,,102872,18,0,15,0,15,,102873,18,0,15,0,15,,102874,18,0,15,0,15,,102875,18,0,15,0,55,,102876,18,0,15,0,15,,102877,18,0,15,0,15,,102878,18,0,15,0,16,,102879,18,0,15,0,55,,102880,18,0,15,0,15,,102881,18,0,15,0,15,,102882,18,0,15,0,15,,102883,18,0,15,0,55,,102885,18,0,15,0,15,,102886,18,0,15,0,21,,102884,18,0,15,0,60,,102887,18,0,15,0,20,,102888,18,0,15,0,20,,102889,18,0,15,0,71,,102890,18,0,15,0,30,,102891,18,0,15,0,70,,102892,18,0,15,0
1007201,'5456',2301,,103776,56,,,0,57,,103778,56,,,0,99,,103777,56,,,0
1007201,'5458',2301,,103779,56,,,0,57,,103781,56,,,0,99,,103780,56,,,0
1007201,'5459',2302,,103782,56,,,0,57,,103783,56,,,0,97,,103784,56,,,0
1007201,'5460',2301,,103785,56,,,0,57,,103786,56,,,0
1007201,'5461',2301,,103787,56,,,0,57,,103788,56,,,0
1007201,'5462',2301,,103789,56,,,0,57,,103790,56,,,0
1007201,'5463',2301,,103791,56,,,0,57,,103792,56,,,0
24007001,'5456',2521,,104140,10,0,27,0
24007001,'5458',1334,,104142,11,,,0,206,,104143,11,,,0,199,,104144,11,,,0,193,,104146,11,,,0,199,,104145,11,,,0,390,,104141,10,0,27,0
24007001,'5459',1134,,104147,11,,,0,199,,104148,11,,,0,203,,104149,11,,,0,195,,104150,11,,,0,199,,104151,11,,,0,198,,104152,11,,,0,393,,104153,10,0,27,0
24007001,'5460',1129,,104154,11,,,0,205,,104155,11,,,0,202,,104156,11,,,0,197,,104157,11,,,0,200,,104158,11,,,0,197,,104159,11,,,0,311,,104160,10,0,27,0
24007001,'5461',1129,,104161,11,,,0,108,,104168,11,,,0,97,,104162,11,,,0,102,,104170,11,,,0,100,,104163,11,,,0,101,,104169,11,,,0,96,,104164,11,,,0,101,,104171,11,,,0,99,,104165,11,,,0,197,,104166,11,,,0,311,,104167,10,0,27,0
24007001,'5462',1129,,104172,11,,,0,108,,104179,11,,,0,97,,104173,11,,,0,102,,104181,11,,,0,100,,104174,11,,,0,101,,104180,11,,,0,96,,104175,11,,,0,101,,104182,11,,,0,99,,104176,11,,,0,197,,104177,11,,,0,311,,104178,10,0,27,0
24007001,'5463',1129,,104183,11,,,0,108,,104190,11,,,0,97,,104184,11,,,0,202,,104185,11,,,0,101,,104191,11,,,0,96,,104186,11,,,0,200,,104187,11,,,0,197,,104188,11,,,0,311,,104189,10,0,27,0
