2600,'4832',709,,69844,22,,,0,27,,69852,22,,,0,21,,69834,22,,,0,63,,69828,22,,,0,23,,69846,22,,,0,60,,69853,22,,,0,27,,83856,22,,,0,24,,69829,22,,,0,60,,69847,22,,,0,24,,69838,22,,,0,20,,69830,22,,,0,58,,69836,22,,,0,18,,83855,22,,,0,19,,69845,22,,,0,59,,69833,22,,,0,20,,69850,22,,,0,18,,69831,22,,,0,58,,83859,22,,,0,18,,83858,22,,,0,18,,69843,22,,,0,60,,69841,22,,,0,18,,69851,22,,,0,17,,69837,22,,,0,18,,83860,22,,,0,58,,83857,22,,,0,17,,69842,22,,,0,18,,69858,22,,,0,58,,69862,22,,,0,17,,69855,22,,,0,18,,83863,22,,,0,58,,83861,22,,,0,18,,69860,22,,,0,17,,69856,22,,,0,17,,69865,22,,,0,56,,69854,22,,,0,20,,83862,22,,,0,19,,69859,22,,,0,58,,69861,22,,,0,19,,83866,22,,,0,20,,83865,22,,,0,59,,69871,22,,,0,20,,69868,22,,,0,20,,69870,22,,,0,60,,83867,22,,,0,20,,83864,22,,,0,30,,69874,22,,,0,69,,69873,22,,,0,30,,69875,22,,,0,70,,69876,22,,,0
2600,'5453',709,,79671,22,,,0,27,,79679,22,,,0,21,,79661,22,,,0,63,,83868,22,,,0,23,,79673,22,,,0,60,,79680,22,,,0,27,,79662,22,,,0,24,,83869,22,,,0,60,,79674,22,,,0,24,,79665,22,,,0,20,,79657,22,,,0,58,,79663,22,,,0,18,,83871,22,,,0,19,,83877,22,,,0,59,,83872,22,,,0,20,,79677,22,,,0,18,,83870,22,,,0,58,,83878,22,,,0,18,,79667,22,,,0,18,,83876,22,,,0,60,,83874,22,,,0,18,,79678,22,,,0,17,,83873,22,,,0,18,,83879,22,,,0,58,,79666,22,,,0,17,,83875,22,,,0,18,,83883,22,,,0,58,,79689,22,,,0,17,,83881,22,,,0,18,,79691,22,,,0,58,,79684,22,,,0,18,,79687,22,,,0,17,,83882,22,,,0,17,,79692,22,,,0,56,,83880,22,,,0,20,,79690,22,,,0,19,,79686,22,,,0,58,,79688,22,,,0,19,,83885,22,,,0,20,,83884,22,,,0,59,,79698,22,,,0,20,,79695,22,,,0,20,,79697,22,,,0,60,,83886,22,,,0,20,,79693,22,,,0,30,,83888,22,,,0,69,,83887,22,,,0,30,,79702,22,,,0,70,,79703,22,,,0
2600,'5456',601,,94836,22,,,0,29,,94837,22,,,0,22,,94838,22,,,0,59,,94839,22,,,0,11,,94840,22,,,0,10,,94841,4,,,0,5,,94842,22,,,0,6,,94843,22,,,0,7,,94844,22,,,0,1,,94917,4,,,0,7,,94845,22,,,0,48,,94846,22,,,0,9,,94847,2,,,0,8,,94848,22,,,0,7,,94849,2,,,0,8,,94850,22,,,0,10,,94851,2,,,0,6,,94852,22,,,0,47,,94853,2,,,0,9,,94854,22,,,0,7,,94855,2,,,0,9,,94856,22,,,0,7,,94857,2,,,0,8,,94858,22,,,0,9,,94859,2,,,0,7,,94860,22,,,0,56,,94861,22,,,0,16,,94862,22,,,0,14,,94863,22,,,0,15,,94864,22,,,0,55,,94865,22,,,0,17,,94866,22,,,0,14,,94867,22,,,0,56,,94868,22,,,0,16,,94869,22,,,0,15,,94870,22,,,0,14,,94871,22,,,0,55,,94872,22,,,0,15,,94873,22,,,0,16,,94874,22,,,0,14,,94875,22,,,0,5,,94876,2,,,0,50,,94877,22,,,0,16,,94878,22,,,0,14,,94879,22,,,0,13,,94880,22,,,0,12,,94881,22,,,0,46,,94882,2,,,0,4,,94883,22,,,0,13,,94884,22,,,0,15,,94885,22,,,0,12,,94886,22,,,0,11,,94887,22,,,0,52,,94888,22,,,0,14,,94889,22,,,0,12,,94890,22,,,0,11,,94891,22,,,0,10,,94892,22,,,0,54,,94893,22,,,0,11,,94894,22,,,0,12,,94895,22,,,0,12,,94896,22,,,0,56,,94897,22,,,0,14,,94898,22,,,0,15,,94899,22,,,0,17,,94900,22,,,0,13,,94901,22,,,0,55,,94902,22,,,0,15,,94903,22,,,0,19,,94904,22,,,0,60,,94905,22,,,0,20,,94906,22,,,0,20,,94907,22,,,0,60,,94908,22,,,0,19,,94909,22,,,0,23,,94910,22,,,0,72,,94911,22,,,0,30,,94912,22,,,0,70,,94913,22,,,0,29,,94914,22,,,0,70,,94915,22,,,0,30,,94916,22,,,0
2600,'5458',601,,94918,22,,,0,29,,94919,22,,,0,22,,94920,22,,,0,59,,94921,22,,,0,11,,94922,22,,,0,10,,94923,4,,,0,5,,94924,22,,,0,6,,94925,22,,,0,7,,94926,22,,,0,1,,95000,4,,,0,7,,94927,22,,,0,48,,94928,22,,,0,9,,94929,2,,,0,8,,94930,22,,,0,7,,94931,2,,,0,8,,94932,22,,,0,10,,94933,2,,,0,6,,94934,22,,,0,47,,94935,2,,,0,9,,94936,22,,,0,7,,94937,2,,,0,9,,94938,22,,,0,7,,94939,2,,,0,8,,94940,22,,,0,9,,94941,2,,,0,7,,94942,22,,,0,56,,94943,22,,,0,16,,94944,22,,,0,14,,94945,22,,,0,15,,94946,22,,,0,55,,94947,22,,,0,17,,94948,22,,,0,14,,94949,22,,,0,56,,94950,22,,,0,16,,94951,22,,,0,15,,94952,22,,,0,14,,94953,22,,,0,55,,94954,22,,,0,15,,94955,22,,,0,16,,94956,22,,,0,14,,94957,22,,,0,5,,94958,2,,,0,50,,94959,22,,,0,16,,94960,22,,,0,14,,94961,22,,,0,13,,94962,22,,,0,12,,94963,22,,,0,46,,94964,2,,,0,4,,94965,22,,,0,13,,94966,22,,,0,15,,94967,22,,,0,12,,94968,22,,,0,11,,94969,22,,,0,52,,94970,22,,,0,14,,94971,22,,,0,12,,94972,22,,,0,11,,94973,22,,,0,10,,94974,22,,,0,54,,94975,22,,,0,11,,94976,22,,,0,12,,94977,22,,,0,12,,94978,22,,,0,56,,94979,22,,,0,14,,94980,22,,,0,15,,94981,22,,,0,17,,94982,22,,,0,13,,94983,22,,,0,55,,94984,22,,,0,15,,94985,22,,,0,19,,94986,22,,,0,60,,94987,22,,,0,20,,94988,22,,,0,20,,94989,22,,,0,60,,94990,22,,,0,19,,94991,22,,,0,23,,94992,22,,,0,72,,94993,22,,,0,30,,94994,22,,,0,70,,94995,22,,,0,29,,94996,22,,,0,70,,94997,22,,,0,30,,94998,22,,,0,100,,94999,22,,,0
2600,'5459',645,,95002,22,,,0,71,,95003,22,,,0,30,,95004,22,,,0,58,,95005,22,,,0,17,,95006,22,,,0,18,,95007,22,,,0,17,,95008,22,,,0,58,,95009,22,,,0,17,,95010,22,,,0,17,,95011,22,,,0,57,,95012,22,,,0,17,,95013,22,,,0,17,,95014,22,,,0,18,,95015,22,,,0,58,,95016,22,,,0,17,,95001,22,,,0,18,,95017,22,,,0,59,,95018,22,,,0,17,,95019,22,,,0,17,,95020,22,,,0,57,,95021,22,,,0,17,,95022,22,,,0,17,,95023,22,,,0,17,,95024,22,,,0,58,,95025,22,,,0,16,,95026,22,,,0,16,,95027,22,,,0,18,,95028,22,,,0,57,,95029,22,,,0,17,,95030,22,,,0,17,,95031,22,,,0,56,,95032,22,,,0,16,,95033,22,,,0,15,,95034,22,,,0,15,,95035,22,,,0,56,,95036,22,,,0,16,,95037,22,,,0,16,,95038,22,,,0,16,,95039,22,,,0,57,,95040,22,,,0,17,,95041,22,,,0,20,,95042,22,,,0,59,,95043,22,,,0,20,,95044,22,,,0,20,,95045,22,,,0,60,,95046,22,,,0,19,,95047,22,,,0,20,,95048,22,,,0,59,,95049,22,,,0,20,,95050,22,,,0,25,,95051,22,,,0,70,,95052,22,,,0,30,,95053,22,,,0,71,,95054,22,,,0,29,,95055,22,,,0,70,,95056,22,,,0,30,,95057,22,,,0,101,,95058,22,,,0
2600,'5460',709,,95075,22,,,0,27,,95083,22,,,0,21,,95065,22,,,0,63,,95059,22,,,0,23,,95077,22,,,0,60,,95084,22,,,0,27,,95066,22,,,0,24,,95060,22,,,0,60,,95078,22,,,0,24,,95069,22,,,0,20,,95061,22,,,0,58,,95067,22,,,0,18,,95063,22,,,0,19,,95076,22,,,0,59,,95064,22,,,0,20,,95081,22,,,0,18,,95062,22,,,0,58,,95079,22,,,0,18,,95071,22,,,0,18,,95074,22,,,0,60,,95072,22,,,0,18,,95082,22,,,0,17,,95068,22,,,0,18,,95080,22,,,0,58,,95070,22,,,0,17,,95073,22,,,0,18,,95089,22,,,0,58,,95093,22,,,0,17,,95086,22,,,0,18,,95095,22,,,0,58,,95088,22,,,0,18,,95091,22,,,0,17,,95087,22,,,0,17,,95096,22,,,0,56,,95085,22,,,0,20,,95094,22,,,0,19,,95090,22,,,0,58,,95092,22,,,0,19,,95100,22,,,0,20,,95098,22,,,0,59,,95102,22,,,0,20,,95099,22,,,0,20,,95101,22,,,0,60,,95103,22,,,0,20,,95097,22,,,0,30,,95105,22,,,0,69,,95104,22,,,0,30,,95106,22,,,0,70,,95107,22,,,0,78,,95108,22,,,0
2600,'5461',709,,95125,22,,,0,27,,95133,22,,,0,21,,95115,22,,,0,63,,95109,22,,,0,23,,95127,22,,,0,60,,95134,22,,,0,27,,95116,22,,,0,24,,95110,22,,,0,60,,95128,22,,,0,24,,95119,22,,,0,20,,95111,22,,,0,58,,95117,22,,,0,18,,95113,22,,,0,19,,95126,22,,,0,59,,95114,22,,,0,20,,95131,22,,,0,18,,95112,22,,,0,58,,95129,22,,,0,18,,95121,22,,,0,18,,95124,22,,,0,60,,95122,22,,,0,18,,95132,22,,,0,17,,95118,22,,,0,18,,95130,22,,,0,58,,95120,22,,,0,17,,95123,22,,,0,18,,95139,22,,,0,58,,95143,22,,,0,17,,95136,22,,,0,18,,95145,22,,,0,58,,95138,22,,,0,18,,95141,22,,,0,17,,95137,22,,,0,17,,95146,22,,,0,56,,95135,22,,,0,20,,95144,22,,,0,19,,95140,22,,,0,58,,95142,22,,,0,19,,95150,22,,,0,20,,95148,22,,,0,59,,95152,22,,,0,20,,95149,22,,,0,20,,95151,22,,,0,60,,95153,22,,,0,20,,95147,22,,,0,30,,95155,22,,,0,69,,95154,22,,,0,30,,95156,22,,,0,70,,95157,22,,,0,78,,95158,22,,,0
2600,'5462',709,,95175,22,,,0,27,,95183,22,,,0,21,,95165,22,,,0,63,,95159,22,,,0,23,,95177,22,,,0,60,,95184,22,,,0,27,,95166,22,,,0,24,,95160,22,,,0,60,,95178,22,,,0,24,,95169,22,,,0,20,,95161,22,,,0,58,,95167,22,,,0,18,,95163,22,,,0,19,,95176,22,,,0,59,,95164,22,,,0,20,,95181,22,,,0,18,,95162,22,,,0,58,,95179,22,,,0,18,,95171,22,,,0,18,,95174,22,,,0,60,,95172,22,,,0,18,,95182,22,,,0,17,,95168,22,,,0,18,,95180,22,,,0,58,,95170,22,,,0,17,,95173,22,,,0,18,,95189,22,,,0,58,,95193,22,,,0,17,,95186,22,,,0,18,,95195,22,,,0,58,,95188,22,,,0,18,,95191,22,,,0,17,,95187,22,,,0,17,,95196,22,,,0,56,,95185,22,,,0,20,,95194,22,,,0,19,,95190,22,,,0,58,,95192,22,,,0,19,,95200,22,,,0,20,,95198,22,,,0,59,,95202,22,,,0,20,,95199,22,,,0,20,,95201,22,,,0,60,,95203,22,,,0,20,,95197,22,,,0,30,,95205,22,,,0,69,,95204,22,,,0,30,,95206,22,,,0,70,,95207,22,,,0,78,,95208,22,,,0
2600,'5463',709,,95225,22,,,0,27,,95233,22,,,0,21,,95215,22,,,0,63,,95209,22,,,0,23,,95227,22,,,0,60,,95234,22,,,0,27,,95216,22,,,0,24,,95210,22,,,0,60,,95228,22,,,0,24,,95219,22,,,0,20,,95211,22,,,0,58,,95217,22,,,0,18,,95213,22,,,0,19,,95226,22,,,0,59,,95214,22,,,0,20,,95231,22,,,0,18,,95212,22,,,0,58,,95229,22,,,0,18,,95221,22,,,0,18,,95224,22,,,0,60,,95222,22,,,0,18,,95232,22,,,0,17,,95218,22,,,0,18,,95230,22,,,0,58,,95220,22,,,0,17,,95223,22,,,0,18,,95239,22,,,0,58,,95243,22,,,0,17,,95236,22,,,0,18,,95245,22,,,0,58,,95238,22,,,0,18,,95241,22,,,0,17,,95237,22,,,0,17,,95246,22,,,0,56,,95235,22,,,0,20,,95244,22,,,0,19,,95240,22,,,0,58,,95242,22,,,0,19,,95250,22,,,0,20,,95248,22,,,0,59,,95252,22,,,0,20,,95249,22,,,0,20,,95251,22,,,0,60,,95253,22,,,0,20,,95247,22,,,0,30,,95255,22,,,0,69,,95254,22,,,0,30,,95256,22,,,0,70,,95257,22,,,0,78,,95258,22,,,0
7500,'4832',619,,86224,14,0,13 14,0,98,,81195,14,0,13 14,0,101,,75561,14,0,13 14,0,33,,86234,14,0,47 48,0,60,,75562,14,0,13 14,0,23,,86235,14,0,47 48,0,20,,81205,14,0,47 48,0,55,,75563,14,0,13 14,0,43,,86236,14,0,47 48,0,56,,81196,14,0,13 14,0,18,,81206,14,0,47 48,0,12,,75565,14,0,13 14,0,70,,86225,14,0,13 14,0,29,,86226,14,0,13 14,0,69,,86227,14,0,13 14,0,15,,75585,14,0,47 48,0,15,,86228,14,0,13 14,0,70,,86229,14,0,13 14,0,15,,75586,14,0,47 48,0,15,,75571,14,0,13 14,0,70,,86230,14,0,13 14,0,100,,75573,14,0,13 14,0,101,,75574,14,0,13 14,0,20,,86237,14,0,47 48,0,85,,81200,14,0,13 14,0,103,,86231,14,0,13 14,0,104,,86232,14,0,13 14,0,97,,75578,14,0,13 14,0,134,,86233,14,0,13 14,0
7500,'5453',619,,86238,14,0,13 14,0,98,,81241,14,0,13 14,0,101,,81242,14,0,13 14,0,33,,86250,14,0,47 48,0,60,,81243,14,0,13 14,0,23,,86251,14,0,47 48,0,20,,86253,14,0,47 48,0,55,,81244,14,0,13 14,0,43,,86252,14,0,47 48,0,56,,86239,14,0,13 14,0,18,,81265,14,0,47 48,0,12,,86240,14,0,13 14,0,70,,86241,14,0,13 14,0,29,,81248,14,0,13 14,0,69,,86242,14,0,13 14,0,15,,81266,14,0,47 48,0,15,,86243,14,0,13 14,0,70,,86244,14,0,13 14,0,15,,81267,14,0,47 48,0,15,,86245,14,0,13 14,0,70,,86246,14,0,13 14,0,100,,86247,14,0,13 14,0,101,,81255,14,0,13 14,0,20,,86254,14,0,47 48,0,85,,81256,14,0,13 14,0,103,,81257,14,0,13 14,0,104,,86248,14,0,13 14,0,97,,81259,14,0,13 14,0,134,,86249,14,0,13 14,0
7500,'5456',511,,101477,14,0,13 14,0,18,,101479,14,0,13 14,0,16,,101483,14,0,13 14,0,59,,101486,14,0,13 14,0,17,,101489,14,0,13 14,0,17,,101491,14,0,13 14,0,15,,101481,14,0,13 14,0,56,,101494,14,0,13 14,0,16,,101478,14,0,13 14,0,23,,101480,14,0,13 14,0,63,,101482,14,0,13 14,0,26,,101485,14,0,13 14,0,69,,101484,14,0,13 14,0,34,,101488,14,0,13 14,0,68,,101487,14,0,13 14,0,30,,101490,14,0,13 14,0,67,,101498,14,0,13 14,0,29,,101492,14,0,13 14,0,70,,101493,14,0,13 14,0,30,,101495,14,0,13 14,0,69,,101496,14,0,13 14,0,30,,101497,14,0,13 14,0,23,,101499,14,0,13 14,0,71,,101500,14,0,13 14,0,74,,101501,14,0,13 14,0,28,,101502,14,0,13 14,0,71,,101503,14,0,13 14,0,26,,101513,14,0,13 14,0,20,,101504,14,0,13 14,0,61,,101506,14,0,13 14,0,18,,101505,14,0,13 14,0,21,,101512,14,0,13 14,0,59,,101507,14,0,13 14,0,28,,101508,14,0,13 14,0,77,,101509,14,0,13 14,0,110,,101510,14,0,13 14,0,96,,101511,14,0,13 14,0,104,,101514,14,0,13 14,0,110,,101515,14,0,13 14,0
7500,'5458',511,,101516,14,0,13 14,0,18,,101518,14,0,13 14,0,16,,101522,14,0,13 14,0,59,,101525,14,0,13 14,0,17,,101528,14,0,13 14,0,17,,101530,14,0,13 14,0,15,,101520,14,0,13 14,0,56,,101533,14,0,13 14,0,16,,101517,14,0,13 14,0,23,,101519,14,0,13 14,0,63,,101521,14,0,13 14,0,26,,101524,14,0,13 14,0,69,,101523,14,0,13 14,0,34,,101527,14,0,13 14,0,68,,101526,14,0,13 14,0,30,,101529,14,0,13 14,0,67,,101537,14,0,13 14,0,29,,101531,14,0,13 14,0,70,,101532,14,0,13 14,0,30,,101534,14,0,13 14,0,69,,101535,14,0,13 14,0,30,,101536,14,0,13 14,0,23,,101538,14,0,13 14,0,71,,101539,14,0,13 14,0,74,,101540,14,0,13 14,0,28,,101541,14,0,13 14,0,71,,101542,14,0,13 14,0,26,,101552,14,0,13 14,0,20,,101543,14,0,13 14,0,61,,101545,14,0,13 14,0,18,,101544,14,0,13 14,0,21,,101551,14,0,13 14,0,59,,101546,14,0,13 14,0,28,,101547,14,0,13 14,0,77,,101548,14,0,13 14,0,110,,101549,14,0,13 14,0,96,,101550,14,0,13 14,0,104,,101553,14,0,13 14,0,110,,101554,14,0,13 14,0
7500,'5459',624,,101556,14,0,13 14,0,93,,101557,14,0,13 14,0,98,,101558,14,0,13 14,0,95,,101555,14,0,13 14,0,98,,101559,14,0,13 14,0,99,,101560,14,0,13 14,0,30,,101561,14,0,13 14,0,70,,101562,14,0,13 14,0,29,,101563,14,0,13 14,0,71,,101564,14,0,13 14,0,24,,101565,14,0,13 14,0,76,,101566,14,0,13 14,0,30,,101567,14,0,13 14,0,70,,101568,14,0,13 14,0,31,,101569,14,0,13 14,0,70,,101570,14,0,13 14,0,100,,101571,14,0,13 14,0,102,,101572,14,0,13 14,0,102,,101573,14,0,13 14,0,103,,101574,14,0,13 14,0,98,,101575,14,0,13 14,0,106,,101576,14,0,13 14,0,102,,101577,14,0,13 14,0
7500,'5460',619,,101578,14,0,13 14,0,98,,101579,14,0,13 14,0,101,,101580,14,0,13 14,0,93,,101581,14,0,13 14,0,98,,101582,14,0,13 14,0,99,,101583,14,0,13 14,0,30,,101584,14,0,13 14,0,70,,101585,14,0,13 14,0,29,,101586,14,0,13 14,0,69,,101587,14,0,13 14,0,30,,101588,14,0,13 14,0,70,,101589,14,0,13 14,0,30,,101590,14,0,13 14,0,70,,101591,14,0,13 14,0,100,,101592,14,0,13 14,0,101,,101593,14,0,13 14,0,105,,101594,14,0,13 14,0,103,,101595,14,0,13 14,0,104,,101596,14,0,13 14,0,97,,101597,14,0,13 14,0,134,,101598,14,0,13 14,0
7500,'5461',619,,101599,14,0,13 14,0,98,,101600,14,0,13 14,0,101,,101601,14,0,13 14,0,93,,101602,14,0,13 14,0,98,,101603,14,0,13 14,0,99,,101604,14,0,13 14,0,30,,101605,14,0,13 14,0,70,,101606,14,0,13 14,0,29,,101607,14,0,13 14,0,69,,101608,14,0,13 14,0,30,,101609,14,0,13 14,0,70,,101610,14,0,13 14,0,30,,101611,14,0,13 14,0,70,,101612,14,0,13 14,0,100,,101613,14,0,13 14,0,101,,101614,14,0,13 14,0,105,,101615,14,0,13 14,0,103,,101616,14,0,13 14,0,104,,101617,14,0,13 14,0,97,,101618,14,0,13 14,0,134,,101619,14,0,13 14,0
7500,'5462',619,,101620,14,0,13 14,0,98,,101621,14,0,13 14,0,101,,101622,14,0,13 14,0,93,,101623,14,0,13 14,0,98,,101624,14,0,13 14,0,99,,101625,14,0,13 14,0,30,,101626,14,0,13 14,0,70,,101627,14,0,13 14,0,29,,101628,14,0,13 14,0,69,,101629,14,0,13 14,0,30,,101630,14,0,13 14,0,70,,101631,14,0,13 14,0,30,,101632,14,0,13 14,0,70,,101633,14,0,13 14,0,100,,101634,14,0,13 14,0,101,,101635,14,0,13 14,0,105,,101636,14,0,13 14,0,103,,101637,14,0,13 14,0,104,,101638,14,0,13 14,0,97,,101639,14,0,13 14,0,134,,101640,14,0,13 14,0
7500,'5463',619,,101641,14,0,13 14,0,98,,101642,14,0,13 14,0,101,,101643,14,0,13 14,0,93,,101644,14,0,13 14,0,98,,101645,14,0,13 14,0,99,,101646,14,0,13 14,0,30,,101647,14,0,13 14,0,70,,101648,14,0,13 14,0,29,,101649,14,0,13 14,0,69,,101650,14,0,13 14,0,30,,101651,14,0,13 14,0,70,,101652,14,0,13 14,0,30,,101653,14,0,13 14,0,70,,101654,14,0,13 14,0,100,,101655,14,0,13 14,0,101,,101656,14,0,13 14,0,105,,101657,14,0,13 14,0,103,,101658,14,0,13 14,0,104,,101659,14,0,13 14,0,97,,101660,14,0,13 14,0,134,,101661,14,0,13 14,0
