1700,'5456',813,,93601,22,,,0
1700,'5458',813,,93602,22,,,0
2501,'5456',611,,94739,6,,,0,40,,94740,6,,,0,76,,94741,6,0,6 7,0,77,,94744,6,,,0,115,,94742,6,,,0,101,,94743,6,,,0,99,,94745,6,,,0,100,,94746,6,,,0,100,,94747,6,,,0,105,,94748,6,,,0,91,,94749,6,,,0,101,,94750,6,,,0,41,,94751,6,,,0,86,,94752,6,,,0,86,,94753,6,,,0,97,,94754,6,,,0,103,,94755,6,,,0,171,,94756,6,,,0,131,,94757,6,,,0
2501,'5458',611,,94758,6,,,0,40,,94759,6,,,0,76,,94760,6,0,6 7,0,77,,94763,6,,,0,115,,94761,6,,,0,101,,94762,6,,,0,99,,94764,6,,,0,100,,94765,6,,,0,100,,94766,6,,,0,105,,94767,6,,,0,91,,94768,6,,,0,101,,94769,6,,,0,41,,94770,6,,,0,86,,94771,6,,,0,86,,94772,6,,,0,97,,94773,6,,,0,103,,94774,6,,,0,171,,94775,6,,,0,131,,94776,6,,,0
2501,'5459',719,,94780,6,,,0,99,,94777,6,,,0,104,,94779,6,,,0,101,,94778,6,,,0,97,,94786,6,,,0,95,,94783,6,,,0,100,,94782,6,,,0,98,,94781,6,,,0,100,,94784,6,,,0,102,,94785,6,,,0,118,,94787,6,,,0,170,,94788,6,,,0,126,,94789,6,,,0,171,,94790,6,,,0,130,,94791,6,,,0
2501,'5460',833,,94793,6,,,0,170,,94792,6,,,0,127,,94794,6,,,0,170,,94795,6,,,0,131,,94796,6,,,0,172,,94797,6,,,0,131,,94798,6,,,0,170,,94799,6,,,0,130,,94800,6,,,0,166,,94801,6,,,0,130,,94802,6,,,0
2501,'5461',833,,94804,6,,,0,170,,94803,6,,,0,127,,94805,6,,,0,170,,94806,6,,,0,131,,94807,6,,,0,172,,94808,6,,,0,131,,94809,6,,,0,170,,94810,6,,,0,130,,94811,6,,,0,166,,94812,6,,,0,130,,94813,6,,,0
2501,'5462',833,,94815,6,,,0,170,,94814,6,,,0,127,,94816,6,,,0,170,,94817,6,,,0,131,,94818,6,,,0,172,,94819,6,,,0,131,,94820,6,,,0,170,,94821,6,,,0,130,,94822,6,,,0,166,,94823,6,,,0,130,,94824,6,,,0
2501,'5463',833,,94826,6,,,0,170,,94825,6,,,0,127,,94827,6,,,0,170,,94828,6,,,0,131,,94829,6,,,0,172,,94830,6,,,0,131,,94831,6,,,0,170,,94832,6,,,0,130,,94833,6,,,0,166,,94834,6,,,0,130,,94835,6,,,0
2600,'5456',609,,94836,30,,,0,30,,94837,30,,,0,62,,94838,30,,,0,20,,94839,30,,,0,12,,94840,30,,,0,10,,94841,12,,,0,6,,94842,30,,,0,6,,94843,30,,,0,47,,94917,12,,,0,9,,94845,30,,,0,8,,94846,30,,,0,8,,94847,10,,,0,8,,94848,30,,,0,7,,94849,10,,,0,8,,94850,30,,,0,9,,94851,10,,,0,46,,94852,30,,,0,7,,94853,10,,,0,9,,94854,30,,,0,7,,94855,10,,,0,8,,94856,30,,,0,7,,94857,10,,,0,8,,94858,30,,,0,49,,94859,10,,,0,7,,94860,30,,,0,16,,94861,30,,,0,16,,94862,30,,,0,14,,94863,30,,,0,55,,94864,30,,,0,15,,94865,30,,,0,17,,94866,30,,,0,15,,94867,30,,,0,56,,94868,30,,,0,16,,94869,30,,,0,15,,94870,30,,,0,14,,94871,30,,,0,54,,94872,30,,,0,15,,94873,30,,,0,16,,94874,30,,,0,14,,94875,30,,,0,45,,94876,10,,,0,10,,94877,30,,,0,16,,94878,30,,,0,14,,94879,30,,,0,13,,94880,30,,,0,53,,94881,30,,,0,7,,94882,10,,,0,5,,94883,30,,,0,14,,94884,30,,,0,15,,94885,30,,,0,12,,94886,30,,,0,50,,94887,30,,,0,12,,94888,30,,,0,14,,94889,30,,,0,13,,94890,30,,,0,11,,94891,30,,,0,49,,94892,30,,,0,12,,94893,30,,,0,11,,94894,30,,,0,12,,94895,30,,,0,12,,94896,30,,,0,56,,94897,30,,,0,13,,94898,30,,,0,15,,94899,30,,,0,17,,94900,30,,,0,53,,94901,30,,,0,14,,94902,30,,,0,15,,94903,30,,,0,19,,94904,30,,,0,60,,94905,30,,,0,20,,94906,30,,,0,20,,94907,30,,,0,60,,94908,30,,,0,18,,94909,30,,,0,23,,94910,30,,,0,71,,94911,30,,,0,29,,94912,30,,,0,70,,94913,30,,,0,28,,94914,30,,,0,70,,94915,30,,,0,30,,94916,30,,,0
2600,'5458',609,,94918,30,,,0,30,,94919,30,,,0,62,,94920,30,,,0,20,,94921,30,,,0,12,,94922,30,,,0,10,,94923,12,,,0,6,,94924,30,,,0,6,,94925,30,,,0,47,,95000,12,,,0,9,,94927,30,,,0,8,,94928,30,,,0,8,,94929,10,,,0,8,,94930,30,,,0,7,,94931,10,,,0,8,,94932,30,,,0,9,,94933,10,,,0,46,,94934,30,,,0,7,,94935,10,,,0,9,,94936,30,,,0,7,,94937,10,,,0,8,,94938,30,,,0,7,,94939,10,,,0,8,,94940,30,,,0,49,,94941,10,,,0,7,,94942,30,,,0,16,,94943,30,,,0,16,,94944,30,,,0,14,,94945,30,,,0,55,,94946,30,,,0,15,,94947,30,,,0,17,,94948,30,,,0,15,,94949,30,,,0,56,,94950,30,,,0,16,,94951,30,,,0,15,,94952,30,,,0,14,,94953,30,,,0,54,,94954,30,,,0,15,,94955,30,,,0,16,,94956,30,,,0,14,,94957,30,,,0,45,,94958,10,,,0,10,,94959,30,,,0,16,,94960,30,,,0,14,,94961,30,,,0,13,,94962,30,,,0,53,,94963,30,,,0,7,,94964,10,,,0,5,,94965,30,,,0,14,,94966,30,,,0,15,,94967,30,,,0,12,,94968,30,,,0,50,,94969,30,,,0,12,,94970,30,,,0,14,,94971,30,,,0,13,,94972,30,,,0,11,,94973,30,,,0,49,,94974,30,,,0,12,,94975,30,,,0,11,,94976,30,,,0,12,,94977,30,,,0,12,,94978,30,,,0,56,,94979,30,,,0,13,,94980,30,,,0,15,,94981,30,,,0,17,,94982,30,,,0,53,,94983,30,,,0,14,,94984,30,,,0,15,,94985,30,,,0,19,,94986,30,,,0,60,,94987,30,,,0,20,,94988,30,,,0,20,,94989,30,,,0,60,,94990,30,,,0,18,,94991,30,,,0,23,,94992,30,,,0,71,,94993,30,,,0,29,,94994,30,,,0,70,,94995,30,,,0,28,,94996,30,,,0,70,,94997,30,,,0,30,,94998,30,,,0,100,,94999,30,,,0
2600,'5459',652,,95002,30,,,0,71,,95003,30,,,0,30,,95004,30,,,0,58,,95005,30,,,0,17,,95006,30,,,0,19,,95007,30,,,0,58,,95008,30,,,0,18,,95009,30,,,0,17,,95010,30,,,0,18,,95011,30,,,0,57,,95012,30,,,0,17,,95013,30,,,0,17,,95014,30,,,0,58,,95015,30,,,0,18,,95016,30,,,0,17,,95001,30,,,0,59,,95017,30,,,0,19,,95018,30,,,0,17,,95019,30,,,0,17,,95020,30,,,0,57,,95021,30,,,0,17,,95022,30,,,0,17,,95023,30,,,0,57,,95024,30,,,0,18,,95025,30,,,0,16,,95026,30,,,0,16,,95027,30,,,0,58,,95028,30,,,0,17,,95029,30,,,0,17,,95030,30,,,0,57,,95031,30,,,0,16,,95032,30,,,0,16,,95033,30,,,0,14,,95034,30,,,0,55,,95035,30,,,0,16,,95036,30,,,0,16,,95037,30,,,0,16,,95038,30,,,0,56,,95039,30,,,0,17,,95040,30,,,0,17,,95041,30,,,0,60,,95042,30,,,0,19,,95043,30,,,0,20,,95044,30,,,0,19,,95045,30,,,0,60,,95046,30,,,0,19,,95047,30,,,0,19,,95048,30,,,0,59,,95049,30,,,0,20,,95050,30,,,0,65,,95051,30,,,0,29,,95052,30,,,0,30,,95053,30,,,0,70,,95054,30,,,0,29,,95055,30,,,0,70,,95056,30,,,0,30,,95057,30,,,0,101,,95058,30,,,0
2600,'5460',715,,95075,30,,,0,27,,95083,30,,,0,61,,95065,30,,,0,23,,95059,30,,,0,24,,95077,30,,,0,61,,95084,30,,,0,27,,95066,30,,,0,65,,95060,30,,,0,20,,95078,30,,,0,24,,95069,30,,,0,60,,95061,30,,,0,18,,95067,30,,,0,18,,95063,30,,,0,60,,95076,30,,,0,19,,95064,30,,,0,20,,95081,30,,,0,58,,95062,30,,,0,18,,95079,30,,,0,19,,95071,30,,,0,18,,95074,30,,,0,60,,95072,30,,,0,18,,95082,30,,,0,17,,95068,30,,,0,58,,95080,30,,,0,18,,95070,30,,,0,17,,95073,30,,,0,58,,95089,30,,,0,18,,95093,30,,,0,16,,95086,30,,,0,18,,95095,30,,,0,58,,95088,30,,,0,18,,95091,30,,,0,17,,95087,30,,,0,56,,95096,30,,,0,16,,95085,30,,,0,20,,95094,30,,,0,19,,95090,30,,,0,58,,95092,30,,,0,18,,95100,30,,,0,20,,95098,30,,,0,59,,95102,30,,,0,20,,95099,30,,,0,19,,95101,30,,,0,60,,95103,30,,,0,20,,95097,30,,,0,70,,95105,30,,,0,28,,95104,30,,,0,30,,95106,30,,,0,70,,95107,30,,,0,78,,95108,30,,,0
2600,'5461',715,,95125,30,,,0,27,,95133,30,,,0,61,,95115,30,,,0,23,,95109,30,,,0,24,,95127,30,,,0,61,,95134,30,,,0,27,,95116,30,,,0,65,,95110,30,,,0,20,,95128,30,,,0,24,,95119,30,,,0,60,,95111,30,,,0,18,,95117,30,,,0,18,,95113,30,,,0,60,,95126,30,,,0,19,,95114,30,,,0,20,,95131,30,,,0,58,,95112,30,,,0,18,,95129,30,,,0,19,,95121,30,,,0,18,,95124,30,,,0,60,,95122,30,,,0,18,,95132,30,,,0,17,,95118,30,,,0,58,,95130,30,,,0,18,,95120,30,,,0,17,,95123,30,,,0,58,,95139,30,,,0,18,,95143,30,,,0,16,,95136,30,,,0,18,,95145,30,,,0,58,,95138,30,,,0,18,,95141,30,,,0,17,,95137,30,,,0,56,,95146,30,,,0,16,,95135,30,,,0,20,,95144,30,,,0,19,,95140,30,,,0,58,,95142,30,,,0,18,,95150,30,,,0,20,,95148,30,,,0,59,,95152,30,,,0,20,,95149,30,,,0,19,,95151,30,,,0,60,,95153,30,,,0,20,,95147,30,,,0,70,,95155,30,,,0,28,,95154,30,,,0,30,,95156,30,,,0,70,,95157,30,,,0,78,,95158,30,,,0
2600,'5462',715,,95175,30,,,0,27,,95183,30,,,0,61,,95165,30,,,0,23,,95159,30,,,0,24,,95177,30,,,0,61,,95184,30,,,0,27,,95166,30,,,0,65,,95160,30,,,0,20,,95178,30,,,0,24,,95169,30,,,0,60,,95161,30,,,0,18,,95167,30,,,0,18,,95163,30,,,0,60,,95176,30,,,0,19,,95164,30,,,0,20,,95181,30,,,0,58,,95162,30,,,0,18,,95179,30,,,0,19,,95171,30,,,0,18,,95174,30,,,0,60,,95172,30,,,0,18,,95182,30,,,0,17,,95168,30,,,0,58,,95180,30,,,0,18,,95170,30,,,0,17,,95173,30,,,0,58,,95189,30,,,0,18,,95193,30,,,0,16,,95186,30,,,0,18,,95195,30,,,0,58,,95188,30,,,0,18,,95191,30,,,0,17,,95187,30,,,0,56,,95196,30,,,0,16,,95185,30,,,0,20,,95194,30,,,0,19,,95190,30,,,0,58,,95192,30,,,0,18,,95200,30,,,0,20,,95198,30,,,0,59,,95202,30,,,0,20,,95199,30,,,0,19,,95201,30,,,0,60,,95203,30,,,0,20,,95197,30,,,0,70,,95205,30,,,0,28,,95204,30,,,0,30,,95206,30,,,0,70,,95207,30,,,0,78,,95208,30,,,0
2600,'5463',715,,95225,30,,,0,27,,95233,30,,,0,61,,95215,30,,,0,23,,95209,30,,,0,24,,95227,30,,,0,61,,95234,30,,,0,27,,95216,30,,,0,65,,95210,30,,,0,20,,95228,30,,,0,24,,95219,30,,,0,60,,95211,30,,,0,18,,95217,30,,,0,18,,95213,30,,,0,60,,95226,30,,,0,19,,95214,30,,,0,20,,95231,30,,,0,58,,95212,30,,,0,18,,95229,30,,,0,19,,95221,30,,,0,18,,95224,30,,,0,60,,95222,30,,,0,18,,95232,30,,,0,17,,95218,30,,,0,58,,95230,30,,,0,18,,95220,30,,,0,17,,95223,30,,,0,58,,95239,30,,,0,18,,95243,30,,,0,16,,95236,30,,,0,18,,95245,30,,,0,58,,95238,30,,,0,18,,95241,30,,,0,17,,95237,30,,,0,56,,95246,30,,,0,16,,95235,30,,,0,20,,95244,30,,,0,19,,95240,30,,,0,58,,95242,30,,,0,18,,95250,30,,,0,20,,95248,30,,,0,59,,95252,30,,,0,20,,95249,30,,,0,19,,95251,30,,,0,60,,95253,30,,,0,20,,95247,30,,,0,70,,95255,30,,,0,28,,95254,30,,,0,30,,95256,30,,,0,70,,95257,30,,,0,78,,95258,30,,,0
4000,'5456',649,,98352,25,,,0,83,,98353,25,,,0,70,,98351,25,,,0,26,,98350,25,,,0,107,,98345,25,,,0,99,,98346,25,,,0,101,,98343,25,,,0,101,,98348,25,,,0,99,,98339,25,,,0,100,,98347,25,,,0,105,,98338,25,,,0,81,,98337,25,,,0,32,,98344,25,,,0,65,,98336,25,,,0,31,,98341,25,,,0,94,,98349,25,,,0,101,,98340,25,,,0,169,,98342,25,,,0,342,,98335,25,,,0
4000,'5458',649,,98371,25,,,0,83,,98372,25,,,0,70,,98370,25,,,0,26,,98369,25,,,0,107,,98364,25,,,0,99,,98365,25,,,0,101,,98362,25,,,0,101,,98367,25,,,0,99,,98358,25,,,0,100,,98366,25,,,0,105,,98357,25,,,0,81,,98356,25,,,0,32,,98363,25,,,0,65,,98355,25,,,0,31,,98360,25,,,0,94,,98368,25,,,0,101,,98359,25,,,0,169,,98361,25,,,0,342,,98354,25,,,0
4000,'5459',728,,98382,25,,,0,172,,98383,25,,,0,100,,98373,25,,,0,102,,98376,25,,,0,100,,98378,25,,,0,101,,98384,25,,,0,101,,98374,25,,,0,101,,98375,25,,,0,100,,98379,25,,,0,100,,98385,25,,,0,97,,98377,25,,,0,98,,98381,25,,,0,100,,98380,25,,,0,54,,98386,25,,,0
4000,'5460',825,,98388,25,,,0,175,,98387,25,,,0,101,,98389,25,,,0,100,,98390,25,,,0,101,,98391,25,,,0,101,,98392,25,,,0,101,,98395,25,,,0,100,,98394,25,,,0,100,,98393,25,,,0,98,,98396,25,,,0,98,,98397,25,,,0,100,,98398,25,,,0
4000,'5461',825,,98400,25,,,0,175,,98399,25,,,0,101,,98401,25,,,0,100,,98402,25,,,0,101,,98403,25,,,0,101,,98404,25,,,0,101,,98407,25,,,0,100,,98406,25,,,0,100,,98405,25,,,0,98,,98408,25,,,0,98,,98409,25,,,0,100,,98410,25,,,0
4000,'5462',825,,98412,25,,,0,175,,98411,25,,,0,101,,98413,25,,,0,100,,98414,25,,,0,101,,98415,25,,,0,101,,98416,25,,,0,101,,98419,25,,,0,100,,98418,25,,,0,100,,98417,25,,,0,98,,98420,25,,,0,98,,98421,25,,,0,100,,98422,25,,,0
4000,'5463',825,,98424,25,,,0,175,,98423,25,,,0,101,,98425,25,,,0,100,,98426,25,,,0,101,,98427,25,,,0,101,,98428,25,,,0,101,,98431,25,,,0,100,,98430,25,,,0,100,,98429,25,,,0,98,,98432,25,,,0,98,,98433,25,,,0,100,,98434,25,,,0
