5500,'4832',808,,85428,12,,,0,201,,85431,12,,,0,213,,85430,12,,,0,205,,85429,12,,,0,210,,85433,12,,,0,209,,85434,12,,,0,264,,85432,12,,,0
5500,'5453',808,,85435,12,,,0,201,,85438,12,,,0,213,,85437,12,,,0,205,,85436,12,,,0,210,,85440,12,,,0,209,,85441,12,,,0,264,,85439,12,,,0
5500,'5456',614,,99397,12,,,0,130,,99401,12,,,0,175,,99400,12,,,0,214,,99399,12,,,0,198,,99398,12,,,0,173,,99402,12,,,0,105,,99406,12,,,0,143,,99404,12,,,0,190,,99403,12,,,0,198,,99405,12,,,0
5500,'5458',614,,99407,12,,,0,130,,99411,12,,,0,175,,99410,12,,,0,214,,99409,12,,,0,198,,99408,12,,,0,173,,99412,12,,,0,105,,99416,12,,,0,143,,99414,12,,,0,190,,99413,12,,,0,198,,99415,12,,,0
5500,'5459',809,,99423,12,,,0,201,,99419,12,,,0,212,,99420,12,,,0,205,,99421,12,,,0,211,,99422,12,,,0,209,,99418,12,,,0,264,,99417,12,,,0
5500,'5460',808,,99424,12,,,0,201,,99427,12,,,0,213,,99426,12,,,0,205,,99425,12,,,0,210,,99429,12,,,0,209,,99430,12,,,0,264,,99428,12,,,0
5500,'5461',808,,99431,12,,,0,201,,99434,12,,,0,213,,99433,12,,,0,205,,99432,12,,,0,210,,99436,12,,,0,209,,99437,12,,,0,264,,99435,12,,,0
5500,'5462',808,,99438,12,,,0,201,,99441,12,,,0,213,,99440,12,,,0,205,,99439,12,,,0,210,,99443,12,,,0,209,,99444,12,,,0,264,,99442,12,,,0
5500,'5463',808,,99445,12,,,0,201,,99448,12,,,0,213,,99447,12,,,0,205,,99446,12,,,0,210,,99450,12,,,0,209,,99451,12,,,0,264,,99449,12,,,0
6400,'5456',730,,100772,38,,,0,507,,100775,69,,,0,580,,100774,54,,,0
6400,'5458',730,,100779,38,,,0,507,,100782,69,,,0,580,,100781,54,,,0
