4701,'5456',1633,,98604,14,,,0,68,,98605,14,,,0,31,,98606,14,,,0
4701,'5458',1633,,98607,14,,,0,68,,98608,14,,,0,31,,98609,14,,,0
4801,'5456',1632,,98618,14,,,0,68,,98617,14,,,0,32,,98616,14,,,0
4801,'5458',1632,,98621,14,,,0,68,,98620,14,,,0,32,,98619,14,,,0
5301,'5456',1635,,99234,14,,,0
5301,'5458',1635,,99244,14,,,0
6101,'5456',1523,,100612,14,,,0,30,,100598,14,,,0,74,,100587,14,,,0,24,,100585,14,,,0,57,,100594,14,,,0,23,,100580,14,,,0,80,,100589,14,,,0
6101,'5458',1523,,100649,14,,,0,30,,100635,14,,,0,74,,100624,14,,,0,24,,100622,14,,,0,57,,100630,14,,,0,23,,100617,14,,,0,80,,100626,14,,,0
6501,'5456',1613,,100808,14,,,0,28,,100810,14,,,0,75,,100807,14,,,0,29,,100809,14,,,0
6501,'5458',1613,,100812,14,,,0,28,,100814,14,,,0,75,,100811,14,,,0,29,,100813,14,,,0
