601,'4832',637,,82337,6,,,0,95,,82322,6,,,0,84,,78502,6,,,0,19,,82321,6,,,0,79,,82336,6,,,0,16,,78507,6,,,0,15,,82342,6,,,0,70,,82313,6,,,0,16,,82338,6,,,0,15,,82330,6,,,0,70,,78492,6,,,0,15,,82315,6,,,0,12,,82314,6,,,0,64,,82332,6,,,0,12,,82316,6,,,0,12,,82317,6,,,0,12,,78501,6,,,0,64,,65453,6,,,0,12,,82340,6,,,0,12,,82331,6,,,0,12,,82320,6,,,0,64,,82326,6,,,0,12,,82319,6,,,0,12,,82318,6,,,0,12,,78522,6,,,0,64,,65464,6,,,0,13,,78497,6,,,0,12,,82325,6,,,0,12,,82324,6,,,0,65,,78523,6,,,0,12,,82328,6,,,0,12,,82323,6,,,0,12,,78496,6,,,0,64,,82343,6,,,0,12,,78506,6,,,0,13,,78520,6,,,0,16,,82327,6,,,0,70,,82329,6,,,0,19,,78505,6,,,0,18,,78514,6,,,0,77,,82333,6,,,0,18,,78510,6,,,0,74,,82334,6,,,0,17,,82335,6,,,0,75,,78518,6,,,0,20,,82339,6,,,0,97,,78515,6,,,0,71,,82341,6,,,0,42,,78525,6,,,0
601,'5453',637,,82376,6,,,0,95,,82353,6,,,0,84,,82359,6,,,0,19,,82352,6,,,0,79,,82375,6,,,0,16,,82364,6,,,0,15,,82383,6,,,0,70,,82344,6,,,0,16,,78657,6,,,0,15,,82366,6,,,0,70,,82351,6,,,0,15,,78620,6,,,0,12,,82345,6,,,0,64,,82368,6,,,0,12,,82347,6,,,0,12,,82348,6,,,0,12,,82358,6,,,0,64,,82346,6,,,0,12,,78662,6,,,0,12,,82367,6,,,0,12,,82350,6,,,0,64,,82357,6,,,0,12,,78625,6,,,0,12,,82349,6,,,0,12,,78660,6,,,0,64,,78632,6,,,0,13,,82356,6,,,0,12,,78635,6,,,0,12,,78634,6,,,0,65,,82380,6,,,0,12,,82361,6,,,0,12,,82354,6,,,0,12,,82355,6,,,0,64,,82384,6,,,0,12,,82363,6,,,0,13,,82378,6,,,0,16,,82360,6,,,0,70,,82365,6,,,0,19,,82362,6,,,0,18,,82373,6,,,0,77,,82370,6,,,0,18,,82369,6,,,0,74,,82371,6,,,0,17,,82372,6,,,0,75,,82377,6,,,0,20,,82379,6,,,0,97,,82374,6,,,0,71,,82382,6,,,0,42,,82381,6,,,0
601,'5456',536,,89704,6,,,0,15,,89705,6,,,0,68,,89706,6,,,0,24,,89707,6,,,0,15,,89718,6,,,0,54,,89708,6,,,0,6,,89725,6,,,0,15,,89709,6,,,0,16,,89712,6,,,0,52,,89719,6,,,0,18,,89710,6,,,0,18,,89711,6,,,0,17,,89713,6,,,0,57,,89732,6,,,0,20,,89714,6,,,0,22,,89723,6,,,0,63,,89715,6,,,0,23,,89716,6,,,0,63,,89717,6,,,0,24,,89720,6,,,0,24,,89721,6,,,0,64,,89722,6,,,0,25,,89724,6,,,0,65,,89726,6,,,0,23,,89727,6,,,0,21,,89728,6,,,0,60,,89729,6,,,0,19,,89730,6,,,0,20,,89731,6,,,0,58,,89733,6,,,0,15,,89734,6,,,0,11,,89735,6,,,0,20,,89736,6,,,0,59,,89737,6,,,0,19,,89738,6,,,0,22,,89739,6,,,0,62,,89740,6,,,0,27,,89741,6,,,0,64,,89742,6,,,0,12,,89743,6,,,0,25,,89744,6,,,0,71,,89745,6,,,0,33,,89746,6,,,0,77,,89748,6,,,0,18,,89747,6,,,0,76,,89750,6,,,0,22,,89749,6,,,0,90,,89751,6,,,0,100,,89752,6,,,0,73,,89754,6,,,0,31,,89753,6,,,0
601,'5458',536,,89756,6,,,0,15,,89757,6,,,0,68,,89758,6,,,0,24,,89759,6,,,0,15,,89770,6,,,0,54,,89760,6,,,0,6,,89777,6,,,0,15,,89761,6,,,0,16,,89764,6,,,0,52,,89771,6,,,0,18,,89762,6,,,0,18,,89763,6,,,0,17,,89765,6,,,0,57,,89784,6,,,0,20,,89766,6,,,0,22,,89775,6,,,0,63,,89767,6,,,0,23,,89768,6,,,0,63,,89769,6,,,0,24,,89772,6,,,0,24,,89773,6,,,0,64,,89774,6,,,0,25,,89776,6,,,0,65,,89778,6,,,0,23,,89779,6,,,0,21,,89780,6,,,0,60,,89781,6,,,0,19,,89782,6,,,0,20,,89783,6,,,0,58,,89785,6,,,0,15,,89786,6,,,0,11,,89787,6,,,0,20,,89788,6,,,0,59,,89789,6,,,0,19,,89790,6,,,0,22,,89791,6,,,0,62,,89792,6,,,0,27,,89793,6,,,0,64,,89794,6,,,0,12,,89795,6,,,0,25,,89796,6,,,0,71,,89797,6,,,0,33,,89798,6,,,0,77,,89800,6,,,0,18,,89799,6,,,0,76,,89802,6,,,0,22,,89801,6,,,0,90,,89803,6,,,0,100,,89804,6,,,0,73,,89806,6,,,0,31,,89805,6,,,0,70,,89808,6,,,0,31,,89810,6,,,0,71,,89807,6,,,0,30,,89809,6,,,0
601,'5459',556,,89814,6,,,0,63,,89815,6,,,0,20,,89812,6,,,0,77,,89816,6,,,0,16,,89817,6,,,0,19,,89818,6,,,0,73,,89819,6,,,0,14,,89820,6,,,0,15,,89821,6,,,0,67,,89822,6,,,0,13,,89823,6,,,0,13,,89813,6,,,0,62,,89824,6,,,0,12,,89825,6,,,0,12,,89826,6,,,0,24,,89828,6,,,0,51,,89829,6,,,0,12,,89827,6,,,0,24,,89830,6,,,0,11,,89831,6,,,0,52,,89832,6,,,0,23,,89839,6,,,0,12,,89833,6,,,0,12,,89834,6,,,0,64,,89835,6,,,0,10,,89836,6,,,0,11,,89837,6,,,0,20,,89840,6,,,0,50,,89841,6,,,0,11,,89842,6,,,0,21,,89838,6,,,0,11,,89843,6,,,0,50,,89848,6,,,0,21,,89844,6,,,0,10,,89845,6,,,0,10,,89846,6,,,0,61,,89847,6,,,0,10,,89849,6,,,0,10,,89850,6,,,0,11,,89851,6,,,0,24,,89852,6,,,0,53,,89853,6,,,0,12,,89854,6,,,0,13,,89855,6,,,0,65,,89856,6,,,0,12,,89857,6,,,0,13,,89858,6,,,0,15,,89859,6,,,0,70,,89860,6,,,0,16,,89861,6,,,0,15,,89862,6,,,0,77,,89863,6,,,0,18,,89864,6,,,0,76,,89865,6,,,0,18,,89866,6,,,0,82,,89867,6,,,0,25,,89868,6,,,0,96,,89869,6,,,0,66,,89870,6,,,0,31,,89871,6,,,0,71,,89872,6,,,0,30,,89873,6,,,0,71,,89874,6,,,0,29,,89875,6,,,0
601,'5460',637,,89913,6,,,0,95,,89887,6,,,0,84,,89896,6,,,0,19,,89886,6,,,0,79,,89912,6,,,0,16,,89901,6,,,0,15,,89923,6,,,0,70,,89876,6,,,0,16,,89915,6,,,0,15,,89903,6,,,0,70,,89885,6,,,0,15,,89878,6,,,0,12,,89877,6,,,0,64,,89905,6,,,0,12,,89880,6,,,0,12,,89881,6,,,0,12,,89895,6,,,0,64,,89879,6,,,0,12,,89920,6,,,0,12,,89904,6,,,0,12,,89884,6,,,0,64,,89894,6,,,0,12,,89883,6,,,0,12,,89882,6,,,0,12,,89918,6,,,0,64,,89890,6,,,0,13,,89891,6,,,0,12,,89893,6,,,0,12,,89892,6,,,0,65,,89919,6,,,0,12,,89898,6,,,0,12,,89888,6,,,0,12,,89889,6,,,0,64,,89924,6,,,0,12,,89900,6,,,0,13,,89916,6,,,0,16,,89897,6,,,0,70,,89902,6,,,0,19,,89899,6,,,0,18,,89910,6,,,0,77,,89907,6,,,0,18,,89906,6,,,0,74,,89908,6,,,0,17,,89909,6,,,0,75,,89914,6,,,0,20,,89917,6,,,0,97,,89911,6,,,0,71,,89922,6,,,0,50,,89921,6,,,0
601,'5461',637,,89962,6,,,0,95,,89936,6,,,0,84,,89945,6,,,0,19,,89935,6,,,0,79,,89961,6,,,0,16,,89950,6,,,0,15,,89972,6,,,0,70,,89925,6,,,0,16,,89964,6,,,0,15,,89952,6,,,0,70,,89934,6,,,0,15,,89927,6,,,0,12,,89926,6,,,0,64,,89954,6,,,0,12,,89929,6,,,0,12,,89930,6,,,0,12,,89944,6,,,0,64,,89928,6,,,0,12,,89969,6,,,0,12,,89953,6,,,0,12,,89933,6,,,0,64,,89943,6,,,0,12,,89932,6,,,0,12,,89931,6,,,0,12,,89967,6,,,0,64,,89939,6,,,0,13,,89940,6,,,0,12,,89942,6,,,0,12,,89941,6,,,0,65,,89968,6,,,0,12,,89947,6,,,0,12,,89937,6,,,0,12,,89938,6,,,0,64,,89973,6,,,0,12,,89949,6,,,0,13,,89965,6,,,0,16,,89946,6,,,0,70,,89951,6,,,0,19,,89948,6,,,0,18,,89959,6,,,0,77,,89956,6,,,0,18,,89955,6,,,0,74,,89957,6,,,0,17,,89958,6,,,0,75,,89963,6,,,0,20,,89966,6,,,0,97,,89960,6,,,0,71,,89971,6,,,0,50,,89970,6,,,0
601,'5462',637,,90011,6,,,0,95,,89985,6,,,0,84,,89994,6,,,0,19,,89984,6,,,0,79,,90010,6,,,0,16,,89999,6,,,0,15,,90021,6,,,0,70,,89974,6,,,0,16,,90013,6,,,0,15,,90001,6,,,0,70,,89983,6,,,0,15,,89976,6,,,0,12,,89975,6,,,0,64,,90003,6,,,0,12,,89978,6,,,0,12,,89979,6,,,0,12,,89993,6,,,0,64,,89977,6,,,0,12,,90018,6,,,0,12,,90002,6,,,0,12,,89982,6,,,0,64,,89992,6,,,0,12,,89981,6,,,0,12,,89980,6,,,0,12,,90016,6,,,0,64,,89988,6,,,0,13,,89989,6,,,0,12,,89991,6,,,0,12,,89990,6,,,0,65,,90017,6,,,0,12,,89996,6,,,0,12,,89986,6,,,0,12,,89987,6,,,0,64,,90022,6,,,0,12,,89998,6,,,0,13,,90014,6,,,0,16,,89995,6,,,0,70,,90000,6,,,0,19,,89997,6,,,0,18,,90008,6,,,0,77,,90005,6,,,0,18,,90004,6,,,0,74,,90006,6,,,0,17,,90007,6,,,0,75,,90012,6,,,0,20,,90015,6,,,0,97,,90009,6,,,0,71,,90020,6,,,0,50,,90019,6,,,0
601,'5463',637,,90060,6,,,0,95,,90034,6,,,0,84,,90043,6,,,0,19,,90033,6,,,0,79,,90059,6,,,0,16,,90048,6,,,0,15,,90070,6,,,0,70,,90023,6,,,0,16,,90062,6,,,0,15,,90050,6,,,0,70,,90032,6,,,0,15,,90025,6,,,0,12,,90024,6,,,0,64,,90052,6,,,0,12,,90027,6,,,0,12,,90028,6,,,0,12,,90042,6,,,0,64,,90026,6,,,0,12,,90067,6,,,0,12,,90051,6,,,0,12,,90031,6,,,0,64,,90041,6,,,0,12,,90030,6,,,0,12,,90029,6,,,0,12,,90065,6,,,0,64,,90037,6,,,0,13,,90038,6,,,0,12,,90040,6,,,0,12,,90039,6,,,0,65,,90066,6,,,0,12,,90045,6,,,0,12,,90035,6,,,0,12,,90036,6,,,0,64,,90071,6,,,0,12,,90047,6,,,0,13,,90063,6,,,0,16,,90044,6,,,0,70,,90049,6,,,0,19,,90046,6,,,0,18,,90057,6,,,0,77,,90054,6,,,0,18,,90053,6,,,0,74,,90055,6,,,0,17,,90056,6,,,0,75,,90061,6,,,0,20,,90064,6,,,0,97,,90058,6,,,0,71,,90069,6,,,0,50,,90068,6,,,0
1000601,'4832',707,,81796,14,,,0,50,,87346,14,,,0,97,,87339,14,,,0,146,,87342,14,,,0,101,,81789,14,,,0,54,,87348,14,,,0,100,,87340,14,,,0,100,,81792,14,,,0,100,,87344,14,,,0,101,,87343,14,,,0,101,,87341,14,,,0,149,,81797,14,,,0,110,,87345,14,,,0,93,,81800,14,,,0,91,,81799,14,,,0,108,,87347,14,,,0
1000601,'5453',707,,87356,14,,,0,50,,87361,14,,,0,97,,87350,14,,,0,146,,87354,14,,,0,101,,87349,14,,,0,54,,81852,14,,,0,100,,87351,14,,,0,100,,87352,14,,,0,100,,81846,14,,,0,101,,87355,14,,,0,101,,87353,14,,,0,149,,87357,14,,,0,110,,87358,14,,,0,93,,87360,14,,,0,91,,87359,14,,,0,108,,87362,14,,,0
1000601,'5456',605,,103577,14,,,0,47,,103581,14,,,0,73,,103587,14,,,0,29,,103578,14,,,0,74,,103584,14,,,0,75,,103579,14,,,0,39,,103580,14,,,0,86,,103582,14,,,0,86,,103585,14,,,0,88,,103583,14,,,0,50,,103586,14,,,0,86,,103589,14,,,0,80,,103591,14,,,0,39,,103588,14,,,0,85,,103590,14,,,0,76,,103592,14,,,0,84,,103593,14,,,0,49,,103594,14,,,0,105,,103595,14,,,0,147,,103596,14,,,0,55,,103597,14,,,0,100,,103598,14,,,0,100,,103599,14,,,0
1000601,'5458',605,,103600,14,,,0,47,,103604,14,,,0,73,,103610,14,,,0,29,,103601,14,,,0,74,,103607,14,,,0,75,,103602,14,,,0,39,,103603,14,,,0,86,,103605,14,,,0,86,,103608,14,,,0,88,,103606,14,,,0,50,,103609,14,,,0,86,,103612,14,,,0,80,,103614,14,,,0,39,,103611,14,,,0,85,,103613,14,,,0,76,,103615,14,,,0,84,,103616,14,,,0,49,,103617,14,,,0,105,,103618,14,,,0,147,,103619,14,,,0,55,,103620,14,,,0,100,,103621,14,,,0,100,,103622,14,,,0
1000601,'5459',659,,103623,14,,,0,149,,103624,14,,,0,99,,103625,14,,,0,49,,103626,14,,,0,88,,103627,14,,,0,87,,103628,14,,,0,87,,103629,14,,,0,88,,103630,14,,,0,42,,103632,14,,,0,82,,103631,14,,,0,82,,103633,14,,,0,42,,103634,14,,,0,93,,103635,14,,,0,101,,103636,14,,,0,109,,103637,14,,,0,143,,103638,14,,,0,54,,103639,14,,,0,99,,103640,14,,,0,150,,103641,14,,,0
1000601,'5460',707,,103649,14,,,0,50,,103655,14,,,0,97,,103643,14,,,0,146,,103647,14,,,0,101,,103642,14,,,0,54,,103657,14,,,0,100,,103644,14,,,0,100,,103645,14,,,0,100,,103651,14,,,0,101,,103648,14,,,0,101,,103646,14,,,0,149,,103650,14,,,0,110,,103652,14,,,0,93,,103654,14,,,0,91,,103653,14,,,0,108,,103656,14,,,0
1000601,'5461',707,,103665,14,,,0,50,,103671,14,,,0,97,,103659,14,,,0,146,,103663,14,,,0,101,,103658,14,,,0,54,,103673,14,,,0,100,,103660,14,,,0,100,,103661,14,,,0,100,,103667,14,,,0,101,,103664,14,,,0,101,,103662,14,,,0,149,,103666,14,,,0,110,,103668,14,,,0,93,,103670,14,,,0,91,,103669,14,,,0,108,,103672,14,,,0
1000601,'5462',707,,103681,14,,,0,50,,103687,14,,,0,97,,103675,14,,,0,146,,103679,14,,,0,101,,103674,14,,,0,54,,103689,14,,,0,100,,103676,14,,,0,100,,103677,14,,,0,100,,103683,14,,,0,101,,103680,14,,,0,101,,103678,14,,,0,149,,103682,14,,,0,110,,103684,14,,,0,93,,103686,14,,,0,91,,103685,14,,,0,108,,103688,14,,,0
1000601,'5463',707,,103697,14,,,0,50,,103703,14,,,0,97,,103691,14,,,0,146,,103695,14,,,0,101,,103690,14,,,0,54,,103705,14,,,0,100,,103692,14,,,0,100,,103693,14,,,0,100,,103699,14,,,0,101,,103696,14,,,0,101,,103694,14,,,0,149,,103698,14,,,0,110,,103700,14,,,0,93,,103702,14,,,0,91,,103701,14,,,0,108,,103704,14,,,0
2000601,'5456',631,,103898,9,,,0,74,,103897,9,,,0,37,,103909,9,,,0,68,,103900,9,,,0,36,,103907,9,,,0,73,,103899,9,,,0,87,,103901,9,,,0,46,,103902,9,,,0,86,,103903,9,,,0,89,,103904,9,,,0,89,,103905,9,,,0,42,,103906,9,,,0,79,,103908,9,,,0,77,,103911,9,,,0,87,,103910,9,,,0,40,,103912,9,,,0,86,,103913,9,,,0,102,,103914,9,,,0,98,,103915,9,,,0
2000601,'5458',631,,103917,9,,,0,74,,103916,9,,,0,37,,103928,9,,,0,68,,103919,9,,,0,36,,103926,9,,,0,73,,103918,9,,,0,87,,103920,9,,,0,46,,103921,9,,,0,86,,103922,9,,,0,89,,103923,9,,,0,89,,103924,9,,,0,42,,103925,9,,,0,79,,103927,9,,,0,77,,103930,9,,,0,87,,103929,9,,,0,40,,103931,9,,,0,86,,103932,9,,,0,102,,103933,9,,,0,98,,103934,9,,,0
